200
20	5
157	17.6
28	27	31	29	29	27	28	26	26	31	27	26	31	26	31	29	31	29	31	26	26	29	30	29	27	27	27	28	28	29	29	26	29	30	31	31	27	27	28	29	27	28	28	28	26	27	31	28	26	28	27	26	29	29	27	26	31	29	29	31	27	28	30	28	30	31	31	31	28	29	30	31	26	28	31	31	31	28	27	28	27	30	28	26	29	29	27	31	30	31	30	27	29	31	27	26	27	30	30	30	30	26	27	27	28	31	28	29	27	27	30	26	28	30	27	27	29	29	31	26	28	30	30	27	27	30	27	26	30	27	26	26	26	30	27	31	28	27	27	28	29	27	29	29	26	27	29	29	26	31	26	28	31	31	28	27	27	30	31	30	31	26	27	29	30	28	26	28	26	27	28	27	30	27	28	26	27	28	29	28	27	29	31	27	31	30	31	27	28	29	30	27	26	29	28	29	28	27	30	28	
93	87	80	86	80	83	93	89	78	79	86	94	89	76	92	78	91	77	79	94	80	76	78	92	94	92	85	87	92	77	91	86	85	93	83	94	88	79	81	91	81	85	81	89	85	88	80	84	78	76	82	93	86	85	82	79	83	89	90	83	79	82	78	80	79	80	92	86	90	84	84	83	93	79	85	80	91	94	88	77	93	79	81	80	88	83	92	84	94	80	92	76	77	79	89	87	87	88	76	92	78	78	85	86	91	83	80	82	79	89	80	83	91	86	92	84	78	77	86	76	77	92	94	90	92	81	91	89	91	82	77	90	78	81	77	89	78	87	82	83	89	90	91	93	78	91	82	80	77	77	91	80	89	85	80	76	94	87	91	88	85	77	85	77	94	92	86	83	86	86	81	86	87	88	82	81	89	82	89	76	80	90	80	91	78	87	80	87	79	90	77	91	79	83	79	93	89	76	94	82	
14.3	16.5	23.1	26.4	19.8	14.3	25.3	29.7	16.5	27.5	23.1	31.9	16.5	18.7	18.7	22	23.1	29.7	22	28.6	20.9	17.6	30.8	20.9	25.3	33	27.5	28.6	27.5	30.8	29.7	18.7	30.8	19.8	23.1	31.9	31.9	22	14.3	24.2	13.2	12.1	17.6	14.3	33	26.4	24.2	31.9	18.7	15.4	14.3	24.2	15.4	16.5	24.2	23.1	33	16.5	29.7	28.6	28.6	33	17.6	20.9	33	24.2	30.8	25.3	24.2	26.4	27.5	24.2	18.7	29.7	27.5	22	29.7	28.6	31.9	28.6	22	33	24.2	30.8	14.3	15.4	24.2	20.9	13.2	24.2	12.1	12.1	15.4	19.8	16.5	31.9	18.7	30.8	11	30.8	25.3	14.3	24.2	31.9	17.6	33	33	12.1	17.6	27.5	14.3	14.3	11	22	17.6	20.9	13.2	18.7	28.6	16.5	13.2	13.2	26.4	11	18.7	33	27.5	17.6	29.7	13.2	12.1	31.9	30.8	19.8	11	27.5	15.4	31.9	20.9	15.4	24.2	31.9	13.2	12.1	28.6	14.3	20.9	18.7	23.1	19.8	15.4	29.7	31.9	29.7	18.7	31.9	29.7	11	22	29.7	12.1	13.2	18.7	19.8	27.5	24.2	31.9	27.5	15.4	19.8	18.7	31.9	25.3	20.9	15.4	19.8	33	11	27.5	31.9	12.1	26.4	26.4	26.4	27.5	26.4	12.1	22	19.8	14.3	15.4	29.7	13.2	14.3	13.2	17.6	11	24.2	14.3	30.8	
24.2	31.9	22	11	11	15.4	29.7	25.3	31.9	26.4	31.9	17.6	25.3	25.3	13.2	22	18.7	12.1	15.4	16.5	12.1	25.3	11	23.1	15.4	20.9	22	28.6	20.9	20.9	31.9	15.4	24.2	14.3	15.4	23.1	23.1	11	24.2	25.3	27.5	20.9	11	15.4	23.1	14.3	19.8	13.2	29.7	30.8	22	18.7	26.4	33	24.2	20.9	20.9	13.2	26.4	16.5	12.1	29.7	17.6	14.3	13.2	31.9	31.9	31.9	24.2	18.7	28.6	27.5	11	25.3	16.5	15.4	12.1	22	11	19.8	29.7	20.9	12.1	30.8	25.3	22	23.1	15.4	14.3	33	23.1	30.8	16.5	33	33	14.3	20.9	25.3	17.6	17.6	15.4	25.3	20.9	16.5	13.2	26.4	19.8	31.9	13.2	22	15.4	26.4	14.3	27.5	11	31.9	13.2	13.2	15.4	31.9	31.9	15.4	12.1	23.1	30.8	23.1	12.1	23.1	12.1	25.3	30.8	31.9	20.9	25.3	14.3	14.3	26.4	15.4	19.8	18.7	29.7	15.4	29.7	12.1	18.7	27.5	11	17.6	12.1	25.3	24.2	16.5	25.3	27.5	12.1	18.7	11	30.8	18.7	27.5	25.3	13.2	16.5	12.1	13.2	20.9	23.1	15.4	29.7	27.5	29.7	16.5	16.5	12.1	15.4	18.7	11	33	19.8	33	33	11	28.6	19.8	23.1	16.5	17.6	13.2	18.7	13.2	27.5	20.9	12.1	25.3	25.3	31.9	25.3	13.2	24.2	23.1	
23.1	19.8	15.4	25.3	23.1	13.2	12.1	18.7	16.5	27.5	22	15.4	33	29.7	14.3	13.2	11	30.8	17.6	20.9	
14	15	11	12	18	17	12	12	12	14	13	15	10	11	20	10	11	10	18	20	20	16	11	19	17	16	13	20	13	13	13	13	14	11	10	10	12	20	18	13	12	18	20	20	13	15	14	12	16	18	15	13	12	19	12	17	10	15	17	11	15	17	14	15	14	12	11	11	15	10	19	12	19	15	15	11	11	19	12	15	17	19	11	18	12	13	17	20	18	16	20	15	15	18	17	19	13	11	14	16	14	20	20	15	11	16	13	14	11	15	18	16	10	10	15	11	20	17	17	12	14	15	13	10	10	15	11	16	14	18	13	15	17	14	10	16	19	13	19	14	12	16	14	13	12	20	16	15	11	16	16	13	19	19	10	15	14	11	18	10	16	14	11	19	18	12	17	18	11	12	14	17	11	17	11	15	14	20	15	14	18	13	15	10	11	13	13	13	18	15	14	17	20	19	18	10	11	18	18	17	
1	1	1	1	1	1	1	1	1	1	1	1	1	1	2	2	2	2	2	2	2	2	2	2	2	2	2	2	3	3	3	3	3	3	3	3	3	3	3	3	3	3	3	4	4	4	4	4	4	4	4	5	5	5	5	5	5	5	5	5	5	6	6	6	6	6	6	6	6	6	7	7	7	7	7	7	7	7	7	7	7	7	7	7	7	8	8	8	8	8	8	9	9	9	9	9	10	10	10	10	10	10	10	10	10	10	11	11	11	11	11	11	11	11	11	11	11	12	12	12	12	12	12	12	12	12	12	12	12	12	13	13	13	13	13	13	13	13	13	13	14	14	14	14	14	14	14	14	14	14	14	14	15	15	15	15	15	16	16	16	16	16	16	16	16	16	17	17	17	17	17	17	17	17	17	17	18	18	18	18	19	19	19	19	19	19	19	19	19	19	20	20	20	20	20	20	20	20	20	20	
