100
20	4
77	11
27	28	27	29	29	30	28	28	30	30	29	28	31	31	28	26	31	31	31	27	31	30	27	30	30	31	30	29	29	29	29	26	29	28	27	27	27	27	28	26	26	30	28	26	30	26	30	29	26	30	28	28	31	27	27	27	28	30	28	31	27	29	30	31	30	29	28	26	29	29	29	29	28	26	28	28	30	30	26	26	28	26	29	26	29	28	29	30	31	27	28	30	27	29	29	30	27	28	26	27	
78	78	78	83	89	89	77	81	92	86	89	88	92	87	85	93	80	81	86	91	78	88	76	84	80	87	80	94	91	85	76	90	86	89	81	84	80	78	80	82	80	77	89	78	90	79	90	90	85	76	87	94	84	89	78	89	90	86	89	82	90	94	89	82	77	81	80	79	93	92	94	94	76	76	78	91	80	79	82	78	79	87	79	89	92	93	82	89	79	88	82	76	83	90	82	88	89	84	88	87	
27.5	20.9	30.8	33	15.4	17.6	31.9	33	27.5	16.5	29.7	11	22	22	14.3	29.7	16.5	30.8	15.4	24.2	13.2	17.6	19.8	31.9	22	15.4	14.3	14.3	16.5	19.8	27.5	16.5	13.2	29.7	23.1	11	27.5	30.8	28.6	31.9	19.8	19.8	26.4	20.9	29.7	30.8	33	22	22	16.5	27.5	30.8	31.9	24.2	11	28.6	15.4	11	22	33	22	16.5	28.6	26.4	11	15.4	11	26.4	13.2	26.4	30.8	17.6	18.7	11	33	20.9	13.2	20.9	22	31.9	12.1	30.8	11	30.8	25.3	33	33	31.9	22	13.2	33	28.6	28.6	22	29.7	33	19.8	33	24.2	24.2	
17.6	17.6	28.6	23.1	23.1	16.5	11	12.1	30.8	33	27.5	23.1	29.7	24.2	27.5	22	22	31.9	26.4	15.4	28.6	12.1	19.8	22	20.9	16.5	12.1	18.7	12.1	22	18.7	28.6	18.7	17.6	20.9	22	15.4	14.3	26.4	20.9	26.4	28.6	15.4	15.4	28.6	25.3	31.9	17.6	14.3	33	18.7	13.2	20.9	17.6	27.5	26.4	25.3	15.4	17.6	11	16.5	25.3	20.9	29.7	27.5	17.6	14.3	17.6	14.3	24.2	18.7	11	20.9	20.9	24.2	17.6	30.8	19.8	22	11	31.9	31.9	20.9	33	15.4	28.6	31.9	29.7	31.9	26.4	16.5	19.8	16.5	22	31.9	17.6	30.8	12.1	25.3	24.2	
11	15.4	29.7	22	20.9	15.4	17.6	33	26.4	33	29.7	27.5	16.5	23.1	20.9	22	28.6	28.6	33	24.2	
12	12	18	17	20	20	19	13	10	17	20	11	12	10	10	12	17	12	17	12	20	17	20	11	10	13	13	12	18	12	15	16	17	15	12	16	13	18	12	17	18	12	20	12	16	11	13	20	10	17	13	17	20	16	14	13	18	11	12	15	17	13	20	17	17	11	10	12	16	18	19	12	20	20	20	16	18	12	16	15	16	10	19	18	19	15	19	10	13	11	15	13	13	18	12	11	18	14	16	12	
1	1	1	1	1	1	1	1	1	1	2	2	2	3	3	3	4	4	4	4	4	5	5	5	5	5	5	6	6	6	6	6	6	6	7	7	7	7	7	7	8	8	8	8	8	8	9	9	9	10	10	10	10	10	10	11	11	11	12	12	12	13	13	13	13	13	13	13	13	13	14	14	14	15	15	15	15	15	15	16	17	17	17	18	18	18	18	18	18	18	19	19	19	20	20	20	20	20	20	20	
