400
30	5
216	16.5
31	26	30	27	31	28	26	27	29	29	27	27	27	27	31	29	31	30	29	28	30	30	27	29	29	27	29	30	27	27	29	26	28	30	28	29	29	28	26	27	29	29	29	28	31	30	30	30	26	28	29	27	31	28	28	27	27	31	27	27	30	29	26	28	30	27	30	30	28	27	28	29	29	31	26	28	28	28	29	31	31	29	28	27	31	31	29	27	30	29	27	26	31	26	29	26	30	26	27	29	29	26	30	31	29	29	28	30	28	26	27	26	29	31	27	29	29	28	30	31	27	31	26	28	26	27	26	29	29	29	29	29	28	27	27	27	29	31	27	26	28	31	29	27	26	26	27	26	29	30	31	30	27	28	28	28	31	27	27	26	26	27	27	29	27	31	31	31	28	28	26	28	27	28	29	30	30	30	31	26	30	30	31	27	31	29	26	30	30	31	27	28	27	26	27	31	30	29	26	29	29	30	30	31	29	31	31	27	31	27	30	31	31	31	30	29	27	27	27	31	31	26	31	28	29	29	28	26	31	29	27	29	31	28	26	26	27	26	29	29	26	28	28	31	30	29	28	30	29	29	28	28	31	30	27	26	30	31	29	26	27	27	27	31	31	29	31	31	29	29	30	31	28	30	27	29	30	26	28	29	31	27	26	27	28	27	29	30	31	27	30	26	26	28	29	31	31	30	31	27	30	31	27	28	29	29	31	30	27	29	27	26	29	28	31	29	27	28	30	28	31	26	30	30	27	27	28	30	27	27	27	30	27	31	27	28	27	27	28	26	30	30	31	27	27	31	30	27	31	27	28	30	26	30	29	28	29	27	26	28	28	28	26	27	27	31	28	29	26	30	29	31	28	29	31	31	26	30	26	26	27	29	27	27	27	26	26	31	29	29	31	29	29	31	29	30	29	30	29	28	
91	84	82	93	86	84	87	78	80	85	86	83	93	81	77	79	81	81	83	94	82	82	91	76	78	84	77	91	82	80	81	77	87	77	77	80	89	83	77	85	90	81	76	90	92	80	93	89	81	82	88	83	88	77	82	81	83	79	79	82	85	92	77	78	90	81	80	82	92	86	82	93	87	86	80	76	77	87	91	77	92	82	93	83	76	94	89	83	92	88	87	81	80	90	90	89	78	78	78	92	88	90	87	89	89	82	87	93	81	77	92	92	94	89	81	90	92	82	88	87	82	88	93	83	78	85	87	79	88	84	79	90	87	82	93	80	76	81	82	76	90	76	83	86	87	81	79	93	80	90	93	94	79	76	92	81	77	79	92	88	86	84	87	89	86	85	90	85	93	81	83	87	91	86	87	79	85	76	86	89	92	91	88	86	89	87	83	90	88	83	91	87	77	85	91	77	90	80	89	86	83	81	90	92	93	80	87	91	91	79	94	85	86	90	92	87	85	78	87	88	76	83	94	90	82	77	80	88	82	82	91	82	91	85	84	93	84	94	90	80	93	88	80	87	92	91	94	86	91	76	86	86	80	84	83	94	92	91	79	88	84	80	91	84	88	79	78	93	77	82	80	90	91	89	84	78	86	87	92	78	89	77	81	91	80	84	82	88	87	90	79	78	91	82	81	82	87	86	80	93	82	82	83	79	77	91	77	77	80	90	94	92	87	76	94	79	78	84	90	89	86	92	92	94	80	76	88	82	94	78	94	76	85	88	77	88	93	79	79	81	78	82	86	87	80	86	85	76	87	93	90	83	87	79	92	88	86	93	85	84	84	76	84	81	93	89	84	84	88	85	90	90	88	87	81	89	93	81	79	83	94	90	90	85	87	87	77	91	86	76	90	79	92	86	83	83	91	90	91	83	
20.9	23.1	24.2	15.4	15.4	15.4	26.4	27.5	28.6	12.1	11	31.9	30.8	14.3	31.9	33	18.7	12.1	14.3	12.1	18.7	22	13.2	25.3	27.5	31.9	13.2	28.6	22	20.9	22	12.1	15.4	24.2	33	11	13.2	11	28.6	19.8	29.7	14.3	19.8	14.3	25.3	12.1	23.1	29.7	27.5	29.7	31.9	16.5	14.3	28.6	29.7	18.7	30.8	19.8	13.2	22	29.7	13.2	14.3	22	19.8	29.7	30.8	13.2	31.9	24.2	15.4	18.7	26.4	27.5	22	18.7	27.5	30.8	12.1	11	27.5	24.2	14.3	19.8	27.5	30.8	31.9	25.3	30.8	23.1	12.1	23.1	22	31.9	33	31.9	20.9	18.7	14.3	27.5	30.8	13.2	16.5	20.9	33	17.6	20.9	27.5	15.4	12.1	25.3	22	24.2	15.4	24.2	33	26.4	24.2	12.1	22	12.1	13.2	11	15.4	25.3	29.7	28.6	17.6	11	27.5	18.7	31.9	17.6	13.2	26.4	26.4	25.3	17.6	19.8	28.6	22	17.6	13.2	23.1	30.8	11	30.8	12.1	12.1	26.4	23.1	25.3	26.4	18.7	15.4	19.8	23.1	23.1	12.1	11	23.1	25.3	12.1	16.5	12.1	23.1	25.3	16.5	22	30.8	19.8	27.5	14.3	12.1	18.7	25.3	12.1	15.4	26.4	30.8	22	29.7	22	24.2	31.9	28.6	22	31.9	28.6	33	24.2	16.5	11	22	14.3	26.4	18.7	20.9	17.6	13.2	27.5	17.6	31.9	14.3	20.9	13.2	16.5	31.9	23.1	18.7	18.7	30.8	25.3	22	24.2	16.5	15.4	31.9	30.8	22	23.1	33	27.5	11	31.9	13.2	18.7	22	28.6	16.5	22	19.8	31.9	27.5	14.3	25.3	20.9	16.5	11	14.3	30.8	18.7	20.9	30.8	30.8	22	12.1	16.5	28.6	25.3	14.3	23.1	17.6	13.2	30.8	14.3	23.1	11	25.3	19.8	14.3	12.1	20.9	17.6	20.9	15.4	25.3	11	28.6	30.8	25.3	33	33	33	24.2	25.3	14.3	31.9	19.8	16.5	22	26.4	26.4	18.7	12.1	16.5	12.1	16.5	23.1	17.6	23.1	12.1	22	22	33	17.6	26.4	23.1	12.1	26.4	31.9	18.7	26.4	11	16.5	30.8	13.2	11	30.8	29.7	19.8	22	25.3	33	14.3	28.6	29.7	28.6	23.1	12.1	28.6	25.3	19.8	15.4	28.6	14.3	15.4	23.1	33	18.7	23.1	14.3	22	23.1	15.4	25.3	27.5	22	22	33	16.5	11	19.8	22	23.1	25.3	28.6	16.5	15.4	18.7	31.9	16.5	18.7	33	20.9	28.6	11	30.8	30.8	22	16.5	22	22	24.2	14.3	26.4	27.5	20.9	12.1	19.8	27.5	24.2	24.2	12.1	23.1	25.3	31.9	20.9	17.6	27.5	30.8	19.8	24.2	13.2	12.1	18.7	23.1	30.8	22	29.7	22	19.8	26.4	23.1	26.4	33	13.2	26.4	31.9	16.5	
25.3	18.7	20.9	15.4	25.3	31.9	30.8	15.4	31.9	15.4	20.9	31.9	23.1	26.4	26.4	19.8	17.6	11	30.8	18.7	30.8	11	28.6	30.8	15.4	14.3	26.4	22	31.9	15.4	12.1	28.6	28.6	12.1	33	13.2	33	20.9	23.1	14.3	19.8	11	20.9	17.6	30.8	11	20.9	19.8	13.2	22	16.5	14.3	24.2	26.4	13.2	16.5	15.4	23.1	12.1	29.7	25.3	22	13.2	33	16.5	18.7	16.5	18.7	13.2	15.4	16.5	22	13.2	16.5	15.4	16.5	14.3	30.8	29.7	31.9	23.1	11	13.2	27.5	28.6	18.7	29.7	29.7	18.7	31.9	23.1	15.4	19.8	25.3	30.8	13.2	16.5	16.5	27.5	30.8	25.3	13.2	14.3	14.3	12.1	16.5	33	28.6	30.8	27.5	15.4	31.9	15.4	12.1	23.1	27.5	28.6	25.3	14.3	24.2	17.6	14.3	24.2	29.7	14.3	14.3	31.9	24.2	12.1	22	26.4	33	22	22	23.1	15.4	24.2	29.7	28.6	13.2	29.7	22	16.5	13.2	28.6	24.2	28.6	31.9	31.9	16.5	11	30.8	12.1	11	20.9	24.2	11	24.2	24.2	15.4	31.9	22	14.3	17.6	12.1	16.5	25.3	25.3	13.2	24.2	11	25.3	20.9	18.7	31.9	18.7	16.5	14.3	13.2	14.3	11	29.7	15.4	18.7	20.9	31.9	30.8	26.4	14.3	30.8	29.7	17.6	22	23.1	19.8	18.7	15.4	29.7	24.2	19.8	24.2	26.4	13.2	11	22	33	27.5	26.4	25.3	15.4	11	15.4	29.7	26.4	31.9	22	18.7	30.8	33	11	11	25.3	33	20.9	19.8	33	15.4	18.7	13.2	19.8	20.9	11	12.1	11	11	17.6	24.2	26.4	25.3	19.8	13.2	29.7	24.2	20.9	27.5	19.8	13.2	18.7	13.2	18.7	26.4	11	28.6	14.3	11	25.3	25.3	24.2	12.1	33	28.6	27.5	25.3	26.4	11	15.4	12.1	18.7	24.2	28.6	12.1	19.8	24.2	29.7	17.6	25.3	13.2	23.1	30.8	23.1	16.5	11	22	11	27.5	13.2	17.6	26.4	15.4	13.2	14.3	20.9	18.7	26.4	12.1	18.7	28.6	25.3	25.3	27.5	28.6	17.6	12.1	25.3	18.7	15.4	13.2	24.2	20.9	18.7	18.7	30.8	29.7	20.9	15.4	27.5	16.5	30.8	16.5	14.3	14.3	17.6	19.8	15.4	28.6	30.8	27.5	15.4	30.8	23.1	28.6	12.1	14.3	17.6	24.2	29.7	15.4	13.2	24.2	14.3	24.2	15.4	23.1	11	16.5	19.8	30.8	26.4	14.3	27.5	24.2	20.9	16.5	11	20.9	19.8	26.4	16.5	20.9	33	12.1	13.2	30.8	17.6	22	30.8	27.5	31.9	20.9	23.1	22	12.1	18.7	29.7	27.5	28.6	20.9	18.7	20.9	20.9	31.9	23.1	27.5	19.8	26.4	25.3	16.5	17.6	24.2	20.9	17.6	26.4	17.6	19.8	14.3	20.9	27.5	27.5	23.1	26.4	
13.2	22	18.7	25.3	30.8	24.2	19.8	30.8	14.3	27.5	29.7	24.2	13.2	15.4	16.5	25.3	15.4	25.3	25.3	11	22	29.7	12.1	24.2	26.4	28.6	33	17.6	30.8	20.9	
20	20	20	19	12	15	18	14	11	12	12	12	19	13	17	14	10	11	14	13	13	14	18	12	17	11	19	13	17	18	10	14	19	10	19	15	11	15	19	16	12	18	12	14	15	18	10	15	15	14	14	13	13	19	13	19	11	10	15	17	12	17	19	20	10	19	18	12	20	19	15	10	19	17	12	12	18	17	10	15	17	10	13	10	15	15	19	17	16	14	12	16	17	14	18	10	12	19	13	15	10	13	19	17	17	11	15	20	19	14	17	11	10	11	19	18	11	12	13	17	12	16	17	16	16	19	15	17	11	14	14	17	11	19	15	14	12	11	15	14	12	18	16	17	14	18	11	10	11	10	11	15	13	16	16	11	16	18	16	18	20	11	16	14	16	15	20	14	11	17	10	17	10	10	11	12	11	20	13	17	15	15	19	20	19	10	11	19	18	20	12	20	18	15	19	15	11	12	11	16	16	18	15	17	13	13	12	18	17	14	12	13	10	13	19	18	10	10	13	19	13	10	19	15	20	15	11	15	12	12	11	14	15	10	11	16	19	10	19	10	19	12	15	20	11	15	16	10	11	15	13	10	19	20	18	17	16	12	11	17	10	11	20	17	13	17	11	13	17	20	15	11	20	18	18	10	13	19	18	16	13	12	17	19	14	18	15	11	14	20	18	19	18	19	13	19	17	18	11	13	17	17	11	16	10	19	19	16	15	17	19	15	18	16	14	17	16	16	12	15	19	11	14	20	20	16	17	12	11	19	17	19	11	10	10	10	10	10	10	10	12	20	10	10	12	10	14	19	10	18	14	14	14	14	12	18	17	19	12	18	16	14	19	14	20	11	18	19	18	10	12	15	14	17	17	16	15	13	17	18	18	14	10	19	17	19	19	19	18	10	19	12	13	18	11	17	12	15	19	20	
1	1	1	1	1	1	1	1	1	2	2	2	2	2	2	2	2	2	2	2	2	2	2	2	3	3	3	3	3	3	3	3	3	3	3	3	4	4	4	4	4	4	4	4	4	4	4	4	5	5	5	5	5	5	5	5	5	5	5	5	6	6	6	6	6	6	6	6	6	6	6	7	7	7	7	7	7	7	7	7	7	7	7	7	7	7	7	7	7	8	8	8	8	8	8	8	8	8	8	8	8	8	8	8	9	9	9	9	9	9	9	9	9	9	9	9	9	9	9	10	10	10	10	10	10	10	10	10	10	10	10	10	11	11	11	11	11	11	11	11	11	11	11	11	11	11	11	11	11	11	12	12	12	12	12	12	12	12	12	12	12	12	12	12	12	12	12	12	13	13	13	13	13	13	13	13	13	13	14	14	14	14	14	14	15	15	15	15	15	15	16	16	16	16	16	16	16	16	16	16	16	17	17	17	17	17	17	17	17	17	17	17	18	18	18	18	18	18	18	18	18	18	18	18	18	18	18	18	18	18	19	19	19	19	19	19	19	19	19	19	19	19	19	19	20	20	20	20	20	20	20	20	20	20	21	21	21	21	21	21	21	21	21	21	21	21	21	21	21	22	22	22	22	22	22	22	22	22	22	22	22	22	22	22	22	22	23	23	23	23	23	23	23	23	23	23	23	23	23	23	24	24	24	24	24	24	24	24	24	24	24	24	24	24	24	24	24	25	25	25	25	25	25	25	25	25	25	25	25	25	25	25	26	26	26	26	26	26	26	26	26	26	27	27	27	27	27	27	27	27	27	27	27	27	27	27	27	27	27	27	27	28	28	28	28	28	28	28	28	28	28	28	28	29	29	29	29	29	29	29	29	29	29	29	29	29	29	29	29	30	30	30	30	30	30	30	30	30	30	30	
