200
30	6
108	13.2
28	30	30	29	31	29	28	26	28	31	30	31	29	28	28	30	31	30	29	26	27	26	31	30	27	26	27	31	27	26	28	31	28	26	30	30	26	30	27	29	28	27	30	28	31	26	28	31	29	30	26	27	29	26	29	29	26	30	27	28	27	26	30	30	30	29	29	26	30	27	30	28	29	29	27	27	29	28	30	27	29	29	31	30	31	29	28	28	27	27	31	27	26	26	30	28	26	30	30	29	28	29	28	28	30	28	31	31	31	29	30	30	29	28	26	31	28	30	31	26	26	28	27	26	28	27	27	28	29	31	28	28	27	27	29	26	30	31	29	30	27	30	29	28	26	27	27	31	27	26	31	26	28	28	31	28	31	30	27	26	29	31	30	29	30	28	26	30	26	29	26	26	31	30	26	31	29	27	31	28	28	31	29	28	27	27	30	30	28	31	30	30	30	31	30	29	31	26	29	26	
92	85	84	77	88	90	79	92	80	84	79	83	92	92	86	89	92	87	86	77	93	85	91	84	89	87	88	92	77	80	87	92	89	86	84	91	93	81	82	88	81	82	78	85	79	92	90	83	88	85	90	92	78	89	83	79	88	86	84	78	82	85	93	93	85	91	81	94	77	77	79	87	93	89	89	84	76	90	77	76	77	84	94	79	92	93	88	85	82	84	84	93	76	85	84	90	86	94	84	90	91	80	78	82	94	92	83	77	87	77	83	81	84	90	84	85	93	81	93	86	78	83	85	92	92	78	80	81	92	90	82	79	81	84	80	83	82	80	80	89	83	88	87	81	88	88	84	94	77	87	89	81	86	85	82	88	79	92	91	81	86	85	83	81	86	94	87	84	94	78	94	81	86	78	78	94	94	77	77	89	93	80	82	88	76	86	77	80	94	83	80	77	90	93	89	76	78	83	79	88	
28.6	17.6	16.5	33	11	17.6	27.5	33	29.7	31.9	28.6	33	20.9	16.5	26.4	28.6	13.2	31.9	17.6	15.4	23.1	29.7	14.3	12.1	16.5	33	14.3	26.4	13.2	23.1	22	12.1	22	31.9	19.8	30.8	31.9	15.4	29.7	29.7	20.9	12.1	12.1	29.7	24.2	18.7	14.3	29.7	15.4	18.7	29.7	12.1	18.7	20.9	19.8	22	13.2	31.9	11	22	30.8	29.7	12.1	26.4	15.4	15.4	18.7	30.8	16.5	22	24.2	18.7	25.3	20.9	18.7	25.3	14.3	12.1	18.7	15.4	25.3	33	22	25.3	25.3	24.2	28.6	11	20.9	16.5	11	17.6	20.9	30.8	31.9	24.2	23.1	22	17.6	33	25.3	29.7	20.9	13.2	28.6	33	17.6	24.2	33	25.3	19.8	22	11	31.9	28.6	22	14.3	26.4	30.8	11	24.2	24.2	14.3	16.5	13.2	18.7	24.2	11	11	33	30.8	29.7	18.7	11	28.6	14.3	19.8	19.8	30.8	28.6	27.5	14.3	13.2	14.3	24.2	30.8	16.5	17.6	16.5	25.3	13.2	29.7	22	19.8	27.5	20.9	20.9	22	27.5	17.6	20.9	16.5	24.2	22	12.1	25.3	11	13.2	15.4	11	19.8	16.5	17.6	15.4	31.9	17.6	28.6	29.7	27.5	11	13.2	22	27.5	24.2	15.4	20.9	23.1	16.5	26.4	13.2	18.7	19.8	19.8	19.8	18.7	12.1	19.8	31.9	20.9	14.3	
28.6	11	23.1	11	26.4	18.7	24.2	14.3	25.3	12.1	24.2	30.8	11	29.7	18.7	16.5	29.7	16.5	11	26.4	27.5	20.9	14.3	31.9	20.9	30.8	33	24.2	31.9	22	16.5	26.4	24.2	11	11	24.2	15.4	31.9	31.9	20.9	25.3	15.4	29.7	13.2	15.4	27.5	18.7	26.4	13.2	17.6	25.3	12.1	22	22	24.2	29.7	11	14.3	15.4	19.8	22	23.1	20.9	31.9	12.1	28.6	25.3	12.1	27.5	12.1	25.3	15.4	16.5	30.8	29.7	27.5	20.9	26.4	18.7	20.9	25.3	31.9	30.8	16.5	16.5	13.2	23.1	24.2	20.9	25.3	25.3	16.5	26.4	19.8	13.2	12.1	27.5	23.1	12.1	15.4	15.4	33	33	28.6	26.4	12.1	14.3	13.2	17.6	31.9	20.9	30.8	11	23.1	22	11	12.1	26.4	24.2	18.7	27.5	23.1	18.7	17.6	28.6	23.1	14.3	27.5	24.2	24.2	20.9	12.1	30.8	23.1	17.6	29.7	12.1	30.8	20.9	27.5	29.7	20.9	12.1	33	26.4	19.8	16.5	14.3	29.7	12.1	19.8	12.1	28.6	15.4	18.7	33	30.8	13.2	23.1	22	15.4	31.9	33	27.5	24.2	30.8	19.8	22	26.4	13.2	14.3	25.3	15.4	25.3	13.2	19.8	27.5	29.7	23.1	15.4	15.4	25.3	26.4	25.3	11	25.3	33	23.1	14.3	13.2	16.5	15.4	24.2	25.3	17.6	24.2	25.3	20.9	27.5	15.4	
30.8	33	20.9	22	15.4	17.6	15.4	26.4	33	16.5	17.6	30.8	25.3	31.9	24.2	24.2	16.5	16.5	20.9	23.1	23.1	18.7	27.5	30.8	17.6	18.7	13.2	22	25.3	15.4	
20	16	17	15	10	12	15	16	18	14	17	15	17	11	15	13	17	15	18	13	18	20	18	16	17	11	16	16	19	16	15	10	10	11	10	15	13	13	11	15	10	15	15	19	16	15	13	18	13	14	20	19	10	18	12	10	20	10	20	10	15	16	18	10	14	15	15	13	19	20	12	17	12	17	15	14	10	18	20	19	20	20	12	16	16	19	19	16	17	15	17	12	13	12	11	18	12	17	20	14	19	13	10	13	10	18	11	13	17	14	14	17	16	17	20	17	14	15	16	10	16	16	20	16	13	13	16	15	20	16	20	15	16	14	17	14	18	19	11	19	19	18	20	11	12	19	11	16	14	15	17	11	14	11	16	12	14	14	11	12	19	15	19	13	18	19	19	10	10	11	18	20	18	12	15	15	18	14	17	19	16	14	18	20	10	12	19	19	17	20	14	20	11	13	12	10	18	18	12	17	
1	1	1	1	1	1	1	1	1	1	2	2	2	2	2	3	3	3	3	3	3	3	4	4	4	4	4	4	4	4	5	5	5	5	5	6	6	6	6	6	6	6	6	6	7	7	7	7	7	8	8	8	8	8	9	9	9	9	10	10	10	10	10	10	10	10	10	10	10	10	11	11	11	11	11	11	11	11	11	12	12	12	12	12	13	13	13	13	13	13	13	13	13	13	14	14	14	14	14	15	15	15	15	15	15	15	15	15	15	16	16	17	17	17	17	17	17	17	18	18	18	18	18	18	18	18	19	19	19	19	19	20	20	20	20	21	21	21	21	21	21	21	21	21	22	22	23	23	23	23	23	23	23	23	24	24	24	24	24	25	25	25	25	26	26	26	26	26	26	26	26	26	27	27	27	27	28	28	28	28	28	28	28	29	29	29	29	29	29	29	29	30	30	30	30	30	30	30	30	30	
