400
20	5
326	13.2
29	28	28	28	26	30	27	27	27	31	31	31	26	31	28	28	27	29	30	28	28	26	28	26	30	31	29	30	26	27	26	27	30	26	31	29	27	26	31	31	27	29	28	26	31	30	30	29	28	28	31	31	30	30	28	31	27	29	29	26	29	28	30	28	26	29	30	29	29	31	31	28	28	30	27	28	27	28	28	30	31	27	29	27	31	29	28	29	30	29	29	26	29	27	28	31	30	28	27	26	28	29	31	26	27	26	26	29	29	28	29	31	30	27	29	27	26	31	31	29	28	28	26	30	30	29	29	31	29	27	30	29	26	26	28	28	29	29	28	27	29	31	29	26	28	26	29	26	28	31	28	26	30	27	31	27	26	28	28	30	26	28	31	28	31	27	26	27	26	27	30	31	30	29	30	29	27	28	31	30	27	29	27	27	31	29	28	26	30	29	31	28	27	31	30	28	30	27	28	26	29	29	29	31	29	27	29	31	29	26	29	31	29	26	28	27	27	26	30	31	29	26	31	26	30	31	26	30	30	29	26	27	28	28	30	30	27	27	27	29	30	26	29	29	31	30	29	29	30	27	29	26	30	28	26	31	30	27	28	29	29	27	29	31	29	29	27	29	27	26	29	31	27	26	27	26	29	26	29	28	31	27	31	29	30	27	26	28	31	28	27	30	26	29	27	28	27	28	29	31	31	26	29	26	26	30	26	30	27	31	30	26	30	31	29	31	26	27	26	26	27	26	31	26	28	27	31	26	31	31	28	28	28	26	26	27	27	26	28	30	31	28	31	29	30	26	28	30	30	26	31	29	27	31	29	30	29	28	29	28	30	31	28	27	26	29	29	26	30	31	26	31	29	30	29	27	28	29	27	30	28	28	31	27	30	26	29	31	27	28	28	31	26	27	26	31	30	26	30	27	
85	94	76	84	80	84	89	80	86	87	90	91	77	91	89	76	88	91	81	78	86	92	78	83	93	93	85	85	76	84	87	88	84	77	76	79	76	81	94	93	91	90	84	80	80	79	90	77	87	90	91	94	76	93	80	87	91	79	82	91	76	83	91	83	93	80	90	80	90	83	89	92	87	92	87	77	92	87	85	84	90	84	93	79	94	89	86	77	89	82	94	86	93	91	87	83	88	88	90	77	79	91	87	88	85	85	81	81	83	81	88	94	80	94	94	93	87	82	77	78	84	83	92	85	82	78	85	80	88	78	81	81	76	79	83	92	94	81	92	78	92	94	81	89	85	79	85	91	84	94	90	94	88	87	79	94	86	84	79	78	87	76	93	87	93	85	83	81	94	86	88	84	76	86	80	87	89	88	76	79	87	76	80	80	94	87	91	78	91	77	91	89	78	87	91	85	89	77	93	89	79	81	93	93	83	82	80	84	84	81	86	81	86	90	76	86	79	92	82	83	88	87	77	76	76	80	85	83	87	87	92	85	84	93	85	90	87	87	83	80	83	90	82	86	82	87	85	78	84	78	93	92	81	79	80	77	92	79	94	88	81	85	90	77	79	79	88	78	86	92	90	82	76	83	93	81	93	85	85	78	85	80	85	78	79	93	88	93	87	77	79	82	78	78	81	80	85	85	80	88	80	86	78	77	93	87	78	76	92	93	91	92	92	78	78	84	91	80	94	85	78	76	92	86	91	84	84	87	76	90	88	89	88	89	86	76	91	91	83	76	77	77	77	91	85	85	84	94	83	94	76	83	82	82	92	93	90	76	79	86	76	86	82	82	86	92	78	89	92	94	76	90	94	85	92	85	94	91	79	78	84	78	90	94	83	86	86	90	86	94	89	93	87	86	78	79	83	86	87	90	
11	13.2	17.6	11	19.8	33	17.6	15.4	28.6	28.6	16.5	17.6	26.4	16.5	18.7	25.3	28.6	13.2	29.7	18.7	16.5	24.2	24.2	26.4	33	26.4	24.2	23.1	33	28.6	28.6	29.7	22	20.9	30.8	23.1	24.2	24.2	18.7	24.2	18.7	24.2	31.9	26.4	12.1	29.7	29.7	17.6	12.1	12.1	19.8	15.4	12.1	15.4	27.5	31.9	33	28.6	29.7	30.8	16.5	30.8	25.3	25.3	20.9	25.3	13.2	17.6	25.3	17.6	33	30.8	22	18.7	13.2	16.5	13.2	18.7	29.7	12.1	29.7	22	12.1	18.7	25.3	28.6	15.4	22	23.1	22	23.1	26.4	22	29.7	27.5	13.2	17.6	19.8	20.9	31.9	29.7	26.4	24.2	25.3	22	17.6	14.3	13.2	31.9	15.4	20.9	30.8	23.1	27.5	33	22	29.7	26.4	14.3	13.2	23.1	30.8	15.4	27.5	31.9	15.4	22	31.9	33	15.4	33	29.7	24.2	12.1	29.7	19.8	11	23.1	12.1	24.2	27.5	28.6	30.8	26.4	23.1	22	31.9	16.5	33	18.7	33	15.4	22	33	11	19.8	29.7	18.7	18.7	16.5	16.5	11	20.9	13.2	23.1	27.5	29.7	25.3	23.1	29.7	24.2	14.3	12.1	30.8	22	28.6	31.9	11	29.7	14.3	15.4	16.5	11	16.5	11	29.7	26.4	23.1	14.3	19.8	30.8	29.7	24.2	28.6	17.6	16.5	19.8	14.3	33	17.6	29.7	17.6	27.5	29.7	24.2	20.9	28.6	15.4	29.7	11	19.8	22	31.9	11	12.1	14.3	15.4	29.7	29.7	25.3	33	15.4	30.8	28.6	18.7	30.8	15.4	29.7	25.3	14.3	17.6	16.5	19.8	18.7	25.3	29.7	25.3	20.9	29.7	14.3	12.1	33	20.9	26.4	14.3	25.3	33	24.2	17.6	20.9	13.2	17.6	22	25.3	33	28.6	33	22	15.4	23.1	29.7	23.1	16.5	17.6	18.7	20.9	12.1	23.1	27.5	27.5	14.3	17.6	26.4	19.8	22	12.1	16.5	17.6	29.7	30.8	24.2	13.2	24.2	19.8	12.1	12.1	31.9	22	28.6	22	19.8	26.4	15.4	31.9	30.8	14.3	22	11	14.3	27.5	28.6	12.1	29.7	13.2	27.5	16.5	27.5	26.4	26.4	26.4	22	15.4	18.7	12.1	17.6	22	11	22	33	13.2	27.5	12.1	19.8	31.9	13.2	27.5	28.6	25.3	20.9	17.6	29.7	15.4	14.3	14.3	14.3	11	29.7	24.2	16.5	16.5	12.1	12.1	29.7	22	11	27.5	17.6	20.9	17.6	23.1	28.6	14.3	19.8	28.6	13.2	18.7	16.5	33	30.8	30.8	31.9	19.8	27.5	12.1	30.8	17.6	22	29.7	22	28.6	25.3	23.1	25.3	17.6	27.5	23.1	33	26.4	30.8	33	12.1	26.4	20.9	25.3	24.2	19.8	13.2	14.3	12.1	20.9	18.7	29.7	33	24.2	31.9	23.1	23.1	26.4	29.7	30.8	
18.7	24.2	27.5	22	29.7	26.4	20.9	14.3	15.4	27.5	29.7	25.3	27.5	11	25.3	16.5	11	24.2	24.2	27.5	18.7	24.2	15.4	30.8	12.1	27.5	29.7	24.2	17.6	23.1	33	33	14.3	12.1	26.4	15.4	26.4	17.6	31.9	18.7	16.5	24.2	14.3	12.1	23.1	14.3	30.8	27.5	33	18.7	18.7	14.3	24.2	12.1	22	26.4	18.7	16.5	12.1	16.5	33	33	14.3	29.7	30.8	14.3	24.2	13.2	12.1	23.1	13.2	11	12.1	12.1	19.8	20.9	31.9	27.5	13.2	18.7	16.5	23.1	33	33	29.7	19.8	16.5	24.2	19.8	20.9	29.7	31.9	20.9	20.9	27.5	28.6	27.5	33	28.6	29.7	15.4	12.1	16.5	29.7	26.4	29.7	17.6	14.3	26.4	25.3	31.9	28.6	16.5	14.3	31.9	16.5	12.1	31.9	25.3	23.1	14.3	16.5	25.3	14.3	15.4	13.2	15.4	33	23.1	20.9	27.5	29.7	20.9	29.7	22	29.7	26.4	29.7	28.6	26.4	31.9	17.6	14.3	27.5	28.6	14.3	27.5	29.7	23.1	15.4	14.3	12.1	18.7	25.3	28.6	28.6	20.9	20.9	12.1	31.9	23.1	22	14.3	31.9	18.7	28.6	20.9	11	19.8	19.8	28.6	33	29.7	28.6	20.9	29.7	11	19.8	27.5	11	20.9	27.5	17.6	20.9	14.3	31.9	13.2	25.3	14.3	11	31.9	25.3	12.1	19.8	11	18.7	26.4	14.3	16.5	33	18.7	18.7	20.9	33	11	12.1	33	11	30.8	33	28.6	13.2	16.5	31.9	16.5	17.6	17.6	12.1	22	14.3	18.7	23.1	24.2	25.3	27.5	13.2	18.7	14.3	27.5	29.7	11	19.8	31.9	28.6	23.1	22	12.1	20.9	27.5	11	18.7	23.1	23.1	23.1	23.1	27.5	30.8	13.2	23.1	16.5	29.7	26.4	22	15.4	20.9	24.2	24.2	31.9	27.5	29.7	17.6	14.3	24.2	24.2	28.6	13.2	20.9	25.3	22	11	29.7	16.5	33	27.5	25.3	15.4	18.7	13.2	31.9	14.3	33	18.7	25.3	18.7	28.6	18.7	19.8	22	25.3	30.8	20.9	23.1	12.1	12.1	19.8	17.6	23.1	27.5	33	27.5	29.7	11	22	17.6	31.9	25.3	23.1	18.7	15.4	33	15.4	14.3	30.8	13.2	14.3	23.1	18.7	23.1	16.5	24.2	26.4	25.3	24.2	16.5	15.4	28.6	22	28.6	17.6	30.8	13.2	31.9	29.7	15.4	17.6	31.9	33	26.4	30.8	27.5	22	15.4	11	22	22	31.9	16.5	26.4	17.6	16.5	20.9	27.5	28.6	25.3	23.1	15.4	16.5	22	12.1	18.7	17.6	14.3	17.6	23.1	14.3	20.9	28.6	25.3	31.9	17.6	20.9	13.2	19.8	19.8	33	25.3	26.4	26.4	14.3	18.7	25.3	14.3	26.4	29.7	28.6	11	27.5	11	22	17.6	29.7	23.1	15.4	20.9	16.5	12.1	29.7	14.3	20.9	19.8	
15.4	19.8	27.5	31.9	18.7	23.1	27.5	31.9	28.6	13.2	14.3	22	13.2	14.3	11	14.3	28.6	29.7	23.1	28.6	
20	11	17	13	18	14	14	10	11	20	15	16	13	15	14	12	19	18	14	20	20	18	18	17	17	16	15	13	18	16	19	18	17	16	16	18	13	15	14	14	17	11	14	14	10	12	13	19	19	13	18	15	16	15	19	19	14	11	12	17	16	11	13	18	17	14	13	12	20	18	16	12	18	15	18	15	19	20	18	18	12	15	14	13	18	10	11	10	18	14	20	14	12	10	17	13	13	14	11	13	17	16	12	16	14	14	12	11	13	19	12	12	16	12	12	17	11	13	11	10	19	12	16	12	17	20	14	11	12	20	19	19	17	12	19	13	12	13	17	12	17	10	13	11	14	10	13	13	18	20	10	20	17	13	18	10	13	11	13	12	16	20	12	10	14	19	15	17	16	13	12	14	19	19	18	17	17	12	11	18	13	12	10	12	12	13	13	16	11	11	16	15	20	12	13	16	11	16	12	18	20	10	20	10	19	10	10	19	15	14	20	15	17	18	14	10	10	15	20	17	19	15	20	18	10	12	11	10	17	19	17	16	14	14	17	14	15	11	13	18	15	13	13	10	10	13	14	18	19	14	12	12	20	13	14	11	10	10	14	10	17	11	19	18	11	12	18	17	19	12	15	14	10	12	15	20	11	14	10	10	19	13	18	10	20	18	16	11	16	20	13	15	16	10	18	12	20	11	14	11	10	15	12	20	10	17	16	19	14	13	14	10	18	17	15	15	15	20	12	12	11	20	19	14	19	15	20	14	16	14	18	10	12	11	12	19	14	15	12	19	16	17	17	18	12	11	20	12	20	16	12	16	20	11	13	14	11	17	10	12	16	18	19	14	12	11	13	18	17	18	16	20	10	16	16	13	18	16	16	18	20	19	17	18	17	15	13	19	15	20	17	14	14	18	14	20	10	19	10	17	
1	1	1	1	1	1	1	1	1	1	1	1	1	1	1	1	1	1	1	1	1	1	1	1	2	2	2	2	2	2	2	2	2	2	2	2	2	2	2	2	2	3	3	3	3	3	3	3	3	3	3	3	3	3	3	3	3	4	4	4	4	4	4	4	4	4	4	4	4	4	4	4	4	4	4	4	4	4	5	5	5	5	5	5	5	5	5	5	5	5	5	5	5	6	6	6	6	6	6	6	6	6	6	6	6	6	6	6	6	6	6	6	6	6	6	6	7	7	7	7	7	7	7	7	7	7	7	7	7	7	7	7	7	7	7	7	7	7	7	8	8	8	8	8	8	8	8	8	8	8	8	8	8	8	8	8	8	8	8	9	9	9	9	9	9	9	9	9	9	9	9	9	9	9	9	9	9	9	9	9	9	9	10	10	10	10	10	10	10	10	10	10	10	10	10	10	10	10	10	10	11	11	11	11	11	11	11	11	11	11	11	11	11	11	11	11	11	11	11	12	12	12	12	12	12	12	12	12	13	13	13	13	13	13	13	13	13	13	13	13	13	13	13	13	13	13	13	13	13	13	13	14	14	14	14	14	14	14	14	14	14	14	14	14	14	14	14	14	14	14	14	14	14	15	15	15	15	15	15	15	15	15	15	15	15	15	15	15	15	15	15	15	15	16	16	16	16	16	16	16	16	16	16	16	16	16	16	16	16	16	16	16	16	17	17	17	17	17	17	17	17	17	17	17	17	17	17	17	18	18	18	18	18	18	18	18	18	18	18	18	18	18	18	18	18	18	18	18	18	18	18	19	19	19	19	19	19	19	19	19	19	19	19	19	19	19	19	19	19	19	19	19	19	20	20	20	20	20	20	20	20	20	20	20	20	20	20	20	20	20	20	20	20	20	20	20	20	20	20	20	
