200
30	3
111	20.9
31	28	30	28	29	26	31	26	31	29	31	27	26	31	28	26	31	28	29	30	27	29	29	29	27	30	26	30	30	28	26	27	31	29	26	27	30	31	27	26	31	26	27	30	30	27	29	31	30	30	27	31	31	28	30	28	26	29	28	27	31	26	27	30	31	28	31	28	29	30	28	28	31	30	27	31	29	26	31	31	28	29	28	28	31	26	26	30	30	26	29	28	26	31	29	31	27	31	31	30	26	27	26	26	28	30	27	30	28	28	27	29	31	27	28	26	30	26	30	30	26	28	27	30	26	29	30	31	29	27	29	31	30	30	27	31	26	27	28	29	28	26	31	28	29	30	29	27	29	29	26	28	29	26	31	31	27	30	28	31	30	30	26	29	26	26	31	28	30	28	29	29	28	27	27	27	26	29	28	26	29	30	27	28	30	26	27	31	31	28	26	30	30	31	27	29	28	29	26	30	
77	91	78	87	82	76	84	83	89	84	86	92	89	85	84	94	89	91	77	81	87	77	82	93	90	87	89	86	76	84	76	92	90	86	79	86	78	88	84	81	78	76	81	89	93	85	87	85	78	80	91	90	78	78	86	77	92	76	93	84	94	84	87	94	91	80	91	92	80	90	86	89	85	87	76	83	84	89	93	92	80	94	92	80	87	87	93	85	89	89	81	91	94	87	88	89	90	87	90	80	93	86	91	91	90	80	80	82	84	78	94	82	76	83	90	91	85	82	76	90	92	91	79	85	90	88	82	93	76	89	82	86	86	84	86	93	76	79	87	84	78	90	81	87	82	91	80	92	84	89	78	93	86	94	80	93	86	83	76	88	92	89	84	79	83	78	80	88	79	83	90	82	93	76	79	86	88	82	79	86	82	79	88	88	90	77	89	78	84	84	88	78	84	91	94	79	83	87	84	77	
13.2	15.4	11	19.8	12.1	30.8	11	12.1	11	22	31.9	29.7	30.8	27.5	33	15.4	22	31.9	29.7	26.4	31.9	27.5	30.8	16.5	13.2	26.4	27.5	16.5	14.3	26.4	33	30.8	20.9	22	26.4	16.5	18.7	30.8	12.1	15.4	28.6	13.2	19.8	15.4	11	27.5	30.8	27.5	30.8	12.1	24.2	22	18.7	30.8	12.1	22	23.1	27.5	18.7	11	30.8	33	24.2	29.7	26.4	24.2	30.8	26.4	29.7	31.9	25.3	26.4	13.2	15.4	16.5	20.9	12.1	12.1	23.1	20.9	15.4	13.2	15.4	33	20.9	12.1	33	29.7	12.1	30.8	23.1	17.6	33	12.1	28.6	26.4	12.1	33	14.3	30.8	31.9	27.5	24.2	15.4	33	15.4	30.8	16.5	13.2	22	26.4	23.1	29.7	30.8	17.6	30.8	24.2	29.7	16.5	19.8	25.3	31.9	15.4	17.6	19.8	30.8	12.1	15.4	30.8	27.5	15.4	22	26.4	18.7	23.1	25.3	13.2	18.7	12.1	25.3	25.3	16.5	31.9	20.9	16.5	11	17.6	29.7	12.1	14.3	16.5	19.8	16.5	14.3	19.8	22	13.2	14.3	11	25.3	25.3	14.3	20.9	27.5	26.4	24.2	29.7	31.9	18.7	25.3	27.5	13.2	18.7	13.2	29.7	15.4	11	25.3	23.1	30.8	28.6	27.5	12.1	22	24.2	19.8	31.9	19.8	17.6	30.8	15.4	16.5	28.6	33	24.2	33	33	14.3	20.9	26.4	
23.1	33	23.1	28.6	22	28.6	24.2	24.2	25.3	25.3	18.7	22	26.4	19.8	13.2	24.2	22	18.7	23.1	11	26.4	33	14.3	28.6	20.9	31.9	20.9	19.8	12.1	14.3	16.5	28.6	12.1	17.6	14.3	15.4	30.8	25.3	15.4	25.3	29.7	29.7	26.4	16.5	16.5	26.4	17.6	33	16.5	14.3	20.9	14.3	22	18.7	28.6	20.9	30.8	14.3	11	13.2	17.6	26.4	30.8	22	14.3	12.1	12.1	27.5	24.2	19.8	14.3	14.3	27.5	25.3	17.6	19.8	23.1	31.9	20.9	22	24.2	29.7	20.9	29.7	20.9	12.1	29.7	22	31.9	16.5	33	15.4	12.1	15.4	18.7	11	19.8	27.5	18.7	27.5	28.6	28.6	11	26.4	22	17.6	17.6	27.5	14.3	29.7	22	27.5	19.8	11	30.8	18.7	14.3	27.5	16.5	17.6	16.5	13.2	13.2	28.6	13.2	30.8	14.3	22	24.2	26.4	13.2	13.2	33	24.2	11	26.4	30.8	28.6	19.8	23.1	16.5	29.7	16.5	17.6	18.7	15.4	24.2	23.1	12.1	19.8	31.9	25.3	26.4	12.1	17.6	25.3	13.2	33	12.1	24.2	14.3	31.9	15.4	12.1	31.9	27.5	26.4	22	15.4	13.2	13.2	25.3	17.6	28.6	24.2	23.1	16.5	13.2	25.3	33	23.1	11	28.6	27.5	16.5	22	30.8	16.5	18.7	19.8	14.3	26.4	12.1	16.5	18.7	19.8	11	20.9	30.8	18.7	
33	29.7	26.4	26.4	19.8	26.4	25.3	25.3	26.4	18.7	11	12.1	14.3	29.7	18.7	14.3	29.7	24.2	19.8	13.2	17.6	25.3	11	23.1	31.9	29.7	24.2	22	16.5	11	
15	20	20	16	17	19	19	13	12	16	15	16	18	15	11	18	11	15	14	16	11	10	10	13	14	17	14	11	10	11	18	14	18	11	13	19	11	12	19	20	20	18	17	18	15	12	17	15	13	11	16	15	16	18	10	14	14	19	11	20	13	18	18	19	17	18	11	10	13	14	14	14	13	16	14	14	19	13	10	12	15	17	13	20	16	15	16	16	17	20	15	15	13	20	14	15	10	18	18	10	17	13	10	11	12	12	15	16	16	13	16	13	17	18	10	14	20	15	20	15	19	17	11	15	15	15	20	12	17	17	20	11	18	18	14	14	12	17	16	15	13	16	14	16	10	17	13	10	19	18	20	10	19	11	16	19	10	14	11	12	16	15	13	20	12	10	12	15	13	17	11	19	14	12	12	14	10	19	15	14	15	20	13	18	19	17	12	18	11	13	14	17	17	13	11	18	12	17	14	14	
1	1	1	2	2	2	2	2	2	2	2	2	2	2	3	3	3	3	4	4	4	4	4	5	5	5	5	5	5	5	5	6	6	6	6	6	6	7	7	7	7	7	7	7	7	7	7	8	8	8	8	8	9	9	9	9	9	9	9	10	10	10	10	10	10	10	10	10	10	11	11	11	11	11	11	11	11	11	11	12	12	12	12	12	12	13	13	13	13	13	13	14	14	14	15	15	15	15	15	15	15	16	16	16	16	16	16	16	16	16	16	16	17	17	17	17	18	18	18	18	18	18	18	18	19	19	19	20	20	20	20	20	20	20	20	21	21	21	21	21	21	22	22	22	22	22	22	22	22	22	22	23	23	23	23	23	24	24	24	24	24	24	24	24	24	24	24	25	25	26	26	26	26	26	26	27	27	27	27	27	27	27	27	27	28	28	29	29	29	29	29	29	29	29	29	30	30	30	30	30	
