100
30	5
51	26.4
28	30	31	29	31	28	28	28	27	28	29	27	30	27	29	27	28	30	29	29	28	29	28	26	28	30	26	30	26	27	27	30	28	30	30	28	29	29	30	31	29	27	29	29	27	26	29	31	28	29	27	26	31	26	26	30	26	29	27	28	27	30	26	30	29	26	26	27	26	30	30	28	31	30	26	30	27	30	26	26	30	29	27	30	28	30	29	27	28	31	27	27	31	27	29	30	30	26	30	29	
84	76	91	83	93	85	93	90	80	84	79	79	84	88	81	79	90	76	81	87	87	84	91	91	89	82	76	79	79	89	86	91	81	88	85	94	89	78	78	80	90	79	83	78	90	84	94	77	81	93	83	92	85	82	76	92	83	81	91	78	77	92	84	86	93	77	94	83	78	79	83	88	94	84	94	80	82	87	77	79	81	94	86	81	79	76	81	89	82	88	80	92	78	82	82	82	76	77	91	80	
19.8	18.7	16.5	18.7	23.1	19.8	24.2	24.2	13.2	20.9	31.9	24.2	18.7	15.4	18.7	27.5	18.7	31.9	18.7	22	30.8	25.3	23.1	19.8	12.1	33	25.3	24.2	11	22	27.5	20.9	26.4	16.5	12.1	13.2	20.9	14.3	17.6	31.9	28.6	20.9	17.6	13.2	29.7	14.3	25.3	19.8	20.9	30.8	27.5	12.1	29.7	27.5	18.7	27.5	15.4	11	20.9	29.7	22	20.9	26.4	11	30.8	25.3	24.2	30.8	24.2	18.7	27.5	26.4	23.1	15.4	23.1	25.3	23.1	17.6	22	12.1	15.4	31.9	20.9	23.1	18.7	15.4	29.7	26.4	19.8	16.5	13.2	33	28.6	29.7	23.1	17.6	22	23.1	24.2	22	
19.8	16.5	15.4	18.7	31.9	11	23.1	24.2	28.6	31.9	23.1	19.8	11	28.6	15.4	14.3	20.9	24.2	22	11	29.7	27.5	20.9	29.7	25.3	26.4	15.4	26.4	28.6	14.3	11	33	27.5	30.8	30.8	29.7	17.6	18.7	28.6	23.1	15.4	12.1	12.1	13.2	26.4	23.1	24.2	25.3	13.2	23.1	25.3	20.9	15.4	27.5	13.2	23.1	25.3	31.9	33	18.7	16.5	27.5	19.8	13.2	27.5	20.9	19.8	16.5	15.4	11	20.9	19.8	26.4	19.8	31.9	14.3	24.2	23.1	28.6	30.8	18.7	22	26.4	30.8	19.8	13.2	30.8	28.6	25.3	23.1	30.8	13.2	19.8	13.2	25.3	27.5	20.9	27.5	22	17.6	
33	33	12.1	16.5	31.9	31.9	17.6	18.7	15.4	17.6	11	30.8	14.3	17.6	23.1	12.1	31.9	18.7	12.1	31.9	12.1	24.2	23.1	28.6	31.9	31.9	29.7	27.5	23.1	24.2	
11	16	11	10	13	16	10	15	10	19	16	12	16	15	11	16	14	12	20	11	11	18	11	10	13	16	15	14	15	14	14	20	13	19	13	15	15	18	16	11	11	10	18	11	10	18	18	12	20	16	15	16	14	12	18	18	16	19	20	17	10	10	15	14	20	20	18	15	12	12	15	16	11	20	12	15	15	18	18	12	15	18	14	10	16	11	19	17	14	16	13	16	13	20	10	19	14	10	20	11	
1	1	2	2	3	3	3	4	4	5	5	5	5	5	5	6	6	6	7	7	7	8	8	9	10	10	10	10	10	11	11	11	11	12	12	12	12	13	13	13	14	14	14	15	16	16	16	16	16	17	18	18	18	19	19	19	19	19	19	19	19	20	20	20	20	20	20	20	21	21	21	21	21	21	22	22	22	22	23	23	23	24	24	24	25	25	25	25	25	26	26	26	27	28	28	29	29	29	30	30	
