100
10	3
154	26.4
26	29	31	29	28	31	31	30	29	31	30	26	27	27	30	27	27	28	27	26	28	28	29	26	28	26	28	28	30	31	28	26	26	29	26	26	26	31	26	30	27	26	29	29	29	30	28	30	28	31	26	27	30	29	30	27	31	30	28	31	31	31	28	27	27	26	31	28	31	27	27	27	30	27	26	28	26	29	29	27	30	29	28	29	30	26	27	28	27	26	26	30	26	31	31	26	27	27	29	26	
80	85	81	91	84	92	80	77	80	82	89	92	87	92	77	77	92	88	80	90	90	92	93	76	79	86	88	76	87	76	80	82	77	92	80	76	92	93	90	87	80	94	81	82	77	78	86	88	78	77	85	90	86	76	92	94	94	84	88	83	85	91	94	79	79	86	84	89	79	85	94	80	88	82	85	84	87	77	79	78	80	91	91	84	91	89	91	83	80	77	90	81	89	93	91	78	82	92	84	85	
30.8	16.5	30.8	18.7	17.6	15.4	26.4	24.2	27.5	25.3	27.5	12.1	24.2	17.6	13.2	33	31.9	18.7	16.5	25.3	11	17.6	11	26.4	30.8	12.1	31.9	13.2	15.4	29.7	15.4	14.3	25.3	31.9	27.5	28.6	29.7	13.2	20.9	15.4	20.9	22	12.1	30.8	18.7	11	19.8	16.5	11	30.8	28.6	24.2	29.7	33	11	20.9	16.5	20.9	24.2	14.3	16.5	23.1	22	23.1	27.5	11	15.4	28.6	24.2	22	14.3	28.6	14.3	25.3	31.9	19.8	25.3	26.4	18.7	12.1	20.9	24.2	25.3	31.9	15.4	24.2	19.8	13.2	26.4	19.8	20.9	13.2	17.6	20.9	23.1	19.8	14.3	23.1	22	20.9	
12.1	16.5	14.3	19.8	13.2	24.2	27.5	27.5	29.7	15.4	26.4	19.8	11	14.3	20.9	24.2	31.9	12.1	33	12.1	26.4	24.2	26.4	33	13.2	19.8	19.8	24.2	22	25.3	20.9	25.3	18.7	13.2	22	22	24.2	12.1	19.8	25.3	29.7	24.2	24.2	24.2	11	17.6	30.8	28.6	11	24.2	30.8	20.9	11	19.8	12.1	26.4	22	18.7	12.1	26.4	18.7	16.5	33	23.1	28.6	17.6	24.2	33	26.4	33	19.8	33	28.6	13.2	28.6	14.3	24.2	28.6	19.8	20.9	24.2	22	15.4	13.2	26.4	30.8	16.5	27.5	13.2	20.9	18.7	18.7	30.8	14.3	18.7	19.8	30.8	14.3	19.8	19.8	
23.1	29.7	33	22	12.1	29.7	23.1	28.6	25.3	28.6	
10	15	10	19	15	16	12	18	19	18	10	12	18	18	16	12	18	12	14	18	12	15	16	18	14	20	20	17	19	20	17	13	12	19	18	12	12	10	19	13	10	14	11	16	17	16	20	14	11	19	12	11	18	11	16	20	10	10	12	11	13	13	11	15	17	19	12	15	15	11	10	20	14	10	13	12	14	10	17	18	19	10	17	20	16	10	15	17	16	12	20	13	18	13	19	16	16	17	11	18	
1	1	1	1	1	1	1	1	1	1	1	1	1	2	2	2	2	2	2	2	3	3	3	3	3	3	3	3	3	3	3	3	3	4	4	4	4	4	4	4	4	4	4	5	5	5	5	5	5	6	6	6	6	6	6	6	6	7	7	7	7	7	7	7	7	8	8	8	8	8	8	8	8	8	8	8	8	8	8	8	9	9	9	9	9	9	9	9	9	9	9	10	10	10	10	10	10	10	10	10	
