200
10	2
309	14.3
30	28	28	29	27	31	30	29	26	26	27	31	30	27	27	29	30	27	27	26	27	26	26	31	26	26	26	26	26	31	27	29	29	28	30	26	30	29	29	27	27	28	26	28	28	29	31	31	26	30	27	29	29	26	28	26	30	29	30	30	31	31	30	27	28	27	31	30	28	30	26	28	30	30	27	31	26	28	26	30	30	30	26	29	28	26	27	26	28	30	26	31	29	29	30	31	26	30	29	31	27	30	28	30	26	26	30	28	29	26	29	26	27	29	30	28	27	28	27	31	27	26	26	31	30	28	27	31	27	28	28	28	27	26	29	27	29	31	30	31	30	31	30	29	31	26	26	26	30	31	26	30	26	28	29	31	31	30	29	31	29	31	26	30	26	28	26	26	27	31	29	30	26	28	31	31	28	27	29	31	26	30	31	28	27	26	27	30	31	29	28	30	31	31	26	26	28	30	29	29	
91	80	87	84	82	88	82	80	82	91	82	82	89	91	83	86	94	86	81	92	77	94	84	78	90	80	87	82	92	81	81	86	90	83	84	88	79	91	83	83	94	87	89	87	78	92	93	86	92	84	76	77	77	87	84	79	85	80	76	88	88	88	79	94	90	93	79	93	93	94	91	78	80	78	86	88	77	87	84	92	85	82	79	81	87	89	88	89	77	91	80	87	91	79	77	87	85	90	80	87	84	94	86	82	84	93	91	87	88	84	92	89	88	81	86	88	89	80	83	78	80	92	89	88	78	78	84	93	92	93	78	90	81	81	78	83	86	91	89	85	90	80	76	90	83	94	84	85	81	88	94	90	83	94	91	76	92	87	80	79	87	81	86	91	78	80	77	88	85	77	80	82	89	84	90	79	83	91	79	94	77	76	92	81	79	93	84	77	80	86	83	81	83	78	89	94	84	80	94	93	
27.5	16.5	22	28.6	26.4	33	33	13.2	13.2	14.3	28.6	13.2	14.3	33	30.8	20.9	30.8	24.2	33	13.2	22	33	30.8	25.3	13.2	15.4	19.8	19.8	24.2	14.3	29.7	29.7	23.1	26.4	12.1	33	25.3	12.1	17.6	13.2	12.1	29.7	31.9	29.7	27.5	16.5	14.3	25.3	16.5	19.8	18.7	24.2	27.5	12.1	28.6	27.5	19.8	24.2	25.3	22	28.6	23.1	30.8	24.2	13.2	33	17.6	30.8	33	29.7	22	22	13.2	12.1	20.9	12.1	19.8	31.9	31.9	26.4	28.6	30.8	28.6	13.2	11	14.3	16.5	28.6	12.1	23.1	22	24.2	30.8	31.9	20.9	29.7	25.3	26.4	12.1	11	12.1	24.2	11	14.3	30.8	14.3	25.3	31.9	17.6	15.4	27.5	30.8	26.4	14.3	20.9	18.7	20.9	12.1	29.7	12.1	22	27.5	27.5	12.1	29.7	19.8	33	33	19.8	16.5	31.9	30.8	28.6	15.4	24.2	27.5	14.3	11	17.6	12.1	31.9	22	13.2	14.3	18.7	25.3	18.7	24.2	11	14.3	24.2	19.8	30.8	28.6	16.5	29.7	19.8	20.9	17.6	15.4	25.3	30.8	29.7	16.5	30.8	13.2	15.4	31.9	30.8	12.1	16.5	26.4	25.3	18.7	27.5	23.1	31.9	15.4	12.1	24.2	29.7	28.6	15.4	12.1	18.7	18.7	23.1	25.3	17.6	29.7	31.9	12.1	29.7	27.5	12.1	14.3	17.6	30.8	31.9	17.6	
26.4	23.1	11	18.7	18.7	15.4	25.3	27.5	15.4	11	27.5	27.5	12.1	11	12.1	25.3	19.8	18.7	15.4	33	33	26.4	11	24.2	19.8	26.4	14.3	23.1	19.8	26.4	19.8	24.2	24.2	25.3	18.7	33	19.8	30.8	18.7	18.7	24.2	15.4	26.4	11	18.7	28.6	24.2	23.1	15.4	25.3	20.9	19.8	12.1	22	13.2	23.1	14.3	30.8	29.7	13.2	14.3	31.9	19.8	13.2	33	26.4	29.7	11	14.3	31.9	31.9	27.5	15.4	31.9	28.6	20.9	29.7	29.7	24.2	18.7	13.2	15.4	24.2	24.2	22	29.7	29.7	15.4	13.2	20.9	23.1	31.9	22	20.9	30.8	29.7	33	24.2	20.9	20.9	31.9	22	12.1	24.2	33	20.9	18.7	24.2	16.5	27.5	26.4	14.3	24.2	25.3	14.3	11	31.9	15.4	23.1	30.8	19.8	33	18.7	33	29.7	27.5	27.5	29.7	29.7	25.3	29.7	19.8	19.8	14.3	23.1	15.4	27.5	29.7	29.7	29.7	29.7	25.3	18.7	24.2	16.5	26.4	17.6	11	24.2	28.6	24.2	16.5	17.6	30.8	24.2	16.5	20.9	33	17.6	20.9	20.9	25.3	27.5	12.1	23.1	25.3	20.9	33	33	23.1	15.4	28.6	13.2	12.1	19.8	31.9	30.8	25.3	14.3	29.7	19.8	20.9	31.9	22	13.2	30.8	23.1	25.3	19.8	23.1	26.4	25.3	25.3	14.3	25.3	29.7	25.3	33	24.2	29.7	
14.3	16.5	26.4	22	19.8	28.6	31.9	24.2	23.1	33	
13	19	13	14	10	20	16	11	19	10	19	10	14	18	14	18	17	10	20	12	15	17	18	17	14	16	19	19	10	15	13	15	11	11	13	14	13	16	19	12	12	18	16	16	20	11	15	15	17	18	16	13	15	11	10	10	11	20	12	18	11	19	10	15	11	11	10	20	18	19	12	10	17	12	12	10	14	10	13	14	12	20	14	14	19	15	15	19	16	20	20	17	12	16	19	16	13	14	14	14	19	10	19	11	14	18	19	13	10	10	20	10	11	19	10	16	11	12	13	12	15	12	10	17	19	13	17	19	12	16	20	14	10	17	13	12	13	12	16	20	12	11	11	11	12	18	11	11	15	10	19	11	20	10	11	14	17	19	14	11	12	12	14	11	11	18	11	10	16	14	11	15	11	17	13	17	11	12	17	15	10	15	19	19	19	18	20	20	19	17	18	18	20	20	13	15	16	19	15	11	
1	1	1	1	1	1	1	1	1	1	1	1	1	1	1	1	1	1	1	1	1	2	2	2	2	2	2	2	2	2	2	3	3	3	3	3	3	3	3	3	3	3	3	3	3	3	3	3	3	3	3	3	3	4	4	4	4	4	4	4	4	4	4	4	4	4	4	4	4	4	4	4	4	4	5	5	5	5	5	5	5	5	5	5	5	5	5	5	5	5	5	5	5	5	6	6	6	6	6	6	6	6	6	6	6	6	6	6	6	6	6	6	6	6	6	6	6	7	7	7	7	7	7	7	7	7	7	7	7	7	7	7	7	7	7	7	7	8	8	8	8	8	8	8	8	8	8	8	8	8	8	8	8	8	8	8	8	8	8	8	9	9	9	9	9	9	9	9	9	9	9	9	9	9	9	9	9	10	10	10	10	10	10	10	10	10	10	10	10	10	10	10	10	10	10	10	10	10	10	10	
