300
20	3
239	17.6
27	30	29	29	30	27	26	28	30	29	29	30	26	27	27	29	30	29	31	26	29	29	27	29	29	28	31	31	31	26	29	30	31	27	29	29	28	26	26	30	31	26	26	27	28	29	26	29	26	31	27	29	27	29	26	31	29	30	30	27	31	29	26	31	29	27	27	31	26	26	29	29	31	28	28	30	26	31	26	31	27	28	29	29	26	29	27	29	29	31	29	26	27	29	27	26	27	27	26	30	30	29	31	26	26	29	26	26	26	30	31	30	29	30	28	26	30	30	29	31	31	29	31	31	30	29	31	29	30	29	27	30	31	30	28	31	29	29	27	26	26	28	26	26	31	26	29	27	31	30	30	28	29	27	30	26	27	28	31	26	26	29	31	27	28	26	26	27	26	28	27	29	30	26	26	28	26	31	30	29	31	31	27	26	31	30	28	26	31	29	27	26	26	26	27	28	28	30	26	29	31	28	28	26	30	31	28	31	29	28	28	30	26	27	26	31	28	26	30	31	28	28	27	27	30	31	29	28	28	31	26	27	29	28	28	29	31	27	30	27	31	29	28	30	30	26	26	30	28	28	29	30	29	28	31	27	27	31	29	30	28	29	30	27	27	26	29	26	31	31	29	31	26	28	26	26	30	29	30	30	30	28	30	29	28	26	27	28	30	30	29	26	31	30	29	26	28	30	28	26	
76	88	79	92	93	91	80	86	90	83	87	93	80	89	87	86	88	77	93	76	89	79	78	87	87	87	83	89	92	91	79	92	83	80	83	85	88	77	85	79	94	93	90	92	85	86	85	83	78	92	83	84	79	77	89	90	91	83	78	79	79	85	82	89	92	91	81	84	91	80	90	93	80	78	82	77	91	79	92	88	80	81	81	93	85	85	92	88	80	77	78	89	93	92	76	77	82	80	79	76	82	76	83	88	84	78	88	84	84	85	92	90	87	83	84	81	93	88	78	77	87	81	84	83	84	93	85	78	76	89	92	91	87	78	89	76	87	81	90	92	77	94	87	78	91	82	86	78	82	84	77	78	79	83	92	79	90	77	80	85	78	82	90	94	81	91	76	77	85	80	85	78	87	89	80	92	82	79	88	79	87	82	94	92	88	92	87	91	88	89	85	88	85	87	77	87	84	87	91	78	76	93	87	88	94	94	77	89	90	81	83	89	92	76	89	92	93	85	82	82	90	77	94	94	80	90	80	78	90	87	87	77	80	90	80	80	92	87	90	81	93	76	87	83	91	91	81	81	76	81	80	76	93	76	86	87	84	77	81	93	91	76	77	81	90	82	92	90	90	94	85	89	90	86	81	92	87	89	79	90	93	86	82	79	81	78	76	90	77	85	79	81	76	87	77	94	85	77	88	86	
23.1	33	22	18.7	25.3	33	33	13.2	12.1	27.5	24.2	30.8	29.7	12.1	26.4	19.8	29.7	28.6	19.8	19.8	33	23.1	22	31.9	24.2	15.4	15.4	24.2	25.3	30.8	15.4	15.4	30.8	15.4	28.6	29.7	17.6	27.5	16.5	14.3	20.9	14.3	28.6	27.5	30.8	27.5	20.9	29.7	13.2	15.4	22	22	31.9	31.9	11	19.8	18.7	18.7	18.7	24.2	30.8	29.7	17.6	31.9	25.3	19.8	31.9	24.2	14.3	15.4	11	33	28.6	19.8	28.6	20.9	20.9	33	33	20.9	15.4	26.4	27.5	15.4	27.5	17.6	29.7	30.8	18.7	17.6	16.5	30.8	20.9	12.1	13.2	23.1	19.8	16.5	11	22	20.9	28.6	33	16.5	30.8	24.2	27.5	24.2	22	18.7	20.9	22	11	29.7	11	27.5	20.9	33	26.4	20.9	27.5	23.1	17.6	19.8	28.6	22	12.1	11	17.6	20.9	12.1	17.6	20.9	31.9	29.7	11	15.4	19.8	19.8	19.8	11	11	19.8	28.6	33	20.9	17.6	12.1	29.7	26.4	12.1	23.1	12.1	27.5	22	25.3	20.9	17.6	19.8	30.8	23.1	26.4	28.6	17.6	26.4	18.7	25.3	15.4	33	29.7	33	26.4	11	31.9	33	20.9	11	28.6	23.1	20.9	20.9	18.7	16.5	15.4	22	15.4	28.6	20.9	14.3	15.4	23.1	29.7	16.5	29.7	26.4	13.2	22	17.6	24.2	31.9	31.9	17.6	27.5	18.7	13.2	20.9	13.2	11	30.8	33	11	28.6	14.3	11	18.7	33	14.3	22	29.7	28.6	13.2	28.6	28.6	16.5	13.2	14.3	16.5	22	17.6	29.7	29.7	23.1	16.5	12.1	12.1	22	16.5	30.8	15.4	12.1	29.7	29.7	16.5	11	15.4	12.1	29.7	14.3	22	17.6	25.3	30.8	17.6	11	24.2	12.1	17.6	24.2	31.9	13.2	24.2	24.2	33	17.6	26.4	29.7	22	11	24.2	28.6	24.2	23.1	27.5	22	25.3	18.7	23.1	30.8	22	11	17.6	18.7	12.1	28.6	25.3	22	22	18.7	14.3	33	27.5	24.2	15.4	23.1	26.4	15.4	33	16.5	30.8	23.1	
28.6	16.5	24.2	20.9	16.5	30.8	16.5	31.9	33	26.4	24.2	30.8	13.2	15.4	19.8	16.5	20.9	19.8	11	19.8	11	22	11	24.2	18.7	19.8	33	29.7	14.3	15.4	16.5	11	11	18.7	25.3	16.5	28.6	12.1	22	17.6	33	19.8	22	17.6	26.4	28.6	26.4	23.1	23.1	17.6	23.1	17.6	30.8	33	23.1	29.7	16.5	33	23.1	28.6	19.8	27.5	26.4	28.6	15.4	33	29.7	14.3	28.6	16.5	22	29.7	23.1	33	29.7	17.6	22	18.7	28.6	14.3	18.7	12.1	24.2	18.7	12.1	29.7	19.8	31.9	33	22	13.2	12.1	16.5	22	19.8	18.7	19.8	20.9	20.9	25.3	19.8	18.7	23.1	15.4	20.9	26.4	31.9	29.7	28.6	29.7	15.4	30.8	28.6	23.1	23.1	33	28.6	19.8	30.8	13.2	18.7	18.7	20.9	28.6	16.5	30.8	24.2	26.4	14.3	11	15.4	23.1	30.8	28.6	28.6	11	14.3	33	29.7	12.1	19.8	18.7	25.3	26.4	23.1	23.1	12.1	29.7	12.1	12.1	19.8	29.7	15.4	12.1	17.6	18.7	11	25.3	28.6	26.4	18.7	26.4	15.4	19.8	24.2	18.7	15.4	31.9	22	31.9	11	31.9	29.7	19.8	13.2	15.4	25.3	17.6	12.1	30.8	29.7	17.6	24.2	18.7	17.6	28.6	16.5	26.4	15.4	25.3	14.3	29.7	22	12.1	31.9	31.9	17.6	19.8	14.3	24.2	29.7	29.7	26.4	28.6	27.5	25.3	27.5	26.4	19.8	31.9	27.5	16.5	19.8	30.8	12.1	28.6	16.5	14.3	25.3	24.2	17.6	22	24.2	18.7	14.3	22	30.8	28.6	11	11	22	26.4	14.3	18.7	27.5	20.9	29.7	27.5	22	23.1	23.1	31.9	19.8	30.8	20.9	23.1	12.1	30.8	29.7	30.8	12.1	33	17.6	29.7	31.9	31.9	23.1	26.4	31.9	11	25.3	16.5	28.6	24.2	26.4	28.6	20.9	18.7	13.2	18.7	24.2	28.6	25.3	11	24.2	33	26.4	31.9	26.4	22	16.5	23.1	15.4	24.2	18.7	15.4	31.9	27.5	19.8	25.3	20.9	14.3	30.8	20.9	13.2	13.2	20.9	22	30.8	13.2	
30.8	22	28.6	19.8	17.6	20.9	33	17.6	14.3	30.8	15.4	20.9	33	27.5	12.1	30.8	14.3	33	26.4	29.7	
16	18	20	13	10	19	18	12	12	20	20	15	12	20	13	16	16	19	10	10	15	15	16	17	11	12	10	13	16	12	11	16	17	19	11	17	20	13	11	19	15	12	20	11	15	16	19	15	20	13	12	16	16	13	11	17	10	18	10	19	10	20	13	16	19	13	13	17	18	15	13	12	12	16	19	12	16	11	14	18	18	11	20	13	16	15	19	20	13	11	10	18	11	15	15	18	15	13	12	13	11	14	14	18	10	11	17	12	10	16	15	15	17	10	20	14	17	17	14	16	17	20	10	20	13	19	11	13	12	13	18	20	17	18	18	12	17	18	16	20	14	20	20	10	10	14	20	17	19	20	13	16	17	11	10	15	13	14	18	14	17	17	14	18	15	19	14	17	13	17	20	18	11	18	16	18	10	17	11	13	16	19	18	14	19	18	13	13	19	20	13	16	18	16	10	14	11	12	15	18	16	12	17	16	10	13	20	11	18	16	18	20	19	18	20	19	15	16	13	19	14	20	10	15	13	17	13	14	11	11	12	18	10	15	15	19	10	17	16	14	14	13	16	20	18	12	19	19	20	15	13	15	18	15	14	17	14	20	20	19	17	17	12	15	20	13	17	17	18	12	15	15	15	13	14	19	20	18	10	20	19	16	18	15	14	12	14	13	12	18	10	17	19	18	18	11	19	19	17	18	
1	1	1	1	1	1	1	1	1	1	1	1	2	2	2	2	2	2	2	2	2	2	2	2	2	2	2	3	3	3	3	3	3	3	3	3	3	3	3	4	4	4	4	4	4	4	4	4	4	4	4	4	4	4	5	5	5	5	5	5	5	5	5	5	5	5	5	5	5	5	5	5	6	6	6	6	6	6	6	6	6	6	6	6	6	6	6	6	6	6	7	7	7	7	7	7	7	7	7	7	7	7	7	7	8	8	8	8	8	8	8	8	8	8	8	8	8	8	8	8	8	9	9	9	9	9	9	9	9	9	9	9	9	9	9	9	9	9	10	10	10	10	10	10	10	10	10	10	10	10	10	11	11	11	11	11	11	11	11	11	11	12	12	12	12	12	12	12	12	12	12	12	12	12	12	12	12	12	12	12	12	12	13	13	13	13	13	13	13	13	13	13	13	13	13	14	14	14	14	14	14	14	14	14	14	14	14	14	14	14	14	14	14	15	15	15	15	15	15	15	15	15	15	15	15	15	15	15	16	16	16	16	16	16	16	16	16	16	16	17	17	17	17	17	17	17	17	17	17	17	17	17	17	17	17	17	17	17	17	18	18	18	18	18	18	18	18	18	18	18	19	19	19	19	19	19	19	19	19	19	19	19	20	20	20	20	20	20	20	20	20	20	20	20	20	20	20	20	20	20	
