400
10	3
609	26.4
27	27	26	29	26	31	30	29	26	31	30	31	30	27	29	28	26	31	29	30	27	30	28	27	27	28	29	31	28	29	27	29	30	26	28	31	27	29	28	31	31	28	26	29	30	29	29	29	28	29	31	30	29	31	28	26	31	29	28	30	27	30	29	30	29	28	29	26	26	31	31	31	29	30	31	30	30	31	29	29	26	30	26	31	27	27	31	29	31	31	28	26	27	30	31	28	29	27	27	27	28	27	27	30	28	30	29	26	26	27	29	27	26	29	29	30	27	31	29	26	26	27	27	30	26	30	26	31	27	30	26	26	27	31	27	28	29	27	28	26	26	31	27	30	26	29	27	31	30	27	27	31	26	31	29	31	29	29	30	28	31	26	30	29	27	26	28	29	28	27	27	28	31	29	29	31	27	28	31	28	29	26	28	26	28	31	28	28	26	28	27	29	31	28	26	28	29	26	27	29	26	27	26	26	30	27	26	29	29	29	27	30	31	28	29	26	30	30	31	29	26	27	30	28	26	29	30	31	27	29	26	29	31	26	27	28	29	27	28	31	30	29	27	26	26	28	26	26	28	27	31	29	29	26	31	28	29	31	29	31	27	28	26	26	30	30	27	27	30	30	27	28	28	29	30	29	29	30	29	27	31	27	30	27	29	30	26	31	28	30	26	26	27	31	27	28	27	29	27	30	26	27	26	29	31	27	29	30	29	30	29	28	26	29	31	27	30	27	31	30	28	29	26	26	31	27	31	31	28	29	29	31	29	30	27	29	30	29	31	30	29	29	29	28	27	26	27	26	27	26	26	31	28	26	29	28	26	30	26	28	28	30	27	26	29	28	30	29	26	30	26	28	30	29	27	27	29	27	27	28	31	27	30	29	31	30	28	28	28	27	26	31	26	31	29	31	26	30	29	28	
79	93	84	94	93	81	77	92	92	80	85	79	94	91	93	76	77	86	89	91	88	82	89	83	83	94	80	94	81	78	85	84	91	86	77	91	88	92	93	80	79	91	76	88	78	93	77	76	84	81	88	91	86	83	79	80	81	77	79	89	77	92	92	80	83	87	86	77	77	77	88	92	77	82	83	82	85	89	87	94	78	81	93	80	85	76	86	79	93	91	93	80	81	84	82	85	83	90	76	78	84	93	81	80	76	93	87	89	93	84	89	89	84	86	93	80	76	86	93	86	81	89	77	86	93	76	78	83	79	87	85	88	89	77	79	86	78	91	83	92	91	76	89	76	88	82	81	80	85	79	79	81	84	93	78	92	85	83	82	88	86	89	84	79	92	91	78	92	81	81	76	87	79	79	84	88	84	83	87	78	93	78	86	85	87	82	94	91	92	92	84	86	77	85	80	94	80	81	79	83	85	93	82	89	79	78	91	87	78	90	84	85	84	76	79	82	84	92	88	77	88	88	81	92	79	84	92	92	93	82	86	77	87	79	94	93	94	78	82	78	87	79	90	92	87	77	87	91	80	86	83	85	88	87	86	81	88	94	79	85	77	86	80	90	91	93	84	92	89	93	83	77	79	85	85	86	82	77	78	92	77	80	79	93	87	82	80	84	86	89	90	82	94	84	88	93	88	88	82	76	92	76	79	77	78	90	84	94	91	79	94	83	93	79	88	91	84	82	83	78	94	90	77	80	93	83	78	76	85	78	77	93	78	88	90	94	81	92	89	89	93	78	78	86	78	84	94	92	91	92	79	87	89	92	88	94	94	83	92	89	92	87	88	88	84	78	83	83	94	94	89	76	86	79	89	83	88	77	76	87	78	79	78	82	94	83	82	81	90	79	86	80	91	78	76	90	86	79	88	79	
23.1	30.8	17.6	13.2	15.4	23.1	31.9	25.3	14.3	19.8	13.2	15.4	13.2	25.3	16.5	17.6	13.2	28.6	12.1	12.1	27.5	18.7	30.8	11	19.8	22	28.6	28.6	17.6	12.1	17.6	15.4	18.7	17.6	31.9	17.6	14.3	28.6	14.3	11	30.8	16.5	17.6	20.9	16.5	19.8	19.8	19.8	14.3	17.6	26.4	18.7	28.6	27.5	20.9	23.1	28.6	12.1	30.8	27.5	17.6	16.5	25.3	17.6	33	27.5	30.8	12.1	33	19.8	20.9	26.4	22	15.4	23.1	11	28.6	33	16.5	23.1	29.7	22	12.1	12.1	33	18.7	15.4	29.7	33	23.1	27.5	11	15.4	31.9	27.5	19.8	23.1	24.2	13.2	30.8	24.2	20.9	11	27.5	20.9	23.1	19.8	15.4	13.2	28.6	27.5	26.4	25.3	22	26.4	17.6	16.5	19.8	26.4	29.7	26.4	14.3	19.8	24.2	13.2	18.7	26.4	20.9	16.5	29.7	22	23.1	30.8	30.8	22	24.2	33	20.9	17.6	13.2	33	22	33	28.6	29.7	26.4	17.6	16.5	28.6	16.5	12.1	31.9	14.3	11	20.9	30.8	33	23.1	20.9	29.7	20.9	33	24.2	15.4	27.5	33	20.9	31.9	29.7	30.8	11	26.4	23.1	13.2	16.5	11	31.9	13.2	19.8	31.9	22	12.1	15.4	11	22	30.8	23.1	17.6	11	18.7	31.9	16.5	16.5	13.2	20.9	33	11	23.1	14.3	20.9	18.7	30.8	29.7	27.5	24.2	15.4	15.4	27.5	19.8	16.5	33	25.3	19.8	30.8	18.7	33	31.9	20.9	33	25.3	17.6	26.4	13.2	16.5	19.8	18.7	18.7	13.2	12.1	22	16.5	14.3	24.2	19.8	17.6	18.7	12.1	33	11	29.7	13.2	15.4	24.2	17.6	17.6	26.4	17.6	20.9	18.7	23.1	27.5	22	26.4	33	15.4	22	33	22	25.3	17.6	22	31.9	16.5	12.1	33	23.1	11	16.5	14.3	22	20.9	30.8	26.4	20.9	30.8	15.4	20.9	30.8	22	29.7	19.8	20.9	22	22	19.8	30.8	29.7	26.4	31.9	24.2	27.5	28.6	16.5	15.4	18.7	16.5	23.1	26.4	31.9	26.4	27.5	31.9	28.6	31.9	16.5	17.6	24.2	31.9	23.1	28.6	12.1	17.6	24.2	12.1	33	24.2	29.7	23.1	23.1	23.1	19.8	18.7	17.6	28.6	17.6	20.9	24.2	11	23.1	15.4	27.5	23.1	15.4	18.7	29.7	18.7	16.5	29.7	31.9	20.9	31.9	23.1	13.2	14.3	22	24.2	18.7	17.6	14.3	29.7	31.9	18.7	20.9	18.7	31.9	22	19.8	12.1	25.3	31.9	26.4	25.3	29.7	22	31.9	15.4	20.9	15.4	14.3	26.4	20.9	15.4	20.9	33	29.7	13.2	31.9	31.9	14.3	20.9	28.6	15.4	23.1	17.6	12.1	11	13.2	15.4	33	13.2	20.9	25.3	24.2	24.2	12.1	29.7	14.3	11	12.1	18.7	
15.4	20.9	18.7	30.8	18.7	12.1	27.5	26.4	30.8	19.8	22	12.1	27.5	29.7	20.9	27.5	11	16.5	13.2	25.3	19.8	19.8	27.5	16.5	31.9	25.3	29.7	23.1	26.4	14.3	11	24.2	17.6	30.8	29.7	24.2	31.9	29.7	16.5	12.1	27.5	11	13.2	23.1	30.8	14.3	15.4	25.3	17.6	30.8	31.9	17.6	16.5	27.5	30.8	27.5	18.7	23.1	19.8	22	22	20.9	23.1	12.1	25.3	26.4	12.1	29.7	28.6	30.8	29.7	31.9	25.3	17.6	30.8	19.8	24.2	30.8	12.1	19.8	29.7	22	29.7	28.6	26.4	30.8	12.1	14.3	33	11	24.2	24.2	15.4	14.3	28.6	22	22	11	26.4	16.5	26.4	28.6	13.2	12.1	23.1	29.7	30.8	23.1	18.7	11	14.3	22	28.6	25.3	26.4	12.1	28.6	17.6	13.2	33	33	15.4	20.9	26.4	20.9	33	29.7	33	20.9	17.6	11	13.2	11	18.7	17.6	30.8	27.5	12.1	27.5	13.2	30.8	12.1	31.9	24.2	22	31.9	11	30.8	27.5	17.6	31.9	24.2	11	15.4	23.1	18.7	31.9	30.8	26.4	15.4	24.2	25.3	13.2	23.1	13.2	26.4	20.9	11	17.6	31.9	29.7	14.3	31.9	30.8	22	33	29.7	13.2	17.6	30.8	18.7	24.2	22	18.7	26.4	13.2	15.4	17.6	15.4	20.9	15.4	31.9	16.5	17.6	18.7	24.2	30.8	19.8	33	30.8	19.8	31.9	11	11	24.2	11	31.9	22	12.1	29.7	26.4	19.8	12.1	14.3	19.8	14.3	25.3	23.1	17.6	12.1	31.9	33	14.3	23.1	31.9	20.9	16.5	18.7	19.8	11	29.7	18.7	23.1	18.7	24.2	16.5	11	27.5	31.9	13.2	17.6	23.1	20.9	11	19.8	23.1	11	23.1	18.7	25.3	24.2	29.7	25.3	19.8	20.9	12.1	24.2	14.3	11	28.6	25.3	18.7	11	14.3	15.4	26.4	20.9	19.8	27.5	27.5	23.1	14.3	18.7	15.4	33	26.4	18.7	19.8	19.8	28.6	22	17.6	29.7	24.2	30.8	16.5	11	20.9	24.2	33	30.8	18.7	33	18.7	22	13.2	23.1	12.1	17.6	11	22	25.3	26.4	22	11	27.5	18.7	19.8	20.9	18.7	11	31.9	18.7	13.2	17.6	11	30.8	12.1	13.2	13.2	15.4	27.5	26.4	24.2	29.7	29.7	28.6	25.3	19.8	26.4	24.2	18.7	22	13.2	14.3	27.5	26.4	16.5	27.5	17.6	26.4	25.3	12.1	14.3	33	27.5	23.1	26.4	15.4	17.6	28.6	26.4	27.5	22	33	31.9	30.8	19.8	13.2	15.4	22	16.5	27.5	19.8	25.3	23.1	12.1	17.6	18.7	11	27.5	11	19.8	29.7	27.5	20.9	26.4	18.7	25.3	29.7	11	27.5	15.4	30.8	12.1	33	20.9	22	29.7	22	31.9	23.1	23.1	33	12.1	12.1	12.1	13.2	19.8	16.5	
11	19.8	27.5	24.2	15.4	24.2	15.4	30.8	12.1	24.2	
20	12	11	20	10	20	16	14	17	14	20	13	18	17	18	20	18	10	15	17	14	13	13	16	17	10	16	20	19	19	16	20	12	15	11	19	15	15	11	19	19	10	18	15	19	10	13	15	17	13	20	14	13	17	19	18	13	17	16	16	14	17	17	18	16	12	14	12	16	13	18	19	12	15	14	12	16	20	11	15	15	15	20	15	10	11	12	14	10	10	19	17	13	12	13	10	10	14	10	19	16	11	15	12	13	16	17	20	15	11	12	20	15	20	10	19	13	14	12	18	18	20	18	18	13	20	17	17	14	13	12	19	15	11	11	18	19	12	15	14	11	11	10	10	14	14	12	19	15	13	14	19	12	16	14	17	12	12	15	20	17	14	16	10	13	18	13	15	17	16	10	19	15	14	15	10	16	12	14	20	11	10	12	16	13	12	12	18	19	13	15	14	16	12	15	20	11	11	19	19	20	18	18	16	12	16	18	10	12	19	10	13	16	17	12	15	15	19	17	13	19	12	11	14	18	14	13	12	14	13	11	16	17	12	18	18	10	20	19	16	13	15	14	15	13	14	17	10	18	14	11	17	18	15	17	14	10	16	12	11	14	11	20	12	11	11	10	19	14	14	12	14	13	16	11	19	12	18	13	14	19	18	10	13	13	14	16	15	12	15	18	15	17	16	14	20	16	10	11	12	10	19	17	16	11	12	19	16	18	18	19	20	16	16	17	10	20	19	12	17	14	18	13	17	16	15	12	10	18	19	10	18	14	17	16	15	15	14	11	14	18	20	11	16	14	19	16	11	18	17	15	20	10	17	15	10	12	20	15	10	10	12	19	19	18	10	16	19	11	18	12	17	15	16	14	13	17	20	15	19	17	15	10	11	16	10	18	13	11	15	18	18	19	12	15	19	16	12	20	15	
1	1	1	1	1	1	1	1	1	1	1	1	1	1	1	1	1	1	1	1	1	1	1	1	1	1	1	1	1	1	1	1	1	1	1	1	1	1	1	1	1	1	1	1	1	1	2	2	2	2	2	2	2	2	2	2	2	2	2	2	2	2	2	2	2	2	2	2	2	2	2	2	2	3	3	3	3	3	3	3	3	3	3	3	3	3	3	3	3	3	3	3	3	3	3	3	3	3	3	3	3	3	3	4	4	4	4	4	4	4	4	4	4	4	4	4	4	4	4	4	4	4	4	4	4	4	4	4	4	4	4	4	4	4	4	4	4	4	4	4	4	4	4	4	4	4	4	4	4	4	5	5	5	5	5	5	5	5	5	5	5	5	5	5	5	5	5	5	5	5	5	5	5	5	5	5	5	5	5	5	6	6	6	6	6	6	6	6	6	6	6	6	6	6	6	6	6	6	6	6	6	6	6	6	6	6	6	6	6	6	6	6	6	6	6	6	6	6	6	6	6	6	6	6	6	6	7	7	7	7	7	7	7	7	7	7	7	7	7	7	7	7	7	7	7	7	7	7	7	7	7	7	7	7	7	7	7	7	7	7	8	8	8	8	8	8	8	8	8	8	8	8	8	8	8	8	8	8	8	8	8	8	8	8	8	8	8	8	8	8	8	8	8	8	8	8	8	8	8	8	8	8	8	8	8	8	8	8	8	8	8	8	8	8	8	8	8	8	9	9	9	9	9	9	9	9	9	9	9	9	9	9	9	9	9	9	9	9	9	9	9	9	9	9	9	9	9	9	9	9	9	9	9	9	10	10	10	10	10	10	10	10	10	10	10	10	10	10	10	10	10	10	10	10	10	10	10	10	10	10	10	10	10	10	10	10	10	10	10	10	10	10	10	10	10	10	10	10	10	10	
