200
10	2
312	22
27	26	31	31	30	29	27	30	31	28	28	30	28	31	26	31	30	29	28	29	29	29	29	28	31	31	30	28	27	26	30	27	26	26	31	30	29	31	31	28	27	26	28	31	27	30	31	29	26	28	26	31	30	28	28	30	31	27	27	31	31	27	28	28	29	27	30	30	26	26	28	28	30	28	28	26	30	26	26	30	31	30	28	27	30	26	30	31	29	29	29	26	27	30	31	31	27	29	28	31	27	30	30	30	31	26	31	30	27	31	27	29	29	30	29	26	28	26	29	26	26	29	29	30	30	27	27	29	30	29	27	27	31	31	26	31	31	27	27	31	30	30	28	27	26	27	29	27	27	29	30	28	30	31	28	28	27	30	27	27	28	28	31	29	27	31	27	30	26	28	29	31	29	26	27	31	28	31	26	30	31	30	31	28	29	28	26	29	27	26	29	28	29	27	28	26	27	29	27	27	
93	91	81	88	85	80	90	78	88	76	88	82	87	90	88	92	88	90	94	81	78	88	79	85	85	89	76	93	88	88	86	86	87	87	81	92	86	83	92	93	84	81	89	82	77	78	80	85	88	81	77	79	82	83	85	79	79	94	87	83	92	85	92	78	85	79	81	81	94	90	77	78	84	91	94	82	80	91	90	94	90	91	93	78	82	92	86	87	88	85	82	85	88	87	94	94	86	83	89	87	85	83	93	87	89	84	83	91	84	89	89	90	94	93	93	91	87	83	85	87	93	77	92	94	78	93	85	93	91	77	88	88	93	94	76	89	80	86	92	87	86	83	82	87	90	78	91	79	91	80	92	91	79	80	86	88	88	83	91	77	82	88	86	87	87	87	83	89	92	91	90	93	76	94	80	79	79	77	88	80	81	85	93	81	90	80	84	79	85	79	94	80	94	83	93	93	79	93	81	85	
20.9	24.2	13.2	22	26.4	22	22	28.6	25.3	16.5	25.3	15.4	25.3	12.1	13.2	16.5	22	29.7	13.2	28.6	14.3	19.8	33	17.6	12.1	15.4	33	33	31.9	24.2	13.2	24.2	16.5	30.8	26.4	12.1	25.3	30.8	33	30.8	23.1	23.1	15.4	23.1	23.1	31.9	18.7	29.7	16.5	30.8	11	29.7	29.7	19.8	29.7	27.5	18.7	15.4	11	15.4	11	18.7	26.4	25.3	26.4	11	19.8	20.9	29.7	27.5	14.3	33	29.7	13.2	29.7	16.5	22	22	25.3	30.8	23.1	27.5	15.4	27.5	27.5	29.7	30.8	29.7	30.8	30.8	29.7	29.7	22	31.9	12.1	25.3	33	25.3	24.2	19.8	28.6	20.9	13.2	12.1	31.9	27.5	18.7	14.3	26.4	12.1	24.2	15.4	31.9	33	18.7	27.5	26.4	17.6	28.6	19.8	12.1	30.8	14.3	20.9	27.5	28.6	30.8	17.6	11	23.1	22	24.2	23.1	24.2	11	13.2	20.9	15.4	17.6	23.1	28.6	18.7	28.6	29.7	28.6	19.8	23.1	31.9	12.1	13.2	13.2	27.5	12.1	23.1	18.7	22	31.9	14.3	13.2	15.4	13.2	17.6	22	27.5	15.4	15.4	24.2	30.8	31.9	23.1	20.9	20.9	11	14.3	14.3	15.4	11	20.9	26.4	18.7	28.6	28.6	25.3	24.2	15.4	18.7	11	25.3	19.8	14.3	14.3	26.4	23.1	31.9	17.6	22	20.9	27.5	27.5	31.9	
23.1	26.4	11	26.4	30.8	30.8	30.8	13.2	29.7	11	11	20.9	33	13.2	16.5	12.1	22	13.2	30.8	18.7	23.1	11	26.4	11	33	17.6	15.4	23.1	23.1	25.3	26.4	18.7	27.5	29.7	27.5	28.6	22	33	22	23.1	14.3	24.2	30.8	18.7	13.2	23.1	20.9	28.6	14.3	30.8	15.4	31.9	20.9	11	28.6	20.9	30.8	20.9	11	29.7	30.8	19.8	11	12.1	19.8	20.9	17.6	23.1	26.4	11	18.7	11	28.6	18.7	28.6	13.2	12.1	33	30.8	25.3	31.9	13.2	16.5	15.4	14.3	19.8	28.6	24.2	15.4	30.8	26.4	18.7	18.7	22	26.4	16.5	33	13.2	19.8	28.6	29.7	30.8	19.8	24.2	16.5	17.6	23.1	26.4	12.1	23.1	14.3	29.7	27.5	29.7	11	29.7	20.9	29.7	33	31.9	18.7	30.8	33	30.8	19.8	11	20.9	27.5	24.2	16.5	19.8	30.8	30.8	18.7	19.8	13.2	11	14.3	14.3	31.9	16.5	16.5	15.4	17.6	18.7	25.3	25.3	26.4	27.5	31.9	33	31.9	15.4	11	29.7	28.6	20.9	25.3	12.1	31.9	11	20.9	19.8	15.4	31.9	25.3	19.8	22	27.5	24.2	13.2	28.6	29.7	28.6	26.4	29.7	33	20.9	12.1	33	15.4	18.7	17.6	28.6	18.7	13.2	17.6	25.3	15.4	25.3	28.6	17.6	28.6	14.3	20.9	25.3	28.6	13.2	31.9	19.8	
27.5	27.5	28.6	11	18.7	18.7	13.2	24.2	16.5	19.8	
14	18	13	16	19	17	13	17	10	19	10	17	11	11	17	20	12	13	18	14	12	13	17	11	13	11	11	18	19	11	11	16	18	17	17	11	11	11	19	13	10	18	11	13	11	13	20	12	17	20	19	16	17	15	12	15	12	17	20	11	14	16	11	10	10	17	10	19	15	16	17	18	15	11	18	11	11	15	18	15	13	16	10	14	13	14	11	14	19	20	16	18	13	17	10	15	18	16	15	14	15	19	11	15	10	12	14	17	17	12	14	18	13	10	13	18	12	11	11	20	18	13	10	11	14	20	17	18	20	20	18	19	18	20	12	12	18	15	11	10	15	12	11	13	14	13	14	14	12	17	13	10	19	15	18	20	16	17	20	11	15	11	13	19	19	17	10	19	11	17	16	16	17	16	12	15	15	17	14	13	18	19	10	20	18	20	11	15	19	16	10	11	17	13	11	12	14	10	17	13	
1	1	1	1	1	1	1	1	1	1	1	1	1	1	1	1	1	1	1	1	2	2	2	2	2	2	2	2	2	2	2	2	2	2	2	2	2	2	2	2	2	2	2	2	2	3	3	3	3	3	3	3	3	3	3	3	3	3	3	3	3	3	3	3	3	4	4	4	4	4	4	4	4	4	4	4	4	4	4	4	4	4	4	4	5	5	5	5	5	5	5	5	5	5	5	5	5	5	5	5	5	5	5	5	5	5	5	5	5	6	6	6	6	6	6	6	6	6	6	6	6	6	6	6	7	7	7	7	7	7	7	7	7	7	7	7	7	7	7	7	7	7	7	7	7	7	7	8	8	8	8	8	8	8	8	8	8	8	8	8	8	8	8	9	9	9	9	9	9	9	9	9	9	9	9	9	9	9	9	10	10	10	10	10	10	10	10	10	10	10	10	10	10	10	10	10	10	10	10	10	
