400
10	2
637	17.6
30	30	29	26	26	30	29	29	31	29	31	26	30	27	30	30	31	26	28	30	31	31	27	27	30	28	31	29	26	30	30	27	26	29	30	31	30	29	30	27	30	30	26	26	28	27	29	31	28	26	30	29	28	27	30	30	29	29	31	27	28	28	31	31	26	29	28	27	27	31	27	28	30	27	27	29	26	27	27	27	29	29	27	26	28	30	26	28	26	27	28	28	31	29	31	29	29	27	27	31	29	29	26	30	29	27	26	28	30	31	31	27	31	31	26	26	29	28	29	31	28	26	26	28	26	26	30	28	28	26	29	31	29	27	30	28	28	27	26	27	26	28	29	29	29	31	26	30	30	28	27	27	30	27	26	30	29	31	31	31	29	29	27	28	28	29	30	29	27	27	31	29	26	26	31	29	29	31	28	27	29	31	31	31	29	26	31	31	31	27	29	26	30	27	29	27	28	28	26	31	26	26	30	30	29	31	27	27	26	31	26	26	27	28	29	29	26	27	30	27	28	26	28	28	28	28	27	31	29	26	29	26	29	26	28	31	26	26	30	26	30	30	27	27	27	30	30	29	31	29	30	26	27	27	26	28	26	31	27	31	27	27	31	28	29	27	29	29	27	26	26	29	27	27	30	28	26	29	28	29	27	26	28	30	29	31	31	31	29	28	31	31	26	30	27	30	28	30	31	31	31	29	29	31	29	31	31	29	29	29	30	30	28	31	30	26	31	26	31	27	26	26	27	29	26	31	27	26	29	26	30	30	28	31	27	30	29	30	28	26	27	31	28	27	30	28	28	31	29	31	31	31	28	26	26	27	29	29	27	31	28	26	30	26	31	29	31	27	31	28	27	28	28	26	28	31	29	26	30	31	31	28	27	30	27	31	30	27	28	27	26	31	26	29	29	26	30	28	28	31	
77	88	80	94	80	79	84	81	81	84	79	81	92	80	90	94	86	90	86	88	93	78	78	86	83	76	76	88	88	80	85	76	92	85	81	89	80	76	90	81	81	81	79	87	85	79	90	81	82	91	84	80	79	87	91	80	94	91	79	83	89	81	76	82	78	81	81	78	77	77	84	89	76	86	78	84	88	85	80	76	92	86	91	89	87	87	84	85	88	80	94	85	79	81	94	84	94	92	87	86	77	84	83	78	88	85	86	78	86	92	77	77	77	76	77	90	84	83	92	85	87	77	84	87	83	85	81	94	81	92	76	80	86	88	77	77	84	80	92	87	79	76	85	85	82	79	81	78	93	90	84	84	78	93	94	92	80	89	80	94	89	82	80	88	92	76	86	80	81	76	85	77	85	77	91	89	77	88	84	83	88	85	93	82	76	87	81	90	82	81	92	90	86	80	93	94	88	86	78	85	77	94	93	83	80	94	89	93	78	84	90	81	89	83	79	89	92	82	88	82	90	79	84	90	77	82	84	78	92	91	81	92	88	76	81	81	92	93	87	77	90	86	90	92	78	82	76	91	84	85	81	83	85	85	76	85	93	91	83	85	92	86	85	81	82	78	82	76	85	80	76	81	88	81	94	93	80	91	88	78	92	86	87	90	79	93	87	78	93	79	94	86	91	77	87	77	78	84	82	78	91	93	87	89	82	93	85	81	94	80	90	94	94	88	87	80	90	79	93	80	85	88	82	93	92	92	78	84	94	90	91	79	91	77	94	78	94	88	88	91	78	81	90	77	84	77	89	80	77	84	88	81	80	87	90	76	83	87	89	86	88	77	80	80	87	87	87	92	84	87	78	77	83	83	90	94	81	88	83	94	76	90	76	85	77	86	79	91	81	88	94	90	84	93	79	76	88	82	82	78	
16.5	25.3	12.1	29.7	14.3	12.1	30.8	15.4	13.2	20.9	14.3	20.9	27.5	11	19.8	13.2	11	30.8	33	20.9	18.7	31.9	26.4	13.2	14.3	26.4	11	12.1	31.9	19.8	19.8	12.1	24.2	30.8	33	15.4	25.3	28.6	19.8	18.7	30.8	18.7	17.6	12.1	14.3	15.4	25.3	11	25.3	27.5	28.6	26.4	12.1	20.9	26.4	27.5	24.2	14.3	33	28.6	28.6	16.5	11	31.9	17.6	13.2	17.6	30.8	24.2	24.2	11	17.6	23.1	19.8	19.8	20.9	13.2	27.5	30.8	18.7	24.2	33	25.3	15.4	33	31.9	20.9	17.6	12.1	27.5	33	14.3	28.6	29.7	14.3	25.3	24.2	25.3	13.2	23.1	28.6	28.6	30.8	19.8	16.5	19.8	16.5	25.3	22	14.3	29.7	23.1	33	22	16.5	13.2	16.5	29.7	29.7	23.1	19.8	31.9	11	30.8	33	17.6	11	31.9	33	22	27.5	22	20.9	33	24.2	19.8	33	17.6	24.2	15.4	27.5	29.7	18.7	29.7	22	22	11	26.4	22	15.4	16.5	14.3	24.2	15.4	28.6	29.7	18.7	13.2	13.2	11	17.6	22	31.9	18.7	28.6	19.8	23.1	18.7	13.2	33	25.3	29.7	19.8	12.1	23.1	11	11	15.4	15.4	23.1	26.4	23.1	27.5	22	27.5	24.2	11	28.6	18.7	26.4	29.7	11	16.5	25.3	19.8	20.9	28.6	16.5	23.1	16.5	27.5	27.5	31.9	13.2	18.7	16.5	30.8	24.2	17.6	23.1	19.8	26.4	33	16.5	29.7	33	14.3	19.8	15.4	24.2	12.1	28.6	33	33	29.7	30.8	28.6	33	13.2	26.4	14.3	27.5	18.7	29.7	14.3	24.2	20.9	17.6	14.3	22	28.6	11	31.9	13.2	33	22	18.7	22	17.6	24.2	31.9	31.9	11	19.8	12.1	18.7	17.6	14.3	33	13.2	33	26.4	20.9	17.6	23.1	31.9	22	19.8	31.9	22	14.3	27.5	25.3	11	15.4	31.9	33	26.4	30.8	33	14.3	28.6	33	25.3	18.7	31.9	20.9	17.6	25.3	33	29.7	30.8	24.2	29.7	29.7	11	15.4	25.3	24.2	33	19.8	19.8	24.2	14.3	30.8	28.6	25.3	17.6	18.7	30.8	12.1	25.3	18.7	22	17.6	15.4	14.3	19.8	18.7	26.4	33	14.3	33	17.6	16.5	29.7	27.5	12.1	14.3	14.3	13.2	14.3	26.4	14.3	30.8	20.9	22	13.2	17.6	13.2	16.5	15.4	17.6	20.9	23.1	30.8	27.5	33	17.6	19.8	23.1	20.9	23.1	27.5	30.8	23.1	31.9	11	18.7	17.6	27.5	18.7	23.1	28.6	22	18.7	19.8	12.1	11	23.1	26.4	30.8	33	17.6	24.2	29.7	15.4	20.9	27.5	28.6	15.4	15.4	22	18.7	16.5	29.7	33	23.1	18.7	11	22	16.5	18.7	28.6	28.6	17.6	15.4	28.6	19.8	30.8	
13.2	33	20.9	12.1	28.6	15.4	33	22	27.5	20.9	18.7	30.8	17.6	33	23.1	27.5	28.6	14.3	20.9	13.2	16.5	24.2	17.6	25.3	28.6	24.2	14.3	15.4	18.7	29.7	15.4	33	25.3	25.3	15.4	17.6	12.1	22	26.4	12.1	24.2	26.4	26.4	25.3	12.1	20.9	12.1	22	22	31.9	28.6	14.3	18.7	24.2	30.8	11	33	11	33	19.8	33	29.7	16.5	13.2	25.3	25.3	26.4	28.6	16.5	12.1	33	27.5	14.3	33	15.4	14.3	14.3	30.8	19.8	13.2	15.4	30.8	13.2	33	11	13.2	23.1	14.3	24.2	18.7	16.5	30.8	11	15.4	20.9	18.7	31.9	17.6	11	24.2	23.1	24.2	23.1	28.6	28.6	26.4	29.7	30.8	17.6	18.7	15.4	23.1	12.1	13.2	14.3	20.9	13.2	19.8	11	12.1	31.9	11	33	30.8	22	23.1	19.8	14.3	14.3	11	18.7	18.7	29.7	27.5	24.2	23.1	25.3	15.4	14.3	33	26.4	22	29.7	13.2	27.5	23.1	24.2	15.4	22	16.5	30.8	18.7	31.9	16.5	30.8	23.1	29.7	28.6	31.9	26.4	12.1	30.8	18.7	27.5	25.3	14.3	18.7	15.4	22	16.5	26.4	25.3	11	26.4	17.6	12.1	12.1	26.4	18.7	25.3	14.3	31.9	15.4	13.2	15.4	30.8	19.8	17.6	22	11	22	15.4	23.1	28.6	22	24.2	30.8	19.8	14.3	20.9	19.8	30.8	24.2	14.3	27.5	20.9	17.6	11	18.7	22	11	18.7	22	12.1	31.9	12.1	30.8	29.7	23.1	24.2	28.6	17.6	27.5	23.1	16.5	17.6	20.9	17.6	11	11	17.6	11	30.8	18.7	33	20.9	11	28.6	11	20.9	20.9	26.4	12.1	11	13.2	11	30.8	28.6	26.4	26.4	11	33	19.8	20.9	20.9	18.7	24.2	28.6	14.3	33	13.2	16.5	18.7	26.4	26.4	14.3	16.5	30.8	17.6	16.5	22	33	30.8	17.6	23.1	28.6	33	33	20.9	11	20.9	14.3	14.3	22	12.1	27.5	23.1	19.8	27.5	15.4	28.6	12.1	13.2	27.5	23.1	13.2	23.1	30.8	27.5	26.4	23.1	27.5	27.5	24.2	28.6	17.6	22	24.2	23.1	23.1	33	26.4	28.6	29.7	28.6	14.3	11	14.3	30.8	17.6	30.8	16.5	33	23.1	27.5	12.1	26.4	30.8	30.8	15.4	18.7	28.6	16.5	18.7	13.2	23.1	22	16.5	18.7	20.9	30.8	31.9	15.4	19.8	26.4	22	24.2	12.1	28.6	12.1	25.3	23.1	24.2	15.4	30.8	30.8	17.6	27.5	30.8	28.6	25.3	22	33	12.1	28.6	19.8	29.7	12.1	30.8	28.6	23.1	13.2	18.7	30.8	29.7	26.4	13.2	30.8	30.8	19.8	15.4	31.9	23.1	25.3	16.5	17.6	24.2	18.7	12.1	23.1	23.1	28.6	16.5	17.6	29.7	19.8	27.5	27.5	24.2	30.8	
17.6	22	16.5	28.6	23.1	22	22	27.5	11	28.6	
17	20	19	20	10	18	20	18	17	17	20	19	19	10	11	15	10	13	15	12	10	19	16	19	18	11	12	17	14	20	12	15	10	13	17	12	17	12	18	10	14	11	12	13	11	14	17	17	14	20	15	16	11	15	11	18	14	14	16	17	10	14	20	20	18	18	15	15	17	16	17	20	14	16	14	12	18	19	20	14	16	17	19	15	13	12	17	17	14	19	20	17	14	12	17	10	14	20	11	20	16	18	13	11	14	18	15	10	10	12	12	10	13	14	11	18	12	12	18	17	10	18	13	14	16	13	18	20	18	12	11	12	16	14	10	20	18	19	17	17	16	13	17	12	20	16	15	18	17	19	11	14	14	15	13	17	18	18	14	15	15	13	15	15	17	20	17	18	19	15	12	12	12	13	19	18	18	17	17	18	12	18	14	15	15	12	19	10	16	13	11	13	20	15	13	20	18	16	19	16	10	11	20	15	11	18	14	14	14	19	17	11	13	12	18	17	17	10	16	17	16	17	18	15	16	17	19	18	10	15	11	13	10	10	16	10	14	14	15	12	17	13	13	16	17	10	15	10	20	16	12	10	14	14	10	20	18	10	10	17	20	19	11	12	16	10	19	13	14	12	12	10	16	19	13	15	20	15	14	15	10	10	18	12	14	14	13	18	20	12	20	18	20	10	16	14	12	12	20	11	17	17	15	20	19	11	13	11	17	10	10	11	12	10	20	12	17	15	20	10	18	19	18	20	18	13	13	17	10	11	12	18	12	10	14	11	13	14	11	18	14	14	12	18	18	17	17	16	10	18	20	15	16	14	16	17	17	14	16	19	13	16	14	19	19	13	10	11	17	20	16	12	18	11	11	18	15	13	11	16	16	14	13	20	14	11	20	14	11	20	15	10	12	20	16	12	13	17	16	14	
1	1	1	1	1	1	1	1	1	1	1	1	1	1	1	1	1	1	1	1	1	1	1	1	1	1	1	1	1	1	1	1	1	1	1	1	1	1	1	2	2	2	2	2	2	2	2	2	2	2	2	2	2	2	2	2	2	2	2	2	2	2	2	2	2	2	2	2	2	2	2	2	2	2	2	2	2	2	2	2	2	2	3	3	3	3	3	3	3	3	3	3	3	3	3	3	3	3	3	3	3	3	3	3	3	3	3	3	3	3	3	3	3	3	3	3	3	3	3	3	3	3	3	3	3	3	3	3	4	4	4	4	4	4	4	4	4	4	4	4	4	4	4	4	4	4	4	4	4	4	4	4	4	4	4	4	4	4	4	4	4	4	4	4	4	4	4	4	4	4	4	4	4	4	4	4	4	5	5	5	5	5	5	5	5	5	5	5	5	5	5	5	5	5	5	5	5	5	5	5	5	5	5	5	5	5	5	5	5	5	5	5	5	5	5	5	5	5	5	5	5	5	5	6	6	6	6	6	6	6	6	6	6	6	6	6	6	6	6	6	6	6	6	6	6	6	6	6	6	6	7	7	7	7	7	7	7	7	7	7	7	7	7	7	7	7	7	7	7	7	7	7	7	7	7	7	7	7	7	7	7	7	7	7	7	7	7	7	7	7	7	7	7	8	8	8	8	8	8	8	8	8	8	8	8	8	8	8	8	8	8	8	8	8	8	8	8	8	8	8	8	8	8	8	8	8	8	8	8	8	8	9	9	9	9	9	9	9	9	9	9	9	9	9	9	9	9	9	9	9	9	9	9	9	9	9	9	9	9	9	9	9	9	9	9	9	10	10	10	10	10	10	10	10	10	10	10	10	10	10	10	10	10	10	10	10	10	10	10	10	10	10	10	10	10	10	10	10	10	10	
