400
30	4
217	24.2
28	29	28	26	28	31	28	30	28	29	28	26	26	28	27	26	31	28	30	30	29	28	29	27	30	31	28	26	27	29	31	31	29	31	27	26	26	28	26	31	29	26	27	26	28	28	29	26	29	28	28	26	29	29	29	29	30	31	29	31	29	31	31	31	30	31	26	28	31	27	30	28	30	27	28	31	28	27	27	31	28	30	26	31	28	27	27	26	26	27	26	29	27	26	26	29	31	30	27	29	30	29	29	29	27	26	31	30	28	31	26	31	29	30	30	31	27	26	29	27	31	29	29	26	26	31	28	29	27	29	31	26	31	28	31	26	26	28	26	30	28	27	29	29	26	26	26	27	26	27	27	27	28	27	27	29	31	26	26	30	31	28	30	26	30	28	30	28	31	30	31	30	27	30	26	30	29	26	30	29	31	28	28	29	29	27	30	28	28	28	30	30	29	29	29	26	26	29	26	29	30	28	26	29	28	31	26	27	29	30	31	27	27	30	28	31	26	30	30	26	29	28	31	31	28	30	28	29	29	28	28	27	31	29	27	31	26	29	28	27	26	28	29	26	28	29	31	31	28	30	30	29	29	31	26	28	27	30	27	31	31	30	26	27	29	31	28	26	31	31	30	30	31	31	29	29	27	30	27	26	26	26	30	30	28	27	29	28	30	26	31	29	28	28	30	31	29	27	26	26	28	30	26	29	26	27	31	28	31	30	27	29	30	31	26	30	28	29	28	31	28	30	27	28	27	28	28	26	31	26	27	31	31	27	30	28	30	27	31	26	29	26	26	29	26	29	30	30	27	27	30	26	30	26	29	30	31	26	31	29	31	29	30	28	30	28	29	26	31	29	31	29	29	30	31	27	28	26	28	27	30	28	30	27	31	27	28	27	31	30	26	29	26	28	29	31	28	28	29	26	
85	88	94	89	80	92	78	90	88	82	84	76	89	87	77	87	88	79	81	84	89	94	87	92	77	79	81	76	88	90	94	89	78	78	91	82	94	89	93	85	86	79	76	79	82	87	93	77	79	83	83	85	77	87	78	82	76	79	87	77	89	87	89	86	86	90	86	94	91	84	79	81	92	79	87	80	94	84	94	92	88	83	85	83	77	80	92	83	85	88	85	80	82	91	90	88	78	88	78	91	81	80	84	88	89	87	78	88	85	78	92	83	85	84	94	82	90	89	87	94	78	76	87	89	90	87	90	88	94	79	78	80	89	77	93	85	85	88	83	91	84	82	90	82	79	77	84	94	85	88	82	78	92	89	90	83	91	82	87	86	84	81	91	93	88	89	84	78	77	78	79	93	86	88	92	93	76	88	83	86	87	90	81	89	82	90	78	91	85	93	78	79	94	82	90	82	81	92	86	83	86	78	81	84	84	94	91	86	81	78	85	80	92	90	87	77	90	93	85	85	91	84	83	82	90	81	85	84	89	84	94	78	85	92	81	94	92	90	76	84	82	94	90	83	86	91	84	80	85	91	86	80	81	87	87	93	94	89	89	92	81	84	80	82	88	94	85	88	86	91	77	87	94	89	79	91	76	90	86	87	79	94	78	82	83	90	89	86	81	79	90	83	78	86	90	88	78	81	89	85	81	87	77	80	94	89	78	86	94	81	80	91	86	81	94	85	90	93	93	91	86	94	94	88	88	89	88	87	76	91	83	80	80	86	88	78	91	81	83	89	80	80	94	85	86	89	78	82	91	77	86	86	88	90	82	89	78	78	89	82	84	84	76	82	76	85	91	82	88	93	94	81	94	81	77	83	79	77	85	93	84	87	88	83	93	81	83	83	86	79	94	92	77	84	77	94	87	84	85	87	
14.3	14.3	31.9	18.7	12.1	24.2	18.7	30.8	14.3	28.6	33	22	12.1	30.8	25.3	29.7	24.2	29.7	33	28.6	12.1	31.9	18.7	26.4	28.6	17.6	22	30.8	15.4	15.4	29.7	15.4	18.7	22	26.4	31.9	14.3	18.7	18.7	15.4	19.8	33	13.2	33	20.9	30.8	14.3	22	25.3	25.3	16.5	14.3	17.6	25.3	17.6	28.6	22	23.1	11	30.8	14.3	30.8	17.6	16.5	30.8	28.6	11	18.7	18.7	31.9	17.6	12.1	28.6	12.1	27.5	31.9	15.4	23.1	29.7	28.6	18.7	20.9	29.7	14.3	20.9	31.9	31.9	20.9	30.8	24.2	27.5	25.3	15.4	16.5	28.6	33	25.3	24.2	12.1	16.5	24.2	17.6	17.6	23.1	15.4	23.1	26.4	12.1	25.3	19.8	25.3	23.1	20.9	26.4	29.7	33	23.1	11	13.2	33	14.3	15.4	28.6	28.6	12.1	11	11	28.6	13.2	13.2	16.5	30.8	16.5	13.2	30.8	15.4	19.8	33	23.1	26.4	27.5	18.7	29.7	33	19.8	27.5	23.1	15.4	33	26.4	26.4	26.4	14.3	33	19.8	23.1	11	29.7	25.3	19.8	24.2	25.3	11	20.9	31.9	26.4	31.9	24.2	23.1	13.2	17.6	16.5	11	18.7	24.2	33	18.7	27.5	12.1	23.1	31.9	18.7	12.1	28.6	26.4	31.9	15.4	11	29.7	19.8	20.9	22	17.6	13.2	15.4	23.1	28.6	29.7	27.5	15.4	12.1	22	24.2	14.3	30.8	25.3	33	22	23.1	31.9	25.3	25.3	15.4	12.1	29.7	18.7	17.6	29.7	23.1	25.3	24.2	17.6	26.4	11	23.1	33	26.4	31.9	22	14.3	29.7	23.1	23.1	20.9	18.7	16.5	24.2	28.6	25.3	31.9	13.2	16.5	22	28.6	27.5	28.6	31.9	23.1	29.7	28.6	16.5	31.9	28.6	14.3	33	14.3	12.1	30.8	25.3	16.5	27.5	26.4	18.7	18.7	13.2	29.7	26.4	11	20.9	15.4	31.9	16.5	24.2	29.7	24.2	25.3	31.9	15.4	12.1	25.3	13.2	27.5	17.6	11	33	23.1	28.6	26.4	25.3	19.8	33	29.7	15.4	33	26.4	25.3	27.5	20.9	18.7	31.9	24.2	25.3	15.4	17.6	33	23.1	20.9	25.3	15.4	20.9	11	14.3	18.7	29.7	16.5	31.9	16.5	22	14.3	24.2	12.1	11	24.2	27.5	12.1	27.5	12.1	20.9	19.8	27.5	25.3	22	30.8	28.6	33	17.6	31.9	29.7	13.2	33	27.5	24.2	13.2	31.9	11	19.8	29.7	25.3	16.5	15.4	18.7	11	31.9	31.9	29.7	15.4	17.6	15.4	19.8	19.8	26.4	13.2	18.7	30.8	22	31.9	30.8	18.7	25.3	30.8	27.5	12.1	14.3	16.5	26.4	11	16.5	27.5	19.8	20.9	26.4	28.6	16.5	20.9	26.4	29.7	15.4	15.4	20.9	16.5	26.4	23.1	25.3	23.1	16.5	22	33	13.2	18.7	19.8	
11	29.7	23.1	28.6	29.7	13.2	25.3	28.6	13.2	12.1	24.2	22	24.2	14.3	20.9	16.5	23.1	23.1	16.5	12.1	17.6	15.4	33	20.9	24.2	20.9	22	24.2	28.6	11	29.7	22	16.5	25.3	27.5	30.8	11	27.5	33	18.7	25.3	22	20.9	29.7	26.4	13.2	20.9	29.7	19.8	25.3	11	18.7	14.3	29.7	30.8	30.8	15.4	12.1	23.1	22	19.8	29.7	33	19.8	27.5	31.9	26.4	20.9	20.9	20.9	13.2	33	25.3	16.5	20.9	15.4	12.1	33	20.9	13.2	13.2	19.8	23.1	15.4	18.7	11	33	25.3	12.1	30.8	27.5	23.1	15.4	15.4	31.9	16.5	29.7	26.4	14.3	23.1	28.6	16.5	31.9	17.6	28.6	27.5	25.3	23.1	13.2	11	27.5	33	27.5	27.5	17.6	24.2	24.2	25.3	23.1	33	14.3	20.9	11	15.4	26.4	23.1	16.5	14.3	16.5	33	16.5	33	29.7	24.2	28.6	12.1	16.5	11	29.7	24.2	15.4	27.5	24.2	27.5	24.2	29.7	24.2	15.4	16.5	17.6	26.4	11	19.8	24.2	26.4	26.4	31.9	22	31.9	19.8	30.8	15.4	25.3	12.1	13.2	18.7	29.7	22	11	22	33	23.1	28.6	20.9	26.4	15.4	26.4	14.3	29.7	20.9	17.6	31.9	26.4	18.7	27.5	31.9	23.1	14.3	33	17.6	17.6	26.4	14.3	12.1	20.9	30.8	13.2	18.7	14.3	14.3	25.3	12.1	20.9	16.5	16.5	20.9	22	18.7	28.6	26.4	18.7	18.7	16.5	26.4	26.4	14.3	31.9	33	11	31.9	33	13.2	15.4	12.1	19.8	30.8	26.4	15.4	22	22	14.3	18.7	13.2	14.3	13.2	20.9	12.1	24.2	11	23.1	26.4	29.7	33	25.3	14.3	24.2	17.6	19.8	30.8	30.8	18.7	23.1	25.3	22	31.9	29.7	30.8	24.2	29.7	29.7	20.9	15.4	25.3	27.5	30.8	12.1	11	23.1	17.6	22	19.8	30.8	19.8	12.1	16.5	13.2	29.7	19.8	22	30.8	17.6	33	20.9	25.3	26.4	26.4	27.5	17.6	31.9	27.5	33	12.1	23.1	28.6	17.6	16.5	16.5	11	31.9	16.5	25.3	26.4	25.3	28.6	26.4	14.3	17.6	18.7	33	28.6	27.5	22	11	25.3	11	12.1	13.2	14.3	19.8	26.4	20.9	18.7	14.3	19.8	30.8	29.7	30.8	13.2	26.4	28.6	33	22	11	20.9	27.5	13.2	13.2	26.4	28.6	25.3	20.9	26.4	23.1	14.3	31.9	20.9	29.7	25.3	22	25.3	25.3	22	25.3	26.4	11	11	30.8	24.2	18.7	31.9	31.9	29.7	30.8	17.6	27.5	12.1	14.3	22	20.9	31.9	14.3	27.5	20.9	24.2	18.7	20.9	13.2	26.4	20.9	13.2	11	12.1	13.2	30.8	27.5	18.7	31.9	17.6	26.4	23.1	15.4	14.3	13.2	20.9	19.8	33	23.1	31.9	13.2	25.3	
28.6	16.5	23.1	33	15.4	22	14.3	33	18.7	11	14.3	23.1	22	24.2	33	24.2	19.8	12.1	27.5	18.7	19.8	29.7	33	19.8	30.8	23.1	33	20.9	11	33	
17	11	20	20	12	11	13	11	17	20	19	20	20	18	17	10	13	11	17	17	17	16	18	10	15	15	12	14	19	19	14	20	20	13	19	15	14	17	17	19	20	18	10	19	13	10	11	14	19	15	16	18	14	16	20	20	11	16	19	19	16	13	12	17	11	17	12	19	18	16	17	17	16	13	16	14	11	14	14	20	17	14	18	17	19	16	14	13	19	11	11	20	18	12	19	19	18	18	14	19	11	18	19	11	12	13	18	11	14	16	20	17	13	19	18	15	10	13	17	19	11	19	15	10	13	13	17	19	15	14	11	19	15	13	14	12	20	18	15	13	17	13	11	17	11	17	15	15	17	15	14	18	11	12	13	14	16	16	15	17	10	13	17	11	11	16	13	17	13	19	19	13	15	20	15	20	17	14	19	10	20	10	10	16	18	17	16	12	13	11	18	16	20	19	15	15	20	11	14	13	12	20	14	15	18	18	15	19	15	13	12	12	20	16	20	10	18	10	17	19	10	15	12	17	20	12	19	20	14	14	13	16	12	15	13	10	18	19	19	19	13	13	13	18	18	11	20	19	16	13	20	12	12	18	12	20	19	13	15	19	10	20	11	11	15	13	20	16	10	16	17	15	14	19	10	10	11	18	10	11	12	17	19	20	20	11	16	13	10	17	18	12	17	15	12	16	15	20	12	14	10	16	20	17	15	16	18	13	11	11	17	15	12	20	15	12	13	13	14	12	15	18	15	18	13	12	18	16	11	11	12	12	19	11	12	16	14	16	17	16	15	16	17	17	10	16	12	10	10	14	15	20	17	15	12	13	15	17	11	19	19	13	15	20	15	20	12	18	11	19	10	12	19	15	16	15	16	19	19	13	14	18	17	11	10	17	11	12	19	15	16	20	17	19	18	16	10	14	12	10	
1	1	1	1	1	1	1	1	1	1	1	1	1	1	1	1	1	1	2	2	2	2	2	2	2	2	2	2	2	2	3	3	3	3	3	3	3	3	3	3	3	3	4	4	4	4	4	4	4	4	4	4	4	4	4	4	4	4	4	5	5	5	5	5	5	5	5	5	6	6	6	6	6	6	6	6	7	7	7	7	7	7	8	8	8	8	8	8	8	8	8	8	8	8	8	8	8	9	9	9	9	9	9	9	9	9	9	9	9	9	9	9	10	10	10	10	10	10	10	10	10	10	11	11	11	11	11	11	11	11	11	11	11	12	12	12	12	12	12	12	12	12	12	12	12	13	13	13	13	13	13	13	13	13	13	13	13	13	13	13	13	13	14	14	14	14	14	14	14	14	15	15	15	15	15	15	15	15	15	15	15	16	16	16	16	16	16	16	16	16	16	16	16	16	17	17	17	17	17	17	17	17	17	17	17	18	18	18	18	18	18	18	18	18	18	18	18	18	18	18	18	18	18	18	19	19	19	19	19	19	19	19	19	19	19	19	20	20	20	20	20	20	20	20	20	21	21	21	21	21	21	21	21	21	21	21	21	21	21	21	21	21	21	21	22	22	22	22	22	22	22	22	22	22	22	22	22	22	22	22	22	23	23	23	23	23	23	23	23	23	23	23	23	23	23	23	23	23	23	23	24	24	24	24	24	24	24	24	24	24	24	24	24	24	24	24	24	25	25	25	25	25	25	25	25	25	25	25	25	26	26	26	26	26	26	26	26	26	26	26	26	26	27	27	27	27	27	27	27	27	27	27	27	28	28	28	28	28	28	28	28	28	28	28	28	28	28	28	29	29	29	29	29	29	29	29	29	29	29	29	29	30	30	30	30	30	30	30	30	30	30	30	30	30	30	30	30	30	30	30	
