200
10	2
317	12.1
26	27	30	27	26	29	26	27	30	28	28	26	29	30	31	29	31	27	29	31	26	26	30	29	30	27	27	29	26	29	28	26	26	27	27	29	26	29	27	31	31	29	29	30	28	31	26	31	28	27	29	31	31	29	29	28	26	26	26	31	27	26	31	30	30	31	30	30	27	29	27	27	28	27	30	30	26	29	29	26	28	30	31	27	26	31	29	26	27	28	28	26	30	28	29	26	26	27	26	27	30	27	26	26	30	28	31	26	31	26	29	30	26	27	30	31	30	27	28	27	29	29	26	29	29	29	30	29	27	27	30	29	31	30	31	28	26	30	26	29	31	28	27	29	30	27	29	31	27	30	30	27	29	30	30	28	31	29	26	30	30	31	27	30	30	26	29	26	30	26	27	28	30	28	26	26	29	26	27	31	29	29	31	30	29	28	30	31	31	31	31	27	26	28	27	26	27	31	31	26	
91	82	87	93	79	80	85	93	86	91	92	84	89	90	89	92	92	91	78	85	79	83	78	80	93	88	94	85	76	77	85	83	88	91	79	77	89	94	92	83	84	89	88	88	79	76	91	78	79	86	92	78	83	90	81	83	94	83	82	88	78	93	84	77	93	84	88	85	81	85	79	92	91	88	90	78	76	82	83	84	76	91	83	85	83	94	88	81	84	79	86	78	92	94	80	87	80	80	89	90	77	82	87	92	79	82	83	84	77	79	79	85	81	89	91	92	83	76	92	78	88	89	76	88	80	76	90	93	87	88	92	89	86	83	80	88	79	84	90	77	76	86	86	89	86	79	77	84	85	92	77	91	76	86	81	84	87	78	87	94	76	87	93	86	82	81	86	81	92	83	81	81	85	83	84	84	80	86	93	90	76	94	84	84	87	80	86	92	85	81	84	81	81	90	86	92	90	79	82	83	
26.4	28.6	27.5	27.5	26.4	18.7	24.2	25.3	20.9	13.2	20.9	12.1	15.4	28.6	18.7	17.6	12.1	24.2	16.5	26.4	26.4	17.6	16.5	24.2	26.4	28.6	25.3	24.2	22	22	33	20.9	30.8	14.3	11	15.4	31.9	27.5	16.5	31.9	27.5	22	12.1	23.1	20.9	31.9	19.8	31.9	25.3	25.3	12.1	11	23.1	15.4	27.5	15.4	25.3	24.2	31.9	29.7	29.7	17.6	11	33	27.5	14.3	17.6	17.6	16.5	26.4	29.7	15.4	33	14.3	14.3	17.6	12.1	12.1	12.1	16.5	16.5	27.5	17.6	31.9	30.8	20.9	11	31.9	17.6	11	30.8	22	27.5	15.4	30.8	27.5	26.4	23.1	33	15.4	23.1	14.3	30.8	28.6	24.2	17.6	11	16.5	25.3	15.4	25.3	11	17.6	16.5	24.2	18.7	28.6	14.3	25.3	16.5	19.8	13.2	28.6	30.8	24.2	28.6	29.7	23.1	24.2	29.7	15.4	18.7	22	12.1	26.4	28.6	18.7	31.9	12.1	23.1	28.6	31.9	15.4	20.9	22	11	33	19.8	31.9	13.2	26.4	31.9	17.6	29.7	26.4	33	33	24.2	22	27.5	12.1	23.1	18.7	13.2	26.4	25.3	11	33	14.3	20.9	24.2	20.9	25.3	20.9	13.2	33	25.3	28.6	28.6	17.6	17.6	20.9	19.8	20.9	30.8	16.5	28.6	29.7	17.6	15.4	23.1	27.5	24.2	19.8	15.4	14.3	17.6	33	15.4	22	
18.7	27.5	20.9	22	19.8	30.8	18.7	33	16.5	13.2	24.2	25.3	23.1	30.8	29.7	19.8	30.8	20.9	27.5	33	12.1	12.1	27.5	14.3	15.4	15.4	14.3	28.6	27.5	26.4	24.2	31.9	14.3	13.2	15.4	31.9	17.6	18.7	18.7	12.1	22	14.3	29.7	23.1	23.1	31.9	31.9	22	28.6	26.4	33	14.3	20.9	12.1	13.2	33	17.6	29.7	22	27.5	11	24.2	29.7	29.7	23.1	13.2	27.5	20.9	26.4	19.8	11	31.9	33	16.5	23.1	11	20.9	33	19.8	12.1	14.3	14.3	20.9	26.4	23.1	29.7	20.9	33	29.7	20.9	17.6	25.3	13.2	27.5	11	12.1	29.7	11	22	13.2	16.5	11	27.5	23.1	33	13.2	15.4	26.4	30.8	12.1	30.8	11	31.9	15.4	17.6	22	31.9	25.3	24.2	17.6	14.3	18.7	27.5	11	17.6	12.1	12.1	23.1	23.1	20.9	19.8	22	26.4	22	18.7	23.1	29.7	18.7	11	12.1	18.7	22	30.8	28.6	28.6	33	23.1	29.7	16.5	29.7	14.3	16.5	17.6	17.6	26.4	19.8	23.1	22	18.7	30.8	14.3	13.2	28.6	20.9	12.1	30.8	19.8	33	29.7	31.9	24.2	15.4	31.9	25.3	19.8	15.4	18.7	26.4	11	28.6	31.9	13.2	25.3	26.4	26.4	25.3	14.3	33	26.4	14.3	26.4	14.3	16.5	14.3	23.1	33	20.9	16.5	12.1	15.4	
12.1	33	18.7	19.8	19.8	23.1	27.5	11	13.2	23.1	
15	12	15	12	10	16	18	20	18	13	18	16	14	14	19	19	17	13	18	19	18	17	10	12	12	12	14	15	13	10	13	13	13	20	14	16	12	20	10	16	19	17	17	10	15	17	11	20	16	11	19	13	10	12	19	20	15	15	13	10	20	14	14	13	14	16	11	17	17	14	17	10	13	19	15	10	17	10	10	15	11	16	17	14	18	17	17	15	20	17	18	14	12	12	12	17	14	14	18	12	13	18	14	16	15	12	17	13	11	13	20	10	20	16	10	16	11	18	16	20	11	14	20	15	20	10	18	16	11	17	15	19	18	17	19	18	11	18	15	15	11	18	19	16	15	17	14	11	19	20	16	16	16	19	17	18	20	20	14	17	10	17	14	20	16	11	19	17	20	19	20	10	13	15	19	18	17	10	15	18	19	12	13	16	20	12	13	17	14	14	14	13	10	11	14	10	14	10	14	13	
1	1	1	1	1	1	1	1	1	1	1	1	1	1	1	1	1	1	1	1	1	1	1	2	2	2	2	2	2	2	2	2	2	2	2	2	2	2	2	2	2	2	2	2	2	2	2	3	3	3	3	3	3	3	3	3	3	3	3	3	3	3	3	3	3	3	3	3	3	4	4	4	4	4	4	4	4	4	4	4	4	4	4	4	4	4	4	4	4	4	4	4	5	5	5	5	5	5	5	5	5	5	5	5	5	5	5	5	6	6	6	6	6	6	6	6	6	6	6	6	6	6	6	6	6	6	7	7	7	7	7	7	7	7	7	7	7	7	7	7	7	8	8	8	8	8	8	8	8	8	8	8	8	8	8	8	8	8	8	8	8	9	9	9	9	9	9	9	9	9	9	9	9	9	9	9	9	9	9	9	10	10	10	10	10	10	10	10	10	10	10	10	10	10	10	10	10	10	10	10	
