100
20	5
78	18.7
26	31	28	29	28	28	30	31	26	29	26	30	29	30	26	27	29	31	27	27	28	27	26	27	28	26	26	28	26	29	28	30	26	27	31	29	27	30	26	31	31	28	30	31	29	29	31	30	31	26	27	31	26	30	26	29	27	29	29	28	29	31	31	27	26	28	30	29	28	31	30	29	31	30	26	31	27	27	28	31	31	31	28	26	30	30	26	28	26	27	28	28	30	30	29	26	30	29	30	27	
84	76	83	90	78	90	88	93	83	86	86	80	92	85	76	82	85	83	94	80	80	79	89	90	89	83	79	77	89	88	86	82	93	83	92	89	83	82	88	86	79	93	93	91	83	78	84	86	77	81	80	76	81	90	92	78	94	79	80	86	77	82	82	79	80	92	93	93	79	80	92	93	85	77	87	81	76	86	82	80	89	85	89	77	78	88	91	86	80	82	84	86	76	80	89	94	77	91	78	87	
15.4	33	18.7	23.1	11	30.8	22	33	16.5	24.2	12.1	27.5	23.1	29.7	23.1	22	27.5	15.4	18.7	24.2	11	29.7	22	15.4	31.9	13.2	15.4	29.7	18.7	14.3	28.6	12.1	28.6	31.9	33	29.7	29.7	18.7	15.4	15.4	27.5	17.6	13.2	29.7	29.7	26.4	27.5	14.3	19.8	31.9	29.7	26.4	18.7	15.4	22	25.3	26.4	24.2	26.4	19.8	25.3	13.2	18.7	25.3	12.1	12.1	11	17.6	23.1	24.2	19.8	25.3	23.1	26.4	20.9	22	33	11	30.8	11	16.5	12.1	16.5	13.2	16.5	14.3	26.4	20.9	15.4	26.4	30.8	28.6	22	18.7	20.9	29.7	31.9	19.8	26.4	31.9	
33	17.6	12.1	31.9	28.6	30.8	20.9	17.6	17.6	12.1	23.1	23.1	31.9	31.9	18.7	31.9	27.5	25.3	26.4	11	15.4	11	29.7	18.7	25.3	30.8	20.9	29.7	23.1	16.5	18.7	25.3	13.2	17.6	30.8	15.4	18.7	19.8	25.3	19.8	22	14.3	25.3	19.8	17.6	31.9	25.3	33	11	31.9	15.4	12.1	12.1	15.4	28.6	26.4	29.7	12.1	12.1	22	17.6	25.3	16.5	24.2	14.3	15.4	13.2	29.7	11	27.5	27.5	31.9	30.8	30.8	23.1	17.6	31.9	30.8	20.9	11	20.9	14.3	31.9	22	30.8	12.1	20.9	27.5	33	27.5	28.6	22	13.2	25.3	20.9	14.3	23.1	27.5	30.8	11	
13.2	28.6	30.8	27.5	23.1	31.9	16.5	11	25.3	28.6	18.7	17.6	30.8	27.5	13.2	18.7	33	33	11	26.4	
10	18	15	15	15	17	20	16	12	11	11	14	20	13	13	18	12	19	16	18	10	14	14	10	10	16	10	12	15	10	14	10	11	19	19	19	19	10	15	10	20	10	13	18	16	10	19	14	14	19	18	18	12	12	11	17	20	14	16	16	20	14	19	17	10	17	14	18	18	10	12	14	10	19	18	19	14	10	12	17	10	17	20	13	12	14	16	17	11	19	12	13	14	14	12	10	13	18	18	14	
1	1	1	1	1	2	2	2	2	3	3	3	3	3	3	3	4	4	4	4	5	5	5	5	5	5	5	5	6	6	6	6	6	6	6	7	7	7	7	7	8	8	8	8	8	9	9	9	9	9	10	10	10	11	11	11	11	11	11	12	12	12	12	12	12	12	13	13	13	14	14	14	14	14	15	15	15	15	15	15	15	15	16	16	16	17	17	17	17	18	18	18	19	19	19	20	20	20	20	20	
