300
10	2
463	16.5
26	26	30	29	30	28	31	28	31	29	29	30	31	27	30	28	26	28	31	30	31	26	29	29	30	31	29	27	28	30	27	28	28	29	30	27	29	27	29	29	31	30	29	26	27	28	27	27	30	30	30	26	29	31	27	30	29	28	29	31	29	28	29	26	28	27	26	29	30	29	26	30	30	26	28	29	29	27	30	31	27	29	29	29	29	26	28	29	26	27	30	27	27	31	31	29	26	26	31	29	26	30	29	26	27	28	26	31	28	31	26	27	31	29	29	29	31	30	26	27	30	26	28	26	30	26	28	30	26	27	26	30	29	31	29	28	30	30	29	26	28	30	31	30	29	31	26	29	27	31	28	30	28	26	28	30	28	31	31	27	27	26	30	29	29	30	30	29	31	26	29	30	31	28	31	29	29	31	26	30	26	29	28	31	28	29	26	26	30	29	29	31	26	31	30	30	26	26	28	26	29	30	31	28	26	30	27	30	29	28	30	28	26	27	28	26	31	31	29	28	29	31	27	31	27	28	27	27	30	26	28	26	28	28	30	27	29	28	27	28	26	31	28	30	31	26	30	26	28	26	30	30	29	28	27	30	28	29	28	26	27	30	29	26	31	28	29	28	28	27	27	31	30	29	26	29	27	26	31	27	31	27	27	31	26	30	28	30	27	27	31	30	31	31	28	31	27	28	29	30	
91	92	77	84	85	89	77	82	79	88	93	80	90	88	86	91	85	93	82	76	80	87	81	83	82	84	84	76	92	84	93	93	83	91	92	92	83	81	82	87	84	87	84	84	82	86	90	90	89	80	79	77	87	89	85	78	82	82	77	81	83	85	85	86	88	90	79	85	93	89	85	85	83	83	76	90	88	92	83	86	91	83	86	86	77	85	92	80	80	85	85	89	80	76	79	78	94	76	93	94	78	79	92	82	88	85	78	87	80	91	78	88	93	89	76	82	83	81	77	77	84	89	87	91	91	80	93	94	86	82	89	90	91	77	92	89	90	87	77	80	78	86	88	90	88	93	93	81	82	79	82	76	93	76	77	77	84	85	79	83	88	79	94	78	82	94	81	83	85	77	80	85	93	88	83	91	85	84	87	87	83	85	86	92	87	90	84	93	76	86	93	78	89	79	81	87	88	80	77	91	79	82	86	89	85	82	93	87	76	76	86	76	77	82	91	78	78	77	94	78	83	76	85	94	84	91	82	85	78	76	77	94	90	91	77	91	87	93	85	81	87	86	92	92	85	82	90	77	85	89	77	89	80	76	93	85	88	82	82	92	84	82	82	81	76	81	87	86	78	80	85	82	85	87	93	87	89	80	81	91	82	87	78	83	90	89	91	89	87	84	86	89	88	90	87	87	80	84	88	93	
12.1	22	26.4	18.7	13.2	27.5	14.3	13.2	27.5	19.8	26.4	17.6	11	24.2	19.8	11	30.8	11	28.6	16.5	22	15.4	12.1	30.8	24.2	14.3	31.9	30.8	20.9	11	33	28.6	23.1	19.8	13.2	27.5	24.2	31.9	29.7	18.7	30.8	27.5	17.6	14.3	18.7	33	14.3	24.2	11	16.5	13.2	15.4	17.6	22	12.1	33	29.7	15.4	23.1	29.7	23.1	31.9	17.6	13.2	14.3	19.8	14.3	16.5	24.2	20.9	24.2	13.2	16.5	17.6	15.4	22	14.3	11	20.9	15.4	13.2	24.2	13.2	25.3	27.5	12.1	18.7	29.7	29.7	15.4	31.9	31.9	28.6	27.5	18.7	13.2	23.1	27.5	20.9	13.2	22	11	28.6	22	15.4	22	19.8	24.2	17.6	26.4	22	27.5	12.1	22	26.4	13.2	19.8	17.6	20.9	28.6	31.9	12.1	28.6	27.5	25.3	30.8	12.1	17.6	27.5	28.6	18.7	28.6	14.3	24.2	11	29.7	19.8	25.3	26.4	16.5	19.8	14.3	15.4	29.7	24.2	19.8	17.6	27.5	19.8	23.1	11	15.4	26.4	22	28.6	26.4	27.5	19.8	23.1	28.6	13.2	19.8	24.2	20.9	30.8	23.1	18.7	11	30.8	22	23.1	18.7	31.9	20.9	29.7	11	11	28.6	29.7	25.3	30.8	11	13.2	16.5	25.3	30.8	26.4	13.2	13.2	28.6	24.2	13.2	16.5	14.3	16.5	31.9	30.8	16.5	29.7	26.4	22	17.6	18.7	31.9	26.4	20.9	14.3	14.3	29.7	24.2	17.6	22	24.2	22	31.9	27.5	31.9	25.3	19.8	23.1	24.2	30.8	27.5	24.2	23.1	19.8	33	18.7	23.1	23.1	18.7	11	24.2	25.3	12.1	12.1	18.7	24.2	20.9	17.6	26.4	13.2	13.2	13.2	17.6	15.4	12.1	14.3	33	27.5	17.6	27.5	14.3	33	27.5	16.5	18.7	30.8	15.4	30.8	28.6	33	18.7	31.9	12.1	25.3	28.6	27.5	24.2	28.6	24.2	17.6	18.7	19.8	20.9	30.8	20.9	31.9	18.7	25.3	16.5	29.7	18.7	11	29.7	16.5	24.2	25.3	30.8	12.1	29.7	30.8	29.7	24.2	17.6	23.1	22	22	28.6	11	
33	16.5	12.1	14.3	31.9	15.4	11	11	26.4	22	19.8	29.7	23.1	31.9	14.3	18.7	14.3	22	17.6	27.5	11	22	25.3	30.8	30.8	30.8	19.8	28.6	28.6	23.1	12.1	24.2	28.6	13.2	22	33	16.5	26.4	16.5	14.3	30.8	19.8	23.1	11	13.2	28.6	22	13.2	30.8	29.7	11	29.7	17.6	24.2	25.3	31.9	15.4	15.4	33	18.7	33	22	26.4	12.1	26.4	13.2	18.7	18.7	20.9	29.7	31.9	18.7	30.8	15.4	31.9	23.1	12.1	30.8	18.7	19.8	17.6	18.7	13.2	14.3	15.4	22	13.2	24.2	27.5	31.9	14.3	19.8	14.3	31.9	17.6	24.2	16.5	13.2	26.4	33	14.3	20.9	29.7	18.7	15.4	30.8	11	30.8	18.7	15.4	11	28.6	23.1	28.6	11	27.5	30.8	24.2	22	31.9	26.4	19.8	25.3	14.3	28.6	26.4	26.4	17.6	17.6	22	26.4	25.3	20.9	25.3	22	23.1	13.2	12.1	27.5	16.5	30.8	30.8	23.1	23.1	13.2	19.8	26.4	23.1	11	33	19.8	13.2	22	29.7	25.3	19.8	24.2	22	17.6	20.9	29.7	31.9	19.8	16.5	24.2	12.1	20.9	22	16.5	11	25.3	33	23.1	18.7	15.4	15.4	17.6	23.1	17.6	23.1	27.5	19.8	26.4	12.1	14.3	29.7	26.4	26.4	12.1	15.4	19.8	11	29.7	23.1	23.1	27.5	27.5	20.9	14.3	18.7	12.1	11	25.3	12.1	29.7	19.8	15.4	24.2	25.3	17.6	27.5	14.3	22	26.4	31.9	24.2	31.9	20.9	15.4	15.4	30.8	25.3	11	18.7	16.5	16.5	26.4	11	12.1	20.9	33	16.5	11	19.8	31.9	26.4	26.4	18.7	23.1	19.8	26.4	19.8	22	18.7	28.6	28.6	24.2	27.5	11	31.9	28.6	17.6	33	24.2	33	12.1	23.1	22	26.4	11	26.4	20.9	23.1	17.6	25.3	12.1	19.8	15.4	25.3	23.1	16.5	24.2	33	12.1	17.6	22	31.9	25.3	25.3	25.3	11	13.2	16.5	25.3	11	25.3	11	11	24.2	26.4	18.7	14.3	11	13.2	15.4	24.2	14.3	20.9	22	12.1	
30.8	15.4	25.3	19.8	20.9	17.6	23.1	26.4	31.9	23.1	
18	10	13	17	10	10	14	11	17	20	19	15	14	19	12	19	14	11	18	18	18	18	14	16	18	18	20	15	18	16	16	20	20	18	18	17	19	19	15	16	12	15	10	18	12	19	17	11	12	18	11	11	19	17	17	12	17	18	19	17	20	13	20	12	18	10	16	16	17	15	17	15	16	11	19	11	11	14	20	20	20	11	10	16	15	16	10	14	18	15	14	17	18	14	13	15	15	15	16	20	16	16	17	12	12	18	18	10	20	13	15	12	20	20	17	12	12	19	18	12	11	15	15	13	10	19	15	15	20	18	14	11	20	16	12	15	16	12	18	16	11	19	17	16	10	17	13	14	15	20	13	16	16	15	19	13	11	13	13	18	19	12	10	19	18	13	18	10	17	10	19	16	14	10	15	11	15	17	16	14	17	14	10	18	19	15	11	17	14	13	14	12	14	20	15	16	15	12	11	13	20	17	19	20	15	10	15	16	16	13	13	17	13	13	15	13	11	10	16	15	18	19	12	20	19	11	14	16	15	15	10	12	10	14	11	11	11	10	15	12	10	17	14	15	19	16	13	16	10	10	11	18	11	20	13	19	12	19	17	17	20	19	19	10	18	12	13	15	10	17	16	11	18	20	17	19	19	12	10	10	18	10	17	14	14	11	10	18	19	20	19	13	18	15	20	19	12	15	12	14	
1	1	1	1	1	1	1	1	1	1	1	1	1	1	1	1	1	1	1	1	1	1	1	1	1	1	1	1	1	1	1	1	1	1	1	1	2	2	2	2	2	2	2	2	2	2	2	2	2	2	2	2	2	2	2	2	2	2	2	2	2	2	2	3	3	3	3	3	3	3	3	3	3	3	3	3	3	3	3	3	3	3	3	3	4	4	4	4	4	4	4	4	4	4	4	4	4	4	4	4	4	4	4	4	4	4	4	4	4	4	4	4	4	4	5	5	5	5	5	5	5	5	5	5	5	5	5	5	5	5	5	5	5	5	5	5	5	5	5	5	5	5	5	5	5	5	5	5	5	5	5	6	6	6	6	6	6	6	6	6	6	6	6	6	6	6	6	6	6	6	6	6	6	6	6	6	6	6	7	7	7	7	7	7	7	7	7	7	7	7	7	7	7	7	7	7	7	7	7	7	7	7	7	7	7	7	7	7	8	8	8	8	8	8	8	8	8	8	8	8	8	8	8	8	8	8	8	8	8	8	8	8	8	9	9	9	9	9	9	9	9	9	9	9	9	9	9	9	9	9	9	9	9	9	9	9	9	9	9	9	9	9	9	9	9	10	10	10	10	10	10	10	10	10	10	10	10	10	10	10	10	10	10	10	10	10	10	10	10	10	10	10	10	10	10	10	10	10	10	10	
