300
30	5
158	29.7
29	29	27	31	28	30	30	31	30	26	31	31	27	30	28	31	31	31	30	28	29	28	29	26	30	29	29	28	28	31	28	29	27	30	26	26	26	29	29	29	28	29	30	31	26	29	28	30	28	28	30	26	28	29	26	29	31	27	26	30	26	30	27	31	29	28	31	29	28	30	26	30	31	30	31	28	31	27	30	31	26	28	30	31	29	26	30	28	26	31	26	30	30	28	30	28	26	26	31	30	28	29	31	26	29	27	30	26	29	29	27	26	29	28	31	29	27	31	27	28	30	31	28	30	30	30	28	29	31	27	28	27	29	29	28	27	27	31	26	29	27	27	28	28	28	26	30	26	30	28	26	30	31	27	28	28	29	27	26	31	31	27	28	28	26	31	30	31	30	27	31	29	31	29	27	31	29	27	31	26	29	28	26	29	30	26	29	31	26	27	31	28	30	31	28	30	27	28	30	26	29	31	31	29	30	30	28	26	28	30	31	30	28	31	30	30	27	30	29	27	29	28	28	28	27	27	28	26	31	26	26	27	30	27	28	28	29	31	26	27	31	31	27	30	31	26	27	26	31	31	29	28	29	26	31	29	29	30	26	30	28	26	31	31	26	30	27	31	31	31	29	27	29	27	29	27	28	31	26	30	29	31	28	29	26	31	30	29	29	27	27	31	30	27	28	29	28	26	29	31	
82	90	82	82	88	90	92	80	84	76	78	79	78	89	94	93	85	91	90	77	77	87	91	80	76	77	82	86	90	82	84	77	84	86	88	94	87	76	80	94	82	89	77	90	83	78	83	77	86	88	85	86	88	77	92	87	81	89	83	92	80	86	79	92	77	88	76	85	87	86	78	94	89	81	85	84	92	88	89	83	80	85	85	87	81	80	82	92	88	78	89	82	89	78	84	88	84	77	90	80	80	82	79	85	84	93	83	83	89	89	90	79	83	85	94	81	77	86	92	82	90	81	93	82	79	88	94	80	78	81	79	81	76	85	84	78	79	84	87	78	76	89	81	83	80	88	77	80	88	82	80	81	91	81	81	89	77	77	90	91	92	90	93	94	77	83	76	82	92	78	89	76	76	80	93	77	86	87	90	82	91	78	85	90	83	79	88	83	84	83	92	89	83	77	84	93	80	80	83	87	94	92	94	86	92	94	77	78	84	92	80	93	86	78	88	80	87	90	84	80	83	77	89	78	85	88	93	85	84	78	94	79	78	83	84	80	81	76	79	83	93	91	86	90	94	84	82	76	85	78	78	79	93	93	94	77	92	90	76	92	93	80	90	87	83	91	77	93	91	92	82	86	94	93	80	80	76	81	79	94	77	79	85	85	80	77	92	79	82	90	76	76	78	76	89	93	84	81	89	88	
31.9	17.6	20.9	11	22	13.2	20.9	20.9	29.7	27.5	28.6	14.3	16.5	23.1	13.2	20.9	25.3	13.2	28.6	22	13.2	11	28.6	23.1	19.8	26.4	20.9	27.5	26.4	17.6	22	27.5	18.7	31.9	20.9	31.9	29.7	27.5	33	31.9	12.1	28.6	16.5	30.8	28.6	27.5	30.8	28.6	15.4	15.4	18.7	19.8	17.6	17.6	30.8	28.6	17.6	33	31.9	14.3	28.6	11	18.7	17.6	29.7	30.8	15.4	13.2	25.3	20.9	29.7	18.7	27.5	33	25.3	15.4	28.6	19.8	18.7	18.7	27.5	25.3	11	29.7	23.1	33	17.6	27.5	14.3	14.3	25.3	11	29.7	18.7	13.2	27.5	18.7	28.6	23.1	30.8	27.5	17.6	23.1	30.8	26.4	25.3	15.4	19.8	19.8	13.2	17.6	30.8	15.4	13.2	27.5	24.2	30.8	27.5	25.3	22	11	29.7	30.8	15.4	26.4	11	23.1	26.4	28.6	33	25.3	20.9	27.5	17.6	11	23.1	28.6	12.1	25.3	20.9	30.8	30.8	11	24.2	33	20.9	31.9	22	33	17.6	13.2	18.7	31.9	19.8	14.3	17.6	29.7	20.9	16.5	28.6	17.6	30.8	18.7	14.3	26.4	22	28.6	17.6	16.5	12.1	16.5	14.3	14.3	17.6	24.2	22	14.3	30.8	26.4	16.5	28.6	16.5	22	28.6	13.2	31.9	14.3	14.3	22	27.5	31.9	30.8	13.2	14.3	11	18.7	28.6	28.6	31.9	17.6	23.1	13.2	13.2	28.6	12.1	29.7	16.5	29.7	12.1	19.8	31.9	25.3	30.8	16.5	12.1	22	11	19.8	11	25.3	17.6	17.6	13.2	24.2	13.2	17.6	11	23.1	24.2	28.6	14.3	27.5	18.7	26.4	18.7	27.5	16.5	31.9	28.6	17.6	26.4	17.6	13.2	15.4	13.2	28.6	33	26.4	19.8	33	13.2	31.9	22	26.4	15.4	26.4	15.4	11	16.5	20.9	13.2	17.6	14.3	27.5	31.9	17.6	23.1	26.4	13.2	26.4	28.6	16.5	31.9	17.6	22	16.5	16.5	13.2	20.9	18.7	24.2	30.8	25.3	33	15.4	18.7	17.6	29.7	26.4	30.8	14.3	19.8	12.1	20.9	24.2	33	26.4	13.2	33	31.9	
26.4	14.3	18.7	14.3	26.4	14.3	23.1	30.8	15.4	29.7	25.3	22	20.9	17.6	28.6	18.7	29.7	18.7	25.3	29.7	15.4	27.5	16.5	29.7	12.1	11	13.2	31.9	23.1	33	13.2	30.8	28.6	26.4	30.8	22	23.1	24.2	24.2	23.1	28.6	20.9	12.1	30.8	16.5	11	33	16.5	19.8	30.8	33	18.7	22	28.6	18.7	33	17.6	25.3	18.7	33	20.9	14.3	23.1	30.8	26.4	24.2	23.1	20.9	13.2	15.4	12.1	17.6	20.9	13.2	24.2	28.6	31.9	29.7	24.2	19.8	25.3	18.7	19.8	13.2	30.8	18.7	23.1	33	14.3	17.6	14.3	23.1	13.2	24.2	29.7	20.9	27.5	27.5	27.5	14.3	17.6	14.3	11	22	22	24.2	28.6	30.8	31.9	27.5	22	26.4	17.6	23.1	16.5	19.8	26.4	11	22	23.1	22	24.2	28.6	11	23.1	29.7	24.2	26.4	18.7	30.8	30.8	19.8	13.2	29.7	26.4	25.3	20.9	20.9	16.5	30.8	18.7	15.4	31.9	20.9	24.2	12.1	13.2	30.8	23.1	20.9	12.1	33	12.1	28.6	18.7	25.3	33	26.4	22	12.1	29.7	12.1	15.4	16.5	33	16.5	28.6	25.3	20.9	11	20.9	23.1	14.3	25.3	28.6	23.1	18.7	18.7	30.8	16.5	20.9	26.4	17.6	27.5	20.9	13.2	16.5	11	27.5	31.9	30.8	25.3	15.4	13.2	14.3	25.3	29.7	18.7	28.6	28.6	12.1	20.9	25.3	16.5	31.9	31.9	13.2	11	16.5	14.3	12.1	25.3	20.9	13.2	25.3	30.8	19.8	12.1	31.9	26.4	12.1	27.5	29.7	29.7	17.6	28.6	22	23.1	33	19.8	24.2	19.8	13.2	31.9	33	15.4	25.3	22	13.2	29.7	15.4	19.8	13.2	13.2	28.6	25.3	30.8	18.7	17.6	11	13.2	11	22	28.6	16.5	27.5	22	31.9	28.6	23.1	18.7	17.6	33	31.9	13.2	26.4	11	27.5	27.5	29.7	19.8	17.6	30.8	33	14.3	19.8	15.4	30.8	30.8	17.6	12.1	14.3	14.3	31.9	15.4	15.4	26.4	23.1	13.2	23.1	12.1	28.6	27.5	31.9	29.7	23.1	26.4	26.4	28.6	30.8	
27.5	19.8	30.8	11	25.3	23.1	30.8	19.8	33	24.2	26.4	22	30.8	11	12.1	14.3	31.9	19.8	25.3	22	22	30.8	23.1	16.5	20.9	19.8	19.8	18.7	31.9	14.3	
12	11	13	20	12	20	16	14	17	19	18	15	13	17	10	18	16	17	11	13	18	18	14	12	13	15	15	19	20	14	10	19	14	18	16	19	10	20	11	19	11	13	15	16	19	13	15	14	17	12	13	15	12	10	16	12	10	11	14	16	20	13	13	13	19	13	19	11	13	12	12	13	10	11	17	20	17	11	12	13	11	15	14	11	14	16	15	18	18	19	13	19	19	13	14	18	15	12	16	11	18	15	13	12	14	13	12	17	19	11	13	14	18	20	15	12	13	20	20	10	16	15	13	17	14	19	14	14	18	18	13	14	16	18	18	13	12	13	17	10	10	16	14	12	10	14	12	20	14	11	15	12	15	15	14	12	18	19	14	15	20	16	11	10	12	11	13	15	19	13	11	14	12	16	20	18	10	17	20	16	12	20	17	17	16	12	19	14	13	13	13	15	18	13	18	10	11	11	20	20	14	19	10	18	19	13	19	17	20	18	18	18	17	10	12	19	15	15	19	12	13	15	15	16	20	18	16	19	10	18	17	10	11	18	10	13	12	19	14	16	13	18	15	14	19	19	10	18	10	18	10	11	13	20	16	12	20	18	18	13	14	16	17	17	14	10	20	19	13	16	17	14	17	19	12	16	18	10	20	12	15	15	12	14	19	12	11	15	19	14	14	17	20	13	15	12	12	16	20	20	
1	1	1	1	1	1	1	1	1	1	2	2	2	2	2	2	2	2	2	2	3	3	3	3	3	3	3	3	3	3	4	4	4	4	4	4	4	4	4	4	4	4	5	5	5	5	5	5	5	5	5	5	6	6	6	6	6	6	6	6	6	6	6	6	6	6	7	7	7	7	7	7	7	7	7	7	7	7	7	7	8	8	8	8	8	8	8	8	8	9	9	9	9	9	9	9	10	10	10	10	10	10	10	10	10	10	10	11	11	11	11	11	11	11	12	12	12	12	12	12	12	12	12	12	12	12	12	13	13	13	13	13	13	13	13	13	13	13	13	14	14	14	14	14	14	14	14	14	14	14	14	15	15	15	15	15	15	15	15	15	15	15	15	15	16	16	16	16	16	16	16	17	17	17	17	17	17	17	17	17	17	17	18	18	18	18	18	18	18	18	19	19	19	19	19	19	19	19	19	19	19	20	20	20	20	20	20	20	20	20	21	21	21	21	21	21	21	21	21	21	21	21	21	21	21	22	22	22	22	23	23	23	23	23	23	23	23	23	23	23	24	24	24	24	24	24	24	24	24	25	25	25	25	25	25	25	26	26	26	26	26	26	27	27	27	27	27	27	27	27	27	27	28	28	28	28	28	28	28	28	28	28	28	28	28	28	29	29	29	29	29	29	29	30	30	30	30	30	30	30	
