200
20	5
158	20.9
27	29	28	27	31	27	27	26	26	29	26	30	31	30	29	30	30	31	29	31	29	31	29	31	30	26	30	27	26	28	26	26	30	26	29	29	26	26	26	26	31	26	31	31	31	26	27	26	28	29	31	26	31	31	28	31	28	28	31	28	27	28	28	29	29	31	29	28	28	27	26	31	31	27	27	26	28	28	30	27	28	28	28	28	27	29	29	29	29	27	28	31	27	30	28	30	31	27	28	31	26	28	29	26	26	30	31	27	28	30	31	26	26	28	27	29	28	31	29	30	31	31	26	26	27	30	29	28	30	30	30	31	28	26	26	28	28	29	26	28	27	29	31	27	26	29	28	26	30	27	31	30	26	29	27	26	28	31	28	26	31	29	28	31	31	28	27	28	28	28	29	30	29	29	27	26	27	29	30	29	31	31	28	30	28	31	27	30	30	30	27	31	29	27	30	31	26	29	29	29	
79	94	77	81	83	83	86	91	79	93	80	84	83	89	92	84	85	88	76	77	85	77	93	91	81	82	92	90	81	93	78	84	88	78	87	92	93	76	93	89	92	78	87	83	78	92	83	84	90	76	86	80	78	76	87	87	77	83	86	81	94	80	82	84	79	94	88	82	85	81	76	82	81	89	79	80	80	86	76	87	90	84	84	79	91	83	80	90	85	93	89	81	84	85	81	83	77	77	89	82	91	78	77	79	76	83	86	80	81	79	86	91	94	77	91	89	84	77	93	88	93	82	83	89	94	84	79	76	92	86	84	86	77	88	87	78	82	94	89	80	81	82	87	78	83	83	83	82	88	81	80	89	89	92	80	84	86	93	84	89	90	84	77	93	93	90	78	92	86	80	78	91	87	76	92	94	94	83	77	91	80	88	87	91	89	84	79	78	81	82	78	81	94	83	89	86	83	91	81	82	
18.7	18.7	12.1	20.9	18.7	29.7	31.9	29.7	31.9	13.2	28.6	20.9	14.3	19.8	18.7	20.9	19.8	27.5	11	11	17.6	30.8	23.1	31.9	27.5	31.9	27.5	16.5	28.6	33	31.9	11	19.8	27.5	22	24.2	27.5	25.3	26.4	24.2	22	33	25.3	22	30.8	25.3	14.3	33	13.2	27.5	13.2	11	31.9	30.8	14.3	20.9	28.6	11	22	30.8	33	18.7	22	33	28.6	17.6	30.8	25.3	17.6	18.7	26.4	22	22	14.3	29.7	11	19.8	19.8	20.9	30.8	24.2	13.2	26.4	19.8	18.7	18.7	18.7	13.2	17.6	15.4	16.5	25.3	19.8	18.7	22	33	29.7	13.2	28.6	29.7	26.4	16.5	29.7	27.5	16.5	29.7	19.8	22	20.9	12.1	25.3	13.2	23.1	22	30.8	28.6	31.9	19.8	23.1	20.9	15.4	11	26.4	16.5	20.9	33	20.9	20.9	28.6	24.2	23.1	24.2	24.2	14.3	31.9	28.6	19.8	29.7	16.5	28.6	25.3	16.5	33	16.5	11	30.8	26.4	33	31.9	20.9	19.8	25.3	13.2	13.2	18.7	25.3	14.3	26.4	20.9	13.2	12.1	18.7	13.2	22	14.3	20.9	31.9	28.6	18.7	25.3	19.8	20.9	16.5	14.3	24.2	25.3	25.3	20.9	31.9	20.9	11	27.5	15.4	26.4	13.2	27.5	15.4	22	11	11	19.8	12.1	19.8	29.7	29.7	30.8	29.7	19.8	24.2	13.2	
24.2	27.5	14.3	11	27.5	20.9	23.1	20.9	20.9	25.3	14.3	31.9	16.5	13.2	31.9	15.4	11	24.2	23.1	14.3	16.5	30.8	33	17.6	11	12.1	28.6	31.9	30.8	28.6	11	31.9	30.8	26.4	22	25.3	28.6	11	25.3	16.5	18.7	24.2	26.4	25.3	11	11	30.8	15.4	14.3	22	27.5	18.7	25.3	16.5	17.6	15.4	26.4	12.1	30.8	19.8	31.9	25.3	11	12.1	15.4	18.7	15.4	24.2	26.4	15.4	14.3	26.4	25.3	26.4	15.4	33	13.2	12.1	22	11	13.2	26.4	15.4	29.7	20.9	19.8	17.6	28.6	12.1	30.8	27.5	20.9	19.8	30.8	13.2	22	17.6	17.6	24.2	25.3	19.8	16.5	25.3	30.8	17.6	15.4	26.4	26.4	15.4	29.7	15.4	15.4	30.8	28.6	19.8	24.2	29.7	20.9	22	33	19.8	18.7	12.1	22	25.3	17.6	24.2	22	26.4	33	31.9	12.1	29.7	24.2	14.3	20.9	17.6	22	23.1	31.9	27.5	20.9	25.3	12.1	31.9	27.5	15.4	16.5	29.7	31.9	16.5	24.2	30.8	29.7	31.9	15.4	19.8	33	14.3	30.8	18.7	20.9	15.4	18.7	25.3	12.1	20.9	26.4	11	24.2	22	23.1	22	11	27.5	15.4	12.1	27.5	23.1	23.1	14.3	19.8	23.1	22	17.6	15.4	12.1	29.7	28.6	19.8	14.3	16.5	26.4	22	25.3	14.3	13.2	20.9	26.4	22	
31.9	19.8	15.4	12.1	29.7	27.5	22	11	20.9	29.7	17.6	29.7	28.6	28.6	12.1	18.7	19.8	13.2	19.8	13.2	
16	10	10	12	20	15	20	15	14	11	19	16	15	19	14	17	15	13	15	20	10	16	18	17	11	14	16	18	16	11	16	19	16	16	10	15	13	14	18	17	17	12	11	10	14	20	14	20	14	18	10	14	20	10	18	13	14	10	15	19	11	15	15	13	15	17	13	14	12	20	19	11	10	20	10	15	10	13	17	13	13	16	12	19	14	14	13	11	16	14	16	19	11	12	15	17	13	16	17	19	16	18	12	10	20	16	18	14	17	20	20	14	16	12	12	12	13	19	11	13	10	16	12	12	13	16	13	17	14	10	14	19	16	14	12	14	10	14	11	20	12	17	12	13	12	13	12	19	19	11	10	13	20	15	14	12	15	14	19	12	18	16	13	18	18	19	14	17	11	10	17	18	13	12	10	18	20	20	12	16	13	10	16	14	15	12	14	13	16	16	10	16	18	16	14	18	11	16	20	12	
1	1	1	1	1	1	1	1	1	1	1	2	2	2	2	2	2	3	3	3	3	3	3	3	3	3	3	3	3	3	4	4	4	4	4	4	4	4	4	4	5	5	5	5	5	5	5	5	6	6	6	6	6	6	6	6	6	6	6	6	6	7	7	7	7	7	7	7	7	8	8	8	8	8	8	8	8	8	8	8	9	9	9	9	9	9	9	9	9	9	9	9	9	9	9	9	10	10	10	10	11	11	11	11	11	11	11	11	12	12	12	12	12	12	12	12	12	12	12	12	12	13	13	13	13	13	13	13	13	13	13	13	13	13	14	14	14	14	14	14	14	14	14	14	15	15	15	15	15	15	15	16	16	16	16	16	16	17	17	17	17	17	17	17	17	17	17	17	17	17	18	18	18	18	18	18	19	19	19	19	19	19	19	19	19	19	19	19	19	20	20	20	20	20	20	20	20	20	20	20	
