300
30	7
157	24.2
31	28	26	29	30	30	28	27	31	26	31	27	31	30	30	27	28	28	28	29	30	29	26	27	30	29	26	27	29	27	27	31	31	27	29	27	27	29	28	29	28	31	27	28	26	26	31	29	29	26	27	27	27	30	29	28	26	28	27	30	31	26	26	27	28	26	29	29	31	27	30	31	27	30	29	30	26	29	31	27	31	28	30	31	29	26	31	28	27	27	27	27	28	26	26	27	26	29	30	26	29	27	28	31	30	29	29	31	31	27	29	30	29	30	29	28	28	27	26	30	31	29	26	27	29	31	29	30	29	31	27	29	28	28	28	26	26	26	29	29	30	27	30	27	26	28	26	31	29	30	28	30	31	31	28	28	27	29	30	31	30	27	27	26	26	27	31	28	26	30	30	27	28	26	31	27	30	31	28	31	30	28	28	27	28	26	30	30	31	30	26	28	27	27	27	28	26	28	28	27	29	27	29	28	30	31	28	30	27	26	30	29	31	31	28	26	29	29	31	30	26	28	28	26	30	30	31	26	28	26	29	28	26	31	31	30	31	28	27	28	27	26	27	31	30	31	30	27	26	27	30	31	28	26	29	31	29	28	30	26	27	29	29	27	30	29	28	30	29	31	27	26	31	30	29	28	30	26	31	26	26	30	26	29	30	27	28	27	30	28	26	30	31	26	28	30	29	28	31	31	
83	90	86	91	76	88	89	87	76	85	83	91	93	94	94	79	84	92	94	78	81	76	78	86	87	87	82	92	89	80	82	87	85	80	79	89	84	83	78	85	85	87	82	94	88	83	89	94	94	92	93	80	79	87	76	79	77	89	87	84	91	90	81	80	80	85	77	87	82	86	91	86	82	90	84	81	90	78	82	93	83	80	81	88	86	91	77	90	76	84	94	91	91	79	77	91	87	76	82	84	83	83	82	78	84	82	83	76	77	82	89	79	78	93	80	92	85	92	84	90	91	86	80	78	86	93	76	92	86	86	79	81	89	85	77	94	86	83	77	80	81	81	90	86	84	80	84	83	92	89	90	77	90	85	88	88	94	89	89	81	83	88	88	76	93	83	89	89	76	91	90	93	86	77	93	89	91	90	88	76	84	92	77	81	84	80	93	77	83	76	82	78	85	79	81	84	78	87	93	86	86	76	92	89	81	88	81	87	78	91	87	81	82	93	86	79	77	79	78	77	87	77	88	77	86	85	76	93	92	94	76	86	81	94	94	82	90	79	86	83	76	87	81	91	86	88	87	94	90	88	93	94	76	82	88	79	89	89	91	81	93	79	89	84	93	83	85	92	78	94	93	92	76	86	89	90	77	90	87	89	86	82	80	88	76	86	87	89	83	89	90	79	87	84	77	94	94	87	82	76	
20.9	24.2	31.9	17.6	16.5	20.9	11	24.2	22	20.9	15.4	28.6	22	16.5	22	29.7	25.3	23.1	26.4	18.7	15.4	16.5	27.5	22	22	25.3	30.8	13.2	25.3	15.4	13.2	31.9	22	20.9	29.7	15.4	25.3	28.6	23.1	15.4	33	23.1	11	15.4	14.3	28.6	27.5	22	28.6	28.6	16.5	19.8	25.3	30.8	28.6	13.2	22	33	25.3	12.1	28.6	18.7	27.5	23.1	33	31.9	30.8	29.7	12.1	26.4	33	33	24.2	25.3	17.6	26.4	13.2	14.3	22	11	26.4	28.6	26.4	30.8	31.9	12.1	29.7	25.3	18.7	29.7	31.9	16.5	26.4	29.7	28.6	18.7	12.1	17.6	16.5	26.4	16.5	12.1	18.7	29.7	16.5	24.2	23.1	15.4	15.4	29.7	33	26.4	23.1	14.3	29.7	33	33	15.4	20.9	22	11	27.5	30.8	25.3	17.6	27.5	18.7	30.8	13.2	28.6	15.4	11	31.9	11	27.5	25.3	30.8	13.2	33	12.1	33	27.5	24.2	31.9	33	23.1	26.4	33	29.7	22	22	13.2	20.9	20.9	28.6	13.2	15.4	24.2	19.8	18.7	13.2	25.3	26.4	26.4	11	15.4	33	16.5	28.6	23.1	27.5	19.8	17.6	22	19.8	23.1	12.1	28.6	27.5	28.6	14.3	12.1	19.8	27.5	33	31.9	30.8	31.9	18.7	17.6	24.2	23.1	27.5	33	29.7	13.2	18.7	14.3	11	22	33	17.6	22	27.5	27.5	24.2	33	23.1	30.8	16.5	17.6	25.3	20.9	23.1	27.5	24.2	14.3	16.5	15.4	19.8	31.9	25.3	18.7	28.6	24.2	12.1	19.8	18.7	26.4	13.2	33	14.3	28.6	15.4	28.6	16.5	28.6	27.5	27.5	19.8	31.9	27.5	14.3	13.2	29.7	15.4	20.9	14.3	15.4	30.8	14.3	15.4	24.2	15.4	25.3	20.9	22	30.8	23.1	26.4	14.3	31.9	19.8	24.2	13.2	22	15.4	27.5	18.7	33	24.2	15.4	22	30.8	26.4	25.3	12.1	20.9	27.5	19.8	15.4	33	11	12.1	11	14.3	12.1	26.4	15.4	24.2	20.9	30.8	22	28.6	14.3	15.4	20.9	25.3	25.3	17.6	
15.4	29.7	29.7	30.8	25.3	22	22	23.1	14.3	11	18.7	29.7	19.8	17.6	23.1	19.8	22	29.7	17.6	14.3	18.7	13.2	14.3	15.4	19.8	27.5	26.4	11	13.2	33	29.7	25.3	18.7	19.8	14.3	14.3	17.6	31.9	24.2	20.9	25.3	26.4	11	27.5	30.8	27.5	14.3	15.4	14.3	18.7	33	33	31.9	28.6	29.7	16.5	26.4	17.6	20.9	31.9	20.9	19.8	22	19.8	28.6	23.1	18.7	30.8	11	26.4	26.4	28.6	33	18.7	19.8	20.9	23.1	14.3	28.6	28.6	13.2	22	30.8	11	20.9	14.3	28.6	24.2	28.6	27.5	18.7	29.7	11	23.1	18.7	22	23.1	17.6	28.6	17.6	23.1	31.9	26.4	18.7	20.9	14.3	16.5	18.7	23.1	13.2	17.6	15.4	15.4	22	23.1	15.4	19.8	22	13.2	13.2	33	16.5	22	15.4	22	23.1	15.4	15.4	31.9	23.1	11	24.2	19.8	19.8	19.8	20.9	19.8	17.6	11	17.6	24.2	23.1	31.9	26.4	14.3	12.1	31.9	13.2	20.9	29.7	23.1	33	23.1	15.4	24.2	11	29.7	24.2	25.3	17.6	12.1	18.7	11	26.4	17.6	23.1	24.2	14.3	11	25.3	11	33	22	30.8	24.2	23.1	20.9	31.9	16.5	19.8	27.5	25.3	14.3	33	16.5	18.7	11	25.3	33	16.5	15.4	16.5	20.9	17.6	29.7	19.8	13.2	24.2	24.2	31.9	16.5	28.6	12.1	31.9	14.3	19.8	33	28.6	31.9	12.1	29.7	27.5	16.5	16.5	14.3	31.9	30.8	11	31.9	24.2	12.1	30.8	23.1	31.9	24.2	26.4	17.6	19.8	30.8	18.7	19.8	26.4	20.9	19.8	28.6	31.9	18.7	14.3	33	13.2	31.9	22	26.4	27.5	14.3	26.4	16.5	12.1	19.8	26.4	17.6	28.6	14.3	12.1	18.7	16.5	15.4	20.9	13.2	29.7	19.8	11	20.9	11	28.6	27.5	17.6	25.3	19.8	33	26.4	20.9	17.6	20.9	19.8	29.7	18.7	22	22	16.5	33	13.2	14.3	16.5	23.1	30.8	17.6	15.4	28.6	15.4	25.3	15.4	13.2	18.7	15.4	30.8	28.6	33	13.2	19.8	
18.7	28.6	16.5	30.8	19.8	20.9	18.7	33	24.2	17.6	16.5	33	19.8	18.7	26.4	27.5	19.8	22	31.9	17.6	12.1	13.2	20.9	28.6	23.1	17.6	31.9	19.8	31.9	16.5	
16	13	14	18	17	20	15	16	19	10	17	17	11	19	11	15	15	17	11	11	20	18	11	18	14	19	15	18	12	19	12	16	14	14	18	15	16	15	19	13	12	11	13	17	12	13	20	19	17	17	11	15	19	12	13	19	17	11	16	20	16	19	18	13	11	10	15	19	12	13	12	11	18	11	19	12	17	10	18	13	10	10	20	14	19	14	17	18	17	18	15	11	14	18	19	17	11	19	12	15	18	20	12	11	18	20	18	14	18	19	13	12	13	13	17	12	10	11	20	20	14	17	12	10	11	20	18	13	17	13	14	10	19	15	13	20	11	13	20	19	14	14	14	16	19	14	14	19	12	14	19	16	10	20	11	17	17	17	20	15	15	12	13	11	10	16	13	15	12	15	19	17	13	11	19	20	11	20	10	12	16	20	13	10	16	16	12	19	17	20	18	16	14	20	15	11	10	13	10	20	18	13	10	20	18	18	20	17	11	19	18	13	13	20	11	18	15	12	11	10	16	13	12	11	11	14	19	16	17	15	13	16	13	19	14	15	16	17	18	19	17	16	16	10	11	16	17	16	14	12	13	18	12	12	12	15	16	18	20	20	14	16	20	19	13	17	14	17	10	18	17	15	16	17	17	12	20	12	15	20	14	20	18	12	15	16	13	17	18	14	19	16	15	14	20	13	16	12	14	20	
1	1	1	1	1	2	2	2	2	2	2	2	2	2	2	2	2	3	3	3	3	3	3	3	3	3	3	3	3	4	4	4	4	4	4	4	4	4	5	5	5	5	5	5	5	5	5	5	5	5	6	6	6	6	6	7	7	7	7	7	7	7	7	7	8	8	8	9	9	9	9	9	9	9	9	9	9	9	9	9	9	10	10	10	10	10	10	10	10	10	10	10	10	10	10	11	11	11	11	11	11	11	11	11	11	11	12	12	12	12	12	12	13	13	13	13	13	13	13	13	13	13	13	14	14	14	14	14	14	14	14	14	14	15	15	15	15	15	15	15	15	15	15	15	15	15	15	15	15	16	16	16	16	16	16	16	16	16	17	17	17	17	17	17	17	18	18	18	18	18	18	18	18	18	18	18	18	18	18	18	19	19	19	19	19	19	19	19	20	20	20	20	20	20	21	21	21	21	21	21	21	21	21	22	22	22	22	22	22	22	22	23	23	23	23	23	23	23	23	23	23	23	24	24	24	24	24	24	24	24	25	25	25	25	25	25	25	25	25	25	25	25	25	25	26	26	26	26	26	26	26	26	26	26	26	26	26	26	26	27	27	27	27	27	27	27	27	27	27	27	27	27	27	27	28	28	28	28	28	29	29	29	29	29	29	29	30	30	30	30	30	30	30	30	30	30	30	30	30	30	
