200
30	5
105	16.5
28	26	31	31	31	29	27	26	26	31	31	31	28	26	31	29	28	27	30	27	26	29	26	26	28	28	27	29	29	27	27	28	31	27	27	28	31	31	30	29	26	30	26	27	29	29	30	30	29	30	29	30	30	31	28	30	28	26	30	27	29	27	31	27	28	30	27	27	30	29	30	29	28	27	27	31	31	27	27	26	28	31	28	28	27	30	26	27	30	29	26	28	27	29	28	27	26	26	26	30	30	30	27	26	29	26	26	29	30	30	31	27	28	29	31	27	26	27	30	26	28	31	31	27	30	26	28	30	31	30	31	26	29	31	28	28	28	27	27	30	29	29	27	31	28	26	29	31	27	28	31	28	27	31	29	31	30	27	31	31	29	31	30	28	26	29	26	29	29	28	28	30	27	29	27	26	28	26	31	29	26	28	26	28	27	27	27	27	30	30	31	31	26	27	29	29	29	30	31	31	
85	85	85	86	93	78	85	81	87	93	90	82	76	89	86	82	93	94	84	78	83	76	79	88	93	90	82	79	91	86	83	85	81	94	94	81	82	85	77	87	78	84	79	78	90	84	79	84	82	80	81	90	78	86	84	89	77	93	79	84	81	80	77	90	85	89	76	83	93	87	80	93	85	90	88	90	76	87	84	78	89	82	81	83	93	85	89	91	93	83	78	87	87	81	78	83	78	89	79	79	82	92	94	93	93	86	84	88	86	89	87	80	82	76	78	83	80	94	80	93	78	76	84	89	86	94	78	85	81	90	78	82	94	89	78	86	77	82	86	93	90	90	81	77	82	92	84	86	88	81	77	94	77	87	82	94	80	89	81	91	83	88	93	94	77	83	79	82	92	86	89	90	81	92	87	76	81	93	81	93	94	80	82	83	91	93	85	86	80	88	82	87	80	90	89	84	77	76	87	79	
20.9	27.5	25.3	14.3	20.9	19.8	15.4	22	30.8	20.9	31.9	23.1	33	15.4	17.6	14.3	18.7	11	16.5	25.3	24.2	20.9	11	33	19.8	25.3	24.2	17.6	30.8	19.8	28.6	15.4	18.7	16.5	26.4	29.7	29.7	29.7	20.9	15.4	24.2	15.4	15.4	31.9	13.2	15.4	28.6	29.7	30.8	28.6	25.3	19.8	19.8	28.6	24.2	26.4	26.4	30.8	29.7	15.4	31.9	29.7	22	16.5	22	25.3	18.7	16.5	14.3	24.2	31.9	12.1	17.6	31.9	33	19.8	20.9	19.8	23.1	26.4	33	27.5	27.5	20.9	15.4	19.8	27.5	17.6	16.5	29.7	11	31.9	24.2	18.7	16.5	18.7	27.5	15.4	18.7	15.4	12.1	27.5	16.5	11	19.8	31.9	22	25.3	33	23.1	27.5	13.2	14.3	16.5	23.1	25.3	20.9	30.8	24.2	12.1	23.1	14.3	29.7	29.7	14.3	31.9	22	22	19.8	23.1	22	15.4	20.9	20.9	12.1	17.6	28.6	29.7	29.7	14.3	19.8	20.9	18.7	30.8	29.7	15.4	26.4	23.1	28.6	22	17.6	15.4	27.5	15.4	19.8	11	31.9	29.7	13.2	24.2	25.3	31.9	33	12.1	13.2	25.3	16.5	13.2	24.2	25.3	11	28.6	15.4	28.6	12.1	20.9	24.2	17.6	14.3	30.8	26.4	30.8	17.6	30.8	14.3	22	15.4	18.7	26.4	15.4	22	13.2	31.9	26.4	31.9	20.9	31.9	29.7	29.7	28.6	
26.4	24.2	26.4	13.2	23.1	12.1	30.8	28.6	13.2	24.2	26.4	15.4	13.2	15.4	22	31.9	25.3	20.9	18.7	15.4	28.6	31.9	29.7	26.4	26.4	28.6	12.1	29.7	20.9	15.4	19.8	25.3	27.5	16.5	24.2	31.9	27.5	25.3	11	23.1	20.9	27.5	16.5	27.5	28.6	15.4	27.5	28.6	29.7	25.3	26.4	13.2	24.2	19.8	20.9	19.8	27.5	27.5	29.7	20.9	11	29.7	18.7	28.6	23.1	14.3	29.7	25.3	30.8	12.1	15.4	15.4	18.7	19.8	28.6	31.9	19.8	31.9	16.5	20.9	20.9	13.2	24.2	31.9	11	25.3	12.1	31.9	14.3	33	11	11	14.3	29.7	29.7	13.2	11	24.2	31.9	28.6	12.1	33	13.2	18.7	11	20.9	18.7	27.5	18.7	27.5	12.1	13.2	15.4	26.4	25.3	16.5	33	31.9	17.6	30.8	33	24.2	28.6	13.2	25.3	31.9	29.7	24.2	26.4	20.9	20.9	19.8	13.2	16.5	29.7	28.6	17.6	29.7	22	17.6	27.5	28.6	23.1	11	30.8	29.7	29.7	18.7	22	30.8	23.1	22	12.1	25.3	20.9	11	13.2	17.6	18.7	28.6	12.1	29.7	25.3	20.9	14.3	27.5	27.5	30.8	22	14.3	11	27.5	20.9	20.9	25.3	28.6	33	11	28.6	30.8	26.4	13.2	16.5	26.4	11	22	29.7	30.8	24.2	22	33	13.2	25.3	29.7	27.5	31.9	30.8	28.6	15.4	27.5	
12.1	29.7	18.7	31.9	11	11	14.3	13.2	16.5	20.9	19.8	23.1	15.4	30.8	15.4	13.2	13.2	29.7	15.4	33	12.1	26.4	31.9	30.8	18.7	24.2	31.9	22	27.5	28.6	
18	14	19	17	12	19	12	11	18	12	11	14	10	19	20	17	19	10	17	19	13	17	11	19	17	18	19	19	10	11	19	20	13	16	17	14	16	17	13	17	17	11	15	10	11	16	13	10	17	15	17	11	15	10	17	10	20	13	17	16	18	16	17	11	16	16	12	15	20	14	17	13	15	18	18	12	17	15	18	10	16	10	18	19	19	11	18	11	16	17	15	15	18	10	12	19	14	10	19	14	11	18	19	11	11	12	10	18	20	16	19	19	20	19	20	17	16	15	13	17	12	10	20	18	12	11	20	12	10	15	16	13	17	13	12	10	19	19	13	18	12	15	20	12	18	12	12	16	17	13	17	10	11	12	11	11	12	20	15	13	15	11	13	16	11	20	16	19	14	16	16	18	15	12	14	14	13	18	18	16	16	14	19	19	14	14	10	18	10	18	11	19	13	14	13	20	20	12	17	16	
1	1	1	1	1	1	1	1	1	1	1	2	2	2	2	2	2	3	3	3	3	3	3	3	4	4	4	4	4	5	5	5	5	5	6	6	6	6	6	6	6	6	7	7	7	7	7	7	7	7	7	8	8	8	8	8	8	8	9	9	9	9	9	10	10	10	10	10	10	11	11	11	11	11	11	11	11	11	11	12	12	12	12	13	13	13	13	13	13	13	14	14	14	14	14	14	14	15	15	15	15	15	15	16	16	16	16	16	16	16	16	17	17	17	17	17	17	18	18	18	18	18	18	18	18	18	18	18	19	19	19	19	19	19	20	20	20	21	21	21	21	22	22	22	23	23	24	24	24	24	24	24	24	25	25	25	25	25	25	25	25	25	25	26	26	26	26	26	26	26	26	26	27	27	27	27	27	27	27	27	28	28	28	28	28	28	28	29	29	29	29	29	29	29	30	30	30	30	30	30	
