100
30	6
52	20.9
26	30	30	30	28	30	27	29	27	29	31	30	29	28	28	27	28	26	26	29	31	29	30	31	27	26	27	27	31	26	29	28	26	28	28	26	29	29	28	28	30	26	26	26	27	31	30	27	28	28	27	31	29	31	27	26	31	30	29	28	27	27	31	30	31	31	28	29	27	26	30	30	29	31	27	31	26	26	27	29	26	26	29	30	29	31	26	30	30	31	28	28	28	30	29	29	27	31	31	27	
80	78	85	91	84	82	86	93	92	85	92	93	85	77	90	94	81	89	77	80	88	91	76	77	88	77	77	84	77	88	82	90	85	76	86	93	90	86	83	86	92	92	92	85	78	84	78	76	93	90	88	92	76	87	86	82	76	77	91	80	90	88	89	86	90	92	93	83	81	83	78	83	93	89	93	86	94	80	87	77	79	88	90	81	89	89	81	85	94	83	87	87	88	81	83	85	90	93	92	90	
30.8	11	20.9	14.3	26.4	29.7	16.5	12.1	23.1	31.9	27.5	25.3	14.3	15.4	23.1	23.1	12.1	16.5	12.1	29.7	24.2	15.4	18.7	29.7	15.4	24.2	28.6	24.2	27.5	24.2	30.8	19.8	17.6	23.1	13.2	16.5	17.6	26.4	30.8	19.8	28.6	28.6	26.4	16.5	30.8	18.7	25.3	30.8	11	17.6	28.6	19.8	12.1	27.5	16.5	17.6	11	25.3	23.1	18.7	28.6	26.4	19.8	26.4	29.7	17.6	25.3	11	13.2	19.8	30.8	24.2	28.6	17.6	11	29.7	33	29.7	28.6	30.8	14.3	31.9	24.2	19.8	14.3	29.7	13.2	25.3	24.2	23.1	13.2	11	20.9	27.5	31.9	24.2	18.7	18.7	12.1	27.5	
20.9	24.2	24.2	27.5	28.6	33	27.5	19.8	30.8	30.8	23.1	15.4	17.6	33	22	30.8	26.4	24.2	33	27.5	29.7	26.4	30.8	18.7	14.3	12.1	14.3	19.8	18.7	22	15.4	22	13.2	27.5	27.5	12.1	25.3	26.4	31.9	24.2	20.9	19.8	11	28.6	33	31.9	24.2	24.2	30.8	22	24.2	28.6	28.6	29.7	22	20.9	33	19.8	12.1	15.4	15.4	19.8	28.6	19.8	30.8	18.7	15.4	23.1	14.3	31.9	16.5	22	16.5	24.2	33	20.9	33	15.4	17.6	28.6	18.7	19.8	30.8	25.3	23.1	12.1	23.1	18.7	23.1	23.1	12.1	24.2	33	18.7	13.2	27.5	26.4	17.6	16.5	12.1	
18.7	11	29.7	17.6	23.1	31.9	33	14.3	13.2	30.8	27.5	11	28.6	12.1	13.2	11	18.7	24.2	12.1	24.2	33	16.5	13.2	18.7	13.2	26.4	26.4	12.1	22	28.6	
16	14	14	18	17	11	17	16	15	12	18	11	13	10	11	20	13	12	14	14	15	17	15	10	20	17	19	15	13	16	10	11	10	13	13	10	16	17	16	17	19	18	14	14	14	13	10	11	15	20	12	11	10	19	19	10	10	18	16	20	10	15	18	11	20	10	19	14	15	18	18	10	19	15	20	14	14	13	14	11	10	13	19	10	12	18	20	16	15	15	11	17	13	15	17	11	20	15	12	10	
1	2	3	3	3	4	4	4	4	5	5	6	6	6	6	7	7	8	8	8	8	9	9	9	9	9	9	9	9	9	10	11	11	11	12	12	13	13	13	13	13	13	14	14	15	15	15	15	15	15	15	16	16	17	18	18	18	18	19	19	19	20	21	21	21	21	22	22	23	23	23	23	23	24	24	24	24	24	24	25	26	26	26	27	27	27	27	27	28	28	28	29	29	29	29	30	30	30	30	30	
