100
20	4
80	27.5
30	28	29	31	29	29	31	30	29	26	27	26	31	28	27	29	26	27	27	27	30	28	27	31	30	27	31	27	28	27	29	28	31	30	29	29	27	30	27	28	31	28	31	30	27	29	26	27	26	26	28	30	30	29	26	29	27	27	30	31	31	26	26	28	30	29	31	27	26	26	30	27	27	31	31	29	28	27	27	29	28	28	28	29	27	30	29	26	28	28	27	28	29	28	26	27	26	28	26	27	
81	89	88	89	82	93	88	87	81	94	81	88	88	81	84	94	78	89	83	94	91	77	94	94	94	82	76	94	88	76	94	93	79	81	78	79	82	85	89	90	85	92	80	78	91	90	84	82	79	81	93	80	89	90	87	90	92	84	83	94	90	87	80	83	82	87	82	93	89	94	94	81	85	79	84	80	92	78	81	86	88	86	81	77	90	88	93	93	79	92	89	80	90	77	83	85	82	77	90	76	
15.4	19.8	24.2	16.5	30.8	20.9	23.1	15.4	17.6	20.9	26.4	33	18.7	25.3	11	27.5	25.3	20.9	13.2	22	26.4	30.8	14.3	22	31.9	17.6	29.7	33	12.1	31.9	17.6	12.1	14.3	29.7	13.2	23.1	31.9	12.1	25.3	12.1	23.1	31.9	13.2	24.2	30.8	19.8	16.5	24.2	25.3	30.8	22	12.1	20.9	20.9	28.6	27.5	29.7	26.4	18.7	14.3	14.3	17.6	15.4	25.3	31.9	18.7	11	11	27.5	14.3	11	33	17.6	19.8	33	18.7	31.9	28.6	18.7	20.9	16.5	23.1	18.7	24.2	24.2	28.6	18.7	26.4	15.4	22	17.6	17.6	26.4	30.8	23.1	15.4	13.2	17.6	19.8	31.9	
20.9	33	33	33	27.5	31.9	27.5	22	19.8	18.7	24.2	18.7	22	28.6	33	13.2	11	23.1	20.9	27.5	16.5	31.9	15.4	13.2	25.3	19.8	26.4	14.3	22	29.7	31.9	29.7	29.7	11	11	11	25.3	12.1	16.5	26.4	18.7	19.8	25.3	17.6	13.2	28.6	12.1	31.9	33	24.2	20.9	31.9	12.1	14.3	20.9	30.8	17.6	15.4	13.2	12.1	17.6	23.1	27.5	23.1	18.7	23.1	25.3	29.7	14.3	12.1	20.9	23.1	31.9	23.1	27.5	29.7	27.5	33	20.9	22	23.1	17.6	24.2	28.6	11	22	26.4	23.1	24.2	22	19.8	22	13.2	24.2	22	31.9	17.6	28.6	12.1	20.9	
14.3	24.2	11	31.9	15.4	11	15.4	17.6	19.8	23.1	28.6	17.6	20.9	16.5	29.7	28.6	26.4	25.3	29.7	17.6	
19	15	11	20	16	18	10	14	10	17	11	13	12	18	19	18	20	14	16	13	13	11	19	13	14	10	19	19	16	13	10	17	17	10	17	11	12	18	16	19	18	15	14	20	13	12	15	19	14	18	18	19	18	18	12	11	19	11	17	17	14	14	14	16	11	14	12	19	13	15	17	10	10	15	14	16	11	20	14	14	13	10	10	11	10	10	17	18	10	17	11	15	18	10	12	19	20	19	17	16	
1	1	1	1	2	2	2	2	2	2	2	2	2	2	3	3	3	3	3	3	3	3	4	4	4	4	4	5	5	5	5	5	6	6	6	7	7	8	8	8	8	8	8	8	9	9	9	9	9	9	10	10	10	10	11	11	11	11	11	12	12	13	13	13	13	13	14	14	14	14	14	14	14	15	15	15	15	15	15	15	15	16	16	16	16	16	16	17	17	18	18	18	18	19	19	19	19	20	20	20	
