200
10	2
329	17.6
29	30	26	28	26	27	29	28	26	30	31	29	27	29	28	30	29	30	27	28	27	26	28	29	27	30	27	29	27	27	28	28	27	29	27	31	31	27	30	27	30	28	31	30	28	30	31	28	29	27	26	30	28	30	28	28	26	29	30	30	29	31	31	31	27	29	28	29	28	27	27	26	28	28	29	31	28	31	28	30	30	29	30	27	28	30	26	30	28	28	29	27	26	31	30	27	30	28	31	27	26	26	28	28	26	31	29	29	29	31	26	29	29	31	26	27	30	28	28	28	31	31	29	27	26	27	31	27	29	30	28	29	30	30	30	27	28	30	28	28	29	27	31	26	28	30	27	27	28	29	31	29	26	27	27	26	30	27	31	30	30	31	28	27	28	27	28	28	31	27	30	30	28	31	29	30	30	30	28	28	28	28	29	29	27	30	30	31	27	29	27	29	29	31	31	28	28	28	30	26	
92	88	80	79	80	82	83	94	87	90	91	89	89	87	77	83	89	87	79	85	88	90	93	90	92	86	82	82	81	90	77	86	82	82	76	92	80	81	87	80	81	83	83	76	86	79	81	78	87	77	81	85	79	81	87	89	79	91	91	88	85	77	80	92	85	80	77	89	84	84	80	77	92	94	77	87	86	93	93	82	79	87	84	82	90	81	85	82	88	80	81	82	93	87	88	84	90	91	76	79	94	77	80	83	88	92	87	86	76	80	92	78	87	88	79	84	93	89	86	76	83	86	78	82	77	81	81	86	93	90	85	92	92	80	80	81	94	84	80	85	83	88	90	81	82	86	89	90	81	82	87	78	80	88	83	80	88	87	87	81	84	93	80	87	88	91	79	77	91	90	91	76	83	76	94	79	82	80	91	87	92	86	79	79	92	78	85	90	93	77	87	85	81	80	85	79	85	85	93	81	
28.6	25.3	25.3	28.6	28.6	13.2	25.3	25.3	28.6	27.5	23.1	11	22	27.5	22	11	13.2	13.2	20.9	30.8	12.1	24.2	14.3	13.2	14.3	22	27.5	20.9	11	19.8	19.8	25.3	27.5	13.2	25.3	15.4	14.3	25.3	13.2	27.5	16.5	19.8	23.1	16.5	26.4	33	24.2	20.9	11	13.2	27.5	17.6	22	31.9	30.8	11	30.8	31.9	17.6	14.3	11	23.1	31.9	27.5	14.3	22	20.9	15.4	19.8	16.5	17.6	27.5	33	22	33	14.3	29.7	27.5	19.8	30.8	18.7	30.8	15.4	20.9	27.5	17.6	31.9	19.8	30.8	17.6	19.8	28.6	27.5	30.8	12.1	27.5	11	16.5	23.1	17.6	15.4	22	20.9	19.8	14.3	31.9	24.2	33	11	29.7	19.8	12.1	31.9	13.2	12.1	12.1	24.2	31.9	25.3	33	28.6	14.3	20.9	13.2	17.6	27.5	15.4	25.3	28.6	27.5	26.4	28.6	19.8	33	15.4	20.9	20.9	16.5	13.2	30.8	27.5	31.9	22	31.9	17.6	23.1	18.7	11	19.8	11	31.9	29.7	31.9	17.6	22	30.8	17.6	25.3	23.1	17.6	23.1	20.9	23.1	14.3	24.2	20.9	30.8	22	29.7	13.2	33	16.5	13.2	30.8	14.3	26.4	19.8	31.9	13.2	28.6	14.3	30.8	23.1	13.2	16.5	22	20.9	24.2	27.5	24.2	31.9	15.4	26.4	16.5	24.2	12.1	23.1	22	29.7	27.5	
19.8	17.6	14.3	20.9	16.5	17.6	19.8	28.6	15.4	18.7	25.3	11	22	14.3	26.4	15.4	17.6	19.8	24.2	23.1	13.2	29.7	31.9	22	17.6	19.8	12.1	17.6	33	22	20.9	33	31.9	13.2	27.5	33	18.7	23.1	20.9	20.9	25.3	29.7	29.7	20.9	13.2	17.6	25.3	25.3	25.3	22	15.4	31.9	12.1	31.9	33	11	24.2	31.9	26.4	11	11	24.2	25.3	17.6	23.1	13.2	28.6	28.6	23.1	15.4	14.3	15.4	22	16.5	16.5	30.8	20.9	29.7	19.8	13.2	12.1	31.9	27.5	28.6	25.3	24.2	13.2	25.3	29.7	31.9	31.9	15.4	17.6	11	22	33	24.2	30.8	17.6	18.7	14.3	16.5	26.4	11	23.1	31.9	26.4	14.3	16.5	14.3	19.8	14.3	15.4	31.9	31.9	24.2	14.3	30.8	26.4	31.9	15.4	19.8	14.3	11	31.9	19.8	33	20.9	23.1	13.2	23.1	13.2	16.5	33	30.8	27.5	24.2	27.5	29.7	30.8	15.4	29.7	20.9	26.4	33	27.5	17.6	31.9	17.6	17.6	31.9	13.2	15.4	24.2	11	14.3	31.9	20.9	16.5	22	19.8	15.4	12.1	29.7	17.6	30.8	24.2	18.7	12.1	12.1	23.1	23.1	15.4	26.4	13.2	11	12.1	24.2	16.5	23.1	18.7	31.9	29.7	31.9	31.9	13.2	27.5	19.8	33	31.9	23.1	12.1	30.8	30.8	13.2	22	33	20.9	14.3	14.3	
11	23.1	12.1	33	20.9	12.1	13.2	26.4	16.5	16.5	
18	16	15	12	11	19	20	17	15	10	11	14	18	12	18	13	20	19	14	20	18	10	16	10	15	18	16	14	20	13	13	13	11	12	20	11	11	20	20	12	11	16	12	12	16	19	11	12	15	18	20	14	20	18	10	19	18	19	14	14	15	14	20	19	16	20	10	13	20	17	20	15	13	12	13	20	14	13	18	16	12	18	17	14	17	10	18	13	10	12	10	17	14	11	19	10	15	20	10	12	10	14	17	17	13	17	12	12	16	12	11	13	11	11	16	17	11	10	17	11	11	18	13	16	16	14	17	18	13	10	10	16	15	12	10	14	13	18	12	18	18	18	13	13	15	18	13	17	15	20	13	18	12	18	14	13	14	20	10	17	16	15	18	14	12	17	19	17	20	15	18	10	13	10	11	14	18	17	18	18	16	14	20	10	16	20	14	18	10	18	19	15	12	20	10	13	15	14	20	14	
1	1	1	1	1	1	1	1	1	1	1	1	1	1	1	1	1	1	1	1	1	1	1	1	2	2	2	2	2	2	2	2	2	2	2	2	2	2	2	2	2	2	2	2	2	2	2	2	2	2	2	2	2	3	3	3	3	3	3	3	3	3	3	3	3	3	3	3	3	3	3	3	4	4	4	4	4	4	4	4	4	4	4	4	4	4	4	4	4	4	4	5	5	5	5	5	5	5	5	5	5	5	5	5	5	5	5	5	5	5	5	6	6	6	6	6	6	6	6	6	6	6	6	6	6	6	6	6	6	6	6	6	6	6	6	6	6	6	7	7	7	7	7	7	7	7	7	7	7	7	8	8	8	8	8	8	8	8	8	8	8	8	8	9	9	9	9	9	9	9	9	9	9	9	9	9	9	9	9	9	9	9	9	10	10	10	10	10	10	10	10	10	10	10	10	10	10	10	10	10	
