300
20	4
245	12.1
30	28	28	29	29	26	29	31	28	27	28	28	26	30	26	28	26	30	28	29	27	28	31	29	28	29	30	27	28	31	26	28	29	29	29	27	27	31	26	29	29	30	27	28	29	29	30	26	27	29	31	28	31	31	30	30	31	29	31	26	26	29	27	28	26	30	27	30	30	29	26	28	30	27	30	26	27	26	26	26	28	26	28	30	30	31	30	28	26	31	30	26	31	31	30	30	26	27	31	31	30	31	27	30	26	28	31	30	26	28	31	28	31	28	30	26	29	27	31	28	29	31	29	28	31	28	29	31	29	30	26	27	30	30	30	28	27	26	30	29	26	28	29	29	28	28	31	30	26	27	29	29	28	29	29	27	29	26	26	29	31	27	27	28	26	30	29	29	31	28	29	27	31	28	26	28	30	31	28	26	27	28	26	27	27	28	30	31	27	30	29	26	26	30	26	27	31	31	29	31	28	30	28	31	26	26	28	28	28	30	28	27	26	31	29	31	27	31	26	31	31	30	27	27	30	26	27	26	26	26	30	27	27	30	28	26	30	26	29	27	27	28	27	27	29	29	31	26	30	30	31	26	26	31	28	28	31	28	30	29	27	28	31	28	28	26	27	31	27	28	27	30	27	28	31	30	30	27	31	30	27	27	28	27	31	31	29	26	29	28	28	27	26	26	26	28	28	28	31	28	
91	89	88	80	76	89	90	88	78	85	94	86	94	89	92	81	76	91	89	89	92	93	90	89	89	81	86	81	85	78	79	76	81	91	91	92	88	80	90	77	81	81	94	88	85	92	80	80	92	89	78	81	85	92	94	84	88	93	90	77	94	90	93	82	82	76	86	91	81	94	85	85	83	78	94	94	85	93	84	84	87	88	88	84	78	86	80	92	85	93	80	86	81	90	85	86	85	89	88	88	93	87	90	88	81	84	94	91	76	85	85	87	84	85	86	88	77	80	93	82	78	83	84	79	91	80	88	86	91	79	94	91	88	86	87	89	82	81	80	93	76	93	82	85	90	78	81	93	92	78	81	81	83	94	79	81	93	93	76	86	82	90	78	83	83	76	84	90	89	79	84	83	86	82	88	85	82	87	81	87	88	91	84	94	85	80	87	94	90	85	94	85	83	90	84	94	85	92	84	93	94	81	81	78	83	94	84	92	91	87	81	92	91	79	88	77	84	84	77	82	81	94	77	76	76	88	81	86	93	91	78	88	78	78	82	81	92	83	78	86	92	80	93	92	83	80	85	80	83	90	93	82	91	89	86	81	83	87	91	83	92	94	77	87	94	76	89	92	79	85	87	85	88	76	78	90	89	84	93	85	93	78	90	76	79	91	92	78	83	76	81	92	80	78	83	91	89	93	79	87	
33	11	27.5	18.7	13.2	14.3	31.9	23.1	16.5	19.8	31.9	18.7	16.5	29.7	23.1	14.3	26.4	20.9	13.2	29.7	11	14.3	33	20.9	25.3	12.1	18.7	12.1	19.8	23.1	33	27.5	11	14.3	23.1	24.2	29.7	31.9	27.5	19.8	14.3	23.1	14.3	15.4	33	31.9	29.7	15.4	19.8	24.2	12.1	19.8	28.6	24.2	18.7	25.3	16.5	17.6	29.7	30.8	26.4	22	20.9	19.8	15.4	24.2	23.1	17.6	17.6	14.3	14.3	14.3	18.7	22	12.1	15.4	31.9	24.2	27.5	29.7	25.3	18.7	15.4	19.8	26.4	27.5	33	33	13.2	17.6	33	11	23.1	19.8	27.5	13.2	15.4	18.7	16.5	30.8	27.5	14.3	24.2	26.4	16.5	13.2	11	19.8	33	12.1	24.2	31.9	11	20.9	29.7	27.5	19.8	15.4	22	12.1	31.9	25.3	22	19.8	17.6	29.7	26.4	25.3	22	15.4	23.1	19.8	16.5	18.7	13.2	11	11	22	17.6	22	24.2	11	18.7	22	27.5	22	31.9	17.6	33	26.4	30.8	27.5	20.9	27.5	27.5	28.6	14.3	29.7	12.1	16.5	15.4	18.7	30.8	18.7	22	26.4	13.2	15.4	16.5	27.5	18.7	14.3	11	33	24.2	20.9	29.7	20.9	25.3	19.8	25.3	29.7	26.4	24.2	26.4	19.8	33	18.7	12.1	28.6	23.1	26.4	29.7	33	28.6	26.4	12.1	29.7	16.5	16.5	22	28.6	18.7	23.1	27.5	19.8	18.7	13.2	31.9	25.3	14.3	30.8	33	16.5	23.1	17.6	28.6	31.9	31.9	11	11	31.9	20.9	23.1	24.2	29.7	12.1	23.1	24.2	13.2	33	14.3	19.8	11	31.9	13.2	11	23.1	28.6	31.9	29.7	14.3	13.2	11	27.5	23.1	33	20.9	11	29.7	30.8	29.7	16.5	16.5	11	31.9	13.2	30.8	26.4	26.4	24.2	17.6	11	33	33	28.6	19.8	23.1	24.2	22	24.2	11	14.3	13.2	14.3	18.7	31.9	30.8	29.7	14.3	19.8	13.2	25.3	23.1	12.1	11	31.9	20.9	14.3	12.1	30.8	23.1	22	15.4	33	20.9	18.7	20.9	16.5	22	
11	28.6	23.1	31.9	19.8	16.5	13.2	13.2	24.2	24.2	11	25.3	33	18.7	12.1	24.2	23.1	27.5	29.7	30.8	31.9	28.6	20.9	25.3	16.5	18.7	19.8	28.6	19.8	15.4	33	30.8	26.4	28.6	26.4	22	11	30.8	22	12.1	27.5	13.2	24.2	31.9	30.8	12.1	15.4	18.7	30.8	25.3	30.8	17.6	12.1	27.5	15.4	27.5	15.4	33	25.3	29.7	19.8	27.5	30.8	26.4	14.3	25.3	28.6	22	12.1	26.4	16.5	26.4	15.4	27.5	23.1	17.6	24.2	16.5	22	27.5	25.3	12.1	24.2	15.4	18.7	19.8	20.9	29.7	24.2	24.2	24.2	14.3	29.7	29.7	28.6	24.2	23.1	13.2	20.9	18.7	28.6	12.1	19.8	19.8	12.1	25.3	17.6	28.6	22	33	24.2	19.8	22	26.4	29.7	20.9	12.1	11	19.8	18.7	14.3	11	30.8	13.2	12.1	12.1	20.9	18.7	19.8	11	28.6	15.4	26.4	26.4	15.4	29.7	17.6	23.1	11	31.9	27.5	13.2	17.6	28.6	26.4	17.6	23.1	12.1	19.8	13.2	25.3	15.4	22	18.7	23.1	19.8	33	27.5	19.8	19.8	24.2	33	28.6	14.3	22	26.4	20.9	18.7	29.7	13.2	25.3	16.5	23.1	27.5	33	19.8	31.9	31.9	14.3	14.3	26.4	24.2	23.1	23.1	18.7	13.2	24.2	33	20.9	18.7	27.5	22	11	18.7	17.6	18.7	19.8	29.7	11	28.6	27.5	22	15.4	30.8	20.9	14.3	23.1	25.3	24.2	14.3	29.7	22	12.1	13.2	33	33	20.9	11	27.5	14.3	25.3	22	27.5	31.9	31.9	12.1	33	31.9	22	23.1	16.5	33	25.3	19.8	29.7	11	23.1	33	27.5	12.1	12.1	26.4	17.6	17.6	13.2	22	20.9	22	12.1	17.6	12.1	26.4	31.9	14.3	33	19.8	33	22	26.4	20.9	24.2	25.3	27.5	15.4	23.1	23.1	22	30.8	20.9	11	14.3	20.9	24.2	19.8	23.1	14.3	14.3	26.4	13.2	16.5	25.3	31.9	30.8	15.4	12.1	20.9	24.2	27.5	14.3	29.7	22	24.2	28.6	28.6	19.8	31.9	17.6	18.7	28.6	20.9	
18.7	17.6	14.3	28.6	13.2	19.8	33	27.5	26.4	26.4	29.7	24.2	18.7	18.7	12.1	17.6	24.2	14.3	30.8	18.7	
15	16	17	19	18	20	11	19	17	13	19	11	11	17	13	20	18	11	17	16	10	13	14	20	14	10	19	20	12	14	18	18	16	18	15	13	11	19	17	12	12	20	16	13	14	17	18	13	13	12	16	16	19	16	12	18	19	15	13	11	13	15	18	13	18	15	17	19	15	15	15	18	12	18	20	14	20	14	14	17	16	18	19	14	14	10	17	19	13	12	18	20	14	10	17	13	10	12	15	20	14	12	12	16	17	18	15	15	17	19	12	20	12	15	13	20	20	19	19	19	11	20	16	15	20	14	15	18	16	13	15	10	20	14	18	12	11	12	14	11	20	17	11	15	12	15	11	15	17	13	11	13	20	12	19	17	16	20	11	17	20	10	14	20	19	13	16	14	17	20	12	20	10	15	18	18	20	15	13	15	16	17	18	13	11	18	14	18	18	19	14	14	20	17	10	16	12	10	13	14	20	15	14	20	11	11	12	17	20	19	16	20	12	20	11	10	16	10	10	16	12	12	12	18	13	14	12	12	10	17	10	11	17	16	12	14	17	11	17	19	16	13	10	18	12	18	13	17	10	16	18	14	13	14	12	11	19	14	18	12	18	17	15	12	14	20	18	19	13	13	20	16	19	20	19	16	18	14	19	15	12	14	14	10	13	19	14	17	15	13	19	15	11	13	14	11	18	19	10	10	
1	1	1	1	1	1	1	1	1	1	1	1	1	1	1	1	1	1	1	1	1	1	1	1	2	2	2	2	2	2	2	2	2	2	2	2	2	2	2	3	3	3	3	3	3	3	3	3	3	3	3	3	3	4	4	4	4	4	4	4	4	4	4	4	4	4	4	4	4	5	5	5	5	5	5	5	5	5	5	5	5	5	5	6	6	6	6	6	6	6	7	7	7	7	7	7	7	7	7	7	7	7	7	7	7	8	8	8	8	8	8	8	8	8	8	8	8	9	9	9	9	9	9	9	9	9	9	9	9	9	9	10	10	10	10	10	10	10	10	10	10	10	10	10	10	10	10	10	10	10	10	10	10	11	11	11	11	11	11	11	11	11	11	11	11	11	11	12	12	12	12	12	12	12	12	12	12	12	13	13	13	13	13	13	13	13	13	13	13	13	14	14	14	14	14	14	14	14	14	14	14	14	14	14	15	15	15	15	15	15	15	15	15	15	15	15	16	16	16	16	16	16	16	16	16	16	16	17	17	17	17	17	17	17	17	17	17	17	17	17	17	17	17	17	17	17	17	18	18	18	18	18	18	18	18	18	18	18	18	18	18	18	18	18	18	18	19	19	19	19	19	19	19	19	19	19	19	19	19	19	19	19	19	20	20	20	20	20	20	20	20	20	20	20	20	20	20	20	20	20	
