300
20	2
226	23.1
29	28	28	30	31	28	28	28	31	28	30	31	31	30	31	30	30	27	31	26	30	26	30	31	31	27	26	30	31	26	27	29	26	26	27	28	28	27	30	31	30	30	29	26	29	26	28	30	26	28	26	29	26	29	29	29	27	31	26	29	27	28	27	26	26	27	27	27	31	26	27	26	28	31	28	29	28	26	26	29	28	30	27	28	28	26	27	28	29	26	28	27	27	31	27	30	27	31	27	31	29	29	26	31	31	28	27	28	30	31	28	31	31	31	30	27	27	31	30	29	30	26	29	30	28	30	29	27	26	28	31	30	29	27	27	27	30	28	26	26	27	30	27	31	29	27	26	29	31	28	29	27	26	30	27	28	30	28	27	31	29	29	30	30	27	31	30	28	29	27	26	28	29	27	27	30	26	29	26	30	31	30	26	28	27	31	28	26	28	29	27	30	27	28	31	27	31	30	29	28	26	29	28	31	28	29	28	30	29	29	31	27	27	28	31	27	31	29	29	31	26	27	31	28	27	28	28	30	26	30	31	31	27	31	27	30	26	26	27	31	26	30	30	26	31	29	28	31	30	30	26	30	27	31	29	29	26	31	31	30	27	26	28	27	30	29	27	30	30	29	28	30	30	28	26	28	29	30	28	27	28	28	30	26	29	26	30	27	27	27	29	26	26	27	29	26	30	29	31	28	
91	86	85	86	79	80	93	93	76	76	79	79	87	88	84	92	92	83	76	90	89	91	77	78	79	86	76	84	86	85	87	83	84	92	90	77	83	92	76	79	80	86	86	90	80	85	83	88	87	78	89	87	89	85	88	85	82	84	89	85	84	82	88	82	94	81	80	83	90	87	85	82	87	91	87	91	85	79	82	84	79	92	92	94	86	78	79	84	76	89	87	92	78	94	89	76	84	82	78	92	91	90	92	86	91	77	79	80	83	92	93	81	87	92	87	87	93	92	92	82	79	88	83	88	78	79	89	82	77	80	94	94	81	83	78	80	87	77	86	90	89	76	86	77	89	79	86	83	78	82	92	88	78	76	80	76	91	89	91	77	80	84	91	89	94	86	84	89	94	92	86	88	85	80	83	89	76	87	85	90	80	91	79	85	84	82	76	91	76	85	76	76	84	89	76	79	76	78	83	87	78	91	80	86	88	86	89	92	79	77	90	78	94	93	79	91	81	80	90	88	78	77	79	87	79	81	79	86	76	79	86	82	87	91	84	83	81	93	82	79	82	83	80	94	87	79	82	85	90	87	76	84	78	88	89	86	84	83	86	79	90	82	84	85	85	85	84	87	84	93	85	89	83	82	76	84	87	93	80	82	77	85	82	84	87	82	87	92	77	77	80	85	93	94	78	80	89	92	91	80	
15.4	15.4	31.9	23.1	16.5	19.8	25.3	17.6	33	18.7	16.5	12.1	11	11	23.1	31.9	29.7	15.4	31.9	23.1	20.9	27.5	17.6	26.4	13.2	18.7	29.7	26.4	19.8	26.4	30.8	27.5	26.4	20.9	16.5	30.8	16.5	29.7	11	27.5	29.7	33	31.9	18.7	23.1	12.1	14.3	28.6	22	17.6	22	19.8	23.1	14.3	25.3	14.3	33	20.9	24.2	20.9	11	26.4	29.7	12.1	31.9	20.9	20.9	31.9	18.7	25.3	17.6	12.1	22	27.5	18.7	26.4	29.7	25.3	25.3	33	17.6	33	28.6	20.9	13.2	15.4	24.2	33	15.4	23.1	33	25.3	15.4	22	15.4	19.8	30.8	19.8	17.6	19.8	22	14.3	28.6	31.9	18.7	22	15.4	29.7	26.4	27.5	14.3	22	12.1	28.6	12.1	16.5	31.9	12.1	25.3	26.4	26.4	22	24.2	15.4	14.3	20.9	17.6	19.8	12.1	20.9	25.3	22	11	28.6	27.5	26.4	25.3	24.2	15.4	23.1	12.1	23.1	30.8	31.9	25.3	22	31.9	33	16.5	16.5	17.6	26.4	25.3	19.8	27.5	20.9	26.4	33	26.4	30.8	26.4	17.6	20.9	13.2	26.4	28.6	18.7	13.2	14.3	23.1	15.4	27.5	30.8	17.6	11	14.3	33	26.4	30.8	31.9	25.3	12.1	27.5	25.3	27.5	23.1	20.9	28.6	14.3	15.4	23.1	33	25.3	16.5	27.5	12.1	14.3	20.9	15.4	16.5	16.5	19.8	22	22	30.8	16.5	30.8	18.7	29.7	29.7	25.3	16.5	23.1	11	23.1	22	27.5	12.1	14.3	26.4	24.2	28.6	24.2	17.6	13.2	13.2	33	23.1	30.8	33	33	27.5	31.9	25.3	23.1	20.9	12.1	12.1	15.4	28.6	13.2	15.4	27.5	11	29.7	11	11	29.7	23.1	20.9	27.5	27.5	25.3	20.9	26.4	31.9	22	14.3	27.5	26.4	17.6	31.9	20.9	24.2	13.2	23.1	30.8	14.3	30.8	25.3	24.2	30.8	14.3	19.8	22	29.7	28.6	23.1	26.4	19.8	23.1	29.7	29.7	23.1	29.7	27.5	26.4	27.5	33	20.9	25.3	33	15.4	12.1	30.8	12.1	19.8	33	15.4	29.7	
23.1	11	16.5	20.9	27.5	29.7	28.6	24.2	13.2	12.1	18.7	17.6	18.7	17.6	13.2	27.5	26.4	31.9	23.1	15.4	25.3	22	12.1	27.5	31.9	17.6	27.5	31.9	29.7	33	31.9	23.1	31.9	16.5	15.4	29.7	25.3	29.7	18.7	30.8	30.8	20.9	11	26.4	20.9	31.9	24.2	24.2	26.4	27.5	30.8	17.6	14.3	12.1	23.1	16.5	11	20.9	15.4	11	29.7	15.4	31.9	11	22	20.9	31.9	11	20.9	22	23.1	23.1	25.3	29.7	20.9	26.4	29.7	14.3	22	11	15.4	17.6	12.1	13.2	28.6	26.4	29.7	29.7	22	33	26.4	16.5	33	30.8	14.3	18.7	30.8	14.3	11	33	30.8	30.8	11	12.1	12.1	11	31.9	15.4	25.3	31.9	23.1	25.3	28.6	18.7	23.1	30.8	30.8	33	33	25.3	17.6	14.3	31.9	29.7	11	33	28.6	26.4	17.6	23.1	31.9	30.8	33	24.2	16.5	15.4	16.5	15.4	17.6	13.2	18.7	30.8	33	16.5	11	28.6	19.8	26.4	20.9	28.6	19.8	19.8	33	23.1	23.1	33	28.6	17.6	31.9	20.9	11	16.5	19.8	13.2	12.1	24.2	27.5	30.8	17.6	14.3	15.4	29.7	22	17.6	11	20.9	15.4	29.7	15.4	23.1	24.2	19.8	22	19.8	23.1	15.4	15.4	30.8	33	30.8	22	17.6	24.2	29.7	22	24.2	17.6	27.5	23.1	31.9	24.2	30.8	31.9	23.1	20.9	28.6	31.9	20.9	28.6	13.2	31.9	33	19.8	14.3	30.8	17.6	24.2	19.8	27.5	27.5	20.9	24.2	33	33	12.1	18.7	15.4	28.6	11	29.7	12.1	26.4	27.5	16.5	14.3	24.2	18.7	11	26.4	28.6	25.3	12.1	17.6	14.3	27.5	11	25.3	14.3	27.5	28.6	14.3	28.6	17.6	16.5	14.3	25.3	19.8	14.3	23.1	19.8	18.7	23.1	16.5	14.3	27.5	11	31.9	15.4	25.3	22	33	30.8	22	33	27.5	20.9	19.8	29.7	33	25.3	27.5	29.7	19.8	27.5	13.2	28.6	14.3	18.7	15.4	14.3	15.4	15.4	16.5	20.9	16.5	14.3	25.3	27.5	16.5	16.5	
11	24.2	31.9	30.8	15.4	19.8	19.8	23.1	14.3	20.9	17.6	25.3	14.3	11	13.2	15.4	17.6	20.9	30.8	23.1	
11	11	13	18	18	11	17	12	10	18	20	15	11	12	17	11	19	13	18	17	16	12	10	19	14	17	11	10	11	19	16	12	14	11	17	13	15	10	13	14	20	13	14	19	16	11	20	15	11	11	16	17	16	19	17	14	17	19	18	19	11	10	13	12	12	17	17	11	17	20	15	14	18	20	19	17	19	10	18	10	12	12	12	15	10	19	13	18	13	10	11	15	18	11	16	14	13	14	18	20	16	20	14	13	15	11	14	18	15	12	11	17	13	12	12	15	19	17	20	20	11	18	16	19	10	14	16	13	15	12	19	17	11	14	16	13	16	18	15	10	20	10	12	20	20	14	19	13	17	11	13	15	13	15	16	11	16	16	18	10	19	16	10	13	19	10	17	12	11	15	16	10	17	14	12	15	20	12	15	18	17	16	20	16	19	17	17	18	18	16	16	12	20	14	17	20	12	11	11	18	17	18	19	10	12	10	10	16	11	15	10	20	19	16	18	13	12	14	17	19	19	19	13	19	16	17	18	19	16	11	12	20	20	18	11	13	12	15	18	11	12	16	10	14	14	11	17	10	11	11	17	14	11	19	16	19	15	14	19	13	12	18	16	13	14	18	19	11	14	14	14	16	18	15	10	14	19	11	10	18	20	11	11	19	17	11	18	13	12	11	17	12	17	12	11	15	20	12	15	20	
1	1	1	1	1	1	1	1	1	1	1	1	1	1	1	1	1	1	1	1	1	2	2	2	2	2	2	2	2	2	2	2	2	2	2	2	3	3	3	3	3	3	3	3	3	3	3	3	4	4	4	4	4	4	4	4	4	4	4	4	4	4	4	4	5	5	5	5	5	5	5	5	5	5	5	5	5	5	5	5	6	6	6	6	6	6	6	6	6	6	6	6	6	6	6	7	7	7	7	7	7	7	7	7	7	7	7	7	7	7	7	8	8	8	8	8	8	8	8	8	8	8	8	8	8	8	8	8	9	9	9	9	9	9	9	9	9	9	9	9	9	9	9	9	10	10	10	10	10	10	10	10	10	10	10	10	10	10	10	10	10	10	10	10	10	10	11	11	11	11	11	11	11	11	11	11	11	12	12	12	12	12	12	12	12	12	12	12	12	12	12	12	12	13	13	13	13	13	13	13	13	13	14	14	14	14	14	14	14	14	14	15	15	15	15	15	15	15	15	15	15	15	15	15	15	15	15	15	15	16	16	16	16	16	16	16	16	16	16	16	16	17	17	17	17	17	17	17	17	17	17	17	17	18	18	18	18	18	18	18	18	18	18	18	18	18	18	18	18	18	18	18	18	18	19	19	19	19	19	19	19	19	19	19	19	19	19	19	19	20	20	20	20	20	20	20	20	20	20	20	
