500
30	6
265	14.3
28	30	26	31	26	27	27	31	29	27	31	28	26	26	31	31	29	29	28	29	29	29	28	26	27	29	26	28	29	28	30	31	29	30	27	27	27	29	26	28	26	27	31	28	28	28	28	30	29	30	26	26	26	28	27	26	26	26	31	29	27	30	29	31	31	26	27	30	27	31	28	29	30	27	29	26	26	31	26	28	31	29	28	31	27	30	29	30	26	27	28	30	31	30	26	29	27	30	27	28	31	29	26	31	30	29	29	31	31	29	28	30	31	28	30	30	28	28	30	26	30	28	28	27	29	27	31	27	27	26	28	29	31	31	31	29	31	28	29	26	30	29	29	26	28	31	30	31	31	27	28	29	30	28	31	27	31	27	28	28	26	30	26	26	28	31	27	30	26	31	30	28	29	26	27	27	29	26	27	30	26	30	28	28	26	28	26	31	26	28	27	31	29	31	27	26	30	30	27	28	27	31	28	28	27	28	31	28	31	30	31	27	31	27	30	30	31	27	29	28	30	31	30	26	27	28	28	28	31	31	31	28	27	30	29	30	28	30	28	26	27	26	26	27	31	27	26	30	31	31	29	28	28	31	27	27	29	29	30	31	28	30	29	29	31	26	28	26	26	30	29	30	29	29	30	27	28	26	27	27	30	27	31	28	26	26	28	29	28	29	28	29	30	28	27	29	29	31	29	30	26	31	26	31	26	30	29	30	28	27	29	31	29	30	28	31	31	29	28	27	27	30	28	28	29	31	28	31	26	29	31	26	29	26	27	28	31	28	26	27	28	27	31	31	29	27	30	27	31	29	26	27	27	29	30	26	31	29	30	30	30	27	27	31	29	26	31	29	28	30	29	26	28	27	26	26	29	29	26	31	26	30	29	28	30	28	30	31	30	27	30	31	26	27	28	29	31	28	26	27	26	28	29	27	31	28	26	28	26	27	28	31	26	26	29	26	27	28	30	29	30	29	29	28	28	31	31	27	30	30	30	30	26	29	29	30	27	26	30	26	28	26	27	31	26	26	29	31	30	30	27	28	28	26	27	30	27	27	28	28	29	26	31	30	26	30	28	28	27	26	28	26	28	26	29	30	30	27	28	29	31	30	30	28	27	27	31	29	31	26	26	26	28	29	29	28	26	30	28	27	
91	77	92	86	76	92	79	93	78	90	77	81	76	94	82	81	91	93	86	94	76	76	81	79	87	94	84	78	87	83	77	82	85	80	79	85	79	87	86	79	86	93	78	90	89	80	87	76	92	78	93	83	80	92	82	87	91	84	84	92	90	76	77	90	89	90	81	84	82	82	81	86	77	78	90	89	82	83	78	84	78	92	93	88	83	94	78	87	88	79	90	83	83	79	77	93	88	79	83	85	90	80	88	88	92	82	94	77	77	93	88	93	91	93	94	83	83	86	84	86	89	92	94	85	78	82	92	93	87	94	79	84	93	80	90	85	89	85	87	77	93	79	89	81	80	89	78	78	88	91	94	88	94	94	78	79	81	76	81	92	87	89	87	88	84	81	89	84	88	78	82	92	81	87	89	87	76	88	85	91	85	81	90	93	88	83	91	89	88	77	78	84	87	92	92	90	78	88	84	91	82	86	81	80	94	93	76	78	93	84	82	84	90	94	83	80	88	89	84	92	84	80	85	88	77	85	84	76	94	81	94	94	76	92	79	86	77	93	86	78	89	77	76	92	89	87	83	86	89	93	91	88	88	90	78	83	87	89	91	78	83	94	87	92	76	76	88	94	91	85	89	83	77	80	84	79	86	81	85	91	82	94	80	87	76	90	87	91	90	86	77	82	79	89	85	88	92	94	91	90	93	87	90	88	83	88	86	77	77	85	90	79	87	79	87	84	77	82	83	94	90	86	79	82	94	87	84	79	87	89	92	76	84	93	81	88	85	78	90	94	83	92	79	89	92	77	93	79	91	86	89	76	87	78	93	77	89	77	78	83	86	87	82	91	91	81	92	88	81	85	90	76	76	82	86	88	77	90	79	86	78	92	83	80	78	76	79	94	92	93	93	88	86	89	76	94	85	93	79	83	90	79	84	88	90	76	84	87	78	85	90	77	86	78	82	83	90	80	87	89	76	77	86	86	86	88	83	76	89	77	76	93	84	85	89	76	81	82	94	78	80	85	78	87	91	76	89	94	81	93	87	84	76	87	89	81	93	87	89	86	83	79	78	86	83	86	89	92	87	91	82	76	92	76	83	91	79	92	85	82	76	76	76	87	90	94	84	93	93	81	76	82	76	77	76	85	86	88	88	90	
33	19.8	16.5	11	14.3	11	31.9	23.1	13.2	24.2	29.7	14.3	19.8	27.5	31.9	14.3	28.6	18.7	19.8	26.4	31.9	27.5	23.1	11	15.4	27.5	31.9	15.4	14.3	11	20.9	16.5	29.7	30.8	18.7	29.7	18.7	25.3	24.2	26.4	13.2	13.2	30.8	13.2	27.5	24.2	27.5	28.6	13.2	18.7	13.2	23.1	26.4	12.1	18.7	18.7	31.9	23.1	18.7	19.8	27.5	20.9	14.3	20.9	16.5	27.5	28.6	27.5	15.4	31.9	26.4	33	24.2	17.6	19.8	28.6	17.6	31.9	22	23.1	29.7	16.5	31.9	12.1	23.1	17.6	12.1	19.8	20.9	26.4	33	16.5	31.9	19.8	33	12.1	15.4	24.2	17.6	23.1	25.3	25.3	25.3	30.8	17.6	16.5	17.6	29.7	23.1	28.6	24.2	26.4	22	19.8	17.6	18.7	23.1	27.5	14.3	22	18.7	15.4	28.6	15.4	24.2	20.9	19.8	26.4	11	22	28.6	13.2	12.1	19.8	12.1	23.1	22	17.6	33	20.9	15.4	18.7	15.4	27.5	15.4	26.4	26.4	15.4	20.9	22	30.8	33	25.3	23.1	24.2	26.4	19.8	18.7	28.6	28.6	13.2	15.4	19.8	16.5	20.9	24.2	20.9	33	30.8	13.2	12.1	25.3	22	13.2	33	25.3	26.4	11	27.5	11	25.3	19.8	24.2	15.4	27.5	18.7	33	22	25.3	23.1	22	26.4	20.9	13.2	12.1	24.2	16.5	33	22	14.3	17.6	13.2	33	20.9	15.4	14.3	17.6	15.4	33	23.1	12.1	22	25.3	17.6	28.6	19.8	18.7	28.6	13.2	19.8	25.3	27.5	31.9	12.1	30.8	12.1	30.8	26.4	27.5	23.1	31.9	25.3	12.1	16.5	27.5	15.4	13.2	31.9	11	13.2	16.5	24.2	18.7	17.6	14.3	33	27.5	13.2	28.6	17.6	20.9	27.5	12.1	22	30.8	17.6	25.3	25.3	27.5	33	31.9	17.6	17.6	18.7	19.8	27.5	28.6	18.7	12.1	23.1	30.8	31.9	24.2	27.5	22	30.8	31.9	24.2	30.8	20.9	23.1	30.8	22	22	24.2	20.9	12.1	16.5	17.6	25.3	16.5	12.1	28.6	19.8	24.2	24.2	20.9	19.8	16.5	11	11	15.4	22	16.5	27.5	26.4	18.7	24.2	19.8	11	20.9	11	11	25.3	17.6	26.4	28.6	25.3	20.9	19.8	25.3	11	33	26.4	27.5	24.2	33	19.8	12.1	23.1	20.9	16.5	33	28.6	27.5	12.1	12.1	18.7	23.1	27.5	27.5	12.1	29.7	28.6	29.7	33	30.8	28.6	28.6	25.3	13.2	33	12.1	27.5	23.1	19.8	30.8	31.9	27.5	19.8	17.6	25.3	20.9	13.2	12.1	25.3	29.7	13.2	19.8	33	14.3	30.8	27.5	12.1	26.4	15.4	17.6	20.9	15.4	30.8	13.2	23.1	27.5	15.4	16.5	33	19.8	28.6	31.9	15.4	27.5	30.8	12.1	30.8	26.4	23.1	29.7	28.6	29.7	28.6	24.2	29.7	22	31.9	19.8	31.9	28.6	28.6	27.5	25.3	22	12.1	33	26.4	28.6	24.2	12.1	26.4	28.6	17.6	12.1	24.2	30.8	28.6	29.7	33	20.9	19.8	26.4	28.6	30.8	29.7	27.5	15.4	25.3	26.4	12.1	31.9	11	20.9	30.8	27.5	19.8	22	26.4	31.9	25.3	14.3	22	19.8	31.9	23.1	31.9	20.9	26.4	22	24.2	28.6	17.6	24.2	26.4	17.6	15.4	20.9	27.5	23.1	19.8	26.4	20.9	20.9	31.9	19.8	31.9	23.1	17.6	11	13.2	17.6	22	27.5	26.4	18.7	26.4	20.9	22	19.8	27.5	28.6	30.8	26.4	12.1	24.2	22	11	15.4	19.8	27.5	17.6	11	25.3	
22	29.7	12.1	12.1	22	15.4	33	18.7	18.7	13.2	33	14.3	13.2	12.1	18.7	29.7	16.5	30.8	33	15.4	28.6	27.5	25.3	33	24.2	25.3	20.9	12.1	15.4	17.6	11	20.9	20.9	29.7	13.2	23.1	23.1	12.1	26.4	19.8	16.5	26.4	24.2	14.3	16.5	28.6	14.3	33	15.4	11	24.2	26.4	23.1	11	30.8	31.9	16.5	19.8	19.8	20.9	24.2	28.6	28.6	27.5	12.1	18.7	24.2	22	18.7	12.1	20.9	17.6	20.9	23.1	28.6	33	19.8	17.6	14.3	18.7	23.1	13.2	15.4	15.4	27.5	26.4	11	29.7	14.3	29.7	16.5	14.3	22	23.1	16.5	12.1	23.1	30.8	16.5	22	13.2	15.4	27.5	17.6	28.6	17.6	29.7	16.5	30.8	12.1	24.2	25.3	13.2	31.9	13.2	19.8	19.8	26.4	11	12.1	26.4	12.1	20.9	12.1	13.2	29.7	18.7	27.5	15.4	22	16.5	20.9	23.1	20.9	17.6	12.1	15.4	26.4	33	27.5	29.7	11	33	28.6	20.9	16.5	33	17.6	25.3	23.1	16.5	19.8	25.3	18.7	25.3	16.5	19.8	20.9	23.1	29.7	19.8	17.6	29.7	15.4	22	22	14.3	16.5	22	11	29.7	24.2	27.5	27.5	29.7	12.1	25.3	23.1	30.8	16.5	30.8	25.3	27.5	22	30.8	19.8	11	27.5	18.7	33	22	24.2	22	33	13.2	13.2	15.4	31.9	31.9	29.7	23.1	28.6	13.2	33	31.9	19.8	25.3	29.7	20.9	13.2	27.5	24.2	23.1	17.6	30.8	26.4	27.5	31.9	14.3	11	19.8	19.8	31.9	23.1	15.4	22	13.2	26.4	25.3	18.7	19.8	30.8	11	24.2	11	29.7	17.6	33	25.3	17.6	26.4	15.4	14.3	19.8	16.5	18.7	31.9	26.4	25.3	24.2	18.7	19.8	22	14.3	26.4	20.9	33	33	26.4	33	33	12.1	18.7	22	19.8	12.1	17.6	29.7	14.3	15.4	30.8	26.4	22	11	20.9	23.1	31.9	18.7	26.4	18.7	19.8	17.6	30.8	22	23.1	30.8	14.3	14.3	14.3	22	31.9	30.8	20.9	16.5	19.8	29.7	24.2	31.9	13.2	11	28.6	24.2	31.9	11	14.3	11	16.5	30.8	24.2	31.9	29.7	15.4	14.3	26.4	13.2	12.1	24.2	16.5	18.7	11	23.1	28.6	12.1	33	25.3	14.3	12.1	13.2	19.8	28.6	33	20.9	25.3	23.1	29.7	15.4	27.5	18.7	20.9	22	24.2	14.3	16.5	14.3	11	19.8	20.9	22	26.4	19.8	19.8	26.4	15.4	24.2	20.9	25.3	14.3	20.9	12.1	33	28.6	13.2	24.2	12.1	23.1	18.7	12.1	22	23.1	33	14.3	33	26.4	11	22	19.8	22	14.3	26.4	19.8	33	25.3	15.4	24.2	18.7	25.3	12.1	33	30.8	16.5	26.4	22	26.4	19.8	33	23.1	31.9	18.7	29.7	33	29.7	28.6	33	15.4	18.7	25.3	33	27.5	29.7	16.5	26.4	14.3	28.6	16.5	27.5	29.7	20.9	30.8	25.3	30.8	31.9	33	26.4	28.6	25.3	17.6	17.6	11	26.4	22	13.2	27.5	19.8	17.6	27.5	26.4	33	13.2	26.4	31.9	27.5	27.5	27.5	18.7	27.5	26.4	15.4	26.4	33	20.9	22	17.6	27.5	25.3	13.2	25.3	22	22	18.7	17.6	28.6	12.1	16.5	24.2	17.6	13.2	15.4	14.3	22	13.2	25.3	19.8	24.2	12.1	19.8	27.5	33	15.4	12.1	19.8	29.7	22	12.1	12.1	23.1	25.3	29.7	15.4	29.7	16.5	27.5	13.2	11	22	22	18.7	25.3	17.6	28.6	33	
18.7	22	29.7	28.6	17.6	33	28.6	17.6	29.7	26.4	22	25.3	17.6	26.4	12.1	29.7	27.5	16.5	13.2	16.5	12.1	16.5	12.1	29.7	13.2	14.3	31.9	11	28.6	27.5	
11	12	20	15	10	17	15	14	12	12	12	19	20	17	15	11	18	17	20	18	14	12	18	14	18	17	16	14	19	12	15	16	13	18	11	16	14	13	11	17	11	10	13	10	18	12	14	11	12	10	20	19	18	17	14	10	11	16	14	14	18	15	20	11	14	16	13	16	13	11	18	12	10	11	19	12	13	16	16	10	19	13	13	11	10	13	19	14	14	16	14	20	11	20	20	13	20	18	20	18	19	15	10	19	11	19	13	19	11	17	19	20	15	15	13	20	20	14	13	10	12	11	14	11	15	14	10	15	11	19	11	19	20	11	15	18	14	19	14	16	11	14	16	17	13	16	11	17	12	13	12	14	10	11	20	14	18	15	11	18	19	16	19	11	18	12	14	19	13	14	11	18	20	13	18	17	10	11	20	16	15	19	19	16	14	19	17	19	16	11	18	14	14	14	20	16	10	17	16	11	17	16	11	10	11	15	13	13	13	20	11	17	12	19	12	13	19	14	18	11	15	20	10	14	18	14	12	10	13	13	14	12	10	12	16	13	20	12	19	10	12	10	20	15	16	13	16	19	14	11	12	17	13	15	13	12	15	10	15	13	14	12	15	16	13	20	16	16	15	15	18	11	13	19	14	20	13	13	13	17	12	11	13	16	10	11	11	12	20	13	18	19	11	16	11	14	20	19	17	18	19	11	15	20	17	20	16	14	20	15	12	12	19	12	12	12	14	20	20	19	13	17	12	13	14	15	13	11	16	13	20	18	20	13	13	16	12	17	17	11	15	15	11	18	10	15	15	20	20	14	20	18	20	12	14	12	18	13	16	11	19	12	15	11	13	20	13	20	13	17	10	14	15	17	19	12	16	20	18	20	20	17	15	10	11	11	13	11	18	15	10	16	10	18	13	20	13	19	14	10	17	11	11	13	16	14	18	17	12	12	17	17	17	14	20	13	10	17	11	20	15	17	16	13	13	19	10	12	12	15	17	19	15	18	17	11	15	17	16	16	17	15	14	14	14	10	13	17	14	12	10	11	17	17	11	13	15	18	16	17	11	17	16	11	10	18	10	17	12	16	12	12	11	18	13	12	11	15	10	11	18	11	18	15	12	20	10	19	17	17	10	12	20	18	20	16	19	10	11	16	
1	1	1	1	1	1	1	1	1	1	1	1	1	2	2	2	2	2	2	2	2	2	2	2	2	2	2	2	2	2	2	2	2	2	2	2	3	3	3	3	3	3	3	3	3	3	3	3	3	4	4	4	4	4	4	4	4	4	4	4	4	4	4	4	4	4	4	4	4	4	5	5	5	5	5	5	5	5	5	5	5	6	6	6	6	6	6	6	6	6	6	6	6	6	6	6	6	7	7	7	7	7	7	7	7	7	7	7	7	7	7	7	7	7	7	7	7	8	8	8	8	8	8	8	8	8	8	8	8	8	8	8	8	8	8	8	8	8	8	9	9	9	9	9	9	9	9	9	9	9	9	9	9	9	9	9	10	10	10	10	10	10	10	10	10	10	10	10	10	10	10	10	10	10	10	11	11	11	11	11	11	11	11	11	11	11	11	11	11	11	12	12	12	12	12	12	12	12	12	12	12	12	12	12	12	12	12	12	12	12	13	13	13	13	13	13	13	13	13	13	13	13	13	13	13	14	14	14	14	14	14	14	15	15	15	15	15	15	15	15	15	15	15	15	15	15	15	15	15	15	15	15	16	16	16	16	16	16	16	16	16	16	16	16	16	16	16	16	16	16	17	17	17	17	17	17	17	17	17	17	17	17	17	17	17	17	17	17	17	17	18	18	18	18	18	18	18	18	18	18	18	18	18	18	19	19	19	19	19	19	19	19	19	19	19	19	19	19	19	19	19	19	19	20	20	20	20	20	20	20	20	20	20	20	20	20	20	20	20	20	20	21	21	21	21	21	21	21	21	21	21	21	21	21	21	21	22	22	22	22	22	22	22	22	22	22	22	22	22	22	22	22	23	23	23	23	23	23	23	23	23	23	23	23	23	23	23	23	23	23	24	24	24	24	24	24	24	24	24	24	24	24	24	24	25	25	25	25	25	25	25	25	25	25	25	25	25	26	26	26	26	26	26	26	26	26	26	26	26	26	26	26	26	26	26	26	27	27	27	27	27	27	27	27	27	27	27	27	27	27	27	27	28	28	28	28	28	28	28	28	28	29	29	29	29	29	29	29	29	29	29	29	29	29	29	29	29	30	30	30	30	30	30	30	30	30	30	30	30	30	30	30	30	30	30	30	30	30	30	30	
