500
10	3
794	26.4
29	27	28	30	31	26	28	28	28	31	31	28	31	27	30	30	30	30	27	30	27	29	27	30	27	28	30	31	30	26	29	29	29	30	28	28	30	30	31	30	30	30	28	29	26	27	26	31	28	30	30	27	31	26	29	28	27	27	29	31	26	31	29	31	31	29	30	28	26	29	28	31	30	30	31	31	30	26	30	30	30	30	30	29	31	30	29	31	28	28	29	28	29	31	26	27	27	30	27	30	30	27	31	27	28	28	29	31	26	31	29	27	30	27	31	26	31	29	27	29	27	30	26	29	30	28	26	29	29	26	27	26	27	28	30	26	27	28	28	30	28	28	30	31	31	26	26	30	29	26	28	31	27	29	29	27	31	31	27	31	27	26	26	31	30	31	28	26	29	29	29	30	27	31	30	30	30	29	26	26	29	28	28	29	28	29	27	27	26	26	26	26	30	29	30	28	26	26	28	30	27	27	29	26	27	29	29	28	26	27	26	26	30	28	31	26	26	29	26	31	30	27	31	28	26	26	29	29	27	30	28	27	29	29	30	31	28	26	31	30	27	26	30	28	26	28	31	31	27	27	31	29	27	31	28	26	27	29	28	31	30	31	30	26	26	26	31	30	28	26	31	30	27	28	27	29	27	30	30	31	31	29	26	26	28	31	31	29	29	31	31	27	31	29	27	28	28	31	30	31	26	29	29	31	26	27	27	26	29	31	30	26	26	28	26	26	29	30	29	30	31	29	31	29	28	31	27	29	26	30	30	29	26	26	29	26	29	28	29	30	30	28	26	31	29	30	31	27	31	26	26	31	26	27	26	27	26	30	27	29	28	26	28	28	30	28	30	29	28	30	31	29	26	29	28	27	29	31	26	31	30	28	29	31	31	27	28	28	31	30	28	29	31	27	28	27	27	26	29	26	27	30	28	28	28	27	26	28	30	27	31	29	27	29	27	27	30	31	26	30	27	30	26	28	27	31	31	26	27	27	30	29	31	29	28	31	29	29	31	28	31	28	28	29	30	31	31	26	31	27	30	30	30	30	28	27	28	31	26	30	26	30	30	29	28	29	29	28	30	27	31	26	31	31	28	26	27	30	30	30	29	29	28	27	26	26	26	28	31	29	29	31	28	26	26	28	30	27	27	29	
77	84	77	85	86	79	89	84	91	89	88	84	84	86	92	88	85	85	87	94	81	92	78	91	81	88	78	80	82	90	85	84	76	83	80	81	89	76	90	83	83	76	78	77	89	91	76	88	92	88	83	88	85	85	76	81	82	76	79	84	88	83	92	81	86	81	82	79	89	80	90	94	85	79	91	76	88	94	85	93	88	76	94	81	90	76	77	76	84	77	92	90	85	80	91	87	91	83	87	78	84	89	89	86	77	94	81	77	93	77	81	80	83	93	90	76	93	91	80	78	88	93	94	86	79	88	76	93	78	79	91	83	88	81	88	87	92	84	83	89	78	82	90	88	81	90	79	84	90	93	89	88	90	88	92	93	89	90	85	77	82	91	86	89	78	87	81	81	83	94	90	76	91	87	87	77	87	77	84	91	76	94	84	94	92	82	93	81	89	87	78	76	87	93	92	80	84	86	94	81	82	84	87	88	84	93	90	86	76	82	84	81	85	81	89	80	78	79	87	93	93	84	83	81	88	77	86	92	82	92	82	78	92	88	80	93	88	79	78	81	82	86	84	85	84	77	76	76	92	94	92	88	86	82	94	91	80	84	94	82	89	91	85	82	78	79	82	93	85	80	81	79	86	84	85	79	86	89	92	80	87	93	87	88	87	77	82	76	93	77	83	90	77	92	91	89	81	82	76	76	84	92	93	90	87	77	87	92	92	79	85	91	91	90	78	93	77	87	90	91	81	94	82	77	88	88	76	83	86	90	86	80	79	90	90	93	91	89	84	84	77	93	89	86	88	84	80	89	83	83	90	89	78	79	78	84	82	85	93	94	93	80	82	81	77	81	78	86	85	89	88	88	91	94	86	81	81	86	94	78	92	85	92	92	89	90	88	80	90	94	86	84	88	83	93	87	81	92	93	83	86	84	90	84	83	93	90	87	92	87	84	79	86	78	83	88	81	93	76	84	93	83	88	94	92	92	90	78	93	90	91	78	94	77	83	81	77	90	80	86	86	86	77	85	88	93	86	81	92	84	83	80	87	93	82	91	88	81	86	90	81	82	91	89	84	91	79	87	76	86	85	88	92	79	80	76	81	87	77	91	92	94	81	94	81	81	81	92	94	89	81	79	85	90	84	89	90	79	79	86	
13.2	30.8	15.4	33	23.1	25.3	13.2	12.1	15.4	27.5	11	15.4	30.8	13.2	24.2	25.3	18.7	16.5	25.3	25.3	19.8	31.9	20.9	26.4	27.5	18.7	17.6	16.5	28.6	28.6	18.7	31.9	20.9	25.3	29.7	27.5	19.8	28.6	17.6	23.1	31.9	14.3	24.2	25.3	14.3	30.8	19.8	28.6	24.2	31.9	26.4	13.2	27.5	12.1	19.8	13.2	28.6	23.1	30.8	27.5	25.3	29.7	15.4	31.9	11	20.9	20.9	25.3	27.5	33	15.4	28.6	29.7	20.9	27.5	16.5	25.3	26.4	16.5	23.1	30.8	30.8	30.8	13.2	28.6	20.9	27.5	25.3	23.1	11	13.2	33	14.3	24.2	16.5	18.7	24.2	23.1	19.8	14.3	15.4	15.4	28.6	13.2	22	26.4	11	28.6	28.6	23.1	24.2	16.5	22	15.4	30.8	22	28.6	14.3	17.6	20.9	26.4	22	11	15.4	24.2	15.4	19.8	24.2	23.1	27.5	27.5	29.7	30.8	18.7	22	13.2	23.1	13.2	18.7	29.7	25.3	15.4	17.6	18.7	17.6	12.1	31.9	23.1	33	18.7	30.8	23.1	24.2	22	16.5	13.2	14.3	24.2	26.4	19.8	16.5	12.1	24.2	22	11	16.5	31.9	15.4	23.1	17.6	16.5	29.7	25.3	12.1	26.4	25.3	19.8	25.3	28.6	20.9	33	24.2	20.9	22	25.3	15.4	20.9	27.5	29.7	14.3	31.9	22	19.8	23.1	29.7	24.2	20.9	29.7	22	11	28.6	27.5	17.6	13.2	26.4	15.4	23.1	29.7	14.3	26.4	20.9	27.5	20.9	16.5	28.6	18.7	24.2	11	19.8	23.1	13.2	14.3	33	31.9	17.6	33	12.1	31.9	23.1	15.4	12.1	13.2	14.3	26.4	23.1	19.8	15.4	29.7	12.1	11	31.9	18.7	22	29.7	18.7	14.3	26.4	22	11	25.3	33	18.7	14.3	24.2	33	18.7	33	13.2	13.2	29.7	18.7	31.9	20.9	19.8	31.9	30.8	30.8	17.6	16.5	16.5	16.5	24.2	15.4	18.7	33	23.1	23.1	19.8	12.1	28.6	12.1	25.3	13.2	19.8	13.2	18.7	20.9	11	14.3	20.9	18.7	17.6	24.2	16.5	12.1	16.5	25.3	15.4	15.4	31.9	18.7	13.2	12.1	15.4	18.7	29.7	24.2	30.8	11	31.9	18.7	30.8	33	11	19.8	16.5	30.8	12.1	28.6	22	26.4	12.1	18.7	24.2	33	19.8	27.5	14.3	22	26.4	28.6	24.2	20.9	16.5	14.3	29.7	30.8	26.4	22	15.4	26.4	17.6	27.5	18.7	15.4	33	11	22	25.3	29.7	24.2	26.4	19.8	16.5	19.8	26.4	18.7	23.1	16.5	27.5	20.9	17.6	20.9	28.6	15.4	19.8	33	28.6	24.2	33	25.3	22	22	24.2	20.9	16.5	23.1	14.3	24.2	27.5	30.8	19.8	24.2	11	13.2	29.7	23.1	19.8	31.9	27.5	33	26.4	13.2	23.1	17.6	29.7	29.7	24.2	11	16.5	26.4	12.1	31.9	23.1	29.7	13.2	20.9	19.8	17.6	25.3	14.3	18.7	28.6	22	27.5	25.3	27.5	24.2	23.1	16.5	25.3	28.6	26.4	20.9	33	25.3	24.2	28.6	26.4	17.6	24.2	20.9	31.9	33	33	31.9	30.8	28.6	11	29.7	15.4	33	14.3	18.7	27.5	29.7	12.1	16.5	27.5	29.7	31.9	33	22	17.6	19.8	31.9	25.3	13.2	33	15.4	27.5	20.9	11	11	33	30.8	33	17.6	23.1	17.6	18.7	19.8	14.3	26.4	28.6	18.7	17.6	15.4	17.6	26.4	26.4	15.4	11	15.4	26.4	11	15.4	26.4	16.5	28.6	27.5	25.3	25.3	29.7	29.7	29.7	19.8	23.1	14.3	11	
14.3	14.3	20.9	14.3	31.9	15.4	19.8	22	31.9	16.5	17.6	14.3	30.8	29.7	24.2	25.3	30.8	16.5	17.6	23.1	11	26.4	30.8	15.4	27.5	16.5	27.5	26.4	30.8	28.6	23.1	20.9	23.1	30.8	16.5	20.9	22	19.8	33	25.3	14.3	23.1	20.9	26.4	20.9	14.3	33	14.3	24.2	20.9	33	24.2	25.3	22	27.5	27.5	20.9	15.4	14.3	22	26.4	26.4	13.2	22	27.5	18.7	22	20.9	15.4	20.9	24.2	19.8	22	19.8	14.3	22	18.7	27.5	27.5	26.4	31.9	20.9	14.3	27.5	24.2	25.3	14.3	30.8	17.6	16.5	24.2	22	33	30.8	25.3	19.8	17.6	22	13.2	11	17.6	18.7	12.1	13.2	11	25.3	25.3	24.2	11	16.5	17.6	15.4	28.6	16.5	28.6	33	18.7	14.3	24.2	13.2	22	27.5	30.8	23.1	33	23.1	17.6	24.2	11	23.1	33	25.3	29.7	17.6	25.3	28.6	11	30.8	14.3	16.5	29.7	19.8	12.1	24.2	24.2	18.7	27.5	26.4	19.8	12.1	15.4	19.8	27.5	20.9	26.4	14.3	28.6	27.5	15.4	12.1	22	25.3	24.2	30.8	28.6	16.5	24.2	33	19.8	29.7	20.9	23.1	27.5	26.4	16.5	20.9	27.5	28.6	11	16.5	25.3	31.9	16.5	22	27.5	13.2	18.7	31.9	33	18.7	28.6	19.8	30.8	31.9	28.6	27.5	31.9	25.3	30.8	24.2	28.6	31.9	15.4	31.9	19.8	29.7	26.4	28.6	22	13.2	25.3	30.8	17.6	12.1	23.1	13.2	16.5	33	18.7	15.4	18.7	18.7	18.7	16.5	18.7	26.4	26.4	14.3	20.9	28.6	30.8	26.4	29.7	26.4	24.2	15.4	15.4	23.1	26.4	14.3	25.3	11	12.1	33	23.1	12.1	12.1	13.2	18.7	16.5	22	18.7	24.2	16.5	15.4	19.8	27.5	30.8	25.3	20.9	26.4	33	27.5	26.4	18.7	19.8	23.1	31.9	12.1	19.8	20.9	25.3	24.2	17.6	23.1	28.6	12.1	33	24.2	30.8	30.8	11	27.5	31.9	11	14.3	24.2	29.7	28.6	31.9	17.6	28.6	28.6	14.3	17.6	14.3	16.5	29.7	27.5	18.7	30.8	18.7	30.8	18.7	16.5	11	29.7	30.8	18.7	15.4	19.8	24.2	23.1	15.4	29.7	19.8	25.3	15.4	33	22	16.5	14.3	18.7	28.6	16.5	18.7	28.6	30.8	23.1	24.2	12.1	27.5	27.5	19.8	18.7	17.6	27.5	28.6	30.8	20.9	24.2	16.5	30.8	12.1	33	31.9	31.9	16.5	28.6	13.2	29.7	20.9	18.7	14.3	25.3	33	11	19.8	19.8	16.5	14.3	15.4	25.3	16.5	22	15.4	12.1	17.6	11	30.8	14.3	25.3	33	27.5	26.4	19.8	19.8	12.1	27.5	15.4	27.5	20.9	19.8	11	27.5	14.3	27.5	11	11	26.4	31.9	19.8	13.2	24.2	25.3	31.9	16.5	13.2	29.7	31.9	22	18.7	17.6	30.8	15.4	26.4	23.1	18.7	14.3	30.8	27.5	17.6	12.1	12.1	33	26.4	26.4	15.4	29.7	28.6	24.2	20.9	17.6	29.7	19.8	13.2	18.7	13.2	18.7	33	23.1	31.9	22	28.6	11	22	27.5	25.3	17.6	26.4	12.1	26.4	22	27.5	31.9	23.1	20.9	29.7	33	29.7	23.1	23.1	27.5	23.1	12.1	20.9	28.6	19.8	18.7	30.8	26.4	22	31.9	17.6	29.7	28.6	22	25.3	22	31.9	25.3	28.6	31.9	25.3	18.7	14.3	18.7	16.5	20.9	30.8	22	11	17.6	20.9	13.2	28.6	19.8	13.2	13.2	30.8	26.4	25.3	12.1	15.4	22	19.8	33	33	33	28.6	
33	25.3	29.7	26.4	28.6	12.1	16.5	16.5	22	23.1	
10	12	20	12	11	14	17	14	13	18	20	10	14	16	18	16	10	13	13	19	16	20	15	10	17	16	10	19	13	11	16	12	20	10	13	11	19	13	20	11	11	19	14	20	13	11	17	16	15	15	17	16	14	17	14	19	10	20	15	20	10	14	19	19	15	13	18	11	19	10	16	17	14	11	18	16	19	15	14	19	12	15	19	17	10	10	16	18	10	19	13	15	17	14	18	18	14	11	20	14	10	18	13	11	13	16	20	10	16	13	11	20	17	16	11	12	18	15	12	20	10	19	17	15	14	12	14	19	15	18	14	15	16	15	14	17	11	15	14	11	13	20	20	18	11	11	16	18	14	19	13	13	10	16	15	15	16	19	11	15	19	19	20	12	15	16	10	17	14	10	19	18	10	12	11	10	12	19	13	13	13	12	18	13	12	12	18	18	11	20	16	11	14	17	12	15	17	19	14	12	16	14	11	11	15	14	13	16	20	16	13	18	16	17	17	15	16	19	12	13	10	19	18	20	17	17	19	10	19	11	16	13	17	18	13	11	15	18	20	17	20	12	14	13	19	19	17	10	20	17	16	11	15	14	13	12	14	12	17	12	17	13	11	17	12	10	18	13	18	19	11	11	18	13	20	20	20	16	18	14	13	16	10	11	17	16	10	19	12	17	17	15	11	20	17	15	10	13	19	10	10	19	11	11	16	15	20	15	10	16	13	20	10	16	13	11	16	14	19	15	20	20	16	20	11	15	17	20	11	19	12	16	15	11	12	13	14	10	20	11	18	20	16	11	17	12	20	19	14	17	17	12	15	16	17	12	12	11	19	15	10	18	11	12	17	18	13	12	10	17	13	15	18	12	19	13	20	12	20	11	17	20	15	17	10	16	19	13	10	10	13	20	19	15	19	11	16	10	18	20	14	18	10	15	18	15	15	11	19	17	17	10	16	14	16	14	19	15	10	20	17	14	19	16	13	19	20	20	13	19	20	17	16	15	19	17	16	13	19	17	11	20	16	13	20	10	17	20	20	15	12	16	17	16	14	13	16	14	19	12	20	20	15	11	12	18	15	11	12	15	20	12	15	18	12	10	18	12	20	11	13	19	17	14	19	12	15	19	12	20	18	10	16	19	11	15	10	16	19	17	
1	1	1	1	1	1	1	1	1	1	1	1	1	1	1	1	1	1	1	1	1	1	1	1	1	1	1	1	1	1	1	1	1	1	1	1	1	1	1	1	2	2	2	2	2	2	2	2	2	2	2	2	2	2	2	2	2	2	2	2	2	2	2	2	2	2	2	2	2	2	2	2	2	2	2	2	2	2	2	2	2	2	2	2	2	2	2	2	2	2	3	3	3	3	3	3	3	3	3	3	3	3	3	3	3	3	3	3	3	3	3	3	3	3	3	3	3	3	3	3	3	3	3	3	3	3	3	3	3	3	3	3	3	3	3	3	3	3	3	3	3	3	3	3	3	3	3	4	4	4	4	4	4	4	4	4	4	4	4	4	4	4	4	4	4	4	4	4	4	4	4	4	4	4	4	4	4	4	4	4	4	4	4	4	4	4	4	4	4	4	4	4	4	4	4	4	4	4	4	4	4	5	5	5	5	5	5	5	5	5	5	5	5	5	5	5	5	5	5	5	5	5	5	5	5	5	5	5	5	5	5	5	5	5	5	5	5	5	5	5	5	6	6	6	6	6	6	6	6	6	6	6	6	6	6	6	6	6	6	6	6	6	6	6	6	6	6	6	6	6	6	6	6	6	6	6	6	6	6	6	6	6	6	6	6	6	6	6	6	6	6	6	6	7	7	7	7	7	7	7	7	7	7	7	7	7	7	7	7	7	7	7	7	7	7	7	7	7	7	7	7	7	7	7	7	7	7	7	7	7	7	7	7	7	7	7	7	7	7	7	7	7	7	7	7	7	7	7	7	7	8	8	8	8	8	8	8	8	8	8	8	8	8	8	8	8	8	8	8	8	8	8	8	8	8	8	8	8	8	8	8	8	8	8	8	8	8	8	8	8	8	8	8	8	8	8	8	8	8	8	8	8	8	9	9	9	9	9	9	9	9	9	9	9	9	9	9	9	9	9	9	9	9	9	9	9	9	9	9	9	9	9	9	9	9	9	9	9	9	9	9	9	9	9	9	9	9	9	9	9	9	10	10	10	10	10	10	10	10	10	10	10	10	10	10	10	10	10	10	10	10	10	10	10	10	10	10	10	10	10	10	10	10	10	10	10	10	10	10	10	10	10	10	10	10	10	10	10	10	10	
