500
20	4
376	17.6
28	27	29	29	26	27	30	26	30	28	29	30	31	27	28	28	28	29	27	29	28	27	27	26	30	27	26	28	26	31	28	31	30	27	31	29	27	27	31	31	28	31	29	30	26	28	29	29	26	28	28	27	28	27	28	30	30	27	28	31	30	29	29	28	26	31	26	30	29	28	26	27	27	27	28	27	28	26	26	31	28	31	31	26	29	29	28	29	27	30	26	26	26	31	26	31	31	31	31	30	31	26	27	27	31	31	29	30	27	30	26	28	28	27	26	27	29	30	26	28	30	29	31	28	28	27	28	31	27	30	30	26	28	29	29	27	26	29	28	26	28	28	26	27	31	31	30	27	30	29	28	27	29	26	30	28	31	31	31	31	29	28	29	26	27	28	28	27	26	27	31	29	27	29	31	27	26	26	28	26	28	28	31	30	30	26	26	31	26	31	31	26	29	26	30	29	28	31	28	31	27	30	31	26	27	28	28	30	31	29	26	31	28	28	28	29	29	26	28	30	30	26	31	29	29	26	26	26	28	27	26	29	27	31	26	28	27	31	27	30	27	28	30	27	31	31	31	26	29	31	26	26	31	30	28	28	31	28	31	27	27	26	29	27	27	31	28	26	29	31	28	26	27	27	28	28	26	31	27	28	28	27	27	26	27	31	28	29	29	31	31	27	27	27	31	28	29	31	27	26	31	27	29	29	26	26	29	29	31	26	31	26	28	31	27	30	30	26	29	29	31	26	28	30	27	28	31	31	30	29	26	31	29	31	31	27	31	27	27	28	28	27	29	29	26	27	29	29	26	28	29	29	29	29	29	31	26	30	29	29	30	30	29	30	27	30	30	31	30	30	31	27	26	27	29	31	26	28	28	27	27	26	30	26	29	29	26	28	29	30	28	28	30	30	30	30	28	28	30	31	26	26	28	30	30	29	28	26	28	28	27	31	29	31	29	28	27	26	31	30	27	30	31	28	29	29	30	30	26	28	29	27	30	29	27	31	28	28	28	28	30	26	31	31	30	30	29	29	30	26	26	26	27	27	27	27	28	29	30	26	31	29	26	28	28	29	27	30	26	28	31	26	26	30	28	30	28	27	26	31	27	29	30	26	31	26	30	30	27	30	27	29	28	30	29	26	30	28	29	26	
77	77	86	86	79	86	81	78	76	89	86	81	92	89	94	93	89	89	80	79	77	91	81	86	84	85	87	77	85	89	76	81	88	92	81	90	92	80	82	93	82	77	77	80	77	93	77	77	88	92	93	80	91	81	91	80	93	88	87	91	81	87	86	84	80	83	88	93	81	94	92	94	79	93	82	88	91	77	93	77	83	94	87	82	91	87	88	87	79	90	86	89	90	84	78	80	78	79	93	89	93	85	76	90	76	79	90	78	88	88	93	81	90	82	88	76	76	91	86	91	94	80	82	94	84	94	77	93	91	81	90	93	92	79	92	78	80	78	79	85	79	94	87	84	92	86	79	79	90	89	86	86	87	83	80	80	84	82	78	86	79	83	93	79	84	92	88	91	80	91	76	78	93	87	77	79	78	82	83	86	92	87	86	83	86	76	76	76	76	94	77	90	83	78	79	78	86	88	93	90	78	82	81	84	80	76	78	77	82	82	80	78	79	83	92	77	83	91	88	94	81	80	79	79	77	88	88	94	87	81	89	90	91	86	80	85	83	81	76	76	81	79	80	78	91	85	81	77	78	85	86	82	81	89	76	92	79	85	86	77	87	77	79	90	79	94	85	85	91	77	93	82	78	78	84	86	81	79	83	79	90	86	86	86	79	77	80	79	86	93	80	78	76	90	93	77	83	79	82	78	85	85	83	89	86	83	80	86	87	94	88	83	90	91	82	82	76	78	79	84	90	91	80	84	76	83	80	85	86	85	91	93	92	82	84	78	91	80	84	78	93	93	83	82	87	90	92	79	86	87	79	82	91	79	76	87	85	77	87	83	80	90	77	78	83	89	86	80	79	81	92	89	87	87	92	92	88	83	78	93	78	76	89	80	76	93	92	80	84	84	87	85	94	87	83	78	92	87	89	93	76	78	87	88	93	78	77	93	80	81	94	93	79	89	81	90	93	94	77	90	82	89	76	94	78	83	91	94	81	80	93	85	82	82	77	93	80	79	90	93	89	91	89	94	80	85	94	87	90	80	93	85	88	85	86	84	76	81	86	92	83	85	78	94	81	93	76	92	87	94	78	82	83	92	81	86	88	84	80	94	83	79	80	80	85	85	90	88	88	88	84	79	77	93	79	80	85	88	77	90	
24.2	33	29.7	18.7	15.4	14.3	11	33	19.8	33	23.1	30.8	22	29.7	20.9	17.6	18.7	30.8	13.2	11	18.7	15.4	25.3	22	17.6	31.9	20.9	33	13.2	26.4	15.4	16.5	19.8	30.8	13.2	30.8	14.3	22	33	22	13.2	28.6	14.3	14.3	23.1	13.2	22	18.7	24.2	31.9	25.3	13.2	12.1	14.3	14.3	19.8	27.5	17.6	30.8	13.2	29.7	18.7	11	19.8	15.4	23.1	19.8	13.2	18.7	20.9	20.9	28.6	30.8	16.5	20.9	26.4	13.2	33	27.5	29.7	13.2	29.7	29.7	14.3	20.9	18.7	12.1	16.5	27.5	14.3	28.6	11	20.9	23.1	19.8	17.6	27.5	18.7	26.4	20.9	26.4	23.1	15.4	16.5	27.5	12.1	13.2	28.6	15.4	19.8	30.8	13.2	30.8	18.7	25.3	31.9	19.8	24.2	28.6	22	31.9	17.6	28.6	22	31.9	15.4	15.4	20.9	33	18.7	23.1	26.4	24.2	14.3	31.9	30.8	18.7	18.7	12.1	14.3	19.8	30.8	26.4	25.3	33	25.3	28.6	19.8	30.8	24.2	22	22	14.3	31.9	23.1	13.2	16.5	24.2	19.8	15.4	12.1	25.3	31.9	11	23.1	12.1	30.8	26.4	14.3	22	18.7	17.6	15.4	18.7	17.6	15.4	19.8	18.7	24.2	18.7	16.5	27.5	25.3	25.3	18.7	30.8	23.1	33	15.4	17.6	14.3	22	23.1	24.2	13.2	30.8	30.8	11	26.4	20.9	27.5	11	27.5	18.7	23.1	17.6	25.3	29.7	30.8	17.6	29.7	31.9	22	23.1	12.1	33	18.7	19.8	12.1	11	15.4	13.2	17.6	29.7	12.1	33	22	31.9	25.3	20.9	16.5	12.1	33	20.9	11	26.4	27.5	19.8	19.8	31.9	22	16.5	17.6	29.7	13.2	29.7	22	12.1	28.6	16.5	16.5	24.2	27.5	31.9	14.3	15.4	16.5	27.5	31.9	26.4	20.9	23.1	15.4	23.1	26.4	25.3	28.6	22	20.9	15.4	14.3	19.8	19.8	33	27.5	24.2	18.7	31.9	18.7	18.7	22	29.7	26.4	15.4	33	16.5	14.3	30.8	12.1	16.5	13.2	19.8	24.2	31.9	14.3	16.5	33	31.9	26.4	22	15.4	24.2	19.8	12.1	17.6	17.6	15.4	25.3	12.1	16.5	17.6	17.6	30.8	12.1	22	27.5	30.8	18.7	18.7	31.9	30.8	16.5	28.6	30.8	17.6	30.8	27.5	22	11	22	26.4	26.4	26.4	24.2	27.5	17.6	33	12.1	20.9	14.3	22	12.1	33	22	23.1	19.8	14.3	13.2	19.8	33	26.4	26.4	18.7	27.5	15.4	17.6	24.2	27.5	23.1	24.2	30.8	16.5	18.7	15.4	16.5	16.5	17.6	26.4	15.4	29.7	29.7	25.3	18.7	20.9	18.7	14.3	31.9	30.8	13.2	28.6	18.7	17.6	30.8	19.8	30.8	29.7	19.8	16.5	23.1	24.2	22	14.3	23.1	14.3	11	23.1	25.3	25.3	18.7	11	24.2	26.4	30.8	19.8	30.8	12.1	13.2	31.9	25.3	23.1	30.8	13.2	28.6	29.7	31.9	12.1	25.3	14.3	19.8	24.2	24.2	18.7	11	13.2	23.1	25.3	23.1	29.7	18.7	20.9	31.9	22	20.9	27.5	30.8	31.9	27.5	14.3	11	11	31.9	33	20.9	33	27.5	17.6	16.5	13.2	13.2	18.7	33	22	25.3	15.4	18.7	33	24.2	13.2	12.1	16.5	26.4	30.8	33	24.2	26.4	33	18.7	13.2	29.7	26.4	24.2	20.9	24.2	33	14.3	27.5	11	16.5	19.8	13.2	17.6	15.4	18.7	20.9	17.6	15.4	23.1	19.8	15.4	27.5	11	15.4	28.6	19.8	18.7	23.1	20.9	18.7	30.8	25.3	
17.6	25.3	24.2	23.1	22	15.4	26.4	25.3	19.8	28.6	16.5	31.9	14.3	27.5	26.4	26.4	31.9	11	18.7	16.5	23.1	27.5	12.1	13.2	22	33	19.8	31.9	31.9	31.9	15.4	12.1	22	11	27.5	25.3	27.5	17.6	14.3	13.2	18.7	30.8	19.8	20.9	17.6	27.5	30.8	24.2	16.5	22	33	33	24.2	31.9	24.2	23.1	12.1	13.2	26.4	14.3	27.5	17.6	29.7	12.1	33	29.7	16.5	26.4	15.4	13.2	33	25.3	25.3	13.2	30.8	14.3	17.6	12.1	28.6	11	30.8	25.3	23.1	12.1	11	33	11	23.1	12.1	23.1	18.7	15.4	29.7	30.8	20.9	28.6	18.7	16.5	18.7	24.2	14.3	28.6	24.2	23.1	26.4	17.6	14.3	14.3	22	20.9	12.1	22	11	17.6	25.3	14.3	12.1	25.3	23.1	16.5	31.9	31.9	33	18.7	18.7	25.3	28.6	17.6	13.2	18.7	30.8	13.2	12.1	28.6	24.2	14.3	14.3	24.2	14.3	25.3	23.1	27.5	18.7	26.4	23.1	22	16.5	20.9	14.3	31.9	28.6	24.2	24.2	16.5	27.5	18.7	22	11	14.3	31.9	18.7	19.8	25.3	19.8	22	17.6	25.3	26.4	28.6	28.6	20.9	30.8	18.7	29.7	11	18.7	28.6	24.2	22	18.7	12.1	22	20.9	28.6	27.5	27.5	33	11	16.5	22	25.3	31.9	26.4	14.3	33	25.3	13.2	27.5	20.9	29.7	22	11	17.6	27.5	13.2	19.8	31.9	25.3	29.7	19.8	27.5	25.3	27.5	28.6	16.5	33	29.7	20.9	27.5	22	13.2	11	26.4	23.1	23.1	20.9	13.2	28.6	27.5	33	11	33	11	27.5	20.9	20.9	15.4	12.1	20.9	28.6	25.3	22	14.3	17.6	33	28.6	15.4	18.7	25.3	31.9	15.4	16.5	19.8	20.9	18.7	14.3	28.6	25.3	17.6	12.1	15.4	25.3	16.5	12.1	23.1	18.7	25.3	31.9	23.1	29.7	12.1	33	24.2	29.7	22	33	24.2	19.8	11	23.1	20.9	24.2	31.9	20.9	23.1	22	18.7	24.2	11	18.7	14.3	22	24.2	24.2	33	30.8	23.1	22	12.1	22	28.6	15.4	28.6	19.8	30.8	22	17.6	27.5	24.2	13.2	29.7	20.9	12.1	27.5	16.5	23.1	29.7	22	19.8	30.8	18.7	23.1	19.8	24.2	30.8	24.2	17.6	19.8	28.6	22	12.1	18.7	17.6	26.4	18.7	17.6	17.6	23.1	17.6	29.7	25.3	22	11	15.4	16.5	19.8	13.2	15.4	17.6	29.7	14.3	14.3	11	16.5	30.8	11	12.1	29.7	23.1	17.6	28.6	25.3	15.4	17.6	22	18.7	17.6	20.9	16.5	19.8	20.9	17.6	15.4	31.9	15.4	25.3	33	31.9	22	29.7	13.2	18.7	17.6	16.5	16.5	14.3	12.1	25.3	22	16.5	19.8	15.4	33	25.3	19.8	27.5	23.1	33	17.6	17.6	18.7	28.6	33	15.4	11	12.1	20.9	31.9	26.4	13.2	14.3	12.1	25.3	16.5	22	16.5	24.2	26.4	13.2	29.7	28.6	26.4	16.5	27.5	17.6	11	23.1	28.6	33	29.7	22	13.2	25.3	22	23.1	12.1	13.2	31.9	26.4	17.6	26.4	12.1	23.1	20.9	25.3	27.5	24.2	16.5	24.2	19.8	25.3	16.5	27.5	12.1	22	19.8	30.8	27.5	29.7	13.2	30.8	26.4	22	30.8	25.3	30.8	20.9	31.9	31.9	23.1	16.5	18.7	27.5	19.8	16.5	26.4	12.1	30.8	16.5	23.1	24.2	23.1	14.3	24.2	24.2	24.2	28.6	16.5	31.9	26.4	33	31.9	25.3	12.1	18.7	20.9	27.5	12.1	20.9	15.4	
28.6	29.7	14.3	24.2	30.8	13.2	13.2	29.7	17.6	18.7	29.7	26.4	23.1	26.4	17.6	18.7	20.9	31.9	20.9	14.3	
10	13	10	14	15	11	13	20	10	12	17	20	20	12	11	20	15	10	15	11	19	12	20	16	10	20	17	16	13	11	14	11	12	15	14	14	20	15	16	20	18	10	15	11	11	14	20	16	14	20	15	17	14	12	15	20	19	17	10	12	14	10	11	17	19	18	14	19	15	15	16	12	14	15	14	13	10	16	14	17	13	14	15	16	13	19	10	14	13	18	17	10	13	11	11	16	15	14	12	14	20	18	14	17	19	14	10	18	10	12	15	19	17	15	16	20	12	10	17	18	18	10	12	12	16	14	13	14	20	12	18	11	15	17	14	11	11	10	19	15	10	16	19	16	10	15	16	18	19	15	18	20	18	10	18	19	10	17	14	17	16	10	20	10	20	13	10	17	12	10	19	11	15	15	13	18	20	13	14	14	10	18	13	14	19	15	16	14	18	15	14	13	13	10	19	18	11	16	19	16	15	17	20	10	10	20	14	20	12	10	16	12	16	12	11	16	11	11	18	18	12	15	16	20	16	18	20	18	19	10	18	16	13	16	16	19	18	13	11	18	10	19	11	10	17	18	18	18	10	17	13	17	18	15	10	14	10	11	19	14	11	18	13	10	18	12	18	18	20	14	15	15	16	16	20	16	18	11	19	16	15	14	10	15	18	19	19	16	12	13	17	11	12	19	18	13	19	13	17	10	14	16	10	13	19	20	13	10	19	20	17	10	19	12	12	18	18	14	15	19	20	16	18	19	19	15	14	20	10	19	18	18	14	19	18	15	19	19	10	16	19	16	18	17	17	16	11	14	18	13	13	10	19	17	11	13	10	10	15	14	18	16	10	13	18	14	17	18	14	15	10	11	17	15	19	13	13	16	16	16	12	13	14	17	10	10	18	13	18	10	13	17	18	17	15	16	10	14	17	11	18	15	18	13	14	19	11	20	12	14	20	11	18	19	18	17	15	14	17	18	14	17	12	17	14	12	13	18	16	18	16	16	17	14	17	12	20	19	11	17	14	12	13	13	15	18	16	10	14	18	20	10	11	20	15	15	11	14	13	10	11	15	12	17	16	20	12	17	12	13	10	16	12	20	10	14	11	18	15	10	16	16	11	14	15	10	12	20	10	12	12	11	16	15	12	14	13	15	11	17	
1	1	1	1	1	1	1	1	1	1	1	1	1	1	1	1	1	1	1	1	2	2	2	2	2	2	2	2	2	2	2	2	2	2	2	2	2	2	2	2	2	2	2	2	2	2	2	2	2	2	3	3	3	3	3	3	3	3	3	3	3	3	3	3	3	3	3	3	3	3	4	4	4	4	4	4	4	4	4	4	4	4	4	4	4	4	4	4	4	4	4	4	4	4	4	4	4	4	4	4	4	5	5	5	5	5	5	5	5	5	5	5	5	5	5	5	5	5	5	5	5	5	6	6	6	6	6	6	6	6	6	6	6	6	6	6	6	6	6	6	6	6	6	6	6	6	6	6	6	7	7	7	7	7	7	7	7	7	7	7	7	7	7	7	7	7	7	7	7	7	7	7	7	7	7	7	7	7	8	8	8	8	8	8	8	8	8	8	8	8	8	8	8	8	8	8	8	8	8	8	8	8	8	8	8	8	8	8	8	8	9	9	9	9	9	9	9	9	9	9	9	9	9	9	9	9	9	9	9	9	9	9	9	9	9	10	10	10	10	10	10	10	10	10	10	10	10	10	10	10	10	10	10	10	10	10	10	10	10	10	10	10	11	11	11	11	11	11	11	11	11	11	11	11	11	11	11	11	11	11	11	11	11	11	11	11	12	12	12	12	12	12	12	12	12	12	12	12	12	12	12	12	12	12	12	12	12	12	12	12	12	13	13	13	13	13	13	13	13	13	13	13	13	13	13	13	13	13	13	13	13	13	13	13	13	13	13	13	13	14	14	14	14	14	14	14	14	14	14	14	14	14	14	14	14	14	14	14	14	15	15	15	15	15	15	15	15	15	15	15	15	15	15	15	15	15	16	16	16	16	16	16	16	16	16	16	16	16	16	16	16	16	16	16	16	16	16	16	16	16	16	16	16	16	17	17	17	17	17	17	17	17	17	17	17	17	17	17	17	17	17	17	17	17	17	18	18	18	18	18	18	18	18	18	18	18	18	18	18	18	18	18	18	18	19	19	19	19	19	19	19	19	19	19	19	19	19	19	19	19	19	19	19	19	19	19	19	19	19	19	19	19	20	20	20	20	20	20	20	20	20	20	20	20	20	20	20	20	20	20	20	20	20	20	20	20	20	20	20	20	
