400
10	3
611	12.1
30	30	26	28	27	29	31	31	26	29	26	31	30	26	29	27	27	29	29	27	30	27	30	31	31	29	30	30	27	31	27	28	31	31	30	28	31	26	27	31	29	26	27	28	28	31	28	28	31	28	29	27	31	28	29	26	30	28	29	27	30	26	26	31	28	30	31	30	27	31	30	29	27	27	26	26	29	26	31	27	29	26	30	27	31	30	27	26	29	29	31	30	29	29	31	26	30	29	26	28	31	26	28	29	28	31	28	29	28	29	31	28	26	27	30	28	31	26	28	26	31	30	31	27	26	29	26	28	26	31	28	28	29	26	28	29	28	31	27	30	28	27	26	30	29	31	30	27	31	28	30	29	28	26	27	30	27	31	27	30	28	31	29	28	29	31	29	28	30	28	29	28	31	28	27	26	30	30	28	28	31	26	31	26	29	26	28	26	31	31	28	26	31	29	26	30	26	28	31	27	30	30	29	29	30	30	31	31	27	26	31	29	31	30	28	29	28	26	28	31	31	30	30	26	30	27	30	29	30	27	28	31	30	28	28	30	29	30	31	27	26	26	27	29	27	27	30	26	30	26	27	30	31	26	26	26	28	30	31	29	31	28	27	27	31	30	30	31	30	27	26	31	31	30	28	30	30	30	31	31	29	27	26	31	27	28	27	27	27	28	30	27	27	31	28	27	26	28	27	29	30	30	31	26	28	28	27	28	29	28	31	26	28	28	31	26	30	27	29	27	31	31	31	29	29	27	27	28	28	27	28	29	28	28	26	31	31	27	27	27	29	28	29	30	28	30	27	26	27	26	29	30	26	30	27	31	31	26	28	31	31	30	27	27	31	27	28	31	27	26	28	28	27	29	26	29	27	28	29	26	28	30	29	30	30	31	27	29	26	29	26	27	29	27	26	30	31	29	31	27	
80	83	76	81	81	90	82	83	85	85	89	85	77	83	79	90	88	83	90	90	85	79	84	91	79	92	85	82	79	82	91	80	76	77	91	94	93	86	90	89	80	92	84	91	89	82	88	79	94	76	93	78	81	84	83	78	80	90	82	84	86	89	82	86	85	76	89	81	88	93	91	78	94	83	89	78	77	91	89	77	76	89	93	93	93	82	85	84	80	89	80	89	84	86	85	92	94	78	87	90	82	88	79	83	88	91	86	78	87	81	82	79	78	82	92	87	84	89	93	89	89	88	84	87	76	85	94	81	91	77	79	94	84	80	86	88	81	83	94	94	84	87	78	82	82	94	82	79	86	80	90	76	79	78	84	79	89	93	92	93	87	82	78	77	80	90	78	91	87	91	92	77	77	84	83	91	86	80	89	85	80	85	76	82	82	89	85	89	93	91	82	82	91	85	78	86	88	92	85	92	86	84	83	82	87	79	89	87	82	79	77	87	81	76	84	77	90	89	93	85	90	90	80	80	87	82	76	76	76	84	84	88	90	76	91	91	88	77	90	78	77	76	88	79	77	94	88	92	84	88	93	93	80	89	87	90	77	90	86	91	80	77	78	87	80	87	88	85	85	83	91	85	87	80	87	79	81	91	87	78	77	77	81	87	94	77	79	87	90	89	89	83	84	94	78	87	77	93	90	87	88	83	81	87	76	88	82	91	83	93	77	93	94	77	77	86	89	80	77	80	88	90	87	78	87	92	94	78	93	81	85	81	88	89	87	87	94	92	87	84	78	92	76	89	81	91	83	78	92	82	93	91	82	83	83	89	82	80	92	89	81	93	86	93	81	76	76	91	93	84	80	88	80	84	85	80	94	92	77	89	79	86	90	82	79	79	94	93	88	79	82	76	92	91	77	87	94	79	76	87	
16.5	24.2	28.6	31.9	27.5	18.7	23.1	20.9	19.8	26.4	11	16.5	28.6	33	28.6	16.5	27.5	19.8	15.4	23.1	12.1	24.2	16.5	13.2	28.6	18.7	15.4	19.8	17.6	29.7	25.3	18.7	18.7	22	28.6	15.4	27.5	31.9	23.1	27.5	23.1	19.8	23.1	31.9	16.5	26.4	23.1	31.9	25.3	22	22	19.8	12.1	27.5	16.5	12.1	20.9	22	11	17.6	30.8	19.8	16.5	30.8	23.1	11	18.7	25.3	23.1	25.3	26.4	20.9	25.3	22	33	28.6	16.5	13.2	16.5	31.9	12.1	27.5	23.1	28.6	31.9	17.6	16.5	12.1	33	24.2	30.8	33	27.5	12.1	15.4	33	29.7	33	26.4	19.8	17.6	29.7	15.4	20.9	24.2	26.4	20.9	17.6	28.6	22	14.3	15.4	31.9	27.5	15.4	30.8	17.6	22	22	22	20.9	11	23.1	33	11	20.9	28.6	14.3	28.6	30.8	23.1	31.9	22	29.7	29.7	28.6	29.7	17.6	12.1	14.3	18.7	24.2	15.4	16.5	14.3	22	30.8	28.6	26.4	30.8	14.3	25.3	12.1	23.1	31.9	25.3	16.5	26.4	30.8	24.2	20.9	19.8	16.5	28.6	24.2	24.2	19.8	23.1	27.5	30.8	28.6	15.4	11	11	27.5	16.5	22	11	18.7	28.6	26.4	33	14.3	29.7	27.5	25.3	29.7	26.4	20.9	11	31.9	13.2	14.3	17.6	26.4	23.1	16.5	25.3	30.8	18.7	14.3	29.7	30.8	25.3	12.1	12.1	11	11	25.3	14.3	33	15.4	30.8	25.3	13.2	13.2	15.4	19.8	26.4	33	22	14.3	18.7	15.4	26.4	26.4	22	12.1	30.8	24.2	20.9	30.8	12.1	27.5	20.9	12.1	27.5	29.7	23.1	24.2	29.7	14.3	30.8	31.9	28.6	33	22	26.4	22	30.8	28.6	23.1	28.6	11	25.3	12.1	14.3	20.9	11	13.2	14.3	31.9	18.7	27.5	18.7	15.4	19.8	16.5	33	22	25.3	27.5	33	28.6	29.7	17.6	20.9	29.7	24.2	20.9	26.4	23.1	31.9	33	19.8	20.9	13.2	31.9	30.8	15.4	16.5	26.4	15.4	23.1	28.6	12.1	25.3	25.3	24.2	26.4	25.3	13.2	22	12.1	31.9	11	20.9	22	13.2	14.3	19.8	18.7	11	24.2	16.5	25.3	15.4	19.8	24.2	20.9	26.4	23.1	33	11	22	14.3	11	12.1	33	20.9	31.9	23.1	28.6	29.7	20.9	13.2	26.4	18.7	28.6	11	30.8	23.1	33	15.4	30.8	26.4	14.3	30.8	16.5	29.7	30.8	17.6	24.2	18.7	16.5	31.9	30.8	24.2	30.8	29.7	29.7	18.7	20.9	24.2	20.9	33	17.6	22	33	24.2	19.8	24.2	12.1	13.2	27.5	28.6	20.9	25.3	29.7	19.8	22	23.1	25.3	28.6	30.8	29.7	24.2	22	30.8	26.4	13.2	28.6	28.6	23.1	11	15.4	23.1	20.9	16.5	17.6	
30.8	16.5	14.3	13.2	18.7	19.8	24.2	23.1	20.9	22	33	14.3	29.7	29.7	11	33	18.7	20.9	20.9	31.9	16.5	24.2	23.1	14.3	20.9	19.8	18.7	13.2	16.5	18.7	29.7	19.8	29.7	29.7	29.7	18.7	22	26.4	30.8	19.8	17.6	13.2	25.3	13.2	14.3	18.7	19.8	20.9	19.8	12.1	25.3	13.2	16.5	27.5	26.4	25.3	31.9	14.3	23.1	27.5	23.1	14.3	24.2	23.1	27.5	19.8	24.2	13.2	14.3	31.9	30.8	14.3	23.1	14.3	26.4	12.1	27.5	26.4	20.9	20.9	31.9	30.8	24.2	12.1	31.9	12.1	23.1	13.2	17.6	27.5	14.3	16.5	20.9	27.5	28.6	17.6	25.3	17.6	24.2	17.6	23.1	25.3	12.1	27.5	12.1	22	12.1	31.9	30.8	12.1	26.4	29.7	33	20.9	28.6	19.8	23.1	31.9	23.1	19.8	20.9	15.4	31.9	31.9	33	17.6	31.9	33	12.1	22	18.7	17.6	23.1	23.1	19.8	16.5	16.5	24.2	22	16.5	25.3	11	23.1	28.6	22	30.8	16.5	18.7	29.7	11	20.9	26.4	11	13.2	31.9	13.2	11	20.9	18.7	33	16.5	16.5	31.9	26.4	22	15.4	15.4	33	25.3	16.5	29.7	11	26.4	11	18.7	25.3	28.6	16.5	22	19.8	16.5	11	28.6	16.5	25.3	30.8	23.1	12.1	30.8	29.7	13.2	11	17.6	16.5	18.7	13.2	23.1	19.8	28.6	27.5	16.5	26.4	33	33	23.1	25.3	27.5	12.1	25.3	22	22	19.8	14.3	27.5	20.9	15.4	30.8	17.6	30.8	19.8	18.7	24.2	33	18.7	12.1	12.1	22	13.2	12.1	33	12.1	14.3	15.4	28.6	20.9	22	16.5	16.5	12.1	15.4	19.8	31.9	15.4	14.3	25.3	14.3	27.5	23.1	14.3	27.5	29.7	24.2	29.7	28.6	17.6	25.3	13.2	12.1	17.6	11	27.5	23.1	16.5	33	15.4	13.2	19.8	27.5	20.9	23.1	25.3	19.8	14.3	29.7	22	23.1	30.8	26.4	26.4	12.1	17.6	22	26.4	22	16.5	22	22	24.2	11	28.6	11	17.6	22	26.4	19.8	16.5	27.5	13.2	33	22	11	24.2	23.1	26.4	30.8	20.9	28.6	12.1	22	19.8	30.8	30.8	25.3	16.5	16.5	14.3	15.4	31.9	30.8	25.3	33	13.2	29.7	33	27.5	15.4	25.3	11	24.2	26.4	28.6	16.5	14.3	12.1	22	11	28.6	24.2	22	27.5	19.8	13.2	31.9	19.8	15.4	17.6	18.7	23.1	11	24.2	23.1	20.9	24.2	19.8	16.5	26.4	26.4	26.4	19.8	15.4	30.8	28.6	24.2	29.7	15.4	30.8	19.8	30.8	31.9	29.7	31.9	30.8	26.4	14.3	12.1	15.4	12.1	20.9	22	26.4	22	13.2	14.3	18.7	15.4	14.3	18.7	14.3	33	13.2	14.3	30.8	27.5	18.7	12.1	19.8	22	33	29.7	33	
25.3	23.1	30.8	22	26.4	25.3	24.2	14.3	30.8	16.5	
12	18	15	17	20	16	18	18	20	16	19	18	11	12	16	16	11	18	11	15	17	10	19	20	20	16	17	11	20	12	12	11	15	12	10	11	16	13	11	12	17	17	12	12	11	14	13	19	18	14	12	16	11	13	16	10	13	15	13	11	11	12	14	11	13	20	18	10	20	17	19	15	20	12	13	16	13	13	16	13	19	11	20	19	16	15	20	17	10	15	10	16	12	12	15	17	16	19	11	20	11	19	11	20	12	15	11	17	13	19	14	19	14	16	11	11	12	10	16	20	17	16	13	19	18	10	20	12	17	13	15	14	10	11	10	12	19	13	11	15	11	15	12	14	19	16	10	10	11	12	11	18	19	16	14	13	20	14	10	17	20	16	19	19	13	17	13	12	19	19	20	20	12	15	13	14	18	18	12	10	12	10	17	13	18	14	17	11	13	12	18	20	18	19	16	12	16	17	20	12	13	10	11	16	18	12	18	13	19	18	16	17	13	13	15	14	17	16	14	19	18	14	11	17	20	13	14	13	20	18	19	20	11	18	17	19	13	16	10	12	18	13	10	14	11	10	12	11	18	19	11	16	18	12	11	16	18	17	14	13	18	20	11	17	10	14	19	10	15	16	18	10	20	11	12	11	15	16	15	16	18	18	16	12	11	14	19	15	14	16	18	10	11	15	12	15	13	13	11	11	15	13	10	15	19	14	16	12	11	12	13	20	20	19	19	11	17	18	18	10	14	20	11	13	13	20	19	13	10	15	10	19	19	13	14	18	20	19	18	13	20	14	20	16	16	18	13	10	20	16	12	13	17	19	14	16	14	10	11	11	10	11	12	16	17	20	20	19	11	10	19	20	17	16	12	18	14	12	17	15	10	20	16	15	13	11	14	13	11	11	13	10	18	12	18	10	19	11	13	10	
1	1	1	1	1	1	1	1	1	1	1	1	1	1	1	1	1	1	1	1	1	1	1	1	1	1	1	1	1	1	1	1	1	1	1	1	1	1	1	1	1	1	1	2	2	2	2	2	2	2	2	2	2	2	2	2	2	2	2	2	2	2	2	2	2	2	2	2	2	2	2	2	2	2	2	2	2	2	2	2	2	3	3	3	3	3	3	3	3	3	3	3	3	3	3	3	3	3	3	3	3	3	3	3	3	3	3	3	3	3	3	3	3	3	3	3	3	3	3	3	3	4	4	4	4	4	4	4	4	4	4	4	4	4	4	4	4	4	4	4	4	4	4	4	4	4	4	4	4	4	4	4	4	4	4	4	4	4	4	4	5	5	5	5	5	5	5	5	5	5	5	5	5	5	5	5	5	5	5	5	5	5	5	5	5	5	5	5	5	5	5	5	5	5	5	5	5	5	5	5	5	5	5	5	5	6	6	6	6	6	6	6	6	6	6	6	6	6	6	6	6	6	6	6	6	6	6	6	6	6	6	6	6	6	6	6	6	6	6	6	6	6	6	7	7	7	7	7	7	7	7	7	7	7	7	7	7	7	7	7	7	7	7	7	7	7	7	7	7	7	7	7	7	7	7	7	7	7	7	7	7	7	8	8	8	8	8	8	8	8	8	8	8	8	8	8	8	8	8	8	8	8	8	8	8	8	8	8	8	8	8	8	8	8	8	8	8	8	8	8	8	8	8	8	8	8	9	9	9	9	9	9	9	9	9	9	9	9	9	9	9	9	9	9	9	9	9	9	9	9	9	9	9	9	9	9	10	10	10	10	10	10	10	10	10	10	10	10	10	10	10	10	10	10	10	10	10	10	10	10	10	10	10	10	10	10	10	10	10	10	10	10	10	10	10	10	10	10	10	10	
