400
10	2
635	17.6
29	28	29	26	28	28	28	27	30	30	26	30	27	31	26	26	26	27	26	31	31	30	27	28	29	26	29	29	31	27	26	27	29	30	28	27	28	28	27	29	29	29	26	27	27	27	28	31	31	31	26	29	30	28	30	28	30	28	31	26	26	27	28	30	26	27	27	29	30	26	28	26	26	29	31	26	29	28	29	26	30	31	26	30	29	27	27	30	31	29	27	31	28	28	31	30	26	28	26	27	27	28	27	28	27	31	27	31	29	28	31	28	26	29	30	28	31	30	26	26	30	28	31	26	31	30	28	30	26	28	31	27	27	28	28	29	30	29	26	28	28	27	30	27	30	31	28	27	31	29	29	28	29	27	27	26	28	27	29	30	27	29	29	27	29	26	26	28	29	27	27	29	29	27	30	29	29	29	27	28	31	27	31	28	29	31	29	26	29	29	27	26	28	30	30	29	26	31	28	27	29	30	26	27	31	29	30	31	31	28	29	27	31	26	30	26	27	26	27	29	30	26	28	26	30	29	26	29	28	31	28	27	30	26	31	28	28	26	31	27	27	30	28	27	27	31	28	29	30	30	28	27	28	30	28	29	31	29	27	28	28	28	29	29	26	29	30	29	30	26	29	31	26	31	30	26	30	26	28	31	26	27	27	30	30	31	26	26	31	27	30	29	31	31	30	30	28	30	30	26	29	30	28	29	26	30	26	28	26	28	28	30	26	28	27	30	26	26	30	28	26	28	31	26	27	29	29	27	28	29	31	30	26	31	26	29	29	28	31	27	31	31	31	31	26	26	28	29	26	26	26	30	30	29	31	26	26	26	30	28	27	30	31	30	26	28	26	31	31	26	30	27	29	29	29	26	29	26	29	31	29	30	31	26	26	29	29	29	29	28	26	28	28	29	30	28	26	28	31	31	
90	87	78	91	79	79	81	92	86	83	94	91	76	80	92	86	81	88	81	94	89	93	84	87	83	89	84	82	88	86	83	86	77	88	82	84	94	81	85	93	84	91	85	92	83	79	89	80	86	87	89	94	92	91	94	80	82	76	84	81	88	88	79	89	80	84	77	92	89	83	86	93	80	82	93	78	91	78	78	80	94	77	92	93	85	81	84	79	84	88	87	83	82	84	85	88	89	88	92	89	86	86	84	92	84	86	77	83	82	76	80	83	82	85	85	81	82	85	89	94	82	81	91	82	93	77	93	77	78	92	92	80	82	86	91	86	78	85	91	87	94	87	88	93	78	79	94	90	84	82	77	79	78	80	84	88	76	79	91	86	88	79	90	91	94	79	77	92	89	84	84	90	83	80	90	87	89	91	89	83	84	93	84	91	92	79	84	86	89	82	94	77	86	89	85	81	94	90	92	76	76	89	81	85	79	83	93	89	80	76	78	88	80	81	90	92	86	82	92	84	86	83	77	83	91	90	92	91	84	87	89	88	90	79	94	87	86	87	83	93	90	88	94	81	88	93	94	83	94	94	79	87	90	91	86	78	79	88	80	92	85	85	84	80	93	79	88	80	79	92	86	84	81	81	76	82	76	88	94	94	83	81	80	82	92	77	85	78	79	84	83	79	87	82	83	83	80	85	87	92	92	87	88	92	89	81	84	94	89	76	81	90	84	89	82	76	77	86	88	92	82	83	87	92	92	91	79	89	85	87	90	84	83	79	85	85	80	93	87	79	88	84	86	93	92	87	85	82	93	85	86	90	94	83	90	93	81	88	77	87	86	88	83	82	82	84	82	90	89	94	86	78	77	77	85	78	84	84	83	91	78	87	79	94	88	89	81	88	90	88	94	82	93	78	77	78	79	86	88	81	
23.1	24.2	12.1	16.5	17.6	13.2	19.8	13.2	20.9	26.4	27.5	25.3	11	13.2	28.6	11	25.3	25.3	18.7	26.4	30.8	22	28.6	20.9	29.7	14.3	26.4	26.4	33	12.1	13.2	33	14.3	12.1	24.2	30.8	27.5	22	29.7	12.1	16.5	20.9	28.6	33	11	19.8	17.6	24.2	20.9	11	23.1	29.7	14.3	24.2	30.8	16.5	14.3	29.7	16.5	18.7	24.2	20.9	23.1	29.7	23.1	31.9	31.9	16.5	13.2	31.9	23.1	19.8	26.4	23.1	12.1	25.3	26.4	33	11	24.2	28.6	33	29.7	30.8	27.5	22	17.6	17.6	24.2	24.2	24.2	24.2	15.4	31.9	15.4	12.1	31.9	24.2	17.6	24.2	26.4	16.5	28.6	33	22	12.1	14.3	24.2	29.7	24.2	29.7	12.1	28.6	15.4	16.5	29.7	24.2	12.1	28.6	33	17.6	16.5	24.2	29.7	16.5	25.3	19.8	15.4	22	22	19.8	18.7	25.3	29.7	16.5	29.7	12.1	13.2	27.5	28.6	18.7	13.2	27.5	25.3	19.8	33	30.8	18.7	19.8	18.7	14.3	29.7	31.9	25.3	33	23.1	27.5	14.3	23.1	33	16.5	17.6	16.5	24.2	24.2	12.1	11	15.4	26.4	28.6	33	15.4	16.5	31.9	12.1	11	28.6	22	12.1	16.5	15.4	22	22	30.8	23.1	28.6	19.8	27.5	17.6	28.6	31.9	30.8	17.6	13.2	16.5	15.4	18.7	20.9	11	11	30.8	12.1	19.8	25.3	30.8	31.9	28.6	29.7	25.3	15.4	15.4	17.6	11	16.5	20.9	31.9	33	11	18.7	14.3	29.7	11	24.2	15.4	27.5	26.4	13.2	14.3	30.8	20.9	22	18.7	30.8	15.4	26.4	11	18.7	12.1	23.1	13.2	25.3	20.9	17.6	33	26.4	31.9	24.2	15.4	30.8	11	25.3	19.8	26.4	19.8	28.6	29.7	28.6	22	15.4	28.6	20.9	18.7	11	11	12.1	22	30.8	30.8	15.4	26.4	14.3	23.1	17.6	11	13.2	17.6	27.5	14.3	24.2	16.5	29.7	14.3	30.8	14.3	25.3	30.8	26.4	24.2	30.8	14.3	20.9	19.8	29.7	24.2	18.7	16.5	16.5	28.6	19.8	14.3	26.4	24.2	24.2	27.5	28.6	18.7	16.5	28.6	11	29.7	30.8	27.5	29.7	23.1	22	23.1	20.9	22	27.5	23.1	19.8	11	27.5	28.6	30.8	18.7	13.2	25.3	22	13.2	13.2	28.6	30.8	16.5	31.9	17.6	17.6	15.4	25.3	17.6	26.4	19.8	14.3	14.3	22	25.3	33	31.9	13.2	12.1	30.8	19.8	17.6	30.8	29.7	19.8	11	27.5	25.3	29.7	22	17.6	31.9	22	31.9	19.8	33	19.8	15.4	11	16.5	20.9	17.6	18.7	17.6	28.6	30.8	25.3	26.4	33	33	12.1	12.1	14.3	18.7	17.6	29.7	20.9	30.8	16.5	17.6	33	22	19.8	14.3	24.2	25.3	16.5	20.9	33	
28.6	19.8	28.6	16.5	20.9	29.7	16.5	13.2	24.2	22	18.7	24.2	29.7	15.4	14.3	16.5	27.5	29.7	18.7	30.8	29.7	18.7	24.2	31.9	19.8	12.1	11	29.7	17.6	31.9	11	20.9	14.3	20.9	17.6	12.1	29.7	30.8	31.9	27.5	25.3	13.2	20.9	18.7	29.7	16.5	19.8	17.6	15.4	27.5	30.8	15.4	33	14.3	22	11	23.1	14.3	23.1	24.2	19.8	11	31.9	25.3	27.5	19.8	12.1	22	33	15.4	18.7	13.2	16.5	19.8	19.8	14.3	16.5	13.2	30.8	22	24.2	13.2	31.9	16.5	30.8	22	13.2	15.4	16.5	23.1	14.3	22	29.7	16.5	31.9	30.8	26.4	22	15.4	13.2	29.7	28.6	14.3	33	28.6	33	22	22	29.7	15.4	26.4	29.7	29.7	18.7	22	19.8	29.7	33	12.1	12.1	30.8	18.7	14.3	13.2	31.9	19.8	19.8	15.4	17.6	29.7	15.4	26.4	15.4	26.4	22	25.3	18.7	28.6	13.2	17.6	18.7	11	17.6	15.4	23.1	30.8	25.3	14.3	24.2	29.7	20.9	16.5	33	20.9	14.3	14.3	23.1	14.3	30.8	12.1	22	29.7	28.6	12.1	24.2	31.9	11	27.5	28.6	15.4	31.9	15.4	29.7	24.2	17.6	28.6	16.5	14.3	12.1	25.3	17.6	26.4	31.9	27.5	33	19.8	11	13.2	18.7	31.9	31.9	24.2	16.5	13.2	15.4	11	22	16.5	11	22	18.7	23.1	22	23.1	19.8	12.1	31.9	19.8	33	15.4	16.5	14.3	31.9	27.5	19.8	15.4	29.7	29.7	19.8	15.4	25.3	31.9	19.8	20.9	26.4	25.3	11	28.6	31.9	27.5	20.9	15.4	22	15.4	15.4	15.4	14.3	24.2	26.4	33	33	26.4	26.4	17.6	31.9	16.5	12.1	28.6	33	12.1	22	33	31.9	33	20.9	19.8	15.4	27.5	33	27.5	26.4	33	14.3	29.7	19.8	13.2	29.7	30.8	19.8	20.9	27.5	24.2	22	26.4	14.3	17.6	28.6	15.4	30.8	22	33	15.4	23.1	11	27.5	28.6	16.5	33	33	26.4	26.4	30.8	31.9	31.9	26.4	16.5	20.9	11	30.8	15.4	27.5	26.4	26.4	23.1	33	20.9	24.2	15.4	24.2	20.9	14.3	22	25.3	20.9	28.6	31.9	28.6	29.7	18.7	29.7	22	11	19.8	16.5	20.9	23.1	13.2	12.1	18.7	26.4	17.6	19.8	29.7	22	11	14.3	13.2	22	28.6	25.3	23.1	33	24.2	12.1	26.4	15.4	22	27.5	25.3	27.5	17.6	31.9	26.4	24.2	31.9	23.1	30.8	15.4	24.2	33	24.2	23.1	30.8	30.8	11	25.3	12.1	25.3	23.1	12.1	26.4	13.2	19.8	20.9	19.8	33	18.7	20.9	30.8	18.7	30.8	31.9	26.4	20.9	20.9	13.2	26.4	11	33	24.2	13.2	30.8	14.3	12.1	12.1	26.4	30.8	17.6	27.5	33	
31.9	18.7	20.9	25.3	26.4	20.9	22	18.7	29.7	12.1	
15	11	11	19	15	10	11	11	17	16	14	17	14	16	18	19	11	13	16	19	11	11	11	15	18	15	11	17	19	20	15	18	12	12	14	17	13	12	11	12	10	18	13	17	10	16	13	14	15	18	13	15	10	13	17	13	11	20	12	11	11	17	17	13	10	17	11	20	12	15	19	11	15	18	13	17	15	13	17	13	14	14	18	13	17	17	19	15	16	19	15	20	18	12	18	11	15	11	11	15	19	10	17	16	13	16	11	16	10	14	19	17	10	16	11	19	18	19	17	16	11	20	17	16	14	10	13	11	10	14	20	15	12	13	13	15	15	14	13	17	20	15	11	12	18	19	20	19	18	19	15	19	20	11	14	15	19	18	13	13	12	13	10	12	10	14	17	14	13	20	14	16	12	15	11	14	10	15	15	18	13	10	18	17	19	13	18	12	19	20	14	15	17	12	19	13	20	16	15	20	19	12	16	14	16	12	13	17	11	15	19	15	11	16	15	10	14	14	11	12	10	10	20	19	18	12	16	16	20	17	11	14	10	13	10	16	13	20	14	15	16	13	20	17	15	15	20	11	16	14	12	19	16	17	15	15	11	18	11	14	15	14	16	10	14	16	11	20	20	13	20	10	10	18	11	19	16	15	10	14	20	13	10	13	19	19	12	10	17	12	16	14	19	13	18	19	15	17	11	12	11	11	19	20	17	12	18	12	19	15	20	11	16	10	19	11	17	10	12	14	17	20	18	14	17	15	11	16	17	17	13	14	12	12	12	11	20	17	14	13	14	14	13	19	14	18	14	13	12	16	20	16	10	19	11	11	20	10	18	13	14	10	15	19	11	17	12	19	16	19	12	14	13	10	14	14	11	20	16	16	19	18	20	15	17	16	17	15	16	20	13	11	16	13	18	20	15	14	18	16	
1	1	1	1	1	1	1	1	1	1	1	1	1	1	1	1	1	1	1	1	1	1	1	1	1	1	1	1	1	1	1	1	1	2	2	2	2	2	2	2	2	2	2	2	2	2	2	2	2	2	2	2	2	2	2	2	2	2	2	2	2	2	2	2	2	2	2	2	2	2	2	2	2	2	3	3	3	3	3	3	3	3	3	3	3	3	3	3	3	3	3	3	3	3	3	3	3	3	3	3	3	3	3	3	3	3	3	3	3	3	3	3	3	3	3	3	3	3	3	3	3	3	3	3	3	3	3	4	4	4	4	4	4	4	4	4	4	4	4	4	4	4	4	4	4	4	4	4	4	4	4	4	4	4	4	4	4	4	4	4	4	4	4	4	4	4	5	5	5	5	5	5	5	5	5	5	5	5	5	5	5	5	5	5	5	5	5	5	5	5	5	5	5	5	5	5	5	5	5	5	5	5	5	5	5	5	5	5	5	5	6	6	6	6	6	6	6	6	6	6	6	6	6	6	6	6	6	6	6	6	6	6	6	6	6	6	6	6	6	6	6	6	6	6	6	6	6	6	6	7	7	7	7	7	7	7	7	7	7	7	7	7	7	7	7	7	7	7	7	7	7	7	7	7	7	7	7	7	7	7	7	7	7	7	7	7	7	7	7	7	7	7	7	7	7	7	7	8	8	8	8	8	8	8	8	8	8	8	8	8	8	8	8	8	8	8	8	8	8	8	8	8	8	8	8	8	8	9	9	9	9	9	9	9	9	9	9	9	9	9	9	9	9	9	9	9	9	9	9	9	9	9	9	9	9	9	9	9	9	9	9	9	9	9	10	10	10	10	10	10	10	10	10	10	10	10	10	10	10	10	10	10	10	10	10	10	10	10	10	10	10	10	10	10	10	10	10	10	10	10	
