500
20	5
400	12.1
26	30	28	29	31	29	27	26	30	28	28	28	28	29	28	28	29	29	30	30	27	31	30	28	31	29	31	26	26	31	31	26	27	27	30	27	30	26	29	29	29	26	31	27	31	27	31	29	29	31	26	27	30	28	27	31	27	29	26	31	31	27	26	27	30	28	26	26	30	28	30	27	31	26	27	26	26	28	27	27	26	30	31	28	29	29	26	27	31	29	28	29	27	28	27	29	27	26	28	29	28	29	31	27	27	31	28	26	27	29	31	30	29	31	31	27	29	29	26	28	29	30	29	29	26	28	28	28	28	26	26	26	29	28	28	31	31	30	29	27	28	27	27	29	30	26	31	30	26	28	31	26	26	26	28	28	27	27	31	29	28	29	29	31	26	31	29	28	30	27	30	30	27	26	29	27	27	28	28	27	28	31	27	28	26	29	30	26	27	31	29	28	29	26	26	30	31	29	31	26	27	31	30	29	28	31	27	30	28	26	30	31	31	29	29	31	28	31	28	31	29	29	27	30	27	31	28	29	30	29	31	28	27	29	27	30	28	27	27	29	26	29	31	28	27	31	26	27	27	28	30	27	30	31	30	28	28	30	29	28	29	30	30	30	30	31	28	30	27	27	26	28	26	28	27	27	30	26	27	31	30	26	26	28	31	28	31	29	26	29	26	26	26	30	26	26	28	31	28	31	31	29	30	27	29	26	26	28	30	26	26	31	31	26	31	29	28	26	29	27	29	29	30	30	29	28	29	29	28	30	30	30	29	29	30	28	30	29	30	31	31	28	26	26	30	26	27	27	26	29	28	28	30	26	27	29	28	30	27	26	28	30	28	26	31	27	28	30	26	28	26	27	27	30	29	26	27	28	31	31	31	31	31	26	26	27	26	28	30	31	27	27	31	29	29	28	27	30	26	29	30	28	31	27	31	29	28	31	26	29	29	26	30	27	26	26	29	27	26	26	27	29	28	29	27	27	30	26	29	30	29	30	26	27	29	28	30	28	30	29	28	28	31	31	29	30	26	30	31	31	29	27	28	30	28	26	30	29	31	26	27	28	28	29	27	31	27	31	31	29	29	29	31	26	26	27	28	30	31	27	29	28	31	29	27	26	29	28	26	31	26	27	26	30	28	27	28	31	31	28	
77	82	81	81	88	83	81	90	87	78	78	84	91	86	76	83	78	77	79	90	91	82	86	77	91	90	89	82	84	78	91	85	92	88	77	86	85	88	79	86	94	79	76	92	84	92	94	87	88	91	94	87	91	89	85	92	76	93	79	81	84	91	94	89	92	80	81	90	85	76	91	77	94	86	87	94	77	89	82	87	85	90	81	80	94	88	82	89	77	84	77	90	77	77	84	93	88	77	93	87	83	77	90	83	90	90	89	88	86	82	94	87	94	82	81	84	77	82	86	84	76	77	86	80	84	78	93	85	87	86	80	77	90	87	79	77	92	79	85	79	77	76	92	80	92	80	78	89	78	85	84	87	81	83	83	91	77	86	90	85	83	94	85	90	84	93	88	84	77	83	91	77	81	77	76	89	92	86	87	85	89	93	90	84	77	77	76	87	80	91	82	76	84	76	83	84	77	78	77	84	76	89	89	83	90	85	88	80	86	77	81	94	89	87	93	88	90	92	87	87	94	90	93	83	90	76	81	91	93	93	94	88	83	87	86	77	93	92	87	91	85	80	93	89	80	88	80	87	76	93	78	90	86	94	94	83	76	88	88	88	89	89	80	82	94	88	87	88	90	94	91	76	82	92	89	88	87	91	81	87	94	80	80	88	85	80	77	84	78	92	81	78	93	90	88	86	83	85	93	89	87	94	93	87	77	76	79	85	83	85	93	81	92	77	78	85	86	80	77	94	88	88	82	94	78	88	87	91	82	92	81	87	81	87	78	77	77	87	91	84	77	88	82	81	81	89	94	93	84	85	82	76	85	82	84	93	79	76	84	78	87	91	77	80	84	92	93	83	77	88	84	77	79	90	78	87	86	94	86	93	94	94	91	84	82	79	89	86	76	80	83	93	94	91	88	92	78	91	85	88	79	85	91	91	84	90	82	92	85	76	78	80	90	81	91	78	79	81	91	89	86	80	79	85	85	90	85	91	84	85	78	89	82	85	78	79	90	94	91	88	76	93	80	76	94	89	78	85	76	78	92	89	81	85	92	81	88	90	83	76	91	86	94	76	79	91	88	79	77	76	76	87	81	76	81	85	90	90	87	84	87	79	84	86	86	77	77	87	80	85	93	88	87	93	82	86	89	76	87	85	
19.8	16.5	23.1	15.4	23.1	23.1	17.6	30.8	14.3	28.6	30.8	27.5	24.2	25.3	23.1	20.9	13.2	11	31.9	17.6	19.8	14.3	33	25.3	17.6	31.9	15.4	14.3	28.6	29.7	13.2	12.1	20.9	11	18.7	23.1	30.8	23.1	23.1	17.6	24.2	25.3	13.2	19.8	30.8	14.3	14.3	33	33	22	26.4	12.1	15.4	31.9	25.3	14.3	16.5	14.3	27.5	14.3	31.9	28.6	11	19.8	17.6	20.9	19.8	15.4	14.3	17.6	18.7	17.6	22	12.1	22	23.1	33	27.5	24.2	20.9	23.1	29.7	30.8	20.9	25.3	11	11	24.2	18.7	20.9	11	20.9	20.9	15.4	14.3	23.1	15.4	12.1	12.1	23.1	16.5	25.3	22	20.9	25.3	19.8	14.3	26.4	15.4	13.2	12.1	26.4	14.3	29.7	26.4	29.7	20.9	22	17.6	13.2	30.8	23.1	11	18.7	27.5	33	11	22	15.4	20.9	16.5	12.1	18.7	25.3	14.3	23.1	19.8	31.9	22	22	31.9	27.5	17.6	25.3	17.6	30.8	19.8	28.6	25.3	22	15.4	27.5	18.7	19.8	17.6	20.9	30.8	13.2	31.9	16.5	33	24.2	19.8	27.5	28.6	28.6	27.5	29.7	25.3	15.4	29.7	16.5	20.9	22	22	17.6	26.4	27.5	27.5	33	19.8	26.4	31.9	23.1	33	26.4	28.6	12.1	27.5	31.9	24.2	25.3	12.1	31.9	23.1	19.8	27.5	12.1	29.7	11	15.4	29.7	14.3	25.3	15.4	31.9	18.7	19.8	28.6	15.4	11	28.6	13.2	13.2	29.7	26.4	23.1	29.7	31.9	19.8	33	13.2	31.9	26.4	14.3	15.4	25.3	15.4	30.8	13.2	24.2	30.8	28.6	28.6	14.3	29.7	17.6	24.2	23.1	14.3	17.6	26.4	27.5	12.1	22	12.1	22	11	31.9	17.6	28.6	29.7	28.6	22	22	28.6	24.2	31.9	28.6	16.5	17.6	18.7	31.9	17.6	15.4	19.8	27.5	26.4	26.4	30.8	30.8	11	26.4	12.1	28.6	15.4	14.3	11	23.1	29.7	18.7	12.1	17.6	29.7	29.7	20.9	20.9	16.5	27.5	30.8	17.6	16.5	13.2	11	31.9	12.1	16.5	11	11	19.8	19.8	20.9	25.3	29.7	17.6	29.7	19.8	30.8	20.9	27.5	14.3	16.5	18.7	31.9	13.2	33	11	22	20.9	29.7	20.9	31.9	13.2	23.1	28.6	31.9	29.7	23.1	26.4	28.6	25.3	24.2	18.7	19.8	33	13.2	27.5	12.1	18.7	13.2	27.5	17.6	12.1	19.8	16.5	17.6	25.3	20.9	15.4	18.7	15.4	27.5	24.2	20.9	15.4	22	19.8	30.8	11	30.8	25.3	26.4	13.2	13.2	31.9	33	19.8	18.7	28.6	33	15.4	28.6	26.4	26.4	30.8	31.9	30.8	15.4	17.6	13.2	28.6	28.6	20.9	17.6	27.5	11	16.5	30.8	28.6	16.5	20.9	30.8	20.9	17.6	33	20.9	25.3	33	12.1	23.1	23.1	15.4	13.2	29.7	12.1	15.4	27.5	19.8	18.7	31.9	33	23.1	13.2	11	25.3	30.8	17.6	18.7	33	12.1	22	28.6	24.2	11	22	23.1	23.1	15.4	31.9	13.2	26.4	30.8	20.9	14.3	25.3	27.5	13.2	27.5	22	20.9	23.1	19.8	29.7	22	12.1	25.3	28.6	28.6	19.8	11	24.2	18.7	19.8	30.8	24.2	15.4	22	30.8	23.1	20.9	27.5	14.3	14.3	26.4	25.3	26.4	19.8	20.9	12.1	14.3	16.5	11	23.1	12.1	15.4	27.5	15.4	33	15.4	23.1	23.1	33	18.7	12.1	31.9	27.5	25.3	33	27.5	14.3	23.1	20.9	16.5	15.4	24.2	24.2	22	33	23.1	13.2	
20.9	31.9	13.2	22	25.3	15.4	11	18.7	22	28.6	30.8	14.3	24.2	19.8	12.1	20.9	20.9	29.7	23.1	16.5	28.6	24.2	18.7	27.5	31.9	11	26.4	26.4	17.6	20.9	23.1	14.3	22	29.7	16.5	26.4	13.2	23.1	28.6	28.6	14.3	12.1	13.2	17.6	27.5	28.6	26.4	33	24.2	20.9	22	26.4	28.6	24.2	29.7	12.1	25.3	33	19.8	11	14.3	31.9	30.8	26.4	31.9	14.3	15.4	24.2	19.8	22	28.6	14.3	20.9	17.6	31.9	27.5	22	12.1	18.7	23.1	12.1	23.1	29.7	25.3	29.7	20.9	29.7	17.6	27.5	13.2	30.8	19.8	30.8	12.1	16.5	14.3	31.9	31.9	26.4	31.9	14.3	31.9	25.3	17.6	23.1	25.3	27.5	33	28.6	13.2	19.8	29.7	24.2	25.3	20.9	17.6	17.6	28.6	29.7	33	15.4	23.1	14.3	15.4	33	19.8	31.9	18.7	11	17.6	24.2	18.7	20.9	24.2	15.4	18.7	26.4	18.7	14.3	15.4	22	23.1	24.2	30.8	24.2	13.2	17.6	12.1	27.5	15.4	11	26.4	22	24.2	17.6	25.3	29.7	27.5	13.2	33	31.9	27.5	29.7	28.6	31.9	20.9	24.2	25.3	30.8	26.4	16.5	33	33	24.2	26.4	11	28.6	16.5	15.4	27.5	31.9	13.2	26.4	18.7	15.4	27.5	16.5	23.1	30.8	25.3	26.4	17.6	12.1	14.3	28.6	30.8	33	24.2	20.9	26.4	20.9	25.3	27.5	24.2	30.8	26.4	20.9	28.6	13.2	16.5	18.7	18.7	14.3	18.7	22	20.9	19.8	20.9	11	15.4	33	24.2	14.3	20.9	31.9	12.1	13.2	28.6	24.2	31.9	18.7	29.7	33	22	11	20.9	30.8	33	16.5	23.1	18.7	18.7	24.2	30.8	17.6	33	17.6	12.1	15.4	24.2	23.1	28.6	27.5	12.1	27.5	15.4	31.9	16.5	17.6	29.7	15.4	28.6	15.4	13.2	19.8	30.8	30.8	13.2	12.1	16.5	12.1	24.2	25.3	19.8	18.7	14.3	27.5	23.1	19.8	30.8	23.1	25.3	24.2	27.5	12.1	31.9	17.6	24.2	30.8	23.1	33	12.1	31.9	29.7	11	25.3	26.4	14.3	13.2	23.1	33	29.7	17.6	28.6	11	14.3	22	23.1	19.8	27.5	23.1	26.4	19.8	33	28.6	15.4	25.3	16.5	26.4	33	13.2	15.4	16.5	23.1	30.8	11	33	27.5	23.1	23.1	25.3	24.2	19.8	14.3	16.5	26.4	14.3	17.6	22	31.9	18.7	28.6	18.7	15.4	11	19.8	11	22	16.5	30.8	31.9	29.7	15.4	26.4	31.9	30.8	31.9	29.7	11	12.1	28.6	16.5	26.4	24.2	27.5	28.6	17.6	20.9	12.1	16.5	27.5	31.9	28.6	26.4	22	30.8	16.5	33	20.9	33	31.9	28.6	13.2	23.1	26.4	15.4	31.9	29.7	15.4	12.1	12.1	22	23.1	11	18.7	30.8	33	31.9	14.3	17.6	33	26.4	24.2	31.9	29.7	29.7	31.9	31.9	22	28.6	26.4	17.6	19.8	14.3	29.7	19.8	20.9	24.2	19.8	19.8	14.3	13.2	22	28.6	11	24.2	24.2	18.7	33	18.7	22	14.3	28.6	17.6	18.7	19.8	22	25.3	14.3	25.3	16.5	22	27.5	31.9	15.4	23.1	14.3	20.9	28.6	28.6	13.2	19.8	13.2	29.7	19.8	15.4	26.4	23.1	24.2	13.2	20.9	13.2	15.4	27.5	31.9	14.3	27.5	11	19.8	11	17.6	11	19.8	12.1	17.6	31.9	29.7	17.6	29.7	24.2	12.1	29.7	19.8	11	15.4	12.1	26.4	25.3	24.2	13.2	17.6	31.9	23.1	17.6	28.6	26.4	28.6	11	25.3	25.3	
20.9	12.1	27.5	23.1	28.6	26.4	25.3	22	20.9	30.8	15.4	24.2	33	13.2	27.5	12.1	20.9	14.3	25.3	24.2	
18	15	17	17	12	18	14	11	10	10	16	19	17	20	10	16	13	11	16	17	11	18	18	10	11	15	17	17	16	19	11	20	12	13	13	15	16	17	17	14	14	19	10	13	18	17	14	15	19	20	19	19	11	12	17	15	15	14	11	12	13	14	17	11	13	20	16	14	19	13	15	14	15	15	13	13	13	15	10	14	15	20	16	20	11	12	12	12	16	10	15	12	19	16	20	10	13	12	20	15	11	12	16	13	17	14	17	10	20	11	11	17	14	16	11	20	17	12	17	20	13	19	14	20	16	12	12	19	17	11	13	19	10	13	12	20	17	19	12	18	13	15	14	12	18	17	13	12	16	14	13	20	10	19	12	12	18	20	10	19	20	14	13	19	11	11	16	17	11	14	13	19	14	19	14	13	14	13	10	19	13	14	16	15	16	20	16	10	17	11	17	10	17	12	10	12	13	20	16	16	16	11	18	16	12	17	19	16	15	16	16	10	16	18	15	13	15	10	19	12	19	11	13	13	10	14	15	17	15	13	12	20	15	17	19	20	19	19	15	20	20	13	16	10	15	14	10	10	13	15	17	15	19	14	14	16	12	10	18	13	12	14	15	13	15	16	10	10	15	13	14	11	10	10	18	12	14	18	12	20	16	18	18	16	11	10	17	17	16	17	13	19	16	11	20	12	19	17	19	18	17	16	13	13	12	11	15	15	19	15	17	10	11	19	10	20	16	13	17	17	12	10	10	19	20	10	10	10	19	10	13	16	17	12	10	16	12	20	19	13	10	13	20	13	17	19	15	16	10	12	17	13	20	18	13	12	13	15	18	18	15	15	13	16	18	17	20	20	17	10	16	13	15	19	11	19	15	15	12	19	12	18	18	17	14	11	19	20	11	13	11	11	19	15	16	10	19	11	12	10	18	18	11	16	18	18	13	11	19	12	17	20	19	17	19	10	13	10	14	14	20	10	19	15	19	11	18	15	18	15	14	19	13	19	19	13	12	14	13	15	14	17	19	18	11	15	16	19	20	14	15	10	10	10	14	11	19	14	19	12	10	15	15	15	14	13	11	17	17	12	12	19	16	15	13	12	11	20	11	10	12	17	16	18	13	18	11	16	10	19	10	19	18	18	10	13	13	20	10	15	
1	1	1	1	1	1	1	1	1	1	1	1	1	1	1	1	1	1	1	1	1	1	1	1	1	1	1	1	1	1	2	2	2	2	2	2	2	2	2	2	2	2	2	2	2	2	2	2	2	2	2	2	2	2	2	2	2	2	2	2	2	2	2	2	2	3	3	3	3	3	3	3	3	3	3	3	3	3	3	3	3	3	3	3	3	3	3	3	3	3	3	4	4	4	4	4	4	4	4	4	4	4	4	4	4	4	4	4	4	4	4	4	4	5	5	5	5	5	5	5	5	5	5	5	5	5	5	5	5	5	5	5	5	5	5	5	5	5	5	5	6	6	6	6	6	6	6	6	6	6	6	6	6	6	6	6	6	6	6	6	6	6	6	6	6	6	6	7	7	7	7	7	7	7	7	7	7	7	7	7	7	7	7	7	7	8	8	8	8	8	8	8	8	8	8	8	8	8	8	8	8	8	8	8	8	8	8	8	8	8	8	8	8	8	8	9	9	9	9	9	9	9	9	9	9	9	9	9	9	9	9	9	9	9	9	10	10	10	10	10	10	10	10	10	10	10	10	10	10	10	10	10	10	10	10	10	10	11	11	11	11	11	11	11	11	11	11	11	11	11	11	11	11	11	11	11	11	11	11	11	11	11	11	11	11	11	12	12	12	12	12	12	12	12	12	12	12	12	12	12	12	12	12	12	12	12	12	12	12	12	12	12	12	12	12	13	13	13	13	13	13	13	13	13	13	13	13	13	13	13	13	13	13	13	13	13	13	13	13	13	13	14	14	14	14	14	14	14	14	14	14	14	14	14	14	14	14	14	14	14	14	15	15	15	15	15	15	15	15	15	15	15	15	15	15	15	15	15	15	15	15	15	15	15	15	16	16	16	16	16	16	16	16	16	16	16	16	16	16	16	16	16	16	16	16	16	16	17	17	17	17	17	17	17	17	17	17	17	17	17	17	17	17	17	17	17	17	17	18	18	18	18	18	18	18	18	18	18	18	18	18	18	18	18	18	18	18	18	18	18	19	19	19	19	19	19	19	19	19	19	19	19	19	19	19	19	19	19	19	19	19	19	19	19	19	19	19	19	19	20	20	20	20	20	20	20	20	20	20	20	20	20	20	20	20	20	20	20	20	20	
