400
20	5
339	20.9
29	31	27	26	26	30	26	30	26	30	30	29	26	28	28	26	28	29	27	29	28	29	27	28	27	31	29	27	28	27	30	31	29	31	29	29	27	30	26	28	28	27	30	31	31	26	27	26	28	28	30	30	28	29	26	29	30	27	31	31	26	31	27	30	29	28	31	28	27	26	27	31	29	27	31	26	27	31	31	26	27	29	26	27	27	27	26	29	27	26	31	31	28	28	27	31	31	31	28	29	27	27	27	29	28	27	29	31	26	26	29	28	31	26	31	28	29	30	30	27	28	30	29	27	26	26	30	28	31	31	30	27	28	29	27	26	30	31	28	31	28	27	30	28	30	26	31	26	31	30	29	30	30	28	26	27	26	29	31	29	27	29	27	26	31	28	26	30	26	28	30	30	26	26	29	29	31	30	28	30	27	27	30	28	27	27	30	26	28	26	26	26	26	30	29	30	30	26	26	28	31	31	30	31	27	26	29	31	28	26	29	28	28	31	30	28	30	30	29	28	31	26	31	29	26	27	28	30	27	28	29	31	28	29	27	29	31	29	28	31	30	26	31	27	29	31	27	28	27	31	30	30	29	30	30	30	28	27	28	29	30	26	29	29	27	31	28	29	26	30	30	26	29	30	30	28	26	27	26	26	28	28	29	27	27	28	31	29	30	30	26	28	27	29	30	27	30	29	26	28	26	28	27	27	31	31	26	28	31	29	28	31	26	27	29	27	26	26	30	29	29	27	27	29	27	30	29	30	26	27	31	31	28	28	28	29	26	27	28	26	26	29	26	26	26	28	29	31	26	31	28	30	27	29	30	28	26	31	31	28	31	28	31	26	26	27	31	27	27	28	29	30	29	26	26	29	26	30	28	31	30	29	29	29	30	31	31	29	28	26	26	26	26	27	29	28	27	29	27	30	
76	82	86	84	86	82	85	76	76	89	82	81	93	87	79	87	88	79	86	83	87	78	90	85	93	93	77	82	94	88	86	85	88	77	87	84	83	90	76	77	76	89	80	80	87	76	94	89	79	94	83	76	76	91	84	76	88	87	88	80	91	82	82	91	93	81	79	91	81	91	88	76	93	76	79	77	80	90	88	76	88	94	85	77	85	93	82	91	87	79	93	77	94	81	89	78	89	76	86	79	91	94	84	78	81	76	90	81	89	76	83	90	86	93	85	82	78	93	79	82	77	78	77	77	86	81	92	80	79	77	80	81	88	80	86	94	76	94	89	94	94	81	84	93	86	76	78	76	86	86	87	85	80	90	83	80	78	82	94	77	87	94	78	85	91	86	79	92	88	82	87	85	91	83	84	77	80	92	78	83	78	86	93	92	89	81	93	76	94	91	86	83	89	85	88	77	77	83	89	76	87	79	83	85	88	91	86	94	88	94	91	85	86	80	86	80	94	78	82	86	77	86	79	92	85	92	80	79	92	78	88	82	83	89	80	92	77	92	86	81	92	86	84	85	93	93	90	80	90	91	91	76	87	92	92	92	84	90	81	82	87	93	84	84	94	83	94	81	84	87	86	80	84	78	80	89	78	79	77	91	92	90	94	92	80	79	94	88	94	94	83	87	87	77	89	94	87	80	87	90	89	77	82	92	94	93	87	90	86	77	81	90	85	84	85	91	91	89	77	89	90	83	80	85	79	76	78	86	80	88	91	91	77	87	87	76	86	89	94	92	87	82	93	80	89	76	80	78	88	76	80	83	85	80	94	81	92	88	85	79	83	78	92	79	85	81	80	77	89	90	84	92	83	81	82	86	87	86	76	83	89	80	92	83	92	78	77	94	89	92	76	80	86	83	79	91	82	81	77	85	
19.8	17.6	30.8	19.8	14.3	27.5	14.3	20.9	27.5	30.8	31.9	24.2	22	25.3	17.6	26.4	17.6	29.7	11	19.8	30.8	16.5	29.7	17.6	25.3	33	20.9	12.1	13.2	28.6	20.9	29.7	31.9	29.7	24.2	22	25.3	12.1	23.1	19.8	22	13.2	19.8	17.6	17.6	12.1	29.7	17.6	28.6	26.4	33	26.4	30.8	17.6	26.4	30.8	25.3	22	13.2	14.3	13.2	27.5	29.7	23.1	18.7	23.1	16.5	19.8	16.5	24.2	28.6	26.4	24.2	18.7	16.5	12.1	22	25.3	30.8	29.7	11	16.5	20.9	30.8	23.1	15.4	31.9	15.4	27.5	13.2	27.5	29.7	14.3	20.9	18.7	18.7	11	31.9	17.6	25.3	14.3	22	17.6	22	24.2	15.4	22	26.4	13.2	22	29.7	22	24.2	19.8	33	12.1	24.2	15.4	23.1	22	16.5	31.9	27.5	29.7	27.5	18.7	12.1	16.5	17.6	15.4	24.2	27.5	27.5	13.2	17.6	22	24.2	31.9	17.6	18.7	33	17.6	27.5	11	27.5	25.3	25.3	15.4	19.8	33	27.5	16.5	19.8	19.8	13.2	22	13.2	16.5	28.6	20.9	16.5	19.8	19.8	24.2	24.2	33	24.2	16.5	22	18.7	16.5	29.7	16.5	13.2	28.6	15.4	27.5	11	20.9	17.6	19.8	14.3	28.6	22	20.9	26.4	25.3	13.2	24.2	14.3	12.1	22	19.8	12.1	31.9	24.2	31.9	23.1	25.3	20.9	16.5	22	18.7	27.5	11	28.6	13.2	31.9	11	18.7	11	15.4	23.1	29.7	17.6	13.2	28.6	24.2	15.4	24.2	23.1	25.3	12.1	33	28.6	25.3	30.8	17.6	25.3	29.7	31.9	16.5	14.3	18.7	30.8	29.7	23.1	23.1	27.5	11	30.8	33	12.1	20.9	18.7	20.9	17.6	27.5	23.1	17.6	33	25.3	24.2	23.1	28.6	17.6	15.4	30.8	28.6	25.3	16.5	26.4	31.9	27.5	15.4	28.6	12.1	25.3	11	12.1	33	29.7	17.6	33	24.2	14.3	26.4	19.8	33	19.8	11	16.5	14.3	19.8	11	26.4	18.7	20.9	33	18.7	29.7	11	11	25.3	13.2	12.1	26.4	16.5	23.1	28.6	22	23.1	30.8	16.5	13.2	23.1	29.7	31.9	22	30.8	12.1	23.1	15.4	30.8	30.8	17.6	11	16.5	14.3	33	17.6	18.7	14.3	28.6	24.2	15.4	22	31.9	27.5	22	20.9	23.1	33	33	22	18.7	20.9	26.4	23.1	15.4	15.4	25.3	19.8	12.1	31.9	19.8	14.3	17.6	24.2	33	25.3	26.4	15.4	20.9	19.8	33	11	11	33	18.7	29.7	23.1	15.4	29.7	33	31.9	28.6	30.8	28.6	18.7	16.5	22	13.2	20.9	27.5	31.9	25.3	12.1	16.5	14.3	14.3	20.9	33	17.6	19.8	31.9	17.6	33	26.4	25.3	17.6	27.5	19.8	30.8	28.6	13.2	30.8	28.6	15.4	24.2	
22	24.2	12.1	23.1	27.5	19.8	31.9	16.5	16.5	19.8	12.1	23.1	26.4	19.8	26.4	11	29.7	16.5	17.6	17.6	16.5	27.5	26.4	24.2	28.6	29.7	29.7	20.9	16.5	33	33	18.7	15.4	25.3	16.5	13.2	31.9	26.4	13.2	28.6	13.2	17.6	17.6	27.5	24.2	25.3	14.3	29.7	28.6	25.3	31.9	15.4	18.7	28.6	14.3	13.2	12.1	33	20.9	12.1	27.5	19.8	17.6	12.1	23.1	16.5	15.4	27.5	19.8	23.1	24.2	27.5	24.2	28.6	13.2	16.5	29.7	24.2	18.7	27.5	15.4	24.2	28.6	13.2	22	27.5	15.4	24.2	26.4	23.1	24.2	27.5	20.9	13.2	15.4	14.3	15.4	12.1	17.6	26.4	13.2	15.4	26.4	27.5	13.2	28.6	22	30.8	20.9	28.6	27.5	31.9	16.5	11	28.6	18.7	20.9	12.1	19.8	16.5	12.1	33	26.4	22	26.4	19.8	18.7	26.4	17.6	20.9	24.2	11	24.2	26.4	23.1	27.5	11	22	28.6	17.6	30.8	23.1	20.9	15.4	24.2	19.8	29.7	22	16.5	16.5	14.3	14.3	26.4	13.2	33	18.7	17.6	28.6	15.4	20.9	22	30.8	26.4	15.4	14.3	23.1	25.3	31.9	15.4	27.5	20.9	14.3	19.8	27.5	16.5	24.2	23.1	28.6	19.8	22	29.7	13.2	27.5	17.6	23.1	31.9	13.2	12.1	28.6	23.1	20.9	30.8	26.4	27.5	26.4	23.1	11	17.6	12.1	29.7	20.9	12.1	24.2	17.6	30.8	14.3	26.4	25.3	28.6	13.2	26.4	24.2	18.7	26.4	24.2	13.2	22	26.4	17.6	28.6	18.7	25.3	33	13.2	29.7	11	23.1	31.9	15.4	14.3	33	22	18.7	33	24.2	12.1	26.4	11	31.9	30.8	25.3	28.6	12.1	17.6	30.8	19.8	20.9	33	30.8	25.3	30.8	28.6	27.5	31.9	31.9	24.2	20.9	11	20.9	11	24.2	11	27.5	17.6	20.9	28.6	30.8	20.9	26.4	29.7	13.2	13.2	23.1	29.7	31.9	15.4	24.2	12.1	31.9	25.3	20.9	14.3	27.5	31.9	16.5	27.5	17.6	26.4	30.8	18.7	18.7	16.5	25.3	13.2	15.4	28.6	16.5	17.6	27.5	18.7	26.4	28.6	19.8	20.9	25.3	30.8	23.1	28.6	28.6	17.6	30.8	26.4	33	20.9	17.6	28.6	31.9	11	13.2	33	25.3	22	27.5	14.3	20.9	29.7	28.6	26.4	18.7	11	13.2	28.6	25.3	11	26.4	30.8	18.7	28.6	33	27.5	13.2	22	27.5	26.4	15.4	17.6	17.6	19.8	29.7	30.8	26.4	11	13.2	24.2	19.8	17.6	14.3	14.3	27.5	12.1	29.7	16.5	33	31.9	14.3	28.6	31.9	19.8	16.5	31.9	33	13.2	30.8	28.6	12.1	12.1	14.3	11	27.5	14.3	20.9	12.1	12.1	17.6	16.5	15.4	18.7	17.6	11	18.7	29.7	29.7	33	29.7	28.6	33	13.2	23.1	33	14.3	
23.1	13.2	24.2	17.6	20.9	16.5	29.7	11	26.4	13.2	17.6	19.8	12.1	25.3	11	12.1	16.5	22	25.3	25.3	
14	13	20	20	16	19	15	20	16	14	11	11	18	11	17	15	19	15	17	14	19	10	16	14	15	16	13	17	13	11	12	20	18	14	10	10	17	13	12	14	15	11	18	17	17	14	16	11	16	11	19	18	20	16	15	14	15	16	16	13	17	20	19	11	15	20	20	19	15	20	10	15	20	14	15	17	20	11	20	16	16	13	20	17	17	10	20	19	20	16	14	16	16	20	15	17	18	14	20	18	17	10	12	18	15	10	14	11	12	18	11	14	14	12	11	13	11	16	16	14	18	18	19	12	18	13	15	11	16	15	19	11	16	14	18	11	20	18	14	18	12	10	12	17	13	18	18	19	14	18	16	17	18	16	18	11	12	13	14	18	11	20	19	20	19	20	17	12	11	11	18	10	12	20	12	14	16	19	13	17	17	11	15	18	16	19	16	12	12	14	11	11	17	20	17	16	20	11	19	10	17	15	19	13	20	11	10	17	15	12	18	12	19	15	14	15	10	16	15	17	18	19	15	10	16	15	14	14	20	10	12	20	10	14	10	18	20	12	11	15	15	16	15	20	10	20	16	19	18	19	11	20	19	11	18	11	16	19	16	19	10	16	16	12	10	13	11	12	16	20	11	10	20	16	19	16	11	11	13	15	16	16	13	14	10	16	17	16	14	19	15	11	12	20	16	16	20	18	12	20	11	11	12	11	20	11	20	10	16	14	17	16	10	17	15	19	18	10	12	18	14	18	15	11	15	15	20	20	12	15	14	14	19	17	13	17	20	20	20	19	20	14	13	18	11	15	17	18	14	16	14	20	12	16	19	17	12	14	19	20	12	19	19	16	19	18	12	18	13	18	20	16	11	20	13	14	12	11	17	12	17	15	15	18	18	16	18	20	20	14	16	10	13	16	17	12	10	10	20	15	
1	1	1	1	1	1	1	1	1	1	1	1	1	1	1	1	2	2	2	2	2	2	2	2	2	2	2	2	2	2	2	2	2	2	2	2	2	2	2	3	3	3	3	3	3	3	3	3	3	3	3	3	3	3	3	3	3	3	3	3	3	3	3	3	3	4	4	4	4	4	4	4	4	4	4	4	4	4	4	4	4	4	4	5	5	5	5	5	5	5	5	5	5	5	5	5	5	5	5	6	6	6	6	6	6	6	6	6	6	6	6	6	6	6	6	6	7	7	7	7	7	7	7	7	7	7	7	7	7	7	7	7	7	7	8	8	8	8	8	8	8	8	8	8	8	8	8	8	8	8	8	8	8	8	8	8	8	8	8	8	8	8	8	9	9	9	9	9	9	9	9	9	9	9	9	9	9	9	9	9	10	10	10	10	10	10	10	10	10	10	10	10	10	10	10	10	10	11	11	11	11	11	11	11	11	11	11	11	11	11	11	11	11	11	11	12	12	12	12	12	12	12	12	12	12	12	12	12	12	12	12	12	12	12	12	12	12	12	12	12	12	12	13	13	13	13	13	13	13	13	13	13	13	13	13	13	13	13	13	13	13	13	13	14	14	14	14	14	14	14	14	14	14	14	14	14	14	14	14	14	14	14	14	15	15	15	15	15	15	15	15	15	15	15	15	15	15	15	15	15	15	15	16	16	16	16	16	16	16	16	16	16	16	16	16	16	16	16	16	17	17	17	17	17	17	17	17	17	17	17	17	17	17	17	17	17	17	17	17	17	17	17	18	18	18	18	18	18	18	18	18	18	18	18	18	19	19	19	19	19	19	19	19	19	19	19	19	19	19	19	19	19	19	19	19	19	19	20	20	20	20	20	20	20	20	20	20	20	20	20	20	20	20	20	20	20	20	20	20	20	
