500
20	4
379	29.7
28	30	29	29	29	26	26	30	26	30	26	28	28	26	28	28	27	31	31	26	27	30	30	31	30	31	28	28	28	27	29	31	31	30	28	26	30	27	26	26	30	31	27	26	31	27	27	28	30	29	31	28	30	27	30	31	30	27	27	29	31	28	30	31	30	26	30	30	29	30	27	26	31	27	29	30	30	29	30	26	29	27	29	27	30	28	31	28	30	28	31	28	29	29	27	26	29	29	26	28	28	27	28	29	27	30	28	27	29	26	30	28	30	27	27	30	31	28	30	27	27	27	27	29	31	29	28	28	31	27	31	30	29	30	26	28	27	30	30	26	29	28	29	27	26	28	27	27	26	30	29	27	31	31	31	28	30	30	29	27	30	28	30	30	31	28	27	30	29	27	28	28	28	29	29	31	28	30	27	29	30	31	27	29	29	29	31	31	29	31	30	27	30	31	26	26	26	31	31	29	30	30	29	27	26	29	31	27	26	26	26	27	31	29	27	30	29	27	27	28	27	29	30	30	31	31	29	29	31	28	26	28	26	29	31	31	30	31	29	30	27	31	26	29	26	28	27	27	26	30	31	28	29	28	30	30	31	31	28	27	30	28	26	27	26	29	31	28	31	28	26	29	26	30	29	29	28	29	27	30	31	26	28	29	27	27	29	29	31	27	27	29	31	27	28	30	30	29	30	27	26	29	26	29	29	31	26	30	29	26	26	28	28	27	27	27	28	28	28	27	30	26	27	31	29	27	28	26	31	28	30	30	29	29	31	30	27	26	30	31	28	30	29	31	27	29	28	27	27	31	31	28	30	30	29	26	30	27	28	28	28	26	27	26	26	28	28	27	31	31	27	29	30	28	27	29	27	31	30	30	28	30	26	28	26	31	26	28	27	31	31	26	27	30	31	31	26	28	29	26	31	28	30	26	31	29	26	29	26	26	26	26	31	26	28	31	28	30	28	27	27	29	28	26	26	27	27	28	27	26	30	31	26	31	28	26	29	27	26	30	29	30	30	26	29	28	31	31	26	31	26	30	31	28	28	26	28	29	28	31	29	29	31	30	31	28	31	28	30	30	31	27	31	28	29	31	29	31	27	28	29	28	29	27	30	27	30	29	29	26	28	31	31	30	29	31	29	28	27	27	
89	82	90	84	80	93	84	80	81	93	92	76	94	90	88	85	83	85	76	87	93	92	84	83	90	82	93	93	89	92	91	91	79	90	80	81	81	84	94	79	83	86	78	94	93	90	87	89	83	78	85	85	83	81	81	88	78	92	81	91	84	90	94	94	82	79	92	92	91	90	93	76	94	82	86	84	77	78	89	86	91	80	87	85	92	94	79	79	89	78	87	79	79	84	84	83	80	82	76	90	80	80	86	92	77	81	77	80	80	85	79	79	91	82	76	85	77	93	90	79	76	90	79	89	77	81	84	88	89	78	76	91	89	76	87	92	78	92	88	87	91	93	92	86	94	93	86	80	85	91	82	91	84	91	93	93	90	80	94	85	77	81	77	89	78	93	91	76	87	86	90	92	85	88	76	94	93	86	92	76	78	79	87	85	94	86	79	90	85	81	77	80	88	90	76	77	80	77	80	90	88	93	84	77	89	83	86	82	80	85	76	93	82	86	78	92	79	84	76	81	82	86	89	76	93	86	81	85	89	92	93	90	92	78	77	87	77	88	88	77	88	81	92	93	81	86	87	87	86	93	94	81	81	88	78	80	90	92	77	83	85	80	83	92	91	88	85	87	76	86	85	76	93	81	80	88	88	85	91	76	89	86	89	88	80	90	80	89	88	90	77	94	84	80	87	88	90	88	78	92	78	79	86	82	80	83	79	77	83	85	76	76	84	78	77	89	89	78	84	86	79	92	90	79	78	78	88	93	90	94	76	86	79	78	78	78	92	91	90	91	80	76	77	89	76	91	76	78	87	81	82	77	86	84	82	91	80	84	89	90	89	89	86	89	85	85	78	82	84	79	85	89	94	93	81	79	93	79	84	82	84	83	79	78	89	94	89	94	81	90	78	83	80	83	84	85	80	82	93	86	83	87	87	93	80	81	91	80	90	85	93	89	90	86	83	83	89	76	90	79	87	86	91	88	91	86	83	88	83	76	89	82	86	83	79	92	77	91	78	76	76	89	93	85	82	90	82	77	88	82	91	82	92	83	87	81	79	79	77	76	76	86	94	90	93	92	88	78	87	87	94	87	79	87	78	80	78	87	82	80	93	85	88	79	78	88	85	90	91	91	80	87	83	80	88	76	89	89	78	78	
12.1	12.1	31.9	33	18.7	16.5	12.1	23.1	24.2	13.2	28.6	24.2	20.9	12.1	20.9	12.1	29.7	13.2	24.2	11	25.3	13.2	19.8	15.4	20.9	13.2	12.1	24.2	31.9	29.7	14.3	20.9	12.1	15.4	11	11	11	28.6	22	20.9	25.3	31.9	16.5	26.4	25.3	18.7	24.2	15.4	22	25.3	24.2	17.6	16.5	17.6	31.9	20.9	26.4	14.3	31.9	31.9	30.8	15.4	27.5	22	17.6	17.6	13.2	29.7	18.7	24.2	24.2	20.9	24.2	23.1	14.3	30.8	23.1	33	18.7	33	11	24.2	24.2	28.6	22	23.1	33	33	28.6	27.5	15.4	27.5	30.8	24.2	17.6	12.1	14.3	15.4	16.5	31.9	26.4	16.5	24.2	13.2	14.3	29.7	18.7	16.5	25.3	17.6	16.5	11	18.7	23.1	25.3	18.7	25.3	13.2	19.8	30.8	13.2	22	16.5	17.6	27.5	25.3	12.1	18.7	15.4	20.9	14.3	23.1	11	19.8	27.5	13.2	24.2	22	12.1	12.1	30.8	12.1	25.3	19.8	17.6	13.2	15.4	31.9	12.1	22	27.5	12.1	14.3	19.8	18.7	33	12.1	31.9	23.1	24.2	25.3	17.6	20.9	14.3	16.5	19.8	23.1	24.2	18.7	20.9	17.6	25.3	24.2	31.9	16.5	24.2	17.6	23.1	24.2	14.3	15.4	23.1	22	11	20.9	23.1	15.4	15.4	27.5	17.6	13.2	18.7	26.4	27.5	27.5	18.7	11	31.9	11	13.2	19.8	28.6	15.4	27.5	31.9	26.4	12.1	31.9	16.5	26.4	33	24.2	18.7	13.2	24.2	24.2	28.6	19.8	28.6	18.7	12.1	14.3	31.9	20.9	16.5	20.9	15.4	24.2	26.4	11	29.7	17.6	14.3	22	23.1	17.6	18.7	15.4	22	24.2	16.5	30.8	25.3	12.1	22	33	15.4	14.3	14.3	22	15.4	18.7	17.6	20.9	31.9	22	11	23.1	28.6	18.7	30.8	23.1	20.9	29.7	15.4	20.9	13.2	20.9	16.5	27.5	28.6	33	23.1	25.3	33	13.2	25.3	27.5	12.1	12.1	27.5	14.3	24.2	19.8	25.3	27.5	26.4	25.3	27.5	13.2	27.5	24.2	24.2	11	13.2	31.9	11	18.7	23.1	24.2	22	24.2	26.4	18.7	22	29.7	27.5	14.3	26.4	16.5	24.2	16.5	26.4	14.3	13.2	16.5	28.6	28.6	22	31.9	20.9	18.7	25.3	12.1	25.3	29.7	24.2	30.8	27.5	30.8	13.2	26.4	15.4	20.9	17.6	11	20.9	22	28.6	17.6	12.1	13.2	28.6	28.6	30.8	33	33	18.7	19.8	33	23.1	13.2	28.6	30.8	25.3	30.8	13.2	22	27.5	14.3	25.3	30.8	26.4	29.7	19.8	25.3	27.5	15.4	13.2	23.1	12.1	25.3	22	33	20.9	14.3	24.2	23.1	29.7	22	14.3	18.7	23.1	30.8	33	15.4	25.3	25.3	16.5	28.6	11	12.1	29.7	29.7	28.6	26.4	19.8	13.2	11	27.5	17.6	16.5	26.4	16.5	27.5	20.9	30.8	22	16.5	31.9	25.3	24.2	13.2	24.2	33	15.4	24.2	27.5	25.3	12.1	16.5	16.5	18.7	11	26.4	33	23.1	13.2	23.1	28.6	22	18.7	18.7	12.1	20.9	23.1	31.9	25.3	24.2	13.2	16.5	14.3	14.3	23.1	11	19.8	25.3	26.4	16.5	27.5	20.9	12.1	29.7	19.8	28.6	14.3	15.4	13.2	23.1	24.2	12.1	18.7	24.2	28.6	30.8	27.5	29.7	27.5	12.1	17.6	11	15.4	17.6	31.9	13.2	14.3	12.1	25.3	27.5	24.2	30.8	18.7	30.8	22	31.9	30.8	14.3	30.8	26.4	17.6	26.4	29.7	13.2	28.6	29.7	12.1	28.6	16.5	33	22	
15.4	31.9	17.6	13.2	24.2	15.4	24.2	28.6	23.1	25.3	12.1	26.4	28.6	20.9	24.2	20.9	17.6	27.5	27.5	31.9	16.5	25.3	20.9	11	13.2	14.3	12.1	29.7	18.7	12.1	33	26.4	23.1	27.5	23.1	27.5	16.5	11	23.1	19.8	13.2	23.1	29.7	14.3	17.6	17.6	11	19.8	12.1	24.2	20.9	29.7	27.5	14.3	16.5	15.4	27.5	30.8	12.1	25.3	31.9	24.2	28.6	23.1	20.9	14.3	14.3	22	13.2	25.3	17.6	29.7	20.9	28.6	12.1	18.7	16.5	22	30.8	33	14.3	13.2	13.2	24.2	30.8	20.9	17.6	20.9	20.9	25.3	33	30.8	17.6	23.1	15.4	12.1	11	31.9	29.7	23.1	13.2	23.1	20.9	16.5	28.6	14.3	27.5	26.4	27.5	20.9	15.4	16.5	23.1	28.6	31.9	13.2	22	31.9	15.4	16.5	16.5	11	26.4	22	16.5	22	30.8	15.4	13.2	26.4	12.1	24.2	16.5	28.6	28.6	26.4	18.7	13.2	24.2	31.9	17.6	16.5	23.1	26.4	33	24.2	25.3	13.2	33	30.8	15.4	17.6	26.4	22	18.7	30.8	22	19.8	19.8	18.7	14.3	14.3	13.2	23.1	23.1	18.7	24.2	15.4	15.4	11	22	26.4	15.4	25.3	29.7	11	29.7	14.3	27.5	11	11	30.8	12.1	20.9	26.4	14.3	12.1	33	16.5	22	16.5	12.1	22	27.5	17.6	29.7	15.4	15.4	28.6	25.3	29.7	12.1	15.4	15.4	12.1	28.6	22	28.6	29.7	11	29.7	26.4	18.7	12.1	15.4	13.2	25.3	14.3	19.8	19.8	33	16.5	18.7	13.2	29.7	28.6	28.6	28.6	18.7	23.1	14.3	13.2	15.4	19.8	11	31.9	23.1	33	28.6	18.7	30.8	19.8	14.3	20.9	24.2	16.5	25.3	19.8	33	33	11	33	25.3	25.3	27.5	20.9	19.8	19.8	28.6	13.2	33	22	18.7	12.1	29.7	27.5	11	25.3	22	20.9	17.6	20.9	33	20.9	25.3	12.1	33	27.5	23.1	25.3	11	17.6	15.4	20.9	31.9	11	23.1	30.8	27.5	20.9	18.7	20.9	12.1	11	13.2	23.1	28.6	16.5	28.6	16.5	22	18.7	13.2	28.6	13.2	24.2	16.5	31.9	11	24.2	13.2	14.3	25.3	19.8	17.6	15.4	18.7	27.5	19.8	30.8	15.4	33	12.1	18.7	12.1	33	12.1	25.3	14.3	33	19.8	16.5	19.8	12.1	20.9	25.3	18.7	24.2	18.7	27.5	12.1	30.8	16.5	26.4	27.5	19.8	20.9	30.8	13.2	27.5	22	23.1	24.2	27.5	14.3	11	25.3	33	33	14.3	28.6	22	19.8	18.7	29.7	29.7	25.3	16.5	27.5	30.8	20.9	25.3	33	18.7	23.1	30.8	30.8	23.1	25.3	15.4	26.4	26.4	18.7	12.1	30.8	33	17.6	27.5	11	26.4	20.9	13.2	33	13.2	23.1	23.1	18.7	16.5	28.6	12.1	26.4	33	17.6	11	22	20.9	19.8	24.2	27.5	30.8	11	33	18.7	26.4	26.4	17.6	22	30.8	16.5	30.8	31.9	11	26.4	29.7	27.5	31.9	26.4	13.2	16.5	22	23.1	28.6	15.4	17.6	22	25.3	17.6	30.8	19.8	12.1	19.8	20.9	11	23.1	25.3	25.3	13.2	27.5	19.8	12.1	28.6	31.9	25.3	25.3	29.7	17.6	16.5	22	17.6	17.6	25.3	24.2	14.3	13.2	13.2	14.3	27.5	25.3	28.6	31.9	30.8	13.2	16.5	20.9	28.6	33	33	13.2	14.3	31.9	30.8	27.5	23.1	23.1	33	27.5	25.3	33	29.7	27.5	15.4	24.2	25.3	17.6	25.3	25.3	29.7	18.7	19.8	28.6	
30.8	19.8	19.8	20.9	26.4	18.7	30.8	20.9	27.5	25.3	29.7	29.7	15.4	23.1	24.2	16.5	24.2	30.8	31.9	26.4	
16	16	17	11	12	18	19	13	10	11	10	15	15	20	14	17	20	13	18	13	18	18	10	18	15	19	14	12	19	19	11	15	17	18	13	18	15	11	11	20	15	17	14	20	13	10	14	18	19	15	11	13	17	15	20	12	12	18	18	17	16	18	18	19	16	19	11	12	17	15	14	11	12	10	11	12	18	10	10	13	12	14	11	19	19	13	14	20	10	13	11	20	11	13	18	19	15	18	19	19	12	20	16	10	15	15	19	20	13	15	13	14	14	18	20	11	11	10	16	17	11	13	16	14	16	19	11	16	15	17	18	15	17	14	12	18	11	13	14	10	17	13	14	12	19	17	17	15	14	19	19	18	11	20	16	10	20	11	17	14	20	13	10	15	12	10	18	11	11	20	14	11	17	15	14	20	14	20	20	10	19	18	12	12	18	19	19	11	10	18	11	18	17	11	17	15	17	16	11	14	15	10	19	18	12	18	17	16	16	11	19	13	11	19	15	14	19	12	10	15	17	10	13	19	14	13	20	17	11	13	12	14	15	14	20	16	17	13	11	17	12	15	14	10	12	13	20	20	20	17	12	17	19	12	14	18	10	14	10	13	10	13	18	17	18	14	13	20	16	20	11	15	16	16	19	17	17	10	16	15	11	11	14	12	17	14	12	11	13	17	18	14	18	16	11	13	17	13	10	18	16	17	18	19	17	17	16	20	18	16	14	20	17	11	18	17	20	15	14	15	18	12	11	11	11	15	14	12	13	13	12	11	11	12	20	10	18	17	19	13	14	16	16	17	10	10	14	18	19	11	17	16	11	14	12	19	12	14	13	16	10	17	18	11	10	18	11	20	10	17	18	14	14	16	11	15	13	18	11	12	20	17	13	20	20	13	18	20	16	20	12	20	17	13	16	11	18	19	18	15	16	13	19	12	12	10	17	12	13	17	11	18	12	12	14	10	14	16	18	18	20	17	16	18	14	10	18	11	16	16	19	11	13	11	10	10	11	13	19	10	14	12	12	16	19	10	20	10	13	10	19	17	18	16	19	13	19	14	19	13	12	18	10	14	11	18	18	19	13	20	19	10	16	11	10	19	12	14	20	16	15	13	13	17	11	10	17	14	14	11	11	12	18	11	13	10	12	18	16	13	
1	1	1	1	1	1	1	1	1	1	1	1	1	1	1	1	1	1	1	1	1	2	2	2	2	2	2	2	2	2	2	2	2	2	2	2	2	2	3	3	3	3	3	3	3	3	3	3	3	3	3	3	3	3	3	3	3	3	3	3	3	4	4	4	4	4	4	4	4	4	4	4	4	4	4	4	4	4	4	4	4	4	4	4	4	4	4	5	5	5	5	5	5	5	5	5	5	5	5	5	5	5	5	5	5	5	5	5	5	5	5	5	5	5	6	6	6	6	6	6	6	6	6	6	6	6	6	6	6	6	6	6	6	7	7	7	7	7	7	7	7	7	7	7	7	7	7	7	7	7	7	7	7	7	7	7	8	8	8	8	8	8	8	8	8	8	8	8	8	8	8	8	8	8	8	8	8	8	8	8	8	8	8	8	8	8	8	8	8	8	8	8	8	8	9	9	9	9	9	9	9	9	9	9	9	9	9	9	9	9	9	9	9	10	10	10	10	10	10	10	10	10	10	10	10	10	10	10	10	10	10	10	10	10	10	10	10	10	10	10	10	10	11	11	11	11	11	11	11	11	11	11	11	11	11	11	11	11	11	11	11	11	11	11	11	11	11	11	11	11	11	11	11	12	12	12	12	12	12	12	12	12	12	12	12	12	12	12	13	13	13	13	13	13	13	13	13	13	13	13	13	13	13	13	13	13	13	13	13	13	13	13	13	13	14	14	14	14	14	14	14	14	14	14	14	14	14	14	14	14	14	14	14	14	14	14	15	15	15	15	15	15	15	15	15	15	15	15	15	15	15	15	15	15	15	15	15	15	15	15	15	15	15	15	16	16	16	16	16	16	16	16	16	16	16	16	16	16	16	16	16	16	16	16	16	16	16	16	17	17	17	17	17	17	17	17	17	17	17	17	17	17	17	17	17	17	17	17	17	18	18	18	18	18	18	18	18	18	18	18	18	18	18	18	18	18	18	18	18	18	18	18	18	18	18	18	18	18	18	18	18	19	19	19	19	19	19	19	19	19	19	19	19	19	19	19	19	19	19	19	19	19	19	19	19	19	19	19	19	19	19	19	19	19	19	19	20	20	20	20	20	20	20	20	20	20	20	20	20	20	20	20	20	20	20	20	20	20	20	20	
