500
30	6
257	31.9
30	31	27	27	30	26	28	31	31	29	30	28	29	30	30	27	26	30	29	30	27	26	29	29	31	31	29	30	28	28	27	30	30	31	30	30	30	28	29	31	26	30	29	27	31	28	28	26	30	29	26	28	26	28	26	29	31	26	28	30	30	28	30	30	26	28	30	26	27	31	28	30	29	26	30	27	29	30	26	31	28	30	31	26	29	27	27	31	30	30	28	29	30	27	30	30	30	29	29	27	27	29	27	26	29	31	28	26	26	31	30	29	29	30	30	29	31	28	26	26	27	31	27	30	29	30	31	26	30	26	28	29	30	28	28	30	26	28	31	26	30	28	26	26	26	27	30	28	27	31	30	29	26	27	26	31	27	27	30	31	31	26	31	31	31	26	26	31	27	26	30	29	31	31	28	27	29	27	31	27	28	28	28	26	31	28	28	27	26	28	30	29	27	26	27	28	26	28	26	29	29	26	31	29	28	28	31	28	28	29	27	29	26	28	29	31	29	27	30	31	27	29	26	29	31	27	29	27	26	31	28	31	27	29	31	29	29	26	27	27	30	30	27	28	28	31	29	31	30	26	27	28	30	30	28	26	27	28	28	28	31	28	30	31	31	28	28	26	26	26	30	31	28	27	27	26	29	28	29	26	29	28	31	27	29	30	27	29	27	29	31	27	28	28	31	29	27	28	28	28	31	30	26	26	30	29	29	27	30	29	31	26	29	30	27	27	31	28	28	27	29	27	29	26	29	26	29	27	30	30	26	31	31	30	29	27	30	26	27	29	27	31	30	28	26	26	31	31	28	31	29	27	28	31	27	28	31	28	28	29	28	28	30	28	28	29	26	28	30	27	28	30	31	28	28	28	28	27	26	29	30	29	28	29	30	29	30	30	29	29	30	28	28	30	26	26	26	31	30	30	27	27	26	31	27	26	31	29	28	26	29	26	30	27	30	29	27	30	31	27	28	27	28	31	29	29	26	26	26	26	31	31	30	27	26	27	31	26	26	29	30	26	26	27	30	29	26	26	26	27	30	28	31	27	26	27	27	26	31	29	26	29	27	27	28	31	31	30	28	29	26	28	27	28	31	29	26	27	27	27	29	28	28	31	31	28	29	31	26	28	28	28	29	27	29	28	31	30	27	26	
87	90	89	78	87	86	77	92	77	85	87	81	83	84	79	81	90	92	90	87	93	85	84	91	89	89	81	80	76	78	80	89	88	79	92	76	77	86	91	77	81	76	91	78	84	76	91	79	80	85	93	81	76	93	85	82	87	78	88	92	79	94	84	90	78	83	88	91	88	90	82	83	89	76	89	87	83	86	94	87	81	85	80	90	89	84	88	87	80	77	89	81	89	94	94	90	78	76	80	87	77	88	89	89	77	90	87	94	90	81	86	78	88	92	79	88	92	78	82	83	81	83	81	86	91	94	93	85	87	94	91	88	91	79	81	86	85	94	84	86	86	94	80	86	83	77	94	89	88	77	85	80	85	86	76	89	76	82	88	77	88	88	76	91	84	79	90	84	80	88	88	93	76	91	89	81	91	77	92	86	82	84	88	80	83	89	90	80	90	85	92	90	93	78	86	84	87	86	81	78	81	83	80	86	90	81	76	87	87	79	92	90	80	87	92	76	88	87	78	88	93	88	88	80	90	76	82	77	94	88	77	93	76	76	76	90	80	82	86	79	82	91	77	91	80	92	82	80	78	81	89	91	78	88	94	84	76	84	87	80	81	92	84	93	79	77	76	92	92	90	92	81	85	92	81	94	79	76	83	92	92	76	88	80	88	93	84	91	92	85	84	87	84	77	86	81	84	76	90	93	77	77	88	93	93	86	89	89	86	78	79	93	77	84	77	93	76	92	91	84	86	93	76	87	93	82	93	76	84	85	82	78	78	81	83	87	92	77	94	90	77	79	77	79	78	86	92	90	82	88	80	84	87	78	77	91	78	87	87	88	82	92	91	78	79	77	77	92	83	88	88	78	92	83	83	90	88	76	85	92	81	91	88	87	84	78	80	86	85	93	91	84	93	77	78	77	83	91	80	93	93	92	76	77	87	77	89	86	85	80	81	92	80	84	82	88	92	78	76	76	81	84	87	83	79	92	78	92	92	85	83	94	85	87	83	92	86	90	94	86	86	85	92	90	77	86	85	94	83	86	89	78	84	85	93	87	89	82	88	85	93	91	90	83	93	83	82	94	79	91	77	94	78	78	77	84	84	81	77	81	94	80	76	78	82	90	84	93	93	82	84	87	88	87	91	94	94	87	82	94	
13.2	20.9	22	20.9	25.3	26.4	27.5	11	12.1	11	33	31.9	11	25.3	29.7	20.9	31.9	25.3	11	28.6	27.5	23.1	13.2	14.3	27.5	14.3	14.3	30.8	24.2	16.5	25.3	31.9	29.7	25.3	28.6	22	15.4	17.6	24.2	11	18.7	18.7	24.2	26.4	20.9	26.4	24.2	33	15.4	28.6	20.9	25.3	16.5	27.5	24.2	29.7	27.5	18.7	30.8	30.8	19.8	15.4	15.4	22	27.5	15.4	11	31.9	15.4	15.4	24.2	22	14.3	12.1	14.3	22	18.7	22	16.5	30.8	16.5	26.4	16.5	19.8	26.4	17.6	26.4	29.7	25.3	17.6	33	16.5	17.6	25.3	29.7	22	19.8	17.6	29.7	26.4	14.3	31.9	29.7	13.2	27.5	33	30.8	15.4	27.5	12.1	14.3	29.7	15.4	29.7	31.9	18.7	24.2	16.5	23.1	26.4	11	33	30.8	19.8	23.1	33	31.9	33	22	17.6	13.2	33	19.8	26.4	30.8	28.6	31.9	29.7	30.8	23.1	18.7	31.9	28.6	18.7	23.1	29.7	20.9	15.4	15.4	30.8	16.5	29.7	31.9	12.1	11	18.7	13.2	26.4	20.9	12.1	26.4	14.3	25.3	26.4	24.2	15.4	17.6	26.4	30.8	17.6	16.5	16.5	15.4	23.1	14.3	26.4	12.1	33	22	20.9	11	23.1	30.8	19.8	11	11	24.2	22	14.3	27.5	18.7	18.7	16.5	24.2	14.3	30.8	29.7	30.8	30.8	30.8	25.3	27.5	22	16.5	27.5	20.9	25.3	28.6	31.9	28.6	13.2	28.6	30.8	17.6	25.3	11	30.8	24.2	11	30.8	11	18.7	30.8	13.2	22	13.2	11	16.5	26.4	19.8	23.1	18.7	23.1	22	31.9	17.6	15.4	27.5	13.2	30.8	20.9	20.9	22	31.9	29.7	20.9	31.9	15.4	29.7	23.1	19.8	12.1	16.5	33	22	18.7	31.9	24.2	11	25.3	13.2	19.8	29.7	14.3	30.8	31.9	26.4	13.2	26.4	15.4	14.3	23.1	20.9	24.2	12.1	12.1	24.2	26.4	16.5	22	31.9	26.4	27.5	17.6	29.7	25.3	20.9	22	11	11	30.8	23.1	28.6	11	15.4	19.8	14.3	29.7	33	26.4	18.7	19.8	28.6	13.2	28.6	22	25.3	11	29.7	29.7	14.3	18.7	28.6	13.2	24.2	16.5	30.8	15.4	17.6	19.8	17.6	27.5	15.4	31.9	19.8	18.7	29.7	22	19.8	11	11	18.7	30.8	27.5	17.6	18.7	24.2	15.4	18.7	28.6	26.4	30.8	19.8	14.3	19.8	30.8	26.4	31.9	20.9	16.5	13.2	22	28.6	23.1	30.8	23.1	12.1	20.9	25.3	16.5	14.3	31.9	25.3	20.9	26.4	28.6	33	31.9	18.7	13.2	30.8	18.7	24.2	15.4	29.7	25.3	28.6	23.1	11	17.6	15.4	12.1	15.4	16.5	23.1	18.7	11	15.4	33	30.8	26.4	30.8	30.8	12.1	27.5	19.8	19.8	28.6	30.8	24.2	28.6	18.7	28.6	33	26.4	11	13.2	30.8	25.3	14.3	12.1	28.6	11	24.2	24.2	13.2	22	16.5	28.6	12.1	18.7	25.3	13.2	33	27.5	22	27.5	30.8	33	19.8	24.2	15.4	30.8	14.3	17.6	23.1	23.1	15.4	14.3	17.6	15.4	22	12.1	25.3	27.5	29.7	30.8	26.4	28.6	11	25.3	16.5	33	11	25.3	25.3	11	11	26.4	25.3	13.2	22	13.2	20.9	12.1	11	15.4	31.9	28.6	12.1	15.4	23.1	25.3	18.7	24.2	11	12.1	24.2	13.2	33	13.2	33	27.5	19.8	13.2	23.1	11	29.7	17.6	12.1	17.6	11	11	22	12.1	31.9	16.5	19.8	17.6	13.2	
22	28.6	33	26.4	18.7	30.8	24.2	16.5	30.8	27.5	12.1	20.9	15.4	16.5	26.4	31.9	31.9	14.3	31.9	16.5	27.5	12.1	29.7	13.2	30.8	11	13.2	22	24.2	13.2	20.9	29.7	23.1	24.2	22	23.1	18.7	28.6	26.4	23.1	22	16.5	11	33	31.9	31.9	15.4	18.7	28.6	18.7	23.1	24.2	12.1	25.3	19.8	24.2	18.7	18.7	15.4	24.2	29.7	25.3	17.6	18.7	18.7	30.8	23.1	33	28.6	11	13.2	25.3	25.3	25.3	20.9	12.1	19.8	15.4	29.7	17.6	13.2	26.4	23.1	14.3	19.8	14.3	24.2	12.1	15.4	30.8	23.1	28.6	28.6	14.3	29.7	15.4	33	24.2	19.8	28.6	11	14.3	11	31.9	27.5	11	30.8	28.6	11	11	15.4	13.2	30.8	23.1	17.6	15.4	29.7	12.1	29.7	29.7	22	13.2	27.5	16.5	26.4	29.7	26.4	33	29.7	15.4	29.7	20.9	20.9	27.5	33	26.4	13.2	13.2	19.8	30.8	30.8	22	33	12.1	16.5	30.8	20.9	33	12.1	26.4	28.6	11	28.6	29.7	11	22	15.4	18.7	23.1	22	31.9	25.3	13.2	31.9	22	29.7	33	22	19.8	15.4	25.3	16.5	22	20.9	28.6	19.8	13.2	19.8	22	12.1	26.4	12.1	18.7	18.7	15.4	28.6	30.8	16.5	19.8	24.2	18.7	15.4	18.7	13.2	20.9	23.1	15.4	15.4	16.5	24.2	20.9	30.8	31.9	30.8	31.9	28.6	27.5	22	13.2	15.4	19.8	29.7	17.6	17.6	11	18.7	27.5	13.2	20.9	22	16.5	19.8	30.8	20.9	11	33	31.9	17.6	33	20.9	27.5	18.7	11	18.7	30.8	20.9	15.4	15.4	19.8	22	27.5	29.7	24.2	23.1	18.7	15.4	27.5	29.7	25.3	29.7	19.8	20.9	14.3	13.2	27.5	14.3	14.3	27.5	24.2	23.1	31.9	24.2	16.5	13.2	27.5	23.1	31.9	23.1	18.7	27.5	31.9	19.8	25.3	11	23.1	14.3	23.1	31.9	20.9	33	27.5	29.7	31.9	16.5	18.7	33	22	28.6	27.5	18.7	13.2	25.3	31.9	18.7	27.5	16.5	27.5	22	33	22	30.8	30.8	17.6	13.2	23.1	28.6	13.2	11	18.7	23.1	24.2	26.4	26.4	17.6	26.4	23.1	22	20.9	19.8	14.3	16.5	15.4	23.1	13.2	15.4	28.6	15.4	29.7	14.3	25.3	17.6	33	17.6	22	27.5	26.4	27.5	26.4	24.2	11	33	17.6	20.9	29.7	26.4	12.1	18.7	24.2	20.9	23.1	29.7	30.8	20.9	12.1	26.4	12.1	22	17.6	26.4	13.2	27.5	27.5	27.5	22	26.4	26.4	19.8	14.3	25.3	14.3	20.9	17.6	33	11	13.2	17.6	17.6	28.6	17.6	20.9	29.7	27.5	11	13.2	18.7	17.6	22	26.4	22	18.7	25.3	12.1	14.3	24.2	13.2	12.1	31.9	29.7	20.9	20.9	29.7	27.5	15.4	16.5	17.6	25.3	15.4	16.5	19.8	11	12.1	11	24.2	31.9	13.2	15.4	26.4	15.4	28.6	11	15.4	22	33	16.5	28.6	24.2	19.8	18.7	14.3	15.4	18.7	33	20.9	23.1	25.3	31.9	19.8	23.1	27.5	11	24.2	22	24.2	17.6	16.5	15.4	18.7	26.4	29.7	29.7	18.7	17.6	15.4	26.4	17.6	27.5	13.2	30.8	26.4	16.5	24.2	14.3	17.6	27.5	22	11	19.8	22	16.5	27.5	15.4	13.2	12.1	18.7	24.2	11	23.1	23.1	29.7	29.7	11	17.6	23.1	11	23.1	22	23.1	23.1	27.5	25.3	20.9	25.3	18.7	28.6	33	22	17.6	23.1	12.1	30.8	
22	12.1	30.8	15.4	33	17.6	11	16.5	18.7	14.3	12.1	23.1	19.8	28.6	23.1	25.3	29.7	27.5	31.9	28.6	22	15.4	33	12.1	14.3	23.1	12.1	30.8	16.5	19.8	
11	19	13	12	19	10	19	14	15	14	20	18	14	20	20	14	18	15	14	19	19	20	19	16	13	13	20	11	17	19	11	17	14	11	16	14	15	14	11	15	10	11	13	11	14	17	11	15	18	12	19	16	16	12	15	11	11	13	20	18	19	11	16	11	13	13	18	12	17	17	17	10	12	15	12	10	13	14	18	18	15	10	11	10	15	11	13	20	17	15	11	13	15	11	12	11	13	15	15	10	12	13	11	17	12	12	11	11	19	12	14	13	16	15	13	11	11	14	20	11	17	14	10	11	19	12	16	16	15	18	16	15	13	11	15	12	10	19	11	19	10	20	15	18	13	14	12	10	11	10	12	11	12	19	10	11	11	17	13	12	10	20	15	19	16	20	18	13	18	14	13	15	15	17	19	16	15	19	12	15	14	10	16	19	19	10	14	16	15	19	18	13	17	15	19	17	11	18	19	12	11	18	13	11	10	10	13	12	17	13	15	20	11	10	13	13	13	12	16	11	13	13	11	16	12	16	10	15	17	11	14	18	14	13	18	14	16	20	14	19	17	15	14	15	18	16	12	14	20	11	17	15	17	18	19	14	12	17	18	13	11	16	13	17	17	18	13	16	13	17	18	20	13	12	18	15	20	10	19	15	11	16	10	20	12	11	13	19	16	11	11	13	11	13	15	10	14	11	10	14	17	19	19	14	14	17	18	14	18	13	16	12	15	14	13	19	10	19	15	18	18	14	12	10	14	15	18	13	20	18	14	10	10	13	18	14	10	18	17	14	10	11	12	15	13	14	17	18	13	12	10	15	15	17	14	19	13	13	14	12	11	15	12	12	19	13	16	11	20	15	16	20	13	13	14	12	17	11	13	12	20	20	17	10	14	18	13	15	15	15	11	19	17	11	15	16	12	20	13	16	17	17	17	11	15	13	10	12	17	15	14	12	17	16	16	14	16	12	16	10	16	16	15	10	19	17	10	18	14	17	16	14	18	13	15	16	12	19	15	13	18	18	16	17	16	16	13	14	15	15	12	14	13	10	12	14	18	11	10	12	12	18	12	18	12	17	16	16	10	12	10	13	13	18	15	12	10	19	18	14	13	16	18	12	10	10	20	13	17	10	12	20	16	12	15	14	14	17	16	19	
1	1	1	1	1	1	1	1	1	1	1	1	1	1	1	1	1	1	1	2	2	2	2	2	2	2	2	2	2	2	2	2	2	2	2	2	2	2	3	3	3	3	3	3	3	3	3	3	3	3	3	3	3	3	3	4	4	4	4	4	4	4	4	4	4	4	4	4	4	4	5	5	5	5	5	5	5	5	5	5	5	5	5	5	5	5	5	6	6	6	6	6	6	6	6	6	6	6	6	6	6	7	7	7	7	7	7	7	7	7	7	7	7	7	7	7	7	7	7	7	8	8	8	8	8	8	8	8	8	8	8	8	8	8	8	8	8	8	8	8	8	8	8	9	9	9	9	9	9	9	9	9	9	9	9	9	9	9	9	10	10	10	10	10	10	10	10	10	10	10	10	10	10	11	11	11	11	11	11	11	11	11	11	11	11	11	11	11	11	11	12	12	12	12	12	12	12	12	12	12	12	12	12	12	12	12	12	12	12	13	13	13	13	13	13	13	13	13	13	13	13	13	13	13	13	14	14	14	14	14	14	14	14	14	14	14	14	14	14	14	14	14	14	15	15	15	15	15	15	15	15	15	15	15	15	15	16	16	16	16	16	16	16	16	16	16	16	16	16	16	16	16	17	17	17	17	17	17	17	17	17	17	17	18	18	18	18	18	18	18	18	18	18	18	18	18	19	19	19	19	19	19	19	19	19	19	19	19	20	20	20	20	20	20	20	20	20	20	20	20	20	20	20	20	20	21	21	21	21	21	21	21	21	21	21	21	21	21	21	21	22	22	22	22	22	22	22	22	22	22	22	22	22	22	22	22	22	22	22	22	22	22	22	23	23	23	23	23	23	23	23	23	23	23	23	23	23	23	23	24	24	24	24	24	24	24	24	24	24	24	24	24	24	24	24	24	24	24	24	24	24	24	25	25	25	25	25	25	25	25	25	25	25	25	25	25	25	25	25	25	26	26	26	26	26	26	26	26	26	26	26	26	26	26	26	26	26	26	26	26	26	26	26	26	26	26	27	27	27	27	27	27	27	27	27	27	27	27	27	27	27	27	27	27	28	28	28	28	28	28	28	28	28	28	29	29	29	29	29	29	29	29	29	29	29	29	30	30	30	30	30	30	30	30	30	30	30	30	30	30	
