300
10	2
473	16.5
31	28	29	28	31	29	31	30	29	28	29	28	28	30	31	30	28	29	30	27	30	27	30	29	29	31	28	27	26	26	28	28	27	29	30	29	28	27	31	27	28	31	27	28	26	26	26	30	26	26	31	26	31	31	28	28	31	29	29	31	31	28	31	31	28	26	27	27	27	26	28	29	30	27	30	27	29	27	29	27	29	29	27	26	29	28	26	30	30	29	28	29	27	27	28	29	30	31	29	30	29	26	29	31	31	30	30	30	27	27	28	26	30	28	29	31	30	28	29	26	31	28	26	26	31	29	31	27	26	31	26	27	28	28	27	31	26	29	31	31	27	30	31	26	28	28	28	30	30	27	26	30	26	27	31	30	31	31	29	29	31	27	27	30	28	27	29	28	26	29	27	31	26	27	31	30	29	30	28	30	26	28	30	30	27	30	26	27	28	29	31	27	27	26	31	31	29	26	31	28	26	27	26	29	29	26	26	31	28	27	26	29	28	27	26	30	26	31	27	30	29	29	26	27	26	28	26	26	28	30	30	31	27	28	29	31	27	29	30	31	27	26	27	28	29	27	27	28	27	28	29	29	29	31	30	28	27	29	29	27	26	29	26	28	27	30	26	29	27	26	27	26	28	31	28	31	28	28	27	30	29	30	30	31	30	29	31	27	26	27	29	28	26	31	29	30	30	31	28	28	
93	82	78	91	76	94	76	87	90	89	81	79	79	88	92	77	90	91	80	82	92	76	85	90	86	84	85	86	77	78	90	94	78	93	91	93	89	92	81	85	78	81	89	83	92	89	82	84	84	81	89	90	93	84	85	91	92	89	80	89	94	80	92	79	80	86	89	94	94	85	79	81	87	86	77	84	85	92	83	94	85	76	76	77	89	90	92	82	88	93	79	91	79	93	81	84	85	86	82	93	76	77	91	80	81	82	92	88	88	83	87	93	93	85	94	83	93	94	81	79	89	94	82	94	90	92	80	76	85	76	94	80	92	94	87	82	78	85	86	81	90	78	79	86	79	81	87	91	91	85	76	91	92	77	81	85	89	77	78	80	88	91	80	85	94	93	88	82	87	93	78	87	93	80	86	87	91	83	82	83	91	92	92	84	84	90	81	77	91	90	86	93	91	82	94	76	93	81	91	87	82	87	86	89	88	81	84	89	91	77	77	77	93	88	83	89	85	87	78	91	89	93	90	77	89	82	85	79	94	86	83	81	78	78	91	76	76	82	91	93	94	89	89	82	78	84	86	94	91	79	87	79	93	86	94	81	87	81	91	93	83	89	90	78	94	94	87	94	89	92	94	79	85	81	87	84	84	91	76	76	77	94	91	79	85	92	90	90	79	91	84	78	89	79	83	76	84	79	94	93	
18.7	16.5	14.3	18.7	16.5	16.5	12.1	29.7	19.8	31.9	24.2	23.1	30.8	29.7	19.8	26.4	33	30.8	31.9	26.4	33	11	14.3	29.7	15.4	16.5	30.8	18.7	30.8	27.5	12.1	24.2	25.3	33	17.6	18.7	28.6	15.4	15.4	14.3	26.4	14.3	13.2	13.2	19.8	22	22	11	14.3	15.4	26.4	15.4	22	27.5	18.7	29.7	17.6	16.5	33	15.4	22	28.6	16.5	26.4	16.5	17.6	13.2	29.7	17.6	17.6	18.7	15.4	14.3	14.3	11	27.5	13.2	11	20.9	22	16.5	22	33	31.9	17.6	19.8	18.7	33	24.2	11	26.4	16.5	11	20.9	13.2	11	16.5	23.1	22	11	14.3	13.2	15.4	24.2	23.1	16.5	33	31.9	33	17.6	13.2	30.8	26.4	31.9	23.1	26.4	14.3	14.3	26.4	11	14.3	17.6	23.1	29.7	27.5	12.1	31.9	18.7	20.9	27.5	23.1	18.7	27.5	30.8	12.1	33	15.4	30.8	14.3	16.5	16.5	12.1	20.9	31.9	22	29.7	26.4	33	11	33	14.3	30.8	15.4	27.5	12.1	13.2	24.2	25.3	22	14.3	27.5	13.2	33	29.7	22	16.5	18.7	13.2	15.4	27.5	27.5	28.6	29.7	29.7	22	22	19.8	23.1	19.8	24.2	29.7	15.4	18.7	27.5	19.8	19.8	18.7	13.2	18.7	19.8	19.8	14.3	30.8	20.9	17.6	27.5	13.2	16.5	27.5	20.9	23.1	13.2	16.5	24.2	14.3	11	27.5	20.9	27.5	25.3	18.7	33	11	28.6	27.5	25.3	33	26.4	15.4	16.5	27.5	30.8	13.2	13.2	27.5	20.9	29.7	19.8	33	17.6	11	23.1	19.8	25.3	18.7	30.8	18.7	11	26.4	12.1	22	25.3	12.1	22	26.4	18.7	23.1	26.4	17.6	22	16.5	24.2	13.2	29.7	30.8	25.3	13.2	27.5	23.1	14.3	14.3	30.8	29.7	16.5	11	19.8	24.2	27.5	27.5	30.8	13.2	33	12.1	18.7	27.5	13.2	31.9	14.3	24.2	31.9	12.1	16.5	11	27.5	16.5	26.4	25.3	23.1	22	13.2	13.2	15.4	19.8	23.1	24.2	14.3	13.2	15.4	30.8	33	
33	20.9	18.7	19.8	28.6	18.7	27.5	23.1	23.1	28.6	17.6	28.6	11	14.3	29.7	25.3	11	23.1	19.8	22	12.1	15.4	15.4	29.7	25.3	13.2	13.2	23.1	27.5	13.2	23.1	12.1	18.7	18.7	13.2	22	30.8	28.6	29.7	13.2	25.3	27.5	25.3	19.8	33	22	17.6	16.5	20.9	31.9	28.6	26.4	19.8	18.7	30.8	16.5	18.7	11	15.4	28.6	33	16.5	13.2	30.8	18.7	16.5	15.4	22	26.4	17.6	29.7	13.2	13.2	12.1	13.2	15.4	26.4	25.3	17.6	17.6	23.1	29.7	13.2	30.8	12.1	13.2	20.9	16.5	15.4	16.5	27.5	27.5	24.2	22	22	16.5	27.5	30.8	23.1	28.6	23.1	14.3	23.1	27.5	14.3	16.5	20.9	26.4	13.2	27.5	15.4	22	27.5	23.1	20.9	30.8	31.9	16.5	31.9	29.7	15.4	17.6	20.9	20.9	26.4	13.2	25.3	25.3	29.7	13.2	26.4	27.5	28.6	33	31.9	12.1	15.4	33	31.9	17.6	28.6	13.2	24.2	27.5	31.9	22	25.3	27.5	31.9	31.9	17.6	15.4	33	22	16.5	20.9	30.8	31.9	26.4	18.7	28.6	33	17.6	22	20.9	22	30.8	29.7	13.2	18.7	14.3	33	33	20.9	22	16.5	13.2	18.7	30.8	19.8	11	13.2	26.4	18.7	13.2	29.7	15.4	33	23.1	16.5	12.1	30.8	16.5	29.7	31.9	15.4	33	20.9	33	18.7	33	31.9	15.4	24.2	19.8	19.8	14.3	15.4	18.7	33	18.7	30.8	29.7	14.3	14.3	30.8	18.7	15.4	30.8	29.7	17.6	22	31.9	27.5	25.3	13.2	12.1	11	20.9	12.1	22	18.7	23.1	24.2	18.7	16.5	29.7	24.2	30.8	18.7	11	29.7	31.9	14.3	28.6	26.4	23.1	19.8	26.4	15.4	12.1	28.6	29.7	26.4	30.8	15.4	11	16.5	31.9	27.5	31.9	15.4	16.5	23.1	27.5	27.5	31.9	13.2	14.3	28.6	16.5	20.9	26.4	29.7	30.8	27.5	11	12.1	19.8	30.8	14.3	25.3	14.3	15.4	33	31.9	31.9	14.3	20.9	23.1	31.9	29.7	19.8	26.4	16.5	18.7	23.1	14.3	31.9	26.4	
16.5	20.9	13.2	20.9	29.7	26.4	16.5	26.4	19.8	27.5	
13	17	20	11	16	19	11	14	15	14	13	13	19	19	13	14	13	16	15	10	13	12	18	18	16	13	10	18	15	13	13	19	13	20	18	15	14	14	11	20	12	11	14	18	18	10	15	11	10	18	11	12	10	12	13	12	12	15	18	10	13	13	16	16	13	17	11	10	18	16	17	12	16	16	11	13	17	11	12	20	16	15	12	16	20	14	14	18	12	11	12	12	15	14	14	20	11	17	10	19	20	12	14	13	19	16	20	15	14	11	20	15	10	20	10	20	13	12	17	13	11	20	14	18	13	15	16	16	20	14	13	19	14	13	10	20	10	13	15	18	19	13	20	11	13	13	12	14	14	10	16	13	13	17	12	11	18	14	14	17	11	18	13	20	20	19	10	20	18	14	12	17	15	17	12	18	14	13	18	15	17	17	10	20	16	19	13	11	20	14	12	17	19	17	10	18	17	11	16	12	13	16	11	11	14	19	12	10	18	20	14	15	10	10	11	18	17	14	14	13	15	13	15	20	19	16	17	11	12	12	10	18	13	16	14	16	15	19	13	18	14	14	16	12	12	12	16	16	15	10	10	10	20	20	14	16	13	15	13	18	20	17	19	11	10	20	13	10	15	10	18	16	17	20	15	12	13	14	20	19	16	11	20	17	18	16	16	17	12	18	12	14	19	11	16	14	17	20	14	13	
1	1	1	1	1	1	1	1	1	1	1	1	1	1	1	1	1	1	1	1	1	1	2	2	2	2	2	2	2	2	2	2	2	2	2	2	2	2	2	2	2	2	2	2	2	2	2	2	2	2	2	2	2	2	3	3	3	3	3	3	3	3	3	3	3	3	3	3	3	3	3	3	3	3	3	3	3	3	3	3	3	3	3	3	4	4	4	4	4	4	4	4	4	4	4	4	4	4	4	4	4	4	4	4	4	4	4	4	4	4	4	5	5	5	5	5	5	5	5	5	5	5	5	5	5	5	5	5	5	5	5	5	5	5	5	5	5	5	5	5	5	5	5	6	6	6	6	6	6	6	6	6	6	6	6	6	6	6	6	6	6	6	6	6	7	7	7	7	7	7	7	7	7	7	7	7	7	7	7	7	7	7	7	7	7	7	7	7	7	7	7	7	7	7	7	7	7	7	7	7	7	7	7	7	8	8	8	8	8	8	8	8	8	8	8	8	8	8	8	8	8	8	8	8	8	8	8	8	8	8	8	8	9	9	9	9	9	9	9	9	9	9	9	9	9	9	9	9	9	9	9	9	9	9	9	9	9	9	9	9	9	9	9	9	10	10	10	10	10	10	10	10	10	10	10	10	10	10	10	10	10	10	10	10	10	10	10	10	10	10	10	10	10	10	10	10	10	10	10	10	
