100
30	8
53	15.4
31	30	27	31	29	26	31	31	31	29	29	30	29	28	29	27	28	29	26	28	26	27	26	31	29	27	26	28	31	29	27	29	27	27	26	29	30	31	30	28	31	30	26	31	26	28	31	30	26	29	28	26	30	31	28	28	27	31	31	30	26	28	30	26	30	27	26	27	30	31	30	29	28	29	31	31	27	27	31	29	30	29	30	28	31	26	31	31	26	29	29	29	26	29	28	31	30	30	30	26	
90	89	92	78	77	88	88	86	90	89	90	84	79	76	93	79	94	93	79	85	93	89	76	82	89	93	80	91	89	80	91	84	94	94	82	87	79	82	77	80	88	90	91	87	79	86	93	88	79	88	86	81	82	90	87	90	87	93	77	93	82	84	77	91	79	81	76	93	80	90	87	92	82	86	86	89	91	92	83	91	89	81	80	88	91	81	76	94	80	93	87	77	80	90	79	86	85	90	85	87	
25.3	26.4	15.4	27.5	28.6	27.5	23.1	31.9	23.1	15.4	23.1	15.4	30.8	25.3	29.7	13.2	17.6	24.2	14.3	29.7	19.8	30.8	11	30.8	13.2	26.4	16.5	17.6	27.5	16.5	23.1	23.1	25.3	24.2	14.3	14.3	27.5	30.8	15.4	12.1	12.1	24.2	26.4	28.6	15.4	19.8	13.2	23.1	26.4	18.7	24.2	13.2	14.3	26.4	22	26.4	24.2	23.1	17.6	31.9	14.3	23.1	27.5	17.6	14.3	24.2	11	18.7	19.8	28.6	13.2	19.8	28.6	20.9	12.1	17.6	25.3	16.5	13.2	22	25.3	26.4	30.8	23.1	24.2	26.4	14.3	23.1	20.9	11	23.1	30.8	17.6	29.7	23.1	18.7	23.1	26.4	29.7	19.8	
17.6	12.1	29.7	20.9	23.1	28.6	27.5	18.7	27.5	23.1	12.1	17.6	28.6	24.2	30.8	18.7	18.7	18.7	25.3	17.6	12.1	31.9	11	17.6	26.4	33	16.5	24.2	25.3	22	13.2	33	28.6	15.4	18.7	23.1	18.7	16.5	31.9	16.5	13.2	28.6	27.5	30.8	23.1	33	14.3	29.7	12.1	30.8	26.4	27.5	14.3	23.1	11	19.8	27.5	17.6	15.4	26.4	17.6	16.5	29.7	15.4	30.8	20.9	24.2	24.2	13.2	18.7	12.1	14.3	27.5	19.8	24.2	23.1	33	19.8	28.6	14.3	14.3	31.9	13.2	23.1	29.7	29.7	26.4	18.7	18.7	25.3	22	31.9	28.6	24.2	24.2	26.4	22	18.7	30.8	23.1	
23.1	31.9	26.4	29.7	31.9	18.7	26.4	19.8	27.5	15.4	25.3	26.4	29.7	12.1	14.3	29.7	28.6	20.9	20.9	12.1	14.3	22	27.5	27.5	25.3	13.2	17.6	28.6	15.4	17.6	
15	12	10	11	11	12	16	15	18	11	17	16	13	13	13	14	19	19	19	15	10	20	12	20	18	10	17	12	14	12	13	11	10	19	14	19	16	16	20	12	20	20	17	15	19	16	16	12	11	10	16	13	12	19	20	14	10	15	10	17	17	10	19	14	19	18	17	11	12	15	10	15	13	20	13	12	20	13	15	20	12	14	15	16	15	14	11	10	18	20	11	19	13	12	17	18	13	16	17	10	
1	1	1	2	2	2	2	2	2	2	3	3	3	3	4	4	4	4	4	4	5	5	5	6	6	6	7	7	7	7	7	8	8	8	8	9	9	9	9	10	11	12	12	12	13	13	13	15	15	16	16	17	18	18	18	18	18	19	19	19	19	19	20	20	20	21	22	22	22	22	22	22	22	23	23	23	23	23	23	24	24	24	25	25	25	26	26	26	26	27	27	27	28	28	28	29	29	29	30	30	
