400
30	6
209	33
31	30	30	28	29	30	31	28	28	26	26	27	31	27	26	29	27	30	29	29	31	31	28	29	27	31	30	26	26	29	27	27	30	27	31	28	29	31	26	27	26	28	30	29	30	27	28	30	30	31	30	27	27	28	31	30	29	26	26	30	31	28	30	29	28	27	26	27	30	28	28	28	29	31	30	29	26	27	27	27	30	26	31	31	28	27	26	29	31	29	29	30	28	27	26	29	30	28	26	29	31	31	26	27	28	31	31	29	30	30	26	31	31	30	31	30	30	31	29	31	29	31	26	31	28	30	29	27	27	28	29	26	26	28	27	26	30	27	29	28	26	29	26	30	28	30	30	31	29	29	30	27	29	28	31	29	27	26	30	31	29	30	29	30	30	28	27	26	27	28	26	28	27	28	28	28	30	29	26	29	28	30	29	31	26	28	31	31	29	26	26	29	30	27	26	27	29	26	29	26	27	31	27	26	28	27	27	28	27	30	26	28	29	26	28	28	31	27	30	30	29	27	27	29	31	28	26	26	28	30	29	29	30	28	27	28	29	29	27	30	27	31	27	30	28	30	31	31	31	30	31	26	28	30	30	29	26	28	28	28	29	30	26	29	26	28	27	27	27	30	28	28	31	30	26	30	26	28	29	28	29	29	31	29	27	26	26	29	27	27	28	29	27	30	29	30	26	30	30	31	31	28	30	31	26	30	26	26	29	31	27	30	29	27	26	29	31	26	31	26	26	29	26	29	27	31	29	29	29	26	27	29	26	30	29	28	27	30	28	26	29	27	31	27	27	28	29	29	27	29	29	27	29	31	27	31	26	29	28	30	29	29	30	27	26	29	26	26	28	31	27	27	26	31	31	27	27	30	30	28	29	31	30	29	31	26	27	26	28	29	29	30	30	26	31	30	28	29	29	31	
84	91	79	89	78	83	93	76	82	92	86	80	82	88	76	78	79	77	92	94	85	87	88	76	76	94	86	93	91	81	85	93	76	87	79	89	91	85	91	92	79	90	85	92	92	87	78	81	76	87	80	92	89	76	82	93	79	87	94	86	83	83	79	84	91	89	80	94	80	86	77	80	82	92	88	90	78	77	91	85	91	80	86	93	84	89	81	78	85	82	84	78	84	93	81	77	94	84	89	93	87	83	92	91	79	93	88	94	80	84	85	89	90	81	85	80	86	93	81	94	91	91	94	84	84	84	88	86	89	80	85	86	78	80	94	79	87	87	86	86	90	79	94	83	83	79	83	90	94	83	79	78	84	92	94	85	80	87	84	81	85	90	78	87	78	90	77	80	86	77	92	88	89	91	85	89	91	89	83	85	79	76	78	92	89	80	78	79	94	85	92	94	84	76	77	80	81	80	89	79	83	86	80	88	88	78	92	92	92	93	91	83	81	90	89	86	83	92	85	78	86	84	78	80	87	91	82	82	79	80	89	78	76	88	76	91	80	94	80	77	86	87	89	94	85	89	86	93	93	84	94	78	94	92	88	90	78	87	79	89	81	76	93	87	80	80	92	83	92	90	84	78	81	87	92	84	90	82	89	93	79	82	92	79	79	86	85	82	90	90	89	87	87	80	81	79	81	83	81	81	94	79	88	91	87	82	89	82	91	80	82	81	84	83	80	86	94	92	77	78	81	85	76	85	80	93	82	84	87	92	81	88	89	82	92	89	88	85	87	80	94	81	90	76	77	78	82	78	83	83	83	76	79	91	94	91	83	91	83	79	90	80	91	93	81	90	94	87	81	91	82	93	81	90	77	81	92	90	94	83	93	79	81	80	89	77	90	86	89	94	79	76	78	88	89	88	94	90	93	81	
26.4	18.7	18.7	11	26.4	19.8	17.6	18.7	29.7	12.1	27.5	12.1	17.6	29.7	14.3	29.7	20.9	18.7	28.6	30.8	15.4	11	26.4	31.9	20.9	24.2	17.6	12.1	13.2	17.6	16.5	15.4	12.1	23.1	29.7	33	24.2	28.6	17.6	28.6	31.9	14.3	30.8	11	16.5	30.8	24.2	20.9	11	15.4	29.7	27.5	26.4	26.4	15.4	17.6	22	11	33	24.2	19.8	18.7	19.8	19.8	19.8	15.4	31.9	16.5	31.9	15.4	23.1	30.8	12.1	24.2	23.1	16.5	30.8	18.7	31.9	15.4	25.3	12.1	14.3	22	23.1	33	29.7	22	17.6	27.5	19.8	18.7	15.4	11	11	15.4	11	26.4	14.3	28.6	33	17.6	28.6	16.5	25.3	14.3	25.3	11	24.2	15.4	27.5	33	30.8	26.4	16.5	14.3	18.7	22	22	15.4	25.3	12.1	28.6	33	11	18.7	16.5	28.6	12.1	27.5	12.1	27.5	13.2	18.7	26.4	29.7	23.1	23.1	25.3	30.8	23.1	17.6	12.1	28.6	33	11	27.5	25.3	13.2	18.7	27.5	18.7	29.7	16.5	19.8	11	22	30.8	22	20.9	13.2	30.8	25.3	14.3	19.8	13.2	20.9	18.7	15.4	18.7	29.7	15.4	12.1	28.6	15.4	26.4	31.9	19.8	18.7	13.2	12.1	33	28.6	23.1	26.4	28.6	27.5	12.1	22	28.6	28.6	33	24.2	31.9	24.2	30.8	19.8	29.7	15.4	19.8	11	22	13.2	30.8	26.4	23.1	28.6	29.7	20.9	12.1	13.2	33	22	14.3	18.7	19.8	12.1	31.9	19.8	16.5	22	33	11	26.4	27.5	17.6	20.9	29.7	15.4	30.8	33	22	22	18.7	17.6	14.3	17.6	22	12.1	11	19.8	18.7	13.2	14.3	16.5	18.7	18.7	18.7	25.3	26.4	28.6	33	16.5	24.2	12.1	15.4	20.9	20.9	11	29.7	31.9	11	19.8	24.2	23.1	28.6	12.1	20.9	15.4	23.1	27.5	22	30.8	14.3	17.6	25.3	15.4	31.9	27.5	28.6	13.2	12.1	20.9	31.9	11	30.8	31.9	31.9	23.1	31.9	16.5	22	16.5	14.3	27.5	24.2	27.5	12.1	28.6	16.5	30.8	16.5	28.6	14.3	16.5	18.7	18.7	11	30.8	16.5	24.2	22	29.7	26.4	19.8	17.6	23.1	31.9	15.4	27.5	17.6	20.9	33	17.6	25.3	20.9	11	14.3	23.1	24.2	19.8	33	29.7	22	19.8	33	33	28.6	26.4	29.7	26.4	13.2	28.6	13.2	18.7	14.3	22	30.8	33	13.2	17.6	30.8	31.9	14.3	33	31.9	22	23.1	12.1	29.7	11	33	14.3	22	12.1	25.3	27.5	17.6	30.8	29.7	15.4	30.8	29.7	11	24.2	16.5	27.5	19.8	20.9	19.8	12.1	13.2	22	33	27.5	13.2	16.5	30.8	14.3	13.2	20.9	33	23.1	31.9	23.1	31.9	31.9	31.9	27.5	14.3	
22	13.2	12.1	33	31.9	28.6	11	33	27.5	20.9	31.9	29.7	33	19.8	20.9	24.2	13.2	15.4	27.5	22	33	28.6	12.1	18.7	31.9	33	11	29.7	12.1	22	23.1	24.2	17.6	15.4	28.6	23.1	28.6	17.6	25.3	11	26.4	25.3	14.3	12.1	19.8	19.8	26.4	15.4	18.7	18.7	25.3	33	14.3	23.1	16.5	29.7	17.6	30.8	22	25.3	14.3	19.8	30.8	24.2	30.8	17.6	25.3	23.1	22	26.4	28.6	33	13.2	19.8	26.4	33	26.4	12.1	18.7	15.4	12.1	33	26.4	15.4	27.5	12.1	27.5	19.8	11	26.4	29.7	18.7	18.7	31.9	17.6	28.6	24.2	28.6	22	23.1	30.8	15.4	29.7	19.8	27.5	31.9	18.7	25.3	12.1	16.5	17.6	33	18.7	24.2	18.7	18.7	28.6	18.7	11	27.5	33	22	30.8	22	22	29.7	27.5	33	26.4	18.7	16.5	25.3	14.3	29.7	30.8	31.9	14.3	24.2	22	23.1	29.7	28.6	13.2	12.1	20.9	23.1	11	26.4	33	24.2	13.2	17.6	12.1	11	18.7	11	14.3	16.5	16.5	19.8	26.4	26.4	28.6	19.8	13.2	16.5	31.9	29.7	11	31.9	11	19.8	16.5	29.7	30.8	33	30.8	25.3	15.4	24.2	28.6	14.3	26.4	23.1	23.1	29.7	26.4	27.5	12.1	13.2	17.6	13.2	22	17.6	22	17.6	25.3	33	16.5	31.9	13.2	23.1	27.5	13.2	28.6	20.9	13.2	24.2	19.8	33	11	28.6	22	24.2	30.8	20.9	14.3	29.7	30.8	17.6	20.9	14.3	33	23.1	16.5	13.2	20.9	33	22	24.2	30.8	24.2	25.3	31.9	15.4	11	17.6	33	29.7	33	12.1	31.9	17.6	18.7	30.8	20.9	11	29.7	23.1	18.7	30.8	12.1	13.2	26.4	29.7	26.4	18.7	22	22	16.5	12.1	15.4	31.9	17.6	25.3	33	22	19.8	23.1	19.8	31.9	20.9	16.5	11	20.9	23.1	20.9	15.4	13.2	28.6	27.5	31.9	33	18.7	28.6	30.8	26.4	18.7	19.8	28.6	11	23.1	24.2	28.6	23.1	33	33	28.6	23.1	31.9	12.1	19.8	19.8	24.2	18.7	33	24.2	31.9	25.3	19.8	27.5	13.2	26.4	31.9	24.2	26.4	30.8	33	24.2	22	18.7	23.1	24.2	28.6	18.7	12.1	28.6	27.5	19.8	18.7	13.2	26.4	17.6	23.1	14.3	26.4	20.9	24.2	15.4	11	12.1	23.1	25.3	27.5	14.3	16.5	33	29.7	12.1	12.1	30.8	31.9	30.8	33	25.3	27.5	22	27.5	31.9	15.4	25.3	33	17.6	19.8	29.7	33	28.6	23.1	22	25.3	12.1	23.1	30.8	27.5	30.8	19.8	16.5	17.6	14.3	33	27.5	30.8	14.3	31.9	22	17.6	30.8	15.4	33	12.1	31.9	29.7	20.9	26.4	14.3	20.9	19.8	20.9	22	17.6	
33	24.2	12.1	19.8	17.6	30.8	14.3	25.3	13.2	18.7	13.2	24.2	24.2	16.5	22	18.7	14.3	30.8	33	22	31.9	18.7	30.8	24.2	27.5	27.5	19.8	17.6	20.9	23.1	
18	14	17	11	12	14	14	18	13	13	11	15	13	15	18	17	10	19	19	10	20	10	20	15	17	10	19	17	17	14	18	15	11	16	18	10	17	13	11	14	13	10	18	10	19	13	19	20	17	14	16	16	16	15	16	13	14	20	10	20	16	11	19	12	18	18	18	17	15	18	20	14	16	17	17	18	17	10	18	10	15	20	17	20	16	12	19	15	16	18	17	16	18	16	10	12	11	10	19	19	11	16	12	18	18	13	15	12	11	17	15	16	20	16	20	14	16	20	17	14	14	18	11	15	16	19	11	18	12	17	14	19	13	19	15	14	11	18	11	20	15	11	10	16	20	20	19	18	15	15	16	11	13	10	20	16	19	14	17	14	20	12	13	13	11	14	14	14	14	20	10	13	20	12	19	13	14	12	18	15	17	14	14	11	14	13	14	19	14	19	19	19	10	10	19	19	17	11	18	15	11	17	18	14	12	10	16	13	10	19	13	20	17	11	14	14	17	20	15	14	16	19	16	10	19	11	18	19	10	11	12	18	12	17	17	17	18	14	14	10	13	19	12	19	16	13	17	12	16	18	15	19	13	19	11	17	10	15	18	13	16	14	19	18	13	13	19	10	16	15	16	17	12	16	15	20	11	10	11	15	15	13	16	20	18	16	16	16	16	17	13	12	15	15	18	18	19	18	17	14	20	17	15	17	19	17	10	18	17	14	15	17	20	12	12	11	13	20	13	15	10	13	13	10	15	11	17	11	17	18	10	19	16	14	16	11	16	16	11	12	14	14	13	14	17	10	15	20	16	10	15	14	16	17	15	12	15	10	12	11	18	20	19	15	17	13	13	14	13	19	14	11	20	13	10	17	11	10	12	14	20	15	14	19	18	10	14	14	16	15	10	10	14	15	16	16	14	18	20	11	
1	1	1	1	1	1	1	2	2	2	2	2	2	2	2	2	2	2	3	3	3	3	3	3	3	3	3	3	3	3	3	3	3	3	3	4	4	4	4	4	4	4	4	4	4	4	4	4	5	5	5	5	5	5	5	5	5	5	5	5	6	6	6	6	6	6	6	6	6	6	6	6	6	6	6	6	6	7	7	7	7	7	7	7	7	7	7	7	7	7	7	7	8	8	8	8	8	8	8	8	8	8	8	8	8	8	8	8	8	9	9	9	9	9	9	9	9	9	10	10	10	10	10	10	10	10	10	10	10	10	10	10	10	11	11	11	11	11	11	11	11	11	11	11	11	11	11	11	11	11	11	11	11	11	11	11	12	12	12	12	12	12	12	12	12	12	12	13	13	13	13	13	13	13	13	13	13	13	13	13	13	13	14	14	14	14	14	14	14	14	14	14	14	14	14	14	14	15	15	15	15	15	15	15	15	15	15	15	15	15	15	15	15	16	16	16	16	16	16	16	16	16	16	16	16	16	16	16	16	16	16	16	17	17	17	17	17	17	17	17	17	17	17	17	17	17	18	18	18	18	18	18	18	19	19	19	19	19	19	19	19	19	19	19	19	19	20	20	20	20	20	20	20	20	20	20	20	20	20	20	21	21	21	21	21	21	21	21	21	21	21	21	21	21	21	21	22	22	22	22	22	22	22	22	22	22	22	22	22	22	22	22	23	23	23	23	23	23	23	23	23	23	23	24	24	24	24	24	24	24	24	24	24	25	25	25	25	25	25	25	25	25	25	25	25	26	26	26	26	26	26	26	26	26	26	26	26	26	27	27	27	27	27	27	27	27	27	28	28	28	28	28	28	28	28	29	29	29	29	29	29	29	29	29	29	29	29	29	29	30	30	30	30	30	30	30	30	30	30	30	
