500
30	3
281	15.4
28	27	27	30	26	28	26	29	30	26	29	27	26	31	26	31	31	26	31	30	31	27	30	28	31	29	28	29	26	28	27	31	27	26	29	30	31	26	28	31	28	26	27	30	27	28	31	30	28	28	31	31	31	31	30	30	28	27	31	27	26	30	31	30	27	29	27	27	30	30	31	26	29	26	26	31	28	28	28	27	29	30	28	31	31	28	28	31	31	26	27	29	29	30	29	26	26	30	30	28	27	27	30	29	28	29	31	28	27	30	27	28	27	30	28	30	30	27	29	31	30	30	30	30	30	30	28	26	28	26	28	31	26	27	29	29	26	30	26	27	27	27	31	29	31	28	31	30	28	28	27	28	30	27	28	26	30	27	27	31	28	28	27	29	30	29	30	30	31	31	31	27	28	28	31	30	31	29	27	28	31	26	29	27	30	26	27	30	31	29	28	29	31	31	29	26	31	27	26	29	28	26	31	30	26	28	31	28	28	30	29	29	30	26	31	26	28	28	30	29	30	31	28	29	26	31	29	27	27	27	26	31	26	27	31	30	29	27	28	30	30	29	26	31	26	27	28	30	31	27	26	27	31	29	30	29	31	29	26	27	27	28	26	31	28	31	30	27	27	30	27	26	27	27	28	26	27	27	27	30	28	28	28	29	27	27	29	28	27	30	31	27	29	27	27	30	28	27	29	27	29	31	29	28	29	31	26	26	29	27	28	31	27	26	29	26	30	29	26	29	30	28	29	29	30	30	29	28	27	31	30	26	26	31	31	28	29	30	31	27	31	30	26	26	29	27	30	26	30	27	30	29	28	30	29	27	31	30	31	30	27	31	27	26	31	27	31	27	29	31	26	28	28	28	29	28	26	28	29	31	28	28	27	31	29	30	29	31	27	28	29	26	30	31	29	29	31	27	27	26	29	31	30	30	26	27	29	28	29	28	29	30	28	29	27	26	26	28	26	26	29	29	30	31	26	31	29	30	28	28	31	26	30	29	27	27	26	30	28	27	26	31	31	27	27	30	27	31	28	31	30	26	26	28	28	30	29	30	30	31	29	31	28	29	27	30	31	30	26	31	26	27	28	28	26	30	26	29	28	29	28	30	29	30	31	28	28	26	28	31	29	29	26	31	28	26	31	31	27	30	
79	82	81	79	82	77	93	80	81	78	89	94	89	93	83	80	91	81	90	77	81	88	79	94	81	94	77	89	83	94	78	92	91	78	86	77	78	90	76	86	91	82	85	82	86	80	87	77	93	93	91	82	93	85	85	85	85	88	91	87	93	78	78	82	81	76	88	91	94	78	92	84	80	87	82	76	88	94	78	90	77	91	76	78	78	79	88	78	90	81	82	82	90	89	80	79	85	83	94	80	94	76	91	82	88	77	84	90	76	85	81	82	88	86	84	83	94	84	94	85	88	76	79	78	86	82	87	84	86	92	78	93	92	86	94	83	77	92	91	89	78	91	84	78	88	86	80	94	93	90	91	78	80	94	81	92	81	81	93	87	77	79	80	84	78	78	82	79	86	93	85	83	80	78	77	90	80	78	87	87	78	94	88	86	94	83	80	91	91	78	87	93	81	89	80	86	88	79	91	78	88	93	89	88	87	78	78	88	83	88	81	87	91	78	92	82	77	92	82	94	86	81	92	92	76	89	83	81	82	78	83	90	81	89	77	91	80	80	79	78	86	82	78	88	82	82	87	81	94	87	76	77	80	80	76	84	85	89	94	86	78	93	81	89	85	94	94	83	79	89	87	81	80	85	77	88	90	86	77	85	82	84	83	92	88	77	94	81	84	81	79	77	81	83	83	89	91	80	90	86	86	83	91	94	92	84	87	78	85	90	79	87	90	88	86	78	94	76	93	87	82	88	94	84	78	76	94	94	88	83	92	87	83	83	91	91	86	88	83	94	89	88	76	94	94	85	80	92	77	86	78	80	90	89	89	86	78	76	94	93	90	91	82	83	85	88	87	77	87	77	94	78	83	94	80	81	93	90	88	87	78	80	85	82	91	88	92	76	77	94	77	87	81	81	90	91	85	89	83	87	88	91	91	81	94	81	91	76	90	87	78	76	93	89	83	83	90	91	88	90	80	94	77	77	87	86	84	81	76	84	77	84	76	90	84	83	83	80	88	89	94	82	84	78	81	90	78	87	83	80	92	84	90	86	87	84	84	92	88	92	80	89	77	80	77	78	86	79	80	83	89	93	81	89	83	80	86	77	89	88	89	91	88	76	78	83	91	78	77	82	89	77	89	78	83	91	84	82	78	82	
16.5	26.4	26.4	17.6	23.1	20.9	17.6	17.6	19.8	11	29.7	16.5	27.5	23.1	33	12.1	11	33	23.1	33	20.9	27.5	15.4	33	17.6	11	13.2	20.9	27.5	14.3	27.5	33	14.3	15.4	33	29.7	25.3	27.5	16.5	17.6	33	23.1	13.2	29.7	27.5	25.3	30.8	15.4	11	17.6	31.9	20.9	13.2	14.3	13.2	26.4	29.7	17.6	17.6	13.2	15.4	27.5	26.4	30.8	26.4	14.3	11	16.5	25.3	22	14.3	28.6	26.4	17.6	25.3	13.2	14.3	14.3	14.3	29.7	24.2	33	11	26.4	22	23.1	31.9	11	23.1	13.2	20.9	30.8	22	12.1	15.4	25.3	33	24.2	16.5	16.5	27.5	17.6	27.5	23.1	16.5	11	31.9	22	20.9	19.8	27.5	33	25.3	25.3	25.3	18.7	24.2	12.1	16.5	16.5	15.4	30.8	23.1	15.4	17.6	18.7	33	12.1	17.6	27.5	24.2	27.5	16.5	30.8	15.4	18.7	25.3	24.2	23.1	23.1	18.7	12.1	15.4	29.7	23.1	28.6	11	33	17.6	31.9	22	11	29.7	33	27.5	26.4	18.7	31.9	25.3	25.3	16.5	24.2	25.3	13.2	31.9	18.7	31.9	31.9	23.1	19.8	29.7	29.7	13.2	17.6	33	30.8	27.5	24.2	22	19.8	17.6	31.9	31.9	11	15.4	22	18.7	19.8	14.3	12.1	17.6	22	15.4	23.1	15.4	11	14.3	28.6	24.2	25.3	14.3	17.6	29.7	22	25.3	31.9	23.1	31.9	13.2	30.8	13.2	16.5	29.7	19.8	26.4	24.2	13.2	15.4	23.1	20.9	13.2	13.2	12.1	33	20.9	13.2	25.3	20.9	20.9	18.7	33	29.7	16.5	31.9	27.5	27.5	27.5	20.9	24.2	15.4	26.4	33	19.8	15.4	20.9	30.8	16.5	16.5	22	17.6	27.5	30.8	30.8	23.1	28.6	11	13.2	20.9	14.3	17.6	11	19.8	24.2	14.3	30.8	16.5	12.1	25.3	11	27.5	31.9	15.4	17.6	26.4	26.4	26.4	30.8	28.6	22	31.9	15.4	11	15.4	11	14.3	16.5	17.6	12.1	28.6	15.4	20.9	33	27.5	24.2	13.2	17.6	25.3	31.9	13.2	29.7	23.1	14.3	11	14.3	30.8	15.4	27.5	28.6	14.3	15.4	29.7	30.8	24.2	24.2	23.1	30.8	20.9	14.3	17.6	18.7	17.6	14.3	15.4	24.2	12.1	33	26.4	27.5	33	15.4	17.6	22	19.8	28.6	31.9	20.9	13.2	31.9	12.1	30.8	31.9	19.8	11	11	12.1	31.9	26.4	12.1	16.5	26.4	13.2	30.8	25.3	28.6	30.8	22	12.1	30.8	25.3	17.6	12.1	11	30.8	11	29.7	17.6	18.7	28.6	12.1	30.8	31.9	29.7	31.9	12.1	24.2	17.6	31.9	16.5	16.5	30.8	25.3	18.7	12.1	25.3	14.3	24.2	26.4	15.4	14.3	19.8	13.2	15.4	17.6	19.8	22	14.3	17.6	25.3	30.8	28.6	17.6	25.3	11	33	30.8	14.3	27.5	25.3	16.5	33	14.3	25.3	30.8	23.1	28.6	22	31.9	15.4	19.8	15.4	31.9	13.2	12.1	23.1	28.6	27.5	18.7	12.1	26.4	18.7	15.4	29.7	16.5	17.6	27.5	17.6	26.4	16.5	12.1	17.6	14.3	12.1	31.9	33	22	17.6	13.2	33	20.9	29.7	25.3	14.3	22	22	13.2	15.4	13.2	31.9	28.6	16.5	30.8	29.7	12.1	19.8	18.7	31.9	23.1	13.2	12.1	25.3	28.6	24.2	26.4	29.7	33	18.7	14.3	20.9	30.8	27.5	16.5	27.5	26.4	11	27.5	18.7	25.3	20.9	29.7	17.6	16.5	23.1	11	15.4	12.1	18.7	26.4	15.4	16.5	31.9	
15.4	17.6	20.9	13.2	26.4	20.9	11	18.7	25.3	24.2	30.8	15.4	29.7	25.3	25.3	18.7	25.3	31.9	31.9	11	12.1	20.9	20.9	31.9	33	31.9	23.1	16.5	18.7	31.9	22	27.5	19.8	19.8	20.9	28.6	30.8	22	19.8	19.8	17.6	12.1	16.5	29.7	18.7	12.1	16.5	15.4	29.7	18.7	19.8	25.3	16.5	20.9	28.6	12.1	11	15.4	33	13.2	26.4	11	30.8	29.7	12.1	26.4	18.7	11	33	24.2	11	13.2	25.3	27.5	16.5	16.5	15.4	17.6	31.9	31.9	17.6	27.5	11	23.1	27.5	12.1	17.6	18.7	11	13.2	27.5	15.4	24.2	23.1	14.3	26.4	13.2	31.9	29.7	15.4	31.9	15.4	18.7	27.5	14.3	14.3	24.2	27.5	26.4	15.4	27.5	15.4	31.9	15.4	28.6	16.5	16.5	13.2	15.4	24.2	18.7	27.5	33	20.9	13.2	31.9	27.5	13.2	31.9	26.4	14.3	14.3	18.7	24.2	24.2	26.4	33	33	11	24.2	24.2	20.9	31.9	11	31.9	28.6	30.8	25.3	31.9	16.5	16.5	12.1	30.8	16.5	29.7	22	19.8	18.7	12.1	30.8	17.6	29.7	16.5	12.1	27.5	30.8	12.1	20.9	31.9	11	28.6	22	29.7	19.8	19.8	13.2	11	30.8	26.4	29.7	33	15.4	28.6	31.9	11	11	16.5	25.3	15.4	20.9	13.2	23.1	12.1	25.3	19.8	27.5	12.1	28.6	29.7	31.9	22	11	15.4	27.5	28.6	18.7	14.3	29.7	28.6	11	23.1	29.7	29.7	13.2	28.6	20.9	17.6	20.9	25.3	26.4	19.8	15.4	15.4	16.5	20.9	33	18.7	31.9	18.7	13.2	15.4	22	12.1	33	15.4	12.1	13.2	31.9	31.9	25.3	33	30.8	16.5	18.7	20.9	15.4	26.4	29.7	31.9	12.1	28.6	22	24.2	29.7	16.5	15.4	25.3	20.9	15.4	19.8	16.5	27.5	29.7	31.9	15.4	26.4	26.4	19.8	18.7	15.4	11	18.7	13.2	12.1	29.7	31.9	16.5	24.2	28.6	14.3	23.1	23.1	26.4	24.2	16.5	24.2	20.9	12.1	31.9	15.4	28.6	12.1	26.4	27.5	31.9	27.5	23.1	11	17.6	29.7	26.4	18.7	22	29.7	19.8	11	12.1	19.8	25.3	13.2	19.8	15.4	30.8	13.2	22	13.2	13.2	15.4	18.7	23.1	17.6	19.8	23.1	25.3	14.3	19.8	31.9	30.8	19.8	23.1	27.5	19.8	23.1	19.8	28.6	22	30.8	30.8	11	26.4	19.8	31.9	14.3	11	33	24.2	12.1	25.3	13.2	26.4	24.2	20.9	12.1	14.3	33	26.4	27.5	29.7	19.8	11	24.2	20.9	31.9	30.8	19.8	33	30.8	11	23.1	20.9	14.3	30.8	19.8	20.9	33	33	33	11	16.5	16.5	22	17.6	20.9	12.1	29.7	22	25.3	27.5	11	25.3	22	11	11	30.8	11	22	18.7	26.4	28.6	27.5	19.8	19.8	25.3	24.2	23.1	12.1	33	24.2	15.4	27.5	13.2	22	23.1	16.5	29.7	24.2	15.4	26.4	13.2	27.5	15.4	17.6	17.6	13.2	29.7	12.1	33	12.1	20.9	20.9	15.4	16.5	23.1	26.4	22	26.4	24.2	28.6	14.3	16.5	17.6	30.8	12.1	26.4	16.5	29.7	27.5	15.4	14.3	16.5	20.9	26.4	27.5	22	24.2	18.7	13.2	14.3	18.7	31.9	24.2	26.4	16.5	15.4	13.2	22	20.9	11	30.8	17.6	25.3	12.1	17.6	13.2	23.1	23.1	18.7	12.1	31.9	30.8	15.4	22	13.2	18.7	13.2	12.1	20.9	20.9	29.7	22	26.4	15.4	19.8	23.1	24.2	12.1	25.3	25.3	18.7	26.4	
33	15.4	13.2	24.2	19.8	29.7	26.4	16.5	31.9	17.6	14.3	22	29.7	23.1	22	31.9	13.2	22	29.7	18.7	12.1	22	18.7	17.6	14.3	25.3	11	26.4	17.6	31.9	
17	13	15	13	11	19	19	15	14	12	20	11	16	11	16	12	18	19	16	14	17	13	11	17	12	19	17	10	20	12	18	15	17	18	17	13	14	16	10	11	18	19	20	16	18	11	11	10	17	11	15	15	12	16	11	11	18	17	11	19	15	13	17	18	14	19	18	12	14	16	18	20	15	10	18	18	17	16	11	18	11	20	15	16	12	19	10	16	10	17	15	17	11	17	18	16	19	10	10	18	20	14	11	14	19	20	14	16	16	19	16	11	17	18	13	20	14	17	15	12	10	18	18	11	17	18	18	19	13	18	12	18	20	16	10	15	18	18	18	16	10	18	20	19	19	19	10	15	11	12	18	17	20	14	11	16	11	12	20	14	19	20	15	16	11	18	17	14	16	11	17	16	12	20	10	18	12	16	16	15	10	20	17	17	15	17	17	16	14	16	20	17	20	17	12	11	11	20	18	19	15	10	13	18	12	16	10	17	20	16	19	20	10	17	19	13	15	14	13	14	19	10	10	18	10	11	11	13	14	12	15	14	13	14	10	16	19	17	20	18	10	14	10	18	11	19	15	16	13	17	20	14	13	19	19	18	19	16	14	11	16	12	11	17	11	10	19	15	18	12	20	15	15	16	16	15	17	20	13	14	10	15	18	14	17	19	20	20	10	12	17	10	14	13	19	14	16	15	10	15	18	17	12	13	13	11	18	19	17	14	13	18	16	19	20	20	10	12	20	18	11	12	20	10	19	15	20	19	12	11	19	12	11	19	14	11	11	11	14	12	14	17	18	10	20	13	15	18	17	13	12	20	19	13	10	13	13	19	11	19	14	17	15	18	15	20	14	11	12	19	20	14	10	12	14	19	14	11	13	12	12	19	12	18	12	12	15	11	12	16	13	19	13	13	10	18	12	19	14	16	10	15	16	15	16	13	15	17	20	19	19	12	19	13	15	14	20	20	10	11	11	19	12	11	19	11	12	18	17	13	14	16	16	19	20	18	12	15	15	16	18	18	10	17	13	10	13	19	17	18	16	14	14	17	17	12	20	10	12	11	20	20	20	14	18	19	16	12	19	18	20	20	13	16	20	15	12	15	20	15	20	10	12	15	11	10	19	14	14	18	15	16	18	19	18	19	14	15	20	18	
1	1	1	1	1	1	1	1	1	1	1	1	1	1	1	1	1	1	1	2	2	2	2	2	2	2	2	2	2	2	2	2	2	2	2	2	2	3	3	3	3	3	3	3	3	3	3	3	3	3	3	3	3	3	4	4	4	4	4	4	4	4	4	4	4	5	5	5	5	5	5	5	5	5	5	5	5	5	5	5	5	5	5	5	5	5	5	5	5	5	5	5	5	5	6	6	6	6	6	6	6	6	6	6	7	7	7	7	7	7	7	7	7	7	7	7	7	7	7	7	8	8	8	8	8	8	8	8	8	8	8	8	8	8	8	9	9	9	9	9	9	9	9	9	9	9	9	9	9	9	9	9	9	9	9	10	10	10	10	10	10	10	10	10	10	10	10	11	11	11	11	11	11	11	11	11	11	11	11	11	11	12	12	12	12	12	12	12	12	12	12	12	12	12	12	12	12	12	12	12	12	12	12	12	12	12	13	13	13	13	13	13	13	13	13	13	13	13	13	13	13	13	13	14	14	14	14	14	14	14	14	14	14	14	14	14	14	14	15	15	15	15	15	15	15	15	15	15	15	15	15	15	16	16	16	16	16	16	16	16	16	16	16	16	16	16	16	16	16	16	16	17	17	17	17	17	17	17	17	17	17	17	17	17	17	17	17	17	18	18	18	18	18	18	18	18	18	18	18	18	18	18	18	18	18	18	18	18	19	19	19	19	19	19	19	19	19	19	20	20	20	20	20	20	20	20	20	20	20	20	20	21	21	21	21	21	21	21	21	21	21	21	21	21	21	21	21	21	22	22	22	22	22	22	22	22	22	22	22	22	22	22	23	23	23	23	23	23	23	23	23	23	23	23	23	23	23	23	24	24	24	24	24	24	24	24	24	24	24	25	25	25	25	25	25	25	25	25	25	25	25	25	25	25	25	26	26	26	26	26	26	26	26	26	26	26	26	26	26	26	26	26	26	26	26	26	27	27	27	27	27	27	27	27	27	27	27	27	27	27	27	27	27	27	28	28	28	28	28	28	28	28	28	28	28	28	28	28	28	28	28	28	28	28	28	28	28	28	29	29	29	29	29	29	29	29	29	29	29	29	29	29	30	30	30	30	30	30	30	30	30	30	30	30	30	30	30	30	30	30	
