1000
30	3
521	31.9
28	27	31	31	31	30	27	28	28	27	28	29	30	26	30	28	31	30	26	26	28	27	28	29	28	28	26	28	30	27	26	29	27	30	26	27	30	26	28	30	26	29	27	27	28	31	28	30	30	28	27	28	27	31	26	27	27	29	30	29	29	31	31	27	30	27	30	31	29	30	31	29	30	28	31	28	28	31	29	26	26	29	27	31	29	30	29	26	31	29	27	31	27	30	29	27	27	29	28	30	26	26	31	27	26	31	26	31	30	31	29	27	27	30	28	26	31	27	31	28	31	27	28	30	26	28	29	28	29	30	31	28	27	27	27	27	28	30	31	28	28	31	28	26	30	29	27	26	26	29	27	27	26	30	27	30	26	28	28	27	31	26	26	26	30	31	27	27	30	31	28	27	29	30	26	29	27	27	30	27	27	28	27	28	30	30	28	29	26	27	28	30	29	30	29	29	27	26	31	28	28	27	27	26	30	26	28	29	30	31	31	26	27	30	30	31	31	28	29	29	28	29	29	29	31	26	31	30	28	31	31	28	26	28	29	28	27	31	30	26	29	31	31	27	31	28	28	27	29	26	31	26	30	28	31	27	29	26	29	27	27	28	27	26	27	28	29	27	28	31	31	27	27	27	26	30	27	28	29	26	27	26	31	28	30	27	26	29	31	26	28	30	28	31	31	30	27	26	30	30	29	31	28	31	26	28	29	31	27	30	31	26	27	28	30	27	28	28	31	29	28	30	30	26	31	28	31	27	31	29	28	27	28	26	26	29	26	30	31	28	28	28	27	27	31	29	31	31	29	26	31	29	30	26	30	27	27	28	30	27	29	30	31	29	26	27	30	31	27	30	29	29	31	26	31	31	28	27	26	30	31	31	26	31	26	27	28	29	28	27	26	30	29	27	26	27	29	30	31	31	30	31	28	27	28	27	27	31	28	31	28	30	28	31	30	29	26	26	30	28	27	29	31	29	27	28	30	26	31	27	30	29	28	26	27	28	29	31	27	28	28	31	30	30	28	30	31	30	31	26	27	29	26	28	26	29	27	27	31	30	28	29	30	30	28	30	26	31	29	28	31	30	28	30	28	27	29	27	29	31	29	31	29	26	30	26	30	29	29	28	27	31	28	29	27	26	30	28	27	27	30	29	27	28	30	26	30	27	28	27	30	27	27	31	29	27	30	31	30	26	31	30	27	28	30	30	27	28	26	31	28	29	27	31	30	28	28	31	30	31	31	27	28	31	28	30	26	26	26	31	29	31	28	28	26	31	30	27	26	27	29	31	26	30	28	27	26	29	31	26	31	29	26	28	26	27	30	31	26	26	31	29	27	29	28	29	27	31	27	28	29	26	30	31	28	31	31	27	26	30	30	27	30	29	28	29	28	29	26	30	27	30	30	29	30	30	30	28	31	27	26	28	28	31	26	31	29	29	30	27	29	28	30	28	28	30	27	29	29	26	28	31	27	26	31	27	28	29	27	29	31	30	27	29	28	29	31	29	31	31	27	26	30	29	27	26	26	27	31	29	30	30	29	27	31	31	29	31	30	27	30	31	26	30	30	30	29	30	30	26	26	29	28	30	26	27	28	30	30	28	27	29	27	28	26	31	30	31	29	26	27	30	27	26	30	27	31	27	28	31	27	29	29	31	30	28	29	27	29	28	28	27	30	28	30	31	29	30	27	29	27	26	27	29	26	31	27	27	26	27	27	28	31	28	28	28	26	28	27	28	28	30	29	28	28	26	27	28	26	28	30	29	29	29	28	30	29	28	26	31	29	31	28	27	30	28	28	28	26	29	26	30	30	27	31	29	26	28	26	29	31	30	30	28	29	31	27	30	31	27	28	29	28	29	28	28	29	30	27	27	28	26	29	26	26	26	30	29	26	27	27	27	30	31	27	27	26	26	28	30	27	28	26	26	29	26	30	31	27	31	27	30	27	30	30	27	29	29	26	30	28	31	28	29	29	28	28	28	30	31	30	28	26	29	26	29	27	30	28	29	30	29	30	31	28	30	26	26	31	28	30	31	27	26	27	27	27	29	26	29	30	30	31	26	27	27	31	30	29	27	29	31	26	28	29	26	29	28	29	29	31	31	26	27	28	28	29	31	31	27	28	29	30	30	29	26	26	31	27	26	29	31	28	30	29	28	28	27	29	26	27	26	30	26	26	28	27	26	27	26	29	26	26	30	30	29	29	30	26	29	28	26	29	26	31	28	30	26	29	28	28	26	31	31	30	29	26	26	31	31	31	31	26	30	30	30	28	31	27	29	
77	87	83	86	83	79	76	88	76	82	84	76	80	93	77	78	87	92	81	76	83	87	82	89	82	84	82	79	79	94	90	94	85	89	91	89	80	93	89	78	87	82	77	93	81	76	84	76	79	76	87	78	88	77	87	85	80	86	87	85	86	92	82	89	78	94	90	79	85	90	86	91	85	86	83	91	85	85	92	86	84	92	94	82	85	86	79	88	83	88	88	80	93	89	78	77	89	91	86	76	89	87	93	80	92	89	84	80	77	89	85	79	87	76	86	83	86	90	78	92	83	80	89	76	92	79	85	92	79	93	85	89	84	88	79	85	78	90	92	88	90	86	86	84	93	83	94	85	81	83	80	91	86	89	80	79	94	93	89	84	78	81	78	91	77	92	83	81	86	90	82	87	86	82	83	79	84	80	79	91	84	81	80	90	83	76	86	84	80	94	88	91	86	87	88	77	86	87	89	94	84	78	84	87	83	91	78	93	83	86	81	88	87	93	81	94	85	88	93	94	94	84	81	94	79	92	81	86	86	94	76	86	84	84	85	92	79	77	85	93	80	79	85	87	80	89	86	81	88	94	94	76	90	89	78	91	76	76	92	76	78	87	93	78	89	92	76	76	84	80	84	88	89	88	84	91	84	85	94	87	94	92	76	83	80	81	88	90	80	79	83	88	94	77	76	90	89	78	94	78	82	92	84	80	81	79	80	87	92	79	91	87	92	81	77	85	78	77	78	89	82	92	94	79	77	76	85	87	86	83	78	80	94	85	84	87	92	92	94	77	85	79	76	81	88	83	84	90	86	90	92	85	80	86	81	91	78	86	80	89	94	80	76	88	93	80	92	87	77	83	89	77	87	81	91	93	82	91	83	94	90	80	85	79	93	89	76	80	82	92	94	77	90	87	91	86	80	76	92	81	93	94	83	78	83	76	94	76	82	87	80	94	91	92	93	79	88	89	89	81	77	88	91	85	90	85	86	86	92	80	89	87	79	89	81	76	79	83	87	77	92	83	77	94	81	94	83	84	93	79	83	76	83	93	93	78	79	87	86	91	84	94	89	84	77	92	84	91	84	81	82	92	78	84	81	94	78	82	80	78	76	86	77	87	91	78	77	79	84	78	76	86	93	91	86	81	91	81	89	78	87	93	94	93	84	92	86	84	83	92	82	79	81	89	80	76	81	87	86	91	76	89	87	86	76	86	91	81	94	83	90	82	82	79	87	78	90	91	87	83	82	86	81	76	79	78	89	81	76	85	91	82	93	91	93	86	90	89	82	93	80	77	88	91	92	85	79	91	84	93	86	88	82	84	79	84	83	86	77	80	86	90	84	83	82	82	91	86	88	77	86	84	82	91	84	94	80	78	94	93	85	84	81	78	85	77	82	93	82	81	87	87	79	80	84	78	92	89	83	94	94	86	89	81	93	89	91	78	80	80	94	91	88	77	87	80	94	81	85	92	94	87	92	90	92	76	82	92	94	85	90	84	90	90	91	79	83	84	87	91	91	93	80	79	91	83	76	91	80	87	93	91	93	82	77	93	79	87	80	86	89	89	94	85	76	93	77	76	81	94	91	88	89	78	93	84	94	90	76	85	94	88	94	94	77	85	88	79	82	94	92	87	86	83	85	87	88	88	93	79	89	93	87	85	92	85	84	84	92	82	77	82	80	93	93	90	86	89	83	76	79	77	80	85	89	79	81	90	90	93	76	78	82	91	92	90	92	82	76	93	76	77	80	93	85	93	82	85	82	94	91	82	89	90	91	83	89	83	84	78	83	89	86	89	93	89	90	87	93	77	79	88	81	90	76	83	84	86	92	84	78	89	83	79	87	77	94	89	84	82	83	93	87	78	91	94	79	94	81	91	89	88	91	88	81	83	76	76	85	92	91	78	76	77	85	78	80	82	77	82	80	76	86	77	86	79	76	77	85	78	80	78	88	90	82	84	87	79	80	89	86	78	93	86	84	86	83	81	88	87	79	80	87	94	78	82	80	78	83	88	87	83	83	76	76	93	77	93	79	86	93	85	77	85	91	81	83	80	86	77	77	93	82	92	88	89	83	87	94	83	76	81	85	93	81	84	84	76	80	78	87	88	86	81	77	93	88	79	76	90	90	81	76	93	86	89	92	84	87	78	90	81	84	82	86	82	86	93	78	81	91	94	93	85	80	90	94	94	91	77	90	87	83	79	85	90	83	80	90	77	76	84	92	86	94	86	93	80	76	93	77	79	89	86	90	79	93	78	83	78	79	87	83	76	80	79	83	91	77	86	
18.7	13.2	27.5	20.9	16.5	25.3	33	23.1	25.3	25.3	33	33	22	16.5	18.7	16.5	11	30.8	24.2	11	24.2	33	28.6	13.2	29.7	24.2	11	16.5	13.2	33	25.3	14.3	30.8	24.2	28.6	23.1	19.8	17.6	17.6	11	33	16.5	24.2	23.1	29.7	31.9	12.1	31.9	14.3	12.1	26.4	22	23.1	30.8	28.6	29.7	15.4	25.3	16.5	30.8	14.3	19.8	27.5	27.5	30.8	25.3	11	14.3	28.6	29.7	18.7	31.9	16.5	33	13.2	23.1	33	25.3	31.9	20.9	18.7	23.1	25.3	19.8	13.2	27.5	16.5	29.7	12.1	11	22	26.4	27.5	31.9	24.2	15.4	13.2	13.2	17.6	26.4	26.4	22	26.4	11	14.3	30.8	15.4	11	12.1	17.6	29.7	19.8	26.4	23.1	20.9	23.1	25.3	28.6	14.3	19.8	30.8	14.3	13.2	14.3	13.2	23.1	20.9	14.3	16.5	26.4	14.3	23.1	23.1	29.7	12.1	30.8	26.4	26.4	20.9	27.5	18.7	27.5	29.7	27.5	30.8	19.8	33	26.4	28.6	33	30.8	24.2	14.3	28.6	20.9	17.6	15.4	31.9	20.9	23.1	33	13.2	25.3	24.2	25.3	19.8	29.7	25.3	18.7	17.6	28.6	15.4	14.3	24.2	12.1	31.9	11	23.1	24.2	28.6	13.2	30.8	33	13.2	25.3	31.9	31.9	24.2	29.7	18.7	18.7	14.3	19.8	23.1	14.3	23.1	16.5	24.2	33	27.5	16.5	29.7	17.6	14.3	26.4	20.9	23.1	24.2	22	24.2	17.6	19.8	25.3	24.2	24.2	18.7	29.7	17.6	18.7	31.9	12.1	22	22	26.4	11	25.3	17.6	18.7	28.6	33	19.8	16.5	15.4	26.4	28.6	15.4	13.2	11	25.3	20.9	30.8	27.5	26.4	26.4	27.5	29.7	33	14.3	13.2	14.3	30.8	29.7	31.9	24.2	29.7	29.7	16.5	22	19.8	18.7	31.9	14.3	19.8	20.9	13.2	20.9	28.6	26.4	28.6	15.4	13.2	30.8	12.1	16.5	25.3	19.8	23.1	29.7	23.1	12.1	19.8	28.6	15.4	27.5	30.8	23.1	25.3	20.9	22	12.1	17.6	13.2	14.3	33	11	18.7	16.5	16.5	12.1	23.1	14.3	24.2	24.2	25.3	17.6	27.5	28.6	19.8	11	25.3	29.7	12.1	18.7	28.6	31.9	30.8	27.5	24.2	23.1	13.2	30.8	28.6	14.3	20.9	18.7	11	27.5	33	25.3	31.9	15.4	29.7	29.7	24.2	25.3	16.5	20.9	30.8	31.9	29.7	26.4	28.6	15.4	28.6	23.1	30.8	18.7	12.1	25.3	20.9	22	29.7	19.8	22	17.6	12.1	33	19.8	23.1	14.3	19.8	28.6	13.2	12.1	11	25.3	29.7	16.5	20.9	26.4	26.4	33	25.3	24.2	14.3	27.5	22	33	22	18.7	30.8	14.3	20.9	27.5	11	25.3	12.1	20.9	17.6	19.8	17.6	13.2	16.5	14.3	18.7	17.6	18.7	33	20.9	26.4	15.4	11	31.9	25.3	29.7	11	33	19.8	16.5	25.3	27.5	23.1	17.6	23.1	27.5	27.5	31.9	15.4	14.3	19.8	33	24.2	11	12.1	24.2	30.8	17.6	27.5	33	22	31.9	27.5	28.6	28.6	33	14.3	29.7	20.9	26.4	19.8	18.7	26.4	13.2	16.5	33	27.5	31.9	33	16.5	13.2	15.4	29.7	33	29.7	33	15.4	18.7	14.3	26.4	23.1	22	15.4	13.2	13.2	12.1	17.6	13.2	22	22	14.3	16.5	17.6	29.7	19.8	13.2	31.9	13.2	25.3	24.2	23.1	15.4	15.4	22	14.3	22	17.6	17.6	27.5	28.6	31.9	27.5	33	30.8	13.2	18.7	29.7	25.3	31.9	28.6	15.4	17.6	12.1	26.4	30.8	31.9	14.3	23.1	24.2	29.7	23.1	12.1	23.1	14.3	13.2	25.3	30.8	20.9	33	19.8	15.4	23.1	24.2	13.2	16.5	12.1	29.7	19.8	27.5	27.5	12.1	28.6	19.8	11	29.7	22	23.1	12.1	25.3	25.3	27.5	18.7	28.6	15.4	20.9	20.9	30.8	24.2	16.5	16.5	12.1	14.3	18.7	26.4	20.9	12.1	17.6	26.4	25.3	31.9	29.7	15.4	17.6	17.6	18.7	25.3	18.7	13.2	15.4	28.6	33	33	25.3	15.4	11	31.9	29.7	30.8	28.6	28.6	15.4	22	28.6	29.7	22	14.3	13.2	28.6	11	11	23.1	29.7	23.1	33	27.5	11	16.5	26.4	29.7	18.7	25.3	20.9	13.2	17.6	24.2	23.1	25.3	17.6	24.2	33	33	11	16.5	11	13.2	16.5	22	25.3	20.9	22	27.5	13.2	24.2	31.9	27.5	18.7	26.4	20.9	31.9	13.2	17.6	18.7	22	20.9	14.3	24.2	31.9	23.1	14.3	27.5	11	19.8	23.1	33	11	28.6	12.1	14.3	24.2	24.2	26.4	11	23.1	22	11	22	28.6	28.6	14.3	18.7	22	16.5	23.1	14.3	19.8	11	33	30.8	16.5	19.8	30.8	18.7	30.8	16.5	20.9	23.1	22	20.9	16.5	14.3	33	28.6	30.8	33	33	16.5	25.3	16.5	33	25.3	11	30.8	13.2	31.9	25.3	25.3	12.1	17.6	26.4	30.8	29.7	33	12.1	30.8	31.9	29.7	30.8	15.4	26.4	19.8	30.8	31.9	13.2	28.6	22	18.7	30.8	25.3	27.5	24.2	20.9	17.6	17.6	28.6	29.7	25.3	27.5	19.8	19.8	14.3	12.1	18.7	22	30.8	14.3	33	20.9	20.9	30.8	15.4	28.6	13.2	30.8	28.6	31.9	26.4	33	17.6	16.5	25.3	24.2	33	29.7	17.6	27.5	22	20.9	29.7	28.6	31.9	31.9	16.5	22	29.7	11	20.9	12.1	26.4	13.2	31.9	23.1	11	25.3	14.3	17.6	31.9	14.3	15.4	22	20.9	29.7	19.8	11	19.8	13.2	26.4	31.9	31.9	31.9	25.3	27.5	26.4	24.2	19.8	13.2	20.9	14.3	25.3	28.6	33	29.7	19.8	28.6	16.5	14.3	13.2	16.5	12.1	24.2	24.2	17.6	17.6	20.9	16.5	13.2	26.4	28.6	22	11	26.4	15.4	11	24.2	11	33	26.4	15.4	23.1	22	22	26.4	22	13.2	23.1	16.5	19.8	28.6	27.5	23.1	27.5	17.6	22	33	14.3	33	20.9	17.6	11	14.3	33	16.5	28.6	28.6	20.9	11	30.8	23.1	31.9	24.2	19.8	31.9	28.6	18.7	29.7	19.8	24.2	17.6	30.8	19.8	18.7	14.3	22	27.5	19.8	19.8	17.6	33	33	22	29.7	15.4	20.9	16.5	28.6	25.3	16.5	18.7	23.1	29.7	19.8	14.3	25.3	24.2	14.3	12.1	11	18.7	29.7	31.9	30.8	14.3	12.1	23.1	25.3	23.1	30.8	33	33	12.1	16.5	12.1	22	31.9	27.5	29.7	25.3	16.5	27.5	26.4	26.4	16.5	23.1	16.5	33	30.8	30.8	28.6	28.6	17.6	33	12.1	27.5	26.4	15.4	30.8	18.7	23.1	28.6	27.5	16.5	22	19.8	28.6	30.8	18.7	13.2	11	12.1	12.1	31.9	31.9	12.1	17.6	29.7	30.8	19.8	31.9	29.7	27.5	26.4	14.3	26.4	33	20.9	28.6	13.2	20.9	25.3	28.6	25.3	25.3	27.5	14.3	16.5	11	14.3	11	24.2	13.2	11	25.3	25.3	29.7	25.3	22	26.4	13.2	27.5	29.7	18.7	27.5	15.4	14.3	14.3	25.3	18.7	31.9	17.6	28.6	14.3	15.4	
14.3	13.2	23.1	28.6	16.5	14.3	29.7	24.2	15.4	11	23.1	33	17.6	11	31.9	16.5	13.2	17.6	25.3	24.2	28.6	23.1	25.3	31.9	25.3	26.4	20.9	16.5	15.4	23.1	17.6	12.1	25.3	26.4	13.2	22	12.1	17.6	22	27.5	22	33	13.2	17.6	20.9	33	18.7	23.1	30.8	11	23.1	13.2	12.1	18.7	13.2	33	24.2	24.2	17.6	31.9	26.4	24.2	19.8	27.5	11	26.4	19.8	14.3	22	12.1	18.7	26.4	19.8	18.7	33	27.5	28.6	19.8	20.9	11	29.7	28.6	18.7	20.9	14.3	33	11	11	19.8	19.8	28.6	28.6	15.4	30.8	19.8	30.8	13.2	11	23.1	25.3	11	29.7	33	26.4	24.2	12.1	24.2	25.3	22	27.5	11	29.7	13.2	12.1	16.5	24.2	28.6	16.5	13.2	11	23.1	20.9	30.8	19.8	17.6	26.4	18.7	16.5	25.3	26.4	12.1	14.3	28.6	13.2	31.9	23.1	23.1	24.2	26.4	11	23.1	24.2	19.8	13.2	20.9	13.2	11	13.2	25.3	27.5	18.7	22	17.6	11	31.9	30.8	26.4	33	20.9	14.3	29.7	23.1	15.4	30.8	24.2	19.8	22	28.6	26.4	26.4	25.3	22	11	13.2	23.1	18.7	11	15.4	33	24.2	11	27.5	25.3	27.5	23.1	23.1	11	19.8	12.1	29.7	33	24.2	24.2	28.6	13.2	12.1	26.4	28.6	28.6	20.9	26.4	12.1	23.1	16.5	19.8	14.3	15.4	15.4	29.7	33	31.9	18.7	28.6	11	22	15.4	13.2	14.3	26.4	18.7	25.3	17.6	26.4	19.8	28.6	26.4	18.7	23.1	20.9	33	31.9	24.2	33	26.4	12.1	31.9	18.7	33	25.3	12.1	23.1	18.7	27.5	13.2	22	22	33	11	15.4	24.2	16.5	23.1	27.5	15.4	30.8	20.9	24.2	14.3	19.8	24.2	11	19.8	27.5	18.7	27.5	24.2	29.7	31.9	26.4	28.6	14.3	24.2	28.6	33	16.5	30.8	26.4	25.3	31.9	25.3	25.3	20.9	28.6	25.3	20.9	15.4	12.1	30.8	29.7	30.8	13.2	12.1	19.8	33	30.8	14.3	13.2	19.8	29.7	24.2	25.3	12.1	31.9	19.8	33	15.4	28.6	28.6	13.2	31.9	23.1	12.1	29.7	19.8	22	33	11	26.4	28.6	30.8	22	11	20.9	25.3	13.2	28.6	26.4	27.5	16.5	33	18.7	33	16.5	23.1	33	33	18.7	31.9	22	30.8	11	33	18.7	28.6	11	30.8	14.3	15.4	15.4	30.8	23.1	19.8	27.5	15.4	19.8	22	13.2	12.1	18.7	19.8	13.2	24.2	14.3	23.1	26.4	24.2	30.8	17.6	24.2	13.2	29.7	16.5	23.1	17.6	25.3	15.4	12.1	15.4	19.8	11	11	14.3	14.3	27.5	16.5	16.5	15.4	19.8	27.5	22	27.5	16.5	18.7	17.6	18.7	22	22	16.5	20.9	29.7	12.1	24.2	24.2	13.2	20.9	16.5	25.3	18.7	17.6	20.9	24.2	15.4	15.4	16.5	23.1	12.1	30.8	14.3	24.2	28.6	19.8	23.1	16.5	19.8	23.1	29.7	29.7	30.8	30.8	22	15.4	19.8	14.3	25.3	13.2	30.8	22	23.1	33	28.6	28.6	29.7	18.7	31.9	29.7	23.1	20.9	11	29.7	33	19.8	12.1	12.1	17.6	30.8	18.7	17.6	14.3	23.1	11	29.7	11	22	22	27.5	27.5	13.2	15.4	12.1	16.5	30.8	15.4	16.5	17.6	19.8	12.1	27.5	18.7	19.8	24.2	15.4	23.1	17.6	23.1	22	31.9	29.7	13.2	20.9	28.6	33	17.6	33	33	25.3	28.6	33	11	12.1	27.5	20.9	16.5	11	33	28.6	13.2	11	22	25.3	27.5	17.6	13.2	22	20.9	18.7	20.9	30.8	13.2	28.6	24.2	13.2	20.9	11	22	19.8	17.6	25.3	29.7	28.6	29.7	14.3	13.2	13.2	30.8	28.6	30.8	14.3	20.9	14.3	16.5	27.5	24.2	19.8	22	17.6	12.1	19.8	30.8	17.6	26.4	19.8	14.3	12.1	11	16.5	17.6	27.5	13.2	27.5	24.2	25.3	31.9	25.3	13.2	19.8	33	29.7	31.9	26.4	13.2	27.5	19.8	26.4	17.6	26.4	31.9	13.2	22	19.8	17.6	26.4	17.6	25.3	29.7	17.6	14.3	33	18.7	31.9	30.8	17.6	33	11	13.2	22	27.5	25.3	20.9	17.6	33	31.9	28.6	33	33	22	12.1	18.7	28.6	33	22	11	19.8	13.2	17.6	20.9	24.2	13.2	33	30.8	16.5	29.7	17.6	28.6	19.8	29.7	13.2	16.5	20.9	22	28.6	24.2	18.7	17.6	11	29.7	17.6	26.4	20.9	27.5	12.1	13.2	16.5	25.3	20.9	29.7	11	25.3	28.6	13.2	33	20.9	26.4	25.3	27.5	31.9	11	23.1	23.1	20.9	28.6	27.5	11	14.3	27.5	25.3	16.5	27.5	22	22	28.6	26.4	23.1	20.9	30.8	31.9	26.4	11	16.5	30.8	17.6	11	22	24.2	33	18.7	20.9	11	22	33	27.5	20.9	17.6	25.3	18.7	27.5	18.7	23.1	28.6	18.7	13.2	16.5	15.4	22	33	13.2	20.9	31.9	11	11	26.4	28.6	16.5	11	22	26.4	22	19.8	12.1	22	26.4	29.7	31.9	18.7	33	19.8	20.9	20.9	24.2	12.1	19.8	25.3	25.3	28.6	16.5	25.3	26.4	11	28.6	19.8	16.5	30.8	31.9	17.6	31.9	16.5	11	17.6	17.6	24.2	23.1	30.8	12.1	15.4	27.5	25.3	23.1	11	17.6	22	29.7	23.1	12.1	12.1	24.2	33	30.8	17.6	25.3	13.2	19.8	13.2	14.3	18.7	28.6	33	20.9	29.7	33	29.7	18.7	12.1	23.1	23.1	13.2	33	14.3	27.5	25.3	20.9	17.6	11	20.9	23.1	31.9	15.4	24.2	33	22	19.8	13.2	12.1	14.3	22	24.2	14.3	27.5	29.7	12.1	29.7	33	11	24.2	28.6	29.7	15.4	26.4	15.4	22	24.2	19.8	26.4	30.8	17.6	11	17.6	17.6	23.1	31.9	33	28.6	20.9	33	17.6	30.8	23.1	26.4	22	16.5	11	15.4	19.8	16.5	33	12.1	20.9	28.6	25.3	11	23.1	30.8	24.2	29.7	22	30.8	17.6	16.5	27.5	25.3	20.9	26.4	19.8	29.7	26.4	17.6	23.1	12.1	26.4	29.7	19.8	25.3	24.2	13.2	19.8	26.4	25.3	14.3	16.5	11	15.4	13.2	15.4	33	14.3	14.3	12.1	14.3	15.4	27.5	13.2	28.6	14.3	22	16.5	27.5	27.5	27.5	28.6	20.9	11	11	13.2	25.3	16.5	24.2	15.4	17.6	33	25.3	12.1	15.4	30.8	26.4	14.3	18.7	12.1	12.1	25.3	24.2	19.8	33	28.6	23.1	12.1	29.7	27.5	25.3	30.8	18.7	14.3	28.6	26.4	19.8	28.6	20.9	15.4	25.3	16.5	33	19.8	12.1	18.7	26.4	24.2	30.8	23.1	20.9	13.2	11	15.4	25.3	16.5	28.6	29.7	26.4	26.4	27.5	20.9	14.3	20.9	18.7	17.6	33	19.8	29.7	20.9	23.1	22	20.9	30.8	16.5	13.2	25.3	19.8	31.9	26.4	28.6	28.6	17.6	14.3	18.7	17.6	22	27.5	17.6	24.2	30.8	17.6	16.5	16.5	28.6	15.4	16.5	16.5	27.5	22	15.4	25.3	28.6	12.1	16.5	
26.4	23.1	29.7	14.3	18.7	20.9	19.8	12.1	31.9	30.8	28.6	16.5	33	19.8	12.1	17.6	19.8	11	16.5	31.9	22	13.2	23.1	18.7	14.3	29.7	11	33	19.8	15.4	
17	16	20	14	11	15	11	15	12	14	11	10	14	17	14	10	20	16	15	11	11	15	13	17	11	12	17	19	19	17	19	17	12	12	15	13	11	17	15	20	14	18	17	12	13	11	19	17	15	16	16	20	11	11	17	12	14	14	19	18	10	17	17	18	18	18	16	18	11	18	13	11	19	18	15	19	14	16	19	20	16	14	20	13	15	18	18	12	14	19	17	18	10	16	19	19	13	13	16	13	11	19	10	11	19	19	18	11	12	17	11	15	15	12	14	10	17	11	14	14	18	18	14	19	20	10	15	20	13	13	15	13	17	15	14	16	11	17	10	11	16	17	20	13	18	14	13	11	16	20	15	17	14	17	20	17	16	13	19	15	16	11	14	13	10	10	15	14	10	10	14	18	13	11	16	16	16	10	17	18	16	13	18	12	18	14	11	18	17	11	13	12	18	20	18	10	11	15	15	20	20	15	19	20	17	18	13	16	11	19	15	14	11	15	12	15	16	17	10	15	15	11	12	16	14	19	10	20	15	15	11	19	18	19	15	14	17	20	10	14	12	15	18	20	17	16	13	17	17	14	18	20	19	13	18	15	17	10	10	19	14	18	18	11	20	13	12	14	20	11	10	12	17	14	12	15	17	17	16	10	10	12	18	16	19	20	15	19	16	20	17	10	11	15	18	14	11	19	14	19	12	15	20	13	12	10	14	15	18	20	20	11	12	20	14	20	10	20	15	16	20	11	20	20	16	13	13	17	13	18	11	15	19	16	17	17	19	19	14	19	11	17	15	18	13	10	14	18	13	10	15	16	10	10	20	17	15	16	12	19	18	11	20	14	17	17	16	20	10	16	14	20	17	14	17	19	11	18	15	13	15	17	17	12	15	19	18	14	15	19	15	12	10	12	15	10	18	18	10	13	13	17	10	11	14	15	17	10	15	11	13	17	20	13	10	17	15	14	18	18	16	19	17	19	13	13	13	10	13	11	16	10	14	16	10	14	12	15	14	19	18	10	19	19	12	19	18	19	16	17	20	18	18	13	19	16	10	18	14	11	13	18	10	14	17	15	20	13	16	12	14	12	13	12	14	18	13	17	11	12	20	16	11	12	14	13	20	18	14	11	11	12	19	11	16	17	20	12	20	19	15	17	10	14	19	20	15	13	20	14	18	20	16	20	20	11	20	20	15	18	16	14	19	11	14	13	17	18	10	20	12	18	11	14	17	19	15	16	18	13	20	19	16	12	13	15	15	12	10	15	18	20	15	20	19	19	15	19	19	15	12	12	14	13	18	10	15	11	14	17	12	16	13	14	18	20	19	18	20	19	12	11	17	10	15	14	11	10	17	11	19	12	20	10	12	15	10	11	20	17	18	19	18	14	12	13	10	14	12	20	15	19	16	20	13	16	18	15	16	16	18	18	10	13	20	17	20	13	10	12	19	18	20	18	15	16	17	14	10	13	10	17	11	11	13	15	13	16	18	15	15	14	12	14	14	18	12	11	16	19	17	11	13	20	12	20	17	14	17	14	20	15	18	11	17	15	12	17	18	15	14	20	11	19	12	10	20	18	17	12	17	18	13	16	19	19	14	10	17	10	15	14	13	12	13	17	14	11	11	11	13	18	14	15	13	10	12	14	15	14	13	15	11	10	18	14	16	10	20	16	14	19	16	18	16	12	13	12	14	16	13	16	15	19	11	16	15	14	19	16	11	15	14	18	16	14	13	11	12	14	10	19	15	11	17	16	12	11	14	17	18	19	11	16	15	19	15	19	15	10	14	12	19	15	14	15	14	18	20	12	19	12	17	20	17	12	20	10	19	17	18	20	20	13	18	10	14	11	17	12	17	16	15	16	11	17	10	11	16	14	10	17	19	18	11	13	15	13	18	10	16	18	17	18	15	12	18	12	17	13	10	10	15	16	12	15	14	19	19	17	17	20	19	18	13	12	13	16	14	12	15	13	10	16	18	19	11	18	19	20	17	11	16	11	16	19	18	20	12	18	15	10	13	12	14	17	16	19	16	16	16	10	10	12	10	14	13	13	19	18	15	11	11	16	18	16	20	13	16	14	20	10	18	12	19	18	15	10	11	19	18	10	10	10	10	10	19	19	20	12	12	17	12	19	19	12	14	10	15	18	17	17	13	11	13	15	20	15	12	18	13	19	17	11	11	15	20	20	20	18	13	10	16	11	17	11	12	11	11	20	13	12	13	12	10	13	11	10	20	18	20	18	14	20	16	12	14	16	13	17	15	16	10	18	15	10	11	14	16	18	
1	1	1	1	1	1	1	1	1	1	1	1	1	1	1	1	1	1	1	1	1	1	1	1	1	1	1	1	1	1	1	1	1	2	2	2	2	2	2	2	2	2	2	2	2	2	2	2	2	2	2	2	2	2	2	2	2	2	2	2	2	2	2	2	2	2	2	2	2	2	2	2	2	3	3	3	3	3	3	3	3	3	3	3	3	3	3	3	3	3	3	3	3	3	3	3	3	3	3	3	4	4	4	4	4	4	4	4	4	4	4	4	4	4	4	4	4	4	4	4	4	4	4	4	4	4	4	4	4	4	4	4	4	4	5	5	5	5	5	5	5	5	5	5	5	5	5	5	5	5	5	5	5	5	5	5	5	5	5	5	5	5	5	5	5	5	5	5	5	6	6	6	6	6	6	6	6	6	6	6	6	6	6	6	6	6	6	6	6	6	6	6	6	6	6	6	7	7	7	7	7	7	7	7	7	7	7	7	7	7	7	7	7	7	7	7	7	7	7	7	7	7	7	7	7	7	7	7	7	7	7	7	8	8	8	8	8	8	8	8	8	8	8	8	8	8	8	8	8	8	8	8	8	8	8	8	8	8	8	8	9	9	9	9	9	9	9	9	9	9	9	9	9	9	9	9	9	9	9	9	9	9	9	9	9	9	9	9	9	9	9	10	10	10	10	10	10	10	10	10	10	10	10	10	10	10	10	10	10	10	10	10	10	10	10	10	10	10	10	10	10	10	10	10	10	10	11	11	11	11	11	11	11	11	11	11	11	11	11	11	11	11	11	11	11	11	11	11	11	11	11	11	11	11	11	11	11	11	11	11	11	11	11	11	11	11	11	11	11	11	11	12	12	12	12	12	12	12	12	12	12	12	12	12	12	12	12	12	12	12	12	12	12	12	12	12	12	12	12	12	12	12	12	12	12	12	12	12	13	13	13	13	13	13	13	13	13	13	13	13	13	13	13	13	13	13	13	13	13	13	13	13	13	13	13	13	13	14	14	14	14	14	14	14	14	14	14	14	14	14	14	14	14	14	14	14	14	14	14	14	14	14	14	14	14	14	15	15	15	15	15	15	15	15	15	15	15	15	15	15	15	15	15	15	15	15	15	15	15	16	16	16	16	16	16	16	16	16	16	16	16	16	16	16	16	16	16	16	16	16	16	16	16	16	16	16	16	16	16	16	16	16	16	16	16	16	16	17	17	17	17	17	17	17	17	17	17	17	17	17	17	17	17	17	17	17	17	17	17	17	17	17	17	17	17	17	17	17	17	17	17	18	18	18	18	18	18	18	18	18	18	18	18	18	18	18	18	18	18	18	18	18	18	18	18	18	18	18	18	19	19	19	19	19	19	19	19	19	19	19	19	19	19	19	19	19	19	19	19	19	19	19	19	19	19	19	19	19	20	20	20	20	20	20	20	20	20	20	20	20	20	20	20	20	20	20	20	20	20	20	20	20	20	20	20	20	20	20	20	20	21	21	21	21	21	21	21	21	21	21	21	21	21	21	21	21	21	21	21	21	21	21	21	21	21	22	22	22	22	22	22	22	22	22	22	22	22	22	22	22	22	22	22	22	22	22	22	22	22	22	22	22	22	22	22	23	23	23	23	23	23	23	23	23	23	23	23	23	23	23	23	23	23	23	23	23	23	23	23	23	23	23	23	23	23	23	23	23	23	23	23	23	24	24	24	24	24	24	24	24	24	24	24	24	24	24	24	24	24	24	24	24	24	24	24	24	24	24	24	24	24	24	24	24	24	24	24	24	24	24	24	24	24	25	25	25	25	25	25	25	25	25	25	25	25	25	25	25	25	25	25	25	25	25	25	25	25	25	25	25	25	25	25	25	25	25	25	26	26	26	26	26	26	26	26	26	26	26	26	26	26	26	26	26	26	26	26	26	26	26	26	26	26	26	26	26	26	26	26	26	26	26	26	27	27	27	27	27	27	27	27	27	27	27	27	27	27	27	27	27	27	27	27	27	27	27	27	27	27	27	27	27	27	27	27	27	27	27	27	27	27	27	28	28	28	28	28	28	28	28	28	28	28	28	28	28	28	28	28	28	28	28	28	28	28	28	28	28	28	28	28	28	28	28	28	28	28	28	28	28	28	29	29	29	29	29	29	29	29	29	29	29	29	29	29	29	29	29	29	29	29	29	29	29	29	29	29	29	29	29	29	29	29	29	29	29	30	30	30	30	30	30	30	30	30	30	30	30	30	30	30	30	30	30	30	30	30	30	30	30	30	30	30	30	30	30	30	30	30	30	
