1000
15	4
1063	12.1
30	30	26	29	28	31	30	30	31	28	26	31	26	28	30	31	31	31	29	28	29	28	27	29	28	30	28	27	28	30	28	27	31	29	30	29	27	29	26	30	30	26	31	31	27	26	28	30	29	26	31	31	30	28	29	30	29	30	30	28	26	27	30	31	28	27	30	29	30	31	26	30	29	29	27	30	31	27	30	31	31	31	29	27	30	28	29	27	30	30	30	29	26	27	28	31	26	29	31	26	30	31	27	30	30	28	31	31	27	30	29	29	29	31	28	28	31	26	31	30	28	27	28	30	31	31	27	28	27	28	29	29	27	31	30	27	30	27	31	31	26	29	31	31	26	28	26	27	31	31	30	29	26	29	31	28	26	31	28	28	30	31	30	30	26	30	29	30	28	31	30	28	27	31	26	29	27	30	30	27	26	30	29	29	26	27	29	27	28	30	28	31	29	26	28	31	31	30	30	27	30	28	28	31	29	27	31	27	31	26	27	31	28	28	26	28	30	27	26	29	29	28	27	29	30	26	28	31	29	26	26	30	28	26	29	29	27	26	27	30	29	31	29	28	30	30	31	31	29	28	30	30	28	28	27	26	27	29	31	31	28	28	30	31	26	28	26	28	28	28	27	28	31	31	28	29	29	27	30	27	27	31	30	31	29	28	30	31	28	26	27	30	28	26	30	30	31	30	26	26	30	26	31	30	27	30	27	28	29	29	28	29	29	27	31	28	28	31	29	27	29	31	31	30	26	31	26	26	31	27	28	27	29	28	27	27	31	30	30	31	28	27	28	26	29	26	30	31	30	27	29	27	29	27	29	30	27	30	30	28	30	29	29	31	31	26	28	30	27	29	31	26	26	29	30	31	29	26	29	29	27	30	26	31	30	29	29	30	29	31	31	30	27	30	30	28	29	30	27	29	28	29	27	27	31	29	31	29	26	30	31	28	29	29	30	31	27	31	27	26	28	27	30	29	29	30	28	31	31	28	30	31	26	26	27	29	30	30	28	28	29	26	29	28	27	30	27	30	27	31	29	28	31	29	26	30	29	27	27	30	29	30	29	28	26	30	31	28	27	28	31	29	28	26	27	27	28	28	27	27	29	28	27	27	31	27	26	28	27	27	30	28	28	30	29	28	31	30	27	31	30	27	27	26	26	26	26	31	27	26	28	28	26	26	29	31	31	26	29	28	30	31	29	29	30	28	29	31	29	30	28	26	28	31	27	27	26	31	31	27	28	31	30	27	26	28	27	26	28	31	29	28	26	31	28	31	27	27	29	31	28	31	27	26	27	27	26	30	30	31	27	29	29	30	30	29	27	29	31	30	26	30	28	27	26	27	31	26	29	28	31	30	30	31	30	26	26	29	31	28	26	26	28	28	29	29	27	28	31	30	30	28	26	27	31	30	29	27	28	31	28	28	26	27	28	27	27	31	31	27	28	29	26	27	30	30	28	26	31	27	26	30	28	27	31	26	27	29	28	31	31	28	31	31	28	30	31	28	30	29	30	27	31	27	28	31	28	29	31	28	31	29	30	26	26	26	28	30	27	28	30	26	31	26	30	26	31	28	31	30	27	30	29	29	30	26	26	27	27	27	29	31	26	26	31	27	31	30	28	30	31	29	27	28	27	31	30	29	31	31	27	26	28	31	26	31	27	31	29	31	28	27	27	27	30	31	26	26	29	29	31	26	26	27	29	31	30	28	30	28	28	31	28	30	27	27	30	28	29	30	30	27	31	27	26	27	31	28	26	31	28	31	26	29	26	26	27	31	26	28	26	29	30	28	29	30	29	29	27	28	26	26	27	31	27	27	31	28	30	27	28	29	26	27	28	30	27	27	28	27	27	28	31	28	29	31	29	31	27	27	26	27	26	26	31	26	31	28	29	28	30	31	29	29	29	26	29	30	27	29	30	30	26	29	31	29	29	27	27	29	27	27	27	31	27	26	30	27	29	29	28	30	26	30	29	29	29	29	26	31	30	30	28	27	30	30	30	31	30	27	29	26	26	27	30	27	27	30	31	30	29	29	26	27	28	31	29	27	30	29	26	30	30	30	31	31	27	29	29	29	28	31	26	26	29	28	31	27	31	29	28	27	31	31	28	27	29	26	30	30	29	30	30	26	27	30	31	27	31	31	27	26	29	26	31	29	27	27	26	26	29	31	29	26	28	28	26	29	27	28	30	30	30	31	30	31	29	28	31	29	31	28	29	30	26	29	30	29	28	28	29	31	29	30	31	29	30	30	30	30	30	26	26	27	30	27	26	29	28	28	
92	77	93	90	92	89	89	91	79	76	82	83	90	86	77	83	79	85	85	90	77	80	91	76	89	87	76	81	91	83	84	78	87	77	84	78	93	86	90	79	76	80	94	78	78	91	78	82	88	89	84	83	82	94	77	83	82	83	82	90	84	88	93	81	84	84	83	84	85	83	79	83	84	82	80	89	84	92	80	78	76	89	94	86	80	87	77	79	90	77	90	90	82	77	87	79	93	87	84	76	92	83	94	89	92	81	78	91	89	80	92	91	85	82	89	84	79	76	92	91	82	91	92	93	83	77	84	94	86	83	79	78	93	94	85	91	87	93	94	88	91	79	76	94	91	76	90	94	88	77	82	81	80	78	89	88	92	90	84	78	89	94	77	89	87	91	91	89	79	80	88	90	86	78	92	86	94	91	78	82	93	83	87	78	88	89	92	86	82	79	76	88	80	79	80	80	81	80	77	93	81	79	86	79	94	91	78	90	78	92	82	91	80	80	86	76	85	81	94	84	81	89	85	83	91	86	94	78	87	93	85	85	77	77	92	89	79	93	78	84	86	87	92	82	88	87	79	87	77	78	90	83	77	88	93	88	77	86	93	76	94	76	84	79	86	83	80	85	76	82	86	85	76	82	91	86	93	76	87	88	80	89	76	94	86	92	88	86	82	86	85	87	77	77	81	93	91	92	76	77	78	94	93	76	93	84	92	92	91	88	78	91	90	88	82	79	82	76	76	79	79	80	87	78	80	89	91	76	82	88	81	84	91	83	85	92	78	86	77	78	85	83	93	90	84	94	86	82	82	78	80	88	85	90	93	78	89	89	93	91	85	91	82	91	87	88	79	78	89	93	80	84	89	79	89	77	86	87	80	79	92	89	93	92	80	92	88	91	85	85	83	84	80	91	80	83	91	81	94	94	87	82	92	90	85	87	85	77	84	94	80	94	92	94	92	89	77	79	92	81	91	91	86	94	84	77	83	88	76	78	87	87	84	86	76	83	78	78	94	88	92	76	88	86	79	78	85	79	78	90	85	94	86	89	79	77	86	81	94	79	84	86	92	82	76	88	91	82	78	90	87	92	83	90	89	89	83	82	84	90	81	78	93	85	91	78	85	93	84	92	80	94	88	94	87	82	88	90	93	84	81	90	79	84	94	76	77	83	79	77	76	85	78	81	89	87	89	92	94	79	77	92	83	94	79	80	93	94	77	94	90	79	80	76	81	82	93	78	79	89	88	81	79	86	87	81	94	80	90	88	80	87	79	76	77	76	78	77	76	85	90	82	76	83	82	80	78	76	89	87	78	92	91	88	93	94	90	79	91	81	93	77	93	87	76	87	87	91	76	77	94	76	82	78	93	93	81	82	94	94	85	83	88	81	89	76	76	76	92	85	90	87	79	86	94	91	94	92	79	86	85	76	79	86	82	91	77	93	82	84	94	90	81	77	92	83	77	82	87	93	86	94	79	86	76	77	88	82	77	85	89	87	88	86	80	91	79	78	93	82	86	78	84	87	80	79	76	78	87	82	83	83	83	83	77	94	81	88	85	82	76	89	80	76	91	91	76	90	87	79	83	91	87	83	85	87	87	79	89	76	87	85	84	77	78	94	83	88	79	85	91	80	84	87	80	90	87	89	92	87	89	84	84	79	77	93	89	84	86	77	86	84	89	79	79	90	81	81	85	78	84	85	87	81	93	88	93	78	88	94	88	80	94	76	81	78	81	83	78	78	76	78	81	77	88	87	84	89	93	83	90	78	79	85	91	79	76	89	77	90	76	86	93	89	87	77	89	79	88	94	81	78	91	92	90	86	92	85	90	82	82	85	78	78	76	88	82	87	91	90	87	89	80	86	93	80	89	77	88	82	83	90	78	87	79	82	84	82	92	80	92	83	76	79	87	93	94	78	76	94	83	80	88	91	77	79	82	94	88	82	93	92	94	80	77	80	77	81	81	76	77	92	76	94	91	82	85	85	78	76	90	94	91	89	86	91	94	85	81	91	82	90	78	85	88	88	76	87	87	81	92	94	77	79	76	81	91	76	83	83	90	78	93	89	84	79	94	81	79	86	76	82	87	78	87	91	86	85	87	91	86	84	89	87	92	94	86	90	94	82	81	92	77	83	81	92	81	85	86	82	90	78	89	94	76	80	80	77	91	79	94	85	94	94	78	94	89	79	80	81	93	89	84	76	88	78	86	76	89	94	93	82	86	86	86	91	77	94	86	85	79	90	90	81	90	90	79	82	87	88	87	78	85	76	86	94	79	82	85	86	
27.5	30.8	27.5	20.9	33	16.5	33	31.9	23.1	26.4	26.4	14.3	26.4	24.2	29.7	31.9	33	22	30.8	22	13.2	13.2	24.2	12.1	14.3	13.2	20.9	23.1	23.1	16.5	19.8	33	28.6	18.7	24.2	24.2	28.6	24.2	11	15.4	33	16.5	14.3	14.3	13.2	31.9	11	15.4	30.8	19.8	12.1	23.1	15.4	16.5	15.4	29.7	25.3	18.7	25.3	23.1	23.1	25.3	12.1	23.1	26.4	22	19.8	19.8	17.6	28.6	28.6	18.7	19.8	19.8	17.6	25.3	18.7	26.4	18.7	18.7	14.3	17.6	23.1	18.7	30.8	13.2	15.4	20.9	17.6	11	25.3	11	17.6	27.5	19.8	24.2	25.3	25.3	16.5	11	19.8	27.5	22	19.8	18.7	11	25.3	24.2	11	31.9	11	17.6	13.2	29.7	29.7	13.2	28.6	20.9	12.1	20.9	12.1	13.2	28.6	16.5	15.4	29.7	20.9	15.4	25.3	16.5	18.7	30.8	22	27.5	30.8	25.3	29.7	24.2	16.5	28.6	26.4	20.9	27.5	27.5	16.5	33	13.2	27.5	19.8	20.9	26.4	28.6	15.4	11	31.9	16.5	20.9	31.9	33	14.3	18.7	15.4	19.8	33	16.5	28.6	26.4	18.7	13.2	30.8	27.5	33	25.3	22	12.1	29.7	31.9	11	22	23.1	11	23.1	11	16.5	18.7	14.3	29.7	13.2	23.1	30.8	30.8	20.9	14.3	29.7	20.9	19.8	23.1	16.5	11	27.5	31.9	25.3	17.6	27.5	12.1	15.4	24.2	17.6	25.3	27.5	17.6	13.2	20.9	15.4	28.6	22	23.1	24.2	11	11	30.8	14.3	11	29.7	12.1	23.1	30.8	24.2	22	14.3	31.9	30.8	15.4	23.1	25.3	13.2	11	11	30.8	11	26.4	12.1	13.2	18.7	22	31.9	23.1	25.3	19.8	27.5	19.8	30.8	30.8	27.5	19.8	19.8	30.8	26.4	16.5	29.7	23.1	23.1	11	30.8	28.6	33	17.6	11	30.8	15.4	18.7	17.6	27.5	22	31.9	19.8	13.2	17.6	29.7	19.8	30.8	16.5	19.8	26.4	17.6	18.7	15.4	28.6	29.7	29.7	27.5	13.2	22	12.1	24.2	13.2	27.5	17.6	30.8	27.5	19.8	30.8	25.3	30.8	29.7	18.7	20.9	29.7	22	17.6	12.1	23.1	14.3	26.4	13.2	12.1	17.6	14.3	15.4	20.9	15.4	18.7	13.2	15.4	19.8	16.5	13.2	26.4	18.7	20.9	22	30.8	13.2	12.1	16.5	11	19.8	15.4	25.3	25.3	31.9	12.1	33	22	18.7	30.8	33	14.3	17.6	18.7	11	27.5	19.8	30.8	18.7	28.6	15.4	18.7	18.7	15.4	31.9	11	22	30.8	24.2	28.6	33	31.9	22	25.3	18.7	22	31.9	23.1	27.5	22	24.2	25.3	13.2	19.8	17.6	20.9	24.2	11	25.3	20.9	18.7	11	20.9	20.9	12.1	22	33	24.2	20.9	19.8	13.2	31.9	11	19.8	28.6	30.8	23.1	15.4	20.9	20.9	11	17.6	23.1	14.3	11	11	29.7	26.4	26.4	24.2	29.7	19.8	16.5	13.2	12.1	19.8	31.9	29.7	14.3	11	19.8	15.4	28.6	33	27.5	17.6	30.8	17.6	29.7	22	27.5	25.3	28.6	31.9	30.8	15.4	19.8	25.3	30.8	25.3	19.8	31.9	30.8	22	16.5	30.8	29.7	23.1	14.3	12.1	28.6	24.2	24.2	17.6	27.5	27.5	33	13.2	11	22	23.1	19.8	20.9	20.9	14.3	18.7	22	30.8	14.3	31.9	15.4	16.5	12.1	30.8	28.6	14.3	30.8	33	16.5	26.4	13.2	23.1	16.5	15.4	33	27.5	18.7	25.3	33	12.1	13.2	23.1	28.6	11	28.6	22	19.8	33	13.2	25.3	27.5	31.9	11	22	12.1	22	15.4	29.7	33	26.4	30.8	24.2	23.1	30.8	13.2	13.2	27.5	33	22	16.5	13.2	30.8	29.7	24.2	27.5	23.1	20.9	14.3	19.8	11	25.3	19.8	23.1	27.5	12.1	28.6	20.9	16.5	24.2	23.1	13.2	31.9	12.1	18.7	17.6	24.2	22	25.3	22	29.7	15.4	20.9	11	31.9	13.2	16.5	11	27.5	26.4	13.2	22	19.8	28.6	22	19.8	28.6	16.5	14.3	23.1	11	19.8	33	30.8	15.4	12.1	31.9	17.6	25.3	18.7	33	13.2	13.2	15.4	29.7	17.6	17.6	22	25.3	12.1	17.6	29.7	13.2	27.5	24.2	24.2	12.1	13.2	11	11	30.8	26.4	26.4	15.4	11	31.9	31.9	18.7	30.8	14.3	11	14.3	17.6	16.5	11	29.7	26.4	12.1	15.4	30.8	15.4	33	11	17.6	17.6	13.2	28.6	24.2	31.9	28.6	30.8	29.7	29.7	22	14.3	18.7	13.2	27.5	25.3	13.2	30.8	27.5	30.8	14.3	14.3	27.5	16.5	11	25.3	25.3	31.9	33	29.7	31.9	23.1	20.9	19.8	18.7	22	30.8	18.7	11	24.2	31.9	23.1	20.9	14.3	18.7	15.4	19.8	31.9	11	33	20.9	29.7	28.6	31.9	14.3	24.2	31.9	27.5	28.6	17.6	12.1	24.2	29.7	18.7	11	24.2	27.5	30.8	19.8	20.9	19.8	24.2	16.5	20.9	31.9	16.5	24.2	22	19.8	15.4	12.1	28.6	12.1	11	13.2	31.9	14.3	26.4	30.8	17.6	33	31.9	16.5	14.3	16.5	11	14.3	30.8	17.6	25.3	16.5	17.6	14.3	28.6	17.6	17.6	25.3	25.3	16.5	23.1	31.9	11	17.6	20.9	22	18.7	16.5	19.8	29.7	15.4	27.5	20.9	30.8	15.4	28.6	25.3	16.5	12.1	24.2	28.6	11	14.3	33	33	29.7	16.5	13.2	15.4	26.4	25.3	12.1	33	22	24.2	27.5	26.4	29.7	24.2	23.1	15.4	29.7	30.8	12.1	14.3	23.1	22	29.7	33	16.5	22	26.4	33	18.7	29.7	27.5	31.9	20.9	25.3	27.5	24.2	33	29.7	11	31.9	13.2	17.6	17.6	12.1	17.6	26.4	33	18.7	16.5	26.4	29.7	29.7	31.9	11	19.8	24.2	25.3	22	13.2	20.9	26.4	19.8	18.7	16.5	33	12.1	11	23.1	31.9	18.7	28.6	24.2	15.4	15.4	15.4	26.4	18.7	14.3	29.7	33	11	33	17.6	29.7	17.6	15.4	27.5	25.3	33	30.8	25.3	31.9	33	15.4	28.6	22	16.5	13.2	28.6	13.2	23.1	23.1	27.5	15.4	29.7	13.2	23.1	23.1	22	26.4	12.1	26.4	33	27.5	33	30.8	22	15.4	13.2	27.5	25.3	33	14.3	16.5	17.6	15.4	25.3	28.6	20.9	15.4	26.4	33	14.3	22	15.4	30.8	12.1	27.5	27.5	18.7	15.4	25.3	17.6	33	19.8	13.2	29.7	33	18.7	12.1	29.7	23.1	22	17.6	14.3	24.2	11	11	13.2	26.4	29.7	15.4	33	30.8	15.4	15.4	26.4	31.9	28.6	27.5	27.5	30.8	19.8	28.6	14.3	22	25.3	22	19.8	13.2	19.8	28.6	26.4	24.2	14.3	33	25.3	30.8	27.5	31.9	19.8	26.4	18.7	13.2	23.1	24.2	16.5	19.8	25.3	22	11	17.6	23.1	27.5	14.3	14.3	14.3	29.7	24.2	27.5	26.4	27.5	13.2	27.5	19.8	18.7	23.1	15.4	17.6	22	28.6	14.3	16.5	19.8	13.2	20.9	16.5	30.8	26.4	17.6	11	28.6	19.8	27.5	12.1	24.2	31.9	33	
24.2	23.1	20.9	18.7	14.3	18.7	19.8	27.5	18.7	12.1	31.9	19.8	16.5	31.9	20.9	16.5	20.9	23.1	33	13.2	19.8	15.4	30.8	20.9	26.4	15.4	29.7	28.6	20.9	33	16.5	33	15.4	24.2	25.3	17.6	11	20.9	26.4	16.5	30.8	33	17.6	18.7	16.5	27.5	23.1	28.6	29.7	30.8	29.7	18.7	24.2	15.4	18.7	11	11	16.5	33	23.1	22	16.5	26.4	30.8	14.3	25.3	31.9	19.8	30.8	12.1	33	33	17.6	27.5	15.4	17.6	25.3	25.3	13.2	25.3	15.4	14.3	19.8	18.7	14.3	31.9	26.4	11	27.5	28.6	31.9	14.3	33	13.2	25.3	30.8	27.5	14.3	23.1	25.3	22	17.6	16.5	24.2	23.1	24.2	17.6	23.1	19.8	15.4	20.9	30.8	25.3	19.8	22	16.5	26.4	27.5	28.6	27.5	25.3	20.9	22	12.1	26.4	27.5	16.5	14.3	18.7	11	11	25.3	28.6	27.5	13.2	12.1	31.9	20.9	28.6	24.2	28.6	31.9	16.5	15.4	12.1	24.2	25.3	30.8	24.2	25.3	27.5	26.4	15.4	13.2	33	26.4	20.9	13.2	16.5	31.9	25.3	28.6	12.1	11	24.2	33	33	31.9	25.3	17.6	31.9	31.9	19.8	28.6	30.8	12.1	19.8	30.8	16.5	31.9	33	23.1	16.5	17.6	25.3	26.4	20.9	12.1	12.1	27.5	18.7	13.2	24.2	25.3	22	29.7	19.8	25.3	26.4	14.3	24.2	17.6	33	19.8	26.4	29.7	19.8	25.3	22	15.4	12.1	27.5	22	22	12.1	14.3	19.8	28.6	33	33	11	11	11	25.3	31.9	15.4	25.3	11	14.3	20.9	13.2	25.3	27.5	11	15.4	31.9	27.5	29.7	11	18.7	29.7	13.2	20.9	31.9	11	11	25.3	28.6	19.8	33	18.7	23.1	24.2	11	31.9	33	13.2	18.7	30.8	26.4	18.7	24.2	13.2	14.3	23.1	24.2	13.2	26.4	18.7	19.8	30.8	14.3	20.9	29.7	20.9	20.9	31.9	12.1	23.1	22	31.9	27.5	29.7	26.4	20.9	17.6	12.1	20.9	15.4	26.4	25.3	28.6	20.9	15.4	12.1	15.4	19.8	13.2	30.8	19.8	13.2	16.5	22	14.3	11	15.4	17.6	31.9	15.4	12.1	23.1	23.1	26.4	29.7	11	12.1	26.4	28.6	13.2	25.3	30.8	12.1	33	14.3	29.7	29.7	33	26.4	19.8	30.8	22	12.1	20.9	30.8	22	15.4	23.1	33	18.7	33	13.2	14.3	16.5	25.3	20.9	31.9	24.2	27.5	12.1	14.3	24.2	16.5	29.7	11	15.4	12.1	31.9	14.3	18.7	31.9	30.8	15.4	27.5	13.2	26.4	27.5	13.2	20.9	22	23.1	18.7	31.9	20.9	16.5	31.9	17.6	33	25.3	12.1	27.5	23.1	25.3	15.4	12.1	13.2	29.7	12.1	24.2	26.4	31.9	15.4	13.2	22	31.9	11	29.7	16.5	17.6	12.1	11	19.8	22	26.4	31.9	33	18.7	19.8	33	24.2	17.6	19.8	13.2	31.9	17.6	18.7	26.4	30.8	33	17.6	30.8	19.8	24.2	27.5	24.2	22	18.7	28.6	28.6	17.6	33	20.9	22	14.3	14.3	15.4	14.3	19.8	29.7	23.1	23.1	27.5	25.3	31.9	31.9	12.1	20.9	12.1	11	20.9	23.1	20.9	27.5	23.1	30.8	29.7	12.1	17.6	19.8	28.6	17.6	11	14.3	31.9	16.5	13.2	26.4	27.5	33	30.8	28.6	16.5	11	30.8	18.7	15.4	22	27.5	33	24.2	12.1	31.9	19.8	14.3	22	12.1	22	19.8	18.7	18.7	33	22	15.4	13.2	17.6	16.5	12.1	25.3	31.9	29.7	14.3	28.6	11	29.7	28.6	30.8	15.4	17.6	26.4	31.9	26.4	26.4	15.4	30.8	20.9	16.5	15.4	27.5	17.6	18.7	12.1	15.4	19.8	27.5	12.1	18.7	22	12.1	16.5	19.8	31.9	20.9	26.4	16.5	33	14.3	18.7	29.7	15.4	28.6	11	25.3	16.5	12.1	25.3	15.4	17.6	25.3	18.7	16.5	12.1	29.7	11	31.9	15.4	14.3	28.6	19.8	13.2	14.3	24.2	33	31.9	12.1	30.8	12.1	17.6	15.4	18.7	11	12.1	24.2	27.5	14.3	28.6	15.4	19.8	13.2	17.6	25.3	20.9	31.9	28.6	16.5	11	29.7	18.7	16.5	23.1	22	11	19.8	11	25.3	27.5	23.1	18.7	22	19.8	13.2	22	16.5	28.6	12.1	27.5	33	26.4	19.8	19.8	28.6	24.2	31.9	31.9	13.2	31.9	14.3	24.2	26.4	19.8	26.4	19.8	19.8	17.6	23.1	33	28.6	31.9	28.6	16.5	15.4	13.2	12.1	11	22	29.7	23.1	22	25.3	22	31.9	28.6	26.4	13.2	33	22	26.4	23.1	12.1	20.9	24.2	16.5	24.2	31.9	25.3	17.6	31.9	18.7	13.2	24.2	27.5	17.6	27.5	14.3	14.3	11	19.8	24.2	23.1	11	26.4	26.4	28.6	20.9	31.9	15.4	33	27.5	27.5	28.6	19.8	33	12.1	11	27.5	11	23.1	15.4	24.2	18.7	18.7	13.2	13.2	14.3	29.7	24.2	15.4	27.5	13.2	31.9	28.6	19.8	24.2	23.1	22	33	19.8	27.5	30.8	28.6	19.8	13.2	14.3	25.3	14.3	30.8	20.9	29.7	24.2	12.1	26.4	20.9	15.4	27.5	11	26.4	16.5	13.2	12.1	20.9	29.7	22	15.4	33	19.8	23.1	15.4	23.1	18.7	17.6	13.2	23.1	11	31.9	27.5	31.9	14.3	25.3	18.7	12.1	16.5	14.3	19.8	20.9	33	30.8	12.1	22	23.1	29.7	33	28.6	18.7	26.4	26.4	31.9	16.5	11	23.1	30.8	12.1	24.2	15.4	12.1	13.2	18.7	33	20.9	20.9	28.6	19.8	22	33	18.7	28.6	14.3	16.5	28.6	30.8	33	15.4	33	18.7	12.1	19.8	29.7	26.4	16.5	11	17.6	14.3	23.1	15.4	17.6	29.7	18.7	18.7	20.9	29.7	23.1	25.3	11	16.5	25.3	12.1	16.5	19.8	11	26.4	31.9	18.7	20.9	17.6	24.2	19.8	16.5	33	22	19.8	28.6	20.9	15.4	11	12.1	25.3	20.9	27.5	30.8	31.9	30.8	22	19.8	22	11	13.2	30.8	14.3	27.5	31.9	25.3	25.3	26.4	23.1	17.6	14.3	11	16.5	14.3	19.8	25.3	26.4	33	26.4	23.1	27.5	19.8	12.1	29.7	20.9	26.4	17.6	31.9	28.6	30.8	19.8	22	33	25.3	18.7	27.5	11	30.8	19.8	19.8	23.1	30.8	22	25.3	20.9	33	23.1	24.2	17.6	28.6	15.4	28.6	24.2	20.9	13.2	16.5	12.1	15.4	13.2	25.3	30.8	30.8	25.3	13.2	20.9	27.5	31.9	31.9	17.6	12.1	11	11	20.9	29.7	22	15.4	29.7	26.4	30.8	11	27.5	22	20.9	23.1	27.5	17.6	19.8	14.3	19.8	27.5	23.1	28.6	25.3	30.8	27.5	17.6	31.9	30.8	28.6	25.3	27.5	26.4	25.3	29.7	25.3	16.5	33	26.4	25.3	28.6	18.7	26.4	28.6	26.4	11	23.1	24.2	27.5	23.1	25.3	33	17.6	20.9	28.6	17.6	24.2	33	33	12.1	19.8	33	31.9	30.8	14.3	25.3	15.4	30.8	28.6	12.1	27.5	28.6	22	17.6	23.1	23.1	31.9	22	16.5	22	27.5	12.1	16.5	26.4	16.5	18.7	24.2	27.5	20.9	
30.8	14.3	15.4	12.1	16.5	14.3	14.3	11	20.9	28.6	13.2	33	26.4	24.2	31.9	
14	16	20	15	18	14	14	20	12	12	13	10	14	18	12	16	15	10	10	15	11	14	14	17	19	14	19	12	13	20	12	13	14	13	20	18	15	11	20	10	13	19	16	18	17	16	16	12	16	10	18	18	18	12	12	13	12	10	15	18	18	15	11	18	11	19	12	17	10	15	19	12	13	16	14	13	10	10	12	10	16	12	20	11	16	13	10	15	12	20	18	15	13	16	18	14	10	10	11	10	15	12	11	14	16	10	17	18	17	13	16	12	16	17	17	11	12	18	15	16	20	20	15	19	14	19	16	16	16	17	16	16	18	10	17	18	12	19	19	10	16	14	18	15	20	11	10	10	12	15	12	15	16	11	18	20	11	20	18	19	12	20	14	15	19	16	11	13	13	13	19	16	10	17	10	17	16	17	14	20	14	16	20	18	17	17	14	13	11	19	18	17	18	14	14	11	15	20	17	12	14	18	17	13	19	20	19	15	17	12	10	13	11	19	10	18	19	16	16	19	12	18	12	14	10	15	10	14	15	18	12	17	19	20	17	11	19	20	12	17	19	20	14	11	16	19	10	10	13	19	10	16	13	20	12	14	10	19	12	20	18	11	10	13	11	13	16	20	18	17	14	15	11	11	14	15	19	10	17	19	11	15	10	12	12	10	18	14	19	15	20	16	20	12	20	20	13	10	13	15	16	12	13	17	12	10	10	18	11	12	12	18	12	11	13	16	18	18	15	12	20	19	16	19	14	12	14	18	19	17	17	20	19	18	10	12	16	11	15	12	13	11	17	16	11	18	13	19	20	13	12	19	17	12	15	20	12	20	10	12	15	17	17	14	12	13	11	19	19	13	12	14	18	13	16	15	10	18	13	15	15	19	18	19	12	20	15	19	17	16	16	17	10	10	12	10	20	15	11	14	20	12	11	17	11	16	17	11	19	10	13	13	18	17	13	16	18	15	20	20	19	14	15	15	11	19	12	18	14	12	13	20	20	19	11	17	17	18	10	13	14	14	18	15	11	10	12	18	14	20	17	14	12	19	17	12	20	12	14	11	19	15	14	11	13	12	20	15	14	11	12	12	13	17	20	16	13	17	15	14	18	19	18	12	10	15	16	17	15	10	17	10	12	15	19	14	10	17	14	19	10	20	14	11	13	13	15	12	20	17	19	12	13	17	11	17	20	20	19	13	16	19	13	13	15	20	11	20	14	15	20	14	19	11	20	18	20	12	15	17	19	10	14	19	17	18	11	18	15	13	11	18	15	17	18	11	10	17	12	11	14	19	15	13	19	12	15	12	18	11	10	16	14	12	14	11	15	20	14	10	10	20	12	19	14	17	12	19	19	19	18	13	12	11	17	17	14	15	16	18	17	12	16	18	16	13	16	20	11	11	16	15	12	20	10	12	11	20	11	11	10	11	19	10	20	15	19	11	11	17	19	18	15	19	17	18	18	12	14	17	10	17	20	16	14	18	16	20	15	20	15	13	18	17	13	11	13	17	20	14	17	19	11	14	18	14	10	10	12	15	12	20	17	20	16	20	18	15	15	16	18	17	13	15	20	20	20	10	12	19	15	14	16	15	12	11	16	16	14	11	13	11	19	13	19	15	17	16	11	16	12	19	19	15	18	20	17	12	20	20	13	18	13	19	18	19	18	19	16	13	17	19	19	11	19	10	16	17	19	19	17	10	10	18	18	16	11	10	11	20	18	12	15	20	18	13	20	16	15	11	20	17	12	10	10	11	15	16	15	19	15	16	17	11	16	15	13	14	19	11	15	14	17	20	12	14	14	19	12	12	16	13	13	16	17	16	17	15	19	11	20	11	13	18	15	11	10	18	20	10	13	17	15	19	19	19	16	10	18	19	15	18	20	16	15	11	16	17	19	18	12	16	12	17	20	14	13	15	16	19	20	16	13	19	20	13	14	10	13	11	16	13	14	14	20	14	11	14	16	17	11	16	10	13	16	12	17	14	11	15	11	17	10	18	11	17	18	16	11	15	14	19	19	10	16	18	20	13	11	11	13	13	10	20	13	12	13	20	18	19	19	14	17	20	20	14	10	13	17	12	14	11	12	18	11	16	15	15	11	10	15	16	10	20	14	11	18	15	19	11	12	19	12	16	10	12	20	17	16	17	19	11	17	13	17	18	13	19	17	15	16	10	19	12	14	12	10	16	17	10	19	11	11	13	12	10	11	14	20	18	10	16	19	16	15	19	10	18	15	15	14	12	15	14	19	18	13	16	15	17	11	11	16	12	13	14	16	17	19	14	
1	1	1	1	1	1	1	1	1	1	1	1	1	1	1	1	1	1	1	1	1	1	1	1	1	1	1	1	1	1	1	1	1	1	1	1	1	1	1	1	1	1	1	1	1	1	1	1	1	1	1	1	1	1	1	1	2	2	2	2	2	2	2	2	2	2	2	2	2	2	2	2	2	2	2	2	2	2	2	2	2	2	2	2	2	2	2	2	2	2	2	2	2	2	2	2	2	2	2	2	2	2	2	2	2	2	2	2	2	2	2	2	2	2	2	2	2	2	2	2	2	2	2	2	2	2	2	2	2	3	3	3	3	3	3	3	3	3	3	3	3	3	3	3	3	3	3	3	3	3	3	3	3	3	3	3	3	3	3	3	3	3	3	3	3	3	3	3	3	3	3	3	3	3	3	3	3	3	3	3	3	3	3	3	3	3	3	3	3	3	3	3	3	3	3	3	3	3	4	4	4	4	4	4	4	4	4	4	4	4	4	4	4	4	4	4	4	4	4	4	4	4	4	4	4	4	4	4	4	4	4	4	4	4	4	4	4	4	4	4	4	4	4	4	4	4	4	4	4	4	4	4	4	4	4	4	4	4	4	4	4	4	4	4	4	4	4	4	5	5	5	5	5	5	5	5	5	5	5	5	5	5	5	5	5	5	5	5	5	5	5	5	5	5	5	5	5	5	5	5	5	5	5	5	5	5	5	5	5	5	5	5	5	5	5	5	5	5	5	5	5	5	5	5	5	5	5	5	5	5	5	5	5	6	6	6	6	6	6	6	6	6	6	6	6	6	6	6	6	6	6	6	6	6	6	6	6	6	6	6	6	6	6	6	6	6	6	6	6	6	6	6	6	6	6	6	6	6	6	6	6	6	6	6	6	6	6	6	6	6	6	7	7	7	7	7	7	7	7	7	7	7	7	7	7	7	7	7	7	7	7	7	7	7	7	7	7	7	7	7	7	7	7	7	7	7	7	7	7	7	7	7	7	7	7	7	7	7	7	7	7	7	7	7	7	7	7	8	8	8	8	8	8	8	8	8	8	8	8	8	8	8	8	8	8	8	8	8	8	8	8	8	8	8	8	8	8	8	8	8	8	8	8	8	8	8	8	8	8	8	8	8	8	8	8	8	8	8	8	8	8	8	8	8	8	8	8	8	8	8	8	8	9	9	9	9	9	9	9	9	9	9	9	9	9	9	9	9	9	9	9	9	9	9	9	9	9	9	9	9	9	9	9	9	9	9	9	9	9	9	9	9	9	9	9	9	9	9	9	9	9	9	9	9	9	9	9	9	9	9	9	9	9	9	9	9	9	9	9	9	9	9	9	9	9	9	9	10	10	10	10	10	10	10	10	10	10	10	10	10	10	10	10	10	10	10	10	10	10	10	10	10	10	10	10	10	10	10	10	10	10	10	10	10	10	10	10	10	10	10	10	10	10	10	10	10	10	10	10	10	10	10	10	10	10	10	10	10	10	10	10	10	10	11	11	11	11	11	11	11	11	11	11	11	11	11	11	11	11	11	11	11	11	11	11	11	11	11	11	11	11	11	11	11	11	11	11	11	11	11	11	11	11	11	11	11	11	11	11	11	11	11	11	11	11	11	11	11	11	11	11	11	12	12	12	12	12	12	12	12	12	12	12	12	12	12	12	12	12	12	12	12	12	12	12	12	12	12	12	12	12	12	12	12	12	12	12	12	12	12	12	12	12	12	12	12	12	12	12	12	12	12	12	12	12	12	12	12	12	12	12	12	12	12	12	12	12	12	12	12	12	12	12	12	12	12	12	12	12	12	12	13	13	13	13	13	13	13	13	13	13	13	13	13	13	13	13	13	13	13	13	13	13	13	13	13	13	13	13	13	13	13	13	13	13	13	13	13	13	13	13	13	13	13	13	13	13	13	13	13	13	13	13	13	13	13	13	13	13	13	13	13	13	13	13	13	13	13	13	13	13	13	13	13	13	13	13	14	14	14	14	14	14	14	14	14	14	14	14	14	14	14	14	14	14	14	14	14	14	14	14	14	14	14	14	14	14	14	14	14	14	14	14	14	14	14	14	14	14	14	14	14	14	14	14	14	14	14	14	14	14	14	14	14	14	14	14	14	14	14	14	14	14	14	14	14	14	14	14	14	14	14	14	15	15	15	15	15	15	15	15	15	15	15	15	15	15	15	15	15	15	15	15	15	15	15	15	15	15	15	15	15	15	15	15	15	15	15	15	15	15	15	15	15	15	15	15	15	15	15	15	15	15	15	15	15	15	15	15	15	
