1000
15	2
1026	11
31	30	29	27	29	28	31	27	30	28	27	30	27	26	26	28	30	28	31	26	26	30	26	28	30	26	29	27	30	29	30	29	30	27	26	28	27	27	28	26	28	29	26	31	26	28	31	28	27	30	30	29	28	29	31	28	26	28	26	28	30	31	29	30	28	26	31	27	28	26	26	31	26	29	28	28	29	29	30	30	29	30	31	26	31	30	27	26	29	26	31	31	29	26	31	28	29	30	30	27	29	27	26	31	31	26	28	31	29	28	29	28	27	28	28	26	27	27	30	26	27	26	31	27	30	27	27	29	31	30	28	30	26	26	29	28	30	28	29	27	26	30	27	29	31	28	26	27	26	31	28	29	31	28	26	26	30	30	29	26	29	26	27	27	26	29	27	30	27	31	27	30	27	26	31	29	29	28	26	31	28	29	29	28	27	31	26	30	29	30	30	27	30	29	31	30	30	27	31	26	26	29	30	29	27	28	27	26	27	26	27	27	29	26	27	29	29	29	27	27	31	29	26	26	30	28	26	26	27	31	26	29	31	30	29	30	28	30	30	29	30	30	30	31	31	30	29	28	26	29	26	26	28	31	29	29	30	27	26	30	31	26	28	30	31	29	26	31	27	29	31	28	31	28	27	29	27	31	28	27	28	31	31	29	27	28	31	30	28	29	31	31	27	30	27	28	27	26	31	31	29	31	31	29	29	28	26	29	31	26	26	27	31	27	28	27	26	27	31	30	29	30	30	27	26	26	27	30	27	30	28	26	27	30	31	26	27	29	29	31	26	27	28	27	28	28	27	28	26	30	31	26	29	26	29	28	29	28	28	26	29	29	27	31	30	27	27	28	31	27	30	29	29	31	30	27	28	28	29	26	31	27	31	29	26	26	26	31	26	31	28	26	28	28	26	26	28	30	28	30	27	27	29	28	30	29	29	31	28	30	27	31	30	31	28	29	28	26	30	30	29	31	31	26	31	27	27	31	29	28	29	26	30	28	28	28	27	31	27	30	28	26	30	26	27	31	29	29	27	28	31	28	26	28	28	26	27	29	30	27	31	29	27	28	26	26	30	28	31	27	29	26	29	26	30	29	28	28	31	26	29	29	30	30	29	26	28	30	29	29	27	31	31	27	29	28	27	29	26	28	29	26	26	26	26	30	29	30	28	30	28	31	27	28	26	26	29	28	27	29	28	26	26	29	31	27	27	30	28	27	26	31	28	30	30	31	28	27	30	26	29	30	29	26	27	29	29	27	27	28	30	31	28	30	30	26	28	31	26	31	28	30	29	27	26	28	27	31	26	31	30	28	30	27	26	29	27	27	30	29	27	29	29	28	28	30	29	27	31	27	29	27	27	26	31	31	28	31	28	26	29	29	26	27	30	28	27	29	31	26	30	27	28	30	26	29	27	31	31	29	31	26	31	27	29	28	27	26	30	30	31	28	28	30	26	26	26	31	31	26	31	28	30	27	28	28	26	26	29	31	29	29	26	28	31	28	29	26	27	30	27	30	29	30	26	26	31	26	26	27	31	31	30	29	26	29	30	27	27	26	30	30	30	27	29	27	27	26	27	26	28	26	31	29	29	29	27	29	28	29	30	26	30	28	31	31	27	28	28	29	26	28	27	30	28	31	26	26	26	30	27	26	28	31	31	29	30	27	26	29	29	29	31	28	27	26	30	28	28	27	26	30	26	29	28	26	26	27	27	31	27	31	30	27	29	27	31	29	31	31	27	30	28	27	30	29	27	31	30	29	27	30	31	26	31	26	30	27	26	31	30	31	28	28	29	28	31	31	27	27	26	27	31	29	29	28	26	30	30	26	28	28	27	27	29	28	27	30	27	26	27	26	27	29	26	28	29	27	26	31	28	31	27	27	28	30	26	26	30	29	26	27	27	31	31	30	29	28	27	26	28	29	30	31	29	29	28	29	31	30	31	31	26	28	26	31	29	28	26	30	26	27	27	30	26	31	29	31	31	31	28	30	30	29	26	26	30	28	29	27	31	27	30	27	28	27	27	27	29	28	29	28	30	29	30	30	31	31	30	26	28	28	26	27	28	28	28	28	27	31	27	31	27	29	31	31	31	26	26	29	26	31	31	31	29	26	28	29	30	29	28	29	29	31	26	28	28	30	27	29	27	27	28	29	31	27	30	26	29	28	27	26	30	27	31	31	28	29	31	31	27	26	28	28	28	28	27	31	28	29	30	30	29	28	27	26	26	31	27	30	31	29	31	27	31	28	30	28	28	26	27	31	29	28	29	31	30	30	26	26	
93	85	90	83	80	79	79	87	85	84	81	76	82	81	93	82	88	78	85	79	82	82	91	86	85	82	77	87	89	91	89	85	94	85	79	92	91	91	78	88	93	90	87	87	78	84	93	94	76	89	88	94	87	92	87	78	92	86	91	93	92	87	85	85	94	87	86	85	85	87	93	80	77	88	87	84	86	87	80	86	94	80	89	89	92	94	86	88	93	78	83	80	85	86	79	77	81	83	80	85	81	83	77	94	82	92	79	83	82	79	80	94	77	84	94	90	80	87	89	88	81	84	92	91	87	91	77	93	77	76	91	79	79	93	93	76	86	94	94	86	77	76	90	91	91	92	92	89	78	88	83	87	78	81	84	88	81	93	76	80	83	87	78	91	91	92	85	94	80	94	93	83	86	81	83	83	89	83	91	94	89	89	80	83	84	77	94	88	87	89	82	84	89	77	83	87	87	76	89	92	93	85	76	81	88	91	92	80	90	82	78	84	82	87	80	77	93	90	78	88	83	81	82	89	87	94	92	79	82	85	84	78	92	82	80	82	77	86	86	82	92	94	87	85	87	91	94	84	79	94	79	89	79	89	82	82	90	91	94	90	83	79	89	94	88	91	82	86	79	83	88	86	88	81	82	91	84	83	91	85	84	79	88	87	85	78	93	77	78	81	93	93	92	89	78	92	77	81	88	76	83	78	90	90	84	92	94	90	84	77	85	83	81	93	86	88	83	90	85	77	78	91	84	79	91	86	92	93	93	83	76	92	91	76	80	91	82	83	88	85	93	84	76	91	94	88	89	86	91	78	76	87	77	89	80	91	89	91	87	85	82	90	94	93	92	79	78	88	91	88	90	92	82	78	94	77	82	92	88	80	92	88	86	85	84	93	81	88	89	84	94	78	85	79	82	81	78	92	76	80	85	85	90	93	79	77	77	83	94	79	83	87	88	94	93	93	87	93	87	90	87	88	91	92	87	93	81	94	92	91	93	91	90	85	85	88	88	85	82	80	94	87	89	83	82	88	94	88	77	84	92	83	78	82	83	77	79	84	87	89	76	82	86	84	79	85	88	90	93	76	85	78	93	88	90	93	91	94	87	89	77	94	86	89	87	90	90	77	88	87	79	85	90	79	82	80	76	78	87	90	92	79	81	78	92	78	78	87	78	89	85	76	82	80	84	91	80	87	80	87	94	81	83	86	91	94	87	92	94	79	89	83	84	85	82	82	88	84	83	80	90	77	94	78	79	94	85	86	85	89	91	88	93	78	91	82	86	91	86	84	88	85	92	81	77	86	77	79	92	84	93	92	85	84	92	94	93	85	83	90	94	82	85	80	81	89	92	85	83	77	83	89	80	89	77	89	88	88	77	85	92	87	85	83	90	85	79	82	81	94	76	85	89	87	83	87	77	93	92	80	80	90	88	94	82	83	85	76	93	86	79	78	91	79	81	80	76	92	78	79	78	87	89	93	94	84	83	88	85	90	77	91	85	94	86	82	85	86	82	90	84	88	84	83	93	80	84	88	90	81	89	78	92	78	79	87	82	87	87	80	85	78	83	91	83	93	76	79	86	81	94	85	93	86	83	80	78	86	79	94	86	82	86	88	84	91	77	76	88	80	93	80	78	94	86	81	88	78	76	81	94	92	91	80	85	78	77	84	85	84	92	91	93	83	85	93	78	89	88	91	86	81	76	78	77	85	83	77	92	78	82	94	94	89	76	85	81	91	78	89	94	92	89	76	79	89	82	89	92	77	78	84	90	86	94	85	76	77	76	88	83	93	87	86	81	76	82	81	83	76	82	86	86	81	81	81	83	81	78	87	82	80	94	86	92	79	83	78	83	76	90	90	83	88	77	85	88	90	87	80	93	77	82	76	82	76	77	88	92	76	87	87	94	94	81	85	86	89	91	84	78	84	81	86	88	86	78	84	89	76	80	84	84	86	85	83	92	76	88	88	92	91	87	81	90	87	94	91	89	93	91	80	83	93	76	76	89	84	83	88	87	83	94	81	91	91	83	86	87	81	83	88	87	83	91	87	80	92	89	94	91	80	76	85	82	79	78	84	86	82	78	80	88	83	79	77	86	88	79	92	81	83	77	86	87	89	77	81	78	93	90	88	89	77	82	80	87	93	91	78	93	90	76	92	88	84	78	92	84	88	81	81	86	85	85	78	78	88	82	77	78	87	84	76	89	94	81	77	84	85	84	76	91	80	77	93	80	77	83	76	91	92	76	81	88	76	78	81	90	77	76	76	90	78	83	93	82	77	89	79	
14.3	12.1	18.7	25.3	20.9	12.1	14.3	26.4	25.3	29.7	22	15.4	16.5	24.2	23.1	18.7	33	33	22	15.4	14.3	15.4	22	17.6	14.3	22	30.8	18.7	15.4	24.2	24.2	28.6	22	24.2	17.6	19.8	25.3	26.4	18.7	13.2	17.6	16.5	33	16.5	27.5	14.3	16.5	11	17.6	24.2	31.9	20.9	30.8	23.1	19.8	23.1	24.2	24.2	28.6	15.4	25.3	28.6	26.4	13.2	30.8	27.5	12.1	22	11	16.5	17.6	20.9	12.1	11	12.1	31.9	20.9	17.6	25.3	31.9	11	31.9	13.2	29.7	33	28.6	11	13.2	26.4	25.3	15.4	13.2	23.1	17.6	31.9	15.4	23.1	17.6	20.9	23.1	19.8	25.3	18.7	18.7	18.7	24.2	30.8	18.7	16.5	23.1	19.8	24.2	31.9	20.9	14.3	19.8	18.7	16.5	31.9	33	20.9	26.4	29.7	23.1	22	23.1	17.6	17.6	29.7	29.7	22	19.8	16.5	28.6	15.4	17.6	12.1	27.5	30.8	26.4	24.2	16.5	17.6	31.9	28.6	11	27.5	12.1	20.9	16.5	11	23.1	17.6	19.8	26.4	22	11	25.3	30.8	12.1	24.2	17.6	25.3	24.2	29.7	27.5	18.7	25.3	14.3	29.7	25.3	16.5	15.4	24.2	31.9	25.3	11	18.7	16.5	23.1	18.7	15.4	14.3	13.2	29.7	24.2	12.1	11	24.2	13.2	19.8	26.4	13.2	24.2	20.9	23.1	15.4	23.1	31.9	33	15.4	24.2	24.2	31.9	11	26.4	27.5	15.4	27.5	33	13.2	13.2	14.3	22	22	29.7	24.2	12.1	14.3	18.7	13.2	24.2	25.3	16.5	27.5	20.9	25.3	27.5	27.5	12.1	17.6	22	27.5	23.1	25.3	22	13.2	14.3	23.1	16.5	19.8	14.3	24.2	23.1	20.9	24.2	25.3	23.1	19.8	15.4	27.5	18.7	15.4	31.9	16.5	13.2	26.4	22	18.7	20.9	31.9	13.2	23.1	25.3	20.9	13.2	30.8	19.8	26.4	29.7	12.1	20.9	23.1	24.2	28.6	13.2	23.1	33	29.7	17.6	15.4	22	12.1	12.1	28.6	20.9	29.7	20.9	15.4	15.4	17.6	17.6	20.9	18.7	15.4	22	31.9	17.6	14.3	23.1	16.5	15.4	19.8	15.4	16.5	14.3	26.4	23.1	28.6	29.7	17.6	31.9	15.4	31.9	29.7	12.1	20.9	14.3	11	20.9	19.8	17.6	19.8	13.2	12.1	30.8	18.7	27.5	33	29.7	15.4	24.2	31.9	26.4	23.1	11	31.9	15.4	25.3	30.8	16.5	25.3	31.9	14.3	28.6	11	11	31.9	14.3	23.1	12.1	26.4	29.7	18.7	23.1	30.8	31.9	26.4	19.8	19.8	12.1	20.9	14.3	29.7	12.1	20.9	18.7	18.7	26.4	14.3	17.6	18.7	33	19.8	15.4	31.9	29.7	16.5	22	30.8	14.3	20.9	22	31.9	14.3	25.3	25.3	18.7	14.3	27.5	20.9	14.3	33	16.5	30.8	18.7	24.2	17.6	15.4	23.1	18.7	14.3	13.2	30.8	31.9	14.3	11	24.2	20.9	31.9	19.8	29.7	18.7	16.5	26.4	28.6	31.9	14.3	31.9	19.8	26.4	27.5	27.5	16.5	28.6	12.1	31.9	22	18.7	20.9	18.7	28.6	20.9	20.9	28.6	23.1	29.7	14.3	17.6	27.5	27.5	29.7	24.2	14.3	16.5	31.9	14.3	28.6	13.2	33	25.3	17.6	28.6	20.9	14.3	33	14.3	19.8	20.9	27.5	30.8	30.8	23.1	23.1	12.1	17.6	29.7	15.4	23.1	16.5	26.4	31.9	29.7	26.4	29.7	20.9	28.6	18.7	28.6	13.2	31.9	27.5	26.4	30.8	29.7	27.5	14.3	23.1	20.9	11	20.9	28.6	18.7	29.7	23.1	15.4	30.8	12.1	30.8	22	19.8	12.1	31.9	18.7	27.5	15.4	25.3	15.4	28.6	26.4	25.3	33	13.2	27.5	23.1	31.9	17.6	28.6	23.1	13.2	11	12.1	22	13.2	25.3	28.6	27.5	27.5	31.9	29.7	15.4	29.7	20.9	13.2	18.7	26.4	27.5	26.4	18.7	19.8	27.5	30.8	22	12.1	11	19.8	28.6	26.4	11	33	28.6	28.6	28.6	30.8	30.8	30.8	22	26.4	25.3	16.5	28.6	18.7	26.4	24.2	33	13.2	25.3	30.8	22	30.8	13.2	12.1	30.8	15.4	24.2	20.9	24.2	23.1	31.9	33	24.2	23.1	15.4	29.7	28.6	16.5	24.2	13.2	31.9	16.5	12.1	16.5	11	16.5	31.9	17.6	16.5	18.7	29.7	20.9	11	24.2	28.6	15.4	26.4	25.3	14.3	18.7	11	13.2	20.9	29.7	22	28.6	33	25.3	17.6	14.3	29.7	19.8	14.3	22	19.8	11	24.2	33	26.4	19.8	11	14.3	19.8	15.4	23.1	16.5	11	15.4	17.6	24.2	29.7	28.6	27.5	16.5	27.5	14.3	24.2	18.7	12.1	22	29.7	19.8	14.3	15.4	19.8	15.4	18.7	12.1	16.5	33	19.8	24.2	29.7	17.6	26.4	26.4	31.9	23.1	16.5	24.2	15.4	26.4	23.1	26.4	33	26.4	24.2	24.2	25.3	14.3	25.3	14.3	19.8	19.8	29.7	19.8	14.3	14.3	30.8	17.6	12.1	19.8	14.3	20.9	23.1	30.8	22	16.5	19.8	22	22	16.5	30.8	11	16.5	29.7	17.6	28.6	24.2	20.9	14.3	12.1	33	28.6	15.4	19.8	31.9	11	24.2	26.4	27.5	13.2	12.1	16.5	12.1	24.2	19.8	18.7	33	26.4	31.9	27.5	23.1	23.1	17.6	15.4	30.8	15.4	15.4	11	19.8	29.7	25.3	11	25.3	14.3	23.1	20.9	30.8	19.8	14.3	31.9	29.7	23.1	28.6	22	17.6	12.1	13.2	29.7	24.2	12.1	11	25.3	24.2	23.1	30.8	22	27.5	28.6	19.8	15.4	24.2	28.6	15.4	23.1	27.5	24.2	33	15.4	33	16.5	16.5	14.3	25.3	22	27.5	16.5	12.1	15.4	25.3	24.2	17.6	15.4	11	20.9	12.1	28.6	30.8	25.3	31.9	25.3	14.3	13.2	17.6	12.1	15.4	13.2	15.4	22	11	33	13.2	28.6	19.8	25.3	24.2	33	25.3	26.4	19.8	22	18.7	15.4	22	18.7	15.4	25.3	24.2	16.5	26.4	24.2	22	26.4	13.2	30.8	26.4	26.4	30.8	13.2	15.4	13.2	23.1	18.7	30.8	23.1	30.8	24.2	14.3	11	29.7	16.5	17.6	19.8	16.5	28.6	11	17.6	17.6	23.1	20.9	25.3	26.4	30.8	27.5	30.8	19.8	16.5	15.4	12.1	18.7	29.7	29.7	33	12.1	17.6	14.3	11	22	18.7	30.8	13.2	31.9	33	24.2	31.9	28.6	27.5	30.8	11	13.2	18.7	11	17.6	20.9	28.6	16.5	24.2	13.2	20.9	22	22	26.4	29.7	19.8	12.1	14.3	29.7	19.8	30.8	13.2	25.3	16.5	12.1	15.4	14.3	16.5	24.2	23.1	12.1	18.7	11	19.8	27.5	15.4	22	33	29.7	28.6	11	31.9	27.5	29.7	17.6	16.5	11	17.6	26.4	26.4	30.8	30.8	31.9	28.6	30.8	15.4	29.7	12.1	15.4	33	27.5	24.2	30.8	11	11	12.1	14.3	29.7	29.7	23.1	31.9	30.8	22	18.7	27.5	30.8	28.6	25.3	24.2	26.4	18.7	16.5	28.6	29.7	12.1	25.3	23.1	12.1	29.7	31.9	11	20.9	25.3	20.9	26.4	29.7	13.2	17.6	28.6	25.3	16.5	11	31.9	12.1	17.6	31.9	15.4	26.4	20.9	25.3	29.7	13.2	31.9	
31.9	17.6	14.3	15.4	24.2	30.8	19.8	12.1	23.1	23.1	31.9	12.1	13.2	11	15.4	15.4	23.1	19.8	18.7	12.1	25.3	24.2	17.6	29.7	18.7	20.9	19.8	26.4	27.5	13.2	27.5	15.4	29.7	15.4	29.7	33	12.1	30.8	13.2	13.2	29.7	26.4	12.1	19.8	26.4	30.8	19.8	18.7	22	30.8	12.1	16.5	28.6	11	33	26.4	26.4	23.1	33	17.6	11	23.1	28.6	20.9	19.8	25.3	14.3	15.4	30.8	26.4	18.7	26.4	13.2	33	33	19.8	29.7	23.1	26.4	12.1	29.7	27.5	28.6	20.9	17.6	14.3	25.3	19.8	25.3	13.2	17.6	27.5	19.8	26.4	17.6	26.4	14.3	28.6	25.3	26.4	23.1	27.5	13.2	23.1	20.9	24.2	19.8	31.9	24.2	25.3	11	26.4	17.6	19.8	15.4	20.9	26.4	23.1	23.1	16.5	31.9	16.5	24.2	19.8	25.3	30.8	16.5	20.9	25.3	16.5	28.6	12.1	23.1	17.6	29.7	29.7	16.5	18.7	18.7	12.1	31.9	31.9	28.6	22	19.8	31.9	24.2	24.2	22	28.6	30.8	16.5	24.2	30.8	31.9	31.9	27.5	28.6	14.3	12.1	14.3	33	25.3	18.7	17.6	12.1	27.5	16.5	16.5	27.5	18.7	29.7	26.4	12.1	23.1	14.3	17.6	14.3	27.5	23.1	11	31.9	23.1	20.9	25.3	26.4	22	29.7	29.7	24.2	33	24.2	23.1	17.6	31.9	29.7	16.5	18.7	18.7	13.2	20.9	16.5	12.1	31.9	23.1	23.1	18.7	22	24.2	20.9	16.5	25.3	17.6	13.2	27.5	16.5	11	11	15.4	33	22	24.2	14.3	33	29.7	16.5	26.4	13.2	17.6	23.1	14.3	13.2	27.5	20.9	14.3	28.6	30.8	26.4	18.7	15.4	24.2	12.1	24.2	23.1	19.8	31.9	27.5	18.7	14.3	18.7	11	20.9	13.2	13.2	27.5	19.8	18.7	18.7	29.7	15.4	19.8	12.1	28.6	23.1	19.8	11	25.3	16.5	13.2	16.5	28.6	25.3	30.8	31.9	31.9	26.4	19.8	20.9	20.9	22	25.3	26.4	17.6	26.4	27.5	23.1	22	31.9	15.4	17.6	26.4	15.4	33	30.8	18.7	33	22	22	23.1	23.1	26.4	26.4	14.3	26.4	19.8	12.1	18.7	17.6	14.3	25.3	30.8	25.3	31.9	17.6	11	19.8	23.1	16.5	16.5	29.7	24.2	27.5	27.5	17.6	27.5	11	11	33	19.8	24.2	25.3	27.5	23.1	25.3	17.6	18.7	30.8	14.3	22	23.1	24.2	20.9	33	17.6	23.1	22	20.9	16.5	19.8	17.6	18.7	26.4	30.8	28.6	33	17.6	11	15.4	25.3	12.1	15.4	28.6	19.8	25.3	27.5	17.6	24.2	29.7	33	19.8	22	27.5	25.3	24.2	17.6	20.9	17.6	31.9	30.8	24.2	23.1	23.1	29.7	31.9	14.3	24.2	14.3	15.4	25.3	15.4	15.4	26.4	12.1	25.3	29.7	13.2	14.3	15.4	27.5	18.7	29.7	14.3	27.5	33	28.6	22	17.6	18.7	20.9	11	26.4	19.8	12.1	15.4	29.7	28.6	27.5	33	12.1	33	20.9	27.5	31.9	15.4	24.2	13.2	15.4	11	25.3	11	28.6	14.3	13.2	11	24.2	29.7	17.6	24.2	26.4	11	27.5	28.6	18.7	17.6	15.4	33	22	19.8	28.6	23.1	26.4	16.5	12.1	12.1	20.9	30.8	30.8	31.9	13.2	23.1	15.4	15.4	19.8	27.5	12.1	27.5	22	26.4	19.8	11	25.3	25.3	13.2	23.1	24.2	12.1	16.5	31.9	13.2	27.5	23.1	11	19.8	28.6	19.8	26.4	25.3	14.3	33	19.8	19.8	16.5	16.5	18.7	15.4	29.7	14.3	18.7	31.9	33	30.8	22	24.2	31.9	31.9	28.6	33	17.6	20.9	12.1	26.4	13.2	20.9	17.6	25.3	12.1	18.7	28.6	33	17.6	18.7	30.8	23.1	20.9	11	25.3	27.5	14.3	25.3	31.9	24.2	24.2	30.8	22	17.6	28.6	29.7	24.2	12.1	18.7	24.2	20.9	31.9	33	26.4	23.1	25.3	28.6	22	33	25.3	22	30.8	15.4	25.3	23.1	17.6	13.2	24.2	23.1	29.7	17.6	29.7	28.6	26.4	23.1	14.3	31.9	24.2	22	29.7	24.2	29.7	26.4	24.2	13.2	17.6	23.1	19.8	17.6	24.2	13.2	14.3	19.8	30.8	15.4	16.5	25.3	25.3	26.4	16.5	31.9	31.9	30.8	30.8	19.8	28.6	29.7	29.7	31.9	19.8	16.5	11	33	24.2	22	11	15.4	27.5	28.6	28.6	27.5	33	25.3	30.8	20.9	29.7	17.6	22	12.1	29.7	11	12.1	22	18.7	27.5	29.7	23.1	11	16.5	30.8	22	33	18.7	22	19.8	29.7	30.8	28.6	28.6	25.3	16.5	29.7	24.2	11	13.2	12.1	18.7	24.2	33	22	26.4	18.7	23.1	16.5	33	12.1	24.2	31.9	15.4	20.9	15.4	18.7	23.1	27.5	24.2	19.8	24.2	31.9	28.6	11	11	26.4	15.4	12.1	25.3	27.5	27.5	17.6	31.9	31.9	12.1	18.7	27.5	19.8	31.9	11	33	28.6	33	33	24.2	24.2	20.9	29.7	33	11	24.2	17.6	13.2	25.3	13.2	14.3	27.5	16.5	25.3	13.2	15.4	15.4	27.5	13.2	13.2	11	28.6	11	15.4	23.1	28.6	12.1	14.3	17.6	27.5	20.9	20.9	30.8	18.7	14.3	17.6	27.5	31.9	24.2	26.4	17.6	15.4	27.5	30.8	23.1	16.5	15.4	18.7	23.1	30.8	14.3	11	29.7	28.6	13.2	26.4	29.7	27.5	15.4	11	28.6	22	18.7	28.6	31.9	29.7	28.6	12.1	27.5	19.8	14.3	23.1	22	23.1	20.9	19.8	14.3	27.5	16.5	25.3	19.8	28.6	15.4	16.5	28.6	16.5	19.8	16.5	20.9	30.8	23.1	13.2	27.5	17.6	17.6	24.2	19.8	17.6	24.2	17.6	11	17.6	25.3	11	28.6	23.1	31.9	17.6	14.3	20.9	15.4	27.5	13.2	22	16.5	13.2	13.2	25.3	30.8	15.4	20.9	26.4	11	18.7	26.4	30.8	27.5	15.4	24.2	31.9	23.1	19.8	33	19.8	15.4	27.5	29.7	11	26.4	20.9	25.3	29.7	28.6	12.1	33	29.7	15.4	23.1	24.2	25.3	11	25.3	12.1	30.8	17.6	20.9	27.5	13.2	33	18.7	29.7	14.3	26.4	23.1	24.2	26.4	14.3	17.6	12.1	14.3	15.4	25.3	16.5	13.2	19.8	24.2	20.9	30.8	33	20.9	29.7	13.2	11	17.6	24.2	20.9	16.5	15.4	27.5	24.2	22	15.4	25.3	33	26.4	27.5	30.8	28.6	18.7	11	30.8	28.6	30.8	12.1	20.9	16.5	12.1	31.9	25.3	27.5	26.4	25.3	31.9	13.2	26.4	25.3	27.5	24.2	20.9	17.6	18.7	25.3	31.9	19.8	29.7	30.8	29.7	29.7	23.1	25.3	22	20.9	14.3	23.1	22	16.5	14.3	15.4	28.6	16.5	23.1	26.4	17.6	15.4	14.3	19.8	19.8	25.3	12.1	19.8	33	14.3	22	28.6	16.5	29.7	11	14.3	18.7	11	28.6	25.3	13.2	13.2	14.3	15.4	22	31.9	23.1	26.4	31.9	23.1	30.8	31.9	16.5	27.5	25.3	25.3	24.2	30.8	23.1	26.4	25.3	29.7	27.5	29.7	27.5	31.9	22	31.9	26.4	31.9	16.5	12.1	27.5	20.9	18.7	13.2	19.8	18.7	13.2	18.7	31.9	11	25.3	20.9	23.1	24.2	
29.7	20.9	19.8	14.3	22	16.5	33	27.5	16.5	15.4	33	17.6	27.5	13.2	33	
15	19	16	20	13	13	17	12	17	14	10	17	19	20	11	13	20	15	17	14	16	13	11	11	11	11	14	20	19	15	16	20	11	13	11	16	18	12	11	10	11	16	14	16	19	10	11	14	11	16	19	18	18	18	14	19	14	12	18	11	13	17	18	17	19	13	16	17	17	13	11	17	10	12	18	16	13	20	18	17	13	18	12	11	16	17	18	10	16	15	12	17	12	18	11	16	10	17	17	15	18	16	14	15	19	11	20	12	10	19	16	14	12	20	10	15	17	13	16	19	19	19	13	15	19	15	19	19	19	20	11	11	10	12	14	14	18	11	13	19	10	18	20	19	14	11	14	18	16	13	17	16	13	18	17	13	13	16	15	13	10	17	16	11	20	17	13	19	10	15	14	20	14	11	20	18	10	16	18	13	20	19	19	14	14	16	19	13	15	17	10	17	16	10	14	17	12	15	18	17	20	14	19	16	20	12	14	13	12	18	15	17	15	17	20	17	10	10	15	18	15	14	16	13	19	14	17	13	12	10	19	10	11	13	14	15	18	12	10	18	18	17	10	11	11	14	10	15	15	18	12	15	13	10	10	18	12	16	17	16	10	14	14	20	13	20	10	14	12	13	20	14	13	19	18	12	15	13	13	14	17	20	12	15	13	19	19	16	16	12	18	15	17	16	18	17	19	19	15	16	16	19	17	12	10	11	12	10	18	10	16	19	12	11	11	13	20	11	11	15	15	10	16	13	17	13	11	13	10	14	20	11	20	11	10	15	10	15	18	20	18	13	13	12	12	10	12	16	11	16	15	12	19	16	10	20	10	16	14	19	14	14	15	12	16	14	19	11	17	17	15	11	14	14	12	20	20	12	19	13	13	15	20	16	13	15	17	11	10	13	20	19	18	14	10	15	15	20	16	11	14	17	10	17	10	20	11	14	11	14	17	16	13	17	11	12	13	14	18	11	10	18	13	18	14	14	17	18	14	18	20	14	10	10	15	15	12	19	19	15	17	19	13	14	10	19	15	15	20	13	20	17	15	13	19	20	14	12	18	13	20	14	11	17	14	14	11	19	16	10	19	15	18	12	14	19	18	12	15	11	11	16	12	11	12	20	19	14	17	12	14	20	15	13	13	12	10	14	20	12	13	15	15	12	15	15	16	14	17	15	18	11	16	15	13	11	14	20	20	14	16	15	18	17	20	19	14	17	13	13	15	16	15	13	11	20	16	16	14	16	12	18	18	14	12	11	17	12	14	14	16	12	15	15	10	17	20	15	15	11	18	15	20	15	18	19	18	12	18	17	15	11	12	13	15	19	16	15	15	13	19	11	16	17	18	17	12	16	13	15	13	16	13	19	16	16	20	13	15	13	18	16	17	11	11	17	13	12	10	19	16	11	19	10	10	15	13	14	17	20	20	13	17	17	17	16	12	20	18	12	20	16	16	10	18	17	19	16	16	11	18	15	14	10	18	11	17	11	17	14	13	12	11	12	10	10	19	10	20	15	19	13	19	14	18	20	12	17	19	17	16	14	16	13	16	18	18	15	20	12	12	19	10	10	14	17	17	17	19	20	18	11	19	16	15	14	15	13	18	12	13	14	20	11	12	10	20	19	11	14	19	12	13	15	20	16	16	18	14	15	10	13	10	15	13	20	18	11	11	16	11	12	17	16	17	11	10	18	15	14	12	11	17	11	14	13	10	16	11	15	19	13	11	18	11	18	19	18	15	18	11	13	17	11	11	18	10	12	16	20	17	16	16	12	18	20	15	11	17	20	13	12	15	14	18	12	10	14	19	11	10	15	15	17	18	18	11	19	18	12	17	13	20	10	10	14	10	19	14	19	15	14	16	11	10	18	18	17	11	18	16	19	20	10	14	17	12	20	20	13	20	20	12	14	14	18	16	14	15	19	18	15	14	15	13	17	19	10	13	17	10	12	19	13	16	13	14	12	10	10	14	18	10	20	17	15	13	11	15	18	11	10	13	18	11	10	10	10	11	19	15	13	11	12	11	16	17	18	15	15	19	19	13	16	15	12	12	17	19	10	10	12	12	12	12	15	11	20	15	14	13	16	15	15	10	19	10	10	16	11	14	15	11	12	19	11	12	13	20	11	20	15	15	20	14	15	20	12	17	18	19	17	13	17	14	10	10	18	19	10	11	13	13	14	17	14	17	13	12	18	15	10	17	20	20	14	11	10	12	12	10	10	18	19	18	17	20	19	19	10	14	18	12	19	19	13	12	14	12	20	19	15	11	17	17	18	15	14	14	16	
1	1	1	1	1	1	1	1	1	1	1	1	1	1	1	1	1	1	1	1	1	1	1	1	1	1	1	1	1	1	1	1	1	1	1	1	1	1	1	1	1	1	1	1	1	1	1	1	1	1	1	1	1	1	1	1	1	1	1	1	1	1	1	1	2	2	2	2	2	2	2	2	2	2	2	2	2	2	2	2	2	2	2	2	2	2	2	2	2	2	2	2	2	2	2	2	2	2	2	2	2	2	2	2	2	2	2	2	2	2	2	2	2	2	2	2	2	2	2	2	3	3	3	3	3	3	3	3	3	3	3	3	3	3	3	3	3	3	3	3	3	3	3	3	3	3	3	3	3	3	3	3	3	3	3	3	3	3	3	3	3	3	3	3	3	3	3	3	3	3	3	3	3	3	3	3	3	3	3	3	3	3	3	3	3	3	3	3	3	3	3	4	4	4	4	4	4	4	4	4	4	4	4	4	4	4	4	4	4	4	4	4	4	4	4	4	4	4	4	4	4	4	4	4	4	4	4	4	4	4	4	4	4	4	4	4	4	4	4	4	4	4	4	4	4	4	4	4	4	4	4	4	4	4	4	4	4	4	4	4	5	5	5	5	5	5	5	5	5	5	5	5	5	5	5	5	5	5	5	5	5	5	5	5	5	5	5	5	5	5	5	5	5	5	5	5	5	5	5	5	5	5	5	5	5	5	5	5	5	5	5	5	5	5	5	5	5	5	5	5	5	5	5	5	6	6	6	6	6	6	6	6	6	6	6	6	6	6	6	6	6	6	6	6	6	6	6	6	6	6	6	6	6	6	6	6	6	6	6	6	6	6	6	6	6	6	6	6	6	6	6	6	6	6	6	6	6	6	6	6	6	6	6	6	6	6	6	6	6	6	6	6	6	6	6	6	6	6	6	7	7	7	7	7	7	7	7	7	7	7	7	7	7	7	7	7	7	7	7	7	7	7	7	7	7	7	7	7	7	7	7	7	7	7	7	7	7	7	7	7	7	7	7	7	7	7	7	7	7	7	7	7	7	7	7	7	7	8	8	8	8	8	8	8	8	8	8	8	8	8	8	8	8	8	8	8	8	8	8	8	8	8	8	8	8	8	8	8	8	8	8	8	8	8	8	8	8	8	8	8	8	8	8	8	8	8	8	8	8	8	8	8	8	8	8	9	9	9	9	9	9	9	9	9	9	9	9	9	9	9	9	9	9	9	9	9	9	9	9	9	9	9	9	9	9	9	9	9	9	9	9	9	9	9	9	9	9	9	9	9	9	9	9	9	9	9	9	9	9	9	9	9	9	9	9	9	9	9	9	9	9	9	9	9	9	9	9	9	9	9	9	10	10	10	10	10	10	10	10	10	10	10	10	10	10	10	10	10	10	10	10	10	10	10	10	10	10	10	10	10	10	10	10	10	10	10	10	10	10	10	10	10	10	10	10	10	10	10	10	10	10	10	10	10	10	10	10	10	10	10	10	11	11	11	11	11	11	11	11	11	11	11	11	11	11	11	11	11	11	11	11	11	11	11	11	11	11	11	11	11	11	11	11	11	11	11	11	11	11	11	11	11	11	11	11	11	11	11	11	11	11	11	11	11	11	11	11	11	11	11	11	11	12	12	12	12	12	12	12	12	12	12	12	12	12	12	12	12	12	12	12	12	12	12	12	12	12	12	12	12	12	12	12	12	12	12	12	12	12	12	12	12	12	12	12	12	12	12	12	12	12	12	12	12	12	12	12	12	12	12	12	12	12	12	12	12	12	12	12	12	12	12	12	12	12	12	12	12	13	13	13	13	13	13	13	13	13	13	13	13	13	13	13	13	13	13	13	13	13	13	13	13	13	13	13	13	13	13	13	13	13	13	13	13	13	13	13	13	13	13	13	13	13	13	13	13	13	13	13	13	13	13	13	13	13	13	13	13	13	13	13	13	13	13	13	13	13	13	13	13	13	14	14	14	14	14	14	14	14	14	14	14	14	14	14	14	14	14	14	14	14	14	14	14	14	14	14	14	14	14	14	14	14	14	14	14	14	14	14	14	14	14	14	14	14	14	14	14	14	14	14	14	14	14	14	14	14	14	14	14	14	14	14	14	14	14	14	14	14	14	14	14	14	14	14	15	15	15	15	15	15	15	15	15	15	15	15	15	15	15	15	15	15	15	15	15	15	15	15	15	15	15	15	15	15	15	15	15	15	15	15	15	15	15	15	15	15	15	15	15	15	15	15	15	15	15	15	15	15	15	15	15	15	15	15	15	15	15	15	15	
