1000
15	2
1050	15.4
31	28	28	26	26	28	31	28	27	31	29	31	27	31	27	26	27	30	27	31	28	28	29	31	27	30	26	31	30	27	26	27	28	26	31	30	29	29	28	29	28	29	30	29	27	31	29	31	29	26	31	28	30	28	30	30	26	31	27	26	29	30	31	30	30	27	28	28	26	31	31	28	30	31	29	26	29	27	31	31	30	30	26	31	26	28	30	30	28	29	29	26	30	27	30	31	27	26	26	28	27	30	28	29	27	28	27	28	29	29	26	29	31	29	30	28	31	30	30	30	28	29	28	31	28	27	28	27	30	26	27	31	26	30	27	26	29	30	29	29	29	29	29	28	29	29	30	28	31	28	31	27	29	29	27	27	28	26	30	31	29	29	31	26	28	26	30	31	26	26	31	31	26	31	31	26	29	30	29	27	27	31	29	29	29	26	31	30	30	31	26	29	27	28	30	27	28	29	31	28	27	27	29	27	28	29	26	27	26	30	31	29	31	26	28	27	30	28	30	26	28	27	29	28	30	26	26	30	30	26	26	26	28	31	26	29	26	26	30	26	28	27	29	27	30	28	27	31	27	29	26	27	27	27	28	26	28	29	28	28	31	29	27	27	28	29	26	26	28	29	30	27	29	28	30	31	30	26	26	29	27	29	31	29	26	30	28	31	30	30	27	26	26	31	26	27	28	29	31	26	31	27	30	30	31	26	26	29	26	29	26	31	31	27	26	29	30	29	30	26	28	29	29	31	30	31	26	30	31	30	27	31	27	31	26	29	31	30	29	30	29	27	26	29	29	31	26	31	29	31	28	29	28	31	26	30	27	27	26	30	27	26	28	26	28	26	26	27	26	29	29	28	26	27	26	28	28	29	26	31	30	31	28	27	27	30	28	29	31	30	26	29	28	28	30	29	28	28	28	28	31	29	27	26	26	28	31	30	30	28	26	29	27	31	30	27	26	29	31	28	27	26	28	31	28	29	26	26	27	31	31	29	29	28	26	26	30	27	28	29	28	27	28	29	28	28	31	29	31	30	27	31	29	31	31	26	29	26	27	27	30	29	28	26	26	30	29	29	30	30	30	26	31	31	31	26	29	30	30	30	29	26	29	29	31	27	31	28	27	31	31	30	29	30	28	31	26	27	26	29	31	29	31	31	30	31	26	30	30	29	27	28	31	26	29	31	29	31	28	28	28	28	29	26	31	28	27	29	26	29	30	28	27	27	29	26	30	28	26	28	28	28	27	29	28	31	29	27	26	29	28	26	28	29	28	26	30	30	28	30	28	27	29	29	28	29	31	27	29	31	26	27	27	28	30	26	28	27	31	31	29	27	27	28	31	27	28	28	27	30	27	31	31	30	28	27	30	27	26	26	27	30	28	31	28	29	28	28	29	29	26	26	27	29	29	26	28	30	30	28	26	28	31	31	31	31	27	30	31	31	27	28	28	27	30	26	31	29	30	26	30	29	30	30	28	27	31	27	31	31	31	30	26	27	28	30	26	30	26	30	26	26	26	29	26	28	26	26	30	30	28	29	29	30	27	31	26	31	27	29	26	26	31	30	31	27	27	28	29	29	26	29	27	27	27	26	28	31	30	28	29	26	31	26	29	28	30	31	30	26	29	29	29	30	30	27	28	28	30	27	31	30	29	28	30	28	29	26	30	26	28	27	31	27	31	26	26	28	29	27	30	31	31	31	26	28	27	27	31	26	28	29	29	29	26	30	30	29	30	31	28	28	31	29	26	27	31	26	29	30	27	30	26	31	30	27	27	30	31	26	30	26	26	28	29	26	26	27	30	31	30	26	30	26	30	27	31	28	30	30	31	29	30	29	28	31	26	30	26	28	27	26	30	27	27	27	31	31	28	29	27	26	28	30	31	30	26	30	27	31	27	31	30	29	28	31	27	30	28	29	28	30	27	29	28	28	30	29	31	30	31	29	27	30	29	26	31	31	31	27	28	26	28	29	29	30	31	26	28	28	29	31	27	27	29	29	30	26	26	26	31	26	28	29	26	29	27	27	31	30	26	30	27	27	28	26	26	30	26	31	26	29	30	31	26	27	30	31	26	31	29	29	31	26	30	28	28	30	30	26	26	26	30	27	31	30	27	30	28	31	28	28	30	27	30	26	28	30	27	29	29	28	29	27	26	29	30	28	29	26	30	28	27	27	31	30	27	31	28	31	30	30	31	30	29	28	31	29	31	26	29	28	26	31	27	27	29	29	27	29	27	26	29	29	27	29	30	28	30	28	28	28	27	26	30	26	28	30	28	26	
85	93	88	91	87	81	88	86	89	90	84	86	87	92	90	91	79	82	86	94	83	80	94	89	82	90	78	86	80	93	83	88	78	90	87	90	76	83	83	81	77	84	83	80	87	91	79	83	90	89	81	80	90	81	93	90	91	79	91	83	80	89	81	76	93	81	76	92	94	81	87	89	84	79	89	80	78	89	90	88	81	76	90	89	86	81	86	77	78	78	78	84	89	80	81	83	90	80	77	83	89	76	82	92	84	89	78	92	78	79	84	85	79	85	79	92	92	93	91	79	94	93	83	86	92	92	88	84	90	83	79	81	79	94	88	83	87	92	76	83	91	82	77	85	81	92	87	78	82	89	92	83	89	86	80	94	93	83	79	93	88	92	86	83	77	88	81	78	83	85	85	94	93	81	76	92	92	78	90	82	76	89	80	94	77	89	83	78	91	84	83	84	84	88	92	93	84	77	94	77	83	78	82	84	83	89	83	90	88	79	86	86	88	84	79	85	79	88	85	87	91	82	92	81	91	93	82	78	83	91	89	82	79	91	87	85	87	91	93	86	91	88	93	89	82	82	82	76	89	87	78	80	90	93	81	76	93	79	92	81	76	77	79	92	93	77	79	92	82	84	88	83	91	83	85	79	81	93	93	76	83	93	90	88	89	92	81	82	94	91	80	93	93	82	81	82	88	94	90	90	79	77	82	92	88	81	87	77	90	82	89	77	91	86	88	81	94	78	79	82	90	76	80	85	77	80	87	89	81	85	90	80	91	79	81	80	79	82	86	79	90	90	89	93	86	82	88	91	90	86	87	79	83	82	86	92	81	91	76	94	84	88	90	78	80	87	90	84	87	77	88	79	94	88	94	79	91	88	93	82	94	93	78	88	83	85	90	88	76	83	93	91	80	87	80	89	81	84	86	92	94	79	81	79	82	80	89	94	87	81	89	94	77	87	84	80	76	76	85	79	83	80	83	89	80	76	92	88	94	84	78	78	92	77	82	93	78	93	81	88	92	85	92	86	90	92	81	84	81	89	92	93	92	92	76	77	94	84	80	90	79	89	76	81	87	88	82	87	83	93	85	89	85	78	81	77	83	86	91	93	83	86	87	87	88	81	87	81	87	83	89	84	77	94	87	86	82	85	93	94	80	77	86	83	81	92	76	80	85	84	90	89	76	84	90	83	94	91	83	79	89	91	90	81	87	92	89	93	84	87	77	92	92	86	89	85	92	92	82	94	91	86	94	82	83	93	87	76	91	88	76	76	85	91	94	88	89	77	88	85	83	84	84	92	81	94	89	86	84	78	93	76	84	93	94	86	92	85	77	79	82	90	84	89	87	77	81	76	81	78	86	84	88	85	90	87	86	80	94	81	86	86	89	93	80	83	85	86	90	80	91	78	82	90	77	89	78	79	83	89	90	94	80	89	91	77	90	93	82	91	88	76	94	93	85	77	81	94	89	81	88	87	88	94	76	86	77	91	94	88	86	93	85	84	79	79	82	93	87	76	83	83	85	77	76	89	82	92	85	91	77	93	78	94	92	84	77	87	80	82	93	81	78	94	85	80	92	90	85	81	84	86	88	79	94	85	89	84	90	87	90	81	89	79	86	88	88	90	76	86	88	83	82	79	93	92	86	94	91	89	81	93	94	76	82	81	80	87	87	77	84	77	83	85	85	80	77	83	76	82	89	81	90	88	83	93	93	92	87	81	89	76	78	77	93	87	93	83	81	89	76	85	81	94	89	90	84	81	93	81	88	78	79	81	85	84	88	87	76	78	88	78	78	76	80	79	90	94	78	78	81	93	89	81	90	77	90	94	76	90	84	94	89	91	94	91	88	77	90	87	90	86	85	80	83	78	94	77	87	88	78	85	91	81	88	91	79	79	86	87	80	81	88	93	83	83	82	94	79	94	76	79	91	89	76	79	92	83	80	79	85	80	77	79	83	94	79	83	94	86	90	85	94	78	85	84	88	79	83	80	90	93	84	79	83	80	79	93	84	92	79	81	91	88	89	92	90	90	82	79	78	88	86	85	81	87	84	92	84	89	82	86	81	83	78	86	91	81	81	92	88	82	90	79	89	82	87	77	80	77	88	82	83	83	94	92	80	81	94	91	80	89	85	82	90	79	84	79	81	89	92	91	76	80	90	94	87	84	76	94	77	79	81	89	89	85	85	93	91	79	78	80	88	90	82	79	92	89	91	83	81	90	94	81	83	80	83	88	94	87	84	87	84	82	83	84	80	78	89	76	86	81	83	90	93	84	83	86	83	83	
29.7	15.4	26.4	24.2	27.5	16.5	26.4	15.4	17.6	15.4	20.9	31.9	22	22	24.2	18.7	14.3	14.3	19.8	14.3	12.1	19.8	15.4	14.3	28.6	17.6	33	27.5	25.3	24.2	28.6	24.2	30.8	23.1	15.4	23.1	33	11	11	16.5	11	19.8	13.2	16.5	33	26.4	11	27.5	11	15.4	26.4	29.7	26.4	25.3	13.2	28.6	27.5	20.9	26.4	15.4	20.9	15.4	26.4	31.9	15.4	30.8	20.9	22	15.4	20.9	29.7	23.1	25.3	30.8	18.7	29.7	14.3	29.7	28.6	25.3	12.1	31.9	31.9	18.7	18.7	16.5	18.7	14.3	16.5	13.2	22	31.9	22	12.1	18.7	27.5	14.3	19.8	31.9	30.8	27.5	13.2	16.5	18.7	18.7	14.3	29.7	25.3	26.4	31.9	13.2	26.4	20.9	30.8	16.5	25.3	11	18.7	29.7	23.1	20.9	13.2	12.1	24.2	14.3	20.9	14.3	26.4	24.2	18.7	30.8	22	12.1	33	20.9	15.4	31.9	25.3	16.5	19.8	17.6	18.7	22	31.9	16.5	13.2	30.8	15.4	24.2	12.1	26.4	12.1	26.4	31.9	30.8	22	20.9	15.4	24.2	14.3	24.2	30.8	24.2	31.9	23.1	15.4	28.6	24.2	17.6	23.1	15.4	33	19.8	16.5	18.7	18.7	22	22	12.1	14.3	23.1	18.7	27.5	26.4	30.8	26.4	25.3	19.8	33	29.7	11	14.3	18.7	22	15.4	31.9	30.8	23.1	11	23.1	14.3	16.5	24.2	19.8	31.9	28.6	16.5	15.4	11	11	30.8	24.2	28.6	22	14.3	17.6	33	17.6	25.3	25.3	29.7	31.9	25.3	28.6	16.5	23.1	17.6	20.9	17.6	13.2	26.4	16.5	24.2	18.7	20.9	14.3	31.9	23.1	16.5	30.8	17.6	26.4	23.1	22	26.4	19.8	18.7	30.8	19.8	16.5	30.8	25.3	17.6	28.6	22	14.3	19.8	23.1	17.6	17.6	11	12.1	17.6	29.7	28.6	23.1	33	15.4	17.6	14.3	15.4	18.7	20.9	26.4	22	25.3	30.8	29.7	18.7	27.5	12.1	24.2	27.5	28.6	19.8	20.9	20.9	26.4	22	29.7	19.8	24.2	23.1	14.3	14.3	26.4	13.2	11	29.7	30.8	16.5	26.4	27.5	24.2	18.7	17.6	13.2	18.7	31.9	31.9	11	14.3	13.2	19.8	18.7	27.5	12.1	20.9	15.4	18.7	30.8	29.7	27.5	15.4	33	15.4	30.8	13.2	15.4	13.2	27.5	18.7	25.3	30.8	24.2	28.6	20.9	14.3	30.8	31.9	23.1	22	33	23.1	15.4	27.5	30.8	25.3	16.5	18.7	22	27.5	22	25.3	14.3	31.9	20.9	13.2	22	17.6	23.1	30.8	15.4	31.9	28.6	14.3	28.6	31.9	16.5	30.8	20.9	24.2	31.9	17.6	18.7	28.6	25.3	16.5	29.7	33	26.4	14.3	28.6	20.9	33	33	23.1	24.2	16.5	12.1	30.8	25.3	30.8	24.2	13.2	22	31.9	23.1	15.4	25.3	11	29.7	20.9	25.3	26.4	16.5	23.1	33	23.1	30.8	13.2	11	15.4	29.7	16.5	26.4	30.8	31.9	24.2	30.8	16.5	14.3	23.1	26.4	14.3	27.5	30.8	27.5	16.5	33	18.7	31.9	23.1	16.5	24.2	22	26.4	19.8	13.2	29.7	11	19.8	24.2	18.7	29.7	20.9	14.3	12.1	27.5	28.6	26.4	11	16.5	14.3	20.9	17.6	26.4	13.2	16.5	18.7	24.2	33	16.5	33	24.2	27.5	24.2	12.1	12.1	16.5	25.3	15.4	28.6	31.9	15.4	24.2	23.1	29.7	20.9	16.5	13.2	11	26.4	12.1	25.3	31.9	18.7	17.6	12.1	19.8	23.1	29.7	15.4	33	12.1	16.5	12.1	15.4	26.4	20.9	27.5	17.6	30.8	29.7	30.8	22	11	25.3	20.9	29.7	23.1	14.3	17.6	16.5	14.3	22	12.1	26.4	12.1	12.1	14.3	16.5	17.6	13.2	16.5	24.2	11	29.7	18.7	16.5	18.7	20.9	24.2	15.4	23.1	25.3	15.4	12.1	24.2	26.4	22	29.7	25.3	20.9	26.4	33	14.3	27.5	16.5	13.2	13.2	23.1	16.5	27.5	22	25.3	11	28.6	17.6	25.3	15.4	23.1	16.5	29.7	19.8	16.5	12.1	26.4	18.7	23.1	26.4	33	17.6	18.7	15.4	23.1	14.3	23.1	33	23.1	19.8	20.9	18.7	30.8	14.3	28.6	19.8	22	23.1	29.7	11	22	11	30.8	15.4	29.7	29.7	18.7	24.2	17.6	20.9	18.7	23.1	15.4	14.3	31.9	13.2	33	19.8	30.8	20.9	33	30.8	28.6	13.2	15.4	22	15.4	27.5	30.8	17.6	13.2	23.1	27.5	11	33	17.6	17.6	24.2	19.8	24.2	25.3	15.4	23.1	13.2	23.1	29.7	29.7	23.1	18.7	28.6	24.2	16.5	26.4	28.6	25.3	33	23.1	26.4	22	24.2	22	15.4	16.5	27.5	26.4	18.7	24.2	15.4	31.9	19.8	11	25.3	11	14.3	29.7	19.8	18.7	28.6	22	19.8	18.7	28.6	18.7	12.1	20.9	19.8	20.9	18.7	30.8	18.7	15.4	27.5	14.3	20.9	26.4	20.9	15.4	13.2	14.3	33	12.1	11	25.3	12.1	13.2	18.7	31.9	14.3	33	18.7	15.4	12.1	29.7	16.5	15.4	22	31.9	29.7	13.2	17.6	28.6	17.6	23.1	18.7	31.9	23.1	28.6	25.3	24.2	11	13.2	24.2	14.3	20.9	19.8	15.4	16.5	11	25.3	30.8	13.2	12.1	29.7	26.4	17.6	20.9	23.1	25.3	29.7	25.3	22	30.8	24.2	29.7	16.5	26.4	28.6	11	24.2	12.1	20.9	26.4	22	13.2	30.8	31.9	14.3	23.1	27.5	22	25.3	25.3	19.8	33	23.1	16.5	33	11	16.5	14.3	23.1	27.5	19.8	18.7	25.3	28.6	16.5	28.6	28.6	24.2	18.7	25.3	29.7	28.6	11	17.6	33	15.4	13.2	33	23.1	20.9	15.4	20.9	28.6	24.2	17.6	19.8	31.9	26.4	30.8	17.6	26.4	15.4	25.3	19.8	30.8	16.5	33	11	30.8	19.8	24.2	30.8	28.6	15.4	29.7	18.7	14.3	23.1	20.9	30.8	11	15.4	17.6	11	29.7	19.8	12.1	15.4	23.1	24.2	26.4	27.5	33	29.7	23.1	26.4	31.9	17.6	23.1	26.4	24.2	19.8	18.7	18.7	19.8	25.3	26.4	11	16.5	27.5	17.6	19.8	29.7	23.1	13.2	11	15.4	11	29.7	16.5	22	27.5	26.4	19.8	14.3	25.3	17.6	28.6	17.6	19.8	23.1	25.3	30.8	26.4	23.1	30.8	30.8	19.8	26.4	17.6	19.8	11	27.5	13.2	31.9	23.1	15.4	17.6	24.2	20.9	11	33	19.8	30.8	29.7	16.5	30.8	20.9	23.1	16.5	13.2	27.5	11	23.1	28.6	31.9	29.7	14.3	18.7	18.7	14.3	16.5	18.7	23.1	19.8	24.2	28.6	20.9	33	23.1	27.5	25.3	12.1	33	15.4	24.2	18.7	12.1	13.2	26.4	17.6	27.5	11	31.9	22	19.8	22	24.2	14.3	14.3	20.9	33	11	24.2	33	27.5	24.2	23.1	11	20.9	12.1	11	18.7	12.1	14.3	17.6	28.6	28.6	14.3	17.6	16.5	31.9	28.6	16.5	25.3	20.9	18.7	17.6	14.3	15.4	11	28.6	14.3	19.8	28.6	12.1	23.1	13.2	17.6	14.3	31.9	22	25.3	13.2	15.4	16.5	18.7	13.2	28.6	11	22	15.4	22	25.3	18.7	15.4	22	
23.1	14.3	30.8	18.7	31.9	24.2	26.4	14.3	31.9	14.3	29.7	11	22	22	31.9	17.6	29.7	17.6	30.8	15.4	18.7	22	23.1	12.1	28.6	23.1	18.7	31.9	23.1	33	14.3	27.5	25.3	28.6	29.7	23.1	19.8	23.1	20.9	26.4	19.8	25.3	11	16.5	16.5	33	33	28.6	33	33	33	25.3	15.4	30.8	27.5	12.1	18.7	14.3	25.3	27.5	15.4	15.4	16.5	33	29.7	11	33	17.6	17.6	29.7	33	25.3	27.5	29.7	17.6	31.9	13.2	28.6	17.6	12.1	28.6	11	28.6	19.8	11	12.1	30.8	27.5	29.7	29.7	20.9	19.8	14.3	33	16.5	13.2	14.3	16.5	14.3	17.6	28.6	17.6	26.4	29.7	20.9	22	29.7	29.7	31.9	25.3	33	24.2	29.7	30.8	23.1	16.5	19.8	17.6	18.7	27.5	26.4	24.2	15.4	15.4	13.2	17.6	11	16.5	30.8	20.9	15.4	24.2	15.4	25.3	11	15.4	22	27.5	22	15.4	12.1	15.4	18.7	26.4	23.1	14.3	11	28.6	16.5	16.5	13.2	33	20.9	24.2	31.9	16.5	12.1	33	17.6	12.1	31.9	22	20.9	31.9	17.6	19.8	18.7	17.6	15.4	23.1	22	14.3	27.5	24.2	25.3	18.7	20.9	24.2	15.4	20.9	27.5	33	29.7	18.7	25.3	23.1	31.9	33	23.1	24.2	16.5	15.4	26.4	30.8	13.2	24.2	27.5	27.5	14.3	30.8	20.9	23.1	17.6	15.4	12.1	24.2	29.7	11	20.9	33	16.5	12.1	22	20.9	17.6	31.9	11	11	14.3	33	29.7	17.6	14.3	13.2	23.1	18.7	31.9	13.2	20.9	12.1	33	31.9	26.4	22	11	16.5	28.6	14.3	24.2	31.9	11	15.4	11	33	16.5	26.4	31.9	28.6	13.2	11	11	17.6	23.1	12.1	14.3	33	11	28.6	30.8	14.3	27.5	11	20.9	14.3	30.8	25.3	17.6	19.8	26.4	12.1	16.5	31.9	20.9	25.3	11	14.3	28.6	15.4	19.8	33	14.3	25.3	18.7	25.3	15.4	28.6	17.6	13.2	14.3	25.3	28.6	29.7	14.3	20.9	16.5	22	33	31.9	24.2	14.3	29.7	27.5	20.9	15.4	16.5	24.2	23.1	14.3	11	27.5	20.9	24.2	33	33	24.2	24.2	27.5	12.1	17.6	23.1	19.8	14.3	22	17.6	27.5	19.8	16.5	26.4	25.3	24.2	11	11	24.2	22	24.2	31.9	28.6	16.5	30.8	14.3	23.1	27.5	23.1	27.5	26.4	12.1	24.2	28.6	20.9	13.2	25.3	14.3	29.7	20.9	11	24.2	12.1	26.4	18.7	15.4	18.7	20.9	33	17.6	12.1	25.3	22	33	11	22	15.4	15.4	16.5	14.3	29.7	14.3	26.4	24.2	22	28.6	13.2	12.1	31.9	25.3	31.9	16.5	19.8	25.3	17.6	31.9	16.5	22	25.3	24.2	22	14.3	24.2	20.9	33	14.3	31.9	14.3	11	25.3	20.9	11	20.9	22	17.6	33	22	29.7	28.6	28.6	16.5	16.5	11	13.2	19.8	26.4	30.8	30.8	19.8	17.6	33	20.9	25.3	33	25.3	13.2	23.1	33	14.3	28.6	23.1	19.8	30.8	30.8	27.5	15.4	13.2	19.8	28.6	12.1	24.2	14.3	20.9	17.6	31.9	14.3	18.7	16.5	26.4	31.9	18.7	33	11	13.2	28.6	22	13.2	17.6	11	27.5	28.6	24.2	15.4	30.8	24.2	33	33	28.6	27.5	26.4	30.8	11	27.5	23.1	15.4	30.8	23.1	30.8	16.5	28.6	33	22	24.2	31.9	14.3	27.5	12.1	29.7	23.1	30.8	31.9	17.6	31.9	11	33	20.9	28.6	25.3	14.3	33	19.8	29.7	30.8	25.3	20.9	18.7	30.8	22	22	24.2	33	15.4	20.9	12.1	28.6	12.1	18.7	30.8	13.2	12.1	27.5	22	25.3	19.8	20.9	22	19.8	23.1	25.3	27.5	19.8	20.9	23.1	33	20.9	11	26.4	29.7	25.3	22	15.4	14.3	18.7	29.7	24.2	13.2	24.2	15.4	33	26.4	15.4	28.6	16.5	27.5	25.3	19.8	24.2	22	15.4	31.9	19.8	17.6	15.4	28.6	13.2	16.5	22	22	31.9	31.9	30.8	23.1	16.5	16.5	12.1	22	29.7	26.4	22	28.6	27.5	18.7	20.9	24.2	29.7	25.3	33	23.1	22	26.4	16.5	26.4	14.3	11	20.9	11	25.3	30.8	15.4	23.1	23.1	11	19.8	29.7	14.3	24.2	18.7	29.7	14.3	20.9	27.5	27.5	14.3	26.4	24.2	24.2	11	20.9	12.1	17.6	22	17.6	12.1	18.7	30.8	25.3	12.1	24.2	28.6	24.2	25.3	12.1	13.2	33	16.5	30.8	27.5	19.8	31.9	12.1	24.2	27.5	31.9	27.5	16.5	20.9	16.5	26.4	11	33	12.1	11	25.3	11	17.6	29.7	20.9	20.9	31.9	12.1	15.4	29.7	11	31.9	17.6	27.5	30.8	19.8	26.4	11	26.4	30.8	25.3	13.2	20.9	18.7	24.2	26.4	33	14.3	26.4	25.3	14.3	19.8	20.9	14.3	11	17.6	19.8	31.9	20.9	22	20.9	17.6	30.8	33	17.6	12.1	18.7	11	20.9	24.2	17.6	24.2	33	20.9	27.5	20.9	23.1	27.5	23.1	31.9	13.2	29.7	22	28.6	24.2	22	33	30.8	14.3	23.1	17.6	22	11	30.8	23.1	11	19.8	33	31.9	13.2	16.5	24.2	31.9	29.7	27.5	26.4	33	13.2	12.1	24.2	27.5	30.8	29.7	31.9	18.7	13.2	12.1	31.9	14.3	24.2	11	15.4	18.7	31.9	23.1	18.7	20.9	11	27.5	13.2	33	20.9	18.7	11	30.8	11	15.4	17.6	20.9	23.1	29.7	13.2	24.2	33	23.1	25.3	30.8	27.5	19.8	27.5	29.7	18.7	30.8	31.9	24.2	16.5	14.3	12.1	33	13.2	19.8	17.6	13.2	28.6	19.8	20.9	27.5	26.4	16.5	18.7	27.5	20.9	16.5	20.9	13.2	26.4	33	27.5	15.4	24.2	28.6	26.4	14.3	13.2	11	23.1	12.1	19.8	30.8	27.5	29.7	31.9	25.3	25.3	15.4	15.4	11	14.3	33	22	33	24.2	15.4	11	18.7	20.9	31.9	31.9	18.7	20.9	29.7	22	17.6	16.5	17.6	11	24.2	31.9	26.4	24.2	12.1	31.9	20.9	28.6	23.1	28.6	26.4	11	27.5	17.6	17.6	29.7	18.7	30.8	31.9	19.8	22	30.8	33	25.3	26.4	30.8	19.8	33	13.2	24.2	20.9	18.7	13.2	28.6	15.4	18.7	22	15.4	25.3	25.3	27.5	31.9	16.5	19.8	33	17.6	22	25.3	20.9	27.5	25.3	33	26.4	24.2	15.4	13.2	31.9	20.9	11	33	31.9	13.2	13.2	24.2	25.3	13.2	17.6	18.7	27.5	15.4	14.3	33	12.1	31.9	30.8	20.9	30.8	16.5	30.8	20.9	33	29.7	25.3	25.3	33	15.4	18.7	33	14.3	24.2	28.6	33	12.1	31.9	33	15.4	33	25.3	27.5	12.1	28.6	16.5	14.3	12.1	27.5	19.8	14.3	15.4	25.3	29.7	11	15.4	30.8	28.6	33	13.2	27.5	23.1	19.8	19.8	30.8	13.2	13.2	28.6	17.6	19.8	13.2	16.5	18.7	11	30.8	11	19.8	13.2	27.5	13.2	25.3	31.9	16.5	15.4	26.4	33	20.9	18.7	14.3	18.7	28.6	13.2	
33	20.9	24.2	14.3	20.9	24.2	25.3	20.9	30.8	15.4	29.7	24.2	14.3	16.5	19.8	
11	15	18	13	16	17	15	15	13	16	18	19	18	15	13	13	20	13	17	18	16	19	18	13	18	12	16	17	19	16	16	14	14	11	12	16	11	11	18	17	13	13	16	16	20	10	14	19	15	13	10	13	17	16	20	12	17	14	15	16	14	19	17	18	18	17	18	13	10	17	11	18	18	12	16	15	17	12	17	11	16	13	11	19	20	15	10	11	14	20	16	13	20	13	13	18	11	18	15	12	16	14	20	11	16	18	17	18	13	18	15	18	15	15	10	13	17	10	18	14	14	19	17	16	15	16	14	15	14	13	17	18	13	15	11	10	18	12	13	12	11	19	14	16	12	14	11	18	16	14	20	12	17	20	14	15	11	11	15	12	16	10	17	13	17	19	14	14	18	14	12	14	18	15	11	19	20	12	12	18	11	15	11	10	17	15	11	17	12	19	16	14	11	18	14	12	15	15	12	12	19	17	13	16	20	10	12	14	14	15	16	18	19	17	13	16	12	10	13	17	14	13	18	14	11	18	12	11	12	10	15	13	18	18	19	17	16	18	15	20	17	15	15	20	20	19	10	18	16	14	15	20	19	10	17	15	15	10	10	15	18	13	19	15	14	12	11	14	19	10	15	14	16	15	18	11	18	20	18	11	20	12	20	16	15	18	15	16	18	13	17	17	19	11	16	14	18	19	14	18	20	13	20	16	18	18	19	18	16	20	13	17	12	18	17	11	17	20	15	19	12	16	17	10	13	17	15	16	19	15	14	19	10	17	11	13	19	11	11	13	12	16	14	11	11	10	13	12	11	11	17	16	12	19	18	17	20	11	20	14	12	11	19	19	13	17	14	17	15	10	16	16	20	18	11	12	11	11	11	16	16	19	14	13	16	11	18	15	19	13	18	12	17	18	18	11	19	16	13	20	16	11	10	11	19	20	13	17	20	20	10	19	11	15	18	17	11	10	12	20	15	14	14	18	16	13	16	15	14	20	12	15	11	11	12	12	14	19	10	19	10	13	17	14	12	14	14	12	13	13	14	10	17	12	18	13	13	10	17	15	10	17	20	11	17	15	12	14	11	12	14	11	10	15	19	11	16	10	17	14	10	12	11	12	14	15	15	16	15	13	14	13	16	14	10	15	15	13	13	10	16	17	19	10	10	20	17	11	20	13	11	18	13	19	11	17	16	15	10	14	20	11	20	15	11	12	14	10	19	15	17	13	19	17	16	16	14	20	16	20	12	19	16	16	14	14	20	20	11	19	11	12	19	14	14	16	19	10	10	15	12	17	12	12	14	13	19	18	16	16	10	16	12	10	18	19	14	20	15	12	17	12	12	20	16	12	19	11	20	16	11	16	19	20	17	17	11	19	15	16	11	13	12	15	20	18	15	15	17	10	19	15	19	20	18	12	18	16	12	17	15	14	17	14	19	16	10	12	19	10	15	20	10	14	13	12	13	12	13	15	15	14	10	17	13	19	18	17	10	15	11	10	10	18	10	19	19	13	15	19	19	20	10	20	11	10	12	10	19	20	19	15	20	19	19	10	16	20	13	16	20	19	15	17	18	11	12	12	20	14	14	18	14	10	11	10	18	14	10	17	17	11	12	14	16	10	14	12	10	10	10	19	17	14	19	19	16	13	12	20	17	18	11	12	18	15	10	13	18	16	18	10	19	16	11	16	18	11	13	20	10	12	18	15	14	13	10	15	20	15	17	18	19	17	12	13	20	15	16	12	11	11	13	10	18	11	19	11	19	16	16	15	18	20	15	20	16	15	18	15	15	16	20	15	12	13	14	19	17	19	18	19	15	15	16	11	10	18	14	19	14	18	14	13	16	13	15	13	15	17	17	12	18	11	15	12	18	20	12	19	13	15	12	17	19	17	13	20	17	18	10	13	19	16	14	10	13	18	14	10	15	18	11	18	18	19	15	19	17	20	16	15	17	18	17	20	15	18	19	19	11	18	14	17	11	13	14	18	13	18	12	17	16	18	12	18	12	17	13	16	14	15	19	16	15	17	15	12	19	13	18	13	16	18	14	18	19	15	14	10	13	10	11	13	17	19	14	19	11	17	16	11	15	13	15	15	10	18	19	11	11	19	17	18	11	14	20	20	17	12	15	13	20	11	15	12	19	16	12	11	10	14	18	18	11	16	18	14	20	14	17	20	16	12	16	13	12	20	17	11	15	17	10	12	12	17	10	18	12	10	11	16	11	19	19	11	20	19	10	11	12	14	19	10	20	16	17	17	16	10	18	13	11	12	11	11	10	15	17	16	
1	1	1	1	1	1	1	1	1	1	1	1	1	1	1	1	1	1	1	1	1	1	1	1	1	1	1	1	1	1	1	1	1	1	1	1	1	1	1	1	1	1	1	1	1	1	1	1	1	1	1	1	1	1	1	1	2	2	2	2	2	2	2	2	2	2	2	2	2	2	2	2	2	2	2	2	2	2	2	2	2	2	2	2	2	2	2	2	2	2	2	2	2	2	2	2	2	2	2	2	2	2	2	2	2	2	2	2	2	2	2	2	2	2	2	3	3	3	3	3	3	3	3	3	3	3	3	3	3	3	3	3	3	3	3	3	3	3	3	3	3	3	3	3	3	3	3	3	3	3	3	3	3	3	3	3	3	3	3	3	3	3	3	3	3	3	3	3	3	3	3	3	3	3	3	3	3	4	4	4	4	4	4	4	4	4	4	4	4	4	4	4	4	4	4	4	4	4	4	4	4	4	4	4	4	4	4	4	4	4	4	4	4	4	4	4	4	4	4	4	4	4	4	4	4	4	4	4	4	4	4	4	4	4	4	4	4	4	4	4	4	4	4	4	4	4	4	4	4	4	4	4	4	4	4	4	4	4	4	5	5	5	5	5	5	5	5	5	5	5	5	5	5	5	5	5	5	5	5	5	5	5	5	5	5	5	5	5	5	5	5	5	5	5	5	5	5	5	5	5	5	5	5	5	5	5	5	5	5	5	5	5	5	5	5	5	5	5	5	5	5	5	5	5	5	5	5	5	6	6	6	6	6	6	6	6	6	6	6	6	6	6	6	6	6	6	6	6	6	6	6	6	6	6	6	6	6	6	6	6	6	6	6	6	6	6	6	6	6	6	6	6	6	6	6	6	6	6	6	6	6	6	6	6	6	6	6	6	6	6	6	6	6	6	6	7	7	7	7	7	7	7	7	7	7	7	7	7	7	7	7	7	7	7	7	7	7	7	7	7	7	7	7	7	7	7	7	7	7	7	7	7	7	7	7	7	7	7	7	7	7	7	7	7	7	7	7	7	7	7	7	7	7	7	7	7	7	8	8	8	8	8	8	8	8	8	8	8	8	8	8	8	8	8	8	8	8	8	8	8	8	8	8	8	8	8	8	8	8	8	8	8	8	8	8	8	8	8	8	8	8	8	8	8	8	8	8	8	8	8	8	8	8	8	8	8	8	8	8	8	8	8	8	8	8	8	8	8	8	8	8	8	8	8	9	9	9	9	9	9	9	9	9	9	9	9	9	9	9	9	9	9	9	9	9	9	9	9	9	9	9	9	9	9	9	9	9	9	9	9	9	9	9	9	9	9	9	9	9	9	9	9	9	9	9	9	9	9	9	9	9	9	9	9	9	9	9	9	9	9	9	9	10	10	10	10	10	10	10	10	10	10	10	10	10	10	10	10	10	10	10	10	10	10	10	10	10	10	10	10	10	10	10	10	10	10	10	10	10	10	10	10	10	10	10	10	10	10	10	10	10	10	10	10	10	10	10	10	10	11	11	11	11	11	11	11	11	11	11	11	11	11	11	11	11	11	11	11	11	11	11	11	11	11	11	11	11	11	11	11	11	11	11	11	11	11	11	11	11	11	11	11	11	11	11	11	11	11	11	11	11	11	11	11	11	11	11	11	11	11	11	11	11	11	11	11	11	12	12	12	12	12	12	12	12	12	12	12	12	12	12	12	12	12	12	12	12	12	12	12	12	12	12	12	12	12	12	12	12	12	12	12	12	12	12	12	12	12	12	12	12	12	12	12	12	12	12	12	12	12	12	12	12	12	12	12	12	12	12	13	13	13	13	13	13	13	13	13	13	13	13	13	13	13	13	13	13	13	13	13	13	13	13	13	13	13	13	13	13	13	13	13	13	13	13	13	13	13	13	13	13	13	13	13	13	13	13	13	13	13	13	13	13	13	13	13	13	13	13	13	13	14	14	14	14	14	14	14	14	14	14	14	14	14	14	14	14	14	14	14	14	14	14	14	14	14	14	14	14	14	14	14	14	14	14	14	14	14	14	14	14	14	14	14	14	14	14	14	14	14	14	14	14	14	14	14	14	14	14	14	14	14	14	14	14	14	14	14	14	14	14	14	14	14	14	14	14	14	14	14	14	15	15	15	15	15	15	15	15	15	15	15	15	15	15	15	15	15	15	15	15	15	15	15	15	15	15	15	15	15	15	15	15	15	15	15	15	15	15	15	15	15	15	15	15	15	15	15	15	15	15	15	15	15	15	15	15	15	15	15	15	15	15	15	15	15	15	15	15	15	
