1000
45	4
351	24.2
27	31	29	26	29	28	27	29	27	26	28	29	31	28	28	31	29	30	29	30	30	31	26	30	28	27	26	30	31	29	30	31	26	31	31	26	29	30	27	26	28	27	30	28	29	31	26	29	26	28	27	26	30	30	30	29	27	29	27	27	29	26	31	27	29	30	31	26	31	28	31	31	28	30	26	27	29	26	28	28	27	27	31	27	30	31	30	30	31	27	27	28	27	27	31	27	27	31	27	30	26	28	29	27	29	30	30	26	26	26	26	28	31	30	31	31	28	27	30	26	27	26	30	29	29	31	29	28	26	29	28	31	30	29	26	28	27	30	30	29	30	31	26	26	30	29	27	27	30	26	28	27	28	28	26	27	30	27	27	31	29	26	27	31	29	28	28	27	31	29	27	31	31	30	26	26	28	26	27	30	30	29	28	28	27	29	31	31	30	30	30	27	27	29	26	27	29	31	31	28	29	28	26	30	26	30	29	27	29	26	26	26	31	28	29	30	27	28	31	31	29	26	26	28	27	30	26	27	26	31	26	27	29	26	28	26	30	27	31	26	27	27	27	31	28	31	31	27	28	30	28	30	28	27	29	26	30	26	28	26	30	30	31	27	27	30	31	27	31	30	31	29	26	29	28	31	26	30	29	30	31	28	28	30	30	29	27	31	30	26	26	29	26	27	29	30	29	27	29	27	27	29	26	26	26	28	27	27	30	27	26	28	30	27	28	30	31	26	26	26	30	28	27	27	30	31	26	28	29	28	31	28	29	26	29	27	27	28	30	27	31	27	28	27	28	31	27	27	31	28	31	30	30	29	28	28	28	29	31	31	31	30	29	28	30	28	26	29	26	28	28	29	30	31	28	31	28	30	27	26	27	30	29	31	26	27	26	27	26	31	29	31	31	29	31	28	26	30	26	27	26	31	29	26	30	31	31	31	29	30	29	31	31	26	28	30	30	31	29	29	29	31	29	28	31	29	30	29	26	27	28	30	28	31	30	27	31	30	27	31	31	30	29	27	30	28	28	31	31	26	31	27	30	27	27	29	29	26	30	26	28	30	30	27	27	27	26	28	28	31	28	29	31	29	28	29	31	30	28	29	28	26	26	30	26	28	31	27	27	27	31	27	29	31	28	29	27	26	27	27	27	29	27	30	28	27	28	30	28	30	28	31	27	26	29	30	28	30	29	26	27	31	30	29	29	28	30	28	30	26	31	30	27	30	28	26	26	28	26	31	27	29	29	26	27	31	29	28	31	28	31	30	26	26	28	26	30	26	29	29	31	29	31	29	30	30	27	28	28	30	29	29	31	27	29	27	27	27	27	29	31	30	28	31	31	27	27	27	26	26	28	27	29	31	31	30	30	27	29	31	27	27	29	28	26	30	27	27	26	27	26	30	26	26	31	26	29	30	26	26	31	27	29	27	27	28	28	31	29	26	26	27	28	26	31	28	27	29	27	29	28	29	28	31	28	27	31	29	28	30	28	29	29	31	27	29	31	29	28	26	31	28	26	28	28	30	30	26	27	26	26	29	30	27	29	31	28	27	31	30	29	30	26	28	27	27	29	29	28	26	27	27	28	28	27	26	28	26	27	29	30	27	31	30	30	27	30	31	30	26	30	30	31	30	31	26	28	26	26	26	28	27	26	31	26	30	27	29	27	27	27	28	29	27	29	30	29	28	27	31	26	26	31	28	29	29	28	29	30	28	27	31	28	27	30	26	27	31	26	29	27	31	30	30	31	31	29	26	26	29	28	29	26	28	28	29	28	31	28	31	30	30	29	31	26	27	31	30	26	29	27	29	28	28	27	30	26	31	26	30	29	31	27	31	27	31	26	30	30	27	26	29	27	29	31	28	29	30	31	30	28	31	30	26	27	27	28	28	28	27	28	29	28	31	28	26	28	27	29	27	26	28	28	28	27	27	31	26	26	27	29	30	28	26	31	29	28	28	29	29	29	26	27	31	26	31	29	29	26	30	27	26	27	27	31	26	28	30	30	28	26	27	26	31	31	31	29	28	30	26	27	28	27	28	26	30	26	30	31	27	27	27	31	31	26	29	31	30	27	30	31	28	31	28	30	30	27	31	30	29	26	29	26	27	26	29	26	27	26	30	26	28	27	31	29	31	29	31	27	29	26	31	29	30	29	29	26	27	27	28	26	27	30	30	29	30	26	27	27	30	29	27	27	30	28	31	28	30	30	29	29	26	31	28	31	29	30	31	26	27	28	30	31	26	27	30	27	30	27	31	29	26	30	31	26	28	28	29	27	30	
82	87	87	77	83	78	81	79	84	86	77	84	89	76	91	87	85	86	81	88	81	80	89	83	89	87	80	82	79	85	91	78	83	94	80	83	93	82	77	92	85	76	89	82	86	80	86	81	91	77	87	76	92	76	84	80	89	77	89	76	84	81	86	88	79	77	80	81	84	79	88	80	78	89	93	90	91	80	83	85	88	88	83	81	76	91	80	80	81	80	77	79	81	76	87	79	90	81	76	79	79	86	87	83	91	88	87	88	82	94	92	88	88	86	85	84	94	87	92	87	82	89	84	81	91	87	77	80	94	79	85	85	93	81	85	86	79	81	88	76	82	83	88	88	93	89	77	79	77	87	78	90	79	78	79	87	91	87	77	79	86	78	90	84	92	78	79	79	93	83	93	82	82	90	83	80	91	93	86	85	82	86	77	88	76	90	80	94	90	83	93	92	78	83	90	91	93	93	76	81	92	88	80	90	94	90	76	93	90	80	87	80	93	89	87	83	94	76	82	88	82	82	83	92	79	80	94	91	77	93	84	94	91	77	79	82	78	85	84	79	79	76	78	80	86	78	93	94	85	80	91	91	93	90	79	80	84	82	76	82	87	87	83	83	94	87	88	84	77	82	91	86	85	91	94	83	79	77	90	84	89	92	84	83	85	91	78	76	79	90	89	77	77	77	92	94	78	81	87	88	87	78	89	93	88	77	82	84	90	86	78	81	78	92	84	82	79	87	92	81	78	91	90	85	87	88	82	78	76	87	94	93	93	92	82	91	87	91	83	77	87	83	81	79	87	85	81	87	87	82	83	91	78	81	76	85	76	81	90	87	78	91	93	78	86	81	90	89	78	83	93	86	87	90	87	80	80	91	76	89	78	87	87	91	93	76	86	92	78	90	83	79	76	80	94	84	80	76	94	85	88	93	92	84	88	84	88	94	83	77	91	88	87	92	82	91	84	80	89	86	92	94	87	83	84	81	91	80	88	90	81	94	81	79	93	82	79	94	87	92	81	92	77	89	77	94	86	80	83	79	91	85	92	92	93	90	78	89	93	94	79	77	82	78	78	87	77	83	91	85	90	87	94	86	92	82	76	85	81	86	78	92	82	81	85	83	92	85	85	93	76	87	83	89	94	90	94	81	93	80	89	94	82	87	78	89	87	83	79	94	77	90	78	84	84	87	94	93	85	81	80	83	79	92	90	85	86	88	91	89	82	93	84	85	85	82	89	89	80	76	77	80	81	77	78	83	82	86	83	77	83	94	79	88	85	91	81	86	81	87	89	76	87	78	94	91	90	84	81	89	77	83	82	83	77	83	80	90	87	77	91	77	81	77	94	81	90	94	93	82	83	83	77	93	88	82	80	93	76	85	77	84	85	89	84	88	80	78	88	76	81	92	77	87	82	86	77	88	79	78	83	80	78	80	93	84	94	93	88	80	93	83	76	85	89	91	82	90	89	83	92	85	77	89	91	77	76	91	87	79	83	78	89	76	93	80	79	77	79	77	83	84	92	83	78	91	93	77	77	94	82	85	88	80	93	94	83	81	94	79	80	85	94	84	86	87	93	91	83	91	90	77	90	76	82	81	82	77	84	93	78	77	92	76	88	93	81	79	78	76	86	78	87	83	88	84	83	86	85	84	93	93	84	79	85	77	84	76	80	93	84	82	84	86	81	80	92	89	86	90	76	83	76	89	93	87	88	83	77	76	77	91	92	82	79	92	78	78	76	84	90	93	85	91	77	94	88	92	79	82	79	83	82	92	91	83	81	86	81	90	83	94	86	89	86	79	93	77	93	81	92	89	85	78	83	87	77	86	84	91	82	83	89	84	85	86	80	83	89	80	88	86	88	94	83	77	90	93	82	87	92	78	79	81	85	83	83	91	87	92	80	94	82	76	94	83	77	89	76	85	87	89	82	85	82	92	80	78	82	91	77	84	91	84	92	94	78	83	78	84	77	86	76	90	91	78	83	87	83	82	86	89	89	79	89	77	81	81	90	78	91	81	93	87	90	81	76	84	86	84	85	81	85	79	88	91	77	76	79	78	88	77	77	94	76	87	81	79	77	84	92	77	93	92	94	87	85	91	89	86	76	93	80	90	76	88	76	94	79	83	94	84	77	76	80	90	91	89	80	94	85	92	77	79	92	85	82	91	87	83	85	92	79	85	88	81	77	93	76	78	84	84	84	84	76	84	88	81	78	93	79	82	89	92	78	85	92	82	81	90	87	80	86	84	88	86	92	81	78	81	85	88	83	77	90	91	76	93	87	93	
15.4	27.5	11	15.4	30.8	30.8	23.1	16.5	27.5	22	24.2	33	30.8	23.1	15.4	18.7	27.5	16.5	33	25.3	16.5	33	12.1	19.8	11	23.1	23.1	23.1	23.1	26.4	13.2	28.6	20.9	26.4	16.5	18.7	27.5	17.6	30.8	22	28.6	24.2	25.3	26.4	16.5	11	25.3	26.4	33	23.1	26.4	30.8	22	22	33	13.2	12.1	14.3	31.9	33	12.1	22	12.1	28.6	13.2	30.8	33	20.9	15.4	25.3	19.8	16.5	25.3	24.2	15.4	30.8	25.3	26.4	20.9	20.9	33	13.2	22	18.7	20.9	24.2	14.3	33	27.5	11	17.6	27.5	28.6	26.4	33	27.5	11	17.6	11	31.9	18.7	23.1	31.9	26.4	20.9	29.7	14.3	18.7	24.2	23.1	23.1	18.7	19.8	12.1	19.8	11	16.5	13.2	30.8	23.1	26.4	12.1	12.1	20.9	29.7	14.3	12.1	11	27.5	29.7	20.9	14.3	16.5	22	23.1	23.1	28.6	27.5	33	19.8	26.4	11	23.1	13.2	15.4	30.8	25.3	16.5	27.5	16.5	25.3	28.6	14.3	14.3	18.7	24.2	13.2	19.8	23.1	29.7	25.3	22	20.9	18.7	28.6	33	12.1	20.9	28.6	23.1	33	31.9	29.7	22	28.6	11	12.1	27.5	18.7	24.2	18.7	18.7	15.4	25.3	23.1	22	15.4	28.6	30.8	27.5	24.2	13.2	29.7	28.6	29.7	31.9	33	30.8	14.3	27.5	28.6	22	25.3	31.9	27.5	16.5	28.6	12.1	30.8	15.4	27.5	16.5	29.7	27.5	22	20.9	17.6	33	13.2	13.2	12.1	27.5	17.6	12.1	16.5	25.3	20.9	28.6	25.3	19.8	15.4	31.9	22	23.1	28.6	22	11	13.2	17.6	15.4	14.3	25.3	19.8	26.4	31.9	22	20.9	15.4	33	24.2	28.6	20.9	24.2	25.3	28.6	18.7	24.2	20.9	30.8	20.9	15.4	28.6	23.1	31.9	22	23.1	26.4	29.7	13.2	12.1	19.8	33	18.7	29.7	14.3	13.2	23.1	14.3	28.6	31.9	29.7	13.2	23.1	12.1	26.4	13.2	26.4	27.5	30.8	24.2	26.4	14.3	33	24.2	14.3	16.5	14.3	13.2	29.7	20.9	16.5	16.5	22	17.6	14.3	25.3	29.7	27.5	33	25.3	23.1	16.5	23.1	28.6	15.4	16.5	18.7	19.8	12.1	27.5	23.1	30.8	27.5	17.6	31.9	31.9	27.5	31.9	25.3	16.5	31.9	15.4	27.5	14.3	15.4	22	20.9	13.2	14.3	20.9	18.7	18.7	14.3	20.9	33	33	33	13.2	27.5	14.3	25.3	33	16.5	11	24.2	25.3	17.6	24.2	31.9	13.2	30.8	25.3	17.6	24.2	23.1	24.2	19.8	12.1	11	24.2	30.8	15.4	18.7	23.1	31.9	16.5	19.8	30.8	20.9	22	31.9	15.4	22	25.3	28.6	18.7	24.2	22	33	22	33	25.3	33	18.7	26.4	27.5	28.6	13.2	16.5	29.7	19.8	15.4	17.6	13.2	30.8	16.5	28.6	27.5	16.5	18.7	20.9	14.3	27.5	22	27.5	11	24.2	31.9	18.7	31.9	24.2	29.7	24.2	28.6	23.1	33	30.8	29.7	25.3	16.5	15.4	12.1	31.9	18.7	16.5	20.9	27.5	29.7	13.2	33	11	18.7	20.9	13.2	17.6	31.9	15.4	16.5	16.5	11	27.5	17.6	25.3	22	16.5	28.6	28.6	23.1	17.6	18.7	28.6	15.4	23.1	15.4	18.7	13.2	31.9	14.3	17.6	23.1	17.6	14.3	26.4	17.6	15.4	28.6	25.3	16.5	15.4	31.9	23.1	24.2	29.7	24.2	27.5	27.5	22	13.2	26.4	16.5	22	23.1	26.4	14.3	18.7	22	16.5	11	24.2	15.4	20.9	30.8	13.2	17.6	25.3	18.7	13.2	15.4	24.2	29.7	24.2	13.2	25.3	24.2	14.3	23.1	17.6	11	31.9	19.8	15.4	19.8	22	27.5	26.4	33	26.4	20.9	33	31.9	16.5	12.1	14.3	28.6	28.6	11	22	22	31.9	18.7	28.6	33	30.8	18.7	19.8	28.6	19.8	17.6	28.6	18.7	20.9	25.3	31.9	27.5	20.9	29.7	18.7	11	29.7	27.5	24.2	33	15.4	26.4	23.1	12.1	15.4	25.3	31.9	30.8	28.6	16.5	14.3	16.5	27.5	25.3	29.7	26.4	19.8	19.8	26.4	13.2	26.4	20.9	18.7	11	31.9	16.5	31.9	16.5	14.3	16.5	27.5	33	16.5	15.4	31.9	31.9	30.8	19.8	19.8	18.7	11	16.5	31.9	13.2	13.2	22	20.9	28.6	33	18.7	12.1	14.3	16.5	26.4	31.9	27.5	28.6	29.7	14.3	23.1	15.4	17.6	31.9	27.5	22	28.6	22	15.4	22	14.3	28.6	16.5	12.1	23.1	27.5	29.7	30.8	11	22	28.6	14.3	29.7	20.9	31.9	24.2	17.6	30.8	28.6	29.7	23.1	25.3	12.1	17.6	15.4	18.7	11	33	31.9	29.7	15.4	26.4	30.8	29.7	26.4	12.1	26.4	16.5	24.2	29.7	16.5	28.6	24.2	16.5	18.7	20.9	16.5	16.5	15.4	33	12.1	28.6	30.8	24.2	31.9	23.1	17.6	22	30.8	24.2	29.7	22	25.3	11	23.1	26.4	27.5	24.2	29.7	22	12.1	27.5	25.3	15.4	20.9	29.7	28.6	33	26.4	16.5	11	23.1	14.3	29.7	16.5	19.8	31.9	19.8	15.4	30.8	17.6	16.5	29.7	13.2	24.2	13.2	18.7	27.5	25.3	27.5	15.4	27.5	22	25.3	26.4	15.4	16.5	28.6	22	19.8	23.1	12.1	31.9	28.6	26.4	28.6	28.6	29.7	33	33	26.4	28.6	24.2	28.6	24.2	19.8	27.5	27.5	27.5	18.7	26.4	31.9	17.6	29.7	14.3	33	11	12.1	12.1	20.9	27.5	24.2	26.4	17.6	15.4	28.6	24.2	27.5	17.6	22	22	29.7	16.5	24.2	28.6	26.4	31.9	24.2	31.9	20.9	29.7	14.3	17.6	20.9	25.3	31.9	25.3	16.5	14.3	12.1	13.2	20.9	28.6	14.3	27.5	22	25.3	19.8	27.5	16.5	28.6	15.4	33	18.7	24.2	20.9	14.3	14.3	27.5	22	28.6	15.4	14.3	22	23.1	16.5	27.5	23.1	13.2	18.7	15.4	31.9	18.7	11	12.1	20.9	26.4	19.8	14.3	13.2	16.5	26.4	19.8	29.7	22	11	30.8	19.8	29.7	30.8	31.9	11	20.9	29.7	12.1	15.4	23.1	14.3	27.5	13.2	14.3	27.5	33	12.1	23.1	19.8	30.8	30.8	16.5	13.2	20.9	14.3	16.5	23.1	14.3	27.5	23.1	13.2	11	22	22	25.3	20.9	18.7	25.3	18.7	15.4	18.7	13.2	17.6	19.8	31.9	20.9	19.8	19.8	17.6	13.2	30.8	19.8	22	26.4	25.3	16.5	28.6	14.3	16.5	30.8	16.5	15.4	31.9	25.3	23.1	27.5	14.3	29.7	24.2	16.5	27.5	17.6	18.7	30.8	17.6	33	24.2	27.5	28.6	12.1	29.7	19.8	27.5	16.5	23.1	15.4	29.7	12.1	33	13.2	16.5	16.5	18.7	30.8	22	23.1	25.3	15.4	27.5	24.2	20.9	24.2	30.8	13.2	13.2	19.8	19.8	24.2	26.4	33	27.5	11	20.9	16.5	33	23.1	18.7	12.1	18.7	25.3	15.4	24.2	26.4	19.8	33	25.3	26.4	17.6	30.8	33	27.5	13.2	17.6	18.7	28.6	31.9	28.6	33	11	33	23.1	22	15.4	20.9	29.7	20.9	27.5	26.4	25.3	17.6	27.5	30.8	
12.1	23.1	17.6	31.9	28.6	24.2	11	27.5	17.6	18.7	12.1	24.2	30.8	11	20.9	14.3	25.3	22	19.8	12.1	20.9	26.4	17.6	27.5	17.6	20.9	11	30.8	19.8	18.7	13.2	30.8	31.9	15.4	24.2	33	20.9	15.4	22	25.3	17.6	16.5	19.8	28.6	29.7	11	30.8	30.8	14.3	25.3	13.2	30.8	30.8	19.8	20.9	25.3	22	20.9	15.4	28.6	13.2	23.1	24.2	16.5	31.9	27.5	22	23.1	12.1	23.1	13.2	14.3	20.9	26.4	12.1	16.5	12.1	28.6	18.7	12.1	23.1	19.8	20.9	26.4	15.4	15.4	22	30.8	25.3	24.2	19.8	15.4	28.6	11	31.9	25.3	22	18.7	26.4	18.7	11	12.1	17.6	11	18.7	17.6	23.1	12.1	20.9	23.1	19.8	29.7	22	11	29.7	22	20.9	26.4	12.1	17.6	28.6	18.7	11	28.6	19.8	16.5	25.3	28.6	13.2	15.4	24.2	13.2	18.7	24.2	28.6	11	29.7	11	20.9	33	31.9	27.5	28.6	33	22	17.6	15.4	23.1	17.6	22	20.9	20.9	11	19.8	13.2	17.6	14.3	15.4	23.1	17.6	17.6	22	16.5	26.4	31.9	22	16.5	22	13.2	16.5	25.3	17.6	28.6	26.4	22	18.7	33	27.5	13.2	27.5	29.7	33	19.8	12.1	14.3	26.4	27.5	29.7	23.1	25.3	12.1	26.4	20.9	28.6	30.8	28.6	19.8	11	15.4	16.5	33	15.4	13.2	31.9	14.3	29.7	15.4	15.4	22	27.5	22	28.6	33	22	22	20.9	16.5	25.3	13.2	16.5	24.2	31.9	26.4	30.8	17.6	27.5	18.7	15.4	20.9	23.1	11	15.4	12.1	12.1	18.7	29.7	28.6	16.5	18.7	24.2	27.5	30.8	30.8	13.2	18.7	12.1	13.2	16.5	33	19.8	29.7	12.1	19.8	19.8	33	15.4	29.7	25.3	19.8	25.3	11	33	11	20.9	22	17.6	17.6	14.3	13.2	14.3	30.8	26.4	19.8	33	16.5	19.8	18.7	31.9	14.3	12.1	25.3	27.5	23.1	19.8	29.7	14.3	11	12.1	16.5	12.1	28.6	29.7	13.2	12.1	12.1	18.7	25.3	15.4	26.4	26.4	20.9	23.1	31.9	25.3	17.6	23.1	12.1	18.7	25.3	28.6	13.2	27.5	11	28.6	22	26.4	18.7	12.1	25.3	33	13.2	29.7	28.6	27.5	28.6	22	12.1	13.2	19.8	24.2	22	27.5	18.7	11	27.5	28.6	22	23.1	20.9	27.5	24.2	16.5	17.6	24.2	17.6	24.2	29.7	18.7	13.2	15.4	28.6	16.5	33	31.9	20.9	26.4	29.7	19.8	13.2	30.8	23.1	23.1	30.8	29.7	24.2	33	31.9	12.1	20.9	13.2	33	15.4	30.8	12.1	28.6	25.3	27.5	12.1	29.7	26.4	18.7	23.1	20.9	20.9	19.8	24.2	27.5	23.1	30.8	26.4	17.6	13.2	23.1	24.2	30.8	17.6	11	13.2	18.7	20.9	11	17.6	26.4	29.7	26.4	29.7	13.2	18.7	33	33	13.2	22	29.7	24.2	19.8	17.6	15.4	17.6	19.8	30.8	15.4	23.1	30.8	26.4	19.8	27.5	30.8	12.1	23.1	33	19.8	14.3	17.6	16.5	17.6	30.8	16.5	30.8	26.4	16.5	22	18.7	29.7	31.9	12.1	15.4	13.2	12.1	23.1	22	30.8	23.1	23.1	33	20.9	14.3	16.5	22	33	22	19.8	12.1	11	15.4	18.7	12.1	26.4	24.2	11	16.5	16.5	23.1	29.7	13.2	27.5	20.9	22	26.4	33	20.9	30.8	22	16.5	22	27.5	18.7	14.3	13.2	11	25.3	28.6	11	15.4	14.3	13.2	29.7	16.5	27.5	29.7	13.2	31.9	29.7	12.1	23.1	26.4	20.9	16.5	14.3	31.9	14.3	13.2	29.7	28.6	33	29.7	26.4	27.5	16.5	12.1	29.7	29.7	30.8	22	26.4	16.5	24.2	11	26.4	13.2	20.9	30.8	16.5	14.3	20.9	14.3	30.8	26.4	16.5	23.1	13.2	28.6	31.9	27.5	33	30.8	12.1	30.8	20.9	16.5	11	30.8	28.6	11	30.8	16.5	13.2	27.5	12.1	11	23.1	17.6	29.7	16.5	31.9	29.7	33	16.5	22	12.1	11	24.2	29.7	17.6	19.8	30.8	30.8	20.9	33	14.3	20.9	19.8	26.4	15.4	17.6	14.3	28.6	12.1	13.2	18.7	22	15.4	12.1	31.9	13.2	11	23.1	11	22	17.6	11	12.1	22	18.7	19.8	20.9	20.9	22	19.8	15.4	33	26.4	29.7	19.8	33	23.1	17.6	25.3	28.6	31.9	12.1	25.3	29.7	16.5	29.7	26.4	11	33	26.4	22	28.6	12.1	22	12.1	31.9	22	20.9	30.8	14.3	30.8	28.6	22	29.7	31.9	29.7	22	23.1	24.2	11	30.8	11	17.6	31.9	20.9	23.1	22	18.7	28.6	23.1	27.5	11	24.2	25.3	16.5	11	24.2	22	27.5	33	29.7	33	16.5	20.9	20.9	17.6	13.2	17.6	15.4	12.1	15.4	29.7	33	11	16.5	11	18.7	25.3	16.5	28.6	30.8	11	19.8	19.8	17.6	20.9	27.5	18.7	20.9	17.6	20.9	16.5	27.5	23.1	28.6	30.8	26.4	15.4	29.7	11	31.9	29.7	25.3	14.3	19.8	12.1	33	31.9	22	18.7	28.6	29.7	20.9	13.2	15.4	23.1	27.5	16.5	29.7	19.8	33	13.2	22	27.5	26.4	12.1	19.8	15.4	24.2	19.8	27.5	17.6	17.6	20.9	16.5	18.7	12.1	20.9	33	16.5	33	24.2	22	15.4	13.2	28.6	11	29.7	19.8	33	12.1	31.9	33	18.7	14.3	12.1	14.3	26.4	20.9	14.3	16.5	33	16.5	14.3	13.2	25.3	31.9	30.8	26.4	30.8	23.1	24.2	11	22	13.2	18.7	13.2	23.1	33	24.2	14.3	24.2	28.6	17.6	25.3	22	31.9	20.9	13.2	30.8	24.2	28.6	22	20.9	30.8	29.7	30.8	15.4	17.6	28.6	27.5	26.4	29.7	27.5	20.9	26.4	30.8	11	25.3	15.4	28.6	19.8	20.9	16.5	15.4	11	24.2	27.5	28.6	15.4	29.7	15.4	30.8	18.7	26.4	19.8	11	14.3	25.3	27.5	16.5	23.1	24.2	12.1	15.4	24.2	19.8	20.9	31.9	18.7	11	27.5	18.7	20.9	29.7	24.2	15.4	18.7	33	13.2	13.2	17.6	18.7	12.1	33	14.3	20.9	17.6	22	29.7	28.6	12.1	24.2	28.6	19.8	19.8	33	28.6	13.2	24.2	20.9	30.8	15.4	15.4	14.3	25.3	25.3	14.3	20.9	12.1	30.8	13.2	24.2	12.1	29.7	33	31.9	26.4	17.6	31.9	15.4	27.5	33	29.7	33	14.3	25.3	15.4	26.4	33	23.1	25.3	27.5	17.6	24.2	31.9	14.3	20.9	29.7	31.9	24.2	23.1	12.1	13.2	11	14.3	23.1	23.1	26.4	28.6	15.4	31.9	22	22	22	18.7	16.5	33	17.6	31.9	11	27.5	29.7	30.8	24.2	33	24.2	18.7	20.9	17.6	23.1	20.9	31.9	12.1	28.6	26.4	29.7	18.7	33	17.6	33	22	22	27.5	15.4	16.5	13.2	19.8	27.5	18.7	33	30.8	23.1	29.7	33	13.2	19.8	19.8	19.8	14.3	23.1	24.2	24.2	28.6	27.5	26.4	15.4	24.2	13.2	28.6	31.9	25.3	25.3	31.9	29.7	23.1	18.7	13.2	16.5	24.2	24.2	33	
31.9	33	23.1	16.5	19.8	23.1	22	22	31.9	24.2	26.4	17.6	25.3	15.4	14.3	13.2	24.2	26.4	23.1	25.3	28.6	20.9	16.5	31.9	28.6	24.2	27.5	33	28.6	27.5	18.7	20.9	33	26.4	29.7	30.8	23.1	23.1	18.7	14.3	19.8	17.6	19.8	28.6	30.8	
11	14	10	13	11	15	17	20	12	11	14	20	14	18	11	16	18	17	20	11	10	13	16	13	12	17	15	15	11	17	17	13	12	11	16	11	18	11	12	14	18	19	10	15	17	15	17	14	11	17	20	11	10	17	18	10	19	11	19	13	17	20	20	10	17	20	13	18	13	17	17	19	18	17	20	10	19	18	17	19	19	13	19	16	11	10	12	10	14	15	12	14	16	18	19	14	14	10	20	16	19	18	17	14	19	10	13	20	19	10	12	17	11	14	11	15	19	10	18	11	13	20	17	17	12	11	12	17	13	11	16	10	10	11	12	20	11	18	14	11	13	20	19	14	14	13	12	13	10	13	20	11	16	16	12	20	10	17	15	16	14	15	19	20	14	18	15	20	14	11	10	14	16	12	13	17	10	19	15	12	11	19	20	11	14	20	14	16	15	20	13	13	19	13	18	10	20	14	12	18	12	19	17	18	19	17	15	17	13	18	18	10	13	13	14	17	19	15	10	13	11	19	14	15	13	19	13	16	10	14	16	11	18	11	13	10	16	20	13	13	13	15	18	20	13	18	20	18	18	14	11	18	11	15	16	15	11	18	10	20	18	16	15	15	10	13	18	10	14	12	16	12	17	20	15	11	20	18	20	19	17	10	13	12	17	14	15	20	16	18	15	12	15	10	15	20	12	18	17	16	20	11	13	12	15	20	16	12	10	17	18	11	19	14	16	20	16	13	17	11	13	12	20	13	13	20	20	19	16	19	10	19	19	18	13	10	10	14	17	11	15	12	17	13	13	15	10	20	19	19	18	15	18	13	11	10	15	13	11	15	18	15	15	14	13	10	12	18	20	18	19	13	12	18	13	20	15	17	15	20	19	11	20	14	13	15	15	18	14	11	14	10	14	20	11	17	10	14	14	10	19	10	18	20	20	19	19	17	16	14	20	18	12	13	17	19	15	18	18	18	17	18	10	11	16	11	16	19	14	19	15	14	11	18	17	13	11	17	12	13	12	11	19	13	14	15	19	11	19	20	20	12	12	19	10	11	20	17	20	10	12	17	12	18	16	16	12	10	18	20	20	17	18	16	20	11	10	20	11	10	18	12	16	17	11	18	19	15	11	14	10	10	20	12	12	13	18	13	18	13	15	11	11	12	10	12	19	10	17	10	17	11	18	16	13	17	17	19	13	20	20	15	10	13	17	12	20	18	18	10	12	11	14	10	11	16	19	10	15	20	19	11	11	11	20	19	17	15	12	16	19	20	12	18	12	10	20	19	20	17	16	15	20	17	18	18	18	13	18	16	13	16	19	20	14	14	17	19	12	18	15	11	13	15	10	16	16	14	14	20	11	18	15	16	10	10	13	15	20	19	20	14	17	16	19	11	18	15	19	19	15	16	18	15	20	11	15	16	16	19	15	11	13	20	10	19	13	17	18	14	20	10	17	10	17	20	12	20	17	13	20	16	19	12	11	14	12	12	15	15	11	16	15	13	17	19	12	19	10	17	17	14	11	15	13	11	10	16	15	15	15	11	19	15	12	11	13	14	12	20	12	11	17	18	18	18	13	11	19	12	17	17	12	15	19	10	16	11	19	10	14	20	18	11	18	18	18	17	16	16	11	18	18	14	16	10	15	10	13	19	20	18	17	20	18	12	17	15	10	16	13	19	17	14	19	18	10	15	17	16	19	20	14	13	19	18	12	10	14	13	13	16	20	13	15	14	20	20	11	12	16	14	11	10	12	17	19	16	14	18	18	12	17	16	20	18	11	10	14	13	13	20	12	16	10	17	17	12	16	15	13	17	13	20	20	19	17	13	11	17	14	10	16	15	12	10	17	18	13	12	11	17	10	12	16	15	18	13	11	20	17	14	14	13	12	10	16	18	20	17	11	12	12	13	11	16	14	19	20	18	15	14	19	17	12	16	19	20	14	19	20	17	12	17	19	12	20	11	14	13	19	20	14	14	13	11	13	10	20	10	10	18	11	11	19	13	15	18	11	20	12	16	15	20	17	10	10	18	13	11	10	17	17	18	12	13	13	14	18	14	12	10	12	15	20	17	10	14	10	10	10	20	16	12	13	12	11	20	20	19	11	15	13	18	11	14	16	11	11	15	12	18	16	13	18	13	16	18	16	14	16	11	19	10	11	11	20	14	14	12	17	19	12	18	11	15	14	15	15	10	17	12	15	13	20	11	10	18	20	10	13	11	20	11	18	19	19	12	15	19	13	17	12	15	15	12	17	19	17	12	15	18	17	10	13	11	13	13	15	15	
1	1	1	1	1	1	1	1	1	1	1	1	1	1	1	1	1	1	1	1	1	1	1	2	2	2	2	2	2	2	2	2	2	2	2	2	2	2	2	2	2	2	2	2	2	2	2	3	3	3	3	3	3	3	3	3	3	3	3	3	3	3	3	3	3	3	3	3	3	3	3	3	4	4	4	4	4	4	4	4	4	4	4	4	4	4	4	4	4	4	4	4	4	4	4	4	4	5	5	5	5	5	5	5	5	5	5	5	5	5	5	5	5	5	5	5	5	5	5	5	5	5	5	5	5	6	6	6	6	6	6	6	6	6	6	6	6	6	6	6	6	7	7	7	7	7	7	7	7	7	7	7	7	8	8	8	8	8	8	8	8	8	8	8	8	8	8	8	8	8	8	8	8	8	8	8	9	9	9	9	9	9	9	9	9	9	9	9	9	9	9	9	9	9	9	9	9	9	9	9	9	9	9	10	10	10	10	10	10	10	10	10	10	10	10	10	10	10	10	10	10	10	10	10	10	10	11	11	11	11	11	11	11	11	11	11	11	11	11	11	11	11	11	11	11	11	11	11	11	11	11	12	12	12	12	12	12	12	12	12	12	12	12	12	12	13	13	13	13	13	13	13	13	13	13	13	13	13	13	13	13	13	13	13	13	13	13	13	13	14	14	14	14	14	14	14	14	14	14	14	14	14	14	14	14	14	14	14	14	14	14	14	14	15	15	15	15	15	15	15	15	15	15	15	15	15	15	15	15	15	15	15	16	16	16	16	16	16	16	16	16	16	16	16	16	16	16	16	16	16	16	16	16	17	17	17	17	17	17	17	17	17	17	17	17	17	17	17	17	18	18	18	18	18	18	18	18	18	18	18	18	18	18	18	18	18	18	18	19	19	19	19	19	19	19	19	19	19	19	19	19	19	19	19	19	19	19	19	19	19	19	20	20	20	20	20	20	20	20	20	20	20	20	20	20	20	20	20	20	20	20	21	21	21	21	21	21	21	21	21	21	21	21	21	21	21	21	22	22	22	22	22	22	22	22	22	22	22	22	22	22	22	22	22	22	22	22	22	22	22	22	22	22	22	22	23	23	23	23	23	23	23	23	23	23	23	23	23	23	23	23	23	23	23	23	23	23	23	23	23	23	23	23	23	24	24	24	24	24	24	24	24	24	24	24	24	24	24	24	24	24	24	24	24	24	24	24	24	24	24	24	24	25	25	25	25	25	25	25	25	25	25	25	25	25	25	25	25	25	25	26	26	26	26	26	26	26	26	26	26	26	26	26	26	26	26	26	26	26	26	26	26	26	26	27	27	27	27	27	27	27	27	27	27	27	27	27	27	27	27	27	27	27	27	28	28	28	28	28	28	28	28	28	28	28	28	28	28	28	28	28	28	28	28	28	28	28	28	29	29	29	29	29	29	29	29	29	29	29	29	29	29	29	29	30	30	30	30	30	30	30	30	30	30	30	30	30	30	30	30	30	30	30	30	30	30	30	30	30	30	30	30	30	30	31	31	31	31	31	31	31	31	31	31	31	31	31	31	31	32	32	32	32	32	32	32	32	32	32	32	32	32	32	32	32	32	32	32	33	33	33	33	33	33	33	33	33	33	33	33	33	33	33	33	33	33	33	33	33	33	33	33	34	34	34	34	34	34	34	34	34	34	34	34	34	34	34	34	34	34	34	34	34	34	34	34	34	34	34	34	34	34	34	34	34	35	35	35	35	35	35	35	35	35	35	35	35	35	35	35	35	35	35	35	35	35	35	35	35	35	35	35	35	35	35	36	36	36	36	36	36	36	36	36	36	36	36	36	36	36	36	36	36	36	36	36	36	36	36	37	37	37	37	37	37	37	37	37	37	37	37	37	37	37	37	37	37	37	37	37	37	37	37	38	38	38	38	38	38	38	38	38	38	38	38	38	38	38	38	39	39	39	39	39	39	39	39	39	39	39	39	39	39	39	39	39	39	39	39	39	40	40	40	40	40	40	40	40	40	40	40	40	40	40	40	40	41	41	41	41	41	41	41	41	41	41	41	41	41	41	41	41	41	41	41	41	41	41	42	42	42	42	42	42	42	42	42	42	42	42	42	42	42	42	42	42	42	42	42	42	42	42	42	42	42	42	42	43	43	43	43	43	43	43	43	43	43	43	43	43	43	43	43	44	44	44	44	44	44	44	44	44	44	44	44	44	44	44	44	44	44	44	44	44	44	44	44	44	45	45	45	45	45	45	45	45	45	45	45	45	45	45	45	45	45	45	45	45	45	45	
