1000
15	4
1409	19.8
26	27	26	27	27	27	31	29	27	28	30	26	28	31	29	31	30	29	29	26	30	26	27	31	29	29	27	28	29	29	28	26	29	27	31	31	26	26	29	31	27	28	31	27	27	31	28	31	31	28	31	31	31	27	27	27	26	28	29	30	26	28	26	30	27	29	27	28	28	28	30	31	31	28	26	26	31	28	28	26	28	29	27	28	26	30	31	27	28	26	28	27	29	26	28	27	27	26	30	28	29	28	31	26	28	26	30	30	30	27	28	26	28	28	28	28	27	29	26	31	31	28	28	29	31	30	30	26	30	29	26	28	28	30	31	26	30	26	28	31	28	27	31	29	26	29	29	30	30	30	30	26	30	27	31	28	26	26	30	29	29	30	29	29	31	27	28	27	31	26	29	26	26	29	31	27	26	30	30	30	31	31	28	28	26	28	27	26	28	30	27	27	31	27	31	30	30	29	31	28	29	27	30	26	31	27	26	26	27	29	29	28	26	26	30	28	27	31	30	31	26	30	26	27	27	30	31	30	27	27	30	28	29	28	27	29	27	27	29	26	28	31	28	27	31	27	29	27	31	29	30	29	27	26	26	29	29	28	29	27	27	27	31	26	28	29	29	30	29	27	29	26	31	27	30	29	28	29	26	29	26	27	31	31	26	27	26	27	29	30	29	30	30	30	26	26	29	27	27	28	30	27	31	29	26	27	30	26	31	26	29	27	28	27	26	28	29	29	28	31	30	29	27	31	27	28	31	28	30	28	26	29	29	29	29	27	27	31	28	29	30	30	29	27	31	26	26	30	28	30	30	28	29	28	29	29	26	31	26	27	27	26	26	29	27	28	28	29	31	29	30	30	29	28	26	29	31	30	31	26	26	28	26	28	27	27	29	30	31	26	31	28	27	30	29	31	29	29	27	29	29	27	30	29	29	28	28	31	27	31	26	28	29	30	31	28	28	28	31	30	27	30	27	30	29	27	26	31	31	28	26	31	28	27	28	26	27	29	27	29	28	31	28	28	29	27	29	28	31	28	29	26	30	29	27	26	30	31	31	27	27	29	31	29	28	29	30	27	28	29	30	30	28	29	28	26	28	26	30	31	28	26	27	26	28	27	30	27	26	31	31	29	31	28	27	26	31	31	29	30	26	31	28	27	28	27	27	28	26	28	29	31	28	27	28	28	29	29	31	29	27	26	28	29	26	26	26	31	29	28	27	28	28	26	31	27	27	30	31	28	28	30	30	31	26	26	27	29	30	26	31	28	26	31	27	28	30	27	30	29	27	27	26	30	26	30	27	28	28	29	27	29	28	28	31	31	29	27	28	30	27	29	31	31	31	31	26	31	31	27	27	29	31	30	30	26	27	29	31	27	26	30	26	29	26	28	26	29	27	27	27	30	28	29	26	27	28	26	31	27	26	28	26	27	31	26	26	28	28	29	28	29	27	28	31	27	27	30	26	27	29	27	28	31	28	27	31	28	31	29	31	31	27	26	27	27	28	27	28	26	29	29	28	27	28	31	26	27	31	26	26	31	27	30	26	31	26	30	30	30	29	31	27	26	31	30	27	27	28	28	29	28	30	27	27	30	30	28	31	26	29	26	26	28	28	30	28	27	29	26	26	31	28	30	27	31	28	29	31	26	29	27	29	29	30	27	28	27	31	26	28	31	29	29	27	28	28	31	27	30	28	30	28	28	26	29	31	31	26	30	31	26	27	26	31	28	29	29	27	31	29	27	29	29	27	27	28	27	30	31	27	26	29	26	28	29	29	31	27	30	28	28	30	28	27	29	29	26	28	31	31	27	27	29	30	26	26	31	27	31	26	29	28	31	28	30	27	28	28	28	28	27	27	26	28	29	28	30	27	30	30	31	29	26	26	31	27	27	30	27	28	28	26	26	27	31	29	30	28	27	30	29	26	29	26	30	29	27	29	28	28	31	30	31	30	30	31	29	26	26	26	27	26	30	30	30	30	28	30	26	29	26	30	28	28	30	31	26	28	30	31	28	26	28	26	30	26	29	27	31	28	26	27	27	30	30	27	31	29	28	31	26	27	30	29	28	27	31	30	30	31	30	26	29	26	26	28	26	27	30	26	29	31	31	29	31	29	27	31	27	29	29	31	27	29	31	31	26	29	30	26	30	29	28	26	28	28	27	26	30	28	26	26	31	31	28	28	26	31	29	29	30	31	31	26	30	30	27	29	26	28	30	30	31	27	28	31	31	31	28	26	27	26	30	31	31	30	27	27	27	30	31	30	31	26	28	28	27	27	28	
86	77	82	93	80	89	85	78	77	78	86	76	76	78	84	81	76	78	93	87	86	78	92	77	88	92	83	93	78	80	83	78	76	89	92	83	89	85	78	87	83	90	93	80	90	76	92	85	90	81	85	76	92	78	76	89	79	81	77	84	80	78	85	87	79	86	93	87	85	86	78	89	89	86	89	76	81	80	86	88	94	87	78	88	93	91	83	94	81	86	83	83	78	85	90	77	76	83	77	81	81	76	89	83	85	85	76	83	93	92	94	77	85	81	81	93	91	89	92	77	93	93	82	81	89	87	85	93	84	84	94	79	92	79	87	81	85	82	78	78	87	94	84	93	78	88	83	78	89	87	87	86	77	79	90	80	79	79	84	94	86	82	91	85	86	82	77	76	82	83	78	89	82	89	84	90	92	87	79	87	85	81	85	82	85	78	82	84	84	82	76	82	86	93	79	77	84	92	92	76	93	85	91	81	93	83	94	84	76	94	94	93	79	90	88	76	80	82	88	92	92	78	80	85	76	80	84	79	87	80	85	89	81	93	77	87	83	93	83	93	83	86	92	76	85	93	81	93	93	86	94	88	77	81	90	78	77	89	85	89	87	78	87	92	89	81	80	87	85	90	94	84	92	78	88	84	77	94	80	81	92	94	92	89	84	81	78	89	91	88	78	84	85	91	92	80	88	85	86	90	87	83	76	77	87	82	85	78	81	84	92	88	80	85	77	84	77	93	79	93	80	93	89	90	78	93	82	76	84	93	87	92	87	90	86	81	89	86	89	90	91	92	80	79	86	92	76	77	84	84	90	85	94	92	84	83	92	84	80	79	83	86	90	82	83	85	83	92	79	87	81	82	85	91	82	85	78	92	77	78	88	89	79	80	76	77	89	90	90	91	87	93	81	92	84	87	78	87	86	77	93	82	83	76	81	85	85	90	93	86	92	84	85	79	84	77	78	80	93	84	93	81	94	84	77	94	81	82	92	83	79	87	92	76	79	80	84	84	93	80	83	79	81	85	92	92	85	91	81	77	92	91	88	81	81	85	88	94	86	77	92	89	85	94	87	87	84	89	81	84	76	86	90	88	83	82	84	85	88	76	79	94	77	76	83	82	93	78	89	94	76	78	94	79	76	87	94	78	89	88	94	91	92	88	83	86	79	78	85	93	91	77	85	86	84	90	94	80	88	89	80	92	94	90	78	88	90	77	87	84	92	92	87	91	93	92	79	76	79	79	88	81	94	78	79	85	77	90	78	78	92	81	88	93	77	84	86	82	88	89	89	84	89	87	82	88	88	79	93	83	90	89	91	93	86	86	85	83	92	76	83	94	76	89	90	79	94	82	88	79	79	78	83	82	84	91	88	87	81	78	91	80	79	86	87	77	79	79	84	89	87	81	86	83	78	84	78	93	84	92	92	86	90	90	89	86	83	76	88	93	80	77	89	83	85	94	94	86	91	87	81	76	82	80	94	90	90	83	92	90	82	83	86	94	91	78	87	79	90	86	94	88	90	91	86	85	80	90	83	86	84	91	94	92	77	93	93	93	83	88	78	89	92	83	77	91	79	76	91	88	79	82	77	93	76	93	86	76	86	88	93	78	93	79	76	90	88	76	81	90	78	87	78	84	89	82	88	93	77	82	84	93	88	92	94	92	93	77	79	87	76	91	89	84	92	87	82	87	94	87	82	77	94	84	85	83	86	79	78	85	80	91	79	82	92	83	86	94	86	82	91	80	90	91	94	85	93	83	81	87	78	83	87	86	84	83	81	87	92	85	85	81	92	77	94	85	88	93	92	85	85	82	83	87	92	94	85	86	91	81	86	78	87	92	85	94	89	78	88	92	92	77	78	82	89	81	76	88	76	85	83	84	78	76	88	80	78	94	91	94	83	86	84	88	94	81	83	79	76	79	89	84	80	84	91	89	90	79	91	94	77	93	93	78	89	88	79	93	82	76	77	80	91	87	91	93	78	91	88	79	83	79	92	85	89	80	87	94	94	88	92	82	87	84	93	92	81	88	81	92	81	92	81	83	78	84	81	82	76	85	78	94	83	86	92	82	79	76	89	87	87	77	90	86	89	79	94	76	84	85	85	90	84	94	90	83	83	82	80	92	77	77	92	93	79	77	77	79	93	88	85	90	90	90	78	79	87	83	92	90	93	80	79	84	93	78	78	94	82	92	88	77	88	94	88	88	83	90	92	80	91	92	94	87	93	79	76	79	85	88	93	82	86	83	76	94	84	76	89	93	86	81	84	85	78	83	88	80	80	92	
27.5	16.5	13.2	14.3	28.6	18.7	23.1	30.8	27.5	27.5	19.8	18.7	12.1	30.8	15.4	14.3	28.6	12.1	12.1	22	23.1	12.1	20.9	26.4	23.1	19.8	20.9	29.7	31.9	29.7	23.1	12.1	31.9	11	17.6	22	18.7	31.9	20.9	17.6	25.3	24.2	29.7	11	22	23.1	33	14.3	18.7	16.5	18.7	22	11	33	12.1	28.6	14.3	14.3	14.3	14.3	24.2	28.6	16.5	18.7	16.5	22	20.9	14.3	33	22	20.9	20.9	11	13.2	26.4	19.8	18.7	17.6	30.8	19.8	16.5	17.6	16.5	18.7	14.3	22	13.2	20.9	30.8	33	31.9	26.4	13.2	26.4	30.8	12.1	16.5	12.1	27.5	24.2	29.7	23.1	19.8	20.9	26.4	23.1	16.5	11	14.3	19.8	22	14.3	20.9	13.2	17.6	31.9	27.5	29.7	28.6	27.5	23.1	16.5	11	30.8	29.7	29.7	27.5	29.7	18.7	19.8	11	27.5	23.1	31.9	23.1	20.9	28.6	17.6	29.7	24.2	33	22	26.4	18.7	27.5	18.7	30.8	13.2	23.1	15.4	14.3	33	17.6	18.7	23.1	28.6	25.3	12.1	22	19.8	12.1	19.8	22	26.4	31.9	12.1	23.1	30.8	19.8	29.7	18.7	18.7	28.6	16.5	14.3	22	23.1	13.2	18.7	26.4	13.2	29.7	23.1	13.2	16.5	12.1	25.3	13.2	29.7	29.7	18.7	24.2	26.4	23.1	28.6	25.3	17.6	15.4	33	13.2	22	22	25.3	27.5	22	14.3	26.4	30.8	13.2	16.5	12.1	14.3	14.3	11	17.6	31.9	14.3	25.3	19.8	14.3	20.9	13.2	19.8	26.4	28.6	13.2	22	27.5	27.5	28.6	20.9	24.2	18.7	13.2	18.7	18.7	17.6	15.4	22	26.4	24.2	22	30.8	23.1	15.4	16.5	15.4	29.7	28.6	12.1	17.6	29.7	33	27.5	27.5	23.1	13.2	29.7	15.4	19.8	24.2	30.8	27.5	24.2	26.4	25.3	24.2	27.5	19.8	29.7	19.8	12.1	31.9	29.7	23.1	28.6	23.1	30.8	27.5	30.8	18.7	30.8	24.2	18.7	17.6	11	24.2	33	31.9	31.9	23.1	33	28.6	29.7	17.6	33	33	26.4	31.9	30.8	27.5	13.2	12.1	26.4	31.9	20.9	18.7	26.4	31.9	12.1	11	31.9	30.8	23.1	13.2	23.1	13.2	22	31.9	18.7	19.8	18.7	16.5	16.5	25.3	33	19.8	19.8	22	25.3	16.5	12.1	24.2	28.6	13.2	12.1	31.9	25.3	29.7	17.6	30.8	31.9	20.9	23.1	33	23.1	29.7	19.8	20.9	26.4	11	11	23.1	27.5	17.6	24.2	33	27.5	25.3	16.5	17.6	24.2	22	18.7	22	27.5	20.9	31.9	20.9	33	28.6	14.3	17.6	24.2	23.1	27.5	26.4	24.2	15.4	25.3	14.3	17.6	33	20.9	18.7	28.6	33	19.8	25.3	26.4	17.6	14.3	22	26.4	11	17.6	24.2	17.6	20.9	29.7	25.3	31.9	28.6	22	11	18.7	30.8	14.3	24.2	25.3	31.9	15.4	15.4	29.7	25.3	12.1	13.2	20.9	29.7	13.2	16.5	23.1	24.2	22	33	15.4	24.2	13.2	28.6	28.6	16.5	28.6	31.9	20.9	30.8	12.1	25.3	24.2	22	18.7	28.6	20.9	18.7	31.9	13.2	22	12.1	18.7	12.1	33	14.3	29.7	24.2	28.6	16.5	13.2	17.6	22	15.4	19.8	13.2	27.5	26.4	25.3	17.6	11	33	14.3	11	17.6	20.9	14.3	12.1	26.4	30.8	19.8	22	30.8	14.3	28.6	17.6	25.3	11	22	11	17.6	20.9	25.3	26.4	13.2	15.4	25.3	27.5	33	24.2	19.8	23.1	19.8	29.7	24.2	28.6	14.3	25.3	18.7	17.6	13.2	29.7	31.9	25.3	25.3	24.2	33	30.8	27.5	13.2	18.7	14.3	30.8	18.7	27.5	16.5	26.4	30.8	29.7	30.8	29.7	22	27.5	18.7	26.4	30.8	27.5	29.7	18.7	15.4	17.6	24.2	33	33	26.4	33	29.7	11	30.8	19.8	18.7	26.4	27.5	23.1	29.7	18.7	31.9	23.1	30.8	24.2	33	17.6	13.2	23.1	28.6	28.6	16.5	22	20.9	29.7	24.2	26.4	27.5	14.3	17.6	17.6	26.4	29.7	20.9	19.8	24.2	28.6	33	31.9	33	27.5	25.3	23.1	15.4	16.5	16.5	28.6	12.1	15.4	22	25.3	11	28.6	14.3	33	33	28.6	16.5	12.1	23.1	23.1	15.4	16.5	16.5	19.8	22	16.5	15.4	20.9	17.6	28.6	31.9	26.4	30.8	28.6	26.4	33	20.9	11	26.4	14.3	26.4	13.2	22	14.3	22	18.7	26.4	22	24.2	22	16.5	24.2	15.4	19.8	31.9	33	20.9	27.5	18.7	14.3	11	11	26.4	31.9	31.9	19.8	25.3	29.7	18.7	14.3	11	30.8	19.8	29.7	30.8	19.8	17.6	33	33	13.2	20.9	33	31.9	26.4	16.5	11	20.9	11	14.3	20.9	20.9	30.8	28.6	30.8	24.2	14.3	23.1	13.2	13.2	19.8	18.7	11	25.3	11	28.6	28.6	26.4	17.6	29.7	27.5	14.3	20.9	14.3	31.9	15.4	11	25.3	26.4	15.4	29.7	30.8	19.8	29.7	20.9	33	27.5	31.9	31.9	19.8	19.8	14.3	27.5	13.2	25.3	20.9	31.9	17.6	27.5	20.9	14.3	18.7	13.2	31.9	29.7	26.4	28.6	20.9	28.6	22	24.2	18.7	23.1	14.3	17.6	14.3	31.9	33	30.8	26.4	30.8	30.8	12.1	29.7	23.1	28.6	16.5	17.6	18.7	22	33	16.5	11	18.7	15.4	26.4	25.3	14.3	15.4	13.2	30.8	17.6	15.4	20.9	28.6	23.1	22	28.6	31.9	29.7	16.5	14.3	14.3	23.1	31.9	26.4	31.9	16.5	27.5	29.7	15.4	29.7	24.2	13.2	15.4	28.6	33	31.9	19.8	25.3	33	24.2	27.5	23.1	17.6	27.5	12.1	24.2	27.5	27.5	33	28.6	16.5	13.2	26.4	19.8	24.2	18.7	13.2	12.1	24.2	25.3	16.5	33	18.7	30.8	19.8	16.5	11	15.4	16.5	12.1	26.4	29.7	22	13.2	20.9	18.7	28.6	15.4	27.5	26.4	25.3	17.6	11	19.8	28.6	22	22	30.8	12.1	30.8	18.7	11	28.6	20.9	30.8	30.8	22	22	12.1	17.6	15.4	29.7	28.6	17.6	33	18.7	22	29.7	30.8	24.2	24.2	20.9	19.8	19.8	28.6	19.8	27.5	17.6	16.5	12.1	25.3	22	15.4	11	23.1	28.6	28.6	19.8	33	19.8	25.3	30.8	29.7	31.9	12.1	20.9	12.1	20.9	25.3	11	26.4	14.3	12.1	18.7	13.2	14.3	19.8	31.9	17.6	18.7	20.9	20.9	20.9	18.7	13.2	22	18.7	33	20.9	11	25.3	18.7	29.7	26.4	17.6	19.8	12.1	22	29.7	12.1	12.1	31.9	29.7	30.8	28.6	20.9	29.7	15.4	26.4	24.2	20.9	33	14.3	22	27.5	16.5	12.1	33	30.8	13.2	20.9	18.7	24.2	25.3	17.6	22	12.1	20.9	29.7	22	22	16.5	31.9	20.9	22	31.9	16.5	15.4	19.8	28.6	17.6	19.8	28.6	13.2	28.6	12.1	14.3	23.1	22	17.6	28.6	12.1	17.6	17.6	29.7	20.9	27.5	30.8	30.8	20.9	14.3	25.3	16.5	14.3	18.7	22	17.6	19.8	27.5	28.6	13.2	26.4	28.6	13.2	33	28.6	30.8	17.6	
33	29.7	20.9	27.5	23.1	24.2	14.3	26.4	24.2	22	24.2	12.1	12.1	14.3	20.9	31.9	17.6	27.5	29.7	18.7	25.3	30.8	23.1	22	18.7	27.5	31.9	20.9	24.2	18.7	31.9	16.5	14.3	22	11	29.7	15.4	15.4	23.1	31.9	26.4	11	27.5	23.1	31.9	33	15.4	24.2	20.9	16.5	14.3	18.7	33	19.8	33	26.4	19.8	31.9	24.2	18.7	13.2	18.7	27.5	27.5	26.4	29.7	31.9	25.3	11	16.5	12.1	14.3	13.2	24.2	27.5	26.4	30.8	27.5	27.5	18.7	12.1	18.7	22	16.5	23.1	19.8	13.2	30.8	27.5	31.9	18.7	20.9	17.6	24.2	20.9	26.4	22	17.6	15.4	17.6	33	22	27.5	12.1	12.1	27.5	13.2	33	16.5	23.1	15.4	11	25.3	29.7	18.7	11	22	18.7	25.3	19.8	19.8	15.4	22	20.9	11	33	33	22	29.7	13.2	23.1	25.3	14.3	30.8	17.6	16.5	18.7	14.3	16.5	25.3	14.3	15.4	25.3	16.5	25.3	16.5	20.9	30.8	17.6	20.9	14.3	27.5	14.3	15.4	14.3	33	33	31.9	15.4	12.1	33	31.9	33	16.5	14.3	33	12.1	31.9	19.8	15.4	30.8	31.9	18.7	14.3	19.8	13.2	22	25.3	17.6	16.5	18.7	16.5	27.5	27.5	30.8	25.3	31.9	31.9	14.3	13.2	23.1	26.4	16.5	14.3	33	33	15.4	29.7	12.1	28.6	18.7	13.2	29.7	13.2	16.5	33	11	24.2	20.9	31.9	18.7	16.5	23.1	12.1	22	33	16.5	16.5	19.8	13.2	15.4	12.1	13.2	18.7	19.8	23.1	24.2	29.7	25.3	26.4	28.6	27.5	26.4	18.7	13.2	24.2	27.5	31.9	19.8	27.5	14.3	33	11	28.6	28.6	14.3	17.6	31.9	23.1	17.6	27.5	26.4	22	29.7	12.1	27.5	12.1	18.7	33	22	11	23.1	17.6	19.8	31.9	18.7	13.2	26.4	23.1	12.1	28.6	18.7	31.9	28.6	15.4	33	12.1	30.8	14.3	26.4	23.1	19.8	22	26.4	19.8	17.6	16.5	33	17.6	20.9	17.6	18.7	27.5	19.8	17.6	26.4	25.3	24.2	33	25.3	11	29.7	24.2	26.4	24.2	13.2	14.3	29.7	31.9	13.2	17.6	12.1	12.1	28.6	12.1	31.9	23.1	11	23.1	25.3	12.1	11	29.7	29.7	17.6	15.4	17.6	18.7	15.4	26.4	11	22	14.3	33	18.7	15.4	13.2	31.9	33	28.6	17.6	27.5	12.1	16.5	25.3	26.4	24.2	22	19.8	12.1	11	12.1	22	28.6	14.3	20.9	11	26.4	31.9	28.6	31.9	11	29.7	18.7	26.4	13.2	27.5	28.6	33	25.3	19.8	23.1	18.7	27.5	20.9	14.3	19.8	25.3	25.3	31.9	28.6	30.8	14.3	16.5	33	16.5	19.8	11	24.2	14.3	17.6	11	12.1	24.2	27.5	16.5	27.5	15.4	11	25.3	33	15.4	28.6	31.9	29.7	30.8	17.6	14.3	24.2	14.3	26.4	13.2	25.3	15.4	12.1	33	18.7	12.1	11	14.3	16.5	24.2	12.1	30.8	20.9	11	33	22	20.9	26.4	11	27.5	11	29.7	25.3	15.4	18.7	17.6	16.5	11	25.3	22	18.7	22	18.7	17.6	33	33	24.2	27.5	19.8	18.7	20.9	23.1	33	28.6	20.9	11	11	29.7	30.8	22	17.6	26.4	23.1	18.7	20.9	11	23.1	13.2	23.1	33	22	27.5	30.8	12.1	20.9	17.6	31.9	26.4	24.2	28.6	11	22	17.6	22	31.9	20.9	12.1	28.6	29.7	22	27.5	11	27.5	25.3	33	31.9	26.4	18.7	31.9	27.5	31.9	22	14.3	16.5	31.9	18.7	18.7	19.8	13.2	33	31.9	16.5	17.6	25.3	26.4	30.8	27.5	17.6	22	22	15.4	26.4	25.3	23.1	15.4	28.6	16.5	12.1	26.4	12.1	25.3	23.1	14.3	11	29.7	16.5	23.1	24.2	16.5	17.6	31.9	27.5	26.4	12.1	17.6	11	20.9	33	19.8	24.2	16.5	28.6	24.2	22	14.3	31.9	30.8	31.9	31.9	13.2	26.4	30.8	16.5	27.5	26.4	22	15.4	31.9	11	19.8	22	11	15.4	12.1	11	22	19.8	33	12.1	12.1	31.9	24.2	30.8	22	28.6	29.7	24.2	29.7	13.2	12.1	26.4	22	27.5	27.5	20.9	19.8	12.1	31.9	15.4	27.5	26.4	24.2	11	25.3	24.2	26.4	19.8	26.4	28.6	22	28.6	20.9	20.9	31.9	22	14.3	26.4	15.4	28.6	25.3	12.1	28.6	31.9	28.6	26.4	20.9	33	19.8	11	27.5	31.9	33	24.2	27.5	30.8	16.5	29.7	19.8	11	20.9	24.2	11	30.8	25.3	12.1	19.8	23.1	22	18.7	33	25.3	27.5	20.9	29.7	13.2	19.8	33	19.8	28.6	18.7	28.6	12.1	16.5	22	29.7	12.1	16.5	15.4	24.2	30.8	19.8	27.5	23.1	14.3	29.7	23.1	13.2	18.7	12.1	24.2	20.9	25.3	24.2	23.1	17.6	16.5	27.5	30.8	22	13.2	33	19.8	22	22	31.9	28.6	33	13.2	29.7	18.7	11	12.1	17.6	13.2	19.8	12.1	11	20.9	28.6	26.4	22	22	15.4	25.3	26.4	12.1	28.6	19.8	31.9	22	33	29.7	28.6	19.8	16.5	33	24.2	13.2	13.2	27.5	20.9	14.3	22	22	18.7	28.6	19.8	28.6	25.3	19.8	33	25.3	20.9	27.5	17.6	14.3	28.6	22	26.4	20.9	22	27.5	24.2	11	13.2	18.7	19.8	16.5	25.3	24.2	20.9	25.3	15.4	19.8	28.6	22	16.5	33	30.8	31.9	28.6	30.8	25.3	25.3	18.7	15.4	27.5	26.4	18.7	25.3	16.5	22	16.5	30.8	29.7	23.1	20.9	14.3	28.6	28.6	17.6	26.4	24.2	24.2	29.7	25.3	27.5	17.6	26.4	23.1	25.3	18.7	15.4	13.2	31.9	27.5	18.7	13.2	31.9	31.9	20.9	33	24.2	27.5	13.2	13.2	19.8	22	16.5	25.3	15.4	30.8	15.4	22	25.3	11	33	28.6	17.6	27.5	19.8	22	31.9	20.9	16.5	23.1	15.4	19.8	23.1	18.7	24.2	11	22	13.2	12.1	31.9	11	22	19.8	20.9	26.4	18.7	15.4	26.4	33	16.5	23.1	23.1	28.6	19.8	22	20.9	24.2	20.9	23.1	11	31.9	18.7	28.6	22	31.9	24.2	29.7	14.3	28.6	22	16.5	24.2	14.3	29.7	26.4	14.3	23.1	17.6	31.9	19.8	31.9	11	18.7	29.7	18.7	33	15.4	17.6	19.8	20.9	18.7	20.9	19.8	24.2	22	23.1	26.4	22	31.9	19.8	17.6	19.8	23.1	15.4	23.1	31.9	11	25.3	13.2	22	31.9	25.3	33	29.7	27.5	29.7	11	23.1	30.8	19.8	18.7	20.9	26.4	23.1	18.7	17.6	12.1	30.8	20.9	15.4	33	31.9	18.7	19.8	16.5	17.6	13.2	24.2	17.6	24.2	16.5	17.6	11	27.5	33	16.5	24.2	27.5	28.6	23.1	24.2	30.8	33	17.6	20.9	17.6	22	30.8	16.5	15.4	17.6	12.1	18.7	26.4	23.1	18.7	23.1	15.4	18.7	13.2	30.8	17.6	20.9	18.7	26.4	24.2	30.8	33	30.8	17.6	15.4	24.2	11	25.3	12.1	29.7	33	13.2	14.3	22	30.8	13.2	
23.1	18.7	13.2	11	28.6	25.3	17.6	20.9	13.2	13.2	33	11	29.7	23.1	29.7	
15	16	15	10	12	20	13	17	19	18	17	15	15	14	19	14	18	18	10	15	20	11	15	10	19	20	20	17	14	11	15	16	11	17	20	15	20	10	13	16	19	15	18	19	12	17	15	20	17	15	18	18	17	16	17	17	19	20	16	13	20	11	10	12	18	15	18	13	12	18	19	15	16	13	13	14	14	13	12	12	19	20	18	15	15	16	12	14	10	11	18	10	16	19	18	20	15	15	18	16	18	19	17	20	17	13	20	13	17	15	20	11	19	14	13	10	19	15	20	17	14	16	11	11	11	17	13	14	13	17	20	10	18	17	11	14	14	20	19	19	12	19	12	11	20	17	18	10	16	11	20	12	11	11	17	19	20	16	12	10	17	13	17	14	19	11	14	10	20	12	14	17	10	19	15	19	11	13	20	19	14	11	18	15	18	10	20	16	16	15	15	12	18	10	12	12	17	14	17	19	10	19	14	20	11	15	20	16	18	16	18	11	16	14	16	13	12	12	20	13	10	19	16	18	15	12	13	14	11	12	16	13	14	12	19	11	11	16	19	20	16	13	11	16	20	18	15	11	11	13	10	15	13	19	19	12	10	18	18	19	20	20	10	14	17	16	20	18	19	17	13	17	17	18	20	15	17	18	13	11	16	16	16	15	18	12	11	20	16	12	15	18	16	11	10	16	14	17	14	16	12	18	11	16	17	13	17	19	17	19	12	11	20	18	12	11	14	19	20	10	19	18	11	13	11	10	12	14	19	20	18	10	20	10	11	16	15	16	15	10	19	11	19	14	20	17	15	20	16	13	11	13	18	13	13	20	17	16	12	19	16	13	11	15	20	19	12	18	19	10	16	19	15	16	13	14	11	17	17	13	18	20	20	13	10	16	19	13	20	19	19	17	12	17	18	19	11	11	20	20	14	19	19	16	13	11	17	12	15	17	16	20	18	19	17	19	14	19	14	18	19	18	19	12	10	11	20	15	15	10	10	10	20	19	11	18	20	11	18	13	14	19	17	12	11	12	12	12	20	17	16	19	10	20	10	11	18	18	15	12	18	20	13	12	14	12	20	12	12	14	15	17	19	18	13	10	19	12	18	11	10	16	18	13	14	20	10	18	11	18	10	16	11	15	16	15	14	18	20	12	15	17	20	10	15	15	17	10	19	20	16	16	16	11	16	14	10	19	12	12	11	11	16	11	18	17	17	20	20	12	13	15	19	18	20	12	10	19	12	11	11	20	17	20	20	16	12	14	18	12	13	13	20	15	11	13	19	15	18	20	16	14	15	15	19	15	18	17	12	11	13	19	19	11	14	11	17	11	14	20	17	17	15	17	16	10	15	18	12	17	11	17	18	15	13	20	19	16	18	18	14	11	10	17	13	19	15	17	13	13	11	11	10	20	15	12	12	19	14	13	11	20	14	18	15	18	15	17	17	18	19	16	14	10	19	20	16	12	14	16	18	19	11	19	14	14	10	15	12	16	15	13	14	18	15	11	11	19	17	19	17	13	18	16	20	10	11	11	20	11	13	10	19	10	18	18	17	10	20	15	20	19	11	17	14	11	16	19	13	13	14	11	20	15	14	10	11	14	13	11	13	20	11	12	10	18	12	19	12	11	10	13	13	13	13	10	10	10	20	19	18	15	16	11	16	19	18	18	14	16	10	13	10	19	12	14	15	16	18	10	10	11	15	18	11	13	10	20	11	18	16	19	15	20	14	17	11	12	10	18	15	17	12	13	10	20	13	19	11	12	15	17	12	11	19	11	16	17	12	17	14	11	19	18	17	17	17	13	10	20	16	14	19	18	17	10	15	11	10	18	15	14	10	16	14	10	20	18	16	10	20	13	19	13	14	19	12	15	14	13	11	16	11	10	14	20	14	11	14	14	16	19	10	12	20	11	15	12	17	17	20	19	14	18	17	14	10	14	18	19	12	20	16	20	16	11	19	16	20	15	11	12	13	15	17	18	15	17	16	15	19	16	16	16	11	15	13	11	19	14	10	10	10	20	10	20	16	10	10	16	20	13	19	18	15	11	16	12	14	13	17	13	14	13	15	10	12	17	17	15	17	14	10	18	20	19	12	16	14	20	11	20	12	10	12	13	12	20	17	10	13	20	18	16	12	19	15	14	17	19	18	19	18	18	10	17	17	12	10	20	14	11	11	15	20	10	13	11	14	11	14	17	11	15	19	12	16	16	12	10	17	17	20	15	13	17	20	10	15	11	17	18	20	18	12	11	13	13	13	19	20	17	12	18	14	15	15	19	12	12	
1	1	1	1	1	1	1	1	1	1	1	1	1	1	1	1	1	1	1	1	1	1	1	1	1	1	1	1	1	1	1	1	1	1	1	1	1	1	1	1	1	1	1	1	1	1	1	1	1	1	1	1	1	1	1	1	1	1	1	1	1	2	2	2	2	2	2	2	2	2	2	2	2	2	2	2	2	2	2	2	2	2	2	2	2	2	2	2	2	2	2	2	2	2	2	2	2	2	2	2	2	2	2	2	2	2	2	2	2	2	2	2	2	2	2	2	2	2	2	2	2	2	2	2	2	2	2	2	2	2	2	2	2	2	2	3	3	3	3	3	3	3	3	3	3	3	3	3	3	3	3	3	3	3	3	3	3	3	3	3	3	3	3	3	3	3	3	3	3	3	3	3	3	3	3	3	3	3	3	3	3	3	3	3	3	3	3	3	3	3	3	3	3	3	3	3	3	3	3	3	3	3	3	3	3	3	3	4	4	4	4	4	4	4	4	4	4	4	4	4	4	4	4	4	4	4	4	4	4	4	4	4	4	4	4	4	4	4	4	4	4	4	4	4	4	4	4	4	4	4	4	4	4	4	4	4	4	4	4	4	4	4	4	4	5	5	5	5	5	5	5	5	5	5	5	5	5	5	5	5	5	5	5	5	5	5	5	5	5	5	5	5	5	5	5	5	5	5	5	5	5	5	5	5	5	5	5	5	5	5	5	5	5	5	5	5	5	5	5	5	5	5	5	5	5	5	5	5	5	5	5	5	5	5	5	5	5	5	5	5	5	5	5	5	5	6	6	6	6	6	6	6	6	6	6	6	6	6	6	6	6	6	6	6	6	6	6	6	6	6	6	6	6	6	6	6	6	6	6	6	6	6	6	6	6	6	6	6	6	6	7	7	7	7	7	7	7	7	7	7	7	7	7	7	7	7	7	7	7	7	7	7	7	7	7	7	7	7	7	7	7	7	7	7	7	7	7	7	7	7	7	7	7	7	7	7	7	7	7	7	7	7	8	8	8	8	8	8	8	8	8	8	8	8	8	8	8	8	8	8	8	8	8	8	8	8	8	8	8	8	8	8	8	8	8	8	8	8	8	8	8	8	8	8	8	8	8	8	8	8	8	8	8	8	8	8	8	8	8	8	8	8	8	8	8	8	8	8	8	8	8	9	9	9	9	9	9	9	9	9	9	9	9	9	9	9	9	9	9	9	9	9	9	9	9	9	9	9	9	9	9	9	9	9	9	9	9	9	9	9	9	9	9	9	9	9	9	9	9	9	9	9	9	9	9	9	9	9	9	9	9	9	9	9	9	9	9	9	9	9	10	10	10	10	10	10	10	10	10	10	10	10	10	10	10	10	10	10	10	10	10	10	10	10	10	10	10	10	10	10	10	10	10	10	10	10	10	10	10	10	10	10	10	10	10	10	10	10	10	10	10	10	10	10	10	10	10	10	10	10	10	10	10	10	10	10	10	10	10	10	10	10	10	10	10	10	10	10	10	10	10	11	11	11	11	11	11	11	11	11	11	11	11	11	11	11	11	11	11	11	11	11	11	11	11	11	11	11	11	11	11	11	11	11	11	11	11	11	11	11	11	11	11	11	11	11	11	11	11	11	11	11	11	11	11	11	11	12	12	12	12	12	12	12	12	12	12	12	12	12	12	12	12	12	12	12	12	12	12	12	12	12	12	12	12	12	12	12	12	12	12	12	12	12	12	12	12	12	12	12	12	12	12	12	12	12	12	12	12	12	12	12	12	12	12	12	12	12	12	12	12	12	12	12	12	12	12	12	12	12	12	12	12	12	12	12	13	13	13	13	13	13	13	13	13	13	13	13	13	13	13	13	13	13	13	13	13	13	13	13	13	13	13	13	13	13	13	13	13	13	13	13	13	13	13	13	13	13	13	13	13	13	13	13	13	13	13	13	13	13	13	13	13	13	13	13	13	13	13	13	13	13	13	13	13	13	13	13	13	13	13	13	13	13	13	14	14	14	14	14	14	14	14	14	14	14	14	14	14	14	14	14	14	14	14	14	14	14	14	14	14	14	14	14	14	14	14	14	14	14	14	14	14	14	14	14	14	14	14	14	14	14	14	14	14	14	14	14	14	14	14	14	14	14	14	14	15	15	15	15	15	15	15	15	15	15	15	15	15	15	15	15	15	15	15	15	15	15	15	15	15	15	15	15	15	15	15	15	15	15	15	15	15	15	15	15	15	15	15	15	15	15	15	15	15	15	15	15	15	15	15	15	15	15	15	15	15	15	15	15	
