1000
30	7
793	28.6
30	26	28	30	30	30	31	26	29	31	31	26	26	26	30	29	31	31	31	29	27	31	29	28	30	27	27	31	31	28	28	30	31	26	27	29	31	31	31	31	28	27	29	28	27	29	30	30	27	29	31	29	27	28	26	31	29	26	30	30	31	29	30	27	31	27	30	29	27	27	30	27	28	28	30	28	28	31	30	31	30	26	28	28	29	28	26	28	30	30	28	28	28	29	27	30	30	30	31	30	31	28	29	28	26	26	29	29	30	31	30	28	26	30	26	29	30	27	26	26	30	28	30	28	30	26	30	28	28	31	29	26	28	30	28	29	29	30	31	26	31	31	26	30	26	26	31	27	30	30	28	27	28	31	27	30	30	27	30	29	31	30	28	29	29	29	29	29	26	26	31	29	26	29	31	31	31	30	27	30	28	26	30	27	31	27	29	28	29	28	29	28	29	29	26	30	27	31	31	27	26	26	28	29	29	31	26	30	31	28	29	29	28	31	28	31	27	26	29	29	30	30	31	28	28	29	26	27	28	31	27	27	30	30	26	26	30	26	29	29	29	28	30	30	31	28	29	29	26	28	29	29	28	29	27	31	29	28	26	26	26	31	30	30	30	29	30	27	31	31	31	27	27	30	27	29	28	31	28	26	26	27	31	28	27	31	30	28	30	29	27	29	30	28	26	29	29	26	28	29	31	28	27	26	31	31	27	26	30	30	31	28	27	27	29	30	27	27	26	27	27	26	26	26	29	30	31	29	29	27	30	26	27	29	31	26	31	31	26	26	29	29	28	29	31	29	26	30	31	26	31	27	27	31	26	26	30	26	30	31	29	27	27	29	27	27	31	27	29	30	29	31	29	27	27	27	28	31	29	30	28	26	29	26	31	27	29	28	30	27	30	31	31	29	30	31	26	30	27	29	27	26	29	30	31	31	28	26	29	31	30	28	28	28	28	28	27	31	29	31	31	26	26	27	27	28	31	27	28	31	28	30	29	27	30	26	29	26	27	27	31	28	30	27	27	28	29	26	30	31	26	27	28	29	26	27	26	26	29	29	29	28	30	26	31	26	30	31	28	31	27	26	29	28	27	26	27	27	28	31	30	31	29	27	27	27	28	30	27	30	28	31	30	31	30	30	31	27	29	28	31	29	27	27	28	26	26	31	26	29	31	30	30	26	31	26	29	31	30	28	31	31	27	26	27	30	29	30	31	29	29	28	28	27	31	30	26	27	28	30	29	28	26	27	26	27	27	27	28	31	28	31	30	28	26	30	26	27	30	30	27	30	31	31	30	27	30	27	28	28	28	29	31	27	31	27	30	30	30	31	30	31	29	31	30	30	29	31	30	29	27	28	27	28	29	28	26	29	31	27	29	26	26	31	31	30	28	26	30	29	26	30	26	28	30	28	30	31	26	28	28	30	27	28	27	28	30	29	27	28	27	30	29	28	29	30	30	31	29	30	30	30	27	29	27	28	29	28	30	30	29	31	27	31	26	27	27	26	27	31	30	31	31	28	26	28	30	31	30	31	30	30	31	29	27	30	28	30	30	29	30	31	29	31	28	28	27	30	30	31	29	26	26	27	31	29	28	30	27	27	28	31	28	29	28	31	28	26	31	26	28	29	27	31	29	28	31	31	30	27	29	26	30	28	26	31	30	28	29	29	31	28	31	27	29	27	28	31	30	31	31	31	26	27	29	29	29	31	27	31	27	28	31	30	30	31	26	26	31	30	28	29	28	29	30	30	28	28	29	30	27	31	27	31	29	26	29	30	30	31	30	27	30	26	28	31	28	30	27	29	30	30	28	29	28	29	29	30	31	30	27	27	26	31	29	29	30	29	27	31	28	29	31	29	27	28	28	29	26	29	29	26	27	30	31	26	30	26	31	27	29	26	28	29	27	31	28	29	31	29	26	31	31	28	27	30	27	27	27	30	30	31	29	31	26	30	30	31	26	30	28	28	27	26	28	29	31	27	26	28	28	26	30	30	29	31	28	28	27	30	31	29	31	29	29	28	28	28	27	29	27	29	31	26	29	27	30	26	27	27	31	28	28	26	30	29	28	26	29	26	29	26	30	28	29	31	28	29	30	29	26	27	26	28	29	31	26	26	26	28	26	31	26	31	26	27	27	30	29	31	27	30	30	29	30	30	29	30	26	31	31	29	29	28	27	27	28	26	27	28	28	28	30	31	27	26	27	27	31	29	28	28	30	27	27	30	27	30	28	28	31	29	26	31	31	27	28	26	28	26	28	31	30	31	27	29	31	27	31	31	
91	89	76	87	89	88	76	79	86	94	91	84	83	86	84	77	90	86	77	90	88	90	84	93	84	94	81	94	79	87	83	94	77	87	78	84	91	78	80	79	86	81	92	81	82	84	89	85	91	86	77	93	86	91	89	83	85	78	79	83	76	78	89	87	76	77	85	81	85	85	80	83	84	76	93	93	88	94	82	92	85	94	83	93	82	77	81	77	85	87	81	85	88	86	81	90	92	77	83	92	78	94	81	87	90	85	82	86	77	80	88	77	85	77	78	79	80	81	89	93	77	83	83	87	90	94	91	92	93	78	85	88	86	87	85	85	81	91	89	87	83	87	76	76	77	87	93	76	91	83	85	82	81	77	79	88	78	91	79	81	76	86	78	91	86	76	94	86	91	82	92	84	84	88	89	86	84	92	82	85	82	76	80	87	88	87	85	85	77	90	84	93	80	86	90	84	92	90	77	90	88	92	80	85	87	80	77	78	92	80	94	84	88	84	78	94	94	77	85	90	91	91	91	79	86	84	94	84	85	84	84	86	82	94	90	88	81	94	94	91	85	93	88	89	90	93	93	94	77	77	92	91	92	87	92	81	85	82	77	94	90	76	91	77	84	91	89	89	77	85	81	89	81	80	83	86	80	93	88	91	77	92	93	78	83	93	94	80	92	93	81	77	86	90	78	93	83	76	83	94	81	84	76	78	76	84	92	88	79	92	90	82	93	80	77	86	84	82	79	79	93	88	89	93	94	88	89	83	81	83	80	80	77	93	80	86	90	89	86	84	93	86	81	94	93	94	84	92	86	81	89	94	78	79	82	94	83	91	76	77	87	84	85	94	88	92	77	81	90	92	86	91	93	76	86	91	90	86	84	86	89	77	81	88	77	77	78	82	78	82	77	80	81	80	85	93	89	80	77	90	86	89	78	94	87	78	94	80	77	89	86	81	91	90	92	84	78	92	91	92	76	91	83	81	86	77	78	77	89	93	85	81	83	92	86	94	83	76	76	91	86	88	77	93	86	90	79	88	79	83	79	85	80	77	86	79	76	78	85	83	93	93	93	86	90	86	86	86	77	92	91	84	86	77	85	85	79	91	76	79	93	94	88	86	88	82	82	88	83	89	83	89	78	81	87	76	90	90	86	79	82	91	88	77	83	79	83	92	79	86	90	93	89	86	78	94	92	92	88	78	94	77	80	81	83	80	84	87	84	86	83	84	88	90	91	76	80	82	85	76	80	83	78	88	88	85	80	76	84	85	77	91	86	78	92	93	78	89	79	80	94	77	80	82	86	79	76	80	85	78	89	86	85	77	80	79	78	84	89	81	83	77	91	78	87	93	76	94	78	85	89	83	86	86	90	81	81	89	76	80	91	93	89	94	94	87	94	84	81	86	86	86	83	78	87	91	80	87	85	86	85	84	93	86	77	89	92	92	92	92	76	85	91	94	87	80	94	78	88	84	77	83	91	84	80	89	80	89	93	83	84	90	79	87	89	84	81	93	82	88	80	84	76	92	86	81	76	92	93	81	77	86	82	88	92	82	93	79	84	82	79	86	90	85	85	89	91	91	84	80	91	83	88	84	90	80	81	91	92	91	84	93	85	78	84	80	82	81	87	76	78	84	78	89	86	89	88	80	92	89	86	91	79	86	85	92	92	82	93	78	85	91	84	93	94	76	89	78	91	92	82	79	92	77	77	79	80	92	78	85	85	87	76	81	79	94	86	94	87	77	88	94	94	85	86	87	80	86	77	81	93	77	87	76	78	76	94	89	94	83	79	87	84	94	80	88	78	92	90	78	83	92	87	86	76	90	88	90	81	87	84	91	77	82	88	77	82	87	87	81	87	83	83	79	88	93	82	87	79	89	91	91	87	88	84	78	76	78	80	93	83	93	91	94	90	89	93	76	81	92	78	88	94	86	90	80	86	87	77	86	80	94	91	85	92	92	84	89	86	76	89	86	90	81	83	85	85	87	91	77	85	80	81	80	77	80	79	86	81	93	88	94	88	84	84	76	89	90	83	85	86	93	81	87	94	88	92	85	88	94	80	81	80	85	93	80	91	89	87	87	81	80	94	83	91	89	93	89	78	80	84	85	91	85	92	88	86	92	93	85	92	79	80	78	77	77	90	85	80	80	89	84	91	85	76	85	94	78	85	90	76	84	77	76	79	89	93	82	85	81	83	77	81	87	89	88	86	90	87	90	92	91	88	91	76	85	89	83	89	82	91	87	91	81	81	84	88	80	90	86	79	80	77	83	91	84	90	89	79	82	
16.5	30.8	24.2	14.3	33	14.3	16.5	22	22	31.9	30.8	11	13.2	23.1	33	22	30.8	16.5	12.1	11	23.1	11	22	20.9	15.4	15.4	17.6	28.6	30.8	18.7	27.5	12.1	25.3	22	19.8	14.3	16.5	24.2	24.2	18.7	29.7	18.7	13.2	23.1	22	31.9	33	16.5	19.8	22	18.7	13.2	18.7	16.5	18.7	24.2	17.6	15.4	12.1	18.7	12.1	17.6	22	18.7	26.4	15.4	29.7	16.5	26.4	11	19.8	11	25.3	29.7	19.8	24.2	22	20.9	20.9	28.6	17.6	19.8	25.3	11	13.2	18.7	23.1	11	23.1	28.6	26.4	27.5	11	26.4	28.6	22	17.6	31.9	12.1	18.7	20.9	24.2	19.8	23.1	29.7	30.8	33	27.5	26.4	25.3	22	22	19.8	11	18.7	16.5	11	28.6	30.8	26.4	14.3	26.4	33	19.8	12.1	29.7	19.8	15.4	14.3	16.5	18.7	17.6	12.1	18.7	17.6	17.6	16.5	14.3	20.9	26.4	19.8	19.8	18.7	33	23.1	17.6	16.5	24.2	27.5	20.9	28.6	29.7	22	28.6	23.1	16.5	29.7	12.1	11	14.3	28.6	30.8	18.7	26.4	29.7	33	31.9	30.8	19.8	17.6	18.7	17.6	11	31.9	31.9	24.2	29.7	16.5	29.7	25.3	31.9	28.6	24.2	13.2	31.9	15.4	17.6	15.4	33	15.4	16.5	19.8	12.1	33	11	15.4	28.6	30.8	30.8	15.4	28.6	14.3	17.6	13.2	30.8	22	12.1	13.2	22	18.7	23.1	27.5	16.5	13.2	19.8	11	24.2	18.7	29.7	12.1	29.7	11	20.9	26.4	33	11	30.8	23.1	19.8	14.3	12.1	24.2	18.7	17.6	12.1	27.5	17.6	16.5	15.4	23.1	23.1	31.9	25.3	11	23.1	16.5	25.3	16.5	27.5	31.9	11	27.5	13.2	17.6	27.5	19.8	15.4	24.2	19.8	19.8	15.4	28.6	15.4	12.1	30.8	33	24.2	27.5	23.1	25.3	13.2	19.8	12.1	11	30.8	26.4	16.5	31.9	22	33	17.6	15.4	33	18.7	15.4	31.9	14.3	23.1	30.8	19.8	25.3	13.2	15.4	12.1	30.8	18.7	23.1	16.5	12.1	22	14.3	15.4	23.1	23.1	14.3	28.6	29.7	19.8	12.1	23.1	17.6	18.7	20.9	27.5	26.4	33	26.4	27.5	17.6	17.6	18.7	11	28.6	12.1	30.8	16.5	26.4	27.5	19.8	15.4	28.6	11	12.1	30.8	26.4	19.8	25.3	15.4	30.8	15.4	27.5	24.2	29.7	27.5	13.2	11	22	31.9	19.8	31.9	11	19.8	27.5	19.8	28.6	28.6	16.5	13.2	31.9	29.7	28.6	18.7	29.7	26.4	18.7	11	22	26.4	31.9	18.7	22	23.1	11	18.7	15.4	30.8	22	16.5	13.2	13.2	19.8	20.9	27.5	30.8	26.4	29.7	33	13.2	14.3	31.9	19.8	33	17.6	28.6	30.8	11	27.5	24.2	30.8	15.4	33	23.1	33	27.5	26.4	27.5	26.4	28.6	30.8	22	33	13.2	29.7	23.1	13.2	19.8	12.1	29.7	15.4	25.3	11	16.5	24.2	23.1	28.6	11	14.3	19.8	22	30.8	12.1	13.2	19.8	19.8	19.8	20.9	15.4	28.6	18.7	28.6	27.5	15.4	30.8	31.9	15.4	19.8	18.7	29.7	22	22	16.5	25.3	13.2	27.5	11	31.9	18.7	26.4	22	19.8	22	28.6	26.4	31.9	20.9	11	12.1	25.3	15.4	16.5	16.5	17.6	26.4	33	22	30.8	14.3	22	24.2	22	11	16.5	26.4	29.7	13.2	29.7	18.7	22	26.4	20.9	11	25.3	26.4	11	12.1	11	31.9	14.3	15.4	12.1	27.5	28.6	33	29.7	12.1	22	20.9	23.1	17.6	20.9	16.5	29.7	12.1	28.6	23.1	13.2	18.7	15.4	14.3	11	30.8	22	26.4	16.5	27.5	27.5	29.7	18.7	14.3	15.4	18.7	14.3	22	30.8	30.8	22	11	14.3	31.9	23.1	13.2	13.2	23.1	28.6	22	26.4	12.1	20.9	31.9	31.9	33	25.3	26.4	24.2	22	14.3	27.5	26.4	20.9	33	18.7	18.7	15.4	23.1	18.7	16.5	20.9	23.1	25.3	20.9	18.7	24.2	28.6	19.8	30.8	26.4	31.9	16.5	22	15.4	24.2	16.5	25.3	13.2	22	17.6	15.4	24.2	13.2	17.6	11	19.8	31.9	13.2	23.1	22	20.9	31.9	22	16.5	11	27.5	11	15.4	33	26.4	26.4	19.8	11	22	31.9	13.2	20.9	15.4	33	13.2	27.5	18.7	29.7	17.6	15.4	24.2	15.4	17.6	29.7	29.7	19.8	22	20.9	18.7	27.5	22	33	30.8	19.8	25.3	20.9	23.1	25.3	23.1	12.1	23.1	27.5	16.5	14.3	18.7	31.9	31.9	16.5	28.6	25.3	22	15.4	26.4	18.7	28.6	33	28.6	18.7	14.3	31.9	16.5	30.8	33	30.8	24.2	17.6	15.4	12.1	30.8	23.1	22	29.7	19.8	31.9	27.5	11	31.9	17.6	17.6	26.4	23.1	23.1	28.6	16.5	13.2	30.8	12.1	30.8	14.3	13.2	26.4	13.2	17.6	31.9	12.1	22	18.7	27.5	11	26.4	31.9	24.2	24.2	11	27.5	19.8	22	11	22	24.2	24.2	33	30.8	28.6	26.4	15.4	16.5	16.5	17.6	11	30.8	22	20.9	12.1	14.3	31.9	25.3	22	16.5	12.1	28.6	11	27.5	16.5	17.6	27.5	17.6	14.3	28.6	33	22	13.2	18.7	27.5	14.3	12.1	14.3	19.8	30.8	14.3	27.5	14.3	22	16.5	18.7	17.6	16.5	17.6	17.6	12.1	33	17.6	20.9	27.5	16.5	28.6	26.4	13.2	26.4	26.4	16.5	26.4	17.6	24.2	27.5	33	30.8	23.1	14.3	15.4	22	23.1	18.7	16.5	22	14.3	22	26.4	31.9	30.8	16.5	28.6	15.4	13.2	31.9	29.7	33	31.9	14.3	13.2	27.5	13.2	22	33	28.6	23.1	28.6	31.9	11	28.6	29.7	25.3	25.3	30.8	12.1	23.1	29.7	13.2	28.6	30.8	27.5	11	25.3	15.4	27.5	22	11	11	30.8	26.4	19.8	13.2	25.3	33	14.3	19.8	27.5	26.4	31.9	15.4	33	14.3	27.5	11	11	31.9	18.7	28.6	17.6	26.4	29.7	15.4	25.3	24.2	25.3	24.2	19.8	18.7	18.7	30.8	18.7	18.7	11	23.1	30.8	25.3	27.5	26.4	31.9	27.5	22	15.4	14.3	20.9	18.7	17.6	24.2	31.9	18.7	17.6	26.4	31.9	29.7	19.8	16.5	31.9	16.5	14.3	11	26.4	18.7	15.4	27.5	19.8	22	23.1	25.3	33	31.9	29.7	18.7	11	29.7	17.6	13.2	23.1	18.7	18.7	26.4	30.8	17.6	19.8	15.4	20.9	12.1	19.8	31.9	18.7	25.3	24.2	22	15.4	25.3	24.2	15.4	28.6	15.4	33	25.3	20.9	23.1	29.7	31.9	15.4	24.2	14.3	20.9	14.3	11	16.5	17.6	23.1	16.5	30.8	30.8	25.3	23.1	19.8	15.4	11	28.6	31.9	14.3	18.7	14.3	33	24.2	20.9	22	16.5	33	27.5	12.1	23.1	12.1	25.3	11	13.2	15.4	26.4	33	15.4	12.1	29.7	29.7	26.4	13.2	27.5	22	12.1	13.2	25.3	18.7	30.8	22	15.4	33	26.4	13.2	16.5	12.1	26.4	27.5	18.7	22	27.5	20.9	18.7	12.1	
14.3	16.5	19.8	33	19.8	13.2	29.7	26.4	15.4	29.7	25.3	20.9	20.9	26.4	23.1	23.1	13.2	13.2	11	29.7	30.8	31.9	15.4	11	17.6	22	28.6	16.5	20.9	11	15.4	26.4	17.6	24.2	15.4	25.3	18.7	11	11	30.8	30.8	18.7	18.7	11	23.1	25.3	24.2	14.3	11	22	33	26.4	11	26.4	14.3	13.2	24.2	30.8	22	29.7	33	16.5	12.1	25.3	26.4	17.6	27.5	19.8	22	26.4	13.2	26.4	15.4	19.8	25.3	30.8	30.8	23.1	11	27.5	17.6	26.4	15.4	22	22	11	23.1	19.8	12.1	33	12.1	19.8	25.3	15.4	19.8	26.4	19.8	16.5	25.3	19.8	25.3	12.1	23.1	17.6	17.6	26.4	31.9	15.4	25.3	22	27.5	23.1	27.5	23.1	15.4	29.7	31.9	18.7	23.1	23.1	33	16.5	33	20.9	31.9	18.7	14.3	11	23.1	28.6	22	13.2	27.5	23.1	29.7	13.2	11	14.3	18.7	27.5	20.9	27.5	27.5	27.5	31.9	16.5	11	31.9	29.7	31.9	22	26.4	24.2	28.6	16.5	26.4	28.6	24.2	28.6	30.8	20.9	29.7	15.4	33	33	22	22	27.5	28.6	29.7	25.3	18.7	31.9	11	26.4	19.8	29.7	12.1	19.8	14.3	16.5	22	14.3	20.9	16.5	23.1	25.3	25.3	20.9	29.7	14.3	15.4	13.2	26.4	15.4	30.8	26.4	16.5	23.1	20.9	33	27.5	13.2	30.8	30.8	11	13.2	14.3	11	15.4	20.9	28.6	26.4	14.3	23.1	30.8	20.9	30.8	11	11	14.3	13.2	13.2	15.4	19.8	11	29.7	27.5	28.6	24.2	16.5	13.2	23.1	31.9	23.1	13.2	20.9	18.7	13.2	20.9	17.6	29.7	30.8	11	30.8	19.8	18.7	12.1	22	19.8	17.6	29.7	30.8	14.3	22	28.6	26.4	16.5	11	15.4	14.3	26.4	33	26.4	13.2	16.5	16.5	28.6	23.1	26.4	11	15.4	29.7	16.5	16.5	27.5	14.3	24.2	22	24.2	11	13.2	22	19.8	27.5	26.4	24.2	17.6	22	11	33	23.1	25.3	22	19.8	16.5	18.7	13.2	31.9	25.3	28.6	27.5	27.5	22	16.5	16.5	11	16.5	30.8	15.4	27.5	26.4	27.5	18.7	17.6	13.2	24.2	27.5	25.3	15.4	11	30.8	29.7	19.8	29.7	15.4	13.2	15.4	20.9	12.1	22	28.6	22	20.9	31.9	18.7	14.3	13.2	26.4	22	16.5	26.4	18.7	22	13.2	30.8	25.3	31.9	31.9	28.6	29.7	19.8	19.8	25.3	25.3	13.2	13.2	27.5	19.8	20.9	19.8	28.6	15.4	33	25.3	30.8	28.6	26.4	27.5	17.6	23.1	33	19.8	20.9	16.5	29.7	27.5	23.1	29.7	12.1	11	24.2	12.1	19.8	29.7	20.9	28.6	12.1	25.3	27.5	23.1	18.7	16.5	27.5	19.8	33	13.2	14.3	13.2	19.8	25.3	18.7	22	25.3	13.2	19.8	27.5	23.1	28.6	28.6	26.4	28.6	12.1	31.9	16.5	29.7	15.4	26.4	30.8	11	29.7	15.4	14.3	23.1	15.4	27.5	20.9	29.7	23.1	15.4	22	26.4	17.6	27.5	15.4	26.4	24.2	24.2	12.1	30.8	29.7	14.3	19.8	24.2	13.2	17.6	18.7	26.4	17.6	22	16.5	28.6	13.2	24.2	16.5	24.2	24.2	31.9	30.8	27.5	22	22	30.8	23.1	19.8	26.4	23.1	26.4	24.2	23.1	13.2	28.6	31.9	28.6	29.7	24.2	31.9	27.5	26.4	17.6	18.7	20.9	23.1	11	18.7	24.2	12.1	29.7	29.7	12.1	27.5	28.6	15.4	30.8	15.4	18.7	23.1	14.3	20.9	20.9	11	14.3	11	15.4	19.8	22	15.4	33	16.5	31.9	25.3	20.9	25.3	24.2	27.5	31.9	16.5	11	15.4	20.9	28.6	19.8	16.5	23.1	33	23.1	16.5	12.1	14.3	18.7	29.7	27.5	17.6	15.4	30.8	13.2	29.7	26.4	15.4	22	25.3	33	30.8	27.5	12.1	13.2	23.1	18.7	31.9	14.3	11	13.2	18.7	30.8	19.8	28.6	29.7	22	22	11	29.7	19.8	18.7	20.9	26.4	30.8	14.3	14.3	19.8	23.1	31.9	19.8	14.3	25.3	16.5	11	33	33	28.6	15.4	30.8	30.8	19.8	27.5	23.1	29.7	30.8	30.8	23.1	17.6	31.9	13.2	11	31.9	30.8	14.3	23.1	19.8	18.7	24.2	19.8	23.1	12.1	18.7	23.1	30.8	15.4	28.6	14.3	16.5	28.6	30.8	24.2	19.8	31.9	24.2	17.6	20.9	22	25.3	31.9	16.5	13.2	15.4	17.6	12.1	20.9	24.2	15.4	19.8	25.3	23.1	22	14.3	11	29.7	23.1	16.5	33	18.7	28.6	20.9	23.1	25.3	27.5	12.1	18.7	24.2	12.1	19.8	11	19.8	15.4	30.8	33	15.4	11	15.4	16.5	17.6	26.4	20.9	31.9	14.3	14.3	17.6	27.5	18.7	31.9	27.5	25.3	24.2	22	24.2	14.3	20.9	18.7	33	30.8	33	19.8	33	19.8	11	24.2	27.5	31.9	24.2	16.5	28.6	17.6	12.1	12.1	29.7	14.3	11	25.3	16.5	25.3	17.6	27.5	28.6	24.2	26.4	29.7	17.6	12.1	17.6	30.8	16.5	14.3	18.7	30.8	16.5	30.8	28.6	33	25.3	31.9	25.3	27.5	22	26.4	13.2	18.7	16.5	33	27.5	15.4	28.6	15.4	20.9	11	14.3	30.8	25.3	18.7	14.3	15.4	24.2	31.9	13.2	12.1	25.3	16.5	29.7	14.3	15.4	24.2	19.8	31.9	19.8	12.1	33	15.4	16.5	11	31.9	25.3	30.8	20.9	27.5	30.8	26.4	24.2	16.5	23.1	11	17.6	18.7	25.3	26.4	11	33	20.9	33	20.9	20.9	13.2	11	27.5	19.8	15.4	11	16.5	13.2	31.9	18.7	28.6	20.9	20.9	16.5	27.5	18.7	29.7	13.2	11	31.9	28.6	12.1	20.9	15.4	17.6	27.5	25.3	31.9	22	15.4	31.9	18.7	22	16.5	27.5	11	33	15.4	22	15.4	11	25.3	26.4	25.3	22	19.8	18.7	28.6	17.6	12.1	17.6	12.1	19.8	14.3	19.8	17.6	16.5	27.5	33	16.5	12.1	24.2	19.8	22	23.1	28.6	26.4	18.7	11	20.9	23.1	22	13.2	11	30.8	29.7	24.2	27.5	16.5	17.6	17.6	20.9	28.6	26.4	27.5	18.7	33	18.7	19.8	33	26.4	28.6	16.5	25.3	28.6	22	15.4	15.4	23.1	28.6	23.1	17.6	16.5	15.4	11	22	12.1	24.2	14.3	17.6	15.4	29.7	28.6	29.7	22	18.7	28.6	23.1	28.6	16.5	12.1	16.5	20.9	24.2	29.7	18.7	18.7	22	25.3	28.6	25.3	25.3	25.3	26.4	11	26.4	20.9	14.3	12.1	14.3	24.2	23.1	30.8	25.3	19.8	18.7	19.8	24.2	17.6	28.6	17.6	16.5	14.3	33	26.4	13.2	24.2	18.7	27.5	25.3	13.2	13.2	13.2	23.1	29.7	18.7	22	31.9	28.6	27.5	20.9	18.7	31.9	16.5	12.1	33	26.4	16.5	12.1	12.1	28.6	22	27.5	19.8	27.5	29.7	23.1	19.8	33	16.5	24.2	18.7	30.8	13.2	29.7	23.1	11	17.6	19.8	26.4	16.5	22	29.7	15.4	31.9	19.8	25.3	25.3	33	27.5	14.3	19.8	14.3	16.5	30.8	27.5	20.9	22	11	27.5	14.3	25.3	
16.5	15.4	31.9	15.4	12.1	15.4	31.9	23.1	16.5	27.5	33	15.4	19.8	23.1	11	30.8	24.2	20.9	19.8	33	29.7	18.7	33	18.7	27.5	26.4	12.1	30.8	31.9	11	
19	11	10	19	15	11	14	19	15	10	13	10	11	16	16	16	11	12	20	18	16	11	11	12	18	15	13	11	18	16	13	13	17	14	18	15	13	16	20	19	16	18	14	19	20	19	11	17	19	20	12	19	19	19	14	15	15	10	13	18	14	14	12	18	17	10	13	11	13	14	11	14	10	14	20	19	11	18	12	12	10	10	11	17	12	14	11	16	17	15	16	12	11	19	12	10	13	12	11	14	18	19	14	19	14	14	18	10	19	18	10	12	12	15	11	12	12	19	13	18	20	16	18	14	16	18	17	17	19	15	13	13	11	19	20	11	20	14	11	12	13	14	16	17	15	14	12	12	18	19	13	12	12	18	14	16	13	16	20	15	15	12	13	12	12	16	18	13	15	17	15	13	19	16	12	18	11	13	10	11	16	13	18	15	17	14	15	14	16	16	15	12	17	17	10	13	12	15	19	11	16	17	15	10	16	18	18	19	10	11	18	19	15	14	19	16	16	11	17	12	16	14	11	19	20	11	13	18	11	13	14	14	16	13	17	11	13	14	18	18	16	17	15	11	15	12	11	17	16	11	13	12	20	13	17	11	12	17	19	16	12	16	12	11	20	15	19	10	15	17	13	12	12	10	13	10	16	12	15	17	17	16	15	10	10	16	17	15	10	12	15	13	14	13	19	18	18	19	18	13	15	18	19	18	10	17	11	19	10	14	20	19	18	17	14	18	15	19	12	18	15	19	16	18	12	18	12	16	19	16	16	20	11	12	14	19	12	11	18	15	17	14	12	19	15	14	19	16	10	19	11	19	19	16	20	11	10	16	15	13	20	11	16	17	20	15	20	16	12	13	19	11	13	20	13	12	11	16	17	17	12	13	17	17	10	17	13	12	13	11	12	18	11	19	16	20	13	14	10	13	19	18	15	19	17	14	11	20	12	15	17	12	17	18	19	19	16	13	10	18	15	17	12	18	18	14	11	14	19	11	12	15	12	10	20	18	13	12	13	17	11	18	14	15	15	19	19	20	15	14	10	19	13	16	20	15	14	15	18	12	17	14	16	15	12	15	10	20	17	15	15	17	18	19	19	13	19	17	18	16	10	12	20	16	20	11	20	14	18	16	15	20	17	14	17	19	17	12	17	15	16	18	19	16	20	10	15	14	19	14	18	20	20	13	16	14	10	17	13	13	17	11	18	15	19	14	12	11	14	18	10	14	18	11	15	11	10	10	14	17	14	13	18	11	14	16	16	17	19	14	12	17	17	14	19	13	12	12	10	16	18	14	19	16	10	20	16	18	11	15	14	18	14	20	16	19	10	13	14	17	17	13	10	12	20	15	19	15	10	13	17	17	18	15	16	12	17	20	11	12	14	11	10	15	18	12	12	14	12	14	16	16	12	14	10	15	10	19	20	15	17	12	14	13	16	12	17	18	10	19	19	13	15	13	14	19	11	20	19	20	11	13	15	11	15	17	18	17	12	18	15	12	13	11	18	16	13	16	15	17	18	10	20	10	12	15	11	13	15	12	20	19	16	17	18	14	11	14	14	13	11	17	13	18	20	15	13	17	10	18	10	19	16	15	20	14	11	12	20	17	17	20	12	12	16	16	11	12	16	19	17	15	13	18	14	11	20	14	16	16	12	10	15	13	16	18	11	17	20	11	11	14	10	14	16	12	12	10	13	13	20	15	16	17	16	18	11	15	10	20	13	15	14	19	11	17	18	16	10	14	11	11	12	14	19	15	15	12	14	15	14	18	12	10	16	14	19	10	17	14	17	19	13	19	17	16	12	15	16	14	13	10	16	17	10	13	16	14	11	13	13	17	17	15	13	14	10	12	14	13	17	19	13	14	20	15	18	17	16	13	13	20	16	16	14	14	18	13	13	16	20	11	18	17	14	13	12	20	16	14	17	11	10	12	17	13	16	18	10	14	20	10	13	13	10	19	15	16	16	16	18	10	18	17	19	20	13	19	12	16	16	16	14	11	18	14	19	20	15	18	18	18	11	10	15	20	20	15	17	20	13	15	20	15	17	19	15	16	15	20	20	15	18	14	18	12	11	16	14	14	17	14	10	12	14	12	15	13	13	16	20	15	10	13	20	14	15	18	16	11	14	14	13	11	18	14	15	16	20	10	11	10	12	16	19	16	15	14	13	11	11	16	10	16	10	18	11	20	12	19	20	17	13	20	17	15	15	11	16	14	12	11	20	17	13	18	18	11	13	17	15	17	19	20	20	10	20	13	10	16	11	10	10	12	11	20	19	14	14	16	
1	1	1	1	1	1	1	1	1	1	1	1	1	1	1	1	1	1	1	1	1	1	1	1	1	1	1	2	2	2	2	2	2	2	2	2	2	2	2	2	2	2	2	2	2	2	2	2	2	2	2	2	2	2	2	2	2	2	2	2	2	2	2	2	2	2	2	3	3	3	3	3	3	3	3	3	3	3	3	3	3	3	3	3	3	3	3	3	3	3	3	3	3	4	4	4	4	4	4	4	4	4	4	4	4	4	4	4	4	4	4	4	4	4	4	4	4	4	4	4	4	4	5	5	5	5	5	5	5	5	5	5	5	5	5	5	5	5	5	5	5	5	5	5	5	6	6	6	6	6	6	6	6	6	6	6	6	6	6	6	6	6	6	6	6	6	6	6	6	6	6	6	6	6	6	6	7	7	7	7	7	7	7	7	7	7	7	7	7	7	7	7	7	7	7	7	7	7	7	7	7	7	7	7	7	7	8	8	8	8	8	8	8	8	8	8	8	8	8	8	8	8	8	8	8	8	8	8	8	8	8	8	8	8	8	8	8	8	8	8	8	9	9	9	9	9	9	9	9	9	9	9	9	9	9	9	9	9	9	9	9	9	9	9	9	9	9	9	9	9	9	9	10	10	10	10	10	10	10	10	10	10	10	10	10	10	10	10	10	10	10	10	10	10	10	11	11	11	11	11	11	11	11	11	11	11	11	11	11	11	11	11	11	11	11	11	11	11	11	11	11	11	11	11	11	11	11	11	11	11	11	11	11	11	11	12	12	12	12	12	12	12	12	12	12	12	12	12	12	12	12	12	12	12	12	12	12	12	12	12	12	12	12	12	12	12	12	12	12	12	12	12	12	12	12	12	13	13	13	13	13	13	13	13	13	13	13	13	13	13	13	13	13	13	13	13	13	13	13	13	13	13	13	13	13	13	13	13	14	14	14	14	14	14	14	14	14	14	14	14	14	14	14	14	14	14	14	14	14	14	14	14	14	14	14	14	14	14	14	14	14	14	14	14	15	15	15	15	15	15	15	15	15	15	15	15	15	15	15	15	15	15	15	15	16	16	16	16	16	16	16	16	16	16	16	16	16	16	16	16	16	16	16	16	16	16	16	16	16	16	16	16	16	16	16	16	16	17	17	17	17	17	17	17	17	17	17	17	17	17	17	17	17	17	17	17	17	17	17	17	17	17	17	17	17	17	17	17	17	17	17	17	18	18	18	18	18	18	18	18	18	18	18	18	18	18	18	18	18	18	18	18	18	18	18	18	18	18	18	18	18	18	18	18	18	18	18	18	19	19	19	19	19	19	19	19	19	19	19	19	19	19	19	19	19	19	19	19	19	19	19	19	19	19	19	19	19	19	20	20	20	20	20	20	20	20	20	20	20	20	20	20	20	20	20	20	20	20	20	20	20	20	20	20	20	20	20	20	20	20	20	20	20	20	20	20	20	20	20	20	20	20	20	20	21	21	21	21	21	21	21	21	21	21	21	21	21	21	21	21	21	21	21	21	21	21	21	21	21	21	21	22	22	22	22	22	22	22	22	22	22	22	22	22	22	22	22	22	22	22	22	22	22	22	22	22	22	22	22	22	23	23	23	23	23	23	23	23	23	23	23	23	23	23	23	23	23	23	23	23	23	23	23	23	23	23	23	23	23	23	23	23	23	23	23	23	23	23	23	24	24	24	24	24	24	24	24	24	24	24	24	24	24	24	24	24	24	24	24	24	24	24	24	24	24	24	24	24	25	25	25	25	25	25	25	25	25	25	25	25	25	25	25	25	25	25	25	25	25	25	25	25	25	25	25	25	25	25	25	25	25	25	25	25	25	26	26	26	26	26	26	26	26	26	26	26	26	26	26	26	26	26	26	26	26	26	26	26	26	26	26	26	26	26	26	26	26	26	26	26	26	26	26	26	26	26	26	27	27	27	27	27	27	27	27	27	27	27	27	27	27	27	27	27	27	27	27	27	27	27	27	27	27	27	27	27	27	27	27	27	27	27	27	27	27	28	28	28	28	28	28	28	28	28	28	28	28	28	28	28	28	28	28	28	28	28	28	28	28	28	28	28	28	28	28	28	28	28	28	28	28	28	28	29	29	29	29	29	29	29	29	29	29	29	29	29	29	29	29	29	29	29	29	29	29	29	29	29	29	29	29	29	29	29	29	30	30	30	30	30	30	30	30	30	30	30	30	30	30	30	30	30	30	30	30	30	30	30	30	30	30	30	30	30	30	30	30	30	30	30	30	30	30	30	30	30	30	30	30	30	
