1000
15	3
1919	11
29	29	27	29	30	28	29	28	26	29	27	27	27	26	30	28	29	29	31	31	27	29	30	26	28	30	26	30	27	29	28	28	31	28	26	29	27	31	29	30	31	29	26	27	28	31	30	27	29	31	30	26	31	29	26	30	28	30	30	30	27	30	30	27	30	26	31	29	30	31	29	27	28	30	27	31	30	28	31	29	27	26	29	26	31	30	28	27	27	30	29	29	27	26	30	27	27	31	30	28	31	31	30	26	26	26	31	26	29	26	29	29	30	30	27	27	29	28	26	26	30	28	29	28	26	28	29	28	31	30	27	28	30	26	28	31	30	30	29	26	28	27	29	26	26	31	28	31	30	30	26	28	26	26	31	30	26	30	27	28	28	31	30	27	27	27	31	28	28	28	31	27	29	29	28	30	26	26	29	29	26	29	30	26	27	28	31	31	31	30	27	26	31	26	28	30	31	27	28	28	28	29	31	30	26	29	30	26	29	27	28	31	30	30	27	29	27	30	27	29	29	30	29	31	30	27	30	30	26	30	28	28	28	31	31	31	27	27	27	26	31	26	29	30	28	30	28	30	31	28	30	26	27	28	29	27	27	28	29	30	31	30	27	26	29	29	26	29	28	29	29	30	26	30	29	31	27	27	31	29	28	28	28	28	28	28	27	30	30	29	26	31	26	31	27	31	26	31	29	31	27	29	30	31	29	27	30	27	26	30	31	26	26	28	26	26	28	29	31	30	29	27	31	27	28	30	29	28	31	31	31	28	31	28	28	29	29	27	29	31	27	26	27	28	27	29	29	26	28	29	29	27	31	30	26	28	31	27	30	30	30	31	26	27	26	28	27	30	29	29	28	27	29	26	31	28	28	31	29	30	31	30	31	30	26	29	31	26	27	30	29	27	28	30	26	28	31	26	30	31	28	28	27	30	26	28	29	31	29	27	27	28	27	27	29	31	27	28	28	31	31	29	31	30	27	29	26	26	29	29	26	26	29	30	30	28	26	27	31	30	31	30	27	28	29	31	30	29	30	27	30	29	27	29	26	29	31	29	28	27	28	26	26	30	27	29	26	31	26	29	29	27	30	30	30	27	29	26	31	27	26	31	27	31	30	28	26	26	30	28	26	26	28	28	31	30	28	31	28	26	30	29	26	26	27	29	31	31	28	31	26	30	30	27	29	29	26	28	29	29	31	31	31	27	28	26	29	26	31	28	29	26	29	27	28	29	28	30	30	28	29	28	26	31	29	26	29	31	31	27	28	28	27	29	26	30	29	29	26	27	31	29	29	30	27	29	28	29	27	28	29	27	29	31	31	31	27	26	30	30	29	27	27	29	27	30	28	29	28	31	30	27	28	31	31	30	28	27	31	30	30	28	27	29	31	29	30	30	29	30	31	31	27	28	26	26	30	28	27	27	26	30	30	31	30	26	26	27	29	31	29	30	27	29	29	29	29	28	30	28	27	27	27	29	29	31	28	28	27	31	30	29	27	28	31	27	27	30	29	26	30	30	31	30	27	31	26	31	31	30	31	29	28	28	30	27	31	28	29	30	28	26	31	26	27	31	30	27	29	29	27	29	29	30	30	27	29	31	29	29	26	28	26	28	28	29	27	29	28	26	31	28	31	26	28	28	29	30	28	29	26	27	27	31	26	27	27	27	27	30	27	31	26	26	27	27	29	31	30	27	29	31	27	29	28	28	26	29	27	26	29	27	26	27	31	28	30	30	30	30	29	26	27	30	29	30	29	30	30	30	29	29	27	31	28	29	30	30	31	27	27	28	30	29	26	27	27	30	27	31	31	28	27	31	30	28	29	28	30	27	28	30	28	29	26	26	28	30	28	30	26	30	31	30	26	27	30	31	26	31	27	29	30	31	28	28	29	30	27	27	31	31	31	26	31	30	29	31	27	30	26	30	29	30	28	31	31	31	30	28	26	26	30	28	28	27	31	31	27	27	28	27	31	27	30	30	27	29	30	27	26	27	27	31	29	28	31	26	27	28	27	31	30	28	29	30	31	31	26	29	29	28	27	30	26	26	31	31	26	27	26	29	26	31	28	27	30	27	26	30	30	29	31	28	31	29	28	29	30	30	30	26	29	31	26	27	30	28	31	30	27	26	30	27	30	26	29	29	31	30	26	31	27	26	26	30	30	28	31	29	27	30	31	26	29	28	29	27	29	30	28	27	27	30	31	26	31	29	29	31	29	31	31	31	30	30	26	27	26	26	31	27	27	27	30	27	30	27	29	27	26	27	28	31	29	29	27	29	30	31	
88	80	80	82	94	80	91	88	90	91	85	77	78	78	90	93	90	81	76	78	92	89	85	83	90	77	87	85	88	88	89	88	81	81	86	86	84	83	87	88	79	93	81	86	93	94	89	93	79	83	85	81	81	83	77	79	93	91	78	88	93	82	87	81	88	86	94	94	82	84	81	85	79	80	76	79	79	85	80	89	93	94	92	81	84	82	87	82	87	77	89	89	94	78	93	85	85	90	82	89	84	86	81	94	85	89	82	90	84	79	88	82	94	87	76	84	77	91	89	89	93	86	79	84	86	85	78	86	86	90	80	85	85	81	76	94	92	94	76	86	79	79	80	86	84	79	79	87	94	93	79	76	86	82	83	92	85	88	83	90	81	91	91	83	87	78	86	86	76	94	87	78	87	82	87	89	87	83	85	91	79	81	79	89	82	78	84	84	90	83	79	88	93	80	92	90	76	87	81	81	94	92	82	88	89	93	88	93	90	76	92	86	92	83	81	87	93	76	87	94	84	83	87	90	78	78	84	87	80	89	83	84	89	81	79	87	76	86	92	92	87	84	91	76	89	82	85	89	76	93	77	88	92	94	88	84	82	82	86	91	78	80	84	85	93	79	88	82	80	81	93	89	81	92	89	89	87	89	82	85	77	80	92	79	79	80	91	92	85	80	80	84	86	89	86	78	86	90	87	93	87	89	94	89	79	86	76	79	86	85	83	85	82	91	79	90	89	94	80	89	94	94	82	80	77	81	82	82	84	78	77	82	85	84	92	91	92	83	83	77	91	77	82	77	83	94	93	89	89	81	93	87	88	78	89	83	79	77	85	90	79	83	77	79	90	80	93	89	79	83	90	80	89	78	82	79	83	80	92	90	79	82	94	82	86	93	86	92	94	85	80	85	77	80	83	77	94	79	87	83	76	82	86	76	94	88	78	83	89	93	84	93	93	92	87	77	85	81	78	78	94	79	76	78	76	88	89	87	94	76	82	83	92	93	78	87	84	76	76	91	83	84	86	94	86	84	90	86	80	76	78	94	76	81	83	78	89	83	81	87	87	78	77	92	84	79	78	86	92	76	91	90	77	89	79	90	83	78	87	89	80	88	87	90	93	76	86	92	78	77	89	90	92	86	78	78	86	94	91	80	90	87	87	87	84	88	82	83	84	78	83	88	82	76	81	81	91	89	93	83	93	77	79	94	81	81	83	92	94	85	89	86	81	92	93	86	77	80	87	84	76	92	78	88	76	86	81	78	81	79	84	87	91	82	77	94	82	86	94	82	91	78	76	94	94	77	87	82	85	85	86	88	85	83	79	82	76	84	78	88	83	83	87	91	93	90	79	88	94	84	92	81	78	91	79	76	80	94	88	94	88	90	76	77	92	83	82	89	79	86	90	76	93	86	85	87	86	76	78	89	78	94	81	82	81	86	84	92	86	90	80	84	87	92	87	91	80	80	88	86	87	82	77	94	82	94	85	93	86	91	94	84	81	76	85	81	85	77	94	93	82	77	77	94	93	78	83	88	83	79	80	79	83	77	78	87	77	86	91	90	91	77	78	91	82	77	85	93	92	77	87	89	89	86	89	76	90	93	88	92	89	86	80	78	83	86	90	79	88	83	85	78	82	79	79	80	83	88	86	77	89	85	83	83	87	93	85	76	87	76	88	90	76	93	79	90	83	87	88	90	80	79	82	87	89	88	86	84	94	94	93	78	86	83	80	92	89	89	76	78	93	87	83	89	88	82	76	88	86	77	88	88	90	81	86	86	78	87	81	77	86	85	76	90	83	88	77	77	84	85	93	84	78	83	78	87	87	86	85	84	77	88	94	77	79	89	79	80	89	83	87	92	78	89	91	79	80	92	83	94	77	83	81	90	87	93	93	78	92	86	86	87	84	76	81	77	94	89	78	88	86	89	84	77	83	93	94	93	85	86	84	77	85	88	89	84	86	84	78	82	87	84	80	76	93	86	83	87	78	78	79	89	87	82	92	78	94	76	79	89	82	89	89	79	88	82	86	80	90	92	87	83	86	88	91	92	88	83	94	84	80	90	80	85	82	80	93	79	77	91	82	84	88	86	84	76	80	78	80	93	89	92	90	83	83	83	85	79	89	78	91	89	84	80	83	94	89	94	85	88	77	76	84	82	82	89	86	88	81	76	84	87	91	92	79	87	83	88	91	91	86	82	94	92	88	91	85	77	91	91	94	83	82	85	81	91	90	94	80	91	81	82	81	91	80	86	78	78	77	83	76	94	81	81	79	77	90	91	78	77	
19.8	12.1	25.3	19.8	12.1	18.7	15.4	19.8	18.7	17.6	26.4	16.5	18.7	11	20.9	24.2	31.9	31.9	33	31.9	25.3	14.3	25.3	20.9	25.3	11	11	30.8	15.4	14.3	11	28.6	11	17.6	16.5	22	22	14.3	12.1	17.6	12.1	20.9	12.1	15.4	27.5	30.8	26.4	13.2	18.7	19.8	31.9	26.4	15.4	28.6	20.9	11	16.5	16.5	20.9	33	20.9	20.9	13.2	20.9	31.9	23.1	14.3	30.8	19.8	28.6	20.9	29.7	17.6	17.6	14.3	22	31.9	33	18.7	19.8	11	22	24.2	23.1	13.2	25.3	17.6	15.4	26.4	22	28.6	25.3	29.7	20.9	25.3	13.2	31.9	20.9	20.9	22	25.3	22	19.8	15.4	23.1	26.4	33	28.6	12.1	16.5	12.1	15.4	31.9	30.8	31.9	15.4	11	13.2	28.6	18.7	18.7	14.3	16.5	27.5	11	11	18.7	11	26.4	11	29.7	11	20.9	15.4	31.9	28.6	16.5	23.1	14.3	22	20.9	18.7	27.5	11	28.6	23.1	20.9	19.8	25.3	24.2	19.8	29.7	33	30.8	25.3	14.3	28.6	13.2	29.7	20.9	27.5	15.4	28.6	31.9	14.3	22	23.1	17.6	27.5	12.1	27.5	17.6	24.2	26.4	23.1	25.3	19.8	16.5	16.5	19.8	28.6	13.2	25.3	27.5	25.3	14.3	29.7	18.7	25.3	33	33	20.9	19.8	30.8	30.8	16.5	16.5	23.1	12.1	24.2	11	31.9	15.4	31.9	27.5	17.6	22	20.9	17.6	33	12.1	20.9	22	23.1	28.6	33	29.7	23.1	22	16.5	33	31.9	25.3	12.1	28.6	28.6	23.1	14.3	31.9	19.8	26.4	26.4	33	14.3	15.4	13.2	26.4	15.4	17.6	22	25.3	11	20.9	23.1	25.3	12.1	22	28.6	33	22	22	12.1	14.3	12.1	16.5	28.6	24.2	17.6	27.5	19.8	15.4	13.2	14.3	13.2	33	15.4	19.8	16.5	11	22	15.4	24.2	23.1	26.4	15.4	17.6	24.2	27.5	31.9	17.6	17.6	17.6	24.2	12.1	28.6	26.4	30.8	31.9	18.7	26.4	15.4	11	12.1	26.4	27.5	16.5	20.9	33	23.1	23.1	20.9	26.4	27.5	30.8	16.5	24.2	13.2	30.8	26.4	27.5	18.7	12.1	18.7	27.5	12.1	24.2	24.2	28.6	13.2	31.9	11	20.9	16.5	16.5	30.8	13.2	11	19.8	18.7	20.9	20.9	28.6	33	12.1	23.1	16.5	22	22	16.5	29.7	15.4	24.2	28.6	13.2	22	33	30.8	18.7	24.2	25.3	12.1	33	29.7	33	15.4	28.6	26.4	25.3	33	26.4	20.9	33	16.5	26.4	24.2	19.8	15.4	17.6	19.8	17.6	12.1	23.1	14.3	11	20.9	29.7	23.1	24.2	24.2	29.7	19.8	24.2	31.9	22	13.2	29.7	12.1	16.5	22	11	20.9	28.6	26.4	18.7	24.2	28.6	28.6	17.6	20.9	16.5	20.9	19.8	16.5	33	18.7	25.3	17.6	30.8	16.5	14.3	17.6	28.6	15.4	13.2	13.2	26.4	24.2	13.2	16.5	16.5	12.1	28.6	25.3	12.1	11	26.4	11	18.7	22	14.3	20.9	13.2	27.5	29.7	15.4	24.2	22	13.2	16.5	11	28.6	24.2	23.1	25.3	11	16.5	16.5	14.3	28.6	18.7	25.3	12.1	11	27.5	25.3	17.6	19.8	12.1	25.3	31.9	33	27.5	25.3	28.6	11	31.9	14.3	29.7	16.5	25.3	19.8	18.7	25.3	31.9	26.4	26.4	26.4	24.2	13.2	27.5	19.8	31.9	18.7	16.5	20.9	24.2	16.5	14.3	26.4	29.7	27.5	20.9	27.5	22	33	29.7	29.7	14.3	33	28.6	23.1	18.7	22	31.9	12.1	27.5	30.8	12.1	18.7	15.4	23.1	13.2	29.7	11	19.8	31.9	27.5	14.3	33	18.7	24.2	23.1	30.8	20.9	33	28.6	13.2	33	27.5	16.5	14.3	29.7	11	28.6	16.5	24.2	12.1	33	23.1	28.6	20.9	26.4	24.2	23.1	28.6	29.7	22	25.3	19.8	31.9	28.6	16.5	18.7	12.1	19.8	28.6	26.4	29.7	18.7	20.9	26.4	33	26.4	19.8	14.3	24.2	23.1	18.7	17.6	33	13.2	24.2	18.7	14.3	25.3	30.8	11	17.6	11	33	27.5	18.7	33	15.4	18.7	26.4	14.3	25.3	27.5	18.7	17.6	16.5	17.6	15.4	14.3	24.2	33	33	28.6	24.2	33	22	33	12.1	18.7	24.2	29.7	26.4	18.7	28.6	16.5	15.4	17.6	18.7	17.6	20.9	20.9	27.5	11	17.6	20.9	15.4	22	17.6	29.7	16.5	28.6	13.2	12.1	28.6	23.1	19.8	24.2	11	20.9	11	17.6	23.1	19.8	27.5	24.2	18.7	11	19.8	29.7	26.4	19.8	15.4	24.2	24.2	30.8	19.8	11	15.4	17.6	27.5	24.2	17.6	25.3	18.7	15.4	12.1	22	18.7	24.2	33	17.6	18.7	14.3	18.7	15.4	12.1	20.9	23.1	24.2	29.7	25.3	17.6	29.7	16.5	30.8	31.9	28.6	27.5	29.7	31.9	13.2	13.2	12.1	30.8	12.1	20.9	12.1	30.8	20.9	13.2	17.6	33	16.5	16.5	11	29.7	14.3	19.8	16.5	25.3	15.4	23.1	11	30.8	25.3	24.2	16.5	19.8	17.6	16.5	33	18.7	14.3	20.9	12.1	11	13.2	11	17.6	28.6	28.6	14.3	28.6	23.1	18.7	15.4	20.9	17.6	18.7	33	28.6	22	20.9	16.5	20.9	12.1	22	18.7	11	24.2	24.2	29.7	20.9	16.5	29.7	15.4	30.8	13.2	27.5	19.8	25.3	18.7	29.7	18.7	23.1	19.8	19.8	27.5	15.4	16.5	17.6	20.9	18.7	17.6	17.6	25.3	33	33	33	26.4	25.3	26.4	16.5	18.7	31.9	28.6	11	28.6	17.6	16.5	18.7	13.2	33	16.5	22	12.1	13.2	24.2	25.3	11	20.9	30.8	33	18.7	19.8	15.4	19.8	30.8	23.1	22	27.5	19.8	16.5	23.1	20.9	25.3	24.2	29.7	19.8	30.8	27.5	28.6	17.6	12.1	11	30.8	23.1	12.1	16.5	25.3	23.1	11	14.3	12.1	26.4	11	33	14.3	29.7	13.2	25.3	17.6	19.8	18.7	14.3	30.8	25.3	18.7	13.2	28.6	33	14.3	29.7	24.2	17.6	23.1	14.3	31.9	27.5	30.8	22	19.8	31.9	26.4	23.1	19.8	23.1	24.2	27.5	18.7	14.3	22	18.7	27.5	12.1	29.7	11	20.9	15.4	31.9	22	33	29.7	14.3	24.2	30.8	15.4	22	15.4	12.1	28.6	25.3	29.7	27.5	33	20.9	17.6	25.3	13.2	22	22	19.8	14.3	14.3	12.1	15.4	28.6	11	30.8	12.1	14.3	30.8	11	22	15.4	30.8	12.1	26.4	23.1	31.9	15.4	26.4	30.8	25.3	27.5	16.5	28.6	33	25.3	17.6	27.5	28.6	30.8	28.6	13.2	22	29.7	16.5	17.6	27.5	13.2	23.1	30.8	24.2	16.5	31.9	15.4	15.4	16.5	33	17.6	27.5	15.4	16.5	25.3	17.6	12.1	29.7	14.3	23.1	27.5	24.2	26.4	18.7	20.9	15.4	17.6	28.6	23.1	12.1	11	12.1	30.8	17.6	29.7	26.4	15.4	13.2	31.9	17.6	28.6	20.9	12.1	27.5	26.4	19.8	23.1	30.8	28.6	13.2	24.2	28.6	24.2	26.4	33	16.5	27.5	11	22	14.3	30.8	26.4	14.3	13.2	
26.4	11	27.5	12.1	18.7	14.3	29.7	18.7	20.9	27.5	17.6	14.3	14.3	19.8	26.4	28.6	12.1	11	29.7	22	33	23.1	17.6	28.6	20.9	13.2	26.4	25.3	14.3	18.7	17.6	23.1	26.4	16.5	20.9	17.6	23.1	16.5	22	24.2	11	13.2	30.8	23.1	24.2	22	29.7	23.1	12.1	31.9	18.7	14.3	18.7	28.6	20.9	17.6	20.9	24.2	20.9	13.2	14.3	33	14.3	13.2	23.1	30.8	25.3	16.5	15.4	27.5	33	23.1	11	27.5	15.4	27.5	24.2	20.9	17.6	14.3	19.8	23.1	12.1	11	31.9	17.6	15.4	33	29.7	28.6	19.8	16.5	33	13.2	18.7	16.5	33	17.6	16.5	13.2	16.5	12.1	14.3	20.9	19.8	30.8	23.1	28.6	19.8	17.6	23.1	28.6	17.6	11	29.7	17.6	22	26.4	25.3	22	12.1	20.9	31.9	33	12.1	24.2	12.1	15.4	26.4	33	25.3	22	18.7	26.4	15.4	17.6	33	20.9	11	33	23.1	25.3	22	12.1	22	18.7	24.2	27.5	19.8	31.9	22	30.8	19.8	25.3	31.9	28.6	29.7	28.6	26.4	20.9	14.3	17.6	19.8	33	16.5	15.4	20.9	26.4	29.7	16.5	11	28.6	20.9	17.6	26.4	22	14.3	19.8	17.6	29.7	18.7	25.3	25.3	23.1	14.3	18.7	17.6	14.3	26.4	12.1	22	14.3	22	14.3	33	18.7	11	31.9	15.4	24.2	30.8	12.1	28.6	31.9	18.7	27.5	15.4	18.7	20.9	20.9	19.8	13.2	28.6	18.7	17.6	13.2	13.2	18.7	28.6	30.8	17.6	33	24.2	26.4	13.2	17.6	20.9	16.5	19.8	26.4	18.7	33	28.6	30.8	15.4	11	16.5	27.5	25.3	16.5	20.9	20.9	13.2	24.2	11	16.5	20.9	13.2	33	22	12.1	19.8	15.4	24.2	13.2	24.2	28.6	26.4	16.5	23.1	11	28.6	15.4	14.3	30.8	28.6	18.7	13.2	22	23.1	27.5	25.3	17.6	20.9	18.7	28.6	33	25.3	11	11	12.1	29.7	31.9	28.6	33	18.7	28.6	31.9	22	14.3	31.9	11	18.7	17.6	15.4	16.5	27.5	26.4	18.7	33	33	28.6	11	15.4	31.9	13.2	29.7	11	12.1	27.5	12.1	26.4	22	18.7	30.8	28.6	18.7	11	27.5	22	28.6	14.3	14.3	25.3	31.9	19.8	30.8	19.8	18.7	27.5	27.5	14.3	26.4	17.6	14.3	25.3	31.9	29.7	28.6	22	17.6	16.5	30.8	31.9	17.6	25.3	28.6	25.3	30.8	18.7	20.9	28.6	22	30.8	15.4	31.9	15.4	26.4	27.5	25.3	15.4	14.3	29.7	15.4	31.9	14.3	30.8	15.4	25.3	33	15.4	12.1	12.1	16.5	20.9	25.3	17.6	16.5	17.6	27.5	14.3	16.5	28.6	20.9	23.1	24.2	30.8	26.4	31.9	29.7	14.3	31.9	14.3	33	25.3	20.9	26.4	26.4	17.6	23.1	13.2	17.6	20.9	30.8	17.6	16.5	19.8	23.1	26.4	33	18.7	19.8	20.9	20.9	15.4	31.9	26.4	16.5	13.2	26.4	23.1	12.1	20.9	22	25.3	28.6	24.2	33	11	19.8	13.2	11	15.4	16.5	17.6	13.2	26.4	14.3	27.5	23.1	15.4	15.4	23.1	31.9	19.8	25.3	18.7	28.6	20.9	30.8	33	30.8	27.5	23.1	31.9	19.8	18.7	13.2	15.4	24.2	18.7	19.8	14.3	26.4	25.3	19.8	23.1	30.8	12.1	17.6	29.7	11	26.4	26.4	15.4	11	27.5	30.8	28.6	24.2	15.4	19.8	19.8	25.3	27.5	19.8	15.4	23.1	23.1	26.4	19.8	12.1	17.6	27.5	12.1	29.7	30.8	33	23.1	16.5	23.1	13.2	28.6	29.7	16.5	22	15.4	23.1	17.6	24.2	31.9	24.2	14.3	33	28.6	11	16.5	24.2	23.1	22	27.5	17.6	24.2	22	13.2	18.7	11	29.7	12.1	13.2	19.8	23.1	12.1	15.4	19.8	15.4	33	23.1	33	33	16.5	11	24.2	18.7	31.9	31.9	16.5	17.6	12.1	28.6	13.2	20.9	33	11	26.4	20.9	19.8	33	11	28.6	31.9	24.2	33	15.4	30.8	28.6	16.5	13.2	26.4	17.6	31.9	18.7	11	19.8	17.6	24.2	30.8	26.4	30.8	26.4	13.2	25.3	14.3	14.3	30.8	17.6	16.5	25.3	11	31.9	28.6	26.4	24.2	29.7	18.7	17.6	31.9	33	22	27.5	28.6	26.4	19.8	16.5	19.8	13.2	30.8	26.4	28.6	28.6	15.4	26.4	29.7	20.9	28.6	23.1	22	31.9	22	24.2	24.2	14.3	16.5	11	24.2	11	18.7	24.2	26.4	15.4	24.2	11	27.5	17.6	25.3	19.8	26.4	13.2	20.9	30.8	17.6	30.8	31.9	14.3	23.1	11	24.2	33	25.3	22	22	31.9	27.5	27.5	14.3	26.4	30.8	17.6	17.6	24.2	22	27.5	20.9	23.1	13.2	33	33	29.7	20.9	17.6	23.1	14.3	22	28.6	31.9	28.6	33	18.7	28.6	13.2	31.9	18.7	25.3	14.3	19.8	33	14.3	15.4	24.2	18.7	17.6	25.3	12.1	12.1	11	14.3	29.7	23.1	13.2	12.1	15.4	30.8	28.6	25.3	11	17.6	28.6	22	15.4	19.8	28.6	20.9	27.5	14.3	13.2	14.3	11	29.7	23.1	33	20.9	28.6	25.3	24.2	27.5	26.4	20.9	26.4	13.2	24.2	25.3	29.7	28.6	31.9	18.7	33	22	25.3	23.1	12.1	16.5	15.4	24.2	25.3	16.5	20.9	23.1	28.6	14.3	24.2	24.2	24.2	31.9	29.7	27.5	25.3	33	19.8	16.5	14.3	31.9	15.4	18.7	23.1	29.7	12.1	27.5	18.7	28.6	28.6	17.6	16.5	11	16.5	26.4	24.2	28.6	25.3	31.9	11	28.6	26.4	23.1	30.8	27.5	29.7	27.5	23.1	12.1	13.2	13.2	25.3	33	26.4	31.9	25.3	24.2	17.6	22	19.8	18.7	26.4	19.8	23.1	15.4	13.2	30.8	29.7	11	31.9	29.7	20.9	23.1	11	20.9	18.7	26.4	28.6	20.9	19.8	30.8	12.1	15.4	31.9	24.2	22	24.2	17.6	13.2	23.1	13.2	27.5	19.8	16.5	13.2	23.1	23.1	24.2	18.7	25.3	26.4	24.2	20.9	20.9	14.3	13.2	17.6	20.9	14.3	30.8	27.5	14.3	24.2	26.4	13.2	17.6	11	18.7	29.7	27.5	12.1	24.2	20.9	30.8	30.8	25.3	26.4	25.3	11	27.5	29.7	27.5	12.1	16.5	19.8	33	24.2	28.6	28.6	27.5	22	28.6	12.1	14.3	33	11	29.7	29.7	28.6	14.3	20.9	15.4	16.5	16.5	23.1	14.3	15.4	27.5	30.8	29.7	33	20.9	15.4	31.9	17.6	31.9	22	19.8	26.4	16.5	23.1	26.4	24.2	22	28.6	29.7	19.8	20.9	13.2	13.2	17.6	11	18.7	33	24.2	23.1	15.4	20.9	29.7	19.8	28.6	11	15.4	31.9	16.5	13.2	24.2	14.3	16.5	20.9	33	13.2	19.8	29.7	20.9	28.6	25.3	31.9	27.5	26.4	19.8	18.7	20.9	18.7	26.4	23.1	19.8	28.6	19.8	29.7	18.7	25.3	33	13.2	19.8	29.7	20.9	15.4	28.6	23.1	23.1	14.3	13.2	29.7	30.8	33	30.8	11	23.1	24.2	25.3	19.8	11	31.9	31.9	13.2	17.6	18.7	13.2	19.8	20.9	24.2	23.1	12.1	28.6	17.6	28.6	13.2	29.7	29.7	
28.6	18.7	16.5	33	18.7	28.6	24.2	11	24.2	18.7	30.8	20.9	31.9	33	11	
12	14	19	18	19	19	11	10	20	16	18	19	14	19	20	20	17	15	17	17	13	14	11	20	12	17	20	12	18	16	18	13	18	13	18	14	16	16	11	11	18	17	10	19	17	10	20	20	19	12	16	19	19	10	13	20	16	16	20	16	19	14	15	19	11	15	16	10	16	13	17	15	18	12	18	12	17	13	19	20	16	15	10	14	17	17	18	20	13	18	19	14	15	15	20	14	12	16	10	10	11	20	11	10	16	16	11	20	19	19	10	10	17	16	17	14	14	17	20	19	18	20	11	11	10	19	17	10	12	10	12	12	13	19	20	14	14	11	16	19	11	17	15	10	14	19	20	18	17	19	17	16	17	11	14	13	10	14	16	13	14	20	10	20	17	17	16	11	15	11	18	20	15	10	17	18	16	16	16	16	11	14	15	14	19	13	17	12	15	14	15	16	20	18	18	16	13	20	20	20	19	20	18	13	15	18	14	13	12	11	18	18	13	15	16	18	12	13	15	13	12	20	12	19	12	16	18	15	11	16	18	17	12	13	20	16	14	11	10	14	18	20	15	11	16	17	12	15	19	18	19	12	12	14	17	12	17	19	15	15	19	11	20	14	14	11	10	10	18	14	15	20	15	15	10	16	13	18	20	17	12	10	14	20	14	10	13	12	12	16	14	18	19	10	17	10	14	15	17	12	18	16	20	16	20	18	15	19	10	14	11	15	18	13	14	18	20	17	15	13	18	18	10	11	10	18	20	11	20	14	16	13	16	19	19	17	14	20	18	18	17	12	10	14	17	18	15	18	15	15	11	11	18	14	16	18	15	20	13	20	18	12	12	14	17	20	12	16	10	17	20	12	16	16	17	19	15	18	12	14	13	12	12	14	14	11	12	10	19	17	10	11	13	17	12	11	20	11	11	13	18	18	12	15	15	20	11	11	16	12	10	19	18	16	19	11	18	16	19	15	12	18	13	12	19	10	18	17	10	17	12	10	18	10	13	11	20	10	15	14	10	10	18	19	17	19	19	15	20	13	17	11	10	14	13	15	14	12	11	13	17	13	16	12	16	16	10	11	15	17	17	18	12	16	16	12	15	10	14	14	17	13	13	11	12	15	16	16	20	10	20	20	13	10	16	20	14	10	16	17	18	12	15	13	17	13	13	13	19	18	19	12	17	10	16	18	10	10	12	15	10	19	12	18	12	10	19	18	16	11	16	20	10	12	12	20	13	20	15	15	12	17	20	18	15	15	10	19	14	18	20	15	19	19	15	15	18	11	10	14	14	15	13	12	15	10	19	18	19	18	11	12	15	17	12	14	11	17	19	18	16	19	12	19	18	16	12	13	19	17	13	19	10	13	16	13	15	16	13	20	15	14	20	14	17	17	11	14	11	19	13	14	13	18	18	20	11	18	18	12	11	16	18	20	14	10	15	15	17	10	14	20	17	19	19	18	16	10	16	17	10	16	19	18	13	20	10	13	17	16	14	16	11	13	19	16	10	16	19	20	16	13	10	11	18	20	10	14	16	17	17	16	19	11	20	15	10	14	17	13	19	13	20	17	15	19	19	19	13	14	13	15	13	19	19	11	11	12	17	20	14	12	19	16	11	16	18	17	13	12	15	12	16	12	12	12	14	15	12	13	11	14	17	15	13	18	18	20	15	12	15	14	20	11	20	10	12	11	15	15	19	13	19	18	16	15	17	10	11	20	19	17	15	20	18	18	11	16	18	20	15	17	14	12	17	19	10	14	13	10	14	17	15	12	18	16	10	12	18	15	14	13	14	18	10	12	20	19	16	13	12	13	18	19	18	14	18	15	17	10	14	11	18	10	15	16	14	10	15	12	20	20	18	19	11	18	11	12	20	16	10	10	15	16	18	14	15	20	11	12	16	15	14	20	11	19	14	10	12	12	12	19	11	15	18	18	11	11	17	10	11	15	12	12	14	19	10	18	15	14	18	12	17	13	14	20	13	14	12	13	10	11	17	10	17	19	14	16	20	17	17	12	14	15	16	17	12	15	11	19	17	11	20	15	16	13	11	19	17	12	12	15	11	17	18	20	15	12	15	13	13	11	10	18	19	20	14	17	15	14	18	15	19	13	11	10	16	14	20	10	16	19	19	18	14	15	19	19	12	11	18	10	18	19	12	14	12	20	10	18	18	19	16	11	18	18	19	14	13	18	15	18	20	20	10	14	14	10	15	19	16	11	11	13	19	20	16	18	18	16	18	16	12	16	14	12	12	17	12	12	14	12	11	19	13	14	11	19	17	16	
1	1	1	1	1	1	1	1	1	1	1	1	1	1	1	1	1	1	1	1	1	1	1	1	1	1	1	1	1	1	1	1	1	1	1	1	1	1	1	1	1	1	1	1	1	1	1	1	1	1	1	1	1	1	1	1	1	1	1	1	1	1	1	1	1	1	1	1	1	1	1	1	2	2	2	2	2	2	2	2	2	2	2	2	2	2	2	2	2	2	2	2	2	2	2	2	2	2	2	2	2	2	2	2	2	2	2	2	2	2	2	2	2	2	2	2	2	2	2	2	2	2	2	2	2	2	2	2	2	3	3	3	3	3	3	3	3	3	3	3	3	3	3	3	3	3	3	3	3	3	3	3	3	3	3	3	3	3	3	3	3	3	3	3	3	3	3	3	3	3	3	3	3	3	3	3	3	3	3	3	3	3	3	3	3	3	3	3	3	3	3	3	3	4	4	4	4	4	4	4	4	4	4	4	4	4	4	4	4	4	4	4	4	4	4	4	4	4	4	4	4	4	4	4	4	4	4	4	4	4	4	4	4	4	4	4	4	4	4	4	4	4	4	4	4	4	4	4	4	4	4	4	4	4	4	4	4	4	4	4	4	4	4	4	4	4	4	4	4	4	4	4	4	4	4	4	4	5	5	5	5	5	5	5	5	5	5	5	5	5	5	5	5	5	5	5	5	5	5	5	5	5	5	5	5	5	5	5	5	5	5	5	5	5	5	5	5	5	5	5	5	5	5	5	5	5	5	5	5	5	5	5	5	5	5	5	5	5	5	5	5	5	5	5	5	5	5	5	5	5	5	5	6	6	6	6	6	6	6	6	6	6	6	6	6	6	6	6	6	6	6	6	6	6	6	6	6	6	6	6	6	6	6	6	6	6	6	6	6	6	6	6	6	6	6	6	6	6	6	6	6	6	6	6	6	6	6	6	6	6	6	6	6	6	6	6	6	6	6	6	6	7	7	7	7	7	7	7	7	7	7	7	7	7	7	7	7	7	7	7	7	7	7	7	7	7	7	7	7	7	7	7	7	7	7	7	7	7	7	7	7	7	7	7	7	7	7	7	7	7	7	7	7	7	7	8	8	8	8	8	8	8	8	8	8	8	8	8	8	8	8	8	8	8	8	8	8	8	8	8	8	8	8	8	8	8	8	8	8	8	8	8	8	8	8	8	8	8	8	8	8	8	8	8	8	8	8	8	8	8	8	8	8	8	8	8	8	8	8	8	8	8	8	8	8	9	9	9	9	9	9	9	9	9	9	9	9	9	9	9	9	9	9	9	9	9	9	9	9	9	9	9	9	9	9	9	9	9	9	9	9	9	9	9	9	9	9	9	9	9	9	9	9	9	9	9	9	9	9	9	9	9	9	9	9	9	9	9	9	9	9	9	9	10	10	10	10	10	10	10	10	10	10	10	10	10	10	10	10	10	10	10	10	10	10	10	10	10	10	10	10	10	10	10	10	10	10	10	10	10	10	10	10	10	10	10	10	10	10	10	10	10	10	10	10	10	10	10	10	10	10	10	10	10	10	10	10	10	10	10	10	10	10	11	11	11	11	11	11	11	11	11	11	11	11	11	11	11	11	11	11	11	11	11	11	11	11	11	11	11	11	11	11	11	11	11	11	11	11	11	11	11	11	11	11	11	11	11	11	11	11	11	11	11	11	11	11	11	11	11	11	11	11	11	11	11	11	11	11	11	11	11	11	11	11	11	11	12	12	12	12	12	12	12	12	12	12	12	12	12	12	12	12	12	12	12	12	12	12	12	12	12	12	12	12	12	12	12	12	12	12	12	12	12	12	12	12	12	12	12	12	12	12	12	12	12	12	12	12	13	13	13	13	13	13	13	13	13	13	13	13	13	13	13	13	13	13	13	13	13	13	13	13	13	13	13	13	13	13	13	13	13	13	13	13	13	13	13	13	13	13	13	13	13	13	13	13	13	13	13	13	13	13	13	13	14	14	14	14	14	14	14	14	14	14	14	14	14	14	14	14	14	14	14	14	14	14	14	14	14	14	14	14	14	14	14	14	14	14	14	14	14	14	14	14	14	14	14	14	14	14	14	14	14	14	14	14	14	14	14	14	14	14	14	14	14	14	14	14	14	14	14	14	14	15	15	15	15	15	15	15	15	15	15	15	15	15	15	15	15	15	15	15	15	15	15	15	15	15	15	15	15	15	15	15	15	15	15	15	15	15	15	15	15	15	15	15	15	15	15	15	15	15	15	15	15	15	15	15	15	15	15	15	15	15	15	15	15	15	15	
