1000
30	7
522	17.6
30	28	30	27	27	31	31	29	31	27	28	26	31	30	29	30	31	28	31	27	28	26	31	28	29	28	30	29	31	31	28	28	26	26	28	27	26	27	28	26	27	28	26	26	29	29	27	31	30	29	29	27	29	27	27	28	31	27	28	29	29	30	31	30	27	31	27	28	28	29	26	28	27	26	29	29	28	28	30	30	29	27	29	31	31	31	27	28	30	27	29	27	26	31	28	27	27	28	29	27	27	27	28	27	31	27	26	31	31	28	28	29	26	28	26	30	31	31	30	30	31	26	27	26	27	29	31	31	26	30	31	30	27	28	29	30	29	29	27	29	31	26	26	30	26	28	26	28	31	27	27	31	28	28	31	30	27	28	27	29	28	26	28	30	29	26	26	30	31	26	29	27	29	31	29	30	26	26	28	29	30	27	26	30	31	27	31	30	29	30	31	31	31	26	30	30	29	26	30	29	26	28	29	28	29	26	31	26	28	31	30	29	27	31	30	26	31	28	26	30	28	26	29	29	30	27	28	26	28	26	31	31	28	28	29	30	28	26	30	26	30	27	28	31	29	27	27	29	27	26	30	26	30	29	31	28	30	26	31	31	27	29	31	31	29	29	30	29	28	27	26	28	30	30	26	28	30	29	29	26	26	29	30	30	31	26	29	28	30	30	29	27	28	30	31	26	31	31	27	27	28	28	29	30	29	26	31	26	26	31	26	31	31	31	27	30	28	27	29	30	26	27	26	30	27	29	31	27	28	30	26	29	30	30	27	30	26	29	28	29	30	30	31	31	28	30	31	31	26	30	29	28	28	27	28	27	27	30	27	29	29	26	27	29	26	27	27	31	26	28	31	31	31	30	29	31	27	27	30	28	31	28	27	26	29	28	30	26	30	27	26	29	28	27	31	28	26	31	30	26	27	29	29	26	31	28	29	29	30	31	27	28	30	29	30	30	30	31	31	30	29	27	26	30	30	27	26	27	30	29	26	28	26	28	27	29	29	28	27	31	31	26	29	29	31	30	28	29	30	30	28	27	28	27	31	28	31	30	30	28	31	31	28	27	28	27	31	31	29	29	28	27	30	27	30	27	28	31	26	30	27	29	29	26	28	26	28	30	27	26	29	26	29	31	28	26	26	28	30	27	28	31	27	28	30	31	28	31	27	30	27	28	30	29	31	30	30	28	29	27	27	29	28	28	27	30	29	27	26	29	31	31	31	29	31	28	27	30	26	26	28	27	31	31	26	29	26	30	31	26	27	28	26	26	29	30	26	26	31	28	31	30	26	29	28	26	26	28	26	29	29	27	30	26	27	27	30	28	29	27	30	28	30	29	27	31	27	28	26	31	26	29	30	30	26	27	29	31	27	29	27	30	30	31	30	27	27	31	28	26	31	30	31	30	26	26	29	26	31	31	31	26	31	31	31	30	27	30	27	31	26	27	29	26	26	28	30	31	30	26	28	31	29	31	29	26	27	26	28	31	29	29	31	27	29	29	27	28	29	30	30	30	27	31	28	26	28	29	28	30	29	31	29	26	28	28	29	30	27	28	27	27	31	31	27	31	31	29	27	28	27	29	30	26	28	28	28	27	28	26	28	30	30	30	28	26	31	26	28	28	28	29	31	27	30	27	28	28	31	26	29	27	28	26	31	31	31	26	26	28	31	28	31	31	30	26	31	29	27	29	29	26	27	30	27	27	31	31	29	27	28	27	26	30	30	26	30	30	26	30	31	26	30	30	27	28	29	27	29	27	27	30	28	26	29	30	31	27	29	30	31	29	31	27	31	30	26	28	26	27	31	29	29	26	26	29	28	31	26	26	29	27	29	27	30	30	28	26	29	31	30	28	31	31	30	28	29	30	29	31	29	27	28	28	31	29	31	26	26	28	27	29	28	27	26	27	28	29	28	28	31	26	28	28	26	31	30	29	30	29	27	31	30	26	28	26	29	26	31	29	26	31	27	31	28	31	27	31	31	27	31	31	27	31	30	29	28	26	28	27	26	30	26	27	28	26	26	27	27	29	28	30	31	26	29	28	27	29	26	28	29	29	30	29	31	31	31	31	30	30	26	29	30	26	31	30	31	31	30	31	29	27	28	27	26	30	27	29	28	29	30	28	26	29	28	29	27	29	30	28	31	30	31	31	30	29	27	28	29	27	26	28	31	27	27	31	29	31	28	29	31	27	28	31	29	29	30	29	26	28	29	28	30	29	28	28	31	27	27	28	27	28	29	26	26	26	28	27	27	26	26	30	28	27	26	29	31	31	30	26	
83	82	85	82	91	91	83	89	84	91	84	76	82	94	81	82	93	93	76	89	94	93	90	94	90	90	81	87	77	82	78	85	82	85	80	92	94	91	81	87	91	87	86	91	88	86	88	85	80	91	86	93	76	94	90	91	78	81	84	89	89	78	90	77	89	81	82	86	76	77	83	94	79	76	76	94	93	81	87	77	79	89	82	79	92	77	83	89	84	93	77	94	77	86	90	76	85	91	91	76	80	79	86	82	80	76	80	86	88	84	86	91	80	84	92	83	81	76	81	76	84	92	86	87	78	79	79	88	76	87	93	94	89	94	93	82	88	83	93	84	90	77	92	85	81	93	82	87	79	88	88	83	87	79	85	76	78	90	79	84	91	92	94	88	91	87	77	83	84	88	76	87	94	80	77	76	83	87	80	76	93	94	92	82	84	76	76	94	80	83	82	91	92	81	80	87	81	81	76	90	78	87	79	92	84	76	88	91	91	92	90	92	89	88	78	92	85	88	79	77	89	82	88	80	87	79	76	81	76	81	85	84	92	76	92	94	76	78	83	81	85	79	89	90	88	81	82	92	94	92	77	79	89	90	86	88	78	87	77	79	84	93	91	92	78	82	82	76	90	84	78	94	89	88	78	84	84	85	90	87	82	94	82	82	77	76	80	78	94	87	85	79	87	77	77	76	81	89	78	87	89	92	80	77	87	78	81	81	93	86	78	77	81	82	76	81	88	83	87	91	81	77	83	83	76	93	80	92	89	84	90	91	93	83	80	78	91	87	85	79	84	94	84	93	85	91	85	85	80	79	79	94	78	86	87	91	80	86	91	76	92	79	94	79	76	81	89	78	77	79	89	89	90	83	81	80	80	94	76	91	80	91	80	88	76	94	83	88	93	90	82	83	76	86	88	92	87	87	79	88	84	85	82	76	76	88	78	81	84	84	94	89	88	94	91	79	77	94	92	80	79	85	82	77	81	79	78	91	87	88	80	93	93	77	81	76	87	92	82	81	84	78	92	85	78	77	83	80	87	89	93	92	78	86	86	93	80	87	84	87	85	93	77	90	93	81	93	78	78	94	90	77	92	85	77	77	88	93	89	92	92	88	78	84	77	82	82	80	87	85	81	81	78	80	89	88	88	84	76	82	77	82	77	94	84	80	79	81	76	85	90	89	88	91	84	87	81	87	82	92	76	85	87	78	83	93	87	94	80	90	87	92	86	88	80	81	76	79	94	79	81	93	77	93	93	90	84	93	82	84	78	87	85	88	88	77	77	76	87	93	85	87	83	77	87	79	92	78	85	79	88	79	78	93	85	81	77	90	87	85	77	86	85	86	79	89	81	82	86	94	78	83	92	78	85	81	76	78	90	80	91	84	86	77	87	89	87	77	79	88	88	84	89	79	83	83	83	83	89	81	83	79	92	89	94	81	84	88	92	94	90	76	86	87	90	80	79	84	90	84	85	89	87	86	89	81	92	80	93	87	85	93	83	90	94	92	86	92	80	80	85	78	87	89	88	94	90	85	86	77	79	76	87	81	86	85	91	82	80	87	87	84	86	77	94	90	78	77	83	86	78	86	88	87	88	88	93	78	84	94	84	93	93	81	85	94	90	92	76	79	91	81	80	77	81	79	90	76	77	91	88	89	90	88	90	88	92	80	90	83	84	85	94	87	81	82	94	85	86	79	87	90	76	85	90	86	78	88	93	77	84	83	83	76	87	77	84	86	76	93	92	84	93	91	90	89	90	77	81	79	89	92	89	84	86	90	94	94	87	86	81	85	94	90	91	77	91	91	87	80	78	86	80	93	92	76	85	85	91	78	93	84	89	81	82	78	88	93	89	83	80	90	92	92	89	87	83	86	80	81	86	86	89	79	94	77	82	83	78	76	93	91	93	88	89	87	93	82	90	81	91	93	83	83	90	80	77	93	89	85	79	80	78	84	77	80	78	92	89	78	77	84	84	89	89	78	87	78	82	85	94	79	82	80	78	93	92	91	94	79	91	90	76	82	76	91	80	89	82	91	89	79	78	93	77	90	80	94	94	77	84	92	79	80	87	87	88	77	77	86	92	78	92	82	84	87	77	94	94	76	84	80	77	93	82	87	93	83	80	88	86	91	84	83	81	84	94	78	82	86	80	90	80	92	76	84	86	84	85	87	89	81	80	92	93	90	80	93	89	86	87	93	80	90	76	80	92	94	92	83	94	90	86	90	90	84	78	82	86	81	94	91	85	93	78	92	81	76	81	76	89	85	87	78	79	80	78	93	78	79	
11	27.5	13.2	25.3	18.7	23.1	22	11	20.9	16.5	28.6	23.1	14.3	13.2	33	15.4	11	26.4	28.6	31.9	19.8	13.2	12.1	16.5	17.6	33	13.2	31.9	12.1	11	19.8	29.7	17.6	23.1	28.6	30.8	26.4	16.5	15.4	30.8	24.2	31.9	29.7	31.9	18.7	27.5	33	24.2	19.8	30.8	26.4	19.8	16.5	30.8	25.3	11	18.7	13.2	33	28.6	28.6	27.5	20.9	31.9	20.9	19.8	28.6	30.8	33	22	19.8	26.4	23.1	12.1	23.1	25.3	29.7	33	11	12.1	28.6	30.8	33	17.6	28.6	16.5	26.4	12.1	13.2	11	19.8	17.6	18.7	31.9	24.2	15.4	19.8	33	29.7	29.7	17.6	11	15.4	25.3	18.7	11	12.1	29.7	26.4	25.3	28.6	20.9	20.9	24.2	31.9	12.1	19.8	19.8	22	16.5	24.2	11	15.4	14.3	17.6	29.7	30.8	15.4	13.2	14.3	33	29.7	33	28.6	25.3	26.4	18.7	18.7	27.5	26.4	19.8	30.8	18.7	12.1	24.2	15.4	26.4	12.1	22	19.8	30.8	11	19.8	26.4	19.8	15.4	29.7	29.7	14.3	19.8	26.4	16.5	27.5	18.7	28.6	31.9	17.6	24.2	20.9	20.9	25.3	29.7	31.9	23.1	27.5	11	14.3	29.7	28.6	16.5	20.9	30.8	25.3	24.2	16.5	25.3	29.7	14.3	12.1	14.3	29.7	25.3	33	28.6	33	31.9	22	29.7	23.1	30.8	25.3	18.7	17.6	22	16.5	23.1	15.4	27.5	28.6	19.8	11	29.7	17.6	24.2	28.6	25.3	14.3	16.5	13.2	30.8	28.6	19.8	26.4	15.4	33	31.9	20.9	11	33	19.8	16.5	14.3	29.7	31.9	28.6	16.5	33	18.7	19.8	22	25.3	26.4	17.6	16.5	33	14.3	27.5	19.8	28.6	23.1	31.9	15.4	23.1	29.7	23.1	27.5	30.8	16.5	18.7	14.3	31.9	27.5	24.2	30.8	28.6	26.4	16.5	17.6	22	14.3	17.6	29.7	11	20.9	26.4	17.6	12.1	17.6	14.3	16.5	20.9	23.1	20.9	29.7	30.8	30.8	17.6	30.8	27.5	31.9	33	20.9	20.9	33	16.5	12.1	27.5	27.5	26.4	24.2	28.6	16.5	22	18.7	33	15.4	33	24.2	27.5	14.3	22	12.1	30.8	30.8	13.2	28.6	15.4	23.1	29.7	25.3	25.3	19.8	12.1	16.5	29.7	20.9	11	27.5	16.5	20.9	30.8	22	22	12.1	30.8	15.4	30.8	25.3	12.1	20.9	29.7	27.5	25.3	14.3	26.4	22	14.3	12.1	11	30.8	13.2	14.3	27.5	17.6	11	25.3	13.2	24.2	23.1	13.2	13.2	17.6	24.2	26.4	14.3	33	28.6	31.9	29.7	11	27.5	30.8	12.1	12.1	23.1	27.5	17.6	31.9	15.4	18.7	30.8	13.2	11	11	13.2	24.2	19.8	26.4	12.1	27.5	15.4	28.6	11	27.5	26.4	24.2	27.5	13.2	31.9	26.4	27.5	25.3	23.1	17.6	11	14.3	12.1	14.3	13.2	26.4	24.2	18.7	19.8	23.1	31.9	12.1	19.8	30.8	17.6	14.3	29.7	29.7	13.2	14.3	30.8	28.6	33	13.2	31.9	13.2	30.8	25.3	13.2	15.4	27.5	27.5	22	27.5	24.2	17.6	27.5	30.8	19.8	33	20.9	17.6	24.2	23.1	25.3	16.5	14.3	12.1	16.5	14.3	23.1	20.9	24.2	28.6	30.8	15.4	31.9	16.5	33	28.6	28.6	28.6	14.3	29.7	33	30.8	13.2	18.7	22	29.7	15.4	31.9	30.8	17.6	30.8	24.2	25.3	28.6	18.7	19.8	27.5	33	20.9	11	26.4	17.6	22	24.2	30.8	31.9	27.5	29.7	16.5	28.6	20.9	13.2	18.7	12.1	18.7	12.1	23.1	20.9	17.6	22	33	20.9	27.5	17.6	29.7	23.1	33	27.5	22	18.7	24.2	28.6	12.1	11	24.2	33	20.9	17.6	22	25.3	13.2	26.4	17.6	31.9	22	27.5	28.6	17.6	30.8	33	22	15.4	26.4	18.7	28.6	22	15.4	27.5	20.9	14.3	33	30.8	15.4	14.3	29.7	16.5	17.6	30.8	33	11	16.5	22	28.6	31.9	33	24.2	20.9	31.9	23.1	27.5	17.6	23.1	17.6	28.6	27.5	31.9	22	27.5	12.1	14.3	24.2	23.1	30.8	23.1	28.6	17.6	23.1	26.4	30.8	30.8	26.4	16.5	31.9	28.6	20.9	31.9	18.7	22	12.1	29.7	22	19.8	29.7	18.7	28.6	29.7	19.8	27.5	25.3	14.3	22	17.6	17.6	30.8	15.4	18.7	14.3	23.1	19.8	15.4	23.1	33	14.3	25.3	14.3	18.7	18.7	17.6	31.9	24.2	26.4	13.2	29.7	17.6	28.6	28.6	22	12.1	13.2	15.4	18.7	14.3	19.8	25.3	23.1	14.3	18.7	28.6	29.7	11	25.3	33	28.6	23.1	31.9	16.5	16.5	30.8	20.9	19.8	16.5	14.3	26.4	26.4	23.1	11	23.1	22	23.1	13.2	19.8	28.6	13.2	20.9	16.5	25.3	30.8	11	24.2	26.4	20.9	23.1	17.6	22	17.6	23.1	16.5	33	28.6	17.6	20.9	22	22	23.1	19.8	19.8	11	14.3	28.6	31.9	16.5	12.1	17.6	30.8	11	28.6	31.9	33	26.4	15.4	22	27.5	18.7	23.1	18.7	14.3	16.5	30.8	24.2	13.2	12.1	11	25.3	11	27.5	19.8	17.6	11	17.6	27.5	30.8	12.1	31.9	12.1	12.1	28.6	18.7	19.8	31.9	12.1	26.4	27.5	22	14.3	12.1	14.3	24.2	27.5	20.9	27.5	20.9	31.9	20.9	11	17.6	22	12.1	18.7	12.1	11	22	23.1	15.4	13.2	26.4	25.3	28.6	16.5	13.2	18.7	27.5	27.5	30.8	22	16.5	23.1	12.1	11	15.4	18.7	15.4	24.2	23.1	31.9	23.1	14.3	18.7	25.3	16.5	14.3	13.2	22	19.8	33	25.3	17.6	29.7	33	26.4	11	12.1	28.6	12.1	25.3	25.3	33	16.5	15.4	13.2	33	12.1	20.9	25.3	23.1	14.3	14.3	18.7	18.7	19.8	28.6	17.6	17.6	11	25.3	14.3	33	25.3	13.2	31.9	16.5	17.6	30.8	12.1	31.9	25.3	30.8	28.6	25.3	13.2	13.2	24.2	22	15.4	18.7	26.4	24.2	29.7	23.1	31.9	22	20.9	16.5	29.7	25.3	28.6	19.8	11	26.4	33	30.8	22	23.1	14.3	33	19.8	19.8	15.4	11	13.2	18.7	13.2	20.9	29.7	27.5	25.3	18.7	30.8	33	14.3	25.3	13.2	19.8	30.8	11	15.4	29.7	15.4	22	24.2	13.2	26.4	18.7	14.3	17.6	15.4	33	26.4	18.7	18.7	33	13.2	30.8	27.5	25.3	13.2	31.9	27.5	18.7	15.4	19.8	27.5	13.2	20.9	29.7	11	25.3	18.7	31.9	31.9	28.6	19.8	24.2	15.4	18.7	23.1	11	18.7	27.5	11	33	28.6	26.4	17.6	26.4	17.6	26.4	27.5	22	12.1	23.1	15.4	17.6	29.7	29.7	11	17.6	28.6	29.7	33	30.8	24.2	13.2	29.7	20.9	17.6	28.6	13.2	19.8	22	24.2	23.1	28.6	20.9	31.9	19.8	29.7	16.5	25.3	19.8	17.6	25.3	23.1	33	33	30.8	25.3	26.4	17.6	14.3	25.3	30.8	29.7	17.6	23.1	25.3	14.3	19.8	13.2	33	25.3	30.8	17.6	24.2	25.3	11	31.9	12.1	28.6	29.7	24.2	30.8	16.5	
33	22	19.8	11	26.4	23.1	15.4	17.6	15.4	13.2	13.2	17.6	20.9	26.4	20.9	19.8	15.4	16.5	33	20.9	15.4	31.9	33	25.3	29.7	14.3	15.4	12.1	11	12.1	12.1	31.9	23.1	16.5	13.2	12.1	16.5	28.6	23.1	12.1	25.3	27.5	27.5	18.7	18.7	23.1	17.6	29.7	11	15.4	23.1	22	17.6	24.2	14.3	13.2	23.1	33	31.9	17.6	14.3	24.2	13.2	12.1	19.8	13.2	30.8	28.6	26.4	12.1	31.9	33	26.4	31.9	16.5	13.2	28.6	24.2	11	19.8	17.6	13.2	11	33	26.4	15.4	24.2	19.8	31.9	17.6	31.9	11	16.5	24.2	13.2	12.1	29.7	12.1	29.7	13.2	14.3	23.1	26.4	23.1	16.5	27.5	15.4	22	13.2	13.2	18.7	22	28.6	27.5	20.9	30.8	25.3	13.2	16.5	12.1	12.1	14.3	15.4	14.3	23.1	30.8	17.6	28.6	26.4	13.2	11	16.5	33	26.4	30.8	18.7	27.5	28.6	24.2	13.2	23.1	24.2	16.5	24.2	20.9	14.3	25.3	12.1	22	33	26.4	18.7	11	30.8	20.9	18.7	15.4	22	26.4	16.5	19.8	31.9	24.2	29.7	24.2	12.1	17.6	24.2	25.3	28.6	26.4	16.5	17.6	12.1	24.2	15.4	13.2	16.5	16.5	22	33	27.5	24.2	22	18.7	28.6	24.2	31.9	26.4	20.9	22	26.4	33	17.6	19.8	33	31.9	33	22	23.1	31.9	12.1	30.8	24.2	25.3	30.8	22	33	31.9	31.9	15.4	14.3	20.9	31.9	19.8	30.8	30.8	11	26.4	22	20.9	28.6	19.8	16.5	23.1	13.2	23.1	31.9	33	14.3	29.7	26.4	33	28.6	13.2	23.1	28.6	15.4	24.2	25.3	20.9	18.7	23.1	23.1	31.9	31.9	23.1	18.7	26.4	30.8	23.1	11	15.4	27.5	29.7	19.8	19.8	13.2	17.6	18.7	14.3	24.2	13.2	20.9	16.5	30.8	22	11	12.1	14.3	14.3	13.2	17.6	17.6	13.2	19.8	13.2	29.7	23.1	18.7	20.9	12.1	12.1	29.7	20.9	29.7	26.4	23.1	28.6	31.9	17.6	22	26.4	14.3	29.7	18.7	28.6	14.3	31.9	22	15.4	22	28.6	30.8	15.4	31.9	22	15.4	25.3	25.3	12.1	19.8	20.9	12.1	26.4	17.6	28.6	27.5	31.9	23.1	11	11	20.9	15.4	11	33	27.5	26.4	33	26.4	28.6	28.6	24.2	27.5	24.2	15.4	26.4	30.8	31.9	26.4	14.3	12.1	20.9	25.3	33	31.9	27.5	30.8	17.6	17.6	20.9	12.1	31.9	29.7	11	14.3	25.3	20.9	23.1	18.7	18.7	25.3	16.5	26.4	13.2	11	24.2	33	31.9	14.3	30.8	15.4	22	18.7	15.4	31.9	26.4	14.3	25.3	25.3	14.3	27.5	31.9	29.7	20.9	31.9	15.4	18.7	13.2	15.4	15.4	14.3	29.7	19.8	13.2	18.7	31.9	29.7	31.9	25.3	17.6	23.1	31.9	16.5	18.7	30.8	14.3	33	14.3	26.4	26.4	16.5	25.3	22	12.1	28.6	11	11	30.8	18.7	22	13.2	24.2	28.6	14.3	19.8	28.6	18.7	24.2	19.8	29.7	19.8	12.1	18.7	20.9	28.6	20.9	15.4	13.2	33	11	17.6	30.8	16.5	24.2	14.3	15.4	14.3	23.1	14.3	19.8	16.5	12.1	24.2	17.6	18.7	23.1	31.9	29.7	14.3	13.2	20.9	24.2	18.7	24.2	24.2	26.4	20.9	13.2	14.3	22	31.9	29.7	31.9	20.9	20.9	20.9	15.4	20.9	11	28.6	14.3	18.7	19.8	11	33	17.6	13.2	12.1	24.2	20.9	13.2	33	30.8	28.6	20.9	20.9	15.4	30.8	26.4	33	20.9	15.4	13.2	29.7	24.2	29.7	25.3	26.4	22	24.2	23.1	11	17.6	11	33	23.1	17.6	14.3	16.5	22	12.1	12.1	23.1	31.9	16.5	30.8	12.1	30.8	24.2	30.8	16.5	27.5	25.3	12.1	28.6	30.8	26.4	33	28.6	28.6	26.4	30.8	26.4	28.6	25.3	13.2	13.2	15.4	19.8	17.6	33	33	20.9	15.4	19.8	22	28.6	19.8	12.1	29.7	30.8	30.8	33	22	19.8	33	16.5	16.5	17.6	17.6	33	12.1	13.2	23.1	31.9	15.4	29.7	25.3	19.8	31.9	24.2	14.3	29.7	33	33	11	15.4	31.9	11	15.4	33	26.4	17.6	14.3	12.1	31.9	14.3	16.5	29.7	17.6	18.7	13.2	11	25.3	20.9	12.1	25.3	30.8	18.7	11	28.6	18.7	25.3	25.3	26.4	30.8	17.6	24.2	28.6	29.7	20.9	15.4	16.5	11	25.3	29.7	11	17.6	19.8	17.6	18.7	12.1	11	14.3	18.7	26.4	25.3	22	17.6	14.3	26.4	25.3	18.7	16.5	13.2	22	23.1	16.5	31.9	11	13.2	19.8	11	12.1	31.9	24.2	22	29.7	29.7	19.8	22	11	22	19.8	28.6	31.9	30.8	14.3	16.5	29.7	16.5	28.6	33	33	20.9	11	17.6	22	26.4	11	20.9	33	15.4	31.9	13.2	19.8	30.8	19.8	15.4	31.9	22	33	17.6	11	16.5	25.3	26.4	28.6	20.9	22	25.3	30.8	30.8	27.5	30.8	11	20.9	26.4	23.1	14.3	13.2	31.9	33	26.4	30.8	27.5	27.5	22	13.2	23.1	25.3	11	13.2	26.4	11	28.6	20.9	25.3	11	30.8	29.7	30.8	23.1	23.1	23.1	22	13.2	18.7	15.4	12.1	29.7	24.2	27.5	29.7	15.4	30.8	15.4	16.5	11	20.9	11	26.4	25.3	25.3	17.6	29.7	19.8	14.3	26.4	16.5	13.2	25.3	18.7	25.3	29.7	12.1	28.6	16.5	16.5	24.2	27.5	11	27.5	29.7	22	26.4	17.6	14.3	24.2	11	16.5	19.8	13.2	12.1	18.7	22	25.3	22	14.3	31.9	24.2	27.5	17.6	31.9	19.8	15.4	11	20.9	13.2	26.4	20.9	13.2	30.8	24.2	33	30.8	26.4	19.8	18.7	26.4	26.4	19.8	24.2	13.2	12.1	27.5	14.3	30.8	19.8	11	25.3	23.1	27.5	28.6	14.3	13.2	20.9	15.4	18.7	14.3	23.1	22	13.2	12.1	13.2	22	14.3	30.8	31.9	14.3	25.3	27.5	12.1	28.6	18.7	20.9	13.2	29.7	27.5	33	15.4	20.9	18.7	12.1	12.1	20.9	29.7	18.7	19.8	27.5	18.7	24.2	20.9	26.4	17.6	18.7	18.7	25.3	26.4	30.8	25.3	23.1	31.9	20.9	20.9	23.1	31.9	20.9	12.1	12.1	33	12.1	26.4	30.8	16.5	29.7	31.9	13.2	23.1	22	11	19.8	19.8	15.4	28.6	16.5	22	25.3	23.1	20.9	19.8	25.3	17.6	11	28.6	26.4	28.6	30.8	30.8	14.3	18.7	15.4	27.5	29.7	27.5	16.5	13.2	11	30.8	17.6	27.5	25.3	13.2	33	31.9	11	33	26.4	18.7	15.4	11	25.3	22	27.5	33	27.5	18.7	30.8	16.5	25.3	12.1	14.3	30.8	33	19.8	18.7	16.5	14.3	19.8	33	30.8	28.6	13.2	33	16.5	16.5	22	18.7	16.5	12.1	28.6	13.2	18.7	27.5	22	14.3	14.3	27.5	25.3	28.6	29.7	15.4	17.6	30.8	31.9	11	25.3	26.4	28.6	27.5	12.1	28.6	31.9	22	11	33	13.2	15.4	19.8	31.9	28.6	28.6	14.3	25.3	14.3	11	26.4	23.1	20.9	
24.2	13.2	14.3	20.9	13.2	31.9	24.2	20.9	12.1	12.1	12.1	14.3	26.4	13.2	16.5	18.7	18.7	29.7	33	31.9	16.5	14.3	13.2	33	17.6	15.4	30.8	20.9	14.3	25.3	
20	16	18	15	17	20	10	18	16	12	10	12	17	11	16	12	20	14	10	19	10	14	19	12	10	17	10	13	10	10	20	12	11	15	18	15	11	12	12	19	16	13	15	17	10	13	15	10	12	17	11	15	12	15	16	20	13	10	16	20	13	14	14	11	16	10	19	15	17	19	10	15	17	10	10	10	20	10	14	13	15	11	10	19	10	15	14	15	15	17	18	11	12	18	16	17	13	12	12	13	12	11	13	13	17	19	15	15	14	14	12	18	13	15	16	16	16	13	17	12	18	20	18	10	18	12	12	16	17	14	11	10	16	17	10	10	14	15	14	11	16	20	18	20	11	16	18	11	10	11	17	20	14	20	14	19	16	19	20	13	16	19	16	12	17	19	18	19	13	11	20	12	16	10	20	18	16	14	20	12	11	12	14	18	19	20	14	13	16	16	18	14	20	14	18	16	19	13	20	11	12	15	19	11	15	14	11	13	20	16	16	17	13	16	15	15	12	14	10	14	11	11	14	14	13	12	15	14	10	12	20	18	15	20	18	11	10	10	12	10	14	10	11	11	11	10	14	10	12	17	10	14	11	12	20	10	12	11	17	12	18	12	13	10	13	12	18	15	16	10	14	16	15	20	14	13	10	12	10	13	17	12	19	13	20	20	13	15	15	16	13	15	14	10	19	19	19	12	18	11	20	14	13	19	20	19	18	19	11	19	11	18	14	13	14	15	18	16	11	19	18	12	15	14	16	14	11	18	16	18	16	15	11	15	12	16	15	16	14	20	10	15	16	10	19	19	10	17	16	12	12	15	11	18	20	15	11	16	11	20	19	15	20	10	15	14	19	11	15	12	11	20	12	19	12	13	15	19	14	19	18	17	14	12	19	12	20	18	15	12	19	11	16	11	19	10	20	14	16	11	17	13	10	10	17	19	18	14	11	15	18	19	14	15	12	12	20	13	18	17	17	10	13	11	10	16	13	17	12	20	13	15	13	11	16	13	20	10	16	10	18	10	14	11	18	18	18	15	13	10	11	19	20	12	15	11	14	19	19	19	20	20	12	19	13	15	19	18	14	12	16	10	13	13	20	16	20	11	13	10	20	18	14	17	12	10	19	17	10	16	15	20	10	10	17	19	17	12	10	20	19	16	19	18	16	14	10	11	13	13	20	12	11	15	19	13	19	10	19	13	16	16	11	13	14	16	11	15	15	20	20	20	15	18	10	11	20	20	14	11	14	15	16	12	16	13	12	12	16	14	15	14	18	10	17	19	12	10	12	10	19	17	11	12	13	11	11	15	16	15	20	12	11	15	10	17	17	12	11	15	10	15	20	10	18	13	20	10	18	13	10	13	18	16	14	16	19	12	17	16	15	13	16	19	15	18	12	13	12	18	19	18	17	11	13	19	18	10	17	12	16	10	10	10	18	14	18	14	20	17	17	10	15	13	11	12	14	15	18	12	12	10	19	20	13	16	14	12	10	13	19	11	10	20	16	13	19	11	18	17	17	10	11	20	19	16	14	17	13	15	19	17	13	10	11	16	10	10	19	12	18	16	15	15	11	13	12	19	19	20	16	10	13	17	14	20	13	13	17	10	20	13	19	16	15	10	12	15	12	17	10	10	18	12	11	14	16	18	13	20	13	18	16	11	15	16	12	19	10	16	12	10	14	19	13	14	11	17	16	18	11	16	13	15	14	11	15	13	14	13	14	19	12	17	20	13	10	12	18	19	13	10	12	14	10	11	18	16	20	12	15	11	15	10	19	19	19	19	10	19	11	11	19	11	11	20	13	13	20	15	12	20	15	14	10	13	11	15	19	10	18	20	17	20	10	20	10	16	14	18	17	15	19	17	14	20	12	14	13	11	15	10	19	20	15	14	16	13	19	16	13	10	15	16	19	14	19	15	18	17	19	15	16	14	15	15	16	10	11	15	13	12	18	14	15	15	19	11	18	17	14	16	12	10	19	11	15	16	18	18	11	17	11	16	10	15	12	11	14	18	15	12	18	10	17	13	13	10	16	18	13	11	11	13	18	10	20	19	19	13	19	10	10	17	19	20	12	20	12	11	17	13	11	10	16	11	19	16	16	16	14	12	10	13	10	11	18	15	18	13	13	18	14	19	12	19	16	13	16	11	12	15	16	14	13	10	18	16	10	16	11	18	20	13	14	16	16	20	18	16	15	10	12	20	14	18	15	17	14	18	10	16	14	16	15	11	15	18	18	16	13	19	17	12	18	17	19	11	19	17	17	15	10	10	11	16	16	14	16	20	
1	1	1	1	1	1	1	1	1	1	1	1	1	1	1	1	1	1	1	1	1	1	1	1	1	1	1	1	1	1	1	1	1	1	1	1	1	1	1	1	1	2	2	2	2	2	2	2	2	2	2	2	2	2	2	2	2	2	2	2	2	2	2	2	2	2	2	2	2	3	3	3	3	3	3	3	3	3	3	3	3	3	3	3	3	3	3	3	3	3	3	3	3	3	3	3	3	3	3	3	3	4	4	4	4	4	4	4	4	4	4	4	4	4	4	4	4	4	4	4	4	4	4	5	5	5	5	5	5	5	5	5	5	5	5	5	5	5	5	5	5	5	5	5	5	5	5	5	5	5	5	5	5	5	5	5	5	5	6	6	6	6	6	6	6	6	6	6	6	6	6	6	6	6	6	6	6	6	6	6	6	6	6	6	6	6	6	6	6	6	6	6	6	6	6	6	6	6	6	6	6	6	7	7	7	7	7	7	7	7	7	7	7	7	7	7	7	7	7	7	7	7	7	7	7	7	7	7	7	7	7	7	7	7	7	7	7	7	7	7	8	8	8	8	8	8	8	8	8	8	8	8	8	8	8	8	8	8	8	8	8	8	8	8	8	8	8	8	8	8	8	8	8	9	9	9	9	9	9	9	9	9	9	9	9	9	9	9	9	9	9	9	9	9	9	9	9	9	9	9	9	9	10	10	10	10	10	10	10	10	10	10	10	10	10	10	10	10	10	10	10	10	10	10	10	10	10	10	10	10	10	11	11	11	11	11	11	11	11	11	11	11	11	11	11	11	11	11	11	11	11	11	11	11	11	11	11	11	11	11	11	11	11	11	11	12	12	12	12	12	12	12	12	12	12	12	12	12	12	12	12	12	12	12	12	12	12	12	12	12	12	12	12	12	12	12	13	13	13	13	13	13	13	13	13	13	13	13	13	13	13	13	13	13	13	13	13	13	13	13	13	13	13	13	13	13	13	13	13	13	14	14	14	14	14	14	14	14	14	14	14	14	14	14	14	14	14	14	14	14	14	14	14	14	14	14	14	14	14	14	14	14	14	14	14	14	14	15	15	15	15	15	15	15	15	15	15	15	15	15	15	15	15	15	15	15	15	15	15	15	15	15	15	15	15	15	15	15	15	15	15	16	16	16	16	16	16	16	16	16	16	16	16	16	16	16	16	16	16	16	16	16	16	16	16	16	16	16	16	16	16	16	16	17	17	17	17	17	17	17	17	17	17	17	17	17	17	17	17	17	17	17	17	17	17	17	17	17	17	17	17	17	17	17	17	17	17	17	18	18	18	18	18	18	18	18	18	18	18	18	18	18	18	18	18	18	18	18	18	18	18	18	18	18	18	18	18	18	18	18	18	18	18	18	18	19	19	19	19	19	19	19	19	19	19	19	19	19	19	19	19	19	19	19	19	19	19	19	19	19	19	19	19	19	19	19	19	19	19	19	19	19	19	19	19	19	19	20	20	20	20	20	20	20	20	20	20	20	20	20	20	20	20	20	20	20	20	20	20	20	20	20	20	20	20	20	20	20	20	20	20	20	20	21	21	21	21	21	21	21	21	21	21	21	21	21	21	21	21	21	21	21	21	21	21	21	21	21	21	21	21	21	21	21	21	21	21	21	22	22	22	22	22	22	22	22	22	22	22	22	22	22	22	22	22	22	22	22	22	22	22	22	22	22	22	22	22	22	23	23	23	23	23	23	23	23	23	23	23	23	23	23	23	23	23	23	23	23	23	23	23	23	23	23	23	23	23	23	23	23	23	23	24	24	24	24	24	24	24	24	24	24	24	24	24	24	24	24	24	24	24	24	24	24	24	24	24	24	24	24	24	24	24	24	24	25	25	25	25	25	25	25	25	25	25	25	25	25	25	25	25	25	25	25	25	25	25	25	25	25	25	25	25	25	25	25	25	25	25	25	25	26	26	26	26	26	26	26	26	26	26	26	26	26	26	26	26	26	26	26	26	26	26	26	26	26	26	26	26	26	26	26	26	26	26	26	26	26	27	27	27	27	27	27	27	27	27	27	27	27	27	27	27	27	27	27	27	27	27	27	27	27	27	27	27	28	28	28	28	28	28	28	28	28	28	28	28	28	28	28	28	28	28	28	28	28	28	28	28	28	28	28	28	28	28	28	29	29	29	29	29	29	29	29	29	29	29	29	29	29	29	29	29	29	29	29	29	29	29	29	29	29	29	29	30	30	30	30	30	30	30	30	30	30	30	30	30	30	30	30	30	30	30	30	30	30	30	30	30	30	
