1000
15	4
1475	18.7
31	29	29	31	27	27	30	29	29	27	28	26	28	30	31	31	31	28	27	28	30	27	30	27	31	29	28	29	31	30	31	26	28	29	31	26	29	30	29	26	27	28	29	30	28	28	29	27	30	27	30	30	26	30	31	26	26	28	30	30	28	30	28	31	27	29	31	30	29	31	30	29	26	31	30	26	29	27	30	29	29	27	27	31	31	28	26	29	31	29	31	31	26	31	31	29	31	28	30	30	31	30	26	28	29	27	28	29	31	30	26	30	26	31	28	26	27	30	30	30	27	28	26	26	30	26	29	30	28	31	31	28	30	26	26	28	27	28	29	28	29	31	29	27	29	26	30	26	28	29	30	28	27	30	27	26	29	27	27	31	30	28	29	29	30	31	27	27	31	29	28	31	28	27	26	27	27	29	29	28	28	26	27	26	31	27	31	27	27	29	31	26	29	31	29	27	31	29	29	30	31	31	27	28	30	27	29	28	26	28	31	29	29	26	26	30	29	28	26	31	28	26	28	28	31	26	30	29	28	28	30	30	31	27	26	28	26	27	31	26	30	27	30	30	27	28	28	26	29	28	27	29	29	29	30	26	29	28	30	29	26	26	28	29	28	29	28	26	28	27	30	30	28	29	27	31	28	29	30	28	31	31	26	29	28	28	27	29	28	31	26	30	26	29	26	27	27	30	30	31	26	29	26	27	30	26	27	27	29	27	30	31	28	31	31	27	31	30	30	31	27	27	26	28	29	27	28	31	28	27	30	27	29	29	30	27	27	30	28	27	29	28	31	27	31	30	29	27	30	28	31	31	30	29	31	31	30	30	31	31	30	29	29	28	28	26	26	31	26	30	26	27	28	28	28	30	28	26	30	31	29	26	26	27	30	26	27	30	28	30	29	28	29	29	27	26	27	31	31	31	29	29	31	29	28	27	26	27	26	29	27	30	30	28	26	27	27	28	29	27	27	29	31	27	26	26	27	30	29	31	26	30	27	30	29	30	28	28	31	30	26	31	26	29	27	27	31	31	26	31	29	26	29	29	31	26	29	30	27	27	30	30	31	30	26	27	29	28	29	27	29	30	30	31	31	31	26	30	27	27	31	28	28	27	29	29	29	30	26	29	29	30	27	31	31	31	27	30	29	31	31	26	30	29	27	28	29	28	26	31	26	30	29	30	31	30	30	30	29	27	26	26	26	27	27	31	31	27	29	31	27	30	31	26	30	27	28	29	27	26	28	28	27	27	27	28	30	28	28	26	27	31	26	31	31	26	28	31	27	31	29	29	30	28	30	26	28	31	26	29	28	28	28	29	30	31	28	28	26	27	28	31	31	26	26	30	31	31	30	28	27	28	31	27	30	29	28	26	30	31	31	26	27	27	28	30	26	27	29	28	28	28	31	31	29	26	30	26	27	26	31	26	29	28	27	27	30	27	31	30	31	29	30	30	28	31	31	28	27	27	31	27	31	26	26	27	29	27	30	31	31	31	30	31	30	28	26	29	27	27	27	26	30	30	30	28	29	26	31	28	30	30	27	28	31	30	26	30	27	26	29	31	28	29	27	26	29	28	28	26	27	29	27	31	26	29	30	26	31	29	27	28	26	26	29	26	29	29	26	31	26	28	31	26	26	31	27	29	29	27	27	27	28	26	29	27	31	26	27	29	29	27	28	27	28	28	31	28	30	30	29	28	28	26	29	26	27	28	27	30	28	26	29	28	30	28	28	26	28	31	30	29	29	28	26	26	27	31	30	30	26	31	28	29	26	26	27	27	29	28	28	27	28	30	30	27	31	27	28	27	29	30	26	26	27	30	26	31	30	29	29	26	28	31	27	30	26	27	27	27	28	28	28	27	30	31	27	27	28	29	27	26	30	26	29	30	28	27	29	26	29	27	30	26	29	29	29	31	27	28	30	27	27	30	30	28	26	31	29	31	28	31	26	28	27	31	29	26	28	27	29	27	30	26	29	27	27	28	28	30	30	29	31	26	29	29	26	29	31	31	30	30	31	29	29	26	28	26	30	26	31	31	29	30	27	27	30	29	26	26	30	30	31	26	26	29	26	27	31	28	31	27	26	26	30	27	29	27	27	28	26	29	30	31	29	28	30	26	27	31	26	27	30	29	30	28	27	27	30	31	31	29	31	31	31	28	30	28	28	29	27	29	26	26	30	31	30	26	29	28	28	28	29	26	31	27	26	26	29	28	31	31	27	27	28	26	31	27	26	28	28	27	31	29	30	26	26	30	30	26	30	26	29	30	30	26	28	31	30	27	
82	78	93	90	80	84	77	76	89	89	93	76	87	91	90	84	94	91	76	81	77	77	81	83	85	91	86	86	85	84	77	88	82	77	78	77	88	93	80	84	91	84	93	85	76	83	88	78	78	92	83	82	82	87	81	86	79	90	76	92	93	77	84	90	86	89	80	78	78	90	78	79	80	90	84	76	81	92	93	92	76	92	93	88	78	89	79	80	92	81	87	91	80	88	89	93	89	79	77	92	91	88	78	82	78	82	83	79	85	87	84	76	91	91	87	76	77	84	79	89	92	86	84	82	83	93	94	88	76	92	87	92	93	78	85	90	92	88	86	91	86	79	86	80	76	91	76	87	88	82	88	93	79	76	85	86	92	80	89	81	82	93	88	87	82	88	82	85	92	88	92	93	91	92	93	94	81	91	94	90	81	81	81	77	80	84	83	80	89	89	78	82	86	77	82	77	82	83	90	79	93	83	86	79	82	87	90	80	90	87	83	93	82	91	90	94	76	87	82	91	90	89	82	82	77	78	93	85	89	91	88	82	92	77	77	83	84	80	87	83	91	80	82	83	79	78	91	81	89	89	89	80	86	88	79	79	79	92	92	90	86	93	80	84	78	80	93	88	85	77	91	82	90	76	90	90	81	83	76	84	82	93	93	84	86	78	93	91	87	85	83	78	77	91	81	94	94	91	80	87	84	86	87	81	90	85	78	76	87	83	80	82	88	76	77	92	91	79	83	80	80	82	77	76	84	86	83	87	81	90	94	77	83	85	81	88	90	92	85	93	77	83	93	86	86	90	79	80	92	80	85	93	81	86	90	76	81	82	82	88	85	81	87	82	85	82	84	89	76	76	88	93	93	83	79	80	81	91	91	84	86	85	88	80	82	89	82	93	78	81	91	81	87	81	91	89	79	82	92	82	78	84	92	84	84	85	90	79	93	89	89	76	77	94	83	77	85	78	85	85	79	82	86	82	84	93	77	77	87	76	77	84	76	90	87	87	91	94	76	86	82	76	79	81	93	84	79	91	94	92	91	93	92	92	76	78	85	93	90	90	93	81	87	77	76	80	81	91	91	85	84	85	78	86	77	80	79	77	92	82	94	84	93	81	86	93	84	81	94	82	85	76	83	83	92	81	88	79	93	83	76	80	85	92	89	83	89	79	92	77	85	88	77	81	77	81	81	83	77	79	86	88	94	85	80	84	91	90	93	87	76	82	87	78	87	92	82	81	82	92	88	77	88	83	89	83	79	78	76	93	85	90	89	81	78	80	88	76	79	94	92	93	83	92	80	85	92	85	79	84	82	80	80	87	91	88	94	78	92	86	93	76	81	87	78	76	77	83	91	92	80	78	77	91	87	87	80	92	91	82	86	93	94	92	79	84	78	82	94	81	91	78	88	76	77	81	91	89	76	91	78	77	76	84	76	83	93	92	94	84	85	82	77	93	92	87	93	85	88	89	92	76	89	90	88	88	78	77	89	85	76	78	76	85	90	93	76	76	82	76	86	78	88	83	86	76	87	76	79	88	81	76	85	87	84	76	79	88	80	89	92	76	94	81	91	93	90	82	81	80	86	77	76	86	85	87	80	86	78	86	90	94	80	79	81	84	78	79	90	92	81	84	79	80	80	83	94	89	91	81	88	76	88	87	77	76	79	76	82	85	76	87	81	81	91	81	92	91	86	94	93	91	93	76	80	91	92	91	80	84	89	82	92	79	92	77	92	94	83	83	77	84	79	85	83	83	81	90	84	89	88	79	77	88	83	94	89	89	85	94	88	88	92	79	91	78	92	77	80	81	83	79	76	93	77	77	80	87	86	87	78	87	92	82	83	81	77	86	91	91	86	80	87	76	88	80	86	89	91	77	80	77	89	90	82	93	80	81	80	90	80	92	78	82	76	81	82	94	90	87	92	76	93	79	92	92	78	82	82	76	89	83	78	83	94	85	76	79	94	89	79	85	89	78	86	83	89	84	78	82	94	88	88	80	90	87	94	83	86	92	91	79	77	77	87	81	80	88	80	88	90	84	92	91	87	89	94	82	91	84	86	85	92	86	92	80	84	76	88	81	90	80	77	88	83	82	94	92	76	93	80	83	90	79	91	78	77	89	91	82	84	84	93	78	88	91	89	79	87	79	83	89	86	86	91	91	88	81	86	78	84	87	91	88	85	83	87	82	83	88	85	92	80	92	84	81	80	85	84	88	92	79	91	84	86	92	88	86	94	81	89	91	87	77	78	81	90	93	91	86	87	83	84	81	78	79	87	86	77	92	
16.5	13.2	18.7	19.8	13.2	14.3	17.6	30.8	12.1	24.2	27.5	22	29.7	13.2	19.8	12.1	11	15.4	22	16.5	14.3	24.2	24.2	16.5	28.6	22	13.2	24.2	30.8	15.4	12.1	20.9	11	29.7	28.6	24.2	28.6	29.7	24.2	13.2	33	11	11	19.8	18.7	14.3	15.4	15.4	30.8	14.3	14.3	29.7	15.4	26.4	28.6	14.3	22	28.6	14.3	28.6	24.2	19.8	24.2	30.8	25.3	12.1	33	28.6	17.6	33	12.1	31.9	27.5	18.7	29.7	33	31.9	18.7	23.1	14.3	17.6	29.7	28.6	12.1	24.2	14.3	15.4	13.2	13.2	18.7	27.5	16.5	11	33	20.9	24.2	23.1	28.6	24.2	22	11	26.4	30.8	18.7	27.5	26.4	13.2	17.6	27.5	11	12.1	19.8	15.4	28.6	19.8	20.9	18.7	31.9	30.8	25.3	31.9	14.3	30.8	23.1	15.4	24.2	13.2	28.6	16.5	17.6	18.7	23.1	13.2	18.7	18.7	30.8	19.8	14.3	28.6	19.8	24.2	25.3	24.2	12.1	18.7	19.8	16.5	16.5	13.2	24.2	31.9	27.5	15.4	29.7	26.4	20.9	11	29.7	15.4	19.8	19.8	14.3	16.5	28.6	13.2	33	27.5	12.1	31.9	31.9	22	19.8	18.7	30.8	26.4	15.4	15.4	30.8	24.2	12.1	31.9	20.9	13.2	13.2	17.6	29.7	28.6	31.9	17.6	15.4	15.4	19.8	33	30.8	14.3	19.8	27.5	16.5	14.3	22	11	33	31.9	31.9	12.1	29.7	26.4	16.5	31.9	28.6	22	15.4	24.2	22	15.4	12.1	25.3	19.8	15.4	23.1	33	13.2	27.5	17.6	22	24.2	29.7	20.9	15.4	23.1	27.5	27.5	23.1	26.4	31.9	11	24.2	28.6	24.2	29.7	24.2	27.5	13.2	22	15.4	17.6	18.7	15.4	31.9	27.5	18.7	19.8	31.9	15.4	24.2	12.1	14.3	24.2	27.5	24.2	24.2	24.2	28.6	33	18.7	33	28.6	12.1	29.7	20.9	28.6	24.2	14.3	26.4	22	26.4	25.3	11	27.5	16.5	18.7	33	19.8	19.8	22	20.9	33	33	15.4	12.1	30.8	26.4	31.9	25.3	16.5	16.5	27.5	23.1	19.8	19.8	28.6	30.8	28.6	17.6	16.5	22	17.6	20.9	11	12.1	11	25.3	13.2	30.8	33	11	18.7	22	26.4	16.5	23.1	24.2	25.3	26.4	22	18.7	11	26.4	19.8	22	24.2	31.9	25.3	19.8	15.4	20.9	30.8	18.7	33	22	30.8	26.4	29.7	22	27.5	31.9	13.2	12.1	23.1	12.1	15.4	13.2	27.5	15.4	17.6	11	14.3	30.8	31.9	17.6	18.7	16.5	17.6	33	13.2	17.6	15.4	26.4	16.5	19.8	33	19.8	22	28.6	29.7	23.1	30.8	20.9	11	20.9	12.1	33	33	22	22	26.4	28.6	14.3	13.2	31.9	23.1	27.5	27.5	18.7	23.1	25.3	16.5	29.7	14.3	29.7	24.2	23.1	16.5	23.1	20.9	18.7	20.9	27.5	14.3	29.7	26.4	24.2	20.9	25.3	29.7	22	18.7	27.5	22	27.5	28.6	16.5	23.1	25.3	17.6	28.6	22	22	24.2	15.4	12.1	27.5	16.5	20.9	33	30.8	31.9	18.7	24.2	25.3	22	12.1	16.5	30.8	13.2	14.3	29.7	17.6	22	12.1	11	25.3	26.4	22	27.5	19.8	25.3	14.3	30.8	22	23.1	33	18.7	28.6	15.4	31.9	29.7	15.4	14.3	13.2	20.9	28.6	22	22	13.2	25.3	16.5	24.2	16.5	18.7	33	28.6	18.7	12.1	20.9	22	22	33	16.5	11	16.5	15.4	15.4	15.4	31.9	16.5	19.8	11	27.5	28.6	18.7	33	15.4	26.4	19.8	19.8	24.2	28.6	12.1	26.4	14.3	18.7	27.5	16.5	26.4	28.6	28.6	23.1	25.3	30.8	20.9	16.5	22	17.6	20.9	11	17.6	13.2	25.3	20.9	26.4	27.5	11	20.9	18.7	22	15.4	31.9	27.5	25.3	15.4	14.3	28.6	28.6	26.4	17.6	28.6	30.8	33	22	23.1	11	23.1	27.5	14.3	19.8	33	30.8	20.9	28.6	25.3	12.1	33	31.9	28.6	30.8	29.7	27.5	16.5	31.9	31.9	18.7	26.4	29.7	23.1	12.1	33	22	12.1	27.5	25.3	14.3	26.4	13.2	31.9	30.8	12.1	33	19.8	24.2	24.2	33	22	11	33	13.2	18.7	13.2	18.7	30.8	33	23.1	14.3	11	33	15.4	31.9	16.5	28.6	16.5	22	26.4	33	30.8	27.5	33	17.6	27.5	14.3	19.8	15.4	23.1	29.7	19.8	12.1	26.4	18.7	13.2	13.2	25.3	31.9	17.6	31.9	31.9	17.6	27.5	23.1	30.8	24.2	33	18.7	20.9	22	18.7	27.5	16.5	31.9	20.9	28.6	28.6	31.9	13.2	25.3	28.6	33	24.2	33	12.1	19.8	25.3	16.5	29.7	33	30.8	26.4	28.6	16.5	29.7	12.1	22	19.8	14.3	13.2	17.6	20.9	15.4	22	31.9	22	27.5	17.6	26.4	25.3	28.6	22	29.7	14.3	22	25.3	16.5	22	15.4	11	19.8	27.5	18.7	20.9	20.9	31.9	16.5	26.4	23.1	14.3	31.9	33	26.4	18.7	25.3	23.1	25.3	28.6	27.5	20.9	26.4	27.5	30.8	14.3	31.9	23.1	17.6	13.2	30.8	28.6	27.5	33	25.3	20.9	16.5	15.4	29.7	15.4	17.6	30.8	17.6	27.5	12.1	20.9	23.1	18.7	19.8	24.2	24.2	22	31.9	30.8	11	26.4	22	12.1	12.1	24.2	23.1	11	15.4	11	33	31.9	28.6	28.6	25.3	16.5	22	28.6	31.9	18.7	30.8	23.1	18.7	25.3	29.7	27.5	19.8	12.1	23.1	18.7	27.5	30.8	18.7	14.3	18.7	14.3	24.2	13.2	27.5	22	24.2	13.2	16.5	20.9	15.4	15.4	29.7	20.9	22	11	18.7	18.7	17.6	33	29.7	26.4	17.6	11	20.9	17.6	29.7	20.9	33	14.3	33	13.2	15.4	29.7	25.3	19.8	27.5	33	30.8	16.5	16.5	20.9	17.6	29.7	12.1	26.4	20.9	16.5	23.1	19.8	17.6	33	11	19.8	28.6	12.1	23.1	14.3	13.2	13.2	30.8	27.5	16.5	18.7	18.7	29.7	28.6	17.6	13.2	33	30.8	29.7	14.3	31.9	13.2	22	28.6	19.8	26.4	19.8	12.1	26.4	20.9	16.5	17.6	14.3	24.2	27.5	11	13.2	20.9	18.7	29.7	13.2	25.3	11	29.7	19.8	22	33	16.5	28.6	14.3	29.7	31.9	30.8	16.5	22	29.7	30.8	25.3	27.5	11	31.9	17.6	16.5	14.3	33	31.9	12.1	27.5	25.3	14.3	15.4	24.2	22	15.4	28.6	11	16.5	26.4	27.5	20.9	26.4	27.5	30.8	16.5	15.4	25.3	28.6	29.7	12.1	24.2	17.6	16.5	14.3	23.1	33	23.1	22	22	16.5	33	19.8	23.1	17.6	18.7	15.4	16.5	15.4	19.8	30.8	13.2	16.5	18.7	17.6	24.2	25.3	15.4	33	16.5	23.1	15.4	22	33	11	11	30.8	26.4	25.3	17.6	26.4	33	11	13.2	24.2	14.3	11	29.7	11	23.1	30.8	28.6	23.1	28.6	14.3	23.1	11	30.8	29.7	18.7	29.7	11	11	14.3	16.5	11	33	26.4	23.1	16.5	12.1	25.3	15.4	18.7	18.7	14.3	29.7	13.2	17.6	16.5	
27.5	12.1	33	22	27.5	24.2	19.8	15.4	12.1	15.4	31.9	29.7	23.1	14.3	22	30.8	30.8	26.4	13.2	20.9	22	31.9	13.2	31.9	15.4	28.6	23.1	26.4	27.5	27.5	11	23.1	30.8	23.1	24.2	19.8	29.7	17.6	12.1	23.1	23.1	27.5	11	28.6	23.1	25.3	25.3	14.3	30.8	27.5	22	26.4	24.2	23.1	20.9	16.5	23.1	18.7	29.7	33	14.3	33	19.8	30.8	31.9	22	11	27.5	16.5	33	16.5	18.7	19.8	17.6	14.3	15.4	30.8	24.2	24.2	13.2	15.4	27.5	18.7	17.6	16.5	31.9	29.7	12.1	17.6	26.4	31.9	18.7	16.5	20.9	28.6	26.4	19.8	28.6	23.1	14.3	12.1	30.8	20.9	14.3	27.5	13.2	26.4	27.5	30.8	18.7	13.2	13.2	17.6	11	25.3	15.4	31.9	14.3	15.4	23.1	29.7	15.4	28.6	23.1	30.8	26.4	33	14.3	27.5	26.4	30.8	17.6	14.3	33	29.7	14.3	27.5	15.4	22	16.5	23.1	22	19.8	22	22	27.5	12.1	13.2	22	24.2	11	19.8	18.7	14.3	26.4	24.2	29.7	22	14.3	23.1	11	13.2	13.2	22	15.4	29.7	17.6	31.9	20.9	11	16.5	23.1	28.6	26.4	27.5	26.4	27.5	20.9	24.2	18.7	24.2	13.2	31.9	30.8	18.7	27.5	29.7	14.3	27.5	18.7	31.9	18.7	13.2	17.6	25.3	26.4	30.8	20.9	11	20.9	20.9	26.4	31.9	33	14.3	11	26.4	24.2	30.8	28.6	17.6	24.2	26.4	20.9	30.8	20.9	33	19.8	24.2	27.5	28.6	23.1	17.6	12.1	30.8	33	25.3	33	17.6	20.9	20.9	31.9	24.2	28.6	16.5	11	20.9	19.8	23.1	18.7	19.8	30.8	17.6	24.2	20.9	16.5	30.8	20.9	30.8	12.1	16.5	27.5	22	22	27.5	14.3	30.8	22	28.6	23.1	33	17.6	18.7	26.4	12.1	17.6	30.8	14.3	25.3	29.7	27.5	28.6	33	26.4	11	11	25.3	33	26.4	20.9	20.9	26.4	15.4	12.1	33	23.1	29.7	19.8	27.5	30.8	15.4	27.5	14.3	11	19.8	33	28.6	27.5	22	26.4	30.8	14.3	33	26.4	17.6	16.5	30.8	11	24.2	19.8	26.4	31.9	30.8	25.3	23.1	11	27.5	25.3	13.2	14.3	29.7	28.6	16.5	15.4	26.4	27.5	16.5	17.6	30.8	24.2	22	11	26.4	28.6	29.7	11	31.9	26.4	31.9	25.3	14.3	15.4	19.8	19.8	33	33	28.6	15.4	24.2	22	12.1	25.3	15.4	17.6	12.1	17.6	18.7	16.5	26.4	30.8	20.9	31.9	25.3	20.9	29.7	19.8	20.9	24.2	29.7	11	14.3	16.5	23.1	17.6	25.3	12.1	28.6	12.1	12.1	28.6	33	14.3	16.5	26.4	18.7	22	22	30.8	18.7	15.4	11	26.4	31.9	20.9	20.9	27.5	28.6	20.9	12.1	22	25.3	27.5	20.9	16.5	23.1	18.7	14.3	17.6	20.9	28.6	27.5	25.3	26.4	15.4	29.7	31.9	15.4	26.4	28.6	22	16.5	26.4	31.9	18.7	14.3	19.8	15.4	23.1	23.1	16.5	23.1	11	23.1	28.6	12.1	12.1	31.9	13.2	31.9	14.3	17.6	15.4	12.1	12.1	13.2	11	19.8	22	14.3	30.8	29.7	18.7	18.7	11	16.5	22	12.1	13.2	11	25.3	16.5	22	19.8	30.8	19.8	31.9	24.2	25.3	19.8	25.3	25.3	22	28.6	16.5	24.2	25.3	24.2	23.1	11	18.7	22	11	17.6	27.5	12.1	19.8	22	24.2	18.7	27.5	17.6	18.7	18.7	26.4	18.7	23.1	20.9	33	23.1	18.7	28.6	13.2	12.1	19.8	29.7	23.1	27.5	11	28.6	30.8	14.3	28.6	20.9	31.9	23.1	16.5	12.1	28.6	29.7	16.5	16.5	28.6	20.9	19.8	29.7	23.1	20.9	33	12.1	27.5	30.8	13.2	26.4	19.8	33	17.6	33	26.4	18.7	28.6	24.2	29.7	15.4	30.8	27.5	26.4	22	31.9	23.1	17.6	23.1	23.1	12.1	33	23.1	12.1	24.2	11	17.6	24.2	26.4	19.8	16.5	12.1	26.4	15.4	28.6	17.6	30.8	17.6	29.7	15.4	25.3	11	31.9	27.5	15.4	28.6	20.9	15.4	31.9	31.9	14.3	25.3	13.2	24.2	19.8	11	17.6	12.1	16.5	11	13.2	22	14.3	23.1	31.9	26.4	14.3	33	19.8	17.6	11	13.2	17.6	11	20.9	20.9	20.9	14.3	13.2	28.6	22	29.7	31.9	14.3	19.8	11	15.4	18.7	26.4	12.1	13.2	12.1	20.9	17.6	26.4	20.9	31.9	22	27.5	25.3	28.6	25.3	29.7	24.2	25.3	13.2	29.7	27.5	24.2	30.8	16.5	20.9	29.7	16.5	18.7	11	25.3	16.5	18.7	23.1	24.2	16.5	23.1	20.9	25.3	20.9	17.6	26.4	25.3	29.7	30.8	18.7	15.4	12.1	19.8	13.2	23.1	23.1	13.2	31.9	11	31.9	15.4	16.5	18.7	11	27.5	15.4	30.8	12.1	14.3	28.6	27.5	28.6	28.6	26.4	26.4	17.6	12.1	26.4	20.9	28.6	18.7	13.2	22	18.7	14.3	26.4	28.6	14.3	11	27.5	16.5	18.7	15.4	30.8	19.8	25.3	29.7	31.9	29.7	31.9	18.7	29.7	28.6	27.5	16.5	18.7	19.8	15.4	26.4	18.7	17.6	22	24.2	29.7	13.2	30.8	23.1	11	25.3	15.4	30.8	16.5	25.3	30.8	27.5	11	24.2	20.9	24.2	12.1	18.7	30.8	29.7	18.7	22	33	17.6	31.9	16.5	33	16.5	20.9	29.7	12.1	14.3	28.6	20.9	17.6	22	27.5	14.3	23.1	14.3	16.5	26.4	29.7	15.4	19.8	19.8	12.1	16.5	23.1	33	20.9	12.1	17.6	16.5	18.7	19.8	23.1	18.7	30.8	20.9	24.2	11	16.5	22	33	26.4	18.7	33	31.9	18.7	13.2	30.8	18.7	20.9	14.3	11	15.4	30.8	25.3	29.7	29.7	22	19.8	12.1	27.5	15.4	23.1	28.6	17.6	13.2	29.7	25.3	20.9	24.2	19.8	23.1	22	19.8	11	26.4	12.1	28.6	28.6	22	29.7	29.7	23.1	23.1	15.4	23.1	19.8	22	19.8	19.8	19.8	19.8	17.6	15.4	22	13.2	29.7	33	27.5	16.5	17.6	20.9	20.9	28.6	28.6	16.5	17.6	30.8	12.1	23.1	33	18.7	19.8	26.4	16.5	29.7	25.3	19.8	28.6	29.7	16.5	11	23.1	29.7	16.5	13.2	33	20.9	25.3	23.1	11	11	29.7	23.1	20.9	16.5	26.4	18.7	30.8	31.9	20.9	14.3	24.2	19.8	30.8	31.9	13.2	20.9	11	26.4	11	24.2	31.9	31.9	30.8	16.5	20.9	23.1	18.7	18.7	25.3	22	13.2	28.6	31.9	20.9	13.2	25.3	20.9	13.2	19.8	19.8	13.2	18.7	27.5	15.4	22	11	17.6	33	12.1	30.8	22	13.2	17.6	12.1	11	24.2	29.7	30.8	29.7	24.2	20.9	19.8	19.8	31.9	19.8	13.2	20.9	28.6	11	13.2	16.5	17.6	28.6	11	22	12.1	15.4	18.7	14.3	26.4	31.9	29.7	15.4	30.8	13.2	28.6	22	22	25.3	27.5	13.2	28.6	29.7	28.6	13.2	12.1	23.1	25.3	29.7	25.3	28.6	19.8	27.5	15.4	23.1	24.2	23.1	22	20.9	15.4	11	15.4	15.4	25.3	18.7	28.6	17.6	
17.6	23.1	16.5	11	15.4	29.7	17.6	15.4	31.9	27.5	29.7	25.3	29.7	29.7	20.9	
17	15	19	17	19	19	14	13	10	12	11	10	17	17	13	13	19	20	16	10	17	15	11	19	11	15	12	13	20	10	16	11	10	15	10	11	10	12	14	13	19	19	15	16	17	15	16	19	12	15	12	19	12	11	16	17	17	20	16	14	19	11	14	17	14	15	14	11	10	13	10	11	20	14	19	17	17	13	11	19	11	19	12	17	10	10	12	10	18	15	20	12	11	14	11	16	20	10	19	12	13	19	12	17	18	14	13	12	18	19	12	17	12	19	15	13	15	15	20	15	17	14	10	11	18	15	13	19	17	19	13	12	16	11	10	15	12	11	11	20	19	15	14	15	13	15	12	14	18	13	20	11	14	20	11	15	10	14	10	18	14	18	15	13	12	16	15	11	13	14	13	13	11	19	12	16	10	10	20	10	19	20	10	17	15	15	16	17	18	12	10	14	18	18	18	11	10	11	12	18	16	10	14	19	10	19	16	15	18	15	17	10	19	13	10	17	17	18	10	15	11	17	16	19	20	10	14	11	14	14	18	11	13	14	16	12	14	19	12	11	16	10	12	17	10	15	12	14	11	15	17	18	19	10	19	17	18	18	11	11	14	12	17	13	20	17	11	20	10	16	15	10	18	14	17	16	15	11	17	19	12	13	11	13	11	16	18	19	15	18	18	20	15	19	11	17	15	11	19	18	13	16	16	18	12	18	15	11	17	20	10	15	17	20	14	14	14	19	11	19	18	17	11	16	15	10	13	20	10	10	19	17	20	17	13	11	17	10	19	20	14	18	18	11	15	10	10	11	18	10	16	14	10	20	13	15	17	13	13	15	20	16	19	14	14	18	15	14	13	19	11	17	12	16	10	19	14	11	13	12	16	12	14	16	18	12	13	18	15	11	16	20	12	11	20	10	10	14	19	11	20	16	20	12	19	10	16	20	18	11	13	15	20	13	18	17	17	13	16	16	14	20	20	11	10	18	12	10	13	18	16	13	19	15	19	17	19	18	15	11	16	19	17	17	20	15	11	20	11	13	14	18	12	10	15	19	12	11	11	16	20	15	12	20	19	11	12	17	11	20	15	20	19	12	17	18	17	12	12	13	19	18	17	20	14	10	15	20	13	18	20	17	16	15	13	18	20	10	15	12	19	13	19	12	14	11	20	14	11	14	15	18	16	20	16	15	12	18	18	20	17	18	20	10	20	11	10	17	14	16	20	16	15	10	17	20	11	18	11	16	13	19	12	13	12	20	11	11	18	19	10	20	11	16	15	14	13	12	18	19	20	12	17	16	12	10	15	17	18	13	19	15	16	10	18	19	17	12	13	19	19	12	16	15	15	16	13	10	14	12	14	10	15	20	17	10	10	12	15	13	14	17	17	20	16	16	13	14	20	20	13	11	17	20	14	10	20	11	11	18	16	10	16	13	19	18	17	17	19	15	12	13	16	20	18	11	16	10	16	19	10	15	11	10	19	13	11	19	13	18	15	19	11	19	20	19	20	15	10	18	11	16	19	20	13	20	10	19	11	10	10	12	10	10	16	10	20	18	18	13	15	17	17	18	20	12	13	18	20	10	11	15	17	12	12	11	13	20	11	13	14	11	10	19	20	13	20	12	11	13	18	13	15	10	12	16	11	12	12	20	15	17	10	18	20	18	17	16	19	17	10	17	18	18	19	16	17	11	20	13	16	20	18	18	17	19	16	16	13	11	11	17	11	20	19	11	11	16	18	13	15	19	16	11	15	20	15	16	16	10	20	16	20	20	17	13	20	19	11	17	10	10	15	20	12	14	19	12	18	15	11	10	20	12	17	14	10	19	16	17	11	10	12	11	16	14	11	15	13	17	20	10	19	11	15	15	16	18	10	13	15	19	17	11	20	11	20	16	20	11	16	12	12	12	11	16	18	18	10	11	19	18	19	18	11	18	15	18	13	18	17	14	20	13	17	15	11	19	15	17	10	14	17	10	18	14	19	10	12	15	13	17	12	16	18	19	19	11	15	16	13	17	11	11	17	17	18	10	17	20	19	14	14	13	17	14	13	16	14	19	11	11	17	13	17	19	18	17	11	11	12	10	19	10	15	19	12	20	14	11	16	19	10	19	18	17	16	15	19	19	15	19	18	19	13	15	16	11	15	16	14	14	16	14	12	12	16	19	15	13	18	16	18	10	17	13	14	17	19	11	12	13	18	12	19	13	18	16	13	15	13	19	13	12	14	20	15	20	20	19	18	10	14	17	17	10	10	13	12	13	20	16	15	12	15	19	17	18	18	14	
1	1	1	1	1	1	1	1	1	1	1	1	1	1	1	1	1	1	1	1	1	1	1	1	1	1	1	1	1	1	1	1	1	1	1	1	1	1	1	1	1	1	1	1	1	1	1	1	1	1	1	1	1	1	1	1	1	1	1	1	1	1	1	1	1	1	1	1	1	1	1	1	2	2	2	2	2	2	2	2	2	2	2	2	2	2	2	2	2	2	2	2	2	2	2	2	2	2	2	2	2	2	2	2	2	2	2	2	2	2	2	2	2	2	2	2	2	2	2	2	2	2	2	2	2	2	2	2	2	2	2	2	2	2	2	2	2	2	2	2	2	2	2	2	3	3	3	3	3	3	3	3	3	3	3	3	3	3	3	3	3	3	3	3	3	3	3	3	3	3	3	3	3	3	3	3	3	3	3	3	3	3	3	3	3	3	3	3	3	3	3	3	3	3	3	3	3	3	3	3	3	3	3	3	3	3	3	3	3	3	3	4	4	4	4	4	4	4	4	4	4	4	4	4	4	4	4	4	4	4	4	4	4	4	4	4	4	4	4	4	4	4	4	4	4	4	4	4	4	4	4	4	4	4	4	4	4	4	4	4	4	4	4	4	4	4	4	4	4	4	4	4	4	4	4	5	5	5	5	5	5	5	5	5	5	5	5	5	5	5	5	5	5	5	5	5	5	5	5	5	5	5	5	5	5	5	5	5	5	5	5	5	5	5	5	5	5	5	5	5	5	5	5	5	5	5	5	5	5	5	5	5	5	5	5	5	5	5	5	5	5	5	5	5	6	6	6	6	6	6	6	6	6	6	6	6	6	6	6	6	6	6	6	6	6	6	6	6	6	6	6	6	6	6	6	6	6	6	6	6	6	6	6	6	6	6	6	6	6	6	6	6	6	6	6	6	6	6	6	6	6	6	6	6	6	6	6	7	7	7	7	7	7	7	7	7	7	7	7	7	7	7	7	7	7	7	7	7	7	7	7	7	7	7	7	7	7	7	7	7	7	7	7	7	7	7	7	7	7	7	7	7	7	7	7	7	7	7	7	8	8	8	8	8	8	8	8	8	8	8	8	8	8	8	8	8	8	8	8	8	8	8	8	8	8	8	8	8	8	8	8	8	8	8	8	8	8	8	8	8	8	8	8	8	8	8	8	8	8	8	8	8	8	8	8	8	8	8	8	9	9	9	9	9	9	9	9	9	9	9	9	9	9	9	9	9	9	9	9	9	9	9	9	9	9	9	9	9	9	9	9	9	9	9	9	9	9	9	9	9	9	9	9	9	9	9	9	9	9	9	9	9	9	9	9	9	9	9	9	9	9	9	9	9	9	9	9	9	9	9	9	9	9	9	9	10	10	10	10	10	10	10	10	10	10	10	10	10	10	10	10	10	10	10	10	10	10	10	10	10	10	10	10	10	10	10	10	10	10	10	10	10	10	10	10	10	10	10	10	10	10	10	10	10	10	10	10	10	10	10	10	10	10	10	10	10	10	10	10	11	11	11	11	11	11	11	11	11	11	11	11	11	11	11	11	11	11	11	11	11	11	11	11	11	11	11	11	11	11	11	11	11	11	11	11	11	11	11	11	11	11	11	11	11	11	11	11	11	11	11	11	11	11	11	11	11	11	11	11	11	11	11	11	12	12	12	12	12	12	12	12	12	12	12	12	12	12	12	12	12	12	12	12	12	12	12	12	12	12	12	12	12	12	12	12	12	12	12	12	12	12	12	12	12	12	12	12	12	12	12	12	12	12	12	12	12	12	12	12	12	12	12	12	12	12	12	12	12	12	12	12	12	12	12	13	13	13	13	13	13	13	13	13	13	13	13	13	13	13	13	13	13	13	13	13	13	13	13	13	13	13	13	13	13	13	13	13	13	13	13	13	13	13	13	13	13	13	13	13	13	13	13	13	13	13	13	13	13	13	13	13	13	13	13	13	13	13	13	13	13	13	13	13	13	13	13	13	14	14	14	14	14	14	14	14	14	14	14	14	14	14	14	14	14	14	14	14	14	14	14	14	14	14	14	14	14	14	14	14	14	14	14	14	14	14	14	14	14	14	14	14	14	14	14	14	14	14	14	14	14	14	14	14	14	14	14	14	14	14	14	14	14	14	14	15	15	15	15	15	15	15	15	15	15	15	15	15	15	15	15	15	15	15	15	15	15	15	15	15	15	15	15	15	15	15	15	15	15	15	15	15	15	15	15	15	15	15	15	15	15	15	15	15	15	15	15	15	15	15	15	15	15	15	15	15	15	15	15	15	15	
