1000
30	2
588	12.1
31	30	26	30	28	29	28	29	30	30	27	27	29	27	30	27	30	26	29	30	27	31	30	30	29	26	28	31	27	27	26	26	27	26	27	26	31	29	31	26	27	30	31	31	28	31	28	30	31	30	28	29	29	27	26	30	31	28	30	26	26	29	31	30	30	29	28	30	28	27	27	29	28	26	30	26	26	27	26	29	28	27	29	30	31	31	31	27	27	27	27	26	28	31	30	27	27	31	28	29	29	31	27	27	27	30	29	27	27	30	31	26	26	29	26	27	29	26	26	26	31	28	27	30	29	29	31	30	27	31	29	27	28	28	26	28	27	28	28	29	27	31	28	28	30	29	30	29	28	26	31	30	28	28	28	28	30	26	30	26	26	31	28	29	30	29	27	27	27	28	29	28	26	31	31	28	30	27	28	29	30	27	30	31	26	27	28	31	30	30	27	27	29	29	27	26	27	28	31	29	26	27	30	27	30	30	29	28	30	29	31	26	26	26	28	27	29	30	31	30	29	27	31	31	26	29	30	28	29	30	27	26	29	31	30	28	28	27	27	29	26	27	31	27	26	29	30	28	26	27	30	26	31	26	30	26	31	31	26	29	27	29	31	30	31	28	28	28	31	31	27	31	26	26	27	27	26	29	26	29	29	29	29	28	31	29	26	30	31	31	31	29	31	29	27	26	31	26	29	27	30	28	28	26	29	27	29	27	30	30	29	31	27	29	26	29	28	29	29	26	28	29	28	28	28	29	29	29	26	27	30	26	30	31	29	30	27	31	28	30	26	27	28	30	31	30	26	28	27	30	29	29	27	28	31	27	31	28	29	30	30	26	28	28	26	31	26	27	30	29	26	26	29	29	29	27	27	29	30	27	26	28	31	30	30	28	31	31	29	30	31	28	30	26	30	27	28	27	28	26	27	26	30	27	27	29	28	31	27	31	29	27	27	27	28	27	30	26	31	31	31	31	26	27	26	29	27	30	30	26	30	26	30	27	28	26	31	28	30	31	30	27	31	29	31	27	31	26	30	30	27	29	28	28	30	31	28	31	31	31	31	29	27	31	28	30	26	31	30	31	26	29	31	26	30	29	27	28	31	31	26	28	29	30	28	27	26	28	27	31	31	28	31	26	27	27	26	29	31	28	27	30	30	30	26	30	28	26	31	29	31	26	29	26	29	30	31	31	31	30	26	26	29	29	30	27	29	27	28	26	28	27	26	29	26	26	26	27	30	28	29	29	28	27	26	28	28	26	28	31	31	31	28	31	31	26	29	31	30	31	29	31	26	31	27	29	29	30	26	27	31	29	26	29	27	27	30	28	30	27	31	29	27	26	30	29	27	30	28	30	29	27	30	27	31	30	31	27	30	26	29	28	30	27	28	28	29	28	28	29	30	28	26	27	30	26	31	30	29	26	27	31	27	31	28	30	27	26	27	28	31	30	28	31	31	29	29	30	27	30	29	28	29	26	27	29	28	26	30	31	30	26	30	26	26	30	31	28	29	31	29	26	29	29	31	31	26	31	27	29	30	28	28	26	28	27	31	27	29	29	28	28	29	31	31	26	30	28	27	27	28	26	31	28	31	26	29	28	30	27	29	31	27	29	29	26	31	28	29	29	29	28	27	31	31	31	29	31	28	26	27	27	30	29	29	29	29	28	27	28	26	30	26	31	31	28	29	30	26	28	29	26	29	27	28	29	31	27	30	30	29	27	28	30	28	28	28	31	29	29	26	26	26	29	27	27	28	26	29	28	31	26	28	31	31	29	29	31	27	29	29	31	26	27	29	26	28	26	26	29	26	28	26	30	31	26	31	28	30	28	31	31	29	29	29	27	31	29	30	28	27	30	27	30	27	28	28	28	30	28	26	27	31	27	30	31	31	28	30	29	30	27	31	27	28	30	31	29	31	28	26	31	28	30	29	31	26	26	26	29	30	27	31	26	26	27	30	27	31	31	27	29	26	30	29	28	31	28	30	30	26	28	30	27	28	29	30	28	31	29	29	28	28	26	26	29	28	30	27	27	26	28	26	28	28	31	30	26	27	31	27	27	30	31	31	28	29	28	26	27	31	29	29	29	29	31	27	31	30	26	30	27	26	29	27	31	30	27	27	27	27	31	28	29	30	29	30	28	29	30	29	26	31	29	27	27	27	26	31	26	26	29	29	28	29	28	27	26	31	28	26	30	30	29	26	31	26	31	30	26	26	28	29	30	26	26	26	26	29	29	31	28	26	26	29	26	29	26	26	31	26	29	31	31	28	30	26	31	31	30	
85	79	79	92	86	85	83	78	77	89	87	91	87	94	79	83	83	83	83	83	88	79	83	86	88	91	76	85	77	88	78	83	91	76	89	80	86	92	84	83	80	76	92	85	85	91	76	79	92	76	77	82	83	94	91	85	86	91	92	92	79	79	85	82	76	83	83	87	84	78	86	85	85	77	86	80	76	90	87	84	86	86	85	91	84	92	78	92	79	92	88	85	91	82	77	90	90	87	94	84	87	84	88	79	76	87	89	80	85	88	91	84	76	92	83	88	88	82	88	79	89	90	76	80	89	91	86	78	83	93	93	91	78	77	82	87	76	94	85	83	78	92	81	89	81	78	77	89	86	84	83	77	94	83	91	85	79	94	79	92	91	93	86	82	84	92	94	94	79	85	81	88	87	82	79	78	84	83	91	89	83	77	84	83	85	84	82	94	90	92	81	76	76	94	91	86	84	84	78	90	82	88	82	86	91	82	92	83	78	92	91	80	85	83	86	85	92	76	87	82	87	80	85	86	92	78	80	89	92	78	84	93	82	80	83	82	84	76	80	83	84	88	83	93	94	76	77	86	79	78	91	93	91	83	90	78	85	85	85	80	78	84	83	79	88	80	83	91	91	92	78	78	83	77	78	84	89	85	90	88	81	79	77	79	89	93	84	87	90	80	87	82	93	81	94	88	92	86	85	89	89	92	90	79	80	87	90	81	77	78	85	89	79	77	83	76	88	83	82	80	76	78	79	94	80	94	76	81	85	77	80	84	79	91	91	86	93	88	89	76	92	94	77	78	79	93	82	86	94	94	91	83	90	77	82	94	85	90	82	89	94	85	85	78	81	85	81	88	91	84	80	94	76	94	90	92	80	89	84	88	76	87	93	87	92	80	91	91	90	84	84	84	89	87	86	85	81	86	83	77	78	77	80	82	77	92	84	79	83	80	82	86	80	87	82	82	81	79	78	88	83	91	80	94	92	87	89	77	89	78	89	79	86	87	85	92	87	76	89	87	85	87	80	77	76	85	85	88	76	80	77	93	83	83	81	90	83	90	85	90	78	82	94	84	91	78	76	94	86	92	92	78	94	84	90	80	78	83	87	91	89	90	84	91	92	81	78	89	90	85	88	93	77	94	83	85	87	94	87	80	86	91	86	77	85	84	89	86	87	94	93	85	92	84	78	93	82	79	87	89	82	79	92	81	86	89	85	93	84	84	81	78	87	77	77	79	86	84	76	81	88	92	77	83	92	86	90	91	81	93	93	92	89	91	92	80	77	82	90	82	92	86	80	94	84	88	92	86	90	81	92	76	89	79	80	77	76	85	92	80	86	76	86	91	80	93	94	83	79	92	80	90	81	92	94	93	79	79	94	77	91	88	91	86	86	80	77	85	78	86	81	81	84	78	86	90	84	82	93	79	92	87	89	88	84	77	90	92	86	88	79	80	85	89	90	77	93	76	77	90	85	93	76	82	89	83	89	79	82	76	80	83	92	78	86	82	94	81	78	90	85	91	76	78	84	91	77	87	84	84	92	79	78	84	77	84	78	90	80	89	84	89	94	82	78	78	92	82	79	90	90	94	90	82	84	87	77	88	86	94	93	91	94	82	84	79	82	91	81	77	80	93	79	92	83	77	77	93	84	92	88	84	92	93	77	84	84	94	80	80	93	80	92	93	76	90	94	90	78	82	78	89	83	84	79	84	77	87	84	94	94	86	85	76	79	94	76	88	83	90	79	88	85	87	83	81	93	87	78	86	83	92	90	76	94	90	92	77	85	83	78	85	87	93	93	80	88	91	86	88	78	77	79	79	90	90	85	77	84	80	85	76	93	93	78	94	87	81	88	83	89	86	88	87	94	76	76	91	91	77	80	86	85	92	84	89	78	77	78	87	88	83	78	94	86	84	92	86	76	85	86	92	88	76	78	90	94	76	80	85	94	93	81	90	80	90	78	93	84	87	82	81	76	89	92	88	88	87	85	91	92	84	79	86	76	87	89	88	81	85	82	92	83	88	87	94	76	77	92	94	76	92	78	86	84	78	92	78	89	91	88	86	79	79	89	85	83	91	80	77	94	90	90	93	91	80	83	83	83	76	89	88	80	79	81	93	80	79	78	82	83	76	85	79	83	89	90	85	91	90	83	76	78	79	84	82	84	84	90	83	86	94	77	77	79	90	86	86	86	84	82	85	87	83	84	83	80	81	81	80	89	81	84	91	79	76	78	92	78	78	88	87	78	87	94	90	83	91	80	83	83	86	92	82	84	93	79	80	91	88	
13.2	11	23.1	11	26.4	31.9	28.6	22	15.4	23.1	11	28.6	25.3	33	27.5	24.2	20.9	20.9	11	22	13.2	12.1	29.7	16.5	20.9	33	20.9	11	19.8	12.1	22	16.5	26.4	29.7	28.6	27.5	22	31.9	28.6	28.6	22	14.3	11	17.6	20.9	27.5	23.1	24.2	20.9	14.3	14.3	27.5	12.1	19.8	26.4	26.4	16.5	16.5	27.5	14.3	17.6	16.5	22	22	27.5	27.5	11	14.3	31.9	13.2	18.7	22	22	28.6	28.6	11	31.9	30.8	18.7	24.2	14.3	30.8	18.7	27.5	14.3	29.7	11	18.7	29.7	18.7	31.9	24.2	25.3	15.4	23.1	20.9	22	23.1	33	28.6	29.7	31.9	15.4	12.1	23.1	30.8	17.6	19.8	33	12.1	33	19.8	20.9	31.9	18.7	25.3	15.4	33	26.4	18.7	27.5	30.8	11	13.2	15.4	33	26.4	26.4	18.7	22	13.2	33	29.7	16.5	19.8	13.2	17.6	18.7	13.2	14.3	24.2	11	25.3	23.1	23.1	14.3	12.1	25.3	11	29.7	30.8	23.1	27.5	30.8	19.8	28.6	17.6	25.3	27.5	15.4	31.9	26.4	18.7	26.4	17.6	11	26.4	16.5	23.1	11	24.2	11	19.8	33	27.5	29.7	24.2	29.7	25.3	28.6	15.4	22	19.8	16.5	11	22	28.6	23.1	17.6	15.4	22	29.7	22	17.6	11	33	11	23.1	12.1	23.1	20.9	12.1	12.1	33	29.7	31.9	33	28.6	11	13.2	22	14.3	31.9	19.8	30.8	12.1	18.7	20.9	15.4	12.1	25.3	24.2	27.5	31.9	31.9	11	28.6	16.5	13.2	28.6	31.9	24.2	15.4	23.1	25.3	31.9	25.3	13.2	13.2	14.3	26.4	22	11	22	16.5	26.4	14.3	27.5	26.4	14.3	17.6	29.7	15.4	29.7	25.3	11	27.5	30.8	16.5	26.4	29.7	19.8	29.7	29.7	29.7	33	33	20.9	31.9	11	25.3	19.8	17.6	30.8	26.4	24.2	18.7	17.6	27.5	11	17.6	22	13.2	19.8	18.7	13.2	26.4	29.7	12.1	11	13.2	20.9	13.2	11	20.9	12.1	20.9	12.1	30.8	17.6	11	26.4	11	12.1	12.1	22	24.2	30.8	16.5	11	16.5	19.8	15.4	11	22	26.4	14.3	14.3	19.8	23.1	12.1	20.9	29.7	13.2	25.3	33	33	11	23.1	25.3	17.6	16.5	13.2	17.6	33	28.6	26.4	16.5	31.9	27.5	22	22	26.4	18.7	29.7	15.4	20.9	23.1	20.9	17.6	22	22	17.6	33	15.4	14.3	33	20.9	22	13.2	16.5	31.9	25.3	11	19.8	25.3	19.8	15.4	24.2	16.5	29.7	30.8	23.1	11	29.7	16.5	14.3	19.8	22	24.2	30.8	27.5	28.6	15.4	12.1	14.3	30.8	23.1	29.7	11	24.2	20.9	26.4	12.1	31.9	11	12.1	28.6	27.5	13.2	20.9	11	30.8	28.6	33	16.5	12.1	33	24.2	14.3	31.9	13.2	14.3	11	12.1	28.6	28.6	17.6	23.1	19.8	29.7	33	22	29.7	31.9	16.5	19.8	13.2	31.9	31.9	16.5	30.8	19.8	12.1	15.4	31.9	12.1	13.2	33	33	17.6	27.5	17.6	19.8	15.4	16.5	17.6	13.2	24.2	30.8	20.9	12.1	13.2	29.7	11	17.6	11	15.4	30.8	18.7	29.7	30.8	25.3	19.8	23.1	17.6	28.6	17.6	16.5	29.7	19.8	23.1	17.6	26.4	18.7	23.1	33	20.9	31.9	26.4	12.1	31.9	13.2	25.3	19.8	13.2	13.2	15.4	15.4	13.2	27.5	14.3	25.3	27.5	31.9	15.4	13.2	12.1	26.4	18.7	15.4	16.5	30.8	16.5	13.2	23.1	30.8	28.6	11	27.5	24.2	23.1	30.8	13.2	22	26.4	24.2	15.4	13.2	23.1	13.2	31.9	29.7	25.3	23.1	14.3	26.4	12.1	23.1	31.9	29.7	22	15.4	19.8	14.3	33	26.4	14.3	11	15.4	20.9	18.7	25.3	29.7	24.2	15.4	17.6	17.6	16.5	17.6	19.8	28.6	11	23.1	23.1	12.1	18.7	22	12.1	18.7	33	20.9	23.1	19.8	24.2	27.5	12.1	23.1	24.2	15.4	18.7	12.1	12.1	26.4	27.5	15.4	17.6	13.2	22	16.5	28.6	28.6	28.6	18.7	20.9	17.6	25.3	25.3	17.6	23.1	19.8	25.3	26.4	26.4	20.9	19.8	18.7	33	29.7	28.6	19.8	27.5	27.5	24.2	17.6	15.4	16.5	30.8	31.9	22	28.6	28.6	29.7	24.2	29.7	29.7	13.2	13.2	18.7	22	13.2	25.3	16.5	25.3	28.6	14.3	15.4	31.9	15.4	25.3	26.4	14.3	31.9	25.3	18.7	30.8	13.2	29.7	25.3	29.7	11	12.1	33	28.6	24.2	27.5	20.9	11	14.3	24.2	33	27.5	29.7	15.4	19.8	30.8	11	12.1	17.6	28.6	22	18.7	19.8	28.6	12.1	11	26.4	18.7	27.5	13.2	16.5	23.1	24.2	31.9	15.4	14.3	15.4	28.6	15.4	27.5	22	28.6	28.6	20.9	25.3	26.4	24.2	33	12.1	26.4	11	27.5	33	29.7	22	17.6	15.4	18.7	18.7	26.4	13.2	16.5	14.3	18.7	19.8	19.8	11	24.2	28.6	15.4	24.2	18.7	26.4	33	29.7	29.7	24.2	33	29.7	18.7	19.8	25.3	13.2	19.8	13.2	23.1	16.5	19.8	29.7	29.7	11	27.5	33	22	30.8	14.3	31.9	14.3	18.7	24.2	18.7	28.6	31.9	31.9	16.5	23.1	25.3	12.1	18.7	12.1	23.1	31.9	19.8	27.5	14.3	12.1	26.4	31.9	14.3	33	12.1	23.1	16.5	13.2	20.9	25.3	25.3	27.5	22	16.5	19.8	12.1	31.9	28.6	12.1	17.6	16.5	29.7	15.4	31.9	29.7	16.5	19.8	17.6	28.6	26.4	17.6	12.1	19.8	13.2	18.7	28.6	26.4	11	17.6	22	15.4	26.4	28.6	28.6	12.1	19.8	30.8	30.8	14.3	16.5	30.8	15.4	23.1	16.5	11	13.2	14.3	25.3	12.1	23.1	18.7	24.2	16.5	28.6	23.1	13.2	26.4	24.2	33	33	12.1	25.3	25.3	28.6	26.4	13.2	13.2	29.7	18.7	15.4	19.8	20.9	23.1	31.9	14.3	26.4	13.2	27.5	25.3	31.9	13.2	22	13.2	16.5	18.7	26.4	31.9	23.1	25.3	25.3	25.3	11	29.7	13.2	11	15.4	26.4	31.9	12.1	19.8	22	33	22	27.5	26.4	14.3	15.4	27.5	18.7	14.3	19.8	12.1	27.5	20.9	13.2	31.9	27.5	31.9	24.2	30.8	26.4	27.5	19.8	13.2	33	15.4	17.6	17.6	14.3	17.6	16.5	12.1	14.3	15.4	24.2	14.3	30.8	15.4	14.3	20.9	25.3	27.5	19.8	13.2	29.7	17.6	28.6	14.3	15.4	16.5	31.9	18.7	30.8	26.4	28.6	23.1	15.4	19.8	33	19.8	29.7	16.5	19.8	18.7	13.2	13.2	27.5	12.1	23.1	13.2	15.4	29.7	15.4	23.1	26.4	22	15.4	23.1	16.5	15.4	28.6	33	26.4	24.2	19.8	18.7	24.2	30.8	26.4	13.2	28.6	27.5	28.6	17.6	19.8	31.9	19.8	24.2	25.3	18.7	14.3	11	13.2	20.9	14.3	33	11	28.6	30.8	31.9	23.1	23.1	23.1	29.7	15.4	29.7	24.2	15.4	30.8	20.9	28.6	33	22	17.6	12.1	31.9	17.6	19.8	18.7	23.1	15.4	31.9	11	25.3	
24.2	19.8	20.9	12.1	14.3	12.1	17.6	18.7	29.7	20.9	13.2	22	28.6	25.3	29.7	13.2	16.5	25.3	27.5	24.2	29.7	23.1	12.1	27.5	33	19.8	15.4	25.3	28.6	25.3	27.5	28.6	30.8	27.5	23.1	22	29.7	30.8	13.2	11	17.6	26.4	15.4	15.4	23.1	27.5	11	27.5	13.2	16.5	11	12.1	28.6	25.3	18.7	12.1	25.3	29.7	20.9	27.5	22	31.9	27.5	24.2	17.6	33	25.3	20.9	26.4	11	11	22	18.7	30.8	26.4	13.2	15.4	12.1	30.8	22	24.2	22	29.7	27.5	23.1	27.5	14.3	31.9	29.7	28.6	25.3	17.6	26.4	14.3	24.2	31.9	31.9	12.1	30.8	31.9	15.4	14.3	29.7	13.2	28.6	17.6	22	25.3	18.7	29.7	30.8	11	11	14.3	29.7	19.8	20.9	14.3	33	33	19.8	29.7	20.9	14.3	17.6	29.7	30.8	27.5	14.3	22	29.7	14.3	29.7	11	17.6	15.4	23.1	19.8	22	25.3	17.6	24.2	20.9	15.4	16.5	29.7	20.9	27.5	16.5	12.1	17.6	15.4	24.2	11	17.6	22	23.1	31.9	15.4	18.7	27.5	30.8	29.7	19.8	24.2	33	13.2	31.9	16.5	25.3	16.5	16.5	14.3	13.2	17.6	27.5	29.7	20.9	14.3	24.2	15.4	25.3	22	12.1	30.8	13.2	19.8	19.8	26.4	16.5	17.6	18.7	20.9	22	18.7	20.9	26.4	28.6	19.8	22	18.7	27.5	24.2	11	25.3	13.2	33	20.9	25.3	14.3	31.9	23.1	23.1	26.4	24.2	23.1	24.2	27.5	25.3	24.2	12.1	29.7	33	26.4	17.6	15.4	27.5	15.4	18.7	13.2	25.3	26.4	26.4	16.5	25.3	23.1	14.3	22	17.6	14.3	25.3	19.8	14.3	28.6	33	15.4	25.3	17.6	16.5	27.5	12.1	17.6	24.2	12.1	25.3	16.5	18.7	11	25.3	14.3	29.7	29.7	17.6	33	13.2	26.4	22	15.4	33	18.7	33	15.4	20.9	20.9	11	14.3	29.7	22	17.6	17.6	24.2	30.8	28.6	14.3	27.5	24.2	28.6	18.7	23.1	19.8	16.5	22	19.8	13.2	23.1	30.8	31.9	24.2	26.4	27.5	17.6	28.6	27.5	15.4	14.3	19.8	24.2	11	15.4	28.6	14.3	11	27.5	24.2	15.4	13.2	25.3	13.2	22	23.1	26.4	29.7	13.2	27.5	22	33	23.1	20.9	22	25.3	29.7	29.7	13.2	27.5	18.7	27.5	17.6	11	12.1	20.9	33	25.3	17.6	27.5	23.1	22	25.3	19.8	25.3	14.3	12.1	29.7	28.6	12.1	31.9	19.8	27.5	27.5	25.3	24.2	20.9	17.6	33	20.9	31.9	15.4	22	33	22	30.8	27.5	29.7	13.2	20.9	27.5	24.2	11	28.6	30.8	33	29.7	31.9	27.5	28.6	26.4	12.1	19.8	13.2	24.2	14.3	13.2	33	31.9	31.9	25.3	27.5	23.1	19.8	27.5	12.1	18.7	17.6	29.7	24.2	11	29.7	33	11	12.1	25.3	24.2	31.9	23.1	15.4	33	30.8	14.3	24.2	19.8	31.9	20.9	20.9	14.3	30.8	33	30.8	19.8	15.4	28.6	20.9	29.7	19.8	23.1	29.7	22	24.2	13.2	22	25.3	14.3	15.4	31.9	31.9	17.6	13.2	14.3	33	13.2	17.6	28.6	25.3	18.7	15.4	22	30.8	18.7	23.1	13.2	26.4	26.4	25.3	30.8	23.1	17.6	20.9	17.6	22	25.3	13.2	24.2	23.1	18.7	23.1	27.5	14.3	16.5	11	20.9	14.3	17.6	30.8	14.3	16.5	31.9	22	12.1	11	23.1	22	11	24.2	30.8	20.9	15.4	11	17.6	29.7	20.9	24.2	33	28.6	27.5	25.3	20.9	29.7	27.5	16.5	17.6	22	27.5	18.7	15.4	11	30.8	13.2	16.5	24.2	25.3	30.8	23.1	27.5	33	25.3	26.4	27.5	29.7	12.1	17.6	17.6	24.2	33	24.2	29.7	14.3	11	26.4	18.7	23.1	17.6	30.8	15.4	13.2	25.3	22	33	14.3	28.6	11	28.6	26.4	18.7	14.3	20.9	16.5	25.3	23.1	30.8	26.4	19.8	27.5	25.3	29.7	20.9	20.9	11	15.4	26.4	23.1	13.2	14.3	19.8	25.3	19.8	24.2	14.3	11	25.3	11	13.2	13.2	27.5	16.5	19.8	17.6	20.9	23.1	19.8	19.8	12.1	11	19.8	14.3	26.4	20.9	13.2	16.5	12.1	26.4	12.1	22	24.2	28.6	20.9	20.9	18.7	20.9	17.6	11	30.8	18.7	28.6	24.2	30.8	22	15.4	31.9	25.3	18.7	27.5	25.3	14.3	19.8	18.7	16.5	20.9	15.4	12.1	24.2	16.5	17.6	22	31.9	23.1	30.8	19.8	33	25.3	12.1	25.3	29.7	18.7	31.9	20.9	19.8	19.8	29.7	13.2	30.8	28.6	23.1	24.2	11	31.9	16.5	25.3	20.9	17.6	25.3	31.9	18.7	29.7	11	20.9	14.3	26.4	20.9	31.9	12.1	19.8	14.3	27.5	11	20.9	33	20.9	29.7	14.3	31.9	27.5	24.2	23.1	31.9	15.4	27.5	23.1	17.6	17.6	28.6	31.9	24.2	20.9	16.5	17.6	26.4	24.2	13.2	30.8	11	25.3	18.7	12.1	27.5	13.2	17.6	16.5	17.6	20.9	16.5	18.7	25.3	15.4	16.5	18.7	31.9	28.6	19.8	28.6	12.1	27.5	29.7	13.2	22	18.7	25.3	16.5	15.4	28.6	13.2	12.1	19.8	18.7	14.3	12.1	22	15.4	11	11	33	29.7	25.3	14.3	12.1	14.3	25.3	14.3	24.2	19.8	31.9	29.7	11	18.7	22	17.6	22	24.2	29.7	30.8	19.8	33	15.4	14.3	31.9	11	18.7	17.6	17.6	33	11	13.2	22	15.4	25.3	19.8	26.4	25.3	22	26.4	31.9	13.2	28.6	29.7	33	11	18.7	16.5	13.2	27.5	28.6	31.9	20.9	24.2	15.4	29.7	31.9	33	25.3	12.1	31.9	20.9	12.1	20.9	22	28.6	33	19.8	13.2	18.7	18.7	22	16.5	24.2	31.9	27.5	33	27.5	19.8	18.7	23.1	24.2	20.9	13.2	33	23.1	30.8	20.9	12.1	25.3	26.4	27.5	19.8	22	13.2	20.9	27.5	17.6	12.1	23.1	17.6	33	13.2	24.2	19.8	15.4	15.4	11	12.1	12.1	20.9	12.1	25.3	31.9	26.4	31.9	25.3	16.5	16.5	23.1	15.4	27.5	17.6	25.3	29.7	17.6	17.6	27.5	33	25.3	31.9	22	12.1	11	18.7	12.1	20.9	23.1	19.8	13.2	11	18.7	15.4	14.3	28.6	14.3	29.7	19.8	23.1	15.4	27.5	28.6	19.8	28.6	13.2	16.5	16.5	15.4	17.6	14.3	29.7	26.4	27.5	11	29.7	14.3	14.3	17.6	23.1	24.2	25.3	23.1	24.2	22	14.3	17.6	31.9	24.2	29.7	26.4	19.8	30.8	17.6	15.4	18.7	17.6	23.1	31.9	27.5	14.3	27.5	27.5	25.3	26.4	11	27.5	30.8	24.2	15.4	16.5	30.8	18.7	18.7	33	22	19.8	27.5	27.5	13.2	16.5	30.8	14.3	28.6	15.4	25.3	31.9	33	29.7	18.7	15.4	25.3	31.9	26.4	30.8	15.4	18.7	13.2	11	25.3	24.2	15.4	26.4	12.1	22	24.2	14.3	24.2	18.7	17.6	19.8	31.9	19.8	26.4	23.1	28.6	23.1	23.1	15.4	26.4	13.2	18.7	18.7	33	27.5	29.7	11	20.9	24.2	30.8	13.2	23.1	15.4	30.8	
12.1	19.8	11	31.9	28.6	25.3	23.1	13.2	14.3	22	28.6	19.8	13.2	20.9	33	29.7	19.8	25.3	24.2	12.1	23.1	19.8	26.4	25.3	12.1	11	13.2	27.5	29.7	28.6	
11	19	16	17	13	12	16	11	13	12	19	10	12	18	14	12	16	18	10	15	11	11	17	14	11	11	11	11	20	14	20	20	12	19	19	16	11	20	18	14	15	10	16	17	20	16	20	18	15	14	19	14	16	12	15	10	12	15	11	13	20	12	17	15	10	11	14	19	15	11	20	12	19	16	17	10	12	20	16	10	19	19	13	13	13	18	12	18	11	10	11	20	11	18	20	12	15	20	19	20	20	13	15	12	15	14	19	18	17	10	14	17	20	17	10	10	12	15	18	14	17	17	13	20	17	20	12	11	11	12	19	17	13	13	11	17	11	13	16	10	11	14	12	12	19	15	18	14	16	11	13	16	11	18	12	18	14	16	19	11	19	15	16	19	11	20	12	19	19	17	13	12	17	16	17	19	18	10	20	18	20	14	14	10	20	13	20	14	16	18	17	19	18	19	11	14	14	18	19	15	14	11	14	15	14	11	20	11	16	12	18	14	14	19	13	14	20	10	19	17	11	17	10	18	18	13	11	13	11	12	17	18	10	12	18	17	17	10	11	20	11	16	13	13	17	16	11	13	14	18	13	18	20	16	15	19	13	13	16	16	10	15	15	18	19	13	12	18	13	11	16	11	13	11	14	12	15	17	20	18	13	19	20	19	20	12	18	16	15	11	17	17	17	13	17	18	15	13	18	10	12	16	11	16	20	17	19	18	18	15	15	11	19	15	11	20	13	10	19	12	17	15	11	15	11	14	20	18	14	16	17	16	10	16	13	13	12	15	13	17	20	20	19	11	19	19	20	16	16	20	14	13	16	11	11	16	16	20	19	16	18	16	11	13	16	15	11	11	10	18	19	18	12	20	18	15	13	18	15	13	20	13	20	17	13	18	14	18	12	12	14	19	14	11	11	19	14	17	16	15	12	20	10	14	14	16	18	17	12	20	14	18	11	15	19	15	19	13	12	20	10	11	12	12	11	14	13	17	14	17	20	12	11	17	17	16	10	18	14	14	11	14	14	10	13	16	20	14	11	13	14	16	17	14	11	10	19	16	12	19	14	11	12	19	20	19	16	13	19	12	19	16	13	10	13	10	11	12	13	11	18	12	18	18	11	11	13	14	15	10	16	17	17	13	16	17	20	12	19	15	18	20	17	11	18	14	12	16	20	11	12	19	10	13	20	15	12	11	15	10	12	20	20	18	13	14	13	16	12	13	12	13	17	15	14	17	17	19	14	16	16	10	19	16	10	11	12	10	16	17	20	15	13	11	12	17	16	13	13	20	17	10	18	17	16	18	19	11	11	13	10	19	12	11	13	14	19	16	11	20	17	17	17	10	19	13	19	19	14	11	10	19	17	13	20	17	12	15	11	19	10	18	20	18	10	10	12	19	15	13	12	10	16	10	14	13	12	13	11	17	11	20	16	10	11	15	13	15	10	11	10	19	19	18	15	10	18	13	19	14	20	10	17	13	15	19	10	17	10	14	18	14	20	13	15	12	15	10	15	13	14	11	14	20	16	15	19	20	17	11	19	19	13	13	10	10	16	20	12	12	14	11	13	17	19	12	15	20	13	16	15	10	12	13	17	14	13	20	12	16	13	17	11	18	19	16	15	13	14	13	19	19	15	17	12	10	13	11	18	16	17	20	13	18	15	13	14	20	10	17	12	18	17	15	19	13	13	10	15	12	14	13	20	19	19	20	16	18	19	11	13	13	13	20	17	12	20	18	20	16	16	10	16	10	11	13	13	12	14	10	16	18	12	14	17	10	10	20	16	16	19	12	20	15	12	19	15	20	19	14	12	11	14	11	12	18	20	12	10	19	18	17	19	11	16	11	20	19	16	15	14	12	17	10	11	16	11	14	11	12	11	17	13	18	18	14	12	17	18	19	19	15	15	18	14	20	13	18	19	16	16	15	18	12	10	12	13	17	14	10	10	10	17	14	11	13	19	17	17	11	15	12	10	18	11	10	17	20	15	11	20	15	11	16	10	20	14	16	20	13	11	11	19	17	18	14	17	13	17	18	18	12	13	14	13	12	20	17	12	13	13	20	12	14	19	16	12	14	11	18	16	16	14	10	17	16	17	17	14	11	15	20	12	18	17	20	11	19	20	11	16	16	20	11	11	16	13	13	18	18	14	10	16	19	11	11	16	20	19	19	17	13	13	17	20	14	20	17	11	19	20	17	11	20	17	20	12	19	15	17	11	13	17	10	19	12	20	15	10	14	19	14	16	10	13	18	11	20	12	18	14	15	12	11	17	17	15	19	20	16	
1	1	1	1	1	1	1	1	1	1	1	1	1	1	1	1	1	1	1	1	1	1	1	1	1	1	1	1	1	1	1	1	1	1	1	1	1	1	1	1	1	1	1	1	2	2	2	2	2	2	2	2	2	2	2	2	2	2	2	2	2	2	2	2	2	2	2	2	2	2	2	2	2	2	2	2	2	2	2	2	2	2	2	2	3	3	3	3	3	3	3	3	3	3	3	3	3	3	3	3	3	3	3	3	3	3	3	3	3	3	3	3	3	3	3	3	3	3	3	3	3	4	4	4	4	4	4	4	4	4	4	4	4	4	4	4	4	4	4	4	4	4	4	4	4	4	4	4	4	4	5	5	5	5	5	5	5	5	5	5	5	5	5	5	5	5	5	5	5	5	5	5	5	5	5	5	5	5	5	5	5	5	5	5	5	5	5	6	6	6	6	6	6	6	6	6	6	6	6	6	6	6	6	6	6	6	6	6	6	6	6	6	6	6	6	6	6	6	6	6	6	6	6	7	7	7	7	7	7	7	7	7	7	7	7	7	7	7	7	7	7	7	7	7	7	7	7	7	7	7	7	7	7	7	7	7	7	7	7	7	7	7	7	7	8	8	8	8	8	8	8	8	8	8	8	8	8	8	8	8	8	8	8	8	8	8	8	8	8	8	8	8	8	8	8	8	8	8	9	9	9	9	9	9	9	9	9	9	9	9	9	9	9	9	9	9	9	9	9	9	9	9	9	9	9	9	9	9	9	9	9	10	10	10	10	10	10	10	10	10	10	10	10	10	10	10	10	10	10	10	10	10	10	10	10	10	10	10	10	10	10	11	11	11	11	11	11	11	11	11	11	11	11	11	11	11	11	11	11	11	11	11	11	11	11	11	11	11	11	11	11	11	11	11	11	12	12	12	12	12	12	12	12	12	12	12	12	12	12	12	12	12	12	12	12	12	12	12	12	12	12	12	12	12	12	12	12	12	12	12	12	12	12	12	12	12	13	13	13	13	13	13	13	13	13	13	13	13	13	13	13	13	13	13	13	13	13	13	13	13	13	14	14	14	14	14	14	14	14	14	14	14	14	14	14	14	14	14	14	14	14	14	14	14	14	14	14	14	14	14	14	14	15	15	15	15	15	15	15	15	15	15	15	15	15	15	15	15	15	15	15	15	15	15	15	15	15	15	15	15	15	15	15	15	15	15	15	16	16	16	16	16	16	16	16	16	16	16	16	16	16	16	16	16	16	16	16	16	16	16	16	16	16	16	17	17	17	17	17	17	17	17	17	17	17	17	17	17	17	17	17	17	17	17	17	17	17	17	17	18	18	18	18	18	18	18	18	18	18	18	18	18	18	18	18	18	18	18	18	18	18	18	18	18	18	18	18	18	18	18	18	18	18	18	18	19	19	19	19	19	19	19	19	19	19	19	19	19	19	19	19	19	19	19	19	19	19	19	19	19	19	19	19	19	19	19	19	20	20	20	20	20	20	20	20	20	20	20	20	20	20	20	20	20	20	20	20	20	20	20	20	20	20	20	20	21	21	21	21	21	21	21	21	21	21	21	21	21	21	21	21	21	21	21	21	21	21	21	21	21	21	21	21	21	21	21	21	21	21	21	21	21	21	21	21	22	22	22	22	22	22	22	22	22	22	22	22	22	22	22	22	22	22	22	22	22	22	22	22	22	22	22	22	22	22	22	22	23	23	23	23	23	23	23	23	23	23	23	23	23	23	23	23	23	23	23	23	24	24	24	24	24	24	24	24	24	24	24	24	24	24	24	24	24	24	24	24	24	24	24	24	24	24	24	24	24	24	24	24	24	24	24	24	24	24	24	24	25	25	25	25	25	25	25	25	25	25	25	25	25	25	25	25	25	25	25	25	25	25	25	25	25	25	25	25	25	25	25	25	25	25	25	25	25	25	26	26	26	26	26	26	26	26	26	26	26	26	26	26	26	26	26	26	26	26	26	26	26	26	26	26	27	27	27	27	27	27	27	27	27	27	27	27	27	27	27	27	27	27	27	27	27	27	27	27	27	27	27	27	28	28	28	28	28	28	28	28	28	28	28	28	28	28	28	28	28	28	28	28	28	28	28	28	28	28	28	28	28	28	28	28	28	28	28	28	28	28	28	29	29	29	29	29	29	29	29	29	29	29	29	29	29	29	29	29	29	29	29	29	29	29	29	29	29	29	29	29	29	29	30	30	30	30	30	30	30	30	30	30	30	30	30	30	30	30	30	30	30	30	30	30	30	30	30	30	30	30	30	30	30	
