1000
45	12
549	24.2
30	28	30	30	28	29	27	28	31	28	28	29	29	30	26	31	29	27	30	27	29	26	28	29	31	28	26	31	28	26	26	26	26	31	27	27	26	31	28	28	28	26	31	26	31	26	31	31	28	28	26	29	26	31	26	29	27	26	27	27	27	29	31	27	29	29	27	26	31	30	26	27	28	28	29	29	31	27	31	27	28	29	26	31	29	26	28	30	26	28	26	29	31	30	29	30	27	28	30	30	27	27	27	27	27	31	29	30	30	27	29	26	31	27	28	30	30	31	30	28	27	29	28	26	28	26	31	30	31	29	29	30	28	27	27	30	27	26	30	30	29	28	27	26	29	31	27	27	27	29	29	29	28	29	29	29	29	28	31	30	31	26	27	26	26	27	26	26	30	30	31	30	31	28	31	30	31	29	30	29	28	29	26	29	30	29	29	28	28	31	29	28	28	29	29	28	27	31	28	26	28	27	29	28	26	31	27	31	28	28	27	26	27	27	27	26	31	27	26	28	31	28	28	26	31	30	28	28	27	26	28	30	27	31	27	26	26	27	31	28	28	27	27	30	31	29	29	31	30	27	30	27	27	30	29	31	31	30	28	27	27	27	26	31	31	29	26	31	28	28	30	30	30	28	26	31	26	27	29	29	28	28	26	27	26	27	30	27	29	26	31	29	26	26	29	26	30	31	28	30	26	28	30	27	30	30	31	31	31	27	28	27	27	28	28	31	27	26	27	26	29	26	26	28	30	28	27	29	31	30	26	31	30	26	28	28	30	27	29	28	27	27	29	28	28	31	30	28	27	27	31	28	29	27	30	28	28	31	29	31	30	28	31	26	31	31	26	29	28	30	29	26	30	29	26	26	27	28	29	31	31	26	31	31	26	29	29	30	28	29	26	28	30	30	30	28	28	29	31	30	30	31	29	27	28	27	31	27	26	29	30	28	29	30	30	28	29	26	28	29	29	28	31	26	26	26	30	31	27	29	26	27	29	27	31	30	28	31	31	26	30	27	26	31	30	29	30	30	27	30	29	29	26	27	28	27	26	27	26	26	29	28	27	27	30	31	30	30	29	30	26	30	29	31	28	27	28	30	26	29	26	28	26	30	29	28	27	30	31	30	27	26	30	30	29	26	26	27	30	29	30	28	28	30	30	29	30	27	26	29	27	31	27	31	28	31	27	31	28	27	27	28	31	29	28	28	31	29	29	26	30	29	27	30	26	29	31	30	29	28	27	26	26	30	26	28	27	26	31	31	28	28	26	27	30	29	26	28	31	29	27	26	27	26	27	29	29	31	27	26	31	26	28	30	30	30	29	29	27	29	30	30	28	27	28	27	31	30	27	27	28	26	29	29	28	28	29	31	27	31	26	31	27	27	28	31	26	28	30	30	30	28	28	29	31	31	31	27	27	29	29	29	27	27	28	27	28	31	26	31	31	26	26	29	26	27	27	30	26	31	26	29	27	28	28	26	28	30	29	29	26	28	29	29	30	26	28	27	26	29	30	29	31	26	27	30	30	29	31	30	29	30	26	28	26	27	29	30	30	28	27	26	26	30	31	26	27	31	28	29	28	29	28	29	29	29	30	31	26	31	31	29	31	27	28	27	31	29	27	29	26	26	27	28	30	28	29	31	30	31	30	31	29	29	31	29	31	30	28	26	31	28	27	30	31	30	26	27	26	30	31	27	27	30	29	31	31	31	31	31	28	26	30	27	28	31	28	29	27	26	29	29	29	27	30	26	26	29	30	27	30	28	28	27	31	26	31	30	27	30	29	27	27	28	31	31	31	26	26	27	31	27	31	30	28	28	27	30	29	30	29	31	29	28	31	28	30	26	26	28	26	28	31	26	31	29	31	29	27	26	27	28	29	28	28	30	26	28	28	29	31	26	28	28	29	30	29	30	30	28	30	31	26	31	30	28	28	31	27	30	31	28	26	27	28	29	26	31	29	29	31	29	28	28	27	27	28	27	29	31	31	29	31	27	30	28	28	31	31	27	28	30	27	28	27	29	30	26	28	27	30	26	29	29	30	28	26	27	26	27	27	31	30	31	27	27	29	29	28	29	29	28	31	27	29	30	30	30	31	31	27	30	30	29	31	26	31	27	28	26	28	28	28	27	31	30	29	30	26	26	30	30	29	27	28	28	27	26	31	27	26	28	29	27	26	26	29	30	29	30	28	26	30	28	27	27	29	27	30	30	29	29	27	29	31	29	28	29	27	26	28	28	29	27	26	30	27	26	31	30	27	27	26	31	29	28	28	31	27	31	
91	85	89	91	83	84	82	77	80	80	92	90	78	94	91	83	83	84	94	86	91	82	80	94	80	90	87	87	93	83	81	80	93	79	92	82	90	87	87	80	78	88	92	79	77	80	78	87	81	92	88	78	76	94	81	77	79	80	81	88	88	88	90	90	85	80	85	87	89	92	88	88	93	81	91	76	92	87	89	80	81	94	93	78	78	91	89	84	78	79	84	88	88	78	93	79	88	94	80	83	82	79	90	82	87	88	79	89	93	79	94	91	86	76	86	82	86	82	77	80	91	86	79	93	87	92	94	90	93	90	84	86	94	80	84	90	87	81	86	81	91	84	85	80	84	80	80	84	84	90	85	78	88	92	85	81	92	83	91	81	89	79	88	87	91	86	83	86	84	80	82	81	92	86	79	90	77	79	86	93	84	78	92	86	81	86	80	85	86	83	86	84	87	90	87	77	84	81	82	79	80	79	76	90	78	80	84	78	84	90	83	93	88	93	78	90	82	76	77	84	76	94	90	82	83	90	83	77	85	76	88	93	81	84	84	91	89	91	81	90	82	86	79	86	85	77	88	81	84	78	84	92	88	87	86	82	81	92	92	80	93	89	83	82	78	89	83	94	93	82	90	79	77	84	90	86	86	89	85	88	92	93	93	80	77	84	82	82	91	86	94	92	93	91	79	92	90	87	89	81	78	81	83	85	90	90	92	88	94	84	85	93	91	81	94	86	80	78	80	78	90	89	85	82	85	84	89	78	79	81	78	78	92	89	91	87	80	94	91	85	86	82	86	93	79	84	91	85	85	93	89	90	87	78	80	94	89	76	83	91	88	86	89	89	81	76	86	76	92	92	84	82	90	78	90	81	82	92	88	76	84	81	80	81	83	86	81	87	91	78	89	82	90	88	76	86	88	85	79	81	80	84	89	86	91	93	94	93	81	90	94	82	90	89	82	77	83	79	82	79	84	86	87	89	87	82	77	79	81	83	77	89	81	91	94	88	92	91	76	88	82	85	76	87	78	88	93	90	91	80	78	77	88	94	76	82	82	89	93	89	92	79	77	94	92	77	92	83	84	84	82	86	80	81	90	90	87	88	88	83	76	80	88	86	88	81	81	89	85	91	92	77	84	78	92	77	90	77	89	79	94	83	90	81	92	87	93	81	79	86	86	93	91	86	82	79	77	93	93	87	89	89	90	81	77	82	77	89	83	92	88	87	78	89	78	79	92	82	77	81	91	84	82	94	85	90	86	93	88	82	80	78	82	81	86	77	88	84	87	76	83	87	93	83	77	78	79	94	80	88	88	82	80	89	84	85	87	86	94	90	93	86	94	78	87	80	78	89	81	93	86	76	80	90	91	83	85	89	79	81	82	78	94	88	89	86	78	87	82	91	91	79	79	82	77	87	92	94	83	79	86	79	84	78	83	89	79	90	84	85	86	87	92	86	81	86	77	93	77	91	77	93	89	89	87	85	90	84	86	80	76	89	91	90	85	83	79	93	82	77	79	92	82	88	78	89	82	89	80	92	78	81	87	77	86	83	81	87	86	78	90	93	91	93	85	77	85	77	83	82	86	76	76	80	86	91	83	81	81	89	82	86	93	94	85	79	88	81	82	83	89	76	79	92	89	84	84	76	94	77	76	91	82	91	89	81	93	93	79	89	89	79	89	82	92	88	76	78	77	91	94	94	86	78	77	76	88	84	82	91	79	82	84	78	76	85	76	91	81	84	79	87	80	89	86	83	94	88	76	91	80	77	80	88	84	80	82	76	89	80	90	91	93	84	91	80	90	87	88	92	89	89	93	85	91	76	93	80	86	93	87	82	88	88	83	78	89	80	87	81	90	94	86	84	83	78	86	82	89	85	92	81	87	87	85	80	83	83	78	78	84	80	88	86	88	88	88	92	78	78	84	84	86	85	93	88	93	86	80	94	92	82	89	81	87	81	84	91	82	89	85	94	80	85	84	84	92	80	76	92	79	87	93	78	80	79	81	87	89	94	85	83	94	84	76	93	83	94	82	94	90	83	87	79	91	80	91	81	77	76	84	93	90	86	90	78	94	90	88	90	88	94	85	77	83	84	89	93	83	77	76	81	83	76	92	85	82	94	79	78	93	87	93	93	90	93	80	87	76	81	80	76	91	86	77	85	81	80	78	77	92	78	84	89	86	84	84	84	84	83	82	83	88	86	76	76	92	90	89	94	84	82	84	85	84	93	93	80	76	80	83	80	84	79	87	83	78	77	91	87	78	93	93	85	78	94	93	89	87	80	
22	15.4	33	15.4	25.3	24.2	25.3	14.3	16.5	31.9	22	27.5	22	31.9	27.5	22	18.7	11	11	26.4	22	27.5	30.8	29.7	24.2	25.3	19.8	22	16.5	23.1	26.4	14.3	29.7	30.8	17.6	13.2	12.1	11	28.6	27.5	26.4	14.3	23.1	24.2	15.4	33	18.7	20.9	12.1	23.1	24.2	22	31.9	19.8	22	22	11	12.1	27.5	30.8	23.1	31.9	20.9	15.4	19.8	30.8	11	22	31.9	27.5	23.1	19.8	15.4	17.6	27.5	27.5	16.5	13.2	30.8	30.8	22	18.7	23.1	12.1	19.8	14.3	22	26.4	23.1	31.9	20.9	31.9	20.9	20.9	27.5	23.1	31.9	12.1	20.9	20.9	30.8	13.2	12.1	13.2	23.1	29.7	19.8	13.2	19.8	12.1	15.4	28.6	17.6	23.1	27.5	27.5	28.6	13.2	17.6	23.1	12.1	29.7	28.6	31.9	12.1	15.4	11	31.9	22	30.8	14.3	26.4	17.6	16.5	24.2	14.3	16.5	25.3	28.6	15.4	30.8	24.2	28.6	12.1	18.7	22	31.9	16.5	28.6	25.3	14.3	28.6	24.2	22	25.3	30.8	29.7	14.3	12.1	30.8	27.5	26.4	26.4	13.2	29.7	24.2	14.3	16.5	26.4	22	14.3	24.2	11	18.7	28.6	30.8	19.8	17.6	30.8	12.1	26.4	15.4	29.7	30.8	19.8	33	28.6	14.3	29.7	15.4	29.7	24.2	29.7	26.4	30.8	12.1	28.6	33	26.4	14.3	27.5	26.4	11	20.9	27.5	14.3	25.3	27.5	20.9	33	29.7	26.4	24.2	27.5	18.7	25.3	30.8	22	18.7	28.6	13.2	12.1	12.1	28.6	23.1	30.8	22	19.8	27.5	14.3	18.7	31.9	20.9	18.7	17.6	22	30.8	29.7	20.9	17.6	30.8	11	28.6	30.8	13.2	33	16.5	20.9	15.4	13.2	14.3	15.4	15.4	13.2	29.7	26.4	33	24.2	13.2	14.3	31.9	22	12.1	15.4	19.8	30.8	25.3	27.5	20.9	14.3	15.4	30.8	24.2	12.1	33	19.8	14.3	18.7	12.1	23.1	30.8	25.3	17.6	17.6	24.2	17.6	28.6	13.2	11	30.8	18.7	23.1	12.1	29.7	31.9	23.1	15.4	18.7	28.6	13.2	29.7	29.7	26.4	25.3	23.1	23.1	33	30.8	19.8	18.7	28.6	26.4	14.3	26.4	12.1	19.8	31.9	29.7	28.6	24.2	23.1	26.4	14.3	33	20.9	25.3	33	14.3	25.3	18.7	33	17.6	31.9	33	11	24.2	20.9	33	28.6	33	24.2	30.8	29.7	17.6	27.5	15.4	25.3	20.9	28.6	19.8	31.9	18.7	31.9	12.1	22	29.7	12.1	18.7	15.4	30.8	20.9	26.4	29.7	11	13.2	33	28.6	31.9	31.9	31.9	17.6	25.3	15.4	14.3	29.7	15.4	13.2	23.1	31.9	30.8	31.9	13.2	23.1	19.8	15.4	26.4	15.4	17.6	12.1	31.9	31.9	28.6	17.6	29.7	29.7	11	13.2	30.8	25.3	26.4	11	16.5	29.7	23.1	27.5	25.3	29.7	14.3	28.6	13.2	28.6	24.2	25.3	25.3	31.9	20.9	26.4	25.3	22	26.4	27.5	11	20.9	16.5	22	13.2	14.3	25.3	14.3	24.2	33	30.8	30.8	20.9	12.1	13.2	18.7	30.8	27.5	14.3	12.1	29.7	16.5	33	26.4	19.8	15.4	13.2	15.4	30.8	14.3	30.8	20.9	28.6	18.7	30.8	30.8	26.4	29.7	24.2	20.9	20.9	14.3	29.7	13.2	11	12.1	33	23.1	23.1	30.8	16.5	16.5	31.9	15.4	33	20.9	14.3	15.4	33	23.1	33	14.3	30.8	19.8	18.7	17.6	18.7	28.6	14.3	28.6	25.3	30.8	30.8	20.9	16.5	13.2	31.9	23.1	31.9	12.1	22	30.8	20.9	24.2	18.7	20.9	20.9	15.4	16.5	24.2	20.9	12.1	30.8	12.1	12.1	18.7	29.7	30.8	13.2	18.7	19.8	13.2	12.1	22	23.1	25.3	14.3	20.9	30.8	15.4	16.5	23.1	15.4	28.6	26.4	16.5	20.9	11	15.4	31.9	17.6	33	19.8	24.2	30.8	25.3	23.1	26.4	12.1	18.7	23.1	16.5	25.3	33	23.1	11	27.5	26.4	28.6	22	15.4	17.6	30.8	16.5	13.2	23.1	24.2	18.7	24.2	23.1	31.9	30.8	19.8	20.9	31.9	26.4	12.1	19.8	22	22	15.4	27.5	25.3	15.4	23.1	26.4	28.6	15.4	25.3	17.6	31.9	26.4	26.4	25.3	13.2	31.9	24.2	22	31.9	18.7	14.3	28.6	15.4	18.7	12.1	12.1	19.8	27.5	16.5	13.2	16.5	23.1	22	24.2	23.1	29.7	24.2	11	27.5	27.5	30.8	25.3	29.7	29.7	17.6	29.7	13.2	18.7	26.4	17.6	23.1	20.9	24.2	22	31.9	12.1	22	29.7	29.7	31.9	15.4	22	30.8	23.1	20.9	24.2	26.4	23.1	13.2	19.8	27.5	25.3	23.1	28.6	13.2	18.7	23.1	12.1	24.2	25.3	29.7	22	29.7	16.5	17.6	12.1	20.9	24.2	18.7	11	12.1	25.3	19.8	33	33	29.7	31.9	30.8	15.4	17.6	17.6	19.8	28.6	18.7	20.9	17.6	24.2	23.1	27.5	23.1	28.6	29.7	25.3	23.1	25.3	25.3	20.9	29.7	19.8	18.7	31.9	17.6	26.4	16.5	28.6	19.8	15.4	13.2	14.3	33	29.7	20.9	23.1	17.6	24.2	16.5	30.8	16.5	15.4	16.5	13.2	18.7	14.3	31.9	17.6	30.8	11	14.3	16.5	29.7	23.1	22	23.1	22	11	23.1	31.9	24.2	18.7	22	31.9	16.5	27.5	14.3	19.8	24.2	22	23.1	24.2	23.1	24.2	25.3	22	28.6	22	19.8	13.2	11	29.7	14.3	24.2	29.7	30.8	14.3	27.5	26.4	33	23.1	23.1	15.4	16.5	23.1	33	16.5	13.2	14.3	26.4	12.1	29.7	19.8	15.4	28.6	17.6	29.7	29.7	20.9	23.1	26.4	27.5	14.3	28.6	16.5	27.5	29.7	14.3	24.2	14.3	17.6	14.3	27.5	19.8	25.3	15.4	27.5	29.7	33	26.4	11	29.7	13.2	15.4	11	13.2	19.8	13.2	24.2	23.1	28.6	23.1	24.2	25.3	29.7	27.5	18.7	27.5	15.4	33	22	16.5	11	20.9	25.3	17.6	28.6	16.5	20.9	13.2	12.1	27.5	18.7	33	16.5	26.4	23.1	27.5	18.7	30.8	24.2	26.4	26.4	15.4	23.1	17.6	19.8	18.7	14.3	19.8	25.3	15.4	33	33	30.8	17.6	17.6	25.3	33	19.8	31.9	15.4	30.8	24.2	29.7	33	26.4	18.7	13.2	27.5	33	23.1	13.2	16.5	27.5	24.2	18.7	12.1	22	23.1	18.7	11	17.6	14.3	33	31.9	25.3	22	15.4	28.6	15.4	12.1	12.1	29.7	13.2	24.2	20.9	20.9	15.4	31.9	11	33	19.8	28.6	25.3	23.1	22	26.4	33	27.5	30.8	13.2	15.4	26.4	23.1	11	24.2	26.4	14.3	23.1	11	30.8	20.9	22	12.1	23.1	18.7	25.3	17.6	17.6	31.9	14.3	30.8	27.5	19.8	19.8	20.9	11	26.4	25.3	11	12.1	13.2	20.9	28.6	17.6	14.3	16.5	25.3	25.3	17.6	15.4	14.3	18.7	14.3	29.7	17.6	13.2	22	17.6	33	23.1	19.8	22	27.5	11	23.1	33	20.9	17.6	17.6	15.4	23.1	13.2	19.8	22	14.3	17.6	22	14.3	16.5	26.4	25.3	12.1	20.9	31.9	17.6	27.5	31.9	23.1	26.4	15.4	
28.6	31.9	11	29.7	24.2	16.5	31.9	13.2	12.1	20.9	17.6	22	26.4	31.9	17.6	30.8	22	27.5	25.3	18.7	23.1	20.9	31.9	16.5	18.7	33	24.2	11	22	27.5	12.1	23.1	15.4	14.3	15.4	23.1	31.9	27.5	27.5	29.7	12.1	22	28.6	31.9	27.5	12.1	26.4	27.5	20.9	20.9	11	25.3	18.7	33	19.8	29.7	17.6	23.1	24.2	18.7	16.5	17.6	11	25.3	13.2	19.8	31.9	28.6	23.1	17.6	17.6	17.6	14.3	30.8	14.3	23.1	16.5	13.2	30.8	16.5	17.6	28.6	17.6	26.4	27.5	11	17.6	33	33	18.7	19.8	28.6	18.7	18.7	22	28.6	28.6	27.5	26.4	22	20.9	15.4	29.7	31.9	20.9	26.4	16.5	17.6	11	15.4	23.1	16.5	19.8	24.2	19.8	29.7	19.8	26.4	16.5	31.9	24.2	30.8	26.4	23.1	20.9	16.5	14.3	13.2	16.5	27.5	11	30.8	29.7	26.4	16.5	26.4	31.9	29.7	16.5	14.3	29.7	29.7	27.5	28.6	20.9	19.8	13.2	18.7	23.1	12.1	20.9	23.1	26.4	24.2	28.6	16.5	23.1	29.7	24.2	31.9	19.8	26.4	18.7	29.7	11	17.6	15.4	29.7	13.2	12.1	20.9	18.7	18.7	15.4	27.5	25.3	23.1	16.5	27.5	14.3	19.8	20.9	20.9	33	18.7	28.6	23.1	22	23.1	31.9	27.5	18.7	26.4	28.6	13.2	25.3	11	27.5	16.5	33	23.1	31.9	12.1	33	24.2	26.4	26.4	18.7	26.4	27.5	16.5	24.2	15.4	30.8	15.4	22	24.2	22	29.7	29.7	19.8	24.2	31.9	30.8	25.3	20.9	17.6	24.2	26.4	30.8	13.2	11	15.4	13.2	23.1	14.3	28.6	12.1	16.5	28.6	15.4	23.1	26.4	13.2	12.1	19.8	20.9	25.3	12.1	14.3	16.5	18.7	30.8	25.3	28.6	11	18.7	14.3	18.7	25.3	31.9	23.1	22	23.1	14.3	33	27.5	20.9	12.1	30.8	16.5	24.2	15.4	22	19.8	16.5	11	24.2	33	23.1	23.1	27.5	31.9	19.8	12.1	20.9	17.6	29.7	20.9	15.4	19.8	13.2	29.7	24.2	13.2	15.4	28.6	26.4	20.9	11	25.3	24.2	26.4	24.2	33	29.7	17.6	20.9	33	28.6	13.2	12.1	18.7	30.8	11	27.5	16.5	26.4	33	12.1	29.7	24.2	33	22	22	33	28.6	30.8	23.1	26.4	22	28.6	29.7	15.4	24.2	11	26.4	15.4	25.3	17.6	16.5	14.3	22	11	17.6	31.9	28.6	18.7	30.8	23.1	22	27.5	11	18.7	27.5	33	27.5	11	27.5	19.8	30.8	24.2	15.4	25.3	28.6	18.7	14.3	18.7	13.2	24.2	28.6	12.1	27.5	19.8	19.8	24.2	17.6	14.3	17.6	22	24.2	16.5	20.9	27.5	26.4	22	27.5	11	14.3	25.3	17.6	22	26.4	33	29.7	19.8	16.5	16.5	22	11	22	22	18.7	27.5	27.5	33	33	31.9	25.3	28.6	33	27.5	33	18.7	25.3	23.1	25.3	27.5	12.1	22	29.7	28.6	24.2	14.3	31.9	13.2	18.7	27.5	23.1	19.8	25.3	22	23.1	27.5	14.3	30.8	27.5	14.3	16.5	30.8	33	26.4	20.9	20.9	25.3	19.8	26.4	11	28.6	12.1	23.1	22	15.4	14.3	17.6	18.7	33	26.4	28.6	23.1	22	26.4	11	18.7	12.1	28.6	24.2	22	25.3	25.3	11	16.5	33	11	13.2	22	26.4	26.4	11	16.5	20.9	15.4	19.8	24.2	15.4	27.5	25.3	23.1	13.2	14.3	13.2	20.9	27.5	15.4	31.9	27.5	24.2	26.4	12.1	33	16.5	18.7	23.1	22	19.8	17.6	13.2	33	20.9	17.6	22	12.1	28.6	12.1	28.6	25.3	26.4	26.4	12.1	27.5	17.6	22	11	23.1	16.5	13.2	29.7	27.5	15.4	24.2	29.7	29.7	29.7	11	22	26.4	15.4	17.6	16.5	30.8	31.9	15.4	19.8	12.1	22	18.7	19.8	25.3	18.7	12.1	29.7	20.9	16.5	23.1	18.7	28.6	12.1	25.3	15.4	33	30.8	18.7	15.4	30.8	11	25.3	30.8	31.9	28.6	25.3	26.4	27.5	12.1	11	30.8	18.7	23.1	28.6	28.6	29.7	30.8	25.3	33	24.2	20.9	27.5	16.5	14.3	24.2	12.1	19.8	19.8	16.5	22	14.3	25.3	26.4	15.4	15.4	19.8	18.7	28.6	20.9	29.7	23.1	20.9	16.5	26.4	27.5	16.5	22	26.4	31.9	14.3	17.6	29.7	16.5	12.1	31.9	27.5	20.9	15.4	26.4	16.5	18.7	29.7	25.3	25.3	13.2	33	17.6	13.2	25.3	29.7	14.3	31.9	22	11	25.3	27.5	29.7	16.5	16.5	12.1	31.9	26.4	30.8	17.6	16.5	28.6	26.4	18.7	31.9	16.5	25.3	14.3	33	12.1	19.8	20.9	23.1	28.6	29.7	11	22	27.5	30.8	23.1	26.4	29.7	11	23.1	26.4	17.6	16.5	23.1	20.9	14.3	15.4	27.5	28.6	33	30.8	12.1	27.5	28.6	33	20.9	16.5	19.8	12.1	23.1	24.2	11	12.1	12.1	17.6	26.4	16.5	23.1	30.8	22	25.3	30.8	28.6	20.9	16.5	27.5	30.8	22	28.6	28.6	29.7	33	18.7	31.9	14.3	28.6	33	16.5	23.1	24.2	19.8	18.7	26.4	22	20.9	18.7	30.8	17.6	30.8	15.4	31.9	29.7	31.9	33	13.2	20.9	16.5	28.6	17.6	28.6	29.7	30.8	16.5	17.6	15.4	17.6	25.3	25.3	14.3	13.2	25.3	33	33	27.5	11	14.3	29.7	25.3	23.1	30.8	33	15.4	29.7	14.3	25.3	24.2	26.4	17.6	12.1	22	28.6	17.6	23.1	26.4	13.2	17.6	15.4	33	28.6	33	19.8	29.7	29.7	19.8	13.2	31.9	30.8	28.6	13.2	16.5	31.9	16.5	31.9	11	26.4	13.2	29.7	15.4	11	16.5	24.2	27.5	25.3	25.3	33	13.2	29.7	26.4	17.6	15.4	29.7	16.5	27.5	24.2	23.1	29.7	13.2	13.2	15.4	23.1	33	23.1	30.8	20.9	11	28.6	11	16.5	18.7	31.9	18.7	25.3	28.6	24.2	19.8	19.8	20.9	25.3	28.6	18.7	15.4	16.5	13.2	28.6	30.8	28.6	17.6	29.7	13.2	27.5	22	29.7	12.1	18.7	13.2	16.5	14.3	14.3	26.4	24.2	33	26.4	31.9	14.3	19.8	25.3	25.3	13.2	27.5	18.7	11	25.3	11	18.7	19.8	14.3	14.3	30.8	28.6	15.4	24.2	27.5	25.3	31.9	11	13.2	15.4	26.4	19.8	20.9	28.6	31.9	30.8	27.5	15.4	15.4	20.9	23.1	23.1	24.2	17.6	15.4	28.6	17.6	24.2	11	19.8	17.6	29.7	20.9	28.6	24.2	16.5	31.9	15.4	27.5	15.4	28.6	19.8	25.3	18.7	15.4	28.6	14.3	24.2	18.7	23.1	19.8	26.4	20.9	14.3	15.4	29.7	26.4	13.2	19.8	22	31.9	18.7	20.9	13.2	31.9	25.3	15.4	24.2	16.5	31.9	20.9	11	31.9	33	20.9	14.3	11	33	12.1	16.5	26.4	20.9	12.1	30.8	18.7	31.9	14.3	23.1	27.5	31.9	23.1	24.2	14.3	17.6	24.2	15.4	11	14.3	24.2	33	17.6	16.5	31.9	11	33	15.4	20.9	33	33	16.5	19.8	28.6	12.1	27.5	17.6	27.5	15.4	17.6	15.4	20.9	16.5	
18.7	11	30.8	12.1	24.2	23.1	23.1	15.4	25.3	11	26.4	27.5	25.3	15.4	18.7	24.2	27.5	17.6	29.7	31.9	27.5	22	24.2	33	31.9	29.7	23.1	11	20.9	15.4	13.2	33	14.3	28.6	27.5	18.7	14.3	13.2	27.5	11	30.8	33	17.6	17.6	11	
10	18	14	11	10	14	13	18	13	15	11	11	13	11	10	13	17	19	20	13	10	16	10	16	15	20	17	11	10	11	17	11	12	20	11	10	10	12	18	18	14	16	19	10	14	13	17	14	17	13	16	14	15	13	17	19	13	11	18	16	12	18	18	16	10	17	19	13	11	19	10	11	12	13	12	10	17	16	13	17	13	13	17	12	10	15	18	20	14	13	18	13	19	16	12	12	13	19	13	17	12	20	15	16	12	15	14	11	18	15	11	12	20	20	14	19	10	17	17	17	20	14	13	16	17	14	10	18	10	12	15	19	12	17	13	20	19	10	13	11	17	10	20	14	13	14	20	16	11	14	20	13	14	16	19	13	17	19	18	17	13	11	12	14	17	19	15	14	14	16	12	15	12	16	19	20	20	14	17	18	18	19	15	11	15	10	12	13	17	11	16	16	11	12	18	17	19	20	14	18	15	18	13	11	19	12	18	15	16	15	17	17	11	10	14	20	18	20	12	18	18	14	16	12	19	12	15	16	15	12	19	11	11	16	13	15	13	13	20	12	12	14	15	15	14	14	20	20	12	16	15	17	10	10	17	15	17	16	20	16	16	17	19	17	12	13	16	18	17	20	13	15	20	12	18	17	12	13	12	15	14	12	13	11	16	19	20	12	17	17	16	12	17	10	16	11	17	16	18	16	18	17	13	15	20	17	17	20	10	13	15	17	10	18	20	17	14	13	13	15	15	15	15	18	14	13	11	18	12	20	13	10	15	10	15	13	20	19	10	10	10	20	11	20	11	17	15	12	12	12	17	19	11	19	18	14	16	14	20	12	14	17	18	13	15	14	20	14	19	14	11	10	19	15	16	15	20	14	10	14	12	10	18	15	19	12	12	13	19	19	14	14	18	10	17	10	11	16	16	15	18	14	15	10	18	12	10	19	13	19	19	20	16	13	19	20	13	13	16	12	16	11	11	13	14	11	15	10	20	16	10	17	10	20	15	15	18	16	12	10	19	14	17	13	14	12	17	15	15	16	19	16	10	16	15	19	18	17	15	15	12	18	12	16	13	20	13	15	16	10	19	19	18	15	20	12	10	10	17	19	15	15	16	15	20	17	15	15	14	15	14	12	17	17	15	11	10	11	15	10	10	12	10	16	10	11	11	10	12	18	15	20	10	20	15	13	16	11	14	15	19	10	13	17	17	17	15	17	20	10	17	11	15	14	12	19	17	10	15	16	12	20	18	15	15	12	11	19	10	14	11	11	15	20	10	11	13	20	16	14	12	17	18	19	18	15	14	14	20	13	14	11	10	19	11	14	19	10	18	19	14	13	10	20	14	11	19	20	20	19	12	18	20	11	20	20	10	11	11	12	14	11	18	18	12	13	20	19	18	11	13	16	14	17	13	13	19	17	10	12	13	10	15	19	16	19	20	10	13	16	17	15	10	15	19	20	19	16	11	15	16	12	10	10	12	14	14	13	17	18	20	15	18	10	19	18	16	10	16	20	15	19	20	19	13	14	14	20	19	14	16	18	15	12	15	14	16	16	20	19	13	17	12	10	18	18	20	12	18	14	16	17	19	18	17	17	20	18	20	16	16	16	10	11	16	19	12	12	10	18	13	18	11	19	14	17	10	17	18	15	10	15	13	19	12	16	16	15	10	12	16	12	19	10	18	13	18	20	13	14	12	11	10	15	14	14	18	17	17	12	10	11	17	20	20	15	19	18	19	20	14	11	14	16	18	13	16	11	15	18	17	17	10	19	20	15	12	17	10	11	11	17	15	11	13	17	11	13	12	14	15	18	14	14	15	19	15	16	14	10	13	17	17	12	11	13	10	10	11	19	14	18	18	14	16	13	12	20	15	17	14	11	10	11	19	17	17	17	18	16	15	12	17	18	20	12	16	19	17	16	15	12	16	14	12	17	14	16	20	13	18	18	20	10	16	13	10	19	20	11	19	13	10	13	20	15	12	12	15	12	19	15	19	18	14	13	14	18	13	13	18	17	14	18	12	11	11	15	13	13	20	16	18	15	20	14	18	13	11	18	19	12	17	20	11	20	19	15	13	10	14	13	10	18	11	14	14	13	10	14	14	20	15	10	17	10	13	15	17	14	11	19	13	20	10	11	18	12	15	12	13	10	16	18	10	13	10	11	18	12	15	15	20	12	17	19	18	14	14	20	19	10	11	15	16	11	12	18	15	17	19	17	13	20	12	19	15	18	19	13	15	16	16	10	20	11	15	12	16	19	12	14	18	17	12	14	19	16	18	13	
1	1	1	1	1	1	1	1	1	1	1	1	1	1	1	1	1	1	1	1	1	1	2	2	2	2	2	2	2	2	2	2	2	2	2	2	2	2	2	2	2	2	3	3	3	3	3	3	3	3	3	3	3	3	3	3	3	3	3	3	3	3	3	3	3	3	4	4	4	4	4	4	4	4	4	4	4	4	4	4	4	4	4	4	4	5	5	5	5	5	5	5	5	5	5	5	5	5	5	5	5	5	6	6	6	6	6	6	6	6	6	6	6	6	6	6	6	6	6	6	6	6	6	7	7	7	7	7	7	7	7	7	7	7	7	7	7	7	7	7	7	8	8	8	8	8	8	8	8	8	8	8	8	8	8	8	8	8	8	8	8	8	8	8	8	9	9	9	9	9	9	9	9	9	9	9	9	9	9	9	9	9	9	9	9	9	9	9	10	10	10	10	10	10	10	10	10	10	10	10	10	10	10	10	10	10	10	10	10	10	10	10	11	11	11	11	11	11	11	11	11	11	11	11	11	11	11	11	11	11	11	11	11	11	11	11	11	11	11	12	12	12	12	12	12	12	12	12	12	12	12	12	12	12	12	13	13	13	13	13	13	13	13	13	13	13	13	13	13	13	13	13	13	13	13	13	13	13	13	13	13	13	13	14	14	14	14	14	14	14	14	14	14	14	14	14	14	14	14	14	15	15	15	15	15	15	15	15	15	15	15	15	15	15	15	15	15	15	15	16	16	16	16	16	16	16	16	16	16	16	16	16	16	16	16	16	16	16	16	16	16	16	16	16	16	16	17	17	17	17	17	17	17	17	17	17	17	17	17	17	17	17	17	17	17	17	17	17	17	17	18	18	18	18	18	18	18	18	18	18	18	18	18	18	18	18	18	18	18	18	18	18	18	18	18	18	18	19	19	19	19	19	19	19	19	19	19	19	19	19	19	19	19	19	19	19	19	19	19	19	19	19	19	19	19	20	20	20	20	20	20	20	20	20	20	20	20	20	20	20	20	20	20	20	20	20	20	20	20	20	20	20	20	21	21	21	21	21	21	21	21	21	21	21	21	21	21	21	21	21	21	21	21	21	21	22	22	22	22	22	22	22	22	22	22	22	22	22	22	23	23	23	23	23	23	23	23	23	23	23	23	23	23	23	23	23	23	23	23	23	23	23	23	24	24	24	24	24	24	24	24	24	24	24	24	24	24	24	24	24	24	24	24	25	25	25	25	25	25	25	25	25	25	25	25	25	25	25	25	25	25	25	25	25	25	25	25	25	25	25	26	26	26	26	26	26	26	26	26	26	26	26	26	26	26	26	26	26	27	27	27	27	27	27	27	27	27	27	27	27	27	27	27	27	27	27	27	27	28	28	28	28	28	28	28	28	28	28	28	28	28	28	28	28	29	29	29	29	29	29	29	29	29	29	29	29	29	29	29	29	29	29	29	29	29	29	29	29	30	30	30	30	30	30	30	30	30	30	30	30	30	30	30	30	31	31	31	31	31	31	31	31	31	31	31	31	31	31	31	31	31	31	31	31	31	31	31	31	32	32	32	32	32	32	32	32	32	32	32	32	32	32	32	32	32	32	32	32	32	32	32	32	32	33	33	33	33	33	33	33	33	33	33	33	33	33	33	33	33	33	33	33	33	33	34	34	34	34	34	34	34	34	34	34	34	34	34	34	34	34	34	34	34	34	34	34	34	34	34	34	34	34	35	35	35	35	35	35	35	35	35	35	35	35	35	35	35	35	35	35	35	35	35	36	36	36	36	36	36	36	36	36	36	36	36	36	36	36	36	37	37	37	37	37	37	37	37	37	37	37	37	37	37	37	37	38	38	38	38	38	38	38	38	38	38	38	38	38	38	38	38	38	38	38	38	38	38	39	39	39	39	39	39	39	39	39	39	39	39	39	39	39	39	39	39	39	39	39	39	39	40	40	40	40	40	40	40	40	40	40	40	40	40	40	40	40	40	40	40	40	40	40	40	41	41	41	41	41	41	41	41	41	41	41	41	41	41	41	41	41	41	41	41	41	41	41	41	41	41	41	41	41	42	42	42	42	42	42	42	42	42	42	42	42	42	42	42	42	42	42	42	42	42	42	42	42	42	43	43	43	43	43	43	43	43	43	43	43	43	43	43	43	43	43	43	43	43	43	43	44	44	44	44	44	44	44	44	44	44	44	44	44	44	44	44	44	44	44	44	44	44	44	45	45	45	45	45	45	45	45	45	45	45	45	45	45	45	45	45	45	45	45	45	45	45	45	45	45	45	45	
