1000
45	8
437	19.8
29	28	29	30	30	31	26	30	26	31	27	31	28	29	31	31	30	29	30	26	28	29	28	26	31	30	28	30	26	30	30	31	27	26	27	26	26	31	31	31	29	29	29	28	31	29	26	31	29	27	31	26	28	29	31	30	26	31	28	27	28	27	28	29	27	26	27	30	29	30	26	29	27	31	26	26	29	29	26	30	31	26	31	31	27	29	26	26	31	29	29	31	26	29	29	31	31	31	27	31	27	29	31	29	31	27	29	28	29	29	27	27	30	26	30	31	30	29	26	28	28	31	29	27	26	31	29	27	26	26	29	27	30	27	30	29	27	31	26	29	30	28	30	27	31	29	26	30	28	27	31	26	29	26	29	31	30	27	31	31	31	29	29	26	27	31	30	28	30	28	28	30	29	26	29	31	31	28	26	31	28	29	26	30	29	27	30	28	31	27	27	29	31	31	29	26	30	28	26	28	31	26	31	29	28	27	26	29	27	30	27	26	27	27	27	28	31	29	27	28	26	30	27	30	30	28	29	29	31	30	31	28	29	30	27	30	29	30	26	31	28	29	31	31	27	29	27	31	27	27	28	27	30	30	26	30	29	30	30	31	27	29	30	31	26	31	26	28	30	30	27	27	26	29	30	31	29	31	30	29	28	29	30	28	26	29	26	31	31	26	31	31	26	31	31	27	29	29	29	31	27	29	26	31	28	29	26	26	27	31	31	26	31	31	30	30	29	27	27	26	29	28	28	26	28	30	29	26	31	28	28	28	29	28	30	30	30	29	28	31	30	27	26	27	31	29	26	30	29	31	30	28	30	29	28	28	29	30	31	30	28	30	31	30	31	30	28	27	31	27	28	30	28	30	31	31	30	30	31	27	26	27	31	27	31	28	28	26	27	31	29	31	31	31	30	28	26	27	27	28	29	29	30	26	27	31	28	27	26	26	30	31	28	26	31	28	27	31	26	26	27	30	29	27	26	26	27	27	31	31	27	28	28	28	31	26	31	28	30	30	27	29	31	26	28	29	29	30	27	30	28	31	29	31	26	30	30	31	30	26	29	27	30	27	27	30	29	28	28	28	31	29	30	27	30	27	28	27	28	30	29	29	27	26	30	30	28	29	26	29	29	30	28	29	26	30	26	30	27	26	26	29	26	31	30	29	29	31	31	26	27	29	30	29	30	31	30	31	29	28	31	27	30	30	29	26	28	26	30	27	27	28	27	27	30	26	30	31	28	28	26	30	27	30	30	28	31	27	27	31	30	31	29	30	29	29	30	26	31	29	30	31	31	29	31	27	28	29	30	31	26	31	30	30	29	30	26	26	29	31	29	27	30	28	31	29	28	26	28	30	28	28	30	30	29	26	26	26	26	26	26	31	26	30	28	26	26	26	27	29	30	27	31	26	28	29	28	31	26	31	27	28	30	29	31	31	31	27	29	30	27	28	27	27	29	30	30	31	26	28	27	26	26	27	27	31	28	30	28	28	27	28	31	28	26	26	28	29	30	28	27	31	30	30	29	29	26	29	28	27	28	31	27	26	30	27	30	31	31	31	29	27	30	26	30	26	29	31	29	29	27	29	28	30	29	27	29	28	28	28	31	26	29	28	28	27	26	28	31	31	26	31	27	30	29	31	31	26	31	31	28	28	30	26	27	31	26	28	29	30	28	30	30	31	31	29	29	29	27	30	31	27	31	30	29	30	26	26	27	30	31	29	29	28	31	28	29	27	30	30	29	26	26	28	30	27	27	31	27	29	28	27	26	30	31	30	26	27	30	26	27	28	26	26	28	30	28	31	27	26	27	26	28	26	30	31	27	28	26	29	31	27	31	28	30	30	29	28	26	28	26	28	28	26	29	31	31	28	31	29	31	27	27	30	26	31	30	28	30	29	31	31	31	27	31	31	30	28	31	31	26	28	27	28	28	26	26	27	29	29	27	28	29	31	27	31	26	31	28	27	29	27	31	26	27	27	28	29	28	29	30	31	29	31	26	27	28	29	26	26	29	29	28	27	31	30	29	26	31	30	27	29	31	29	30	26	31	26	29	27	26	30	26	29	28	27	31	30	31	27	28	26	30	27	30	28	31	26	31	26	29	26	27	30	29	31	29	28	29	28	28	29	27	29	30	31	30	28	26	27	29	31	29	28	29	29	27	30	28	31	28	27	30	26	28	27	26	31	31	27	26	29	27	29	26	28	26	30	30	29	31	30	28	28	29	30	29	26	28	31	26	31	26	30	26	31	30	26	29	29	30	27	26	26	28	30	30	27	31	30	
78	86	81	93	77	90	90	93	84	89	91	88	93	84	79	92	82	80	89	90	76	92	82	90	80	88	87	86	83	92	88	91	90	88	92	83	80	86	78	78	89	91	79	84	81	81	84	79	86	87	81	77	94	83	79	94	89	81	89	82	76	88	82	86	86	87	89	76	80	78	88	78	93	80	84	80	77	88	93	76	76	82	80	77	87	93	91	76	85	87	88	93	77	91	83	80	92	90	93	90	86	81	90	88	78	80	87	89	91	80	84	91	86	86	82	89	83	83	76	92	83	85	92	87	77	82	94	88	84	80	83	88	86	88	84	77	80	79	89	83	82	94	78	84	94	90	87	91	77	78	91	77	81	76	78	87	84	87	85	85	92	93	78	83	80	94	85	77	93	86	76	80	78	78	88	93	89	79	81	80	94	84	82	80	88	79	93	85	80	79	78	92	76	92	93	89	80	84	93	86	85	78	89	86	82	88	94	84	94	76	87	76	83	82	83	87	83	79	78	89	88	77	79	78	90	94	82	78	85	80	84	80	94	83	80	83	81	85	80	94	82	91	83	89	84	93	79	90	91	81	76	84	80	79	88	82	89	91	85	89	83	84	79	85	81	93	76	84	88	94	87	90	85	94	82	89	86	84	88	92	93	77	86	86	85	91	78	80	85	91	92	81	90	90	82	90	87	86	76	84	78	83	77	93	83	94	90	92	89	84	89	79	94	90	76	87	79	87	89	84	87	89	83	93	88	82	88	77	85	76	94	79	86	80	93	83	81	90	83	92	85	78	84	85	85	91	79	92	91	79	83	89	76	92	76	89	81	79	87	82	84	79	89	82	86	92	93	76	94	91	92	76	78	88	83	81	86	82	84	81	92	80	92	82	88	82	78	78	91	94	86	94	77	88	82	85	88	84	88	77	87	87	87	87	89	94	82	94	87	90	86	89	80	83	85	89	84	85	87	76	76	86	92	88	94	76	90	76	81	82	92	85	84	89	86	87	82	87	93	81	78	82	87	91	87	93	84	83	78	80	77	83	82	79	89	79	79	82	92	89	77	91	88	86	87	90	88	84	76	81	83	91	82	84	78	90	85	87	93	92	87	82	79	76	79	90	93	87	88	86	88	93	89	77	88	89	91	82	81	93	87	86	80	82	90	82	89	85	77	86	84	76	84	85	91	93	82	84	79	91	85	88	87	81	88	87	80	76	92	77	94	92	79	91	93	87	89	79	80	81	91	85	88	86	93	92	87	84	77	87	80	77	86	89	83	86	92	76	79	87	88	87	86	89	76	93	76	87	90	94	77	76	87	88	84	84	78	85	84	85	89	83	85	91	85	93	90	81	89	90	81	77	78	86	85	94	76	80	83	76	76	89	81	91	89	86	89	89	91	90	81	85	85	84	90	77	82	87	76	85	88	77	92	90	77	93	82	78	79	79	87	90	85	90	91	84	93	79	82	92	83	82	87	82	80	82	90	76	92	91	91	92	77	89	85	90	80	92	87	86	89	84	83	94	93	83	85	84	87	93	93	78	81	76	85	92	78	90	93	94	81	86	79	94	92	79	80	88	90	86	84	76	83	83	82	83	80	85	93	93	90	87	93	87	80	94	80	84	93	88	83	85	79	80	80	80	93	86	85	78	88	92	86	89	80	89	76	90	93	87	90	82	80	81	80	84	84	89	89	78	82	82	87	77	76	91	85	77	79	77	81	77	85	84	79	90	87	81	87	87	88	94	84	85	92	87	86	87	76	93	87	76	78	88	77	88	88	87	76	93	86	79	92	88	88	83	79	76	90	92	91	82	89	84	90	77	87	79	77	77	94	78	93	88	90	90	80	78	78	85	93	76	83	79	80	83	93	86	84	92	85	76	84	78	77	77	78	79	90	79	86	93	87	82	76	84	82	81	92	93	88	83	91	80	83	86	91	84	87	89	77	87	82	82	92	77	94	77	77	92	93	79	79	86	84	87	91	85	94	89	77	77	86	93	78	88	94	94	80	83	90	86	77	76	89	92	90	82	82	83	79	94	85	92	91	87	83	91	90	78	82	89	93	94	92	85	90	76	83	85	87	79	93	87	87	76	93	88	91	80	82	79	94	94	92	84	90	82	80	91	82	83	86	87	84	89	76	78	86	83	78	85	77	76	94	84	82	90	84	81	90	84	77	86	80	94	76	80	78	76	80	92	77	77	77	86	93	85	93	85	85	83	91	79	90	85	89	81	76	80	87	81	76	77	94	80	93	83	84	77	91	92	79	83	82	83	78	80	87	83	
22	18.7	23.1	14.3	26.4	25.3	20.9	15.4	22	28.6	14.3	22	18.7	20.9	33	26.4	12.1	26.4	33	26.4	20.9	23.1	28.6	13.2	20.9	24.2	14.3	15.4	25.3	14.3	14.3	14.3	33	24.2	23.1	12.1	13.2	31.9	29.7	14.3	11	30.8	16.5	27.5	13.2	23.1	25.3	15.4	16.5	11	19.8	11	16.5	16.5	33	20.9	26.4	23.1	22	12.1	27.5	25.3	27.5	24.2	33	26.4	16.5	15.4	11	20.9	24.2	28.6	20.9	27.5	25.3	25.3	18.7	11	18.7	15.4	25.3	29.7	30.8	16.5	25.3	16.5	23.1	12.1	15.4	12.1	22	24.2	26.4	13.2	29.7	24.2	22	17.6	28.6	15.4	17.6	23.1	15.4	30.8	13.2	29.7	25.3	24.2	12.1	33	23.1	18.7	14.3	28.6	33	28.6	23.1	17.6	11	12.1	17.6	14.3	31.9	23.1	23.1	15.4	33	15.4	28.6	12.1	15.4	26.4	27.5	18.7	24.2	14.3	25.3	15.4	15.4	15.4	15.4	17.6	24.2	25.3	15.4	14.3	26.4	19.8	24.2	25.3	19.8	26.4	18.7	15.4	28.6	25.3	13.2	30.8	28.6	24.2	23.1	29.7	30.8	22	16.5	20.9	25.3	15.4	27.5	27.5	19.8	31.9	14.3	19.8	23.1	20.9	31.9	30.8	20.9	18.7	24.2	15.4	20.9	30.8	15.4	12.1	29.7	33	17.6	12.1	33	28.6	14.3	30.8	20.9	20.9	22	33	19.8	28.6	16.5	28.6	24.2	31.9	15.4	22	26.4	13.2	20.9	24.2	12.1	24.2	13.2	26.4	24.2	33	16.5	31.9	29.7	14.3	22	25.3	18.7	22	18.7	23.1	24.2	20.9	33	27.5	15.4	18.7	25.3	13.2	24.2	33	14.3	14.3	14.3	11	13.2	22	13.2	33	20.9	16.5	31.9	15.4	31.9	11	29.7	33	23.1	24.2	27.5	31.9	13.2	24.2	19.8	33	13.2	20.9	26.4	25.3	25.3	23.1	17.6	24.2	24.2	14.3	13.2	24.2	13.2	25.3	25.3	15.4	15.4	23.1	30.8	12.1	30.8	24.2	11	25.3	17.6	12.1	12.1	23.1	15.4	33	27.5	22	14.3	19.8	30.8	31.9	26.4	13.2	16.5	20.9	20.9	26.4	22	33	14.3	31.9	28.6	26.4	16.5	28.6	19.8	27.5	31.9	30.8	20.9	25.3	29.7	27.5	18.7	33	18.7	17.6	15.4	28.6	23.1	14.3	22	11	24.2	29.7	25.3	11	28.6	15.4	24.2	31.9	31.9	30.8	16.5	13.2	22	28.6	23.1	23.1	11	33	16.5	13.2	20.9	26.4	22	25.3	29.7	13.2	11	17.6	27.5	24.2	28.6	22	28.6	22	15.4	17.6	30.8	31.9	20.9	29.7	13.2	18.7	22	14.3	23.1	13.2	12.1	19.8	18.7	23.1	17.6	15.4	17.6	26.4	31.9	13.2	15.4	31.9	29.7	25.3	28.6	25.3	24.2	17.6	15.4	16.5	16.5	27.5	11	30.8	17.6	33	33	33	33	15.4	33	22	23.1	26.4	27.5	12.1	18.7	33	16.5	23.1	25.3	18.7	12.1	30.8	24.2	26.4	20.9	28.6	18.7	17.6	22	14.3	25.3	25.3	24.2	29.7	31.9	27.5	22	25.3	24.2	31.9	14.3	20.9	16.5	25.3	20.9	20.9	18.7	28.6	22	20.9	13.2	17.6	11	26.4	16.5	20.9	31.9	17.6	27.5	33	13.2	12.1	15.4	20.9	17.6	23.1	30.8	29.7	33	20.9	15.4	26.4	19.8	22	12.1	28.6	24.2	17.6	23.1	26.4	30.8	11	16.5	25.3	11	14.3	16.5	29.7	29.7	15.4	11	19.8	20.9	30.8	14.3	15.4	24.2	16.5	15.4	25.3	17.6	13.2	22	19.8	17.6	29.7	25.3	22	24.2	29.7	14.3	31.9	14.3	13.2	22	17.6	18.7	25.3	17.6	25.3	15.4	26.4	14.3	24.2	26.4	26.4	26.4	31.9	18.7	31.9	28.6	25.3	30.8	27.5	18.7	13.2	18.7	13.2	30.8	23.1	17.6	22	23.1	23.1	27.5	28.6	28.6	12.1	12.1	20.9	13.2	13.2	15.4	25.3	13.2	30.8	16.5	13.2	15.4	30.8	20.9	25.3	25.3	30.8	30.8	33	33	18.7	19.8	12.1	12.1	19.8	15.4	26.4	16.5	29.7	18.7	20.9	24.2	31.9	15.4	26.4	17.6	11	12.1	23.1	17.6	19.8	13.2	20.9	29.7	30.8	28.6	31.9	19.8	26.4	17.6	29.7	29.7	20.9	15.4	16.5	27.5	30.8	18.7	30.8	17.6	22	15.4	22	16.5	25.3	25.3	12.1	17.6	22	18.7	15.4	26.4	17.6	23.1	11	31.9	28.6	18.7	28.6	27.5	27.5	28.6	16.5	33	26.4	19.8	30.8	17.6	13.2	30.8	25.3	26.4	33	18.7	31.9	16.5	23.1	14.3	23.1	16.5	23.1	12.1	22	18.7	23.1	30.8	20.9	29.7	28.6	16.5	16.5	19.8	27.5	20.9	22	23.1	27.5	26.4	17.6	30.8	24.2	11	12.1	26.4	25.3	22	13.2	23.1	24.2	22	12.1	24.2	31.9	13.2	11	16.5	30.8	28.6	13.2	29.7	11	16.5	19.8	19.8	13.2	24.2	25.3	33	31.9	24.2	33	18.7	16.5	11	19.8	12.1	16.5	16.5	33	16.5	11	15.4	27.5	28.6	13.2	33	31.9	31.9	13.2	12.1	18.7	20.9	16.5	20.9	26.4	23.1	14.3	24.2	11	26.4	31.9	18.7	11	18.7	33	19.8	19.8	18.7	23.1	30.8	28.6	18.7	31.9	20.9	11	20.9	24.2	19.8	14.3	17.6	23.1	13.2	27.5	28.6	29.7	15.4	33	27.5	29.7	23.1	11	26.4	27.5	20.9	16.5	13.2	18.7	29.7	12.1	24.2	17.6	25.3	22	23.1	29.7	26.4	18.7	26.4	27.5	11	17.6	15.4	29.7	12.1	17.6	31.9	19.8	24.2	30.8	11	30.8	13.2	15.4	17.6	23.1	16.5	17.6	24.2	13.2	25.3	11	20.9	29.7	28.6	17.6	25.3	33	22	29.7	20.9	29.7	19.8	13.2	25.3	27.5	17.6	31.9	27.5	28.6	13.2	30.8	22	20.9	12.1	27.5	31.9	13.2	13.2	29.7	15.4	12.1	24.2	15.4	11	15.4	17.6	20.9	19.8	13.2	30.8	30.8	16.5	28.6	13.2	23.1	29.7	19.8	20.9	14.3	33	29.7	22	28.6	14.3	31.9	28.6	13.2	33	33	23.1	27.5	31.9	13.2	18.7	20.9	29.7	19.8	18.7	18.7	27.5	22	12.1	13.2	20.9	24.2	29.7	12.1	25.3	29.7	26.4	15.4	29.7	14.3	25.3	11	11	17.6	17.6	17.6	11	19.8	19.8	28.6	25.3	17.6	11	16.5	26.4	11	14.3	12.1	25.3	27.5	22	30.8	17.6	23.1	26.4	17.6	13.2	26.4	15.4	19.8	14.3	28.6	33	24.2	27.5	30.8	30.8	22	23.1	27.5	11	20.9	11	27.5	31.9	22	15.4	28.6	19.8	23.1	33	15.4	24.2	15.4	23.1	24.2	11	20.9	24.2	29.7	12.1	17.6	33	24.2	27.5	24.2	18.7	29.7	16.5	23.1	12.1	18.7	33	17.6	19.8	11	22	11	20.9	29.7	14.3	15.4	23.1	26.4	19.8	17.6	18.7	16.5	11	33	26.4	33	17.6	22	11	19.8	22	17.6	22	33	15.4	15.4	22	18.7	22	31.9	29.7	12.1	12.1	15.4	24.2	22	25.3	18.7	31.9	14.3	15.4	29.7	33	23.1	13.2	13.2	22	13.2	
28.6	22	13.2	20.9	17.6	33	16.5	27.5	19.8	12.1	14.3	27.5	24.2	30.8	30.8	25.3	33	30.8	31.9	12.1	28.6	15.4	15.4	18.7	26.4	26.4	28.6	24.2	24.2	29.7	25.3	27.5	30.8	14.3	27.5	31.9	28.6	27.5	13.2	18.7	30.8	19.8	18.7	33	30.8	27.5	12.1	33	27.5	19.8	12.1	19.8	14.3	33	28.6	25.3	18.7	25.3	31.9	16.5	11	27.5	13.2	13.2	19.8	12.1	33	22	33	12.1	22	29.7	26.4	31.9	13.2	11	17.6	28.6	29.7	15.4	27.5	18.7	13.2	23.1	29.7	22	31.9	26.4	17.6	22	13.2	29.7	26.4	13.2	26.4	18.7	14.3	12.1	17.6	31.9	33	17.6	33	28.6	19.8	27.5	15.4	28.6	20.9	22	27.5	30.8	30.8	29.7	24.2	15.4	18.7	29.7	16.5	29.7	33	29.7	20.9	26.4	22	22	12.1	11	16.5	19.8	24.2	28.6	11	24.2	25.3	28.6	15.4	12.1	28.6	17.6	33	20.9	16.5	29.7	12.1	24.2	31.9	22	24.2	20.9	26.4	27.5	24.2	26.4	24.2	29.7	26.4	17.6	24.2	33	17.6	18.7	18.7	17.6	25.3	24.2	16.5	18.7	15.4	28.6	29.7	33	26.4	15.4	16.5	23.1	27.5	19.8	17.6	14.3	11	15.4	11	29.7	26.4	18.7	18.7	29.7	13.2	15.4	30.8	24.2	13.2	22	15.4	16.5	27.5	27.5	17.6	22	22	15.4	12.1	14.3	23.1	24.2	30.8	28.6	18.7	14.3	19.8	15.4	17.6	25.3	18.7	13.2	30.8	26.4	26.4	26.4	26.4	27.5	13.2	22	27.5	12.1	17.6	15.4	26.4	24.2	30.8	29.7	33	25.3	15.4	33	20.9	26.4	18.7	28.6	20.9	22	17.6	24.2	28.6	22	16.5	19.8	22	27.5	23.1	23.1	11	29.7	25.3	23.1	33	15.4	17.6	22	18.7	20.9	22	22	13.2	13.2	33	20.9	25.3	27.5	31.9	17.6	23.1	14.3	28.6	23.1	13.2	14.3	28.6	25.3	29.7	14.3	15.4	14.3	15.4	11	33	30.8	27.5	18.7	15.4	18.7	17.6	23.1	22	24.2	23.1	33	22	17.6	31.9	24.2	20.9	33	26.4	25.3	27.5	19.8	19.8	14.3	24.2	19.8	30.8	20.9	22	26.4	29.7	20.9	20.9	18.7	29.7	20.9	13.2	29.7	12.1	22	12.1	15.4	11	29.7	26.4	15.4	22	25.3	16.5	27.5	20.9	16.5	25.3	27.5	20.9	14.3	24.2	22	26.4	18.7	16.5	20.9	13.2	11	28.6	26.4	16.5	20.9	11	31.9	16.5	18.7	16.5	18.7	28.6	29.7	27.5	17.6	16.5	18.7	28.6	12.1	20.9	29.7	28.6	16.5	18.7	25.3	22	30.8	13.2	33	11	11	17.6	26.4	28.6	18.7	18.7	31.9	16.5	23.1	30.8	29.7	12.1	23.1	13.2	29.7	29.7	14.3	18.7	23.1	20.9	17.6	17.6	23.1	17.6	27.5	15.4	12.1	25.3	15.4	25.3	28.6	33	28.6	23.1	28.6	16.5	25.3	26.4	17.6	15.4	19.8	12.1	16.5	26.4	23.1	26.4	29.7	28.6	17.6	19.8	33	26.4	11	26.4	14.3	28.6	25.3	23.1	19.8	27.5	12.1	22	20.9	14.3	13.2	24.2	14.3	12.1	15.4	33	27.5	18.7	19.8	29.7	30.8	12.1	19.8	27.5	27.5	16.5	17.6	15.4	18.7	31.9	24.2	18.7	24.2	25.3	15.4	14.3	20.9	24.2	17.6	11	24.2	28.6	26.4	26.4	16.5	29.7	12.1	25.3	19.8	25.3	12.1	24.2	31.9	24.2	22	29.7	26.4	31.9	11	26.4	13.2	20.9	12.1	12.1	27.5	23.1	27.5	19.8	11	11	14.3	23.1	15.4	17.6	27.5	11	14.3	18.7	27.5	23.1	13.2	29.7	27.5	18.7	24.2	16.5	20.9	18.7	15.4	29.7	17.6	13.2	24.2	11	17.6	31.9	13.2	18.7	17.6	12.1	27.5	14.3	24.2	26.4	13.2	24.2	25.3	16.5	27.5	30.8	25.3	30.8	12.1	31.9	29.7	22	23.1	13.2	17.6	29.7	23.1	29.7	28.6	18.7	24.2	14.3	20.9	14.3	27.5	16.5	30.8	29.7	24.2	31.9	11	28.6	12.1	12.1	23.1	30.8	30.8	22	26.4	25.3	28.6	13.2	12.1	26.4	19.8	16.5	29.7	24.2	23.1	33	23.1	14.3	26.4	27.5	30.8	12.1	33	22	27.5	13.2	15.4	30.8	33	16.5	28.6	33	16.5	28.6	29.7	20.9	18.7	12.1	17.6	15.4	24.2	31.9	16.5	23.1	33	17.6	15.4	26.4	19.8	15.4	23.1	33	31.9	30.8	24.2	25.3	12.1	24.2	16.5	27.5	27.5	22	29.7	12.1	19.8	28.6	31.9	20.9	31.9	13.2	30.8	17.6	18.7	28.6	14.3	24.2	22	30.8	11	23.1	31.9	15.4	20.9	25.3	30.8	23.1	12.1	24.2	23.1	31.9	24.2	16.5	26.4	19.8	18.7	26.4	17.6	29.7	19.8	18.7	13.2	26.4	30.8	28.6	30.8	13.2	19.8	25.3	26.4	25.3	15.4	29.7	24.2	19.8	16.5	11	31.9	14.3	18.7	30.8	15.4	22	26.4	31.9	28.6	13.2	22	28.6	24.2	17.6	27.5	22	33	25.3	25.3	30.8	15.4	23.1	20.9	26.4	20.9	33	17.6	23.1	14.3	24.2	11	18.7	22	17.6	16.5	23.1	12.1	33	25.3	22	24.2	20.9	27.5	19.8	24.2	12.1	14.3	20.9	29.7	27.5	28.6	30.8	20.9	20.9	27.5	11	27.5	12.1	24.2	13.2	11	11	29.7	26.4	14.3	15.4	16.5	18.7	12.1	28.6	27.5	30.8	12.1	28.6	11	14.3	19.8	11	22	19.8	23.1	26.4	25.3	26.4	29.7	28.6	14.3	13.2	29.7	19.8	33	11	13.2	17.6	33	26.4	22	26.4	13.2	15.4	13.2	13.2	27.5	12.1	25.3	11	25.3	22	12.1	33	20.9	29.7	12.1	11	12.1	23.1	25.3	18.7	27.5	12.1	24.2	11	31.9	15.4	15.4	18.7	30.8	11	26.4	15.4	14.3	19.8	25.3	14.3	12.1	19.8	19.8	27.5	12.1	15.4	28.6	18.7	22	22	29.7	28.6	33	15.4	31.9	11	22	28.6	17.6	20.9	11	27.5	14.3	31.9	26.4	18.7	27.5	12.1	19.8	27.5	24.2	12.1	20.9	29.7	33	27.5	24.2	15.4	19.8	26.4	27.5	16.5	22	31.9	28.6	11	20.9	16.5	31.9	13.2	18.7	31.9	12.1	30.8	17.6	33	27.5	33	26.4	26.4	23.1	20.9	13.2	14.3	20.9	25.3	17.6	31.9	14.3	27.5	17.6	28.6	13.2	23.1	31.9	25.3	27.5	15.4	11	19.8	25.3	19.8	25.3	11	16.5	28.6	30.8	13.2	16.5	13.2	24.2	33	14.3	17.6	17.6	18.7	17.6	14.3	26.4	28.6	27.5	13.2	27.5	13.2	33	20.9	15.4	14.3	18.7	31.9	20.9	31.9	31.9	23.1	20.9	20.9	20.9	17.6	14.3	19.8	14.3	33	20.9	26.4	16.5	15.4	12.1	23.1	20.9	18.7	17.6	23.1	16.5	20.9	17.6	16.5	23.1	27.5	19.8	19.8	26.4	12.1	33	23.1	27.5	11	29.7	13.2	14.3	16.5	30.8	14.3	19.8	25.3	29.7	15.4	12.1	19.8	31.9	24.2	11	13.2	33	30.8	20.9	14.3	12.1	11	15.4	22	16.5	13.2	22	18.7	14.3	26.4	17.6	31.9	16.5	
19.8	30.8	20.9	13.2	18.7	29.7	24.2	14.3	22	22	26.4	16.5	27.5	15.4	18.7	22	18.7	22	11	11	18.7	12.1	26.4	22	23.1	15.4	16.5	13.2	25.3	30.8	26.4	19.8	17.6	16.5	23.1	22	30.8	28.6	29.7	11	29.7	12.1	33	16.5	14.3	
11	19	13	14	19	12	13	12	10	15	14	16	14	19	18	15	12	16	20	20	20	16	18	14	20	20	12	10	15	16	15	20	10	10	19	16	17	20	13	15	11	10	16	14	20	15	16	10	13	20	15	19	18	20	20	16	12	14	20	11	18	14	12	19	15	17	20	15	18	16	12	12	16	15	18	15	13	10	12	14	11	17	15	17	12	11	11	17	18	20	19	15	16	18	17	17	16	16	10	11	17	11	19	11	18	17	10	10	18	13	19	13	15	17	14	13	10	18	10	15	12	10	10	10	16	17	18	14	16	15	18	14	20	20	11	13	11	17	16	20	13	10	15	17	14	17	19	18	15	18	17	19	12	14	16	12	18	10	11	20	11	14	16	11	10	13	17	20	11	12	15	13	15	19	20	10	15	10	11	19	19	14	11	14	19	17	13	10	13	16	19	17	16	11	12	13	18	13	15	13	18	14	13	12	18	12	17	19	12	17	18	12	12	20	15	13	15	10	12	20	19	14	15	17	19	11	14	12	11	14	10	12	10	13	15	19	11	15	18	20	18	18	18	13	16	10	15	13	12	13	19	18	18	18	14	19	14	16	10	11	13	18	15	13	18	10	10	16	20	10	13	18	20	12	11	19	14	19	17	20	11	18	11	16	14	19	15	16	14	18	13	13	17	15	11	15	20	11	19	17	14	19	11	12	20	12	15	12	17	16	16	19	18	17	12	17	15	19	19	11	16	13	19	12	19	16	15	11	19	15	10	16	10	15	18	13	18	17	14	10	15	12	14	19	13	17	15	15	10	20	20	18	18	16	20	18	20	11	19	18	14	16	19	11	19	14	20	17	10	19	17	12	19	20	18	15	19	11	12	11	18	11	12	11	17	13	11	18	15	16	10	18	11	19	14	13	14	20	14	15	19	12	18	15	13	14	13	11	16	17	20	12	20	19	10	12	20	14	13	19	18	18	17	16	11	14	16	15	19	20	14	18	19	13	16	11	14	17	16	15	14	20	10	14	14	13	10	12	20	12	15	11	18	14	19	14	20	17	20	14	13	20	20	17	14	12	19	12	10	12	12	18	12	20	18	18	16	10	12	19	17	16	10	15	19	10	20	13	18	20	10	10	13	12	19	11	12	11	12	19	13	10	20	14	19	10	12	12	14	11	19	10	15	19	17	10	12	13	18	17	12	19	10	13	11	16	18	18	16	18	17	19	18	11	12	15	10	17	11	17	11	14	14	14	20	10	14	20	13	10	11	10	11	18	12	12	10	14	17	11	19	12	14	12	10	13	15	14	19	15	18	18	13	11	12	17	14	17	15	11	17	10	18	11	18	15	13	16	12	17	13	12	15	10	17	15	14	18	12	17	11	13	13	10	20	20	14	15	20	19	13	19	20	17	13	17	12	18	13	20	10	18	13	10	10	14	20	10	17	11	12	15	17	13	15	12	20	14	10	10	17	17	17	18	12	14	11	20	12	13	20	15	13	17	15	12	15	13	12	13	15	10	20	18	12	17	15	19	12	18	10	19	20	19	11	16	10	19	14	17	10	10	16	13	17	14	10	15	10	14	20	14	13	17	11	16	11	10	10	10	14	14	10	14	18	14	16	12	19	16	19	13	14	15	15	17	20	11	15	13	18	12	17	14	17	12	16	13	17	20	20	11	17	11	14	11	13	14	11	15	13	12	12	16	18	13	14	11	17	16	11	15	15	14	14	19	20	17	14	15	10	17	14	14	18	14	14	18	15	17	17	18	11	13	19	15	20	14	20	14	13	14	16	20	16	15	13	18	10	17	16	20	12	12	19	19	16	17	14	14	20	18	20	12	11	20	18	13	18	12	19	12	15	20	14	19	15	12	10	18	18	11	12	19	12	12	19	11	17	12	10	13	20	13	14	10	18	13	20	13	18	15	15	16	15	15	17	12	17	19	12	17	17	16	10	18	15	17	14	10	15	15	12	15	12	11	20	10	10	11	17	13	13	17	16	11	18	17	20	16	18	14	10	11	17	12	17	13	19	19	20	12	14	14	19	20	20	19	10	20	14	14	19	10	15	18	14	14	10	10	17	11	20	14	14	17	20	14	15	19	10	13	10	19	13	18	15	10	17	13	11	18	12	14	18	16	11	20	11	10	13	13	20	20	14	12	14	10	17	19	19	20	15	19	18	14	20	15	10	15	14	15	12	10	10	12	12	17	11	10	10	17	10	18	12	19	16	15	15	12	19	18	12	16	15	10	16	20	19	14	15	11	13	14	15	15	17	17	15	17	
1	1	1	1	1	1	1	1	1	1	1	1	1	1	1	1	1	2	2	2	2	2	2	2	2	2	2	2	2	2	2	2	2	2	2	2	2	2	2	2	2	3	3	3	3	3	3	3	3	3	3	3	3	3	3	3	3	3	3	3	4	4	4	4	4	4	4	4	4	4	4	4	4	4	4	4	4	4	4	4	4	4	4	4	4	4	4	4	4	4	5	5	5	5	5	5	5	5	5	5	5	5	5	5	5	5	5	5	5	5	5	5	6	6	6	6	6	6	6	6	6	6	6	6	6	6	6	6	6	6	6	6	7	7	7	7	7	7	7	7	7	7	7	7	7	8	8	8	8	8	8	8	8	8	8	8	8	8	8	8	8	8	8	8	8	8	9	9	9	9	9	9	9	9	9	9	9	9	9	9	9	9	9	9	9	9	9	9	9	9	9	10	10	10	10	10	10	10	10	10	10	10	10	10	10	10	10	10	10	10	10	10	10	10	10	10	10	10	11	11	11	11	11	11	11	11	11	11	11	11	11	11	11	11	11	11	11	11	11	11	11	11	11	11	12	12	12	12	12	12	12	12	12	12	12	12	12	12	12	12	12	12	12	12	12	12	12	13	13	13	13	13	13	13	13	13	13	13	13	13	13	13	13	13	13	13	13	14	14	14	14	14	14	14	14	14	14	14	14	14	14	14	14	14	14	14	14	14	14	14	14	14	14	15	15	15	15	15	15	15	15	15	15	15	15	15	15	15	15	15	15	15	15	15	15	15	15	15	15	16	16	16	16	16	16	16	16	16	16	16	16	16	16	16	16	16	16	16	16	16	16	16	16	16	16	16	17	17	17	17	17	17	17	17	17	17	17	17	17	17	17	17	17	17	18	18	18	18	18	18	18	18	18	18	18	18	18	18	18	18	18	18	18	18	19	19	19	19	19	19	19	19	19	19	19	19	19	19	19	19	19	20	20	20	20	20	20	20	20	20	20	20	20	20	20	20	20	20	21	21	21	21	21	21	21	21	21	21	21	21	21	21	21	21	21	21	21	21	21	21	21	22	22	22	22	22	22	22	22	22	22	22	22	22	22	22	22	22	22	22	22	22	22	22	22	23	23	23	23	23	23	23	23	23	23	23	23	23	23	23	23	23	23	23	23	23	23	23	23	23	23	23	24	24	24	24	24	24	24	24	24	24	24	24	24	24	24	24	24	24	25	25	25	25	25	25	25	25	25	25	25	25	25	25	25	25	26	26	26	26	26	26	26	26	26	26	26	26	26	26	26	26	26	26	26	26	26	26	26	26	26	26	26	26	26	26	27	27	27	27	27	27	27	27	27	27	27	27	27	27	27	27	27	27	27	27	28	28	28	28	28	28	28	28	28	28	28	28	28	28	28	28	28	28	28	28	28	28	28	28	28	28	28	28	28	28	29	29	29	29	29	29	29	29	29	29	29	29	29	29	29	29	29	29	29	29	30	30	30	30	30	30	30	30	30	30	30	30	30	30	30	30	30	30	30	30	30	30	30	30	30	30	30	30	31	31	31	31	31	31	31	31	31	31	31	31	31	31	31	31	31	31	31	31	31	31	31	32	32	32	32	32	32	32	32	32	32	32	32	32	32	32	32	32	33	33	33	33	33	33	33	33	33	33	33	33	33	33	33	33	33	33	33	33	33	34	34	34	34	34	34	34	34	34	34	34	34	34	34	34	34	34	34	35	35	35	35	35	35	35	35	35	35	35	35	35	35	35	35	35	35	35	35	35	35	36	36	36	36	36	36	36	36	36	36	36	36	36	36	36	36	36	36	36	36	37	37	37	37	37	37	37	37	37	37	37	37	37	37	37	37	37	37	37	37	37	37	37	37	37	37	37	38	38	38	38	38	38	38	38	38	38	38	38	38	38	38	38	38	38	38	38	38	38	38	38	39	39	39	39	39	39	39	39	39	39	39	39	40	40	40	40	40	40	40	40	40	40	40	40	40	40	40	40	40	40	40	40	40	40	40	41	41	41	41	41	41	41	41	41	41	41	41	41	41	41	41	41	41	42	42	42	42	42	42	42	42	42	42	42	42	42	42	42	42	42	42	42	42	42	42	42	43	43	43	43	43	43	43	43	43	43	43	43	43	43	43	43	43	43	43	43	43	43	43	43	43	43	44	44	44	44	44	44	44	44	44	44	44	44	44	44	44	44	44	44	44	44	44	44	44	44	44	44	44	45	45	45	45	45	45	45	45	45	45	45	45	45	45	45	45	45	45	45	45	45	45	45	45	45	
