1000
45	12
600	18.7
30	27	30	29	26	30	26	29	26	31	28	26	30	31	27	30	30	31	29	30	31	26	31	30	29	30	30	28	28	26	27	27	28	26	26	28	30	29	31	31	28	27	28	29	29	27	31	28	30	29	26	29	31	30	31	28	26	26	30	27	28	31	30	28	28	26	30	28	31	29	31	29	29	26	27	26	29	28	31	29	30	26	29	30	28	29	29	28	26	27	29	28	27	29	27	30	27	28	28	31	30	29	26	29	26	26	31	28	30	31	30	28	30	28	30	26	30	29	29	27	27	31	30	29	31	26	31	31	28	28	31	28	28	29	30	30	29	26	29	27	28	30	26	28	30	26	31	27	30	31	26	27	31	28	26	27	30	27	28	28	29	27	31	28	28	29	27	27	29	30	28	27	26	26	31	27	26	27	31	29	26	31	27	27	26	27	28	31	26	30	27	31	27	30	27	28	26	29	26	31	31	30	27	28	31	31	29	26	29	27	26	26	28	27	30	26	26	31	27	30	27	26	26	30	26	26	30	30	27	27	29	31	30	28	29	30	28	30	30	31	28	28	26	28	28	29	28	26	28	26	27	30	30	26	27	26	31	29	30	31	27	30	26	29	29	31	27	29	29	31	29	28	30	28	29	27	30	27	29	26	26	31	29	31	29	29	31	26	27	31	29	27	31	28	31	31	28	31	27	27	30	29	29	28	29	30	29	28	28	31	28	28	28	29	28	31	29	30	29	28	28	27	28	27	26	27	27	26	31	30	31	28	28	31	28	31	26	28	28	29	27	29	29	31	27	30	26	27	27	29	26	27	28	29	29	28	30	30	29	29	30	31	31	26	31	26	26	31	27	27	30	26	27	29	30	30	26	29	29	29	26	26	31	31	29	27	31	26	29	26	26	29	29	28	31	31	29	28	26	27	28	31	26	30	29	29	26	30	26	28	28	26	28	26	29	31	29	30	27	27	26	28	27	31	31	27	26	29	26	29	30	26	31	30	31	30	31	26	28	31	26	26	30	31	29	29	30	30	31	28	28	28	28	27	30	28	30	28	31	29	31	27	26	28	31	27	26	29	28	28	30	27	27	27	26	27	27	30	30	31	31	31	26	27	27	27	31	26	26	27	27	27	28	28	29	29	31	29	26	27	27	29	26	31	29	29	31	29	28	28	28	28	30	28	30	29	28	28	27	31	29	29	28	26	28	29	29	29	30	27	31	26	28	28	27	26	28	28	29	30	31	31	29	28	31	30	30	28	30	30	29	27	27	29	29	31	27	27	30	28	26	28	29	27	26	31	28	26	26	31	30	31	30	27	29	31	30	26	26	26	31	28	27	28	30	31	28	30	26	27	31	28	28	26	27	30	30	31	27	29	26	28	31	26	29	30	26	27	26	31	28	29	30	30	26	29	27	29	26	28	28	27	30	27	29	26	30	30	30	31	29	26	26	26	30	31	31	28	31	29	31	27	31	28	27	26	26	30	28	29	26	28	29	28	30	27	27	26	30	27	29	30	30	27	26	29	28	27	30	29	31	26	30	30	27	28	28	29	28	30	29	29	30	29	26	28	26	28	27	26	30	30	31	30	29	31	29	27	31	31	30	27	28	29	26	27	28	27	28	30	30	31	27	29	26	31	27	26	29	27	30	30	27	27	31	31	28	28	28	27	27	27	28	26	30	26	29	28	31	26	28	31	30	29	29	30	28	28	28	28	26	29	27	30	27	29	30	30	27	28	26	26	28	27	26	30	29	28	27	28	26	26	29	30	27	29	30	31	29	30	29	31	27	28	31	28	26	26	31	31	30	26	31	31	31	28	28	26	26	29	28	27	27	31	28	30	28	31	31	31	30	27	26	30	27	28	29	28	26	27	30	28	28	30	31	27	27	27	30	29	27	29	27	30	31	30	26	31	29	28	28	28	26	31	29	26	29	30	31	31	29	31	31	29	29	26	27	27	28	27	28	30	29	30	31	26	30	31	31	31	29	31	26	29	29	27	31	27	30	26	26	26	30	30	29	30	29	31	29	26	29	31	31	27	28	27	31	26	27	28	26	29	30	28	31	28	26	30	26	31	27	29	27	27	28	27	29	26	31	27	29	30	30	27	26	31	29	29	31	26	27	30	28	26	30	26	26	26	29	26	29	26	29	26	26	29	31	30	28	26	26	30	31	27	31	31	26	26	28	31	30	28	28	30	29	30	30	27	28	26	27	27	31	31	28	28	29	29	31	28	27	26	30	29	29	28	29	29	30	27	31	26	28	26	31	30	30	29	29	29	
77	89	84	79	88	94	90	78	78	77	76	94	85	89	86	78	83	86	83	80	88	77	90	83	93	77	87	78	82	89	90	82	89	85	92	81	85	81	90	76	76	92	80	86	77	89	77	80	90	81	84	93	82	82	85	76	92	77	94	94	89	88	89	90	81	91	92	91	81	76	76	83	80	88	90	78	90	81	79	80	78	76	94	77	90	86	83	86	85	81	90	78	86	89	76	93	88	94	89	85	81	77	87	76	82	86	77	94	82	88	81	88	78	85	81	87	85	94	81	92	84	88	81	88	83	87	80	76	93	89	80	86	81	78	84	92	88	93	82	82	93	94	78	76	93	85	76	82	93	81	78	88	88	92	89	90	87	92	92	87	82	85	85	81	90	93	77	82	88	88	89	93	82	85	91	93	82	81	77	87	91	81	89	85	83	77	88	90	82	88	77	88	87	77	79	78	93	89	79	86	79	86	77	80	78	91	94	86	76	80	91	89	80	79	77	88	87	94	93	85	79	80	81	85	85	79	83	94	86	78	91	87	90	82	94	94	84	82	78	81	94	81	93	81	76	87	77	87	87	94	89	90	90	78	83	87	79	81	89	77	92	85	94	89	79	85	93	81	84	77	90	82	89	82	94	83	80	78	84	93	85	83	86	89	81	85	86	94	77	85	78	92	93	93	89	80	94	88	79	89	80	86	87	78	78	93	92	89	80	76	87	88	85	79	86	78	83	87	91	78	80	82	81	80	93	79	86	85	94	80	88	87	81	93	88	82	90	92	76	94	94	89	82	86	90	85	91	93	85	87	88	92	89	90	79	93	86	94	79	87	86	85	89	85	90	79	79	88	90	88	83	84	83	86	77	78	86	88	82	93	85	87	81	76	79	82	81	92	84	78	79	93	87	89	78	83	87	78	91	76	87	84	90	88	91	88	89	78	94	79	80	82	90	86	79	84	79	86	76	84	82	87	89	87	79	90	89	92	81	92	87	86	90	77	78	91	86	85	94	84	82	94	77	82	85	92	81	89	84	81	90	90	83	89	80	91	87	77	93	87	83	77	89	86	87	92	89	91	86	87	86	91	87	85	79	76	94	82	94	87	85	87	80	87	94	83	80	92	94	84	87	92	84	86	84	78	79	89	77	85	93	88	94	87	78	90	91	93	93	83	88	93	83	86	91	83	85	77	94	81	87	77	93	87	89	80	90	84	83	91	93	93	76	82	77	84	90	87	83	89	86	85	85	79	77	84	81	92	86	76	93	77	87	86	93	84	88	84	87	76	90	79	86	84	77	77	88	90	85	88	76	82	86	91	79	92	88	84	86	84	94	82	76	79	93	80	90	94	93	89	86	88	77	78	87	80	81	88	77	90	84	88	83	92	88	78	84	87	94	81	80	76	77	83	77	84	83	89	80	79	91	91	76	85	81	89	80	84	80	93	82	89	88	82	87	93	89	86	76	92	79	78	91	80	85	81	89	94	76	87	81	93	86	76	80	79	79	90	85	85	93	78	94	81	85	88	77	94	81	92	76	94	94	94	77	90	77	78	94	76	82	88	86	83	76	85	85	92	90	92	77	77	94	86	78	89	94	91	90	79	89	82	77	77	77	82	83	86	83	82	82	89	86	93	88	82	90	89	82	76	86	88	80	85	76	80	92	94	88	80	93	86	86	77	85	81	82	83	83	90	78	84	78	91	94	89	83	82	91	81	83	84	94	91	81	82	76	83	92	90	91	89	85	89	88	88	89	83	90	81	88	77	79	90	85	88	91	85	82	78	87	77	81	79	83	87	82	82	80	90	81	94	80	90	84	84	78	81	86	79	90	85	92	78	83	90	88	81	83	90	91	78	90	93	80	89	78	92	79	85	94	81	85	94	87	82	91	93	78	80	94	83	93	82	84	84	93	91	82	93	90	79	78	94	93	85	87	92	94	93	84	81	79	80	89	89	81	88	91	94	94	86	88	77	84	88	82	94	76	86	80	93	79	86	86	92	92	83	88	87	77	87	85	87	78	77	94	92	89	91	85	90	91	91	90	93	90	81	84	84	93	89	79	84	79	89	84	76	90	91	91	88	76	78	80	92	76	83	80	85	84	77	83	93	88	76	78	91	91	89	79	88	85	85	87	92	85	88	86	76	94	93	85	77	91	83	91	84	79	76	93	85	79	87	91	82	93	78	77	82	83	76	87	81	87	90	89	91	91	87	86	89	78	83	90	83	77	82	78	86	90	81	81	93	84	93	91	89	78	89	89	86	79	77	94	92	84	88	79	84	
13.2	29.7	33	12.1	13.2	13.2	24.2	11	20.9	20.9	30.8	13.2	13.2	33	15.4	13.2	22	23.1	31.9	19.8	11	19.8	33	18.7	20.9	14.3	15.4	14.3	20.9	15.4	14.3	16.5	20.9	19.8	31.9	29.7	23.1	30.8	26.4	19.8	26.4	25.3	27.5	26.4	18.7	30.8	11	26.4	22	16.5	12.1	17.6	24.2	31.9	12.1	27.5	19.8	30.8	30.8	17.6	16.5	26.4	18.7	19.8	25.3	16.5	27.5	24.2	14.3	15.4	24.2	33	22	33	33	30.8	28.6	31.9	27.5	22	20.9	24.2	18.7	23.1	28.6	19.8	30.8	24.2	15.4	22	26.4	11	25.3	23.1	25.3	30.8	12.1	19.8	23.1	14.3	18.7	24.2	30.8	31.9	18.7	11	30.8	13.2	13.2	20.9	20.9	15.4	28.6	28.6	27.5	13.2	19.8	18.7	19.8	30.8	18.7	17.6	16.5	20.9	17.6	22	22	30.8	11	17.6	13.2	13.2	18.7	24.2	26.4	15.4	13.2	22	33	27.5	13.2	19.8	18.7	29.7	16.5	11	11	31.9	15.4	17.6	13.2	15.4	27.5	24.2	29.7	31.9	24.2	19.8	14.3	24.2	28.6	33	31.9	13.2	18.7	27.5	30.8	24.2	27.5	13.2	31.9	24.2	12.1	27.5	20.9	22	22	23.1	22	25.3	17.6	24.2	16.5	19.8	12.1	13.2	14.3	17.6	15.4	20.9	14.3	29.7	17.6	25.3	17.6	23.1	24.2	20.9	22	30.8	16.5	18.7	13.2	31.9	15.4	18.7	13.2	30.8	28.6	12.1	28.6	12.1	17.6	28.6	26.4	20.9	24.2	14.3	20.9	15.4	26.4	25.3	16.5	15.4	29.7	23.1	15.4	23.1	28.6	27.5	25.3	13.2	26.4	29.7	17.6	17.6	31.9	31.9	24.2	31.9	19.8	23.1	33	15.4	11	26.4	27.5	17.6	20.9	28.6	30.8	20.9	11	20.9	16.5	25.3	11	15.4	17.6	14.3	31.9	25.3	13.2	28.6	19.8	15.4	31.9	31.9	25.3	12.1	28.6	24.2	31.9	17.6	33	22	17.6	11	27.5	30.8	25.3	18.7	19.8	30.8	11	14.3	19.8	25.3	20.9	12.1	25.3	27.5	29.7	29.7	11	22	11	11	26.4	24.2	17.6	25.3	24.2	23.1	14.3	33	13.2	27.5	16.5	23.1	19.8	18.7	15.4	25.3	11	16.5	16.5	33	25.3	33	26.4	33	11	28.6	17.6	28.6	29.7	26.4	33	11	13.2	25.3	15.4	20.9	17.6	15.4	20.9	15.4	15.4	16.5	27.5	22	33	24.2	13.2	24.2	22	28.6	22	15.4	30.8	17.6	29.7	28.6	12.1	19.8	33	31.9	13.2	12.1	23.1	17.6	24.2	17.6	14.3	28.6	27.5	24.2	29.7	13.2	26.4	31.9	11	20.9	12.1	30.8	25.3	33	15.4	17.6	16.5	28.6	17.6	22	16.5	23.1	30.8	23.1	19.8	17.6	28.6	30.8	27.5	23.1	13.2	24.2	13.2	13.2	24.2	18.7	25.3	29.7	16.5	30.8	19.8	20.9	11	16.5	30.8	31.9	25.3	23.1	13.2	11	22	22	29.7	33	15.4	29.7	25.3	29.7	20.9	22	24.2	15.4	14.3	22	24.2	12.1	25.3	23.1	18.7	17.6	11	13.2	15.4	11	14.3	20.9	16.5	11	29.7	15.4	27.5	13.2	22	33	25.3	14.3	26.4	19.8	33	23.1	20.9	11	17.6	13.2	15.4	18.7	20.9	26.4	14.3	27.5	20.9	14.3	28.6	22	11	19.8	33	22	31.9	18.7	17.6	31.9	33	17.6	30.8	30.8	13.2	25.3	22	12.1	23.1	14.3	13.2	13.2	29.7	19.8	15.4	26.4	31.9	23.1	14.3	13.2	25.3	25.3	31.9	29.7	20.9	33	14.3	25.3	20.9	23.1	26.4	25.3	30.8	33	28.6	11	33	26.4	31.9	18.7	17.6	18.7	15.4	15.4	13.2	23.1	31.9	16.5	13.2	16.5	17.6	23.1	18.7	11	14.3	31.9	16.5	26.4	17.6	29.7	20.9	33	28.6	12.1	28.6	15.4	33	23.1	25.3	17.6	12.1	18.7	12.1	12.1	22	29.7	31.9	16.5	20.9	20.9	18.7	24.2	28.6	12.1	27.5	13.2	17.6	11	17.6	24.2	22	33	16.5	29.7	24.2	22	31.9	31.9	31.9	23.1	17.6	20.9	17.6	20.9	14.3	12.1	28.6	19.8	27.5	27.5	13.2	25.3	28.6	16.5	13.2	31.9	19.8	11	15.4	22	13.2	27.5	30.8	14.3	11	20.9	30.8	15.4	30.8	12.1	16.5	29.7	28.6	14.3	29.7	29.7	33	13.2	29.7	12.1	23.1	16.5	30.8	24.2	11	33	18.7	31.9	14.3	11	29.7	16.5	29.7	11	11	22	17.6	28.6	18.7	12.1	18.7	25.3	19.8	16.5	18.7	15.4	18.7	33	29.7	26.4	26.4	17.6	27.5	18.7	33	15.4	19.8	27.5	27.5	19.8	27.5	16.5	24.2	19.8	12.1	22	13.2	15.4	13.2	30.8	17.6	16.5	18.7	16.5	19.8	24.2	11	13.2	33	27.5	26.4	33	11	16.5	20.9	24.2	33	11	22	30.8	25.3	29.7	14.3	33	29.7	24.2	30.8	31.9	17.6	18.7	22	11	20.9	19.8	33	11	12.1	16.5	20.9	17.6	33	11	25.3	29.7	13.2	27.5	24.2	20.9	29.7	12.1	31.9	18.7	26.4	11	11	25.3	23.1	18.7	11	33	27.5	11	27.5	20.9	26.4	29.7	11	27.5	27.5	19.8	17.6	31.9	22	29.7	20.9	29.7	23.1	25.3	33	31.9	28.6	27.5	16.5	12.1	25.3	29.7	26.4	30.8	27.5	27.5	30.8	22	19.8	17.6	33	24.2	25.3	26.4	18.7	20.9	33	13.2	26.4	25.3	14.3	23.1	13.2	14.3	28.6	25.3	24.2	33	14.3	23.1	29.7	22	17.6	33	25.3	33	16.5	25.3	30.8	25.3	16.5	13.2	20.9	23.1	18.7	33	11	18.7	31.9	24.2	22	24.2	30.8	13.2	14.3	16.5	25.3	20.9	11	25.3	29.7	15.4	14.3	25.3	29.7	26.4	16.5	15.4	27.5	13.2	33	31.9	26.4	29.7	33	22	24.2	24.2	15.4	20.9	29.7	29.7	29.7	17.6	27.5	20.9	19.8	33	26.4	13.2	22	19.8	31.9	17.6	17.6	23.1	16.5	22	29.7	18.7	29.7	26.4	17.6	27.5	20.9	11	11	17.6	25.3	25.3	25.3	15.4	25.3	13.2	28.6	26.4	13.2	11	16.5	18.7	20.9	11	33	16.5	30.8	27.5	33	29.7	23.1	23.1	25.3	29.7	22	31.9	33	12.1	25.3	15.4	13.2	26.4	12.1	11	23.1	27.5	17.6	23.1	11	14.3	14.3	26.4	17.6	16.5	24.2	31.9	28.6	16.5	23.1	31.9	16.5	13.2	28.6	15.4	30.8	23.1	26.4	33	23.1	25.3	23.1	14.3	18.7	16.5	24.2	33	17.6	25.3	14.3	24.2	24.2	29.7	25.3	22	29.7	22	23.1	28.6	33	27.5	17.6	16.5	14.3	12.1	11	26.4	29.7	18.7	12.1	20.9	29.7	19.8	28.6	25.3	17.6	23.1	14.3	14.3	20.9	18.7	31.9	16.5	28.6	14.3	26.4	23.1	13.2	23.1	19.8	29.7	20.9	33	28.6	11	15.4	12.1	20.9	26.4	15.4	31.9	28.6	31.9	11	27.5	15.4	13.2	15.4	23.1	20.9	28.6	27.5	16.5	16.5	29.7	23.1	26.4	30.8	12.1	24.2	30.8	11	30.8	
28.6	19.8	22	18.7	25.3	19.8	16.5	12.1	31.9	29.7	30.8	16.5	30.8	18.7	15.4	23.1	20.9	30.8	24.2	19.8	18.7	29.7	22	16.5	33	26.4	14.3	20.9	33	26.4	27.5	25.3	28.6	16.5	27.5	16.5	22	23.1	14.3	12.1	13.2	19.8	30.8	15.4	22	20.9	17.6	14.3	26.4	23.1	20.9	30.8	22	23.1	26.4	24.2	13.2	31.9	11	15.4	17.6	13.2	22	25.3	17.6	22	13.2	23.1	26.4	18.7	30.8	23.1	13.2	15.4	11	17.6	29.7	12.1	28.6	24.2	12.1	17.6	28.6	13.2	22	12.1	29.7	28.6	24.2	26.4	18.7	15.4	13.2	13.2	13.2	13.2	19.8	25.3	27.5	13.2	17.6	12.1	16.5	19.8	14.3	13.2	26.4	28.6	33	22	20.9	15.4	20.9	23.1	11	28.6	22	27.5	22	11	13.2	16.5	19.8	27.5	31.9	19.8	14.3	17.6	14.3	31.9	31.9	13.2	25.3	25.3	31.9	30.8	16.5	14.3	25.3	20.9	31.9	24.2	26.4	16.5	24.2	19.8	19.8	28.6	19.8	27.5	19.8	28.6	12.1	12.1	16.5	20.9	30.8	17.6	30.8	33	26.4	31.9	14.3	28.6	29.7	28.6	13.2	29.7	27.5	25.3	20.9	14.3	14.3	27.5	23.1	11	26.4	19.8	26.4	12.1	25.3	20.9	25.3	18.7	17.6	24.2	16.5	12.1	15.4	19.8	12.1	11	22	12.1	20.9	26.4	30.8	14.3	24.2	16.5	27.5	14.3	15.4	28.6	19.8	30.8	27.5	29.7	15.4	33	11	26.4	17.6	14.3	26.4	14.3	17.6	15.4	17.6	12.1	25.3	20.9	26.4	24.2	14.3	31.9	11	23.1	15.4	25.3	18.7	13.2	16.5	23.1	26.4	33	12.1	25.3	23.1	13.2	14.3	19.8	18.7	31.9	19.8	30.8	25.3	14.3	27.5	11	17.6	20.9	11	22	11	30.8	30.8	27.5	20.9	16.5	14.3	29.7	17.6	11	26.4	20.9	30.8	30.8	30.8	24.2	16.5	17.6	15.4	26.4	27.5	19.8	27.5	26.4	18.7	17.6	31.9	22	19.8	18.7	14.3	12.1	28.6	31.9	22	18.7	12.1	16.5	11	24.2	17.6	20.9	19.8	12.1	25.3	16.5	18.7	31.9	17.6	14.3	31.9	30.8	18.7	27.5	27.5	11	20.9	27.5	11	15.4	27.5	33	12.1	12.1	17.6	31.9	19.8	18.7	25.3	16.5	29.7	16.5	17.6	14.3	33	28.6	17.6	27.5	20.9	19.8	28.6	29.7	33	18.7	31.9	20.9	24.2	24.2	31.9	22	31.9	27.5	20.9	25.3	12.1	30.8	11	29.7	11	16.5	12.1	33	20.9	31.9	12.1	14.3	16.5	11	14.3	18.7	26.4	23.1	12.1	20.9	26.4	25.3	25.3	13.2	17.6	24.2	17.6	20.9	13.2	28.6	17.6	24.2	20.9	33	13.2	22	30.8	27.5	31.9	23.1	14.3	27.5	22	15.4	29.7	20.9	31.9	11	23.1	18.7	17.6	26.4	15.4	24.2	30.8	20.9	11	18.7	27.5	20.9	16.5	13.2	17.6	33	25.3	31.9	18.7	28.6	29.7	11	28.6	25.3	18.7	16.5	28.6	22	12.1	30.8	26.4	20.9	18.7	13.2	13.2	23.1	12.1	19.8	25.3	26.4	22	15.4	11	29.7	13.2	30.8	31.9	16.5	25.3	20.9	15.4	20.9	12.1	25.3	13.2	28.6	16.5	31.9	18.7	24.2	18.7	11	22	17.6	11	12.1	19.8	22	33	26.4	25.3	33	11	15.4	24.2	13.2	17.6	13.2	26.4	26.4	18.7	26.4	31.9	13.2	31.9	31.9	11	31.9	24.2	29.7	16.5	25.3	16.5	13.2	28.6	20.9	13.2	30.8	27.5	15.4	31.9	16.5	28.6	20.9	15.4	18.7	19.8	17.6	33	31.9	16.5	20.9	25.3	13.2	27.5	22	27.5	26.4	19.8	13.2	27.5	29.7	12.1	29.7	12.1	20.9	25.3	14.3	13.2	18.7	19.8	25.3	14.3	16.5	11	29.7	11	31.9	11	26.4	12.1	30.8	26.4	25.3	17.6	28.6	29.7	16.5	13.2	23.1	23.1	12.1	29.7	33	20.9	18.7	14.3	18.7	17.6	11	11	22	26.4	14.3	11	15.4	33	15.4	16.5	15.4	29.7	25.3	19.8	11	12.1	14.3	24.2	33	23.1	15.4	14.3	20.9	11	11	25.3	25.3	29.7	17.6	11	24.2	29.7	15.4	11	12.1	27.5	26.4	30.8	13.2	12.1	28.6	30.8	17.6	16.5	26.4	19.8	18.7	31.9	30.8	22	22	15.4	25.3	30.8	31.9	24.2	28.6	18.7	15.4	12.1	28.6	28.6	11	17.6	19.8	19.8	33	30.8	24.2	25.3	20.9	25.3	24.2	16.5	20.9	25.3	12.1	19.8	20.9	19.8	31.9	27.5	25.3	24.2	31.9	16.5	26.4	19.8	30.8	15.4	33	12.1	33	19.8	11	28.6	14.3	24.2	26.4	12.1	24.2	18.7	16.5	13.2	30.8	15.4	13.2	33	11	29.7	20.9	27.5	16.5	26.4	28.6	20.9	23.1	23.1	28.6	14.3	16.5	22	24.2	17.6	31.9	18.7	18.7	13.2	23.1	12.1	20.9	30.8	23.1	16.5	28.6	33	11	25.3	22	31.9	12.1	19.8	28.6	28.6	16.5	19.8	19.8	25.3	28.6	12.1	31.9	24.2	29.7	13.2	30.8	28.6	27.5	14.3	20.9	28.6	24.2	20.9	16.5	18.7	29.7	28.6	28.6	17.6	15.4	12.1	22	30.8	33	28.6	14.3	24.2	25.3	16.5	30.8	29.7	31.9	28.6	15.4	19.8	33	19.8	33	29.7	23.1	20.9	20.9	28.6	12.1	14.3	22	11	20.9	19.8	25.3	27.5	23.1	11	13.2	23.1	19.8	29.7	31.9	22	33	11	23.1	30.8	24.2	14.3	25.3	26.4	25.3	29.7	28.6	17.6	15.4	31.9	27.5	33	26.4	30.8	14.3	30.8	14.3	22	20.9	12.1	30.8	26.4	18.7	31.9	17.6	28.6	11	17.6	20.9	33	20.9	23.1	30.8	33	12.1	13.2	26.4	27.5	22	20.9	13.2	26.4	29.7	27.5	24.2	23.1	29.7	26.4	33	20.9	29.7	23.1	16.5	25.3	17.6	11	20.9	25.3	13.2	19.8	33	12.1	13.2	14.3	22	18.7	14.3	30.8	16.5	26.4	29.7	16.5	28.6	22	13.2	27.5	22	14.3	24.2	29.7	25.3	29.7	26.4	30.8	15.4	13.2	22	23.1	18.7	26.4	14.3	13.2	22	18.7	18.7	17.6	23.1	33	26.4	16.5	16.5	30.8	11	17.6	19.8	27.5	17.6	14.3	15.4	20.9	26.4	29.7	25.3	11	33	29.7	11	24.2	29.7	12.1	29.7	14.3	29.7	11	33	12.1	24.2	17.6	28.6	20.9	29.7	13.2	23.1	29.7	15.4	23.1	29.7	28.6	16.5	16.5	16.5	29.7	15.4	30.8	24.2	20.9	22	15.4	27.5	16.5	12.1	20.9	16.5	30.8	26.4	13.2	14.3	33	33	33	22	14.3	19.8	29.7	24.2	25.3	23.1	25.3	17.6	20.9	33	13.2	31.9	26.4	14.3	17.6	20.9	17.6	18.7	18.7	19.8	13.2	17.6	30.8	15.4	25.3	24.2	19.8	13.2	22	29.7	22	24.2	30.8	27.5	17.6	25.3	24.2	16.5	24.2	18.7	33	28.6	27.5	31.9	16.5	23.1	27.5	16.5	28.6	30.8	11	25.3	16.5	29.7	20.9	22	16.5	18.7	31.9	27.5	12.1	25.3	23.1	20.9	11	18.7	26.4	23.1	12.1	15.4	15.4	24.2	
14.3	24.2	13.2	15.4	15.4	13.2	31.9	16.5	13.2	30.8	24.2	20.9	27.5	29.7	19.8	26.4	24.2	18.7	11	24.2	20.9	13.2	27.5	12.1	26.4	16.5	25.3	27.5	22	23.1	11	30.8	30.8	31.9	22	16.5	13.2	19.8	18.7	15.4	20.9	12.1	20.9	23.1	18.7	
13	18	12	19	17	16	18	19	14	16	10	17	10	10	17	17	15	19	17	20	12	11	18	17	19	13	13	19	15	10	13	13	18	14	20	15	15	10	20	18	20	12	20	16	15	10	19	17	19	10	20	13	11	11	20	10	13	20	19	14	12	10	17	11	10	17	15	20	12	13	11	15	20	11	20	11	14	13	15	15	18	13	20	17	19	15	20	11	18	17	20	18	20	17	20	18	19	14	20	19	10	13	17	19	19	18	14	18	15	15	18	16	13	12	10	13	11	18	19	17	15	19	20	20	12	16	13	16	20	11	18	15	18	19	16	17	16	12	18	10	15	10	19	18	15	16	10	19	16	11	16	15	10	16	11	10	20	15	11	13	20	12	19	18	20	10	12	11	15	15	11	16	19	15	10	17	17	12	14	19	10	13	15	10	19	15	20	12	14	18	17	17	12	18	20	14	16	19	16	19	11	10	13	14	10	18	20	13	13	16	18	20	20	20	13	18	20	20	13	15	16	18	13	13	18	15	16	13	16	10	15	16	16	16	14	19	18	13	10	20	15	15	17	17	11	14	12	16	14	10	20	13	14	20	13	15	17	20	14	19	18	16	18	18	20	16	18	13	12	17	19	13	20	12	14	19	12	18	17	14	17	12	12	18	14	13	17	20	19	19	12	12	20	12	16	12	10	11	15	18	19	10	14	19	14	19	19	20	13	16	15	11	14	20	10	17	14	14	12	12	10	17	14	13	14	17	16	19	20	15	11	18	13	19	18	19	15	16	10	10	11	17	16	15	17	11	20	15	12	14	18	10	12	20	19	14	18	19	14	15	16	20	16	15	15	19	19	16	13	16	16	15	12	17	15	16	20	16	16	12	15	10	11	20	17	12	16	12	19	11	18	14	18	15	12	11	16	16	20	11	18	17	10	14	19	11	15	17	11	17	15	15	16	13	15	20	13	20	12	17	18	19	18	16	12	11	10	14	11	20	10	19	18	16	13	19	16	11	20	10	17	11	13	13	11	19	11	20	19	20	17	15	18	14	19	20	20	17	15	19	10	19	19	19	15	19	20	13	12	13	17	20	19	15	12	12	20	16	20	16	10	14	15	15	10	10	19	16	11	19	14	18	12	20	19	17	12	19	15	15	17	16	18	19	20	11	18	18	10	10	10	20	10	10	19	14	17	11	12	16	20	14	11	15	20	20	17	13	15	11	19	11	12	20	16	15	19	19	10	15	11	14	17	15	17	13	16	18	18	10	16	20	10	13	14	16	15	19	20	17	19	10	11	19	14	12	15	11	17	19	17	10	13	18	11	16	17	20	19	19	11	13	10	10	18	18	18	16	19	13	12	17	17	17	13	17	10	12	14	16	13	20	16	16	14	14	16	17	17	16	18	15	14	16	14	12	20	13	11	11	15	18	16	18	16	13	11	11	20	10	14	11	17	17	17	16	12	19	10	19	10	14	13	20	20	17	10	13	12	20	11	17	11	15	20	16	19	14	16	11	16	20	17	16	13	19	12	15	18	20	16	10	15	15	16	18	20	18	12	15	16	15	10	20	10	19	19	11	20	14	18	17	17	16	15	10	16	10	18	16	14	14	11	13	19	15	16	11	10	19	12	13	14	13	16	10	15	11	12	18	11	16	11	17	18	13	12	14	17	16	12	19	14	19	10	10	15	16	20	16	19	14	18	18	16	18	17	13	18	10	13	10	17	10	19	10	16	13	13	16	12	11	13	19	15	14	10	14	20	20	12	13	11	16	19	15	12	14	10	20	12	11	15	11	12	10	20	16	13	12	12	14	10	13	12	19	11	18	18	15	12	14	17	14	20	19	15	18	20	15	20	10	20	19	17	12	20	14	10	13	10	13	10	17	14	15	17	12	15	18	18	16	13	15	10	11	10	18	15	14	15	13	14	17	20	14	20	13	14	13	18	18	10	12	16	20	11	17	17	17	13	20	10	20	15	16	12	19	16	19	14	12	13	16	18	20	15	20	16	14	13	15	11	10	14	18	19	18	14	19	10	13	10	12	20	16	18	18	10	12	11	20	12	11	17	16	12	19	16	14	19	15	10	10	18	13	18	13	15	18	14	11	16	11	20	20	14	20	17	19	16	10	14	13	10	10	10	19	18	13	18	17	18	10	19	14	10	17	10	18	18	14	17	10	17	20	10	17	14	13	16	18	13	10	20	13	10	18	12	17	13	10	13	13	19	15	10	18	17	14	17	11	17	10	16	19	15	17	19	14	15	12	17	18	20	12	14	14	10	14	
1	1	1	1	1	1	1	1	1	1	1	1	1	1	1	1	1	1	1	1	2	2	2	2	2	2	2	2	2	2	2	2	2	2	2	2	2	2	2	3	3	3	3	3	3	3	3	3	3	3	3	3	3	3	3	4	4	4	4	4	4	4	4	4	4	4	4	4	4	4	4	4	4	4	4	5	5	5	5	5	5	5	5	5	5	5	5	5	5	5	5	5	5	6	6	6	6	6	6	6	6	6	6	6	6	6	6	6	6	6	6	6	6	6	6	6	6	6	6	6	7	7	7	7	7	7	7	7	7	7	7	7	7	7	7	7	7	7	7	7	7	7	7	7	7	7	7	8	8	8	8	8	8	8	8	8	8	8	8	8	8	8	8	8	8	8	8	8	8	8	8	8	8	8	8	8	8	8	8	9	9	9	9	9	9	9	9	9	9	9	9	9	9	9	9	9	9	9	9	9	9	9	9	9	9	9	10	10	10	10	10	10	10	10	10	10	10	10	10	10	10	10	10	10	10	10	10	10	10	10	10	10	10	10	10	10	10	10	10	10	10	11	11	11	11	11	11	11	11	11	11	11	11	11	11	11	12	12	12	12	12	12	12	12	12	12	12	12	12	12	12	13	13	13	13	13	13	13	13	13	13	13	13	13	13	13	13	13	13	13	13	13	13	13	13	14	14	14	14	14	14	14	14	14	14	14	14	14	14	14	15	15	15	15	15	15	15	15	15	15	15	15	15	15	15	15	15	15	16	16	16	16	16	16	16	16	16	16	16	16	16	16	16	16	16	16	16	16	16	16	16	16	16	17	17	17	17	17	17	17	17	17	17	17	17	17	17	17	17	17	17	17	17	17	17	17	17	18	18	18	18	18	18	18	18	18	18	18	18	18	18	18	18	18	18	18	18	18	18	18	18	18	19	19	19	19	19	19	19	19	19	19	19	19	19	19	19	19	19	19	19	19	19	19	19	19	19	19	20	20	20	20	20	20	20	20	20	20	20	20	20	20	20	20	20	20	20	20	20	20	20	20	20	21	21	21	21	21	21	21	21	21	21	21	21	21	21	21	21	21	21	21	21	21	21	21	21	21	21	22	22	22	22	22	22	22	22	22	22	22	22	22	22	22	22	22	23	23	23	23	23	23	23	23	23	23	23	23	23	23	23	23	23	23	23	24	24	24	24	24	24	24	24	24	24	24	24	24	24	24	24	24	24	24	24	25	25	25	25	25	25	25	25	25	25	25	25	25	25	25	25	25	25	25	25	25	25	25	25	25	25	25	25	25	25	25	25	25	26	26	26	26	26	26	26	26	26	26	26	26	26	26	26	26	26	26	26	27	27	27	27	27	27	27	27	27	27	27	27	27	27	27	27	27	28	28	28	28	28	28	28	28	28	28	28	28	28	28	28	28	28	28	28	28	28	28	28	28	28	28	28	28	29	29	29	29	29	29	29	29	29	29	29	29	29	29	29	29	29	29	29	30	30	30	30	30	30	30	30	30	30	30	30	30	30	30	30	30	30	30	31	31	31	31	31	31	31	31	31	31	31	31	31	31	31	31	31	31	31	31	31	31	31	32	32	32	32	32	32	32	32	32	32	32	32	32	32	32	32	32	32	32	32	32	32	32	33	33	33	33	33	33	33	33	33	33	33	33	33	33	33	33	33	33	33	33	33	33	33	33	33	33	34	34	34	34	34	34	34	34	34	34	34	34	34	34	34	34	35	35	35	35	35	35	35	35	35	35	35	35	35	35	35	35	35	35	35	35	35	36	36	36	36	36	36	36	36	36	36	36	36	36	36	36	36	36	36	37	37	37	37	37	37	37	37	37	37	37	37	37	37	37	37	37	37	37	37	37	37	37	37	38	38	38	38	38	38	38	38	38	38	38	38	38	38	38	38	38	38	39	39	39	39	39	39	39	39	39	39	39	39	39	39	39	39	39	39	39	39	39	39	40	40	40	40	40	40	40	40	40	40	40	40	40	40	40	40	40	40	40	40	40	40	41	41	41	41	41	41	41	41	41	41	41	41	41	41	41	41	41	41	41	42	42	42	42	42	42	42	42	42	42	42	42	42	42	42	42	42	42	42	42	42	42	42	42	42	42	42	43	43	43	43	43	43	43	43	43	43	43	43	43	43	43	43	43	43	43	43	43	43	43	43	43	44	44	44	44	44	44	44	44	44	44	44	44	44	44	44	44	44	44	44	44	44	44	44	44	44	44	44	45	45	45	45	45	45	45	45	45	45	45	45	45	45	45	45	45	45	45	
