1000
30	8
759	13.2
30	30	31	27	28	30	31	29	31	27	27	29	30	27	27	27	27	26	30	28	31	29	31	29	26	28	27	29	30	28	26	29	27	30	30	31	29	27	31	26	28	28	29	29	30	26	26	27	30	30	29	29	29	27	28	26	27	26	27	29	28	26	30	28	28	29	28	28	27	30	28	29	28	29	26	29	29	28	27	31	29	28	26	30	31	29	31	28	29	28	30	28	29	26	27	27	26	29	30	28	29	29	28	27	30	29	27	31	28	31	30	29	28	28	28	28	27	30	30	26	29	27	31	31	28	26	26	29	27	28	31	26	26	27	31	29	29	29	29	27	30	31	31	30	31	28	31	29	26	30	26	30	31	28	31	29	31	27	28	30	30	31	26	30	26	31	29	27	28	26	31	26	31	26	29	29	29	28	28	30	26	29	31	30	29	30	26	28	28	31	31	31	30	27	27	31	27	26	28	29	27	27	30	26	31	29	27	27	26	28	30	27	30	29	26	26	30	28	30	27	27	30	28	29	31	28	26	27	31	28	30	31	29	30	26	29	28	30	30	27	29	29	29	26	31	27	31	26	31	26	27	28	28	28	30	30	30	29	29	30	30	31	28	27	28	29	29	29	29	26	31	28	30	27	26	27	29	28	26	29	28	29	30	28	26	28	26	27	26	26	30	27	31	26	30	28	28	31	27	31	27	31	30	26	28	30	26	26	29	27	29	27	26	28	26	29	31	26	28	31	26	28	29	26	28	30	28	27	28	31	30	26	30	30	28	28	27	26	31	28	26	26	31	29	30	28	29	30	26	28	29	29	30	29	28	28	29	28	28	27	31	26	31	27	31	27	30	26	27	27	27	28	31	26	31	26	29	30	31	27	26	31	28	31	30	27	27	27	29	26	28	29	26	26	26	29	29	26	30	27	27	30	28	30	30	28	30	30	26	27	29	30	28	30	28	29	29	27	31	27	30	30	28	26	30	28	27	28	29	29	28	28	31	27	28	31	26	31	28	26	28	26	29	31	29	29	28	28	30	29	28	30	30	31	27	28	28	31	27	29	28	27	31	28	28	27	29	26	26	26	28	29	29	26	29	30	29	31	28	31	30	31	29	31	28	27	28	31	29	30	27	26	27	27	31	29	29	28	28	28	27	31	31	27	27	30	26	27	26	28	27	26	29	27	30	31	30	27	26	26	27	28	28	27	26	27	30	29	31	27	31	28	28	26	30	31	31	27	28	29	29	30	31	31	26	27	30	28	30	31	27	26	29	29	31	31	26	31	30	27	30	27	30	29	28	30	26	30	29	26	29	28	26	28	31	29	29	31	31	27	27	27	28	30	28	29	31	28	26	28	31	26	27	30	26	29	27	28	27	30	28	26	26	31	28	31	30	26	29	29	31	29	30	31	28	30	28	31	27	28	31	31	31	28	27	26	26	30	26	31	27	30	28	27	27	27	31	30	27	29	26	28	28	27	30	29	26	27	31	29	29	26	30	30	29	31	28	28	26	28	28	27	31	26	26	27	28	29	30	29	27	27	26	31	29	29	27	27	30	31	26	28	29	27	29	27	27	27	28	29	31	27	27	27	30	31	29	29	30	28	31	29	30	26	31	28	31	26	29	31	30	28	28	27	26	29	29	30	28	28	27	29	29	27	31	26	28	30	27	30	29	27	29	31	29	31	26	30	29	31	26	30	27	28	28	28	30	28	26	27	28	30	28	27	29	28	30	29	30	26	28	27	31	30	31	26	26	29	27	31	28	28	26	30	27	28	26	30	31	31	28	27	26	27	30	29	30	27	30	29	26	26	27	27	31	28	27	26	27	29	26	30	31	29	30	28	27	30	28	26	26	28	30	27	28	27	27	31	27	26	31	30	31	30	29	27	29	28	31	26	27	26	29	27	27	27	26	30	30	30	30	28	27	28	26	30	27	31	28	27	30	27	30	31	26	27	28	26	31	31	31	29	27	31	31	27	30	31	31	29	26	29	31	27	29	27	29	28	29	29	30	27	30	28	29	29	27	26	26	26	30	26	27	28	26	29	28	28	30	29	30	27	26	28	27	30	27	31	31	30	31	30	31	28	31	31	29	27	27	30	26	31	30	27	30	29	29	31	31	28	27	26	28	29	26	30	30	26	28	28	28	31	31	28	31	27	30	26	26	28	27	27	30	30	29	27	29	29	27	31	31	31	27	29	26	26	28	26	31	30	30	27	31	31	31	30	30	30	31	28	28	31	27	29	30	28	29	29	28	30	27	28	28	26	30	26	26	27	28	28	
79	78	85	92	78	83	90	83	84	77	94	90	81	83	81	83	86	82	94	87	80	84	92	84	93	76	92	76	80	88	91	86	88	79	76	86	83	84	79	77	77	76	83	85	83	88	81	92	86	84	76	85	91	86	82	92	92	77	79	93	77	93	77	94	88	87	84	91	82	78	89	92	91	78	92	86	87	77	92	81	88	81	88	82	79	80	87	89	91	93	84	81	92	76	79	83	79	92	80	76	78	81	85	88	77	87	84	91	93	87	79	78	82	81	76	80	88	89	85	87	94	82	81	82	87	83	88	85	83	77	88	92	85	79	76	81	77	84	81	84	84	86	87	89	89	90	90	92	87	84	78	82	93	91	89	94	86	80	88	87	84	82	88	90	80	83	85	92	77	89	87	78	94	80	92	77	92	92	85	84	87	78	92	93	79	93	94	94	86	83	76	86	83	79	91	81	80	89	93	79	83	86	90	82	81	81	82	76	86	77	91	85	93	92	89	84	76	86	78	81	79	81	83	83	87	82	83	85	79	93	89	92	79	80	78	86	85	83	77	76	83	76	83	83	89	94	94	78	92	81	78	84	94	79	88	92	88	83	81	89	81	91	78	86	78	84	93	80	80	82	85	87	87	87	91	83	81	86	91	83	93	87	88	86	85	93	90	89	86	77	84	76	85	90	92	78	82	88	90	80	91	78	92	91	80	86	82	91	90	86	83	84	87	91	92	84	89	89	83	81	84	92	92	76	81	86	90	91	76	76	83	90	90	76	86	85	81	94	85	89	91	84	76	91	93	91	83	84	94	76	87	84	90	77	85	76	93	76	94	93	77	89	91	90	79	91	89	89	94	94	81	82	79	93	91	85	80	77	78	79	83	94	92	93	77	82	94	81	88	84	91	78	78	93	81	91	90	88	85	90	81	80	80	84	85	92	79	80	85	78	83	83	89	80	93	81	83	87	94	79	82	92	89	84	83	76	85	80	91	94	93	93	82	87	88	92	92	90	90	81	84	89	91	83	94	89	91	85	80	87	77	92	85	77	85	81	80	76	88	86	94	79	92	79	78	91	87	77	92	78	80	85	77	76	88	85	92	88	92	82	93	92	88	87	85	80	89	83	85	82	81	84	92	93	82	94	85	83	88	79	90	76	91	91	81	82	90	91	92	79	85	76	77	93	84	78	92	93	77	76	78	94	79	83	92	83	86	91	79	81	83	87	84	79	77	78	94	86	85	93	94	78	90	82	79	94	84	94	80	83	79	85	91	90	86	90	81	86	89	78	78	82	87	87	82	83	86	87	88	81	76	86	89	85	90	83	85	78	81	77	94	90	83	78	76	87	89	81	83	82	92	92	84	81	89	91	82	92	89	90	89	83	79	93	93	92	83	82	87	83	85	94	93	79	94	82	93	81	90	84	77	82	78	79	83	88	82	77	87	89	94	84	82	92	82	77	89	81	84	91	89	94	76	87	81	81	78	89	82	81	85	83	83	79	83	80	90	87	82	77	88	86	88	82	83	81	78	88	76	93	82	90	87	80	85	79	84	79	79	77	78	76	92	84	80	81	80	84	84	82	90	86	89	76	90	93	76	88	81	91	87	80	84	77	80	76	87	92	77	93	94	85	80	81	84	83	87	92	81	77	77	79	91	77	81	92	81	77	94	94	93	85	89	92	85	85	94	86	78	81	83	78	78	81	93	88	92	82	81	82	93	81	82	82	86	79	93	91	84	76	76	92	88	79	79	88	81	78	80	84	81	92	91	82	85	93	87	91	84	83	77	86	88	78	88	77	79	80	81	83	86	87	83	89	92	91	83	82	90	85	82	77	88	80	90	88	83	86	86	78	90	76	88	92	78	85	83	76	84	92	80	76	80	83	85	76	82	91	83	80	81	90	91	79	78	92	94	82	92	88	88	91	78	79	78	89	82	86	89	83	91	81	88	81	93	81	89	92	94	80	80	92	86	94	76	84	85	94	94	81	82	86	84	86	78	90	79	94	90	90	87	82	86	80	91	87	79	89	88	84	80	87	89	81	84	82	76	84	89	93	92	85	86	81	81	87	88	77	84	79	93	94	89	80	92	86	82	81	94	88	85	77	89	76	86	85	87	91	83	86	87	76	83	92	77	84	79	78	87	89	88	83	80	89	80	77	94	87	91	89	85	77	93	76	81	87	90	92	85	94	85	80	82	88	81	91	88	80	78	81	78	91	83	84	77	81	94	92	93	89	79	90	85	87	82	87	76	89	94	92	93	80	88	81	78	79	91	84	81	81	
15.4	33	30.8	20.9	25.3	12.1	28.6	28.6	31.9	17.6	33	15.4	29.7	22	22	24.2	22	26.4	13.2	15.4	12.1	14.3	31.9	25.3	12.1	27.5	12.1	23.1	11	31.9	28.6	24.2	13.2	24.2	27.5	25.3	14.3	30.8	25.3	28.6	30.8	33	12.1	23.1	11	26.4	17.6	26.4	24.2	30.8	16.5	29.7	28.6	30.8	15.4	22	17.6	20.9	27.5	14.3	11	30.8	18.7	18.7	13.2	14.3	20.9	31.9	12.1	33	23.1	31.9	13.2	11	27.5	15.4	14.3	31.9	12.1	22	15.4	14.3	28.6	20.9	28.6	19.8	18.7	14.3	33	23.1	16.5	30.8	31.9	18.7	15.4	33	33	20.9	18.7	24.2	11	31.9	28.6	15.4	16.5	16.5	29.7	23.1	12.1	17.6	28.6	11	12.1	12.1	24.2	11	20.9	17.6	22	24.2	11	20.9	12.1	18.7	25.3	20.9	12.1	18.7	18.7	18.7	14.3	25.3	24.2	14.3	26.4	33	29.7	16.5	14.3	24.2	27.5	23.1	16.5	30.8	18.7	26.4	16.5	12.1	11	17.6	28.6	15.4	26.4	24.2	19.8	16.5	29.7	12.1	11	15.4	12.1	31.9	16.5	23.1	24.2	12.1	27.5	18.7	29.7	28.6	26.4	29.7	33	11	29.7	25.3	24.2	31.9	27.5	27.5	13.2	23.1	28.6	27.5	31.9	28.6	29.7	33	26.4	25.3	27.5	27.5	30.8	26.4	18.7	15.4	15.4	30.8	13.2	18.7	12.1	28.6	20.9	22	27.5	25.3	28.6	17.6	26.4	31.9	12.1	22	30.8	30.8	20.9	22	23.1	33	27.5	33	27.5	20.9	12.1	13.2	18.7	28.6	30.8	20.9	15.4	13.2	17.6	24.2	30.8	28.6	25.3	19.8	14.3	31.9	24.2	28.6	15.4	22	16.5	28.6	28.6	28.6	31.9	24.2	19.8	33	28.6	13.2	31.9	12.1	20.9	14.3	19.8	14.3	15.4	12.1	30.8	26.4	31.9	27.5	30.8	20.9	12.1	13.2	15.4	18.7	25.3	28.6	14.3	27.5	30.8	20.9	16.5	26.4	30.8	22	27.5	12.1	18.7	22	27.5	14.3	15.4	16.5	33	31.9	18.7	19.8	22	24.2	19.8	22	19.8	27.5	12.1	29.7	12.1	16.5	31.9	26.4	23.1	17.6	27.5	29.7	23.1	20.9	19.8	22	18.7	26.4	26.4	30.8	22	23.1	17.6	18.7	15.4	17.6	33	22	22	31.9	26.4	31.9	28.6	24.2	25.3	16.5	22	31.9	16.5	31.9	16.5	24.2	25.3	14.3	18.7	31.9	14.3	16.5	20.9	31.9	29.7	19.8	20.9	29.7	29.7	15.4	33	30.8	30.8	14.3	24.2	25.3	11	28.6	12.1	29.7	28.6	29.7	19.8	18.7	20.9	13.2	17.6	14.3	19.8	16.5	19.8	18.7	24.2	12.1	11	16.5	33	19.8	17.6	24.2	29.7	33	11	33	17.6	23.1	29.7	18.7	24.2	27.5	14.3	25.3	26.4	33	24.2	27.5	24.2	24.2	20.9	31.9	18.7	25.3	16.5	29.7	27.5	13.2	30.8	16.5	19.8	20.9	26.4	26.4	16.5	17.6	33	19.8	30.8	22	27.5	23.1	13.2	29.7	23.1	16.5	33	25.3	20.9	33	24.2	15.4	11	23.1	13.2	26.4	14.3	11	30.8	29.7	13.2	25.3	15.4	18.7	13.2	14.3	16.5	18.7	27.5	25.3	29.7	22	29.7	25.3	17.6	22	30.8	13.2	17.6	12.1	12.1	25.3	31.9	26.4	27.5	26.4	17.6	17.6	31.9	22	27.5	17.6	16.5	20.9	15.4	16.5	13.2	22	33	23.1	28.6	31.9	18.7	17.6	28.6	18.7	13.2	26.4	31.9	30.8	33	33	30.8	15.4	12.1	28.6	12.1	15.4	14.3	30.8	24.2	33	28.6	30.8	20.9	19.8	27.5	31.9	29.7	13.2	28.6	19.8	25.3	33	23.1	18.7	28.6	13.2	25.3	16.5	25.3	26.4	29.7	20.9	15.4	22	11	13.2	22	25.3	29.7	31.9	14.3	22	17.6	27.5	15.4	11	18.7	30.8	28.6	14.3	30.8	26.4	16.5	30.8	19.8	25.3	26.4	28.6	17.6	27.5	30.8	27.5	19.8	29.7	23.1	13.2	23.1	19.8	16.5	17.6	14.3	19.8	20.9	30.8	31.9	28.6	24.2	16.5	11	17.6	14.3	26.4	16.5	12.1	29.7	25.3	22	31.9	24.2	31.9	27.5	19.8	15.4	30.8	23.1	25.3	28.6	12.1	22	13.2	30.8	33	20.9	14.3	16.5	29.7	25.3	22	14.3	25.3	33	16.5	28.6	31.9	27.5	11	11	19.8	30.8	18.7	19.8	31.9	33	19.8	22	26.4	15.4	27.5	13.2	22	11	33	24.2	27.5	15.4	22	30.8	27.5	28.6	31.9	23.1	17.6	11	16.5	16.5	26.4	16.5	30.8	31.9	30.8	12.1	28.6	26.4	11	23.1	20.9	29.7	30.8	18.7	23.1	31.9	31.9	12.1	11	33	17.6	33	22	27.5	27.5	26.4	23.1	20.9	27.5	18.7	15.4	14.3	16.5	22	28.6	20.9	33	28.6	28.6	16.5	12.1	22	24.2	26.4	15.4	28.6	17.6	31.9	11	11	17.6	22	29.7	23.1	24.2	12.1	14.3	20.9	24.2	18.7	16.5	23.1	24.2	19.8	19.8	30.8	27.5	26.4	23.1	23.1	33	19.8	14.3	33	31.9	23.1	16.5	13.2	17.6	22	29.7	11	17.6	28.6	25.3	22	29.7	14.3	29.7	20.9	31.9	28.6	11	20.9	11	19.8	11	27.5	15.4	12.1	23.1	28.6	25.3	14.3	31.9	16.5	25.3	14.3	28.6	16.5	12.1	14.3	18.7	27.5	29.7	31.9	25.3	22	29.7	19.8	17.6	18.7	30.8	16.5	25.3	24.2	13.2	33	24.2	33	26.4	22	29.7	11	27.5	33	25.3	24.2	27.5	23.1	11	15.4	29.7	23.1	12.1	28.6	18.7	16.5	12.1	23.1	14.3	22	13.2	28.6	17.6	12.1	20.9	14.3	24.2	19.8	23.1	18.7	14.3	22	16.5	13.2	13.2	13.2	19.8	24.2	27.5	29.7	33	24.2	26.4	30.8	12.1	17.6	15.4	15.4	17.6	25.3	14.3	11	25.3	28.6	16.5	26.4	13.2	33	30.8	13.2	18.7	18.7	29.7	20.9	31.9	31.9	16.5	33	16.5	26.4	12.1	22	23.1	20.9	33	27.5	16.5	31.9	11	19.8	29.7	27.5	22	27.5	18.7	28.6	28.6	33	33	18.7	13.2	13.2	15.4	33	26.4	33	18.7	20.9	17.6	15.4	20.9	28.6	22	33	28.6	22	22	26.4	24.2	11	24.2	14.3	30.8	25.3	25.3	26.4	19.8	25.3	26.4	33	13.2	33	31.9	31.9	33	24.2	17.6	15.4	17.6	18.7	20.9	27.5	19.8	22	19.8	31.9	23.1	31.9	28.6	25.3	29.7	24.2	17.6	31.9	18.7	15.4	27.5	28.6	28.6	19.8	17.6	22	24.2	20.9	16.5	13.2	27.5	33	28.6	25.3	22	20.9	31.9	12.1	22	20.9	22	13.2	25.3	27.5	12.1	16.5	22	26.4	25.3	11	15.4	29.7	13.2	33	33	20.9	17.6	20.9	30.8	14.3	29.7	23.1	19.8	20.9	27.5	19.8	31.9	31.9	15.4	19.8	12.1	11	12.1	26.4	23.1	26.4	13.2	24.2	17.6	18.7	31.9	17.6	17.6	11	26.4	14.3	28.6	29.7	13.2	25.3	20.9	25.3	26.4	20.9	13.2	25.3	30.8	24.2	29.7	19.8	29.7	18.7	29.7	25.3	27.5	
11	15.4	23.1	13.2	11	18.7	22	17.6	15.4	31.9	33	31.9	16.5	13.2	17.6	13.2	13.2	30.8	30.8	14.3	13.2	20.9	11	30.8	12.1	33	15.4	19.8	33	29.7	14.3	15.4	23.1	18.7	25.3	29.7	28.6	13.2	23.1	23.1	17.6	28.6	26.4	33	29.7	12.1	18.7	23.1	27.5	17.6	25.3	23.1	23.1	15.4	22	19.8	22	27.5	30.8	14.3	29.7	11	12.1	22	26.4	24.2	11	11	26.4	20.9	28.6	19.8	23.1	23.1	22	22	33	17.6	16.5	26.4	33	24.2	31.9	17.6	23.1	27.5	24.2	30.8	11	26.4	25.3	16.5	26.4	25.3	11	23.1	20.9	15.4	22	28.6	23.1	25.3	24.2	28.6	24.2	26.4	27.5	27.5	24.2	27.5	15.4	28.6	17.6	27.5	27.5	17.6	26.4	24.2	15.4	24.2	16.5	15.4	11	20.9	31.9	23.1	26.4	17.6	30.8	29.7	26.4	15.4	19.8	19.8	33	29.7	33	25.3	14.3	22	28.6	33	12.1	25.3	27.5	16.5	18.7	12.1	12.1	17.6	14.3	25.3	18.7	33	14.3	19.8	33	11	17.6	31.9	29.7	17.6	26.4	18.7	11	11	14.3	20.9	17.6	11	30.8	25.3	29.7	33	23.1	16.5	29.7	22	26.4	19.8	26.4	31.9	11	30.8	11	33	26.4	15.4	29.7	16.5	27.5	28.6	16.5	27.5	31.9	19.8	16.5	14.3	19.8	20.9	24.2	18.7	13.2	28.6	13.2	12.1	17.6	12.1	30.8	23.1	20.9	15.4	29.7	22	14.3	15.4	29.7	33	31.9	25.3	22	11	17.6	22	25.3	15.4	11	30.8	31.9	33	24.2	19.8	25.3	17.6	31.9	28.6	22	13.2	18.7	12.1	29.7	27.5	23.1	22	15.4	29.7	26.4	25.3	19.8	12.1	24.2	25.3	31.9	22	12.1	15.4	18.7	15.4	17.6	30.8	19.8	22	16.5	15.4	30.8	24.2	17.6	29.7	15.4	12.1	29.7	23.1	11	27.5	18.7	30.8	23.1	29.7	13.2	11	33	18.7	27.5	18.7	13.2	22	11	18.7	16.5	17.6	22	14.3	28.6	15.4	24.2	19.8	23.1	15.4	31.9	24.2	22	17.6	31.9	19.8	33	24.2	22	33	11	17.6	13.2	18.7	14.3	30.8	14.3	12.1	26.4	15.4	24.2	31.9	14.3	28.6	15.4	11	18.7	31.9	17.6	30.8	26.4	23.1	20.9	26.4	22	29.7	16.5	12.1	27.5	18.7	23.1	33	16.5	29.7	16.5	16.5	28.6	28.6	20.9	17.6	27.5	18.7	13.2	16.5	12.1	25.3	28.6	15.4	26.4	11	20.9	18.7	26.4	20.9	28.6	17.6	28.6	16.5	23.1	13.2	27.5	30.8	13.2	13.2	16.5	12.1	29.7	13.2	11	13.2	17.6	29.7	28.6	13.2	18.7	16.5	12.1	30.8	11	11	19.8	18.7	16.5	27.5	12.1	30.8	15.4	14.3	30.8	14.3	33	23.1	15.4	33	31.9	11	29.7	18.7	19.8	18.7	16.5	22	33	31.9	23.1	17.6	24.2	11	19.8	20.9	14.3	27.5	18.7	19.8	30.8	13.2	29.7	16.5	20.9	18.7	31.9	29.7	16.5	23.1	16.5	24.2	23.1	16.5	25.3	18.7	27.5	25.3	26.4	17.6	17.6	27.5	14.3	13.2	30.8	27.5	11	14.3	29.7	12.1	33	11	13.2	28.6	17.6	31.9	31.9	14.3	11	18.7	28.6	14.3	12.1	18.7	17.6	20.9	17.6	24.2	24.2	22	16.5	14.3	30.8	15.4	26.4	30.8	18.7	29.7	27.5	15.4	30.8	15.4	11	31.9	28.6	22	29.7	20.9	24.2	31.9	30.8	14.3	29.7	26.4	22	26.4	15.4	29.7	15.4	11	14.3	16.5	26.4	11	16.5	16.5	26.4	33	25.3	20.9	27.5	26.4	31.9	13.2	14.3	23.1	30.8	27.5	28.6	19.8	31.9	13.2	17.6	17.6	28.6	12.1	11	11	29.7	31.9	16.5	18.7	26.4	31.9	28.6	33	33	11	25.3	14.3	20.9	22	16.5	15.4	14.3	31.9	20.9	20.9	18.7	29.7	25.3	14.3	16.5	14.3	12.1	13.2	26.4	19.8	33	15.4	24.2	22	15.4	28.6	24.2	18.7	20.9	22	25.3	13.2	26.4	30.8	20.9	14.3	17.6	24.2	33	24.2	31.9	19.8	16.5	31.9	28.6	30.8	25.3	14.3	29.7	25.3	31.9	27.5	15.4	17.6	23.1	30.8	18.7	20.9	28.6	31.9	29.7	20.9	14.3	15.4	14.3	22	26.4	16.5	11	16.5	24.2	15.4	22	16.5	13.2	33	19.8	16.5	14.3	22	20.9	31.9	16.5	19.8	15.4	23.1	13.2	25.3	25.3	33	24.2	23.1	22	19.8	13.2	19.8	23.1	25.3	20.9	29.7	16.5	25.3	18.7	17.6	15.4	20.9	33	26.4	29.7	14.3	14.3	14.3	26.4	31.9	24.2	25.3	27.5	11	31.9	14.3	15.4	25.3	23.1	16.5	12.1	24.2	26.4	15.4	11	14.3	19.8	12.1	11	25.3	24.2	13.2	17.6	18.7	30.8	33	17.6	27.5	31.9	26.4	25.3	23.1	16.5	30.8	28.6	12.1	19.8	16.5	31.9	29.7	25.3	33	18.7	12.1	13.2	29.7	20.9	26.4	25.3	16.5	17.6	16.5	19.8	28.6	15.4	14.3	18.7	28.6	12.1	27.5	19.8	12.1	23.1	30.8	15.4	29.7	25.3	20.9	12.1	33	12.1	12.1	27.5	27.5	15.4	25.3	20.9	22	14.3	24.2	17.6	26.4	31.9	30.8	25.3	14.3	23.1	16.5	23.1	17.6	19.8	30.8	33	23.1	29.7	26.4	29.7	22	17.6	20.9	12.1	17.6	23.1	30.8	18.7	29.7	22	23.1	27.5	26.4	12.1	14.3	16.5	23.1	11	27.5	27.5	14.3	24.2	16.5	14.3	12.1	16.5	25.3	26.4	29.7	25.3	18.7	19.8	18.7	26.4	23.1	25.3	26.4	22	33	25.3	29.7	12.1	27.5	23.1	19.8	31.9	13.2	22	28.6	25.3	33	17.6	31.9	14.3	19.8	16.5	15.4	22	19.8	33	22	22	27.5	31.9	25.3	25.3	22	23.1	29.7	26.4	11	13.2	16.5	28.6	13.2	12.1	23.1	23.1	20.9	28.6	27.5	28.6	28.6	25.3	18.7	14.3	20.9	11	15.4	16.5	25.3	14.3	33	31.9	16.5	24.2	30.8	30.8	16.5	15.4	22	12.1	22	18.7	19.8	29.7	13.2	30.8	16.5	31.9	22	33	24.2	25.3	20.9	22	22	12.1	16.5	30.8	28.6	29.7	33	33	13.2	16.5	28.6	12.1	23.1	29.7	20.9	12.1	16.5	30.8	23.1	19.8	14.3	20.9	25.3	27.5	16.5	31.9	24.2	29.7	27.5	27.5	17.6	22	15.4	13.2	12.1	11	26.4	23.1	24.2	28.6	33	25.3	19.8	23.1	30.8	17.6	14.3	20.9	31.9	19.8	24.2	18.7	18.7	16.5	30.8	22	27.5	12.1	16.5	28.6	11	29.7	25.3	12.1	22	26.4	22	22	31.9	20.9	28.6	14.3	18.7	11	28.6	23.1	12.1	23.1	29.7	23.1	25.3	11	18.7	23.1	12.1	13.2	14.3	12.1	15.4	15.4	33	18.7	26.4	26.4	13.2	23.1	24.2	26.4	13.2	16.5	24.2	28.6	11	25.3	11	26.4	14.3	31.9	12.1	19.8	26.4	23.1	19.8	13.2	20.9	25.3	29.7	11	16.5	11	23.1	24.2	14.3	22	18.7	22	16.5	16.5	29.7	27.5	17.6	12.1	26.4	
24.2	24.2	27.5	11	27.5	11	22	15.4	16.5	18.7	13.2	29.7	20.9	14.3	25.3	17.6	11	17.6	28.6	31.9	17.6	30.8	30.8	33	27.5	17.6	24.2	18.7	31.9	22	
17	19	10	12	18	17	11	19	19	11	16	14	10	17	10	10	15	17	13	13	19	20	16	12	13	17	10	20	12	11	16	20	19	10	20	17	19	18	15	13	15	19	11	19	17	15	13	18	18	12	12	20	16	11	14	12	13	13	12	16	20	12	14	16	18	10	15	14	19	20	14	17	19	16	17	16	17	17	13	15	13	10	20	10	17	12	16	17	12	17	11	13	10	20	16	12	20	10	19	19	16	14	15	10	14	10	13	18	18	16	10	19	10	13	10	20	13	20	11	20	19	18	14	12	18	10	11	13	14	18	15	19	12	14	15	14	12	17	20	14	15	19	18	20	12	20	12	12	13	10	11	12	18	18	20	15	15	17	16	11	15	18	19	14	11	13	18	20	15	10	20	14	13	10	19	19	13	13	15	12	14	13	19	11	17	13	18	11	14	19	10	18	10	14	15	18	16	15	20	12	15	19	17	18	19	12	13	12	10	13	13	10	13	19	20	14	19	19	19	19	13	14	16	19	19	12	12	19	11	20	19	14	13	19	12	10	14	20	16	16	18	17	15	10	12	10	15	17	17	17	13	14	14	20	10	11	10	15	20	10	19	12	19	13	19	15	20	17	17	15	10	19	17	17	10	12	12	15	16	13	20	14	14	11	12	12	15	10	13	20	13	19	11	11	20	17	11	15	10	16	15	11	13	16	14	14	11	14	17	11	13	11	20	15	16	20	16	14	14	18	16	13	20	20	12	15	14	12	13	19	18	20	16	13	18	12	13	14	10	16	13	19	20	13	20	13	20	19	14	19	15	13	15	11	13	20	18	12	17	17	15	17	13	15	19	10	18	10	19	18	11	15	17	19	11	18	12	18	20	11	18	17	12	16	14	17	12	11	18	15	16	13	11	15	13	14	20	18	16	10	13	20	13	15	16	10	17	19	17	13	17	16	13	20	18	16	13	19	17	20	12	17	18	19	20	10	14	16	18	20	14	17	14	20	18	11	16	18	19	14	14	13	15	14	18	11	10	10	18	14	17	10	17	10	10	20	10	10	16	11	14	13	12	19	14	14	19	13	11	10	15	16	18	10	12	16	15	10	17	15	19	12	19	17	17	11	10	17	19	19	18	15	19	12	10	17	16	17	15	14	20	15	13	20	10	17	20	12	16	11	13	14	11	10	13	10	13	18	10	10	12	19	17	13	17	14	10	16	16	14	13	19	17	10	13	18	10	15	18	12	16	11	18	16	16	17	19	12	13	10	17	20	15	19	14	19	13	17	10	18	10	10	11	15	18	19	15	17	18	17	12	11	17	18	17	18	10	12	14	12	12	20	20	20	18	16	20	11	16	14	10	15	20	15	20	10	15	10	17	10	18	10	10	18	14	16	13	20	15	12	19	12	13	17	16	14	16	19	13	10	14	11	14	18	17	10	18	17	14	17	20	15	17	14	16	15	11	13	10	17	11	16	12	13	17	10	10	15	10	17	15	15	18	18	20	18	16	18	20	17	18	12	17	10	15	15	10	20	19	13	17	12	15	19	19	16	10	20	20	17	10	11	19	12	11	17	16	17	19	12	11	20	18	12	11	14	12	19	19	10	10	20	18	20	14	20	18	11	13	20	10	18	17	18	19	18	11	10	19	18	12	18	12	13	14	10	14	15	19	12	19	11	17	13	14	10	11	10	16	12	20	16	19	15	18	10	18	15	18	20	20	19	15	18	16	18	20	18	17	14	11	11	13	18	13	15	16	15	15	11	14	13	15	14	13	14	12	17	11	19	14	15	16	17	14	14	14	13	20	17	20	13	20	14	17	15	19	16	13	20	12	13	10	18	18	11	18	13	14	17	16	11	16	14	18	17	19	16	11	15	11	14	12	12	12	14	11	15	10	16	19	15	16	10	20	16	11	11	19	20	11	14	14	10	12	19	16	17	14	14	18	17	16	15	15	16	18	15	18	16	18	12	16	18	18	11	11	14	13	12	14	19	19	17	17	12	13	16	19	14	18	18	17	12	18	15	19	19	18	14	15	11	13	10	11	14	11	12	12	17	17	14	13	11	15	16	15	15	18	20	14	12	15	15	20	18	14	14	10	16	17	11	19	10	13	13	13	10	17	10	16	20	12	18	19	12	12	17	18	11	13	20	11	10	16	16	14	19	14	12	15	12	20	19	12	19	20	13	14	18	10	15	13	19	14	12	10	14	20	15	16	12	12	18	20	14	19	10	12	16	18	16	12	14	18	11	17	11	10	14	17	18	11	17	17	20	12	20	15	10	
1	1	1	1	1	1	1	1	1	1	1	1	1	1	1	1	1	1	1	1	1	1	1	1	1	1	1	1	2	2	2	2	2	2	2	2	2	2	2	2	2	2	2	2	2	2	2	2	2	2	2	2	2	2	2	2	2	2	2	2	2	3	3	3	3	3	3	3	3	3	3	3	3	3	3	3	3	3	3	3	3	3	3	3	3	3	3	3	3	3	3	3	3	3	3	3	3	4	4	4	4	4	4	4	4	4	4	4	4	4	4	4	4	4	4	4	4	4	4	4	4	4	4	4	4	4	4	4	4	4	4	4	4	4	5	5	5	5	5	5	5	5	5	5	5	5	5	5	5	5	5	5	5	5	5	5	5	5	5	5	5	5	5	5	5	5	5	5	5	5	5	5	6	6	6	6	6	6	6	6	6	6	6	6	6	6	6	6	6	6	6	6	6	6	6	6	6	6	6	6	6	6	6	6	6	7	7	7	7	7	7	7	7	7	7	7	7	7	7	7	7	7	7	7	7	7	7	7	7	7	7	7	7	7	7	7	7	7	7	7	7	8	8	8	8	8	8	8	8	8	8	8	8	8	8	8	8	8	8	8	8	8	8	8	8	8	8	8	8	8	8	8	8	8	8	8	8	8	8	8	9	9	9	9	9	9	9	9	9	9	9	9	9	9	9	9	9	9	9	9	9	9	9	9	9	9	9	9	9	9	9	10	10	10	10	10	10	10	10	10	10	10	10	10	10	10	10	10	10	10	10	10	10	10	10	10	10	10	10	10	10	10	10	10	10	10	11	11	11	11	11	11	11	11	11	11	11	11	11	11	11	11	11	11	11	11	11	11	11	11	11	11	12	12	12	12	12	12	12	12	12	12	12	12	12	12	12	12	12	12	12	12	12	12	12	12	12	12	12	12	12	12	12	12	12	12	13	13	13	13	13	13	13	13	13	13	13	13	13	13	13	13	13	13	14	14	14	14	14	14	14	14	14	14	14	14	14	14	14	14	14	14	14	14	14	14	14	14	14	14	14	14	14	15	15	15	15	15	15	15	15	15	15	15	15	15	15	15	15	15	15	15	15	15	15	15	15	15	15	15	15	15	15	15	15	15	15	15	15	15	15	15	16	16	16	16	16	16	16	16	16	16	16	16	16	16	16	16	16	16	16	16	16	16	16	16	16	16	16	16	16	16	16	16	16	16	16	16	16	17	17	17	17	17	17	17	17	17	17	17	17	17	17	17	17	17	17	17	17	17	17	17	17	17	17	17	17	17	17	17	17	17	17	17	18	18	18	18	18	18	18	18	18	18	18	18	18	18	18	18	18	18	18	18	18	18	18	18	18	18	18	18	18	18	18	18	19	19	19	19	19	19	19	19	19	19	19	19	19	19	19	19	19	19	19	19	19	19	19	19	19	19	19	19	19	19	19	19	20	20	20	20	20	20	20	20	20	20	20	20	20	20	20	20	20	20	20	20	20	20	20	20	20	20	20	20	20	20	20	20	21	21	21	21	21	21	21	21	21	21	21	21	21	21	21	21	21	21	21	21	21	21	21	21	21	21	21	21	21	21	22	22	22	22	22	22	22	22	22	22	22	22	22	22	22	22	22	22	22	22	22	22	22	22	22	22	22	22	22	22	22	22	23	23	23	23	23	23	23	23	23	23	23	23	23	23	23	23	23	23	23	23	23	23	23	23	23	23	23	23	23	23	23	23	23	23	24	24	24	24	24	24	24	24	24	24	24	24	24	24	24	24	24	24	24	24	24	24	24	24	24	24	24	24	24	24	24	24	24	24	24	24	24	24	24	24	25	25	25	25	25	25	25	25	25	25	25	25	25	25	25	25	25	25	25	25	25	25	25	25	25	25	25	25	25	25	25	25	25	25	25	25	25	25	25	25	25	26	26	26	26	26	26	26	26	26	26	26	26	26	26	26	26	26	26	26	26	26	26	26	26	26	26	26	26	27	27	27	27	27	27	27	27	27	27	27	27	27	27	27	27	27	27	27	27	27	27	27	27	27	27	27	27	28	28	28	28	28	28	28	28	28	28	28	28	28	28	28	28	28	28	28	28	28	28	28	28	28	28	28	28	28	28	28	28	28	28	28	28	28	28	28	28	29	29	29	29	29	29	29	29	29	29	29	29	29	29	29	29	29	29	29	29	29	29	29	29	29	29	29	29	29	29	29	29	29	29	30	30	30	30	30	30	30	30	30	30	30	30	30	30	30	30	30	30	30	30	30	30	30	30	30	30	30	30	30	30	30	30	30	
