1000
15	2
1955	13.2
30	30	31	28	31	26	31	31	31	29	29	26	29	28	29	26	27	31	31	28	29	28	26	27	29	28	29	28	29	28	31	30	30	29	28	30	31	30	26	29	26	31	29	30	29	28	27	28	29	30	31	26	30	28	28	28	30	31	27	27	28	28	30	27	31	31	31	28	27	27	26	29	28	26	31	30	26	29	29	27	28	26	30	31	30	26	31	30	31	31	26	28	27	30	29	30	27	31	26	30	31	28	29	28	29	26	30	30	26	29	30	31	26	27	28	29	26	26	31	27	28	27	28	27	26	28	27	26	27	27	28	29	27	28	31	28	31	26	30	27	26	30	27	29	31	28	26	28	27	31	31	27	27	30	26	31	29	28	31	27	26	31	31	30	30	29	29	30	31	29	28	27	31	31	30	26	26	29	30	30	29	29	30	31	31	31	27	27	28	31	26	27	27	30	26	28	30	27	31	31	30	27	29	28	28	27	30	26	29	29	27	27	27	29	28	27	30	26	29	26	31	27	26	31	31	28	31	29	29	31	28	28	31	29	31	26	27	27	29	30	31	31	29	26	26	28	30	27	30	30	29	31	26	28	26	28	27	28	30	26	29	26	31	29	31	30	30	28	29	28	28	28	28	27	27	28	28	31	29	29	31	26	27	29	31	31	27	31	28	28	26	29	30	26	28	29	26	26	26	28	28	30	27	28	29	27	30	28	31	26	29	27	26	28	28	29	27	26	26	28	29	30	28	26	26	26	31	29	31	28	31	26	28	28	30	26	26	30	26	28	30	29	27	26	26	30	31	28	26	31	30	31	26	30	28	30	30	28	31	27	27	31	29	31	30	30	31	28	26	26	27	31	30	30	29	28	31	29	31	30	28	31	28	28	30	30	31	27	28	28	27	27	30	29	29	26	26	31	29	26	27	29	31	29	29	26	30	27	26	27	29	30	26	30	30	26	26	30	26	27	27	30	30	28	29	28	26	27	29	30	29	26	26	29	31	28	30	27	31	31	26	28	31	26	29	28	31	29	29	31	30	27	31	31	27	26	30	31	28	30	31	29	27	28	27	28	27	31	29	31	30	27	29	28	31	29	30	29	27	29	31	30	26	29	31	31	31	30	29	31	27	31	27	29	30	27	28	29	27	29	26	30	28	31	29	27	26	31	26	29	26	28	26	29	30	29	29	26	31	30	31	29	28	27	31	28	31	29	28	31	29	26	31	27	28	30	29	27	30	31	26	27	28	30	31	31	30	29	27	27	28	26	26	27	29	27	29	28	31	26	31	31	28	27	30	26	30	26	27	26	31	26	26	26	29	26	27	27	27	30	27	29	26	27	26	28	30	28	30	30	26	28	30	30	31	30	29	26	30	31	29	31	30	26	31	29	28	30	27	28	29	27	26	28	26	31	28	27	29	31	27	26	27	28	27	31	26	29	31	26	31	30	31	30	29	27	27	31	30	29	26	29	29	26	31	30	29	29	28	29	30	31	29	30	31	30	27	30	29	28	31	29	28	26	28	28	30	26	29	29	29	30	26	30	27	27	28	30	26	28	31	28	31	30	28	28	30	28	27	26	29	31	26	28	27	26	28	27	29	31	26	28	28	30	28	29	27	26	31	26	28	26	26	28	28	31	31	27	29	26	31	31	29	30	30	30	27	31	28	31	27	28	30	29	30	31	26	28	26	26	30	30	29	29	31	29	28	30	26	28	26	31	26	29	31	31	30	28	31	30	30	26	29	30	29	28	26	30	31	29	28	30	31	30	27	28	29	31	29	30	31	30	30	29	29	27	30	26	28	26	30	30	26	29	29	27	27	28	31	26	30	26	29	30	29	26	30	29	27	26	29	30	31	29	31	26	29	29	30	29	26	26	28	28	28	30	31	28	31	27	29	29	29	27	26	26	31	31	26	28	27	28	29	27	27	27	26	28	26	26	31	26	28	29	27	31	30	30	31	27	27	29	30	27	28	26	28	29	27	31	27	27	29	28	27	31	27	31	31	30	28	29	26	28	30	30	26	31	30	29	29	29	27	26	31	29	31	29	26	29	27	28	29	28	29	28	29	31	27	29	29	31	31	29	28	27	31	31	26	26	29	28	31	29	30	28	30	29	30	30	29	28	26	31	29	26	29	30	26	28	30	27	31	28	27	29	29	29	26	26	29	30	30	31	26	31	29	28	30	27	28	30	29	31	30	28	29	26	26	27	30	29	30	27	31	31	30	27	26	26	29	31	31	29	31	30	29	28	26	30	31	26	30	31	31	30	30	31	31	29	
88	76	84	78	79	82	89	76	81	80	83	78	78	76	86	82	77	79	80	93	81	94	81	90	77	80	89	78	79	81	81	79	91	88	80	90	87	83	94	93	86	90	81	83	92	84	76	82	81	89	86	92	92	78	93	77	84	91	81	93	93	76	79	85	86	94	80	92	80	93	83	82	87	77	79	76	84	81	81	85	78	80	76	86	89	87	90	79	83	77	92	88	77	94	92	91	94	77	82	80	84	83	89	83	83	82	85	94	93	78	91	84	80	90	90	77	86	84	86	93	82	77	80	93	84	79	91	78	78	76	77	79	94	90	76	91	79	88	79	76	89	78	79	80	78	78	78	91	82	86	85	76	77	91	84	89	78	80	94	93	87	94	93	79	76	93	79	92	79	80	85	92	78	93	81	85	87	91	87	83	79	81	89	85	79	90	84	90	81	89	83	91	87	85	77	90	83	94	85	82	87	83	93	81	88	87	92	89	84	94	78	86	86	91	90	85	78	83	93	86	80	88	87	80	79	88	89	86	77	92	86	83	94	84	80	78	88	89	80	91	89	82	89	84	78	80	89	86	86	94	86	93	79	82	94	88	83	86	80	94	90	78	93	84	93	92	85	87	81	92	85	89	87	85	84	94	78	91	93	86	87	88	87	77	92	79	76	93	85	86	85	77	83	93	80	76	81	77	93	87	91	76	78	84	94	94	88	88	76	80	88	89	83	76	84	93	84	83	88	79	89	80	84	93	91	83	90	83	79	82	88	84	80	87	80	93	93	78	79	85	76	76	94	77	80	77	94	79	91	90	81	83	82	83	92	81	76	80	83	82	86	82	82	84	84	76	92	88	76	82	90	84	89	78	93	77	88	85	88	81	83	83	81	82	81	92	79	86	91	83	78	92	83	86	86	91	79	79	92	82	77	85	88	93	86	91	76	76	84	88	83	88	90	80	90	92	92	93	94	91	82	82	86	80	87	78	79	77	81	85	90	87	91	92	83	89	82	94	86	91	90	90	76	93	82	84	89	82	91	85	76	89	91	80	88	88	81	88	93	76	93	76	85	82	91	78	83	94	84	83	90	77	85	78	84	83	84	91	80	82	92	83	94	82	82	94	83	78	91	78	83	76	89	94	84	83	82	90	81	88	84	77	90	83	84	94	77	88	93	81	91	78	89	91	85	79	80	78	86	88	93	79	92	92	88	87	88	80	78	91	80	90	79	88	80	91	91	86	88	86	79	84	91	82	86	78	83	83	92	83	89	91	84	93	84	83	79	92	94	84	79	79	93	89	76	91	86	91	88	87	76	77	94	76	86	93	80	83	86	93	84	82	89	88	90	85	85	77	86	82	92	94	87	78	93	86	88	85	91	89	93	92	84	78	87	82	78	85	93	82	81	92	79	88	81	79	91	78	77	92	79	86	86	90	84	81	79	89	86	87	93	84	84	79	76	91	83	81	76	77	77	79	80	80	79	83	86	76	94	85	83	88	85	86	88	94	83	89	94	84	77	88	80	79	92	91	91	76	81	85	87	94	89	82	94	77	81	76	79	83	86	77	90	82	90	89	86	79	81	78	92	94	80	79	88	92	76	81	92	79	77	91	77	76	88	76	92	94	94	90	76	84	88	78	89	78	92	87	78	93	79	91	76	89	94	91	89	76	83	76	84	90	91	92	79	83	79	77	78	91	80	79	92	81	93	79	83	85	83	82	89	84	88	88	79	80	87	77	77	83	88	84	93	82	87	93	91	84	93	82	83	83	78	88	87	83	87	76	80	94	90	81	93	77	94	83	91	77	79	94	78	88	78	76	90	83	77	90	78	90	81	78	84	82	84	83	82	93	80	78	76	89	88	82	82	83	79	78	86	82	83	92	94	88	79	86	82	84	91	81	83	88	79	90	91	79	79	93	87	88	76	87	84	91	89	79	93	91	92	85	93	83	92	79	83	84	80	87	82	77	83	79	76	84	78	85	76	89	94	77	78	90	94	85	78	90	78	84	80	94	91	79	91	79	94	81	91	79	84	85	87	77	93	76	92	84	91	79	77	87	86	84	79	91	88	79	82	87	83	90	78	77	79	86	94	81	80	86	82	87	94	82	85	81	81	84	81	94	88	81	84	93	91	84	77	81	87	87	91	91	78	83	84	78	89	87	83	80	79	79	87	78	89	81	86	91	77	83	92	85	93	78	92	86	91	88	77	87	83	80	87	76	82	83	84	77	91	84	80	76	84	93	76	89	78	92	76	92	90	89	79	86	77	77	87	79	85	77	82	91	
24.2	29.7	12.1	30.8	28.6	22	13.2	26.4	13.2	28.6	30.8	20.9	24.2	16.5	19.8	18.7	24.2	16.5	28.6	27.5	20.9	18.7	15.4	20.9	28.6	29.7	16.5	22	12.1	29.7	14.3	20.9	16.5	19.8	15.4	16.5	11	20.9	26.4	24.2	12.1	11	19.8	28.6	24.2	27.5	22	26.4	22	20.9	24.2	29.7	31.9	18.7	13.2	33	11	27.5	20.9	27.5	26.4	23.1	11	11	11	16.5	13.2	20.9	30.8	19.8	22	33	13.2	18.7	17.6	11	22	17.6	23.1	15.4	20.9	33	22	12.1	26.4	30.8	18.7	27.5	15.4	23.1	12.1	12.1	27.5	11	19.8	30.8	29.7	24.2	18.7	28.6	30.8	30.8	17.6	11	31.9	23.1	27.5	14.3	20.9	27.5	22	17.6	30.8	18.7	17.6	14.3	18.7	26.4	25.3	14.3	16.5	33	29.7	12.1	30.8	16.5	26.4	25.3	20.9	26.4	14.3	26.4	20.9	11	15.4	26.4	12.1	16.5	20.9	15.4	28.6	18.7	29.7	13.2	15.4	24.2	17.6	17.6	30.8	15.4	27.5	19.8	15.4	13.2	31.9	23.1	33	17.6	26.4	14.3	22	14.3	17.6	13.2	16.5	20.9	14.3	16.5	30.8	16.5	16.5	23.1	24.2	20.9	20.9	33	23.1	27.5	25.3	12.1	13.2	29.7	30.8	12.1	29.7	16.5	18.7	25.3	30.8	30.8	14.3	15.4	15.4	22	22	20.9	24.2	25.3	12.1	14.3	11	31.9	23.1	30.8	11	20.9	29.7	30.8	26.4	20.9	25.3	13.2	24.2	29.7	18.7	29.7	22	19.8	13.2	20.9	31.9	30.8	22	18.7	19.8	27.5	25.3	28.6	19.8	14.3	23.1	14.3	28.6	16.5	30.8	13.2	31.9	23.1	19.8	31.9	13.2	16.5	13.2	31.9	19.8	22	23.1	16.5	20.9	22	17.6	30.8	25.3	27.5	17.6	18.7	16.5	30.8	26.4	12.1	16.5	25.3	17.6	28.6	26.4	22	15.4	13.2	20.9	19.8	14.3	19.8	25.3	25.3	22	28.6	22	15.4	18.7	12.1	31.9	16.5	23.1	16.5	20.9	16.5	28.6	11	14.3	17.6	17.6	30.8	17.6	20.9	20.9	24.2	17.6	24.2	20.9	28.6	30.8	14.3	31.9	28.6	22	23.1	20.9	25.3	17.6	11	24.2	30.8	11	33	27.5	17.6	18.7	13.2	24.2	20.9	31.9	17.6	28.6	26.4	27.5	11	17.6	23.1	31.9	30.8	22	18.7	22	14.3	28.6	29.7	23.1	11	28.6	17.6	27.5	29.7	19.8	15.4	29.7	15.4	31.9	20.9	26.4	29.7	11	20.9	30.8	24.2	22	16.5	16.5	17.6	28.6	11	18.7	20.9	16.5	11	16.5	13.2	25.3	22	26.4	31.9	28.6	28.6	30.8	18.7	27.5	33	20.9	33	22	14.3	29.7	13.2	31.9	27.5	23.1	16.5	22	31.9	27.5	31.9	33	12.1	23.1	22	31.9	11	12.1	19.8	20.9	14.3	22	14.3	25.3	25.3	17.6	23.1	25.3	22	24.2	26.4	17.6	29.7	25.3	19.8	18.7	30.8	27.5	18.7	24.2	16.5	33	26.4	19.8	33	26.4	31.9	18.7	26.4	26.4	14.3	26.4	18.7	29.7	29.7	29.7	26.4	12.1	15.4	31.9	33	12.1	11	28.6	13.2	33	12.1	15.4	30.8	15.4	24.2	19.8	28.6	26.4	25.3	30.8	12.1	20.9	20.9	26.4	30.8	33	25.3	31.9	26.4	20.9	33	16.5	12.1	11	30.8	18.7	18.7	11	19.8	33	26.4	20.9	20.9	15.4	14.3	16.5	11	33	18.7	25.3	29.7	31.9	16.5	12.1	28.6	24.2	16.5	14.3	20.9	28.6	29.7	24.2	15.4	20.9	13.2	11	25.3	27.5	20.9	20.9	25.3	22	11	25.3	27.5	28.6	23.1	16.5	17.6	12.1	28.6	23.1	14.3	13.2	19.8	13.2	18.7	23.1	18.7	20.9	33	13.2	30.8	23.1	26.4	27.5	23.1	11	26.4	31.9	16.5	19.8	14.3	29.7	12.1	30.8	18.7	30.8	20.9	22	15.4	25.3	13.2	29.7	23.1	14.3	15.4	30.8	33	26.4	15.4	33	33	23.1	27.5	24.2	19.8	12.1	24.2	18.7	29.7	17.6	22	24.2	31.9	15.4	26.4	26.4	24.2	13.2	24.2	24.2	14.3	15.4	29.7	19.8	19.8	28.6	24.2	14.3	13.2	23.1	19.8	14.3	16.5	12.1	13.2	14.3	15.4	26.4	33	12.1	13.2	12.1	29.7	20.9	20.9	27.5	27.5	13.2	11	19.8	13.2	16.5	12.1	31.9	31.9	18.7	24.2	12.1	31.9	29.7	31.9	28.6	33	26.4	14.3	15.4	28.6	11	16.5	19.8	17.6	18.7	13.2	17.6	23.1	28.6	23.1	33	29.7	33	28.6	12.1	29.7	27.5	18.7	23.1	24.2	19.8	14.3	25.3	11	31.9	24.2	31.9	28.6	20.9	26.4	17.6	23.1	12.1	14.3	15.4	18.7	17.6	26.4	16.5	23.1	19.8	20.9	18.7	24.2	14.3	25.3	13.2	14.3	22	25.3	14.3	33	14.3	14.3	22	15.4	16.5	24.2	20.9	11	23.1	16.5	28.6	26.4	14.3	28.6	26.4	13.2	14.3	14.3	27.5	17.6	22	33	26.4	30.8	12.1	30.8	25.3	24.2	27.5	29.7	29.7	17.6	30.8	16.5	11	27.5	30.8	24.2	22	31.9	30.8	33	18.7	29.7	29.7	25.3	27.5	13.2	16.5	11	24.2	12.1	33	19.8	33	17.6	19.8	18.7	26.4	16.5	20.9	25.3	22	25.3	33	31.9	12.1	28.6	24.2	14.3	12.1	23.1	19.8	12.1	13.2	25.3	15.4	14.3	26.4	26.4	25.3	19.8	23.1	29.7	19.8	11	29.7	33	11	14.3	26.4	18.7	22	29.7	25.3	17.6	17.6	28.6	31.9	12.1	27.5	29.7	18.7	26.4	26.4	24.2	14.3	27.5	27.5	17.6	22	15.4	11	15.4	14.3	23.1	20.9	22	25.3	15.4	27.5	12.1	27.5	13.2	26.4	27.5	18.7	12.1	22	29.7	31.9	17.6	24.2	22	33	20.9	20.9	22	27.5	28.6	30.8	27.5	18.7	30.8	28.6	18.7	33	22	31.9	17.6	25.3	19.8	29.7	18.7	33	24.2	33	14.3	25.3	29.7	16.5	28.6	16.5	23.1	25.3	18.7	13.2	29.7	18.7	31.9	26.4	19.8	27.5	25.3	11	13.2	25.3	20.9	31.9	30.8	16.5	11	27.5	26.4	20.9	30.8	12.1	11	30.8	28.6	33	11	31.9	12.1	19.8	27.5	28.6	18.7	18.7	26.4	16.5	16.5	27.5	31.9	18.7	30.8	18.7	11	24.2	16.5	28.6	12.1	31.9	25.3	11	27.5	31.9	33	11	12.1	12.1	14.3	16.5	19.8	23.1	28.6	16.5	22	24.2	28.6	30.8	20.9	19.8	29.7	15.4	11	11	23.1	12.1	18.7	29.7	14.3	28.6	20.9	16.5	25.3	24.2	28.6	25.3	18.7	11	13.2	24.2	29.7	24.2	33	13.2	15.4	22	12.1	11	13.2	16.5	23.1	14.3	15.4	33	16.5	14.3	25.3	27.5	25.3	22	18.7	15.4	33	16.5	19.8	27.5	15.4	29.7	16.5	11	14.3	33	23.1	12.1	19.8	20.9	27.5	12.1	14.3	22	16.5	33	19.8	26.4	31.9	24.2	13.2	28.6	26.4	24.2	22	11	13.2	17.6	15.4	33	33	30.8	24.2	18.7	18.7	19.8	15.4	11	15.4	20.9	26.4	31.9	30.8	25.3	22	
13.2	20.9	29.7	20.9	19.8	31.9	11	11	29.7	29.7	25.3	13.2	18.7	20.9	26.4	18.7	20.9	12.1	33	11	31.9	15.4	26.4	15.4	30.8	31.9	17.6	12.1	14.3	26.4	26.4	31.9	26.4	11	22	26.4	23.1	19.8	16.5	15.4	24.2	16.5	19.8	31.9	12.1	23.1	18.7	14.3	23.1	23.1	25.3	30.8	23.1	14.3	29.7	30.8	27.5	14.3	15.4	28.6	28.6	15.4	26.4	20.9	11	25.3	15.4	25.3	14.3	28.6	16.5	29.7	20.9	27.5	22	15.4	24.2	11	33	19.8	13.2	26.4	25.3	14.3	12.1	31.9	16.5	25.3	12.1	22	19.8	17.6	11	24.2	26.4	31.9	28.6	17.6	26.4	30.8	12.1	16.5	12.1	20.9	20.9	18.7	27.5	23.1	27.5	12.1	11	15.4	14.3	12.1	29.7	11	30.8	22	17.6	15.4	17.6	13.2	11	18.7	27.5	16.5	18.7	26.4	12.1	15.4	16.5	17.6	22	28.6	15.4	14.3	19.8	23.1	31.9	23.1	15.4	16.5	23.1	19.8	15.4	29.7	24.2	19.8	20.9	31.9	17.6	23.1	24.2	13.2	30.8	14.3	16.5	30.8	30.8	18.7	13.2	25.3	17.6	22	19.8	23.1	11	26.4	27.5	25.3	24.2	17.6	27.5	14.3	23.1	27.5	17.6	15.4	11	20.9	13.2	20.9	24.2	24.2	15.4	28.6	23.1	25.3	26.4	18.7	13.2	27.5	15.4	27.5	19.8	12.1	27.5	11	20.9	15.4	20.9	30.8	16.5	11	31.9	28.6	33	27.5	18.7	19.8	27.5	17.6	12.1	28.6	18.7	25.3	18.7	11	22	13.2	22	17.6	28.6	12.1	27.5	14.3	18.7	27.5	28.6	24.2	12.1	25.3	23.1	17.6	11	17.6	26.4	12.1	13.2	28.6	19.8	11	12.1	11	23.1	33	18.7	14.3	24.2	28.6	31.9	24.2	17.6	15.4	11	18.7	16.5	23.1	13.2	28.6	31.9	17.6	29.7	26.4	15.4	16.5	12.1	30.8	20.9	29.7	12.1	11	14.3	17.6	20.9	19.8	12.1	20.9	14.3	13.2	18.7	12.1	12.1	22	24.2	20.9	12.1	33	24.2	28.6	18.7	26.4	27.5	14.3	11	18.7	26.4	11	31.9	19.8	19.8	27.5	16.5	22	23.1	31.9	28.6	25.3	28.6	13.2	28.6	18.7	26.4	30.8	28.6	12.1	12.1	16.5	17.6	16.5	20.9	12.1	12.1	17.6	28.6	12.1	15.4	22	28.6	12.1	24.2	28.6	16.5	19.8	18.7	17.6	33	24.2	33	23.1	18.7	30.8	19.8	25.3	13.2	16.5	12.1	24.2	27.5	16.5	19.8	29.7	29.7	27.5	25.3	26.4	19.8	22	33	12.1	29.7	23.1	28.6	12.1	25.3	11	14.3	24.2	27.5	18.7	25.3	30.8	16.5	33	19.8	22	30.8	15.4	14.3	22	20.9	27.5	15.4	12.1	31.9	26.4	30.8	20.9	19.8	26.4	14.3	13.2	16.5	11	28.6	14.3	14.3	13.2	22	11	27.5	19.8	19.8	16.5	22	15.4	30.8	12.1	29.7	28.6	29.7	17.6	13.2	33	22	26.4	19.8	27.5	15.4	16.5	25.3	33	19.8	22	23.1	12.1	33	20.9	31.9	17.6	11	18.7	17.6	25.3	18.7	30.8	23.1	27.5	28.6	16.5	30.8	29.7	24.2	29.7	27.5	17.6	25.3	31.9	16.5	30.8	11	26.4	24.2	30.8	17.6	33	27.5	18.7	13.2	33	23.1	31.9	29.7	19.8	14.3	25.3	22	29.7	30.8	20.9	24.2	19.8	16.5	19.8	20.9	20.9	20.9	13.2	33	28.6	20.9	13.2	30.8	22	23.1	27.5	20.9	15.4	12.1	14.3	12.1	25.3	31.9	16.5	12.1	19.8	12.1	19.8	30.8	33	28.6	12.1	22	30.8	22	18.7	16.5	29.7	22	14.3	17.6	22	13.2	29.7	20.9	22	26.4	23.1	23.1	12.1	15.4	28.6	11	18.7	25.3	16.5	20.9	27.5	27.5	18.7	17.6	16.5	20.9	20.9	23.1	29.7	11	12.1	11	30.8	19.8	20.9	13.2	19.8	16.5	23.1	29.7	17.6	18.7	20.9	12.1	29.7	13.2	30.8	26.4	27.5	18.7	28.6	23.1	27.5	16.5	14.3	13.2	12.1	30.8	24.2	24.2	28.6	20.9	15.4	11	19.8	33	14.3	14.3	23.1	20.9	30.8	14.3	12.1	14.3	26.4	17.6	11	13.2	26.4	31.9	12.1	16.5	19.8	17.6	18.7	11	27.5	14.3	31.9	16.5	25.3	22	26.4	19.8	14.3	12.1	12.1	17.6	33	30.8	30.8	24.2	22	29.7	18.7	24.2	13.2	19.8	16.5	33	30.8	12.1	19.8	18.7	11	11	18.7	22	16.5	27.5	12.1	12.1	25.3	29.7	29.7	19.8	16.5	11	16.5	12.1	14.3	11	17.6	11	16.5	16.5	17.6	22	17.6	31.9	18.7	29.7	15.4	14.3	29.7	12.1	15.4	17.6	31.9	14.3	15.4	18.7	19.8	18.7	16.5	33	13.2	16.5	26.4	18.7	28.6	22	31.9	33	18.7	26.4	31.9	16.5	28.6	19.8	17.6	17.6	33	12.1	22	30.8	30.8	31.9	12.1	11	27.5	27.5	15.4	31.9	28.6	26.4	14.3	28.6	19.8	26.4	28.6	18.7	29.7	30.8	20.9	11	18.7	14.3	15.4	28.6	28.6	17.6	33	12.1	26.4	19.8	18.7	11	24.2	20.9	11	14.3	26.4	11	14.3	18.7	11	20.9	11	24.2	30.8	25.3	12.1	19.8	33	29.7	16.5	17.6	25.3	30.8	13.2	11	16.5	31.9	12.1	33	20.9	19.8	22	24.2	12.1	30.8	24.2	16.5	20.9	11	27.5	33	27.5	23.1	25.3	28.6	23.1	16.5	11	23.1	14.3	11	18.7	27.5	13.2	26.4	14.3	14.3	30.8	28.6	18.7	24.2	18.7	13.2	27.5	17.6	18.7	19.8	19.8	11	25.3	31.9	12.1	30.8	18.7	16.5	17.6	15.4	25.3	17.6	29.7	17.6	16.5	16.5	28.6	26.4	11	13.2	11	26.4	16.5	25.3	11	24.2	20.9	24.2	28.6	14.3	20.9	29.7	16.5	11	29.7	18.7	18.7	18.7	30.8	29.7	15.4	30.8	13.2	12.1	27.5	16.5	26.4	14.3	25.3	14.3	19.8	22	14.3	13.2	17.6	12.1	12.1	23.1	18.7	28.6	26.4	24.2	17.6	12.1	13.2	14.3	12.1	12.1	12.1	14.3	14.3	19.8	16.5	13.2	14.3	31.9	30.8	13.2	33	28.6	15.4	26.4	33	28.6	22	12.1	24.2	23.1	11	20.9	23.1	13.2	15.4	27.5	18.7	11	13.2	16.5	27.5	33	25.3	24.2	15.4	26.4	28.6	29.7	25.3	29.7	18.7	15.4	18.7	26.4	22	26.4	19.8	30.8	29.7	14.3	18.7	14.3	11	30.8	15.4	16.5	13.2	19.8	13.2	18.7	18.7	12.1	27.5	22	26.4	24.2	13.2	13.2	25.3	33	23.1	18.7	11	18.7	24.2	12.1	29.7	25.3	22	29.7	17.6	18.7	31.9	26.4	27.5	30.8	25.3	29.7	13.2	26.4	13.2	24.2	12.1	25.3	31.9	13.2	31.9	25.3	27.5	14.3	33	24.2	14.3	29.7	26.4	33	26.4	30.8	24.2	28.6	27.5	30.8	16.5	20.9	13.2	18.7	27.5	12.1	33	20.9	16.5	19.8	28.6	14.3	20.9	22	33	14.3	27.5	24.2	16.5	18.7	17.6	14.3	16.5	31.9	13.2	14.3	27.5	28.6	19.8	14.3	15.4	31.9	12.1	25.3	20.9	14.3	33	23.1	28.6	
22	26.4	18.7	31.9	28.6	26.4	20.9	11	12.1	24.2	19.8	14.3	24.2	12.1	31.9	
10	19	11	19	15	15	20	12	15	10	19	13	14	19	11	15	11	18	13	10	10	14	15	10	17	14	11	12	16	17	10	10	19	20	14	18	14	13	16	11	17	19	19	11	20	11	18	17	14	15	16	12	13	11	16	17	12	16	19	15	12	12	13	18	18	18	17	10	10	16	11	15	15	14	12	16	16	19	16	16	17	10	14	20	14	17	11	18	17	16	19	13	20	15	13	16	15	18	18	15	14	18	14	10	15	13	12	11	11	18	20	10	18	12	13	17	11	10	19	11	19	13	12	17	16	20	11	10	16	13	11	14	18	14	13	16	10	17	20	15	11	16	14	11	12	20	14	12	12	19	11	16	14	20	12	14	19	15	12	20	19	15	20	15	14	10	17	12	18	18	17	11	17	12	13	12	19	10	18	15	13	11	10	18	16	16	13	14	18	11	20	11	11	20	14	17	11	19	19	13	16	19	13	13	13	13	19	20	14	14	16	18	13	17	14	16	12	17	15	15	18	14	15	16	12	17	17	15	14	14	12	15	15	15	20	18	12	11	10	10	12	15	13	11	12	16	18	19	12	10	16	12	20	18	11	20	13	20	11	11	19	19	18	18	19	10	10	17	13	12	14	18	14	19	17	18	11	20	19	14	15	11	16	13	18	15	13	15	11	17	20	14	14	10	19	19	20	13	12	15	15	17	11	15	18	17	15	19	10	16	14	18	13	11	18	18	12	20	11	17	17	19	14	11	10	18	10	16	17	19	18	19	19	16	11	15	12	10	20	17	20	15	12	16	17	16	11	13	13	19	13	14	16	14	18	10	10	14	13	16	16	15	14	11	11	20	16	15	12	17	12	16	18	10	19	11	17	12	10	20	12	11	19	17	13	13	19	14	13	13	16	17	12	13	15	19	20	11	10	13	14	14	14	15	17	13	15	20	14	12	12	20	15	15	13	11	18	11	20	11	11	11	11	16	19	13	17	10	15	12	20	14	10	17	15	18	15	19	18	20	12	20	16	15	17	11	17	13	11	18	13	13	11	11	10	15	15	10	14	14	11	13	16	16	14	16	16	20	18	12	10	14	12	14	10	11	19	10	19	18	18	16	15	13	13	18	20	20	12	13	19	11	15	18	14	18	16	16	16	16	14	20	11	20	13	20	10	18	10	13	11	11	19	11	18	16	19	20	12	11	17	12	17	18	16	13	12	12	10	16	19	16	16	16	10	20	16	18	13	16	12	18	13	17	10	16	17	19	13	14	11	20	11	14	14	14	10	13	16	16	16	19	15	11	12	13	13	12	13	13	11	15	19	16	15	15	13	20	19	15	20	20	18	13	20	15	15	18	20	15	17	13	18	15	14	10	18	11	16	19	18	13	12	12	15	14	14	18	15	16	15	11	20	20	16	18	14	18	16	10	20	16	17	15	14	14	16	14	10	18	14	12	14	19	11	20	12	14	18	13	15	20	12	15	11	13	11	15	16	15	15	15	14	19	18	20	15	19	10	15	10	19	20	20	14	18	10	15	11	16	10	12	16	15	19	11	18	20	13	11	10	11	10	15	12	14	10	13	11	15	14	17	15	18	12	11	12	17	15	15	10	12	12	11	13	20	13	16	17	12	18	17	14	20	19	10	10	17	13	20	14	18	15	10	13	10	20	13	19	12	11	12	18	17	10	20	10	15	17	13	19	10	16	18	10	11	10	14	13	19	18	17	10	15	19	18	16	18	18	13	19	14	16	19	11	20	10	12	12	10	12	10	18	16	19	19	12	12	12	15	15	10	14	15	18	18	16	11	19	12	16	10	19	11	14	13	12	13	12	15	20	10	17	10	12	11	10	20	19	13	13	14	11	17	13	16	14	11	19	20	13	15	17	16	11	14	11	16	19	12	20	18	20	11	13	16	13	20	18	13	20	11	12	16	18	16	19	20	10	17	10	13	11	11	14	18	10	19	13	14	19	13	16	10	15	20	20	18	18	10	10	11	18	13	14	14	10	17	17	10	19	18	16	16	20	19	11	10	14	17	15	14	13	18	13	14	14	18	10	19	18	19	10	12	15	16	19	16	18	16	16	17	14	20	18	15	20	16	10	16	11	11	14	12	20	11	13	20	14	18	13	11	16	11	14	20	11	20	10	19	19	16	16	19	12	20	11	20	10	18	19	10	12	15	14	14	20	12	16	14	12	11	20	13	17	16	16	13	10	19	13	16	20	17	11	19	11	20	16	10	14	13	18	14	10	15	20	18	13	11	12	16	15	19	15	17	11	17	15	17	
1	1	1	1	1	1	1	1	1	1	1	1	1	1	1	1	1	1	1	1	1	1	1	1	1	1	1	1	1	1	1	1	1	1	1	1	1	1	1	1	1	1	1	1	1	1	1	1	1	1	1	1	1	1	1	1	1	1	1	1	1	1	1	1	1	1	1	1	1	1	1	1	1	1	1	1	1	1	1	2	2	2	2	2	2	2	2	2	2	2	2	2	2	2	2	2	2	2	2	2	2	2	2	2	2	2	2	2	2	2	2	2	2	2	2	2	2	2	2	2	2	2	2	2	2	2	2	2	2	2	2	2	2	2	2	2	2	2	2	2	2	2	2	2	2	2	3	3	3	3	3	3	3	3	3	3	3	3	3	3	3	3	3	3	3	3	3	3	3	3	3	3	3	3	3	3	3	3	3	3	3	3	3	3	3	3	3	3	3	3	3	3	3	3	3	3	3	3	3	3	3	3	3	3	3	3	3	3	3	3	3	3	3	3	3	3	3	3	3	3	3	3	3	3	3	3	3	4	4	4	4	4	4	4	4	4	4	4	4	4	4	4	4	4	4	4	4	4	4	4	4	4	4	4	4	4	4	4	4	4	4	4	4	4	4	4	4	4	4	4	4	4	4	4	4	4	4	4	4	4	4	4	4	4	4	4	5	5	5	5	5	5	5	5	5	5	5	5	5	5	5	5	5	5	5	5	5	5	5	5	5	5	5	5	5	5	5	5	5	5	5	5	5	5	5	5	5	5	5	5	5	5	5	5	5	5	5	5	5	5	5	5	5	5	5	6	6	6	6	6	6	6	6	6	6	6	6	6	6	6	6	6	6	6	6	6	6	6	6	6	6	6	6	6	6	6	6	6	6	6	6	6	6	6	6	6	6	6	6	6	7	7	7	7	7	7	7	7	7	7	7	7	7	7	7	7	7	7	7	7	7	7	7	7	7	7	7	7	7	7	7	7	7	7	7	7	7	7	7	7	7	7	7	7	7	7	7	7	7	7	7	7	7	7	7	7	7	7	7	7	7	7	7	7	7	7	7	7	7	7	7	7	7	7	7	7	7	7	7	7	8	8	8	8	8	8	8	8	8	8	8	8	8	8	8	8	8	8	8	8	8	8	8	8	8	8	8	8	8	8	8	8	8	8	8	8	8	8	8	8	8	8	8	8	8	8	8	8	8	8	8	8	8	8	8	8	8	8	8	8	8	8	8	8	8	8	9	9	9	9	9	9	9	9	9	9	9	9	9	9	9	9	9	9	9	9	9	9	9	9	9	9	9	9	9	9	9	9	9	9	9	9	9	9	9	9	9	9	9	9	9	9	9	9	9	9	9	9	9	9	9	9	9	9	9	9	9	9	9	9	9	9	9	9	9	9	9	9	9	10	10	10	10	10	10	10	10	10	10	10	10	10	10	10	10	10	10	10	10	10	10	10	10	10	10	10	10	10	10	10	10	10	10	10	10	10	10	10	10	10	10	10	10	10	10	10	10	10	10	10	10	10	10	10	10	10	10	10	10	10	10	10	10	10	10	11	11	11	11	11	11	11	11	11	11	11	11	11	11	11	11	11	11	11	11	11	11	11	11	11	11	11	11	11	11	11	11	11	11	11	11	11	11	11	11	11	11	11	11	11	11	11	11	11	11	11	11	11	11	11	11	11	11	11	12	12	12	12	12	12	12	12	12	12	12	12	12	12	12	12	12	12	12	12	12	12	12	12	12	12	12	12	12	12	12	12	12	12	12	12	12	12	12	12	12	12	12	12	13	13	13	13	13	13	13	13	13	13	13	13	13	13	13	13	13	13	13	13	13	13	13	13	13	13	13	13	13	13	13	13	13	13	13	13	13	13	13	13	13	13	13	13	13	13	13	13	13	13	13	13	13	13	13	13	13	13	13	13	13	13	13	13	13	13	13	14	14	14	14	14	14	14	14	14	14	14	14	14	14	14	14	14	14	14	14	14	14	14	14	14	14	14	14	14	14	14	14	14	14	14	14	14	14	14	14	14	14	14	14	14	14	14	14	14	14	14	14	14	14	14	14	14	14	14	14	14	14	14	14	14	14	14	14	14	14	14	14	14	14	14	14	14	14	14	14	14	14	14	14	14	14	14	14	15	15	15	15	15	15	15	15	15	15	15	15	15	15	15	15	15	15	15	15	15	15	15	15	15	15	15	15	15	15	15	15	15	15	15	15	15	15	15	15	15	15	15	15	15	15	15	15	15	15	15	15	15	15	15	15	15	15	15	15	15	15	15	15	15	15	15	
