1000
45	4
568	30.8
27	30	27	28	31	31	29	29	28	29	31	30	30	26	29	28	28	30	31	31	29	27	29	29	26	26	31	29	28	26	31	29	29	29	27	28	29	28	28	31	27	31	27	26	29	31	27	28	28	28	26	29	27	26	28	29	26	26	28	29	26	31	28	30	30	28	28	31	30	28	31	27	28	28	30	30	28	27	27	27	28	29	30	28	26	26	29	28	26	27	28	31	27	26	28	27	28	29	26	30	28	29	27	27	28	29	28	27	26	31	27	30	26	29	27	31	30	26	27	29	27	29	27	28	31	29	29	27	28	26	29	27	28	27	28	28	28	27	29	31	29	31	27	30	29	26	30	27	26	28	26	26	28	30	28	27	27	27	31	28	28	29	26	26	28	31	29	28	29	28	28	31	28	27	30	30	27	27	30	31	30	28	29	26	30	27	30	30	27	30	30	26	27	31	29	26	29	28	29	27	29	30	29	30	28	27	29	28	29	29	26	31	28	28	29	28	26	31	31	28	28	30	26	27	28	27	31	29	30	26	30	28	26	29	30	31	31	30	29	30	26	26	29	30	29	26	26	29	29	31	31	27	30	28	27	28	26	30	28	27	27	28	28	29	31	29	26	29	30	29	30	27	30	27	26	28	28	31	30	26	27	31	29	29	30	29	31	26	30	31	31	30	26	29	27	30	29	28	31	30	28	27	30	26	29	30	30	29	27	30	30	26	29	27	28	27	27	29	26	29	28	26	30	28	28	27	29	26	27	30	27	30	27	30	26	31	28	30	26	27	28	31	28	30	28	26	27	28	26	31	28	29	26	28	27	28	28	26	31	26	30	29	31	30	29	31	30	31	31	28	29	29	31	28	29	30	31	29	30	31	31	27	31	31	28	30	27	26	27	27	31	31	27	29	28	27	26	30	29	31	31	27	30	27	26	31	28	27	29	28	26	26	31	29	30	26	29	30	28	30	30	26	29	29	28	31	31	30	28	27	31	28	27	26	29	28	29	31	30	29	30	30	28	31	26	31	30	31	27	31	28	27	28	31	26	29	28	28	26	31	27	30	28	31	31	31	31	28	27	31	31	31	29	26	27	29	31	31	26	26	26	29	31	26	29	28	30	29	31	31	30	29	26	26	26	26	26	27	26	29	28	31	31	30	28	31	27	31	31	28	29	27	29	29	28	26	27	29	31	28	26	29	31	30	26	31	27	29	28	26	29	27	29	31	28	26	29	28	27	28	28	27	31	29	26	31	31	26	30	27	29	26	27	27	28	31	26	31	31	28	31	30	29	29	28	30	26	27	31	27	26	30	26	27	29	26	27	28	28	30	27	30	29	29	28	30	26	31	31	30	30	27	31	28	27	29	29	31	28	29	27	28	28	27	28	27	26	26	30	29	31	27	31	30	31	26	28	27	27	27	30	29	28	29	28	26	26	30	30	31	28	27	29	30	31	30	26	29	26	28	26	28	29	31	30	30	27	28	26	28	26	29	26	30	26	30	26	26	31	26	26	30	29	30	28	29	27	30	28	28	31	30	26	28	31	27	28	27	27	27	28	29	30	26	27	29	28	31	30	27	27	27	26	31	26	27	28	31	28	28	26	26	27	31	29	27	27	27	26	29	29	28	27	29	29	29	30	26	26	31	29	28	31	31	29	30	29	27	30	28	29	29	29	29	28	27	26	31	29	30	29	28	31	31	26	26	27	30	28	26	26	30	28	28	29	31	26	28	31	28	28	26	29	30	26	28	28	30	29	26	26	27	26	28	28	30	27	31	28	31	26	26	30	26	29	29	26	29	26	31	28	30	26	26	27	31	30	30	30	29	29	27	31	31	30	27	31	27	26	30	30	31	30	31	30	27	30	27	31	29	29	26	26	29	30	29	29	29	29	31	30	27	31	29	27	28	26	27	26	27	29	31	29	26	26	30	26	30	30	26	26	30	30	29	29	30	30	28	30	29	27	26	26	27	27	26	29	30	26	26	27	31	29	26	29	30	31	30	29	26	27	27	30	31	28	27	27	28	29	26	26	30	31	31	31	27	30	30	28	28	30	26	28	30	28	28	27	28	28	27	26	31	27	26	26	29	28	30	26	29	29	26	30	29	28	28	30	27	26	29	27	28	28	29	27	27	26	29	30	30	27	27	26	27	28	30	30	31	27	30	26	27	30	31	29	31	26	27	31	29	31	31	30	28	30	27	31	31	31	28	27	30	27	30	26	27	30	28	26	29	28	31	30	27	28	28	26	30	30	29	28	28	29	26	27	29	31	28	26	27	
83	88	84	88	92	90	88	76	90	81	79	82	79	88	76	94	79	92	87	80	92	89	80	94	79	78	82	80	89	94	90	89	83	80	85	79	84	91	93	92	88	87	84	84	76	90	79	88	82	76	84	91	94	91	86	92	90	84	86	92	76	88	83	89	80	94	76	84	87	85	76	92	94	94	94	86	87	78	79	90	93	89	91	78	79	81	83	85	79	77	92	92	94	89	80	80	93	82	92	79	94	80	81	83	88	76	92	81	86	81	86	85	92	91	83	78	82	85	78	89	91	94	88	93	83	80	85	80	89	79	84	88	93	78	84	89	93	91	85	92	82	80	83	87	87	76	81	93	92	93	91	88	87	80	80	93	85	93	90	84	82	79	93	80	86	76	88	76	77	92	90	78	93	86	85	77	91	88	93	86	81	85	88	93	85	79	88	84	93	89	93	87	92	76	80	84	86	79	88	89	80	87	84	78	81	93	79	90	92	86	82	94	91	94	83	89	77	83	89	80	87	78	82	91	80	87	87	87	82	93	88	83	89	77	82	93	83	84	93	85	82	77	89	88	89	76	82	85	89	81	78	81	94	90	92	83	94	81	94	88	83	94	89	77	91	86	94	80	82	80	93	91	85	94	85	79	82	84	76	80	82	94	78	90	78	91	83	89	94	80	93	90	77	89	91	92	88	91	85	78	79	86	92	76	84	92	81	92	91	89	88	91	82	92	79	81	92	94	92	92	92	85	85	91	80	85	76	82	82	84	78	82	84	91	83	84	90	86	87	80	89	79	78	80	80	88	76	85	82	87	86	79	88	80	82	88	86	94	89	91	85	89	80	83	81	84	77	92	85	77	87	78	94	90	78	88	81	80	82	93	92	91	92	89	78	94	84	85	94	91	79	92	77	77	90	77	76	91	93	89	84	93	82	77	86	89	79	82	87	76	76	80	81	83	80	85	92	94	83	89	88	82	86	90	77	83	93	88	78	87	90	92	87	93	81	77	89	76	88	79	87	83	82	79	83	94	77	90	84	86	77	83	92	80	83	82	90	87	80	80	83	91	76	78	79	89	89	87	78	82	79	92	85	89	77	86	88	82	86	88	86	84	89	89	91	85	81	78	85	82	87	84	81	80	85	88	80	90	87	83	77	79	84	93	78	85	86	91	94	93	90	78	76	84	80	91	87	82	88	86	86	77	86	85	92	86	84	76	82	92	81	86	91	80	88	84	78	93	77	77	80	77	82	92	85	80	86	79	89	85	77	93	85	89	82	82	90	78	87	85	78	89	89	93	85	91	83	80	82	78	82	90	84	88	86	94	80	91	79	78	87	85	82	89	80	86	88	91	93	81	84	89	90	86	90	78	77	90	80	91	91	83	88	77	86	92	91	87	91	77	88	91	82	91	80	89	80	87	77	78	88	87	80	76	78	79	89	78	84	77	82	81	76	79	80	84	80	81	89	94	83	87	80	83	92	80	79	89	78	79	80	91	78	86	84	81	79	86	80	82	88	90	89	81	78	93	89	76	76	79	80	78	92	76	91	78	81	78	77	86	84	87	91	81	93	91	89	87	90	85	90	86	94	79	82	92	83	78	93	77	89	77	83	82	82	82	93	94	88	78	91	86	83	79	90	92	82	86	83	85	79	90	76	81	80	79	92	79	79	89	77	90	78	79	92	87	78	79	92	92	85	94	86	77	90	90	89	94	78	86	79	77	76	93	78	84	91	84	81	91	78	94	78	94	94	90	76	80	81	89	79	91	92	78	79	77	86	87	90	87	90	84	87	82	87	87	77	94	86	80	87	92	89	87	94	88	84	82	93	87	79	87	91	77	90	85	91	90	94	80	77	84	81	81	82	87	86	79	83	87	76	90	86	90	79	80	94	76	78	90	90	84	83	90	78	80	89	83	90	89	90	79	88	87	78	78	80	88	83	77	84	94	88	84	80	77	88	80	94	93	79	83	84	83	81	90	81	88	79	85	90	77	84	80	77	77	77	86	93	86	85	83	93	93	93	84	90	77	94	89	76	90	81	78	90	88	84	87	78	88	77	92	79	83	92	83	92	90	84	83	82	93	93	80	86	82	80	80	94	94	92	86	86	86	76	89	93	88	93	89	87	76	94	84	90	78	84	79	79	88	93	79	86	85	84	91	86	80	76	94	77	94	81	90	78	85	84	92	93	76	82	87	89	89	89	84	87	80	81	84	87	93	83	88	89	91	76	90	87	88	89	82	79	78	89	87	88	82	78	92	82	80	82	86	79	86	78	90	89	81	
26.4	26.4	19.8	17.6	15.4	24.2	15.4	13.2	27.5	28.6	25.3	33	14.3	17.6	13.2	28.6	33	15.4	17.6	28.6	20.9	11	31.9	30.8	25.3	31.9	11	15.4	24.2	15.4	22	30.8	17.6	17.6	11	23.1	18.7	13.2	25.3	13.2	12.1	13.2	14.3	28.6	33	11	26.4	29.7	22	25.3	29.7	15.4	24.2	33	31.9	12.1	33	22	23.1	27.5	28.6	22	16.5	24.2	30.8	23.1	12.1	26.4	17.6	16.5	28.6	14.3	15.4	25.3	13.2	14.3	30.8	25.3	15.4	19.8	15.4	17.6	19.8	24.2	28.6	13.2	31.9	18.7	16.5	23.1	18.7	18.7	13.2	16.5	27.5	22	12.1	13.2	19.8	19.8	25.3	29.7	33	26.4	11	16.5	26.4	22	20.9	16.5	27.5	15.4	29.7	18.7	13.2	15.4	25.3	12.1	28.6	33	19.8	11	24.2	11	11	28.6	33	31.9	26.4	24.2	30.8	22	17.6	30.8	23.1	22	20.9	15.4	28.6	20.9	29.7	19.8	22	17.6	20.9	11	14.3	20.9	16.5	22	19.8	31.9	18.7	31.9	16.5	19.8	24.2	14.3	27.5	18.7	12.1	12.1	19.8	22	27.5	25.3	14.3	17.6	23.1	33	23.1	25.3	26.4	20.9	26.4	17.6	13.2	14.3	30.8	26.4	28.6	19.8	26.4	33	26.4	31.9	20.9	25.3	33	29.7	25.3	14.3	19.8	20.9	11	26.4	29.7	17.6	29.7	19.8	26.4	31.9	26.4	11	12.1	23.1	14.3	22	31.9	30.8	27.5	12.1	28.6	18.7	12.1	14.3	33	13.2	29.7	25.3	22	16.5	25.3	24.2	28.6	14.3	26.4	24.2	12.1	30.8	12.1	11	27.5	17.6	20.9	27.5	27.5	22	28.6	17.6	24.2	20.9	25.3	26.4	26.4	30.8	19.8	25.3	15.4	28.6	24.2	19.8	20.9	27.5	11	14.3	12.1	11	13.2	13.2	14.3	26.4	31.9	29.7	17.6	33	11	29.7	33	18.7	23.1	31.9	23.1	33	29.7	20.9	14.3	25.3	12.1	12.1	27.5	25.3	25.3	26.4	27.5	25.3	19.8	14.3	17.6	23.1	26.4	26.4	17.6	12.1	29.7	18.7	11	27.5	27.5	18.7	11	25.3	33	17.6	18.7	30.8	13.2	26.4	31.9	13.2	23.1	19.8	22	29.7	18.7	15.4	19.8	31.9	23.1	22	18.7	16.5	31.9	22	13.2	30.8	31.9	28.6	15.4	11	13.2	18.7	14.3	33	12.1	25.3	16.5	31.9	29.7	17.6	30.8	16.5	18.7	31.9	33	18.7	18.7	26.4	16.5	33	23.1	13.2	27.5	33	12.1	30.8	14.3	19.8	18.7	13.2	11	27.5	11	23.1	20.9	24.2	22	13.2	28.6	15.4	23.1	19.8	17.6	14.3	31.9	33	12.1	31.9	16.5	31.9	16.5	30.8	22	16.5	23.1	29.7	27.5	33	15.4	22	13.2	19.8	14.3	29.7	24.2	15.4	27.5	12.1	22	28.6	13.2	17.6	13.2	28.6	17.6	12.1	33	31.9	26.4	19.8	16.5	30.8	28.6	28.6	13.2	22	12.1	14.3	19.8	18.7	11	22	22	13.2	20.9	24.2	28.6	24.2	20.9	25.3	29.7	29.7	28.6	16.5	29.7	24.2	26.4	25.3	16.5	20.9	24.2	23.1	12.1	23.1	25.3	20.9	18.7	33	33	30.8	27.5	18.7	18.7	29.7	13.2	31.9	12.1	26.4	30.8	13.2	26.4	27.5	13.2	26.4	31.9	33	18.7	26.4	17.6	14.3	18.7	18.7	29.7	31.9	20.9	20.9	28.6	16.5	20.9	18.7	25.3	16.5	23.1	23.1	17.6	12.1	23.1	26.4	28.6	20.9	22	18.7	12.1	27.5	26.4	18.7	22	20.9	11	12.1	20.9	30.8	18.7	27.5	14.3	17.6	15.4	28.6	25.3	13.2	29.7	23.1	26.4	18.7	27.5	33	27.5	33	12.1	18.7	19.8	25.3	31.9	13.2	29.7	16.5	13.2	31.9	29.7	26.4	15.4	25.3	25.3	16.5	30.8	15.4	28.6	13.2	13.2	12.1	25.3	24.2	20.9	33	33	14.3	26.4	14.3	33	22	13.2	30.8	30.8	31.9	31.9	29.7	27.5	22	12.1	11	29.7	18.7	11	30.8	22	31.9	23.1	18.7	23.1	29.7	20.9	17.6	24.2	12.1	33	12.1	20.9	30.8	19.8	11	22	11	14.3	19.8	31.9	16.5	26.4	28.6	19.8	31.9	16.5	25.3	20.9	15.4	28.6	15.4	14.3	28.6	28.6	25.3	28.6	19.8	12.1	28.6	26.4	18.7	33	14.3	20.9	28.6	11	30.8	19.8	30.8	27.5	29.7	33	20.9	16.5	16.5	30.8	12.1	17.6	12.1	29.7	20.9	31.9	19.8	27.5	13.2	26.4	15.4	29.7	14.3	24.2	31.9	28.6	11	16.5	30.8	29.7	19.8	12.1	19.8	26.4	14.3	25.3	25.3	27.5	17.6	20.9	25.3	15.4	33	29.7	20.9	23.1	13.2	33	20.9	20.9	11	24.2	12.1	18.7	26.4	24.2	13.2	22	30.8	27.5	22	19.8	28.6	26.4	11	26.4	17.6	17.6	17.6	24.2	29.7	22	31.9	29.7	18.7	19.8	24.2	33	28.6	26.4	25.3	20.9	30.8	25.3	18.7	15.4	33	23.1	20.9	24.2	18.7	25.3	29.7	33	31.9	13.2	33	28.6	16.5	28.6	28.6	30.8	28.6	23.1	16.5	31.9	11	30.8	17.6	14.3	28.6	16.5	19.8	23.1	31.9	18.7	31.9	30.8	25.3	31.9	11	13.2	14.3	20.9	17.6	30.8	12.1	17.6	29.7	23.1	22	27.5	25.3	33	19.8	13.2	14.3	22	24.2	28.6	24.2	25.3	22	11	15.4	13.2	18.7	11	22	19.8	24.2	16.5	28.6	22	29.7	31.9	26.4	12.1	15.4	22	18.7	11	24.2	26.4	27.5	14.3	25.3	20.9	15.4	11	23.1	29.7	16.5	17.6	12.1	12.1	33	20.9	26.4	22	11	26.4	12.1	31.9	22	31.9	31.9	18.7	31.9	19.8	13.2	25.3	25.3	30.8	27.5	12.1	29.7	25.3	20.9	14.3	26.4	25.3	30.8	16.5	17.6	11	11	11	16.5	16.5	30.8	16.5	23.1	31.9	17.6	26.4	12.1	30.8	22	33	22	11	23.1	19.8	28.6	27.5	22	26.4	11	33	31.9	28.6	12.1	20.9	18.7	27.5	26.4	24.2	16.5	25.3	22	12.1	31.9	12.1	19.8	31.9	19.8	23.1	16.5	22	16.5	20.9	24.2	14.3	12.1	17.6	29.7	28.6	26.4	14.3	27.5	19.8	14.3	18.7	28.6	14.3	33	27.5	31.9	12.1	17.6	23.1	18.7	26.4	16.5	11	14.3	17.6	25.3	30.8	28.6	30.8	18.7	15.4	25.3	30.8	22	12.1	13.2	22	29.7	17.6	17.6	18.7	26.4	25.3	11	25.3	20.9	27.5	25.3	17.6	31.9	20.9	26.4	15.4	24.2	29.7	30.8	27.5	29.7	24.2	22	33	30.8	33	30.8	12.1	25.3	28.6	12.1	30.8	33	31.9	16.5	23.1	28.6	23.1	26.4	20.9	30.8	31.9	14.3	23.1	26.4	29.7	29.7	31.9	22	12.1	13.2	17.6	26.4	27.5	27.5	14.3	18.7	24.2	14.3	11	33	26.4	28.6	31.9	26.4	22	23.1	18.7	19.8	12.1	19.8	28.6	15.4	26.4	22	14.3	27.5	22	31.9	31.9	33	19.8	22	30.8	29.7	33	13.2	18.7	27.5	18.7	19.8	23.1	26.4	28.6	14.3	11	29.7	25.3	24.2	
14.3	29.7	23.1	19.8	17.6	15.4	19.8	30.8	26.4	18.7	23.1	24.2	14.3	16.5	22	28.6	15.4	33	13.2	22	23.1	22	22	20.9	22	16.5	20.9	26.4	26.4	12.1	16.5	29.7	24.2	23.1	23.1	24.2	30.8	12.1	13.2	17.6	25.3	11	27.5	24.2	23.1	22	12.1	11	13.2	25.3	22	28.6	11	23.1	26.4	17.6	12.1	31.9	27.5	22	24.2	13.2	18.7	17.6	12.1	29.7	29.7	28.6	22	24.2	24.2	12.1	25.3	12.1	14.3	29.7	11	13.2	19.8	14.3	16.5	25.3	30.8	25.3	30.8	13.2	22	17.6	24.2	28.6	22	11	13.2	11	16.5	26.4	33	26.4	26.4	13.2	17.6	27.5	20.9	11	24.2	25.3	19.8	16.5	15.4	30.8	12.1	33	13.2	19.8	25.3	29.7	17.6	19.8	22	17.6	24.2	24.2	28.6	25.3	28.6	17.6	24.2	28.6	15.4	24.2	23.1	30.8	18.7	16.5	30.8	14.3	33	25.3	16.5	23.1	14.3	11	24.2	22	19.8	33	22	31.9	17.6	17.6	11	30.8	12.1	23.1	30.8	33	19.8	16.5	27.5	16.5	20.9	27.5	11	31.9	20.9	31.9	15.4	12.1	11	18.7	29.7	29.7	11	33	28.6	24.2	19.8	23.1	28.6	15.4	22	16.5	33	22	29.7	17.6	29.7	17.6	33	12.1	25.3	24.2	23.1	11	26.4	20.9	31.9	20.9	22	11	20.9	22	31.9	20.9	18.7	29.7	27.5	18.7	26.4	14.3	29.7	29.7	11	17.6	31.9	22	15.4	30.8	11	30.8	19.8	19.8	14.3	19.8	30.8	22	26.4	14.3	27.5	30.8	19.8	31.9	19.8	31.9	18.7	12.1	17.6	13.2	22	27.5	15.4	18.7	14.3	22	20.9	15.4	25.3	19.8	16.5	19.8	17.6	28.6	28.6	19.8	14.3	33	20.9	19.8	25.3	13.2	26.4	18.7	30.8	19.8	13.2	28.6	14.3	29.7	26.4	26.4	24.2	25.3	24.2	13.2	31.9	23.1	28.6	26.4	33	29.7	27.5	20.9	12.1	17.6	31.9	29.7	14.3	26.4	20.9	14.3	20.9	29.7	26.4	33	30.8	16.5	15.4	23.1	33	15.4	17.6	18.7	14.3	13.2	31.9	26.4	16.5	15.4	20.9	25.3	23.1	27.5	30.8	11	14.3	30.8	16.5	26.4	22	26.4	30.8	25.3	20.9	33	11	30.8	23.1	28.6	31.9	11	15.4	17.6	30.8	31.9	16.5	11	31.9	20.9	26.4	18.7	23.1	18.7	19.8	25.3	30.8	29.7	17.6	12.1	29.7	18.7	31.9	16.5	33	13.2	19.8	23.1	16.5	26.4	22	22	16.5	28.6	31.9	27.5	17.6	12.1	15.4	31.9	13.2	18.7	25.3	30.8	12.1	11	27.5	31.9	14.3	18.7	24.2	30.8	27.5	28.6	24.2	16.5	29.7	16.5	18.7	23.1	25.3	25.3	17.6	24.2	17.6	24.2	15.4	27.5	25.3	24.2	14.3	31.9	18.7	20.9	30.8	25.3	25.3	16.5	33	25.3	19.8	24.2	28.6	28.6	15.4	31.9	15.4	11	26.4	31.9	13.2	30.8	11	25.3	33	15.4	16.5	24.2	28.6	26.4	24.2	30.8	22	30.8	15.4	29.7	16.5	24.2	24.2	14.3	26.4	24.2	33	12.1	28.6	16.5	23.1	19.8	28.6	29.7	28.6	22	26.4	16.5	11	29.7	23.1	30.8	14.3	14.3	20.9	20.9	19.8	25.3	13.2	14.3	28.6	12.1	12.1	19.8	12.1	31.9	27.5	24.2	30.8	31.9	31.9	23.1	14.3	20.9	28.6	22	26.4	28.6	23.1	17.6	14.3	26.4	15.4	26.4	24.2	31.9	22	22	13.2	25.3	22	29.7	17.6	11	16.5	17.6	15.4	19.8	18.7	24.2	16.5	13.2	28.6	16.5	25.3	30.8	17.6	31.9	16.5	15.4	26.4	22	27.5	13.2	25.3	15.4	29.7	28.6	26.4	17.6	15.4	13.2	15.4	20.9	19.8	17.6	12.1	29.7	11	24.2	20.9	12.1	22	25.3	13.2	18.7	18.7	29.7	26.4	28.6	29.7	33	27.5	25.3	16.5	11	15.4	13.2	23.1	20.9	30.8	19.8	17.6	22	27.5	12.1	22	24.2	23.1	12.1	15.4	26.4	28.6	18.7	14.3	18.7	16.5	19.8	25.3	28.6	26.4	30.8	19.8	24.2	12.1	30.8	23.1	26.4	15.4	30.8	25.3	25.3	23.1	30.8	13.2	16.5	24.2	18.7	20.9	22	18.7	23.1	20.9	18.7	25.3	18.7	14.3	17.6	15.4	13.2	14.3	15.4	14.3	15.4	29.7	22	16.5	17.6	20.9	28.6	22	12.1	29.7	19.8	15.4	14.3	20.9	26.4	19.8	23.1	18.7	33	18.7	24.2	28.6	24.2	30.8	28.6	30.8	29.7	27.5	25.3	19.8	23.1	15.4	27.5	27.5	25.3	24.2	13.2	20.9	22	26.4	22	16.5	26.4	28.6	16.5	17.6	30.8	18.7	18.7	24.2	24.2	22	26.4	30.8	20.9	29.7	24.2	16.5	11	28.6	16.5	33	20.9	15.4	13.2	19.8	30.8	15.4	33	20.9	33	13.2	31.9	28.6	33	18.7	33	29.7	16.5	30.8	33	25.3	26.4	29.7	22	22	30.8	27.5	22	18.7	33	16.5	26.4	31.9	15.4	26.4	30.8	28.6	17.6	28.6	23.1	22	17.6	12.1	25.3	23.1	25.3	22	11	28.6	20.9	19.8	20.9	29.7	15.4	27.5	22	11	31.9	29.7	26.4	12.1	29.7	13.2	33	17.6	22	12.1	22	12.1	28.6	29.7	28.6	23.1	28.6	16.5	26.4	19.8	24.2	16.5	18.7	29.7	16.5	30.8	20.9	25.3	19.8	18.7	12.1	19.8	15.4	33	25.3	11	24.2	17.6	16.5	14.3	17.6	16.5	14.3	27.5	16.5	16.5	11	31.9	13.2	18.7	31.9	13.2	18.7	31.9	30.8	12.1	16.5	29.7	20.9	16.5	28.6	25.3	11	15.4	14.3	22	14.3	22	24.2	33	28.6	19.8	15.4	30.8	19.8	23.1	20.9	20.9	25.3	27.5	33	15.4	15.4	30.8	12.1	18.7	13.2	33	28.6	29.7	13.2	11	22	11	24.2	23.1	12.1	18.7	14.3	23.1	27.5	22	24.2	33	24.2	12.1	12.1	30.8	24.2	14.3	19.8	22	18.7	12.1	28.6	13.2	16.5	12.1	28.6	28.6	33	28.6	29.7	13.2	20.9	28.6	33	12.1	22	24.2	22	14.3	12.1	11	25.3	12.1	29.7	26.4	24.2	16.5	15.4	27.5	26.4	12.1	33	23.1	28.6	30.8	14.3	19.8	14.3	26.4	19.8	33	31.9	14.3	27.5	12.1	18.7	27.5	22	14.3	31.9	13.2	31.9	23.1	13.2	30.8	20.9	13.2	24.2	27.5	25.3	11	15.4	13.2	14.3	15.4	28.6	29.7	14.3	15.4	24.2	16.5	24.2	12.1	28.6	25.3	17.6	12.1	33	22	29.7	13.2	19.8	25.3	12.1	28.6	31.9	18.7	24.2	13.2	27.5	16.5	19.8	17.6	11	22	31.9	15.4	12.1	22	22	26.4	12.1	13.2	25.3	28.6	11	29.7	33	26.4	12.1	17.6	14.3	13.2	23.1	18.7	16.5	17.6	13.2	33	20.9	29.7	30.8	25.3	28.6	22	24.2	17.6	13.2	22	20.9	23.1	24.2	16.5	13.2	20.9	13.2	22	25.3	27.5	30.8	14.3	25.3	12.1	13.2	12.1	28.6	15.4	16.5	28.6	30.8	29.7	25.3	16.5	24.2	17.6	11	16.5	20.9	23.1	23.1	16.5	14.3	
22	29.7	12.1	19.8	30.8	24.2	14.3	13.2	14.3	22	24.2	29.7	13.2	25.3	11	23.1	31.9	15.4	19.8	20.9	13.2	25.3	28.6	20.9	19.8	27.5	13.2	24.2	22	30.8	24.2	24.2	11	29.7	24.2	15.4	17.6	29.7	16.5	24.2	30.8	22	23.1	25.3	33	
15	13	18	14	16	16	18	14	18	19	13	14	18	12	13	17	15	12	12	20	16	12	20	20	14	20	20	11	10	20	20	12	13	13	13	16	10	18	17	10	10	14	18	19	19	10	18	13	20	20	10	17	18	11	12	10	15	13	14	16	11	19	14	13	11	16	13	16	13	20	11	10	18	11	13	12	17	10	16	15	17	11	16	13	16	20	18	12	18	16	18	15	13	15	10	15	16	19	11	13	16	12	12	11	12	18	10	20	13	13	20	19	10	20	14	10	19	17	17	18	17	11	18	10	10	20	10	10	13	12	15	13	15	11	19	18	20	12	16	12	16	11	11	11	10	19	10	19	14	12	16	13	11	15	14	12	15	17	17	20	10	19	13	15	11	19	19	17	17	10	10	10	10	20	17	10	16	12	17	14	14	17	18	16	15	19	17	17	15	15	10	13	18	13	10	13	14	19	18	13	17	11	15	20	16	18	13	20	16	17	10	10	20	11	19	12	13	20	10	13	17	13	19	16	11	12	16	13	19	11	10	17	19	12	11	17	20	19	20	17	10	13	16	13	20	17	12	10	12	13	14	14	11	14	18	13	12	16	10	12	18	12	12	13	19	12	15	17	10	11	10	16	19	14	15	16	11	10	15	11	20	14	12	19	10	18	12	14	15	19	15	11	20	19	13	17	19	11	12	12	15	20	18	20	10	17	19	11	14	11	19	14	10	11	16	10	12	17	13	11	10	11	10	19	14	16	15	20	19	13	17	11	12	16	12	14	17	11	13	12	18	13	11	17	20	12	10	17	11	19	12	16	20	10	17	13	11	16	18	13	20	18	18	13	10	17	14	15	11	18	17	17	20	12	13	11	12	17	17	16	14	18	10	15	14	16	13	16	15	16	17	20	14	19	17	14	18	11	19	13	20	18	12	11	18	14	13	14	13	15	12	13	20	17	17	17	13	11	12	20	20	15	11	19	11	10	12	11	12	17	15	10	17	20	19	12	10	12	11	12	16	14	18	10	18	17	12	20	14	10	12	19	19	14	20	18	15	12	10	15	20	10	12	11	20	13	15	13	19	15	13	10	11	15	10	20	16	13	16	17	11	11	11	17	10	13	17	16	13	13	13	14	15	13	19	10	17	19	16	10	19	18	15	20	12	16	18	16	18	13	17	16	14	11	17	14	13	15	10	19	17	11	14	13	17	13	10	13	17	15	15	17	13	12	14	10	14	19	15	17	20	19	17	15	10	20	12	13	17	18	13	18	13	18	11	13	11	19	12	16	18	17	12	10	15	12	15	19	17	16	18	12	19	12	19	16	12	11	14	16	20	16	11	19	16	14	11	19	18	15	13	11	17	14	12	15	19	15	17	18	10	18	19	12	11	18	13	20	17	16	20	17	13	18	18	20	20	14	15	15	20	18	18	15	10	16	12	11	14	13	15	17	15	16	15	16	14	19	15	19	15	14	17	12	11	20	10	16	18	19	10	14	15	17	16	18	12	14	10	16	15	15	18	17	19	20	15	18	17	19	12	11	16	16	16	10	14	20	12	10	15	17	14	14	17	16	19	10	13	13	10	17	16	19	10	13	14	10	16	11	16	11	17	18	12	13	13	18	11	16	12	14	16	20	19	15	12	20	11	17	18	19	19	12	10	11	15	15	12	17	20	20	17	18	19	15	16	10	18	12	17	20	18	13	16	19	12	19	16	18	15	11	10	12	18	14	19	16	11	13	14	12	11	11	19	18	13	14	11	17	13	14	14	19	15	14	17	13	17	11	13	20	13	19	16	18	10	16	14	14	12	18	15	18	18	13	13	13	10	16	15	17	20	15	13	11	19	16	14	20	13	18	16	14	20	15	11	15	18	17	16	20	17	12	11	19	16	18	13	17	18	17	12	12	19	14	16	17	12	13	10	12	12	11	20	12	16	16	19	15	20	20	13	15	19	15	16	20	12	16	19	11	11	16	17	18	12	17	15	13	19	15	18	19	18	11	10	20	10	11	10	17	11	20	20	16	12	19	13	14	20	14	13	17	15	14	13	18	10	18	15	20	11	10	18	20	15	14	13	18	15	10	12	12	15	12	13	14	10	16	15	15	18	12	20	14	16	20	18	15	18	19	18	20	15	10	13	10	12	19	17	12	11	19	19	14	16	14	10	19	14	11	16	15	20	19	19	15	11	19	15	16	12	19	10	20	11	15	10	17	19	11	13	17	19	16	14	14	19	11	11	10	14	14	19	11	12	16	18	20	18	20	12	12	18	17	11	10	14	10	
1	1	1	1	1	1	1	1	1	1	1	1	1	1	1	1	1	1	1	2	2	2	2	2	2	2	2	2	2	2	2	2	2	2	2	2	2	2	2	2	2	2	2	2	2	2	3	3	3	3	3	3	3	3	3	3	3	3	3	3	3	3	3	3	3	4	4	4	4	4	4	4	4	4	4	4	4	4	4	4	4	4	4	4	4	5	5	5	5	5	5	5	5	5	5	5	5	5	5	5	5	5	5	5	5	5	5	6	6	6	6	6	6	6	6	6	6	6	6	6	6	6	6	6	7	7	7	7	7	7	7	7	7	7	7	7	7	7	7	7	7	7	7	7	8	8	8	8	8	8	8	8	8	8	8	8	8	8	8	8	8	8	8	8	8	8	8	8	8	9	9	9	9	9	9	9	9	9	9	9	9	9	9	9	9	9	9	9	9	9	10	10	10	10	10	10	10	10	10	10	10	10	10	10	10	10	10	10	10	10	10	10	10	10	10	10	11	11	11	11	11	11	11	11	11	11	11	12	12	12	12	12	12	12	12	12	12	12	12	12	12	12	12	12	12	12	12	12	12	12	12	12	12	12	12	12	12	13	13	13	13	13	13	13	13	13	13	13	13	13	13	13	13	13	13	13	13	14	14	14	14	14	14	14	14	14	14	14	14	14	14	14	14	14	14	14	14	14	14	15	15	15	15	15	15	15	15	15	15	15	15	15	15	15	15	16	16	16	16	16	16	16	16	16	16	16	16	16	16	16	16	16	16	16	16	16	16	16	16	16	16	16	16	17	17	17	17	17	17	17	17	17	17	17	17	17	17	17	17	17	17	17	17	17	17	17	17	17	17	17	18	18	18	18	18	18	18	18	18	18	18	18	18	18	18	18	18	18	18	18	18	18	18	18	19	19	19	19	19	19	19	19	19	19	19	19	19	19	19	19	19	19	20	20	20	20	20	20	20	20	20	20	20	20	20	20	20	20	20	20	20	20	20	20	20	20	21	21	21	21	21	21	21	21	21	21	21	21	21	21	21	21	21	21	22	22	22	22	22	22	22	22	22	22	22	22	22	22	22	22	22	22	22	22	22	22	22	23	23	23	23	23	23	23	23	23	23	23	23	23	23	23	23	23	23	23	23	23	23	23	23	23	23	23	23	24	24	24	24	24	24	24	24	24	24	24	24	24	24	24	24	24	24	24	25	25	25	25	25	25	25	25	25	25	25	25	25	25	25	25	25	25	25	25	25	25	25	25	26	26	26	26	26	26	26	26	26	26	26	26	26	26	26	26	26	26	26	26	27	27	27	27	27	27	27	27	27	27	27	27	27	27	27	27	27	27	27	27	28	28	28	28	28	28	28	28	28	28	28	28	28	28	28	29	29	29	29	29	29	29	29	29	29	29	29	29	29	29	29	29	29	29	29	29	29	30	30	30	30	30	30	30	30	30	30	30	30	30	30	30	30	30	30	30	30	30	30	30	30	30	30	30	30	30	30	31	31	31	31	31	31	31	31	31	31	31	31	31	31	31	31	31	31	31	31	31	31	31	31	31	32	32	32	32	32	32	32	32	32	32	32	32	32	32	32	32	32	32	32	32	32	32	32	32	32	32	32	32	32	33	33	33	33	33	33	33	33	33	33	33	33	33	33	34	34	34	34	34	34	34	34	34	34	34	34	34	34	34	34	34	34	34	34	34	35	35	35	35	35	35	35	35	35	35	35	35	35	35	35	35	35	35	35	35	35	35	35	36	36	36	36	36	36	36	36	36	36	36	36	36	36	36	36	36	36	36	36	36	36	36	36	36	36	36	36	36	36	36	36	36	37	37	37	37	37	37	37	37	37	37	37	37	37	37	37	37	37	37	37	37	37	37	37	37	37	37	37	37	37	37	37	37	37	37	38	38	38	38	38	38	38	38	38	38	38	38	38	38	39	39	39	39	39	39	39	39	39	39	39	39	39	39	39	39	39	39	39	40	40	40	40	40	40	40	40	40	40	40	40	40	40	40	40	40	40	40	40	40	40	40	40	40	40	40	41	41	41	41	41	41	41	41	41	41	41	41	41	41	41	41	41	41	41	41	41	42	42	42	42	42	42	42	42	42	42	42	42	42	42	42	42	42	43	43	43	43	43	43	43	43	43	43	43	43	43	43	43	43	43	43	43	43	43	43	43	43	43	43	43	44	44	44	44	44	44	44	44	44	44	44	44	44	44	44	45	45	45	45	45	45	45	45	45	45	45	45	45	45	45	45	45	45	45	45	45	45	45	45	45	45	
