1000
30	2
918	14.3
27	27	30	28	31	28	28	29	26	31	26	27	31	30	26	29	28	30	28	26	29	30	29	27	31	29	27	28	31	26	26	27	28	31	26	30	31	29	31	28	30	29	27	28	30	31	30	28	26	30	30	27	28	27	29	27	26	28	30	28	28	27	31	27	31	28	27	31	27	26	30	31	31	27	27	30	29	30	28	26	29	31	26	26	30	27	29	26	30	26	27	30	30	28	28	26	26	29	29	28	30	29	27	31	27	28	26	27	26	31	27	28	26	27	28	30	28	27	30	31	26	29	26	30	29	28	30	28	29	31	29	30	27	26	28	27	26	26	29	26	26	27	26	31	27	28	28	30	29	26	28	30	31	30	30	28	26	27	30	28	29	27	28	26	29	30	28	30	31	26	30	30	30	30	28	30	29	29	30	26	29	29	30	27	29	30	31	28	30	30	26	26	29	27	28	27	30	27	30	26	29	29	27	30	28	28	28	30	28	28	27	27	26	31	29	27	29	29	26	26	26	26	26	29	29	31	31	31	28	30	26	26	31	31	29	30	28	30	30	26	30	30	27	27	27	31	27	31	31	26	26	26	27	27	27	30	27	29	31	26	29	27	29	26	26	29	30	27	30	31	30	26	30	26	30	29	29	27	30	30	26	27	31	26	28	29	27	31	27	31	28	28	31	27	28	27	30	28	27	29	28	29	27	31	26	27	28	27	29	31	31	27	28	30	29	27	26	29	29	28	27	26	28	26	26	28	28	31	29	26	30	28	29	26	29	27	26	28	28	28	27	27	26	31	27	27	29	28	26	30	31	27	28	30	28	31	31	28	31	27	30	28	29	26	31	27	29	30	31	28	28	29	30	31	26	29	30	29	28	28	31	30	29	31	30	31	27	31	26	27	26	30	31	30	26	28	28	29	26	28	28	29	26	31	28	28	31	30	28	26	28	30	29	29	28	29	31	29	30	28	28	30	30	30	27	29	30	31	28	26	26	26	26	29	28	30	28	28	26	28	29	28	31	29	27	27	29	31	31	28	29	29	26	27	29	27	30	28	29	31	31	28	30	26	29	29	31	28	30	26	27	30	28	28	30	30	31	26	26	31	29	30	28	28	31	26	26	28	26	30	31	30	26	31	30	26	26	29	30	29	28	31	27	29	30	30	29	26	26	28	28	31	28	29	28	27	28	26	28	31	29	31	28	29	28	29	27	29	31	30	30	29	29	26	27	26	28	29	26	26	31	31	30	27	26	31	30	30	30	26	27	30	27	26	28	28	31	30	28	26	30	27	30	31	30	30	26	26	27	28	28	30	30	27	28	30	31	28	30	27	28	31	30	26	27	29	26	28	30	26	26	27	26	30	26	31	31	28	27	28	27	26	26	29	26	26	29	31	27	29	27	29	29	28	30	26	26	31	31	29	26	28	28	31	31	31	27	30	27	27	27	27	26	29	28	26	30	26	28	27	30	26	27	30	27	26	29	31	26	27	26	28	31	30	28	30	30	26	27	31	31	29	31	27	28	31	31	29	28	26	29	28	30	28	30	29	31	27	30	27	31	29	31	29	28	30	30	31	27	30	26	28	29	28	28	27	31	28	30	28	30	26	31	30	28	27	26	29	27	26	27	29	28	31	31	30	31	29	26	27	28	26	31	28	27	26	27	29	29	29	27	26	29	30	27	27	31	28	31	29	28	29	30	30	30	29	28	27	27	31	31	29	28	27	29	29	29	26	26	26	27	28	29	28	26	27	28	28	28	30	29	30	29	26	31	30	29	28	26	30	30	31	27	31	26	31	29	28	31	28	30	30	29	30	30	31	30	29	31	26	27	26	29	29	31	29	28	31	26	31	29	29	29	31	29	29	28	31	31	29	29	30	26	26	31	27	27	31	31	30	29	28	27	27	26	28	31	30	27	31	27	31	28	31	30	29	31	29	28	26	30	30	26	30	27	30	31	30	29	31	30	31	28	30	31	30	31	30	27	26	30	26	28	26	28	30	30	30	26	31	27	26	28	28	29	27	28	30	27	31	27	29	31	29	28	26	31	27	31	26	27	27	31	27	31	26	26	28	30	31	26	27	26	30	27	29	31	28	30	28	28	26	30	27	28	28	30	28	26	27	30	29	31	27	31	29	26	26	26	26	31	28	30	30	28	27	29	30	30	26	29	31	31	28	29	26	29	26	29	30	30	27	28	30	28	31	26	30	26	28	29	30	27	27	27	29	29	27	26	28	27	27	26	26	27	29	30	31	28	26	30	31	30	26	27	30	28	29	31	31	
83	86	94	93	93	90	80	82	88	84	78	90	80	77	88	89	94	85	92	87	94	77	88	81	76	80	89	89	83	93	84	94	87	83	79	90	83	88	87	89	82	92	89	84	79	83	93	76	91	94	89	84	79	78	82	94	90	90	83	76	90	80	76	87	88	93	82	92	76	93	80	85	90	84	84	84	90	89	90	81	89	87	82	94	83	86	82	87	79	89	79	83	77	84	85	89	90	77	81	88	80	91	87	83	92	87	82	90	92	76	83	84	91	78	87	85	91	79	88	89	82	93	91	90	90	87	77	79	87	80	94	88	77	86	84	89	85	89	84	82	86	79	78	92	91	77	92	90	76	94	79	76	89	77	77	87	85	87	80	87	92	94	77	83	84	78	86	93	80	88	94	85	81	83	80	76	89	79	89	93	82	82	90	82	89	89	80	91	89	80	80	90	83	80	82	89	89	88	91	91	86	83	93	78	90	93	85	76	87	82	82	90	82	81	81	87	82	89	76	79	92	82	93	87	78	78	86	94	89	77	83	86	92	79	85	88	84	93	88	90	88	77	79	90	88	90	77	79	81	82	87	83	81	84	90	82	76	81	77	91	91	87	90	93	93	88	82	91	93	78	94	81	82	77	93	81	87	81	81	91	77	87	84	80	79	90	77	85	91	88	93	78	93	79	89	82	82	86	87	94	90	91	94	76	84	81	78	84	87	92	87	89	87	94	86	77	82	87	87	78	80	82	78	84	89	94	85	80	80	94	78	79	88	88	88	84	79	80	79	91	88	92	86	94	86	81	87	83	90	91	94	87	82	93	79	92	78	93	78	88	86	82	83	90	87	81	89	82	84	89	81	79	89	93	93	94	84	93	90	87	86	88	94	93	93	90	89	79	89	77	91	92	82	84	85	89	78	83	83	88	78	76	91	81	86	84	77	92	81	87	85	81	77	86	85	82	77	92	92	88	77	89	78	85	81	78	79	94	88	78	81	84	83	89	81	92	81	78	93	82	87	92	93	76	86	88	78	89	82	87	91	87	86	91	94	91	88	81	88	92	83	89	89	94	93	76	83	80	90	79	93	86	88	89	78	86	89	84	85	92	76	85	87	87	83	81	77	91	79	83	85	78	82	78	92	91	90	94	85	80	87	83	92	93	77	83	84	84	77	93	93	82	87	85	91	77	85	90	81	77	79	92	89	89	76	91	84	84	88	94	79	81	85	79	91	93	80	94	90	87	92	91	90	93	76	91	78	87	90	86	93	82	86	85	88	88	86	87	78	86	84	85	94	94	81	88	78	76	78	85	86	78	85	93	93	78	77	87	84	81	87	76	90	90	76	86	90	85	87	82	82	90	79	78	85	88	78	93	83	90	81	86	81	81	90	80	83	83	82	83	82	94	94	79	76	78	81	92	79	83	88	87	89	87	89	77	84	88	86	80	93	76	89	80	85	83	83	79	84	81	87	89	89	88	89	87	92	86	78	81	76	93	78	85	77	93	78	76	79	93	84	78	77	82	89	94	86	83	79	79	83	94	81	79	88	91	88	88	92	84	78	91	86	82	82	83	87	84	92	89	79	82	81	78	91	82	80	94	93	80	79	80	90	93	82	77	78	76	94	88	84	92	87	91	90	93	82	79	87	90	82	93	86	86	87	86	80	78	76	93	76	90	87	87	83	87	94	78	80	77	85	85	82	87	90	80	86	83	92	87	85	84	94	76	94	93	80	82	86	88	88	85	94	77	83	79	83	79	90	82	86	90	91	76	88	82	76	91	81	84	84	93	81	84	92	79	92	82	93	83	79	86	94	79	94	84	76	80	79	92	83	77	89	77	89	82	76	92	91	90	87	80	88	76	88	87	80	92	78	87	88	80	80	88	77	77	87	80	81	79	94	84	78	92	82	93	94	79	80	84	84	83	79	84	79	88	89	82	88	84	83	81	81	88	80	85	90	93	79	76	77	79	78	77	90	90	81	83	90	90	77	81	85	82	79	77	88	81	81	86	86	88	90	91	86	93	86	80	88	89	90	79	80	82	94	77	79	93	83	83	91	80	93	91	88	80	91	88	80	90	77	81	81	93	81	80	80	90	80	76	83	93	82	93	83	80	89	87	81	80	76	87	92	87	93	90	88	93	85	90	93	76	79	90	77	78	76	88	93	77	88	76	92	91	83	83	79	78	86	94	93	85	85	86	87	78	91	83	83	86	90	79	89	79	90	79	85	88	91	87	89	93	92	91	82	80	76	87	90	94	94	92	91	82	80	80	85	78	81	82	
19.8	19.8	30.8	22	16.5	19.8	19.8	22	14.3	25.3	22	13.2	26.4	14.3	17.6	13.2	16.5	33	27.5	13.2	13.2	20.9	14.3	12.1	19.8	33	20.9	11	18.7	17.6	23.1	30.8	27.5	27.5	14.3	20.9	24.2	28.6	19.8	27.5	14.3	14.3	29.7	16.5	23.1	17.6	20.9	30.8	27.5	22	14.3	22	30.8	23.1	33	11	30.8	11	25.3	12.1	20.9	18.7	20.9	33	12.1	20.9	28.6	19.8	20.9	17.6	33	24.2	26.4	29.7	24.2	22	29.7	12.1	25.3	12.1	33	18.7	15.4	17.6	28.6	17.6	25.3	22	15.4	14.3	20.9	15.4	25.3	19.8	24.2	25.3	16.5	14.3	13.2	14.3	15.4	18.7	33	25.3	15.4	15.4	19.8	30.8	16.5	28.6	28.6	28.6	19.8	14.3	29.7	24.2	15.4	19.8	11	29.7	12.1	19.8	11	29.7	12.1	22	25.3	13.2	13.2	11	31.9	31.9	20.9	18.7	15.4	12.1	19.8	22	28.6	18.7	26.4	26.4	12.1	33	11	17.6	11	17.6	22	20.9	16.5	28.6	15.4	33	28.6	20.9	12.1	16.5	31.9	20.9	15.4	28.6	26.4	12.1	30.8	17.6	24.2	29.7	20.9	15.4	15.4	28.6	27.5	15.4	18.7	17.6	22	19.8	24.2	14.3	18.7	16.5	12.1	12.1	27.5	16.5	22	27.5	29.7	28.6	25.3	28.6	12.1	17.6	12.1	19.8	24.2	14.3	20.9	24.2	31.9	19.8	26.4	12.1	16.5	22	14.3	20.9	19.8	18.7	13.2	24.2	27.5	23.1	22	20.9	14.3	17.6	29.7	29.7	22	11	30.8	29.7	16.5	24.2	25.3	13.2	26.4	23.1	15.4	13.2	19.8	24.2	13.2	31.9	31.9	19.8	29.7	17.6	31.9	25.3	33	11	23.1	26.4	33	23.1	25.3	11	31.9	11	20.9	29.7	33	20.9	13.2	31.9	16.5	26.4	33	28.6	14.3	15.4	12.1	22	25.3	13.2	22	14.3	17.6	19.8	19.8	11	25.3	28.6	27.5	33	24.2	28.6	27.5	22	13.2	19.8	13.2	20.9	11	24.2	30.8	19.8	19.8	30.8	20.9	18.7	24.2	12.1	16.5	17.6	15.4	20.9	11	19.8	28.6	24.2	19.8	15.4	18.7	30.8	14.3	19.8	13.2	20.9	23.1	26.4	33	18.7	28.6	12.1	30.8	12.1	16.5	17.6	18.7	17.6	11	20.9	29.7	22	15.4	26.4	17.6	30.8	22	28.6	13.2	12.1	26.4	28.6	24.2	24.2	14.3	17.6	19.8	14.3	15.4	11	29.7	18.7	15.4	19.8	28.6	24.2	13.2	14.3	33	11	31.9	17.6	27.5	26.4	13.2	15.4	30.8	33	13.2	26.4	23.1	19.8	16.5	29.7	15.4	33	28.6	16.5	16.5	27.5	18.7	18.7	30.8	13.2	26.4	13.2	14.3	24.2	31.9	12.1	20.9	15.4	26.4	23.1	22	33	20.9	18.7	24.2	17.6	13.2	17.6	15.4	23.1	22	16.5	25.3	22	16.5	13.2	27.5	11	30.8	12.1	15.4	25.3	30.8	26.4	19.8	13.2	16.5	18.7	24.2	22	24.2	15.4	33	20.9	14.3	18.7	19.8	18.7	25.3	25.3	25.3	20.9	29.7	24.2	20.9	18.7	12.1	23.1	30.8	11	31.9	17.6	30.8	22	13.2	15.4	16.5	26.4	26.4	22	28.6	16.5	29.7	18.7	26.4	31.9	31.9	22	23.1	25.3	22	23.1	27.5	15.4	17.6	16.5	12.1	19.8	20.9	18.7	20.9	18.7	19.8	12.1	11	29.7	20.9	17.6	20.9	12.1	24.2	27.5	15.4	18.7	30.8	22	22	14.3	14.3	12.1	23.1	27.5	25.3	17.6	19.8	22	19.8	29.7	30.8	28.6	18.7	14.3	14.3	11	15.4	30.8	12.1	20.9	19.8	29.7	11	15.4	30.8	17.6	23.1	22	18.7	13.2	12.1	27.5	24.2	17.6	23.1	16.5	12.1	19.8	23.1	19.8	16.5	15.4	23.1	19.8	14.3	13.2	11	13.2	27.5	12.1	15.4	13.2	26.4	27.5	25.3	23.1	27.5	16.5	14.3	33	14.3	27.5	11	13.2	27.5	17.6	27.5	29.7	26.4	23.1	12.1	30.8	16.5	19.8	22	31.9	13.2	33	20.9	33	30.8	33	30.8	22	14.3	25.3	12.1	19.8	14.3	14.3	29.7	30.8	30.8	12.1	26.4	22	11	24.2	14.3	27.5	31.9	33	19.8	31.9	15.4	24.2	12.1	15.4	27.5	11	25.3	28.6	33	15.4	13.2	18.7	22	19.8	16.5	27.5	26.4	28.6	23.1	14.3	17.6	25.3	12.1	12.1	12.1	16.5	23.1	33	28.6	16.5	16.5	12.1	31.9	22	13.2	25.3	18.7	33	14.3	29.7	31.9	13.2	22	24.2	31.9	15.4	17.6	20.9	13.2	29.7	31.9	14.3	12.1	15.4	13.2	25.3	31.9	13.2	16.5	31.9	27.5	33	16.5	24.2	27.5	28.6	26.4	20.9	14.3	23.1	14.3	24.2	16.5	15.4	20.9	11	29.7	30.8	27.5	15.4	16.5	19.8	31.9	19.8	19.8	12.1	23.1	24.2	22	19.8	28.6	22	15.4	25.3	18.7	25.3	19.8	15.4	23.1	30.8	30.8	18.7	30.8	25.3	29.7	11	28.6	16.5	31.9	27.5	26.4	20.9	25.3	25.3	26.4	33	29.7	17.6	13.2	30.8	18.7	11	30.8	18.7	14.3	14.3	19.8	26.4	26.4	13.2	18.7	31.9	23.1	29.7	11	16.5	29.7	28.6	17.6	30.8	15.4	23.1	16.5	19.8	22	12.1	13.2	30.8	33	29.7	15.4	27.5	12.1	30.8	13.2	23.1	17.6	27.5	31.9	14.3	14.3	19.8	22	14.3	29.7	17.6	16.5	29.7	11	19.8	14.3	23.1	26.4	30.8	24.2	18.7	26.4	31.9	15.4	14.3	27.5	28.6	24.2	26.4	23.1	25.3	20.9	33	22	11	14.3	17.6	25.3	25.3	13.2	28.6	22	23.1	18.7	20.9	24.2	29.7	12.1	20.9	31.9	14.3	26.4	17.6	15.4	22	25.3	11	25.3	25.3	12.1	33	11	11	12.1	18.7	14.3	29.7	20.9	11	15.4	11	14.3	23.1	14.3	30.8	28.6	24.2	27.5	27.5	30.8	33	24.2	18.7	29.7	26.4	22	16.5	31.9	12.1	20.9	11	19.8	24.2	18.7	14.3	22	14.3	33	31.9	16.5	11	23.1	27.5	12.1	14.3	28.6	15.4	20.9	23.1	29.7	30.8	31.9	26.4	15.4	15.4	17.6	33	22	28.6	27.5	33	14.3	25.3	17.6	15.4	28.6	33	29.7	30.8	30.8	25.3	17.6	26.4	23.1	12.1	29.7	17.6	23.1	24.2	15.4	23.1	16.5	26.4	20.9	27.5	15.4	22	33	26.4	33	13.2	29.7	25.3	25.3	31.9	29.7	18.7	18.7	33	33	12.1	14.3	28.6	17.6	31.9	16.5	25.3	29.7	26.4	19.8	13.2	26.4	29.7	26.4	14.3	14.3	26.4	24.2	29.7	31.9	11	28.6	22	15.4	24.2	19.8	14.3	17.6	24.2	14.3	25.3	26.4	17.6	29.7	14.3	12.1	16.5	17.6	29.7	29.7	24.2	33	24.2	17.6	26.4	17.6	25.3	15.4	13.2	18.7	27.5	26.4	22	22	12.1	13.2	13.2	12.1	11	29.7	33	15.4	16.5	14.3	17.6	14.3	18.7	30.8	11	23.1	26.4	18.7	25.3	11	17.6	11	30.8	24.2	30.8	16.5	16.5	26.4	30.8	22	16.5	24.2	31.9	26.4	29.7	33	22	31.9	27.5	
19.8	29.7	22	12.1	23.1	19.8	24.2	31.9	23.1	11	19.8	23.1	20.9	29.7	12.1	18.7	27.5	25.3	17.6	20.9	30.8	16.5	15.4	28.6	14.3	24.2	29.7	24.2	16.5	16.5	16.5	28.6	11	18.7	31.9	33	17.6	28.6	18.7	26.4	18.7	18.7	19.8	15.4	29.7	16.5	11	11	29.7	19.8	28.6	22	33	12.1	23.1	26.4	25.3	17.6	29.7	24.2	16.5	19.8	19.8	18.7	24.2	25.3	29.7	33	23.1	25.3	25.3	13.2	14.3	22	24.2	33	15.4	27.5	25.3	23.1	12.1	17.6	22	15.4	11	16.5	12.1	31.9	15.4	12.1	11	22	27.5	25.3	24.2	20.9	16.5	15.4	18.7	13.2	28.6	33	26.4	14.3	11	20.9	13.2	17.6	12.1	24.2	14.3	18.7	20.9	31.9	17.6	16.5	25.3	13.2	15.4	24.2	15.4	11	24.2	23.1	31.9	33	27.5	24.2	28.6	17.6	33	19.8	18.7	25.3	27.5	15.4	23.1	31.9	20.9	29.7	18.7	23.1	31.9	33	25.3	26.4	25.3	23.1	24.2	18.7	23.1	33	30.8	30.8	28.6	20.9	31.9	23.1	13.2	17.6	23.1	22	26.4	29.7	25.3	29.7	15.4	20.9	14.3	23.1	14.3	30.8	28.6	33	17.6	15.4	23.1	23.1	20.9	14.3	26.4	26.4	16.5	20.9	24.2	33	19.8	11	22	11	11	25.3	16.5	14.3	14.3	25.3	12.1	33	23.1	26.4	30.8	13.2	26.4	30.8	31.9	25.3	30.8	30.8	29.7	20.9	13.2	15.4	29.7	22	17.6	30.8	23.1	24.2	29.7	11	30.8	17.6	27.5	18.7	18.7	15.4	23.1	11	18.7	11	20.9	33	26.4	30.8	16.5	23.1	31.9	18.7	15.4	30.8	24.2	18.7	33	30.8	13.2	13.2	33	11	30.8	22	19.8	16.5	24.2	26.4	11	11	14.3	20.9	24.2	24.2	12.1	20.9	14.3	15.4	31.9	19.8	19.8	17.6	16.5	11	15.4	19.8	15.4	22	20.9	20.9	27.5	16.5	24.2	27.5	12.1	31.9	28.6	14.3	11	23.1	26.4	28.6	11	18.7	12.1	33	26.4	14.3	28.6	26.4	30.8	23.1	26.4	16.5	33	23.1	17.6	15.4	29.7	22	30.8	31.9	13.2	20.9	29.7	31.9	27.5	25.3	33	12.1	18.7	29.7	15.4	28.6	20.9	26.4	25.3	13.2	14.3	22	26.4	28.6	16.5	23.1	11	27.5	14.3	20.9	30.8	29.7	16.5	11	27.5	12.1	33	22	19.8	28.6	27.5	14.3	16.5	23.1	17.6	19.8	28.6	11	24.2	33	30.8	20.9	14.3	12.1	11	33	18.7	26.4	28.6	22	22	20.9	20.9	16.5	33	27.5	17.6	22	22	28.6	18.7	28.6	30.8	30.8	13.2	11	15.4	19.8	12.1	29.7	24.2	29.7	22	20.9	11	29.7	28.6	17.6	11	31.9	27.5	20.9	12.1	13.2	25.3	23.1	18.7	19.8	24.2	25.3	15.4	23.1	22	17.6	26.4	20.9	13.2	18.7	26.4	29.7	25.3	31.9	23.1	20.9	28.6	15.4	24.2	28.6	23.1	12.1	33	18.7	31.9	14.3	12.1	26.4	18.7	14.3	31.9	31.9	29.7	26.4	18.7	20.9	14.3	19.8	12.1	12.1	22	31.9	25.3	11	26.4	18.7	28.6	26.4	18.7	25.3	16.5	23.1	27.5	19.8	19.8	13.2	11	18.7	20.9	23.1	15.4	29.7	24.2	28.6	26.4	20.9	19.8	24.2	24.2	22	31.9	17.6	20.9	16.5	18.7	28.6	18.7	28.6	31.9	27.5	27.5	24.2	25.3	12.1	13.2	27.5	24.2	11	16.5	27.5	11	22	18.7	18.7	14.3	31.9	18.7	28.6	17.6	12.1	25.3	11	30.8	13.2	12.1	26.4	13.2	19.8	24.2	20.9	26.4	22	11	12.1	12.1	15.4	19.8	27.5	12.1	11	33	18.7	17.6	31.9	28.6	23.1	24.2	22	13.2	33	28.6	13.2	26.4	18.7	17.6	27.5	13.2	17.6	28.6	22	26.4	28.6	14.3	27.5	22	18.7	18.7	12.1	15.4	11	18.7	31.9	23.1	33	12.1	27.5	17.6	18.7	23.1	26.4	29.7	15.4	15.4	17.6	23.1	15.4	31.9	33	30.8	23.1	26.4	22	29.7	26.4	26.4	22	15.4	26.4	24.2	23.1	19.8	22	26.4	30.8	18.7	16.5	11	30.8	33	20.9	23.1	18.7	27.5	24.2	31.9	17.6	29.7	27.5	14.3	19.8	20.9	20.9	23.1	28.6	24.2	25.3	17.6	25.3	19.8	13.2	24.2	18.7	13.2	15.4	30.8	11	26.4	14.3	33	26.4	23.1	24.2	13.2	27.5	27.5	33	14.3	31.9	26.4	15.4	23.1	17.6	22	27.5	15.4	15.4	30.8	29.7	26.4	16.5	14.3	25.3	31.9	23.1	30.8	31.9	30.8	31.9	20.9	24.2	13.2	28.6	11	18.7	11	29.7	20.9	28.6	23.1	33	25.3	16.5	16.5	16.5	22	31.9	33	12.1	26.4	26.4	33	11	19.8	23.1	25.3	33	15.4	23.1	22	26.4	20.9	30.8	14.3	12.1	15.4	28.6	28.6	24.2	17.6	25.3	12.1	20.9	28.6	20.9	14.3	28.6	11	25.3	33	24.2	19.8	23.1	18.7	24.2	12.1	14.3	16.5	25.3	17.6	23.1	12.1	19.8	19.8	11	30.8	28.6	20.9	23.1	15.4	31.9	26.4	22	20.9	12.1	30.8	27.5	26.4	18.7	11	28.6	14.3	14.3	17.6	27.5	31.9	14.3	27.5	25.3	23.1	15.4	20.9	19.8	11	27.5	20.9	29.7	18.7	28.6	26.4	30.8	28.6	30.8	28.6	29.7	11	16.5	19.8	29.7	27.5	29.7	12.1	30.8	12.1	30.8	13.2	26.4	25.3	17.6	30.8	13.2	12.1	31.9	23.1	27.5	12.1	23.1	13.2	29.7	11	24.2	27.5	12.1	14.3	20.9	20.9	11	30.8	33	24.2	29.7	22	28.6	17.6	24.2	24.2	22	28.6	27.5	23.1	28.6	30.8	14.3	27.5	20.9	25.3	30.8	27.5	30.8	19.8	23.1	22	18.7	17.6	19.8	14.3	20.9	14.3	19.8	30.8	31.9	11	24.2	22	17.6	15.4	27.5	14.3	22	27.5	28.6	17.6	19.8	28.6	14.3	18.7	31.9	19.8	27.5	17.6	20.9	18.7	17.6	15.4	33	24.2	16.5	25.3	14.3	12.1	24.2	31.9	17.6	26.4	19.8	15.4	20.9	24.2	24.2	28.6	15.4	11	27.5	29.7	33	31.9	24.2	15.4	18.7	14.3	18.7	26.4	27.5	30.8	31.9	33	23.1	17.6	30.8	22	22	17.6	22	19.8	22	25.3	11	13.2	31.9	16.5	22	14.3	19.8	12.1	18.7	19.8	13.2	13.2	30.8	22	26.4	33	25.3	14.3	18.7	24.2	24.2	26.4	11	14.3	11	11	25.3	27.5	20.9	27.5	29.7	30.8	17.6	30.8	20.9	14.3	16.5	18.7	11	17.6	15.4	29.7	13.2	17.6	26.4	13.2	31.9	31.9	13.2	28.6	18.7	26.4	11	33	16.5	16.5	25.3	23.1	14.3	20.9	18.7	25.3	28.6	15.4	16.5	28.6	12.1	18.7	30.8	31.9	11	28.6	24.2	14.3	23.1	29.7	20.9	19.8	28.6	27.5	11	33	14.3	13.2	23.1	28.6	16.5	14.3	17.6	12.1	33	23.1	12.1	33	30.8	14.3	20.9	24.2	33	20.9	29.7	18.7	28.6	14.3	18.7	23.1	14.3	33	29.7	22	18.7	33	24.2	
24.2	27.5	19.8	28.6	33	24.2	27.5	18.7	23.1	23.1	12.1	12.1	27.5	24.2	31.9	19.8	23.1	14.3	15.4	13.2	29.7	25.3	31.9	28.6	30.8	19.8	19.8	29.7	18.7	14.3	
20	16	16	15	18	11	11	11	16	17	12	19	10	10	20	11	15	14	11	20	13	18	20	16	18	10	15	15	13	16	14	19	19	14	12	15	10	20	16	15	19	20	18	19	15	14	11	10	18	20	10	16	11	20	10	12	15	16	12	17	19	13	10	18	10	15	10	17	17	10	10	10	19	11	20	15	17	20	10	12	13	15	19	19	13	13	12	11	14	11	17	13	17	10	14	13	12	12	13	17	17	16	13	12	11	17	12	16	19	19	17	14	18	18	18	17	15	14	18	13	10	13	12	20	14	15	17	17	12	19	13	18	11	19	18	10	10	19	13	17	12	20	14	17	14	17	12	15	14	15	15	14	17	18	15	16	11	15	15	14	18	13	15	19	16	17	16	13	20	12	14	13	14	15	19	10	15	14	13	16	17	15	12	14	18	17	19	20	19	13	20	20	17	10	12	16	17	17	12	14	19	11	16	20	14	18	18	18	12	13	10	19	12	13	10	17	12	20	10	16	12	20	11	11	19	16	14	10	12	18	18	17	15	14	12	16	20	18	11	19	16	19	12	17	10	17	14	16	10	13	10	16	20	11	19	14	10	11	12	16	10	10	15	11	20	16	16	10	13	19	15	11	18	17	14	20	11	20	10	11	19	11	19	19	12	20	16	16	15	16	15	14	13	18	15	17	18	19	11	19	15	20	19	18	16	20	19	17	13	15	18	13	11	17	13	16	13	20	19	14	15	19	11	14	16	12	19	14	16	20	15	17	11	15	12	13	20	18	20	13	15	10	20	16	11	19	10	20	19	17	15	11	20	15	13	10	10	19	20	19	18	18	13	20	14	16	12	14	11	11	11	12	16	12	13	17	11	20	10	12	17	12	20	10	18	20	17	12	14	18	15	18	19	20	15	20	18	12	17	14	16	17	10	12	17	13	17	19	17	19	20	15	11	18	15	19	13	10	17	11	11	18	15	16	12	15	16	19	12	13	14	17	12	19	10	14	17	10	19	15	19	19	16	19	20	15	18	20	19	12	13	20	18	16	13	14	13	11	14	19	11	20	14	10	17	11	16	16	19	11	15	10	11	10	12	13	10	15	16	11	11	15	11	16	16	19	20	15	16	20	15	16	13	11	19	11	14	13	20	12	12	19	13	12	11	13	19	11	12	14	19	15	13	17	13	17	15	11	16	11	14	19	11	20	14	15	18	12	16	14	11	12	17	20	17	12	11	13	13	12	12	17	18	18	14	15	17	15	20	19	15	18	19	12	10	11	12	12	14	16	12	15	16	17	19	10	17	13	15	16	16	14	17	20	10	10	14	16	11	20	14	16	16	13	15	16	16	18	17	13	16	15	11	17	14	17	19	12	13	17	15	18	20	11	20	12	19	11	18	20	11	18	15	10	14	18	10	14	17	16	12	11	15	15	16	10	17	19	11	14	12	10	20	14	14	15	17	10	15	16	16	18	12	18	20	20	12	17	10	15	20	16	12	12	10	13	11	18	16	15	14	10	15	20	16	12	18	19	13	13	14	13	19	14	17	16	17	15	10	19	13	12	13	16	20	17	18	14	15	15	17	16	16	20	15	15	14	20	18	18	18	13	13	13	13	11	18	18	18	20	14	11	17	15	19	18	13	20	14	15	11	16	19	15	14	14	14	16	20	18	12	13	18	16	19	16	17	12	11	12	19	11	18	17	12	10	17	11	10	18	12	19	14	20	20	10	19	14	10	20	17	15	19	10	18	18	16	13	17	19	11	17	18	17	19	17	13	10	15	19	11	16	10	19	14	11	11	18	11	19	18	15	13	14	14	13	12	15	19	17	19	16	13	10	15	12	15	16	17	17	20	19	19	13	16	11	19	15	12	17	20	20	20	12	16	11	10	20	19	20	12	15	17	15	16	19	10	18	14	14	10	17	11	19	19	11	14	13	11	14	11	20	11	17	20	11	12	12	17	18	17	12	16	14	14	18	11	20	11	20	18	13	18	18	19	11	16	10	15	10	12	19	14	15	12	16	18	18	16	10	17	18	17	14	15	17	17	13	11	12	10	14	20	20	15	20	12	15	11	10	20	15	20	12	12	10	13	15	18	14	15	17	18	11	17	18	15	14	12	19	17	17	16	10	12	10	17	15	16	18	17	12	16	19	17	17	19	12	15	13	16	12	13	15	11	16	13	20	18	14	12	15	11	19	11	11	17	15	20	15	10	10	17	17	14	12	20	10	17	19	20	15	20	16	11	14	10	12	19	13	20	16	16	14	19	12	18	18	12	15	
1	1	1	1	1	1	1	1	1	1	1	1	1	1	1	1	1	1	1	1	1	1	1	1	2	2	2	2	2	2	2	2	2	2	2	2	2	2	2	2	2	2	2	2	2	2	2	2	2	2	2	2	2	2	2	2	2	2	2	2	3	3	3	3	3	3	3	3	3	3	3	3	3	3	3	3	3	3	3	3	3	3	3	3	3	3	3	3	3	3	3	3	3	3	3	4	4	4	4	4	4	4	4	4	4	4	4	4	4	4	4	4	4	4	4	4	4	4	4	4	4	4	4	4	4	4	4	4	4	4	4	4	4	4	5	5	5	5	5	5	5	5	5	5	5	5	5	5	5	5	5	5	5	5	5	5	5	5	5	5	5	5	5	5	5	5	5	5	5	6	6	6	6	6	6	6	6	6	6	6	6	6	6	6	6	6	6	6	6	6	6	6	6	6	7	7	7	7	7	7	7	7	7	7	7	7	7	7	7	7	7	7	7	7	7	7	7	7	7	7	7	7	7	7	7	7	7	7	7	7	7	7	7	7	7	8	8	8	8	8	8	8	8	8	8	8	8	8	8	8	8	8	8	8	8	8	8	8	8	8	8	8	8	8	8	8	8	9	9	9	9	9	9	9	9	9	9	9	9	9	9	9	9	9	9	9	9	9	9	9	9	9	9	9	9	9	9	10	10	10	10	10	10	10	10	10	10	10	10	10	10	10	10	10	10	10	10	10	10	10	10	10	10	10	10	10	10	10	10	10	11	11	11	11	11	11	11	11	11	11	11	11	11	11	11	11	11	11	11	11	11	11	11	12	12	12	12	12	12	12	12	12	12	12	12	12	12	12	12	12	12	12	12	12	12	12	12	12	12	12	12	12	12	12	12	12	12	12	12	12	12	12	12	12	12	12	12	13	13	13	13	13	13	13	13	13	13	13	13	13	13	13	13	13	13	13	13	13	13	13	13	13	13	13	13	13	13	13	13	13	13	13	14	14	14	14	14	14	14	14	14	14	14	14	14	14	14	14	14	14	14	14	14	14	14	14	14	14	14	14	14	14	14	15	15	15	15	15	15	15	15	15	15	15	15	15	15	15	15	15	15	15	15	15	15	15	15	15	15	15	15	15	15	15	15	15	15	15	15	15	16	16	16	16	16	16	16	16	16	16	16	16	16	16	16	16	16	16	16	16	16	16	16	16	16	16	16	16	16	16	16	16	16	17	17	17	17	17	17	17	17	17	17	17	17	17	17	17	17	17	17	17	17	17	17	17	17	17	17	17	17	17	17	17	17	17	17	17	17	17	17	17	17	17	17	17	17	17	17	17	17	18	18	18	18	18	18	18	18	18	18	18	18	18	18	18	18	18	18	18	18	18	18	18	18	18	18	18	18	18	18	18	18	18	18	18	18	19	19	19	19	19	19	19	19	19	19	19	19	19	19	19	19	19	19	19	19	19	19	19	19	19	19	19	20	20	20	20	20	20	20	20	20	20	20	20	20	20	20	20	20	20	20	20	20	20	20	20	20	20	20	20	20	20	20	21	21	21	21	21	21	21	21	21	21	21	21	21	21	21	21	21	21	21	21	21	21	21	21	21	21	21	21	21	21	21	21	21	21	21	21	21	21	22	22	22	22	22	22	22	22	22	22	22	22	22	22	22	22	22	22	22	22	22	22	22	22	22	23	23	23	23	23	23	23	23	23	23	23	23	23	23	23	23	23	23	23	23	23	23	23	23	23	23	23	23	23	23	23	23	24	24	24	24	24	24	24	24	24	24	24	24	24	24	24	24	24	24	24	24	24	24	24	24	24	24	24	24	24	24	24	24	24	25	25	25	25	25	25	25	25	25	25	25	25	25	25	25	25	25	25	25	25	25	25	25	25	25	25	25	25	25	25	25	25	25	25	25	25	25	25	25	25	26	26	26	26	26	26	26	26	26	26	26	26	26	26	26	26	26	26	26	26	26	26	26	26	26	26	26	26	26	26	26	26	26	26	26	26	26	26	27	27	27	27	27	27	27	27	27	27	27	27	27	27	27	27	27	27	27	27	27	27	27	27	27	28	28	28	28	28	28	28	28	28	28	28	28	28	28	28	28	28	28	28	28	28	28	28	28	28	28	28	28	28	28	28	28	28	28	28	28	28	28	28	28	29	29	29	29	29	29	29	29	29	29	29	29	29	29	29	29	29	29	29	29	29	29	29	29	30	30	30	30	30	30	30	30	30	30	30	30	30	30	30	30	30	30	30	30	30	30	30	30	30	30	30	30	30	30	
