1000
30	5
669	31.9
27	26	30	26	26	29	26	29	30	26	27	31	29	31	27	27	26	30	27	27	30	27	29	27	31	30	26	26	29	31	29	28	28	31	26	30	31	31	29	31	29	27	26	29	31	26	29	31	29	31	29	28	30	29	26	27	26	28	29	28	28	26	27	27	31	29	30	26	31	31	31	27	31	28	26	28	28	26	29	28	27	30	31	29	31	27	30	27	26	28	26	31	30	27	27	30	30	31	28	30	27	29	30	28	28	26	28	30	31	30	31	29	28	27	31	28	30	29	27	28	26	28	26	26	26	29	29	30	27	26	28	26	26	28	31	30	29	28	27	31	30	28	26	30	29	26	27	27	28	28	29	28	28	31	30	26	29	26	26	27	29	26	26	30	29	29	29	27	31	29	26	30	26	30	29	31	26	31	31	29	31	29	27	28	26	27	31	26	29	30	29	26	27	29	28	29	26	27	27	29	30	31	28	28	27	29	27	28	28	28	28	27	28	28	29	29	29	30	27	26	29	26	27	27	31	31	27	26	29	29	29	31	30	29	28	28	31	26	28	28	30	26	27	28	27	30	27	31	29	27	31	30	26	28	28	30	29	26	26	27	27	26	26	27	26	30	29	29	28	29	29	26	30	28	27	28	30	31	29	28	30	31	26	29	26	30	28	26	30	27	30	26	29	29	31	29	28	26	29	29	29	29	28	31	29	26	26	30	28	28	30	30	29	29	28	28	30	30	28	31	31	28	26	28	27	30	26	31	30	31	29	27	26	27	28	29	27	29	27	30	31	29	31	26	31	31	27	31	30	31	30	26	27	29	27	31	26	30	26	27	26	28	26	29	28	28	29	28	31	27	29	26	31	30	30	31	31	26	29	27	31	27	31	29	27	30	31	27	30	28	27	27	28	29	27	27	30	30	26	30	26	27	26	30	30	28	31	26	28	29	31	26	29	29	30	26	28	30	31	30	31	29	28	30	28	27	28	26	29	27	29	31	26	28	29	30	26	27	29	28	31	27	30	29	31	26	26	29	27	26	29	31	30	29	26	31	27	29	30	28	30	26	31	30	27	30	31	31	31	31	31	29	27	26	26	30	27	26	29	26	31	28	29	31	30	28	29	27	31	29	26	26	30	27	28	27	28	26	26	27	28	30	28	26	27	30	26	26	26	30	29	28	31	26	31	27	31	28	29	27	26	31	27	29	27	27	26	27	31	26	29	28	30	26	27	29	29	29	26	26	26	27	28	27	31	27	30	30	28	27	29	29	27	30	30	28	28	31	30	28	28	29	26	31	29	30	27	28	26	26	27	29	29	28	27	30	28	31	30	30	31	31	26	26	29	31	28	29	26	29	28	26	28	28	31	29	30	27	26	26	26	30	30	26	27	31	30	29	26	27	27	29	29	31	27	26	30	30	28	28	28	31	26	30	27	31	28	27	30	29	31	28	29	27	28	30	30	29	28	28	31	29	26	29	29	26	27	29	30	27	31	27	26	27	28	31	28	27	26	26	30	29	27	30	30	26	26	30	30	27	30	30	30	29	26	27	29	31	28	30	29	29	26	27	26	26	30	29	27	30	27	31	31	29	26	30	30	30	30	29	27	28	30	29	28	31	28	28	30	27	27	26	28	28	30	31	29	29	28	31	30	26	30	26	29	26	31	27	28	31	31	28	28	29	28	28	28	26	26	26	31	31	31	31	30	28	30	30	27	29	31	31	31	26	28	27	29	31	30	30	28	31	29	31	26	29	27	30	27	27	30	29	27	26	27	31	26	30	31	31	31	28	30	27	29	26	28	26	30	26	26	30	26	31	28	26	29	31	27	27	26	29	27	30	29	31	31	30	30	30	27	28	30	27	26	31	28	28	26	29	27	30	31	28	29	31	27	27	30	26	31	31	31	27	31	30	28	28	31	31	31	28	26	30	31	31	30	26	26	27	29	27	26	30	31	31	28	27	27	30	27	29	27	26	27	31	29	31	26	31	28	27	29	30	29	30	29	27	30	30	28	30	29	29	31	27	26	31	31	29	26	30	27	30	28	30	29	30	30	29	29	30	28	30	30	31	28	29	31	28	29	26	29	27	28	26	26	26	28	31	29	31	28	28	29	26	26	27	31	27	31	30	26	27	27	29	26	27	30	27	28	30	30	26	29	28	28	28	30	26	29	29	30	26	31	28	30	29	30	30	30	27	29	27	27	29	27	28	26	28	29	28	27	26	29	31	29	27	26	26	27	31	30	30	29	26	27	28	27	28	30	26	26	31	30	28	30	30	26	29	
80	80	92	88	84	94	82	80	85	90	90	91	89	84	79	94	76	85	89	88	82	90	77	94	87	79	80	78	94	88	83	87	85	89	85	79	81	82	91	81	77	84	84	84	83	84	91	88	88	84	77	80	89	94	77	76	77	88	93	86	76	82	77	82	91	87	78	81	90	92	92	84	80	81	80	94	82	93	85	85	94	92	79	81	87	87	87	92	91	89	79	93	90	89	89	84	82	89	82	91	80	84	91	94	79	88	93	91	89	83	91	81	90	78	87	80	76	81	82	90	86	87	78	76	87	84	79	80	94	92	82	89	77	80	78	94	85	84	94	83	79	87	79	92	82	85	93	84	80	87	79	84	79	76	81	87	82	89	81	90	92	79	91	76	90	86	93	90	90	80	78	85	82	90	84	93	79	91	92	91	78	80	86	90	77	77	88	76	82	88	78	84	87	78	85	79	78	79	82	80	85	94	84	92	88	84	83	78	85	79	86	85	81	81	87	80	92	89	88	76	87	94	83	81	92	76	83	80	81	85	92	90	92	92	81	78	94	86	83	94	91	88	77	76	84	86	79	84	89	94	83	89	82	77	77	92	79	77	77	93	81	78	78	86	82	81	87	84	77	85	78	91	77	90	79	83	84	92	76	77	90	89	77	90	88	88	85	93	90	94	91	76	84	93	87	94	77	77	86	94	80	78	92	87	90	88	91	88	77	81	84	83	77	91	89	90	88	84	90	78	84	94	90	83	87	85	83	79	83	78	80	87	86	87	92	86	87	86	79	82	91	82	92	93	82	94	89	82	89	76	80	86	79	82	92	90	87	89	90	84	91	79	93	80	84	78	79	87	89	84	92	78	88	89	92	81	80	90	89	80	81	93	85	88	92	78	90	91	80	82	80	76	78	89	89	88	90	76	80	86	90	79	91	92	84	88	79	78	77	88	81	86	80	94	88	84	88	87	89	79	77	82	83	93	82	93	76	91	84	87	84	77	93	92	76	77	88	82	87	84	91	86	91	87	83	80	83	76	89	79	84	86	76	83	92	88	81	76	82	93	79	86	83	78	83	81	84	78	83	94	78	92	93	93	90	94	79	79	94	86	87	92	87	87	85	79	92	91	91	93	89	94	84	89	93	83	80	76	84	88	86	77	83	77	89	84	81	79	90	85	87	93	86	93	94	77	81	85	82	78	80	81	88	76	90	84	88	87	94	81	90	80	76	88	85	87	84	94	76	89	76	79	85	76	87	76	88	81	87	89	83	92	77	86	82	78	79	81	92	85	93	84	83	83	82	81	89	88	81	94	94	85	78	90	92	90	83	83	77	90	87	82	78	93	81	85	85	94	80	89	84	81	77	90	94	93	86	80	83	82	78	92	86	81	86	81	93	91	82	88	93	77	82	91	79	80	90	93	93	87	92	90	77	79	85	76	86	94	92	79	78	94	92	88	88	84	82	91	82	83	88	90	76	77	92	83	82	78	93	94	83	79	79	79	81	92	92	77	76	84	79	89	90	86	80	92	89	94	87	91	76	92	80	93	82	85	87	91	81	88	78	89	80	92	82	92	85	93	85	76	87	89	85	91	93	92	90	81	88	77	79	86	77	93	80	83	79	78	86	92	90	80	86	86	79	76	93	81	83	80	82	94	80	85	89	84	79	82	84	93	93	89	94	77	78	93	78	85	78	76	87	85	83	76	82	87	83	94	94	88	76	89	89	91	80	90	94	88	79	91	91	88	93	90	77	83	76	85	93	76	89	76	91	94	93	94	77	91	93	83	79	93	91	76	86	84	78	87	90	77	76	87	88	92	78	90	94	88	82	81	79	91	86	79	84	83	94	76	92	80	88	84	86	86	83	76	77	90	86	90	88	85	87	82	82	84	82	80	87	86	89	88	91	87	90	83	81	81	92	89	88	90	91	91	92	87	81	87	80	92	82	76	78	76	80	92	85	76	87	76	87	85	82	85	85	76	85	80	93	87	86	80	79	87	89	91	80	89	81	83	79	91	87	83	82	93	87	76	77	87	81	81	83	85	81	81	89	87	94	89	88	76	88	94	79	94	92	85	87	78	77	92	77	94	93	81	91	87	78	79	81	93	91	78	86	88	84	86	76	77	82	76	89	86	92	91	82	81	94	94	85	79	80	92	92	77	79	88	91	84	86	84	87	78	79	92	86	84	82	86	92	85	77	79	84	86	89	85	85	78	90	79	76	91	89	79	89	88	93	85	76	86	90	89	77	85	93	88	87	94	85	88	83	90	88	77	76	85	86	86	
12.1	18.7	11	17.6	15.4	25.3	11	29.7	16.5	13.2	29.7	22	22	30.8	20.9	12.1	19.8	13.2	11	13.2	11	27.5	22	23.1	13.2	28.6	15.4	28.6	33	15.4	11	17.6	12.1	18.7	12.1	11	13.2	16.5	30.8	18.7	12.1	24.2	24.2	13.2	25.3	29.7	25.3	25.3	29.7	15.4	19.8	15.4	17.6	16.5	33	25.3	14.3	20.9	22	33	29.7	29.7	20.9	15.4	31.9	23.1	26.4	16.5	20.9	28.6	22	33	12.1	23.1	15.4	27.5	27.5	14.3	11	28.6	31.9	26.4	24.2	11	12.1	25.3	30.8	23.1	13.2	28.6	22	19.8	17.6	30.8	24.2	18.7	22	20.9	17.6	16.5	11	16.5	25.3	30.8	23.1	17.6	29.7	27.5	13.2	26.4	22	17.6	15.4	31.9	14.3	15.4	31.9	15.4	24.2	11	12.1	29.7	20.9	16.5	12.1	24.2	28.6	18.7	22	19.8	27.5	24.2	31.9	15.4	13.2	33	26.4	24.2	28.6	26.4	33	13.2	15.4	20.9	13.2	29.7	15.4	15.4	26.4	33	33	11	13.2	20.9	14.3	20.9	20.9	19.8	29.7	30.8	28.6	31.9	29.7	23.1	19.8	29.7	31.9	14.3	17.6	29.7	33	16.5	23.1	20.9	11	27.5	11	20.9	29.7	27.5	31.9	19.8	26.4	25.3	15.4	17.6	33	20.9	16.5	29.7	29.7	29.7	22	22	12.1	16.5	30.8	19.8	27.5	11	27.5	31.9	25.3	17.6	24.2	20.9	24.2	23.1	28.6	13.2	24.2	19.8	25.3	27.5	20.9	26.4	23.1	13.2	30.8	33	28.6	27.5	12.1	28.6	31.9	31.9	19.8	17.6	18.7	23.1	19.8	18.7	16.5	22	17.6	12.1	20.9	11	12.1	14.3	27.5	12.1	15.4	11	19.8	14.3	15.4	23.1	24.2	29.7	12.1	23.1	19.8	30.8	20.9	25.3	18.7	29.7	15.4	30.8	19.8	28.6	19.8	25.3	18.7	30.8	33	17.6	27.5	29.7	29.7	30.8	31.9	30.8	24.2	29.7	33	13.2	26.4	20.9	29.7	19.8	27.5	11	11	27.5	27.5	30.8	15.4	24.2	19.8	13.2	11	13.2	20.9	30.8	28.6	18.7	19.8	26.4	27.5	17.6	20.9	12.1	18.7	26.4	27.5	29.7	13.2	23.1	28.6	19.8	27.5	30.8	16.5	17.6	19.8	26.4	12.1	31.9	27.5	15.4	20.9	24.2	31.9	33	18.7	26.4	24.2	20.9	23.1	13.2	11	22	29.7	27.5	26.4	18.7	23.1	11	26.4	28.6	19.8	18.7	30.8	19.8	24.2	19.8	25.3	23.1	28.6	18.7	13.2	12.1	27.5	19.8	30.8	24.2	23.1	28.6	30.8	28.6	25.3	18.7	29.7	26.4	30.8	23.1	20.9	19.8	22	25.3	11	16.5	13.2	27.5	11	30.8	23.1	24.2	17.6	14.3	16.5	16.5	16.5	26.4	31.9	16.5	14.3	11	24.2	25.3	18.7	29.7	23.1	14.3	22	17.6	13.2	11	16.5	25.3	17.6	23.1	14.3	25.3	29.7	12.1	25.3	15.4	15.4	31.9	15.4	22	27.5	27.5	19.8	13.2	15.4	33	29.7	26.4	28.6	22	25.3	20.9	31.9	22	15.4	18.7	30.8	30.8	14.3	28.6	19.8	23.1	16.5	20.9	17.6	31.9	23.1	13.2	31.9	25.3	29.7	16.5	17.6	33	28.6	29.7	22	24.2	11	12.1	28.6	28.6	22	22	30.8	11	19.8	25.3	22	15.4	29.7	11	11	20.9	13.2	12.1	26.4	11	17.6	18.7	30.8	31.9	17.6	14.3	23.1	19.8	28.6	28.6	26.4	23.1	28.6	12.1	27.5	15.4	11	14.3	19.8	22	29.7	11	15.4	19.8	28.6	23.1	20.9	29.7	18.7	26.4	24.2	16.5	29.7	17.6	25.3	22	15.4	18.7	22	20.9	17.6	28.6	29.7	30.8	19.8	33	28.6	22	19.8	16.5	14.3	33	28.6	17.6	30.8	31.9	27.5	24.2	33	16.5	19.8	15.4	26.4	33	17.6	18.7	11	17.6	22	14.3	24.2	16.5	19.8	22	30.8	12.1	25.3	16.5	12.1	27.5	23.1	30.8	20.9	13.2	17.6	29.7	26.4	28.6	28.6	14.3	11	30.8	29.7	11	14.3	29.7	22	15.4	12.1	23.1	31.9	13.2	23.1	14.3	24.2	18.7	24.2	16.5	22	14.3	23.1	30.8	30.8	23.1	27.5	29.7	31.9	16.5	13.2	13.2	26.4	27.5	30.8	14.3	23.1	29.7	27.5	15.4	26.4	29.7	25.3	15.4	22	18.7	13.2	26.4	13.2	24.2	33	16.5	20.9	18.7	17.6	30.8	31.9	11	13.2	23.1	18.7	31.9	31.9	28.6	20.9	29.7	13.2	13.2	28.6	11	33	26.4	28.6	18.7	14.3	16.5	19.8	15.4	14.3	11	20.9	27.5	16.5	33	24.2	15.4	13.2	30.8	17.6	23.1	33	13.2	23.1	33	28.6	22	25.3	29.7	29.7	25.3	27.5	29.7	26.4	13.2	13.2	14.3	14.3	14.3	15.4	24.2	17.6	16.5	28.6	27.5	11	15.4	15.4	29.7	30.8	28.6	19.8	33	33	19.8	24.2	11	14.3	19.8	20.9	19.8	29.7	14.3	19.8	15.4	19.8	28.6	15.4	28.6	31.9	18.7	18.7	30.8	30.8	24.2	31.9	29.7	25.3	15.4	22	24.2	18.7	16.5	14.3	15.4	16.5	27.5	19.8	26.4	31.9	27.5	20.9	27.5	12.1	12.1	23.1	20.9	24.2	23.1	30.8	11	13.2	30.8	27.5	11	11	23.1	13.2	12.1	19.8	19.8	25.3	23.1	24.2	15.4	16.5	17.6	20.9	15.4	29.7	30.8	26.4	30.8	11	23.1	26.4	12.1	13.2	23.1	12.1	27.5	18.7	13.2	24.2	17.6	31.9	18.7	19.8	14.3	27.5	13.2	16.5	23.1	22	17.6	16.5	27.5	20.9	27.5	18.7	20.9	30.8	22	28.6	12.1	19.8	20.9	17.6	20.9	15.4	27.5	22	33	17.6	31.9	24.2	24.2	20.9	30.8	26.4	30.8	30.8	29.7	20.9	17.6	27.5	31.9	29.7	13.2	25.3	23.1	14.3	18.7	31.9	18.7	20.9	24.2	15.4	26.4	11	15.4	24.2	25.3	17.6	20.9	17.6	25.3	16.5	31.9	15.4	23.1	13.2	13.2	31.9	13.2	28.6	13.2	16.5	29.7	26.4	20.9	27.5	20.9	14.3	23.1	22	26.4	27.5	28.6	26.4	28.6	26.4	20.9	26.4	33	17.6	23.1	24.2	14.3	18.7	15.4	11	17.6	24.2	18.7	15.4	14.3	17.6	22	14.3	12.1	28.6	22	24.2	31.9	17.6	27.5	33	18.7	27.5	13.2	13.2	27.5	17.6	24.2	23.1	29.7	15.4	23.1	11	25.3	30.8	24.2	13.2	24.2	11	31.9	15.4	11	33	31.9	13.2	19.8	16.5	25.3	30.8	27.5	26.4	13.2	15.4	29.7	28.6	29.7	33	19.8	15.4	29.7	11	27.5	30.8	20.9	22	15.4	30.8	20.9	22	27.5	17.6	16.5	22	14.3	25.3	13.2	15.4	27.5	26.4	12.1	24.2	25.3	13.2	24.2	14.3	15.4	26.4	25.3	18.7	18.7	11	19.8	11	22	15.4	25.3	23.1	33	28.6	12.1	20.9	27.5	12.1	16.5	27.5	22	26.4	17.6	17.6	33	22	15.4	28.6	24.2	31.9	23.1	27.5	26.4	29.7	19.8	14.3	24.2	18.7	14.3	13.2	16.5	13.2	23.1	12.1	33	31.9	13.2	17.6	20.9	15.4	11	12.1	33	28.6	19.8	13.2	30.8	33	33	
33	11	19.8	11	16.5	20.9	13.2	23.1	33	30.8	20.9	31.9	16.5	15.4	13.2	19.8	23.1	26.4	30.8	29.7	25.3	26.4	20.9	16.5	15.4	11	29.7	17.6	23.1	14.3	25.3	12.1	14.3	16.5	15.4	31.9	14.3	27.5	12.1	12.1	18.7	22	16.5	31.9	29.7	23.1	14.3	30.8	30.8	23.1	14.3	33	26.4	16.5	26.4	22	25.3	29.7	14.3	31.9	14.3	13.2	26.4	25.3	20.9	28.6	33	16.5	31.9	23.1	20.9	30.8	24.2	15.4	17.6	33	20.9	13.2	12.1	15.4	18.7	27.5	24.2	25.3	16.5	23.1	30.8	13.2	30.8	25.3	15.4	24.2	17.6	11	27.5	13.2	24.2	26.4	33	11	27.5	30.8	18.7	28.6	29.7	13.2	19.8	20.9	22	19.8	24.2	25.3	11	11	31.9	30.8	17.6	27.5	11	19.8	17.6	23.1	22	23.1	27.5	11	13.2	22	24.2	18.7	28.6	25.3	18.7	18.7	22	33	29.7	28.6	15.4	20.9	22	13.2	18.7	25.3	13.2	23.1	17.6	12.1	25.3	28.6	25.3	22	20.9	15.4	26.4	33	14.3	27.5	19.8	28.6	28.6	15.4	12.1	11	28.6	28.6	24.2	29.7	25.3	25.3	23.1	20.9	11	24.2	29.7	13.2	17.6	24.2	14.3	12.1	26.4	25.3	29.7	23.1	12.1	24.2	13.2	18.7	13.2	30.8	26.4	19.8	11	16.5	15.4	20.9	22	23.1	11	24.2	29.7	27.5	24.2	14.3	13.2	30.8	29.7	26.4	17.6	28.6	14.3	11	26.4	30.8	27.5	26.4	20.9	33	14.3	12.1	24.2	33	30.8	29.7	20.9	13.2	19.8	28.6	13.2	12.1	18.7	19.8	30.8	28.6	13.2	20.9	20.9	30.8	31.9	17.6	28.6	12.1	24.2	11	24.2	14.3	11	14.3	27.5	18.7	22	12.1	16.5	19.8	26.4	31.9	33	30.8	33	16.5	33	15.4	16.5	25.3	18.7	24.2	31.9	13.2	13.2	12.1	26.4	24.2	13.2	24.2	13.2	28.6	19.8	27.5	24.2	33	29.7	31.9	24.2	14.3	31.9	33	23.1	18.7	17.6	18.7	31.9	33	17.6	31.9	33	26.4	26.4	13.2	17.6	26.4	31.9	19.8	24.2	29.7	33	18.7	13.2	11	14.3	27.5	12.1	17.6	20.9	17.6	29.7	27.5	29.7	16.5	15.4	18.7	30.8	29.7	20.9	11	20.9	16.5	28.6	22	12.1	24.2	15.4	31.9	24.2	24.2	18.7	26.4	15.4	19.8	12.1	17.6	18.7	17.6	24.2	18.7	26.4	13.2	17.6	27.5	31.9	23.1	14.3	16.5	24.2	18.7	13.2	18.7	22	12.1	27.5	28.6	17.6	31.9	26.4	15.4	31.9	27.5	28.6	29.7	20.9	22	14.3	33	29.7	27.5	14.3	31.9	12.1	19.8	13.2	11	26.4	15.4	23.1	13.2	28.6	27.5	25.3	29.7	20.9	19.8	12.1	23.1	15.4	12.1	29.7	29.7	16.5	30.8	19.8	20.9	14.3	31.9	17.6	18.7	11	26.4	29.7	19.8	18.7	12.1	26.4	12.1	11	26.4	33	13.2	26.4	17.6	33	19.8	30.8	25.3	12.1	14.3	26.4	17.6	22	27.5	20.9	14.3	12.1	22	30.8	25.3	33	25.3	13.2	14.3	17.6	33	12.1	18.7	28.6	17.6	27.5	17.6	13.2	20.9	18.7	29.7	26.4	16.5	33	23.1	24.2	33	23.1	23.1	16.5	33	17.6	28.6	14.3	28.6	16.5	30.8	18.7	25.3	17.6	20.9	18.7	33	28.6	12.1	31.9	28.6	26.4	22	27.5	18.7	16.5	19.8	20.9	16.5	25.3	24.2	19.8	30.8	14.3	13.2	27.5	24.2	17.6	22	13.2	24.2	23.1	14.3	28.6	28.6	26.4	22	29.7	24.2	18.7	24.2	30.8	14.3	17.6	28.6	22	16.5	27.5	12.1	31.9	25.3	23.1	19.8	28.6	29.7	27.5	19.8	25.3	24.2	22	27.5	13.2	12.1	17.6	17.6	30.8	12.1	19.8	12.1	26.4	23.1	12.1	29.7	19.8	33	17.6	20.9	25.3	29.7	30.8	11	26.4	22	31.9	20.9	27.5	30.8	26.4	26.4	12.1	26.4	29.7	24.2	15.4	17.6	13.2	20.9	11	33	33	30.8	18.7	27.5	19.8	25.3	27.5	17.6	26.4	13.2	26.4	29.7	22	15.4	11	19.8	22	13.2	31.9	27.5	13.2	20.9	27.5	11	13.2	13.2	25.3	31.9	17.6	25.3	18.7	30.8	16.5	25.3	26.4	15.4	13.2	25.3	11	33	18.7	33	30.8	29.7	22	23.1	24.2	12.1	24.2	20.9	19.8	25.3	18.7	29.7	29.7	18.7	18.7	20.9	33	22	24.2	12.1	26.4	17.6	17.6	30.8	19.8	16.5	30.8	24.2	18.7	23.1	13.2	13.2	16.5	33	27.5	29.7	25.3	22	26.4	24.2	29.7	16.5	27.5	28.6	16.5	28.6	17.6	14.3	28.6	22	29.7	16.5	25.3	23.1	27.5	14.3	19.8	19.8	11	19.8	28.6	24.2	23.1	17.6	23.1	18.7	12.1	18.7	24.2	17.6	12.1	30.8	15.4	16.5	20.9	29.7	31.9	19.8	20.9	15.4	23.1	33	16.5	14.3	12.1	17.6	19.8	16.5	13.2	19.8	17.6	28.6	13.2	11	12.1	22	29.7	26.4	29.7	27.5	30.8	19.8	27.5	15.4	16.5	17.6	16.5	31.9	14.3	28.6	27.5	30.8	31.9	23.1	31.9	26.4	15.4	13.2	11	20.9	31.9	25.3	27.5	22	20.9	26.4	13.2	24.2	30.8	29.7	33	15.4	28.6	24.2	13.2	23.1	18.7	20.9	25.3	14.3	27.5	19.8	29.7	15.4	22	27.5	25.3	18.7	11	19.8	12.1	12.1	20.9	13.2	31.9	14.3	26.4	18.7	29.7	24.2	14.3	23.1	31.9	12.1	13.2	13.2	33	28.6	30.8	33	28.6	12.1	33	13.2	24.2	15.4	20.9	29.7	23.1	12.1	17.6	24.2	16.5	19.8	23.1	31.9	19.8	29.7	30.8	31.9	13.2	22	29.7	30.8	29.7	24.2	24.2	27.5	23.1	30.8	22	23.1	18.7	18.7	18.7	28.6	16.5	18.7	11	31.9	31.9	28.6	26.4	19.8	17.6	13.2	33	31.9	26.4	15.4	18.7	25.3	24.2	19.8	27.5	22	30.8	28.6	24.2	26.4	20.9	12.1	14.3	16.5	15.4	26.4	20.9	11	33	20.9	13.2	25.3	17.6	25.3	29.7	30.8	12.1	25.3	28.6	29.7	14.3	16.5	17.6	26.4	27.5	27.5	16.5	28.6	16.5	27.5	12.1	16.5	11	25.3	15.4	13.2	23.1	16.5	23.1	31.9	30.8	16.5	20.9	30.8	27.5	29.7	31.9	27.5	25.3	25.3	27.5	20.9	33	13.2	13.2	27.5	31.9	19.8	19.8	16.5	15.4	25.3	15.4	29.7	11	31.9	15.4	15.4	13.2	11	22	33	18.7	15.4	30.8	11	28.6	18.7	27.5	26.4	33	26.4	26.4	12.1	13.2	29.7	26.4	18.7	12.1	12.1	31.9	11	28.6	11	24.2	12.1	24.2	14.3	30.8	19.8	18.7	16.5	26.4	16.5	16.5	30.8	11	24.2	11	12.1	12.1	27.5	12.1	14.3	16.5	28.6	12.1	24.2	23.1	29.7	14.3	14.3	19.8	16.5	19.8	15.4	15.4	33	26.4	13.2	16.5	17.6	23.1	18.7	28.6	29.7	28.6	13.2	27.5	33	16.5	33	13.2	19.8	28.6	30.8	19.8	24.2	33	31.9	24.2	11	28.6	17.6	22	19.8	27.5	17.6	18.7	11	28.6	31.9	17.6	13.2	
23.1	11	26.4	29.7	16.5	23.1	31.9	12.1	16.5	16.5	26.4	26.4	29.7	29.7	27.5	26.4	24.2	14.3	25.3	33	30.8	28.6	31.9	20.9	33	22	30.8	13.2	31.9	14.3	
17	12	12	10	17	14	10	15	17	18	17	17	13	16	10	19	11	13	10	11	11	15	17	10	13	18	16	11	20	16	12	18	11	17	12	13	14	13	14	11	13	16	16	19	18	14	13	14	16	20	18	19	12	12	12	13	13	12	14	13	16	20	15	16	11	16	15	18	15	20	13	16	15	10	20	13	12	19	10	18	20	19	11	20	12	11	20	13	12	16	17	13	20	15	10	13	12	14	20	18	12	13	20	10	12	16	10	12	17	16	19	12	19	14	10	20	14	13	18	13	15	17	14	15	11	19	13	20	15	20	12	11	18	18	12	17	15	19	18	15	20	13	14	17	10	13	10	13	17	16	14	14	12	18	14	12	16	17	17	11	15	12	19	11	17	18	20	17	19	19	17	15	19	14	11	13	19	13	17	20	10	13	19	16	19	13	15	16	11	15	20	16	15	19	13	11	10	16	20	11	13	12	17	20	18	11	19	12	14	19	17	16	10	15	11	16	14	10	18	13	16	20	12	20	12	20	15	11	20	16	16	12	14	10	17	14	10	19	14	19	19	11	19	16	16	19	12	14	11	13	19	11	14	16	11	16	13	19	12	14	14	15	14	16	20	20	20	10	15	10	18	11	15	13	15	16	20	19	15	12	11	15	15	18	12	14	17	12	11	12	10	12	16	14	20	16	11	11	16	17	18	20	12	10	12	14	19	16	18	15	11	12	19	18	14	20	18	10	14	12	20	14	15	19	16	18	10	15	16	15	13	17	12	13	14	15	18	16	20	16	10	11	18	17	15	14	18	17	19	14	20	14	10	15	13	14	20	14	17	11	16	13	16	15	12	15	11	15	17	14	18	11	10	15	11	15	15	10	13	19	10	12	17	20	18	20	17	13	18	12	18	18	20	17	18	17	16	14	16	18	15	12	18	13	10	16	19	18	12	20	16	18	17	19	10	19	19	13	19	19	18	13	16	10	16	14	19	15	19	14	15	11	14	13	15	15	10	16	15	18	10	17	20	20	12	14	19	15	18	14	12	15	20	13	14	16	20	12	11	12	16	13	13	13	16	13	18	11	15	10	13	10	12	17	15	10	11	15	10	18	11	18	14	11	15	18	19	16	20	15	13	13	18	17	16	15	13	15	11	11	12	11	10	14	12	14	20	20	20	19	14	16	14	17	12	10	10	12	10	19	18	11	14	13	12	14	17	14	13	13	18	18	19	14	13	19	16	11	13	16	11	15	16	18	11	11	16	12	12	14	10	20	13	10	19	15	20	18	10	12	17	12	18	19	17	10	19	16	17	14	12	15	20	12	14	17	10	15	19	10	15	14	14	13	17	15	12	18	19	11	11	14	15	12	13	17	14	17	18	11	13	12	13	19	15	13	16	20	14	14	14	11	15	20	18	13	17	15	20	19	14	20	14	14	11	16	19	12	17	10	16	16	14	12	17	12	14	20	18	12	13	20	18	15	12	14	20	17	16	20	13	13	16	18	15	14	19	11	17	16	13	10	13	17	13	20	18	20	15	13	15	18	11	19	12	13	14	18	17	14	19	13	14	12	16	17	11	15	13	16	12	15	18	18	17	20	19	13	13	10	16	13	16	11	20	15	16	19	11	14	17	19	12	10	16	15	12	13	13	20	19	10	19	16	19	19	20	10	10	13	13	15	10	16	19	13	15	18	19	20	16	16	18	20	11	10	17	18	13	11	14	17	12	14	13	11	12	13	10	15	11	10	10	11	13	12	14	20	14	10	10	13	16	10	10	10	16	10	17	17	16	10	11	10	13	10	14	10	20	17	18	17	15	19	12	10	17	16	14	10	15	10	11	16	18	14	17	10	12	20	18	14	18	11	15	10	19	12	19	14	10	16	17	11	13	14	17	19	11	13	13	11	17	10	12	17	11	15	18	15	10	10	15	15	16	17	11	15	20	17	12	18	20	15	19	10	12	10	19	12	10	16	20	12	13	20	12	18	18	20	11	10	17	14	12	11	17	20	15	10	10	15	17	16	13	13	17	15	20	15	14	19	15	18	15	20	19	12	20	13	12	18	11	15	17	18	20	18	16	18	15	14	10	20	18	13	11	11	14	11	18	20	13	17	10	12	17	18	13	14	12	15	13	12	19	11	13	10	11	10	14	15	13	18	11	19	12	12	11	20	17	10	14	12	17	17	16	12	19	11	15	14	20	11	18	17	19	14	16	13	19	18	20	10	17	17	16	17	11	19	10	10	16	20	17	15	19	20	17	14	19	16	16	14	14	11	10	13	13	12	
1	1	1	1	1	1	1	1	1	1	1	1	1	1	1	1	1	1	1	1	1	1	1	1	1	1	1	1	1	1	1	1	1	1	1	1	1	1	1	1	1	1	1	2	2	2	2	2	2	2	2	2	2	2	2	2	2	2	2	2	2	2	2	2	2	2	2	2	2	2	2	2	2	2	2	3	3	3	3	3	3	3	3	3	3	3	3	3	3	3	3	3	3	3	3	3	3	3	3	3	3	3	3	3	3	3	3	3	3	3	4	4	4	4	4	4	4	4	4	4	4	4	4	4	4	4	4	4	4	4	4	4	4	4	4	4	4	4	4	5	5	5	5	5	5	5	5	5	5	5	5	5	5	5	5	5	5	5	5	5	5	5	5	5	5	5	5	5	6	6	6	6	6	6	6	6	6	6	6	6	6	6	6	6	6	6	6	6	6	6	6	6	6	6	6	6	6	6	7	7	7	7	7	7	7	7	7	7	7	7	7	7	7	7	7	7	7	7	7	7	7	7	7	7	7	7	7	7	7	7	8	8	8	8	8	8	8	8	8	8	8	8	8	8	8	8	8	8	8	8	8	8	8	8	8	8	8	8	8	8	8	8	8	8	8	8	8	8	9	9	9	9	9	9	9	9	9	9	9	9	9	9	9	9	9	9	9	9	9	9	9	9	9	9	10	10	10	10	10	10	10	10	10	10	10	10	10	10	10	10	10	10	10	10	10	10	10	10	10	10	10	10	10	10	10	10	10	10	11	11	11	11	11	11	11	11	11	11	11	11	11	11	11	11	11	11	11	11	11	11	11	11	11	11	11	11	11	11	11	11	11	11	11	11	11	12	12	12	12	12	12	12	12	12	12	12	12	12	12	12	12	12	12	12	12	12	12	12	12	12	12	12	12	12	12	12	12	12	12	12	12	12	12	13	13	13	13	13	13	13	13	13	13	13	13	13	13	13	13	13	13	13	13	13	13	13	13	13	13	13	13	14	14	14	14	14	14	14	14	14	14	14	14	14	14	14	14	14	14	14	14	14	14	14	14	14	14	14	14	14	14	14	14	14	14	14	14	14	14	14	14	14	15	15	15	15	15	15	15	15	15	15	15	15	15	15	15	15	15	15	15	15	15	15	15	15	15	15	15	15	15	15	15	15	15	15	15	15	15	15	15	15	15	16	16	16	16	16	16	16	16	16	16	16	16	16	16	16	16	16	16	16	16	16	16	16	16	16	16	16	16	16	16	16	16	16	16	16	16	17	17	17	17	17	17	17	17	17	17	17	17	17	17	17	17	17	17	17	17	17	17	17	17	17	17	17	17	17	17	17	17	17	17	17	17	17	17	17	17	17	18	18	18	18	18	18	18	18	18	18	18	18	18	18	18	18	18	18	18	18	18	18	18	18	18	18	18	18	18	18	18	18	18	18	18	18	18	19	19	19	19	19	19	19	19	19	19	19	19	19	19	19	19	19	19	19	19	19	19	19	19	19	19	19	19	19	19	19	19	19	20	20	20	20	20	20	20	20	20	20	20	20	20	20	20	20	20	20	20	20	20	20	20	20	20	20	20	20	20	20	20	20	21	21	21	21	21	21	21	21	21	21	21	21	21	21	21	21	21	21	21	21	21	21	21	21	21	21	21	21	21	21	21	21	21	21	21	21	22	22	22	22	22	22	22	22	22	22	22	22	22	22	22	22	22	22	22	22	22	22	22	22	22	22	22	23	23	23	23	23	23	23	23	23	23	23	23	23	23	23	23	23	23	23	23	23	23	23	24	24	24	24	24	24	24	24	24	24	24	24	24	24	24	24	24	24	24	24	24	24	24	24	24	24	24	24	24	24	24	24	24	24	24	24	24	24	24	25	25	25	25	25	25	25	25	25	25	25	25	25	25	25	25	25	25	25	25	25	25	26	26	26	26	26	26	26	26	26	26	26	26	26	26	26	26	26	26	26	26	26	27	27	27	27	27	27	27	27	27	27	27	27	27	27	27	27	27	27	27	27	27	27	27	27	27	27	27	27	27	27	28	28	28	28	28	28	28	28	28	28	28	28	28	28	28	28	28	28	28	28	28	28	28	28	28	28	28	28	28	28	28	28	28	28	28	29	29	29	29	29	29	29	29	29	29	29	29	29	29	29	29	29	29	29	29	29	29	29	29	29	29	29	29	29	29	29	29	29	29	29	29	29	29	30	30	30	30	30	30	30	30	30	30	30	30	30	30	30	30	30	30	30	30	30	30	30	30	30	30	30	30	30	30	30	30	30	30	30	30	30	
