1000
45	8
582	20.9
26	27	27	31	31	31	30	29	30	30	27	31	26	28	26	29	26	29	31	29	27	30	28	26	26	29	26	26	26	28	29	29	27	28	28	26	30	26	31	29	31	27	30	26	30	27	30	31	29	27	29	30	30	26	29	26	31	26	31	30	28	27	29	26	30	30	29	28	30	28	28	28	26	28	27	27	27	26	27	26	31	27	28	26	31	27	31	29	31	31	30	30	30	26	30	26	29	27	28	30	28	30	27	31	27	28	26	27	28	28	29	31	26	26	29	29	28	28	31	28	27	29	31	26	30	28	26	30	27	26	27	31	31	28	27	26	27	26	29	26	28	30	27	30	29	27	31	28	31	27	27	28	30	28	26	26	31	31	29	29	26	26	28	29	31	27	26	28	29	27	29	27	27	27	29	30	27	29	27	31	29	31	29	30	29	29	28	29	31	30	31	27	30	29	28	31	28	27	29	30	29	27	26	28	29	28	27	26	30	29	29	26	31	30	28	30	29	29	28	31	31	29	28	30	27	28	27	31	28	27	26	28	28	27	28	28	27	27	26	27	29	31	26	31	27	30	30	28	28	27	27	27	31	31	31	30	31	29	28	28	30	30	31	31	31	29	29	30	29	28	26	28	31	27	27	28	26	31	31	31	30	30	30	30	27	31	27	30	30	27	26	29	28	26	27	28	27	27	26	27	29	29	29	26	29	31	30	26	31	31	27	27	28	28	29	26	26	26	31	31	29	29	30	26	30	31	28	30	27	30	29	31	31	30	27	30	27	31	30	31	29	26	28	30	26	28	28	26	28	29	30	28	28	29	30	28	29	29	30	28	31	30	27	26	30	27	27	30	30	26	27	30	30	29	31	27	30	26	29	29	27	28	30	28	30	28	29	31	27	31	28	26	30	26	31	26	31	26	29	31	26	30	27	29	26	30	31	26	28	29	27	27	27	29	26	29	27	26	26	31	29	26	31	29	31	30	26	26	31	30	31	26	27	27	28	29	28	27	28	28	31	28	26	29	27	27	26	27	28	29	30	28	29	30	26	31	31	29	29	31	28	29	31	30	30	27	28	26	27	26	26	28	29	26	30	26	29	29	29	31	29	26	29	26	28	28	29	26	28	28	31	31	30	29	28	27	30	28	31	29	30	26	30	27	27	28	31	29	29	29	28	26	28	28	27	31	27	28	29	26	31	26	29	28	31	29	30	31	30	30	28	27	31	29	28	29	27	26	30	26	26	30	26	28	31	31	27	28	27	29	31	28	28	29	29	31	30	31	29	30	27	27	28	27	28	27	31	31	28	26	31	30	26	31	26	30	31	26	30	30	30	26	26	28	27	28	29	27	30	26	30	29	27	31	27	27	30	30	28	31	29	27	31	29	26	29	30	27	31	28	27	30	26	29	27	28	30	27	29	31	28	31	26	27	28	30	29	26	28	28	28	28	29	26	27	28	28	30	30	30	31	31	28	31	31	30	27	26	29	31	31	26	29	28	27	29	29	29	27	29	29	29	26	26	29	30	27	30	31	27	28	28	27	31	28	31	26	30	27	29	30	30	31	31	31	30	27	30	26	26	30	26	29	26	30	30	27	29	28	26	28	27	27	29	29	31	27	31	31	28	29	27	28	27	29	26	27	28	29	27	26	28	26	28	27	28	31	27	31	28	27	29	30	29	26	28	26	31	30	30	29	30	30	29	26	26	30	27	27	30	31	31	31	30	30	30	31	31	27	29	31	29	30	28	29	29	27	31	29	26	30	29	29	30	31	29	29	27	26	28	26	30	31	26	30	30	27	30	27	29	28	26	30	27	26	30	31	26	31	27	28	26	26	31	30	31	26	27	29	29	26	26	26	28	30	26	27	27	28	28	26	28	28	30	29	30	31	30	31	31	28	29	29	26	26	29	28	31	28	30	30	28	28	26	29	30	31	29	27	27	28	30	26	26	26	30	26	26	29	28	31	26	26	30	29	27	29	30	31	27	31	31	27	29	27	31	27	30	27	27	27	31	28	26	27	28	26	31	29	30	27	30	29	27	27	31	27	31	29	28	29	27	29	31	27	30	31	29	26	30	29	27	26	26	31	28	31	29	28	27	30	29	28	31	28	26	28	29	31	29	29	29	30	27	30	30	28	26	31	30	27	31	29	30	26	29	26	27	31	28	28	29	30	30	29	26	28	28	30	31	27	29	28	26	27	31	26	27	28	27	27	31	26	28	28	30	27	27	27	30	26	28	27	31	31	31	29	26	27	29	29	29	29	30	29	31	27	31	29	29	
93	86	86	86	88	82	76	76	79	90	90	86	88	89	79	83	81	77	89	85	91	80	86	80	80	91	89	81	93	81	91	85	94	90	92	83	93	87	78	89	89	89	82	89	84	82	82	79	89	87	84	85	85	93	92	82	93	78	84	89	81	94	77	85	93	92	92	78	85	94	91	90	91	82	80	80	86	77	83	82	82	84	89	84	88	81	88	93	76	82	77	89	85	93	90	81	83	93	78	78	94	83	89	87	94	79	87	86	87	91	91	83	91	86	94	87	89	77	81	94	76	85	78	77	76	94	92	90	88	79	90	93	81	92	77	76	80	88	83	76	82	82	85	94	83	78	93	92	88	90	86	82	76	79	92	87	88	85	86	82	85	79	90	84	77	86	82	85	88	77	85	87	91	88	94	83	86	78	91	78	83	89	84	88	82	81	92	76	79	94	85	77	80	84	88	93	90	79	76	79	93	79	90	94	83	78	78	78	94	78	80	84	85	85	91	83	82	77	89	86	88	76	81	92	82	76	88	83	94	78	92	82	84	94	87	83	84	92	78	76	80	85	83	90	85	94	90	87	83	81	84	89	91	90	84	86	78	87	84	77	90	79	93	87	78	83	91	88	89	81	93	81	90	89	78	85	80	84	80	85	81	80	94	85	85	82	84	90	84	91	79	79	81	81	78	90	77	81	80	89	84	83	91	83	94	87	78	85	77	85	91	94	84	89	80	84	94	89	85	83	94	86	78	94	92	94	94	87	89	92	81	91	90	91	79	79	87	92	86	93	86	93	90	90	77	83	94	80	94	83	83	76	89	82	80	90	83	82	78	85	85	86	80	92	90	80	83	84	83	94	88	90	76	87	86	94	79	87	90	79	79	87	90	82	77	93	81	94	92	90	94	78	92	92	91	85	81	88	92	76	80	89	79	94	84	82	92	94	94	78	76	86	87	92	87	79	84	83	92	91	82	89	93	83	78	91	84	90	82	83	89	84	77	77	85	91	82	79	86	80	81	93	88	92	81	85	93	76	84	85	76	88	84	83	82	77	85	77	83	89	82	80	86	76	91	78	91	76	90	84	85	77	93	91	81	86	78	92	78	90	89	79	83	78	94	93	89	80	76	79	88	87	92	92	79	86	90	88	79	91	85	86	90	77	80	86	76	77	89	94	93	89	94	78	88	76	85	87	88	82	85	81	92	81	87	85	87	93	87	85	93	77	88	94	93	79	84	77	94	94	84	76	85	78	93	79	76	90	79	94	85	86	89	94	93	88	88	93	94	88	86	89	78	84	91	80	89	87	91	81	78	90	88	91	89	89	83	77	93	76	80	82	90	89	87	91	93	80	77	83	91	79	79	83	89	77	88	87	82	80	80	84	77	83	80	89	80	94	94	80	82	83	90	77	80	89	80	82	79	88	82	85	83	85	85	82	82	93	93	83	94	83	82	91	85	82	92	76	81	93	79	78	85	94	88	92	87	88	76	81	86	85	85	81	89	88	81	94	77	92	80	80	87	90	90	91	82	88	77	85	87	80	84	88	86	92	78	84	77	91	79	77	79	90	76	90	78	77	88	83	88	94	76	76	82	90	90	78	91	91	78	92	78	87	76	81	80	86	78	86	90	81	78	80	81	79	91	78	84	94	82	77	88	93	77	92	88	83	79	92	83	76	87	93	84	80	90	76	79	85	79	92	86	77	78	90	84	86	91	90	79	86	92	80	94	77	84	94	77	88	86	78	84	77	90	82	82	86	90	94	89	84	80	79	76	78	83	77	94	88	85	91	83	85	78	86	94	79	82	84	82	77	77	85	90	91	80	87	85	91	89	93	88	89	80	93	86	88	87	77	93	87	78	86	92	77	76	81	88	81	79	85	94	86	80	85	89	86	79	79	91	78	79	89	84	87	80	81	80	79	93	91	89	92	91	92	84	90	83	80	76	89	76	89	79	78	82	86	93	86	86	79	82	88	84	93	93	94	90	94	77	92	89	87	83	93	93	90	87	83	90	86	93	93	80	93	90	94	89	91	89	81	94	81	83	76	76	90	86	88	85	85	94	92	80	89	94	81	87	80	77	85	91	78	76	81	92	94	80	89	93	90	82	91	76	84	85	84	87	85	85	86	87	93	90	88	84	76	77	81	94	83	77	88	92	82	92	93	93	79	85	86	78	85	82	78	77	85	93	94	88	84	78	88	83	77	94	91	90	87	78	86	93	78	90	88	93	80	87	76	88	84	80	93	83	80	90	94	88	92	81	90	82	82	77	87	82	94	83	79	
28.6	19.8	11	17.6	16.5	19.8	14.3	13.2	19.8	29.7	12.1	13.2	12.1	14.3	30.8	22	17.6	24.2	16.5	27.5	18.7	18.7	31.9	12.1	29.7	19.8	16.5	18.7	20.9	27.5	20.9	26.4	30.8	27.5	19.8	14.3	19.8	14.3	29.7	19.8	24.2	31.9	20.9	33	30.8	19.8	31.9	33	20.9	18.7	17.6	15.4	14.3	26.4	25.3	27.5	33	15.4	27.5	12.1	33	12.1	15.4	29.7	20.9	13.2	28.6	17.6	31.9	25.3	33	33	31.9	19.8	29.7	19.8	31.9	16.5	14.3	31.9	23.1	25.3	20.9	12.1	26.4	19.8	16.5	33	26.4	20.9	19.8	23.1	19.8	33	31.9	28.6	31.9	24.2	14.3	13.2	18.7	24.2	24.2	18.7	23.1	16.5	26.4	30.8	27.5	22	25.3	12.1	22	25.3	13.2	26.4	33	28.6	24.2	20.9	31.9	23.1	26.4	31.9	22	23.1	23.1	12.1	33	20.9	13.2	17.6	13.2	22	24.2	24.2	16.5	16.5	19.8	15.4	16.5	19.8	11	17.6	19.8	20.9	16.5	18.7	17.6	13.2	28.6	20.9	25.3	11	27.5	15.4	13.2	16.5	17.6	24.2	14.3	15.4	33	30.8	20.9	11	12.1	26.4	15.4	19.8	19.8	25.3	18.7	19.8	19.8	15.4	30.8	18.7	18.7	26.4	27.5	25.3	19.8	14.3	30.8	22	19.8	30.8	16.5	28.6	25.3	12.1	12.1	24.2	13.2	25.3	33	19.8	30.8	33	22	26.4	31.9	17.6	11	20.9	24.2	12.1	27.5	18.7	26.4	17.6	31.9	20.9	18.7	22	13.2	12.1	27.5	31.9	30.8	26.4	11	25.3	25.3	18.7	25.3	23.1	22	29.7	25.3	15.4	29.7	24.2	30.8	31.9	13.2	11	20.9	27.5	27.5	19.8	14.3	16.5	24.2	23.1	11	16.5	23.1	24.2	11	28.6	28.6	31.9	15.4	30.8	29.7	16.5	28.6	20.9	25.3	12.1	15.4	15.4	14.3	31.9	24.2	12.1	23.1	16.5	33	31.9	11	14.3	22	15.4	31.9	33	12.1	19.8	33	33	31.9	16.5	24.2	27.5	15.4	19.8	18.7	27.5	24.2	30.8	29.7	20.9	25.3	29.7	29.7	15.4	18.7	30.8	16.5	25.3	31.9	13.2	13.2	20.9	33	17.6	29.7	16.5	12.1	19.8	25.3	15.4	17.6	27.5	16.5	30.8	20.9	25.3	12.1	23.1	26.4	19.8	33	27.5	14.3	27.5	23.1	27.5	17.6	18.7	18.7	11	23.1	23.1	22	24.2	13.2	20.9	13.2	15.4	14.3	15.4	14.3	22	24.2	18.7	31.9	31.9	17.6	18.7	13.2	31.9	24.2	13.2	11	11	19.8	16.5	22	15.4	33	20.9	29.7	14.3	29.7	30.8	26.4	24.2	12.1	15.4	28.6	31.9	11	19.8	22	33	30.8	28.6	24.2	18.7	30.8	14.3	25.3	24.2	30.8	18.7	33	26.4	24.2	22	24.2	31.9	13.2	14.3	26.4	28.6	17.6	16.5	31.9	27.5	28.6	30.8	18.7	26.4	20.9	26.4	16.5	24.2	13.2	30.8	13.2	25.3	25.3	14.3	27.5	19.8	23.1	19.8	26.4	22	16.5	23.1	14.3	27.5	16.5	18.7	27.5	18.7	12.1	17.6	14.3	12.1	15.4	13.2	27.5	30.8	26.4	11	20.9	26.4	17.6	23.1	18.7	12.1	16.5	25.3	26.4	22	16.5	22	18.7	31.9	15.4	18.7	11	16.5	29.7	28.6	33	30.8	33	30.8	11	24.2	14.3	14.3	29.7	30.8	26.4	29.7	14.3	14.3	22	19.8	22	28.6	23.1	25.3	19.8	27.5	14.3	16.5	14.3	19.8	20.9	28.6	22	18.7	22	29.7	26.4	25.3	13.2	17.6	15.4	27.5	11	23.1	13.2	26.4	18.7	18.7	23.1	15.4	24.2	33	14.3	23.1	20.9	19.8	26.4	16.5	28.6	33	17.6	13.2	30.8	33	16.5	24.2	33	22	25.3	30.8	11	26.4	13.2	11	15.4	18.7	23.1	28.6	24.2	12.1	23.1	13.2	12.1	11	13.2	20.9	27.5	20.9	12.1	13.2	20.9	18.7	24.2	25.3	31.9	25.3	27.5	24.2	15.4	19.8	28.6	24.2	33	18.7	31.9	22	23.1	22	24.2	20.9	31.9	30.8	12.1	33	25.3	25.3	16.5	22	13.2	16.5	30.8	14.3	14.3	20.9	13.2	11	25.3	23.1	15.4	13.2	25.3	12.1	20.9	33	29.7	17.6	18.7	16.5	11	29.7	22	24.2	11	15.4	18.7	20.9	30.8	30.8	24.2	12.1	16.5	30.8	16.5	26.4	30.8	26.4	29.7	24.2	16.5	29.7	17.6	28.6	30.8	14.3	16.5	30.8	12.1	13.2	18.7	17.6	33	24.2	25.3	24.2	33	33	13.2	30.8	28.6	29.7	31.9	25.3	33	25.3	22	25.3	27.5	24.2	13.2	14.3	18.7	20.9	22	22	29.7	29.7	25.3	20.9	13.2	11	19.8	31.9	26.4	33	17.6	18.7	31.9	18.7	12.1	30.8	23.1	26.4	11	30.8	20.9	31.9	24.2	24.2	18.7	31.9	19.8	29.7	18.7	23.1	31.9	19.8	23.1	15.4	33	28.6	16.5	28.6	20.9	15.4	33	13.2	23.1	18.7	27.5	30.8	12.1	33	14.3	22	30.8	33	24.2	14.3	12.1	16.5	30.8	13.2	18.7	18.7	26.4	27.5	12.1	16.5	23.1	14.3	20.9	33	27.5	27.5	20.9	17.6	27.5	26.4	22	22	20.9	20.9	30.8	13.2	12.1	26.4	13.2	16.5	16.5	12.1	26.4	25.3	11	12.1	18.7	11	17.6	19.8	12.1	14.3	27.5	26.4	12.1	23.1	29.7	26.4	12.1	24.2	13.2	33	12.1	23.1	30.8	25.3	18.7	26.4	15.4	14.3	18.7	15.4	23.1	11	13.2	30.8	20.9	13.2	18.7	17.6	18.7	17.6	19.8	27.5	19.8	19.8	25.3	33	23.1	24.2	11	14.3	22	29.7	28.6	13.2	29.7	14.3	25.3	15.4	20.9	28.6	23.1	20.9	29.7	27.5	33	22	11	33	20.9	25.3	24.2	29.7	12.1	18.7	17.6	29.7	28.6	30.8	19.8	33	24.2	31.9	20.9	20.9	20.9	20.9	13.2	31.9	20.9	27.5	17.6	18.7	25.3	23.1	15.4	24.2	30.8	25.3	30.8	12.1	29.7	29.7	22	20.9	13.2	27.5	17.6	13.2	26.4	26.4	25.3	12.1	11	25.3	24.2	14.3	30.8	18.7	17.6	12.1	25.3	27.5	22	23.1	16.5	23.1	14.3	17.6	20.9	30.8	27.5	13.2	14.3	16.5	29.7	19.8	24.2	24.2	17.6	31.9	30.8	29.7	14.3	25.3	29.7	14.3	17.6	17.6	19.8	18.7	28.6	15.4	26.4	33	33	24.2	16.5	31.9	28.6	13.2	25.3	18.7	23.1	20.9	20.9	25.3	16.5	27.5	13.2	19.8	18.7	13.2	23.1	25.3	23.1	25.3	12.1	31.9	33	14.3	31.9	16.5	30.8	24.2	25.3	13.2	26.4	29.7	27.5	24.2	12.1	13.2	27.5	20.9	15.4	17.6	18.7	29.7	24.2	31.9	28.6	29.7	25.3	25.3	16.5	33	29.7	26.4	29.7	33	12.1	12.1	15.4	23.1	13.2	29.7	26.4	18.7	18.7	33	13.2	11	17.6	19.8	28.6	26.4	19.8	30.8	24.2	28.6	27.5	29.7	22	30.8	24.2	15.4	30.8	14.3	33	25.3	17.6	12.1	27.5	11	31.9	20.9	12.1	11	16.5	12.1	22	26.4	31.9	15.4	19.8	29.7	28.6	17.6	27.5	27.5	28.6	33	26.4	11	
15.4	30.8	12.1	22	27.5	17.6	29.7	23.1	19.8	19.8	16.5	15.4	26.4	22	13.2	20.9	15.4	15.4	33	23.1	28.6	33	24.2	13.2	14.3	28.6	25.3	22	25.3	24.2	30.8	25.3	12.1	11	19.8	24.2	24.2	25.3	19.8	15.4	12.1	15.4	33	23.1	19.8	11	15.4	22	30.8	25.3	28.6	29.7	18.7	33	19.8	15.4	18.7	23.1	16.5	26.4	28.6	19.8	30.8	28.6	27.5	27.5	11	29.7	30.8	16.5	31.9	20.9	24.2	18.7	23.1	23.1	29.7	22	25.3	25.3	19.8	25.3	14.3	33	33	20.9	12.1	13.2	14.3	31.9	11	31.9	19.8	20.9	31.9	31.9	27.5	26.4	31.9	20.9	20.9	33	29.7	20.9	28.6	23.1	33	19.8	23.1	25.3	31.9	16.5	15.4	14.3	28.6	12.1	33	19.8	24.2	25.3	33	12.1	31.9	26.4	24.2	30.8	19.8	17.6	17.6	16.5	25.3	23.1	33	31.9	27.5	17.6	19.8	24.2	16.5	33	19.8	20.9	29.7	22	15.4	15.4	15.4	16.5	26.4	25.3	25.3	16.5	30.8	23.1	11	27.5	28.6	28.6	11	26.4	29.7	17.6	24.2	19.8	28.6	18.7	11	29.7	26.4	15.4	11	16.5	33	25.3	25.3	27.5	22	14.3	16.5	16.5	24.2	15.4	18.7	30.8	25.3	27.5	15.4	12.1	16.5	11	14.3	30.8	12.1	11	31.9	20.9	13.2	28.6	15.4	29.7	15.4	27.5	14.3	31.9	20.9	26.4	30.8	28.6	25.3	30.8	22	28.6	12.1	26.4	19.8	15.4	11	33	28.6	29.7	17.6	18.7	11	33	17.6	15.4	24.2	30.8	27.5	30.8	12.1	24.2	12.1	31.9	30.8	22	28.6	25.3	29.7	24.2	27.5	22	26.4	24.2	26.4	26.4	13.2	14.3	29.7	19.8	13.2	27.5	22	18.7	16.5	33	17.6	12.1	11	22	11	14.3	20.9	16.5	12.1	33	16.5	11	16.5	26.4	26.4	29.7	30.8	17.6	27.5	13.2	18.7	22	13.2	14.3	24.2	17.6	18.7	13.2	25.3	18.7	11	18.7	13.2	12.1	24.2	25.3	17.6	28.6	25.3	26.4	25.3	13.2	20.9	14.3	22	28.6	29.7	15.4	22	29.7	18.7	25.3	23.1	18.7	23.1	30.8	14.3	16.5	25.3	11	26.4	22	19.8	13.2	27.5	22	19.8	30.8	28.6	13.2	11	20.9	25.3	12.1	31.9	27.5	31.9	13.2	20.9	30.8	25.3	27.5	28.6	13.2	25.3	12.1	23.1	17.6	12.1	13.2	29.7	27.5	14.3	23.1	17.6	15.4	16.5	23.1	23.1	15.4	19.8	25.3	15.4	27.5	33	17.6	16.5	31.9	11	33	18.7	12.1	30.8	15.4	20.9	13.2	28.6	11	27.5	28.6	18.7	15.4	11	28.6	17.6	28.6	30.8	20.9	27.5	19.8	24.2	30.8	16.5	18.7	17.6	20.9	22	15.4	29.7	33	30.8	19.8	27.5	11	15.4	27.5	17.6	28.6	30.8	19.8	18.7	24.2	20.9	30.8	11	27.5	23.1	24.2	31.9	12.1	27.5	16.5	27.5	15.4	16.5	26.4	29.7	14.3	33	29.7	20.9	15.4	26.4	22	11	29.7	19.8	13.2	14.3	24.2	17.6	19.8	17.6	28.6	26.4	14.3	23.1	15.4	22	27.5	15.4	14.3	16.5	17.6	18.7	12.1	20.9	27.5	24.2	22	18.7	30.8	30.8	23.1	11	19.8	27.5	22	22	12.1	12.1	17.6	30.8	14.3	13.2	13.2	19.8	22	28.6	26.4	27.5	11	26.4	15.4	24.2	12.1	13.2	14.3	29.7	15.4	20.9	17.6	31.9	26.4	13.2	25.3	18.7	13.2	25.3	20.9	29.7	26.4	27.5	18.7	13.2	22	20.9	19.8	12.1	13.2	17.6	24.2	20.9	12.1	11	27.5	14.3	16.5	27.5	29.7	20.9	20.9	26.4	11	12.1	11	25.3	14.3	26.4	20.9	13.2	17.6	15.4	33	28.6	30.8	20.9	20.9	15.4	30.8	30.8	33	24.2	24.2	31.9	23.1	25.3	20.9	33	15.4	25.3	27.5	23.1	33	14.3	24.2	14.3	17.6	13.2	22	29.7	12.1	30.8	25.3	27.5	16.5	30.8	23.1	33	28.6	18.7	22	29.7	24.2	24.2	13.2	29.7	30.8	18.7	27.5	31.9	31.9	27.5	25.3	18.7	11	30.8	11	19.8	29.7	11	15.4	12.1	18.7	16.5	12.1	12.1	16.5	26.4	26.4	17.6	30.8	18.7	33	20.9	28.6	16.5	33	28.6	15.4	22	17.6	17.6	19.8	30.8	23.1	13.2	14.3	31.9	14.3	13.2	20.9	30.8	13.2	25.3	29.7	33	33	15.4	24.2	29.7	22	16.5	20.9	25.3	18.7	22	26.4	27.5	19.8	20.9	18.7	19.8	16.5	23.1	27.5	11	29.7	14.3	26.4	13.2	24.2	18.7	14.3	27.5	23.1	16.5	29.7	30.8	29.7	19.8	27.5	29.7	22	26.4	17.6	17.6	27.5	18.7	12.1	23.1	24.2	31.9	16.5	30.8	33	24.2	12.1	15.4	14.3	16.5	24.2	31.9	27.5	19.8	31.9	28.6	26.4	14.3	12.1	24.2	15.4	14.3	27.5	12.1	24.2	15.4	20.9	15.4	28.6	18.7	11	25.3	20.9	24.2	12.1	16.5	22	11	23.1	28.6	13.2	22	31.9	15.4	13.2	19.8	12.1	12.1	29.7	29.7	17.6	33	12.1	16.5	15.4	31.9	31.9	19.8	17.6	23.1	28.6	28.6	15.4	13.2	28.6	11	14.3	22	18.7	33	24.2	18.7	31.9	22	15.4	28.6	27.5	19.8	24.2	16.5	12.1	33	31.9	30.8	15.4	18.7	17.6	25.3	13.2	22	27.5	27.5	28.6	13.2	22	12.1	25.3	16.5	20.9	25.3	14.3	28.6	25.3	19.8	30.8	19.8	29.7	22	24.2	28.6	13.2	22	20.9	19.8	13.2	20.9	25.3	22	15.4	25.3	18.7	26.4	26.4	26.4	26.4	30.8	29.7	30.8	14.3	12.1	13.2	18.7	27.5	31.9	16.5	25.3	25.3	17.6	19.8	25.3	20.9	16.5	27.5	24.2	14.3	22	14.3	19.8	20.9	28.6	15.4	33	28.6	12.1	19.8	14.3	18.7	24.2	20.9	25.3	20.9	30.8	14.3	14.3	24.2	11	25.3	31.9	29.7	12.1	12.1	24.2	23.1	25.3	31.9	12.1	18.7	18.7	20.9	28.6	25.3	30.8	14.3	19.8	19.8	14.3	14.3	25.3	11	19.8	12.1	28.6	20.9	24.2	16.5	12.1	31.9	16.5	16.5	13.2	29.7	24.2	23.1	11	27.5	12.1	11	23.1	29.7	19.8	33	15.4	12.1	11	31.9	28.6	13.2	14.3	11	17.6	23.1	18.7	28.6	19.8	23.1	17.6	13.2	23.1	33	23.1	19.8	33	29.7	26.4	20.9	23.1	23.1	26.4	31.9	31.9	30.8	19.8	12.1	27.5	22	23.1	13.2	23.1	33	27.5	28.6	22	12.1	27.5	25.3	26.4	14.3	12.1	12.1	16.5	25.3	20.9	19.8	18.7	12.1	17.6	28.6	17.6	12.1	17.6	27.5	24.2	13.2	19.8	18.7	22	33	20.9	18.7	30.8	23.1	29.7	29.7	25.3	17.6	13.2	11	33	22	24.2	22	20.9	30.8	20.9	27.5	25.3	17.6	15.4	13.2	27.5	31.9	33	30.8	27.5	23.1	12.1	29.7	12.1	12.1	29.7	23.1	27.5	25.3	33	13.2	11	26.4	24.2	31.9	14.3	19.8	18.7	26.4	27.5	14.3	24.2	29.7	11	24.2	19.8	29.7	20.9	24.2	
25.3	29.7	23.1	33	14.3	24.2	29.7	19.8	11	15.4	14.3	31.9	31.9	15.4	25.3	27.5	25.3	23.1	26.4	23.1	14.3	11	12.1	18.7	27.5	24.2	20.9	14.3	12.1	25.3	18.7	28.6	20.9	29.7	28.6	25.3	31.9	17.6	20.9	28.6	26.4	33	24.2	12.1	25.3	
19	20	15	18	18	10	18	19	10	12	17	11	10	18	15	13	14	20	14	19	18	10	14	13	15	14	19	10	14	15	18	20	19	18	20	17	16	11	10	13	17	14	12	19	11	20	17	16	11	19	11	12	14	20	18	13	11	18	10	10	18	14	11	12	16	12	13	12	12	11	19	16	15	15	18	13	12	19	13	10	15	14	14	16	15	18	19	17	13	16	13	11	18	14	15	18	10	18	17	13	18	13	11	17	11	17	19	16	12	18	20	18	13	12	17	18	18	16	20	10	20	14	13	16	14	17	18	16	14	19	19	18	20	17	17	13	14	20	12	20	11	10	10	10	14	18	19	10	11	17	20	10	10	16	12	15	18	19	17	13	18	11	11	11	10	17	12	20	13	12	10	17	12	18	11	20	15	13	13	10	18	14	11	12	13	12	11	14	16	19	13	17	12	14	15	12	14	15	15	11	12	18	14	10	11	11	18	19	11	14	20	17	19	13	19	17	20	14	11	20	19	14	20	18	15	15	18	13	15	19	19	10	18	17	18	14	17	20	14	17	17	20	15	15	16	15	11	17	16	13	19	19	11	15	12	10	18	13	10	15	16	11	12	14	11	10	20	10	14	14	14	14	10	18	10	19	15	19	12	11	18	16	14	12	16	15	17	19	18	16	15	18	15	20	17	15	10	19	20	18	11	13	19	19	10	20	18	14	16	11	10	14	12	18	15	10	20	16	11	12	16	12	15	10	18	18	13	10	12	10	18	18	13	14	18	20	16	15	16	11	18	19	12	15	20	18	20	14	16	15	20	14	20	19	16	11	10	10	17	20	15	12	20	15	15	13	11	10	18	19	18	10	11	19	19	16	10	13	16	12	20	11	12	20	13	18	12	11	15	14	20	16	19	10	15	20	12	10	18	15	16	11	13	11	13	10	13	17	14	16	17	11	14	13	14	11	16	18	17	14	17	16	18	13	20	19	20	10	10	20	13	18	13	20	15	14	14	20	19	16	14	14	13	12	13	20	13	10	18	18	18	11	17	11	20	11	15	17	19	10	13	18	14	11	12	13	13	14	17	19	10	11	17	20	19	15	14	20	12	14	20	17	16	15	13	18	19	16	10	20	19	14	11	13	17	13	13	19	19	17	19	20	20	12	14	10	19	18	20	20	12	12	13	18	15	14	14	11	17	10	20	10	20	14	16	10	15	19	13	10	14	19	10	11	11	11	19	10	18	11	18	14	19	16	14	14	14	20	14	15	11	16	20	20	10	11	17	13	11	14	19	17	16	13	12	12	14	15	17	12	10	10	18	13	19	12	18	10	20	11	14	16	12	19	16	13	20	14	20	16	18	12	13	17	11	16	18	16	13	16	20	11	16	10	18	11	16	19	14	18	14	18	13	19	18	19	18	20	17	20	19	15	14	13	20	15	17	10	13	15	17	14	20	10	14	19	19	18	17	10	16	11	17	16	11	12	11	12	11	17	19	20	12	16	15	17	14	16	10	19	17	17	10	15	19	11	11	16	13	19	17	19	14	19	14	19	18	10	20	15	14	13	16	19	10	11	10	18	17	16	10	12	18	16	19	10	15	19	20	12	19	13	14	12	17	12	16	13	19	11	10	11	19	16	15	20	12	14	18	10	16	11	11	13	13	11	19	18	15	11	18	10	15	15	15	20	20	17	12	14	17	10	10	19	13	12	12	12	13	17	17	20	10	18	19	14	20	19	12	15	13	16	18	17	12	15	18	13	12	17	19	15	20	20	16	18	14	13	18	19	14	10	10	17	20	15	15	12	20	15	12	20	14	12	15	20	16	13	20	20	10	12	14	10	12	20	10	20	19	14	16	18	15	14	19	18	20	15	11	12	11	13	10	13	13	14	18	18	16	16	12	13	12	12	14	13	16	20	19	11	13	15	10	14	12	11	16	13	10	15	13	12	15	20	13	11	18	15	11	11	12	12	14	12	15	16	18	13	10	17	18	13	15	20	13	16	20	18	20	13	16	15	10	11	13	19	12	11	11	18	11	19	15	18	13	14	14	11	12	13	20	10	15	14	15	12	15	11	10	12	11	15	11	19	10	13	12	10	13	19	14	15	11	17	14	17	16	18	10	18	20	19	13	13	10	14	13	13	17	13	20	17	14	19	14	15	16	19	17	18	15	10	13	13	11	10	18	14	15	20	14	17	17	14	11	15	15	19	20	12	18	13	17	12	14	17	19	14	18	19	12	15	14	14	15	15	14	17	17	15	14	14	12	17	18	11	11	11	19	18	
1	1	1	1	1	1	1	1	1	1	1	1	1	1	1	1	1	1	1	1	1	1	1	1	2	2	2	2	2	2	2	2	2	2	2	2	2	2	2	2	2	2	2	2	2	2	2	2	2	3	3	3	3	3	3	3	3	3	3	3	3	3	3	3	3	3	3	3	3	3	3	3	3	3	3	3	4	4	4	4	4	4	4	4	4	4	4	4	4	4	4	4	4	4	4	4	4	4	4	4	4	5	5	5	5	5	5	5	5	5	5	5	5	5	5	6	6	6	6	6	6	6	6	6	6	6	6	6	6	6	6	6	6	6	6	7	7	7	7	7	7	7	7	7	7	7	7	7	7	7	7	7	7	7	7	7	7	7	7	8	8	8	8	8	8	8	8	8	8	8	8	8	8	8	8	8	8	8	8	8	9	9	9	9	9	9	9	9	9	9	9	9	9	9	9	9	9	9	9	9	10	10	10	10	10	10	10	10	10	10	10	10	10	10	10	10	10	10	10	10	11	11	11	11	11	11	11	11	11	11	11	11	11	11	11	11	11	11	11	11	11	11	11	11	11	11	11	12	12	12	12	12	12	12	12	12	12	12	12	12	12	12	12	12	12	12	12	13	13	13	13	13	13	13	13	13	13	13	13	13	13	13	13	13	14	14	14	14	14	14	14	14	14	14	14	14	14	14	14	14	14	14	14	14	14	15	15	15	15	15	15	15	15	15	15	15	15	15	15	15	15	15	15	15	15	15	15	16	16	16	16	16	16	16	16	16	16	16	16	16	16	16	16	16	16	16	16	16	16	16	16	16	16	17	17	17	17	17	17	17	17	17	17	17	17	17	17	17	17	17	17	18	18	18	18	18	18	18	18	18	18	18	18	18	18	18	18	18	18	18	18	18	18	19	19	19	19	19	19	19	19	19	19	19	19	19	19	19	19	19	19	19	19	19	19	20	20	20	20	20	20	20	20	20	20	20	20	20	20	20	20	20	20	20	20	20	20	20	20	20	20	20	21	21	21	21	21	21	21	21	21	21	21	21	21	21	21	21	21	21	21	21	21	21	21	21	21	21	22	22	22	22	22	22	22	22	22	22	22	22	22	22	22	22	22	22	22	22	22	22	22	23	23	23	23	23	23	23	23	23	23	23	23	23	23	23	23	23	23	23	23	24	24	24	24	24	24	24	24	24	24	24	24	24	24	24	25	25	25	25	25	25	25	25	25	25	25	25	25	25	25	25	25	25	25	25	26	26	26	26	26	26	26	26	26	26	26	26	26	26	26	26	26	26	26	27	27	27	27	27	27	27	27	27	27	27	27	27	27	27	27	27	27	27	27	27	27	27	27	27	27	27	27	28	28	28	28	28	28	28	28	28	28	28	28	28	28	28	29	29	29	29	29	29	29	29	29	29	29	29	29	29	29	29	29	29	29	29	29	29	29	30	30	30	30	30	30	30	30	30	30	30	30	30	30	30	30	30	30	30	30	30	30	30	30	30	30	31	31	31	31	31	31	31	31	31	31	31	31	31	31	31	31	31	31	31	31	31	31	31	32	32	32	32	32	32	32	32	32	32	32	32	32	32	32	32	32	32	32	32	32	32	32	32	32	32	33	33	33	33	33	33	33	33	33	33	33	33	33	33	33	33	34	34	34	34	34	34	34	34	34	34	34	34	34	34	34	34	34	34	34	34	35	35	35	35	35	35	35	35	35	35	35	35	35	35	35	35	35	35	35	35	35	35	35	36	36	36	36	36	36	36	36	36	36	36	36	36	36	36	36	36	36	36	36	36	36	37	37	37	37	37	37	37	37	37	37	37	37	37	37	37	37	37	37	37	37	37	37	37	37	37	37	37	37	37	37	38	38	38	38	38	38	38	38	38	38	38	38	38	38	38	38	38	38	38	38	38	38	39	39	39	39	39	39	39	39	39	39	39	39	39	39	39	39	39	39	39	39	39	39	39	40	40	40	40	40	40	40	40	40	40	40	40	40	40	40	40	40	40	40	40	41	41	41	41	41	41	41	41	41	41	41	41	41	41	41	41	41	41	41	41	41	41	42	42	42	42	42	42	42	42	42	42	42	42	42	42	42	42	42	42	42	42	42	42	42	42	42	42	42	42	42	42	43	43	43	43	43	43	43	43	43	43	43	43	43	43	43	43	43	43	43	43	44	44	44	44	44	44	44	44	44	44	44	44	44	44	44	44	44	44	44	44	44	44	45	45	45	45	45	45	45	45	45	45	45	45	45	45	45	45	45	45	45	45	45	45	45	45	
