1000
30	7
705	18.7
28	29	27	26	29	26	30	27	30	31	28	31	26	28	31	31	31	31	27	26	27	31	28	27	29	29	27	30	31	31	27	28	28	28	27	26	28	27	30	26	30	28	29	30	27	30	26	28	30	28	26	31	26	29	30	26	29	28	30	28	27	27	28	26	29	27	28	28	27	28	30	30	30	26	27	31	27	27	31	30	27	26	27	27	29	27	31	29	26	26	31	26	26	26	29	30	30	27	29	26	28	29	27	28	30	27	28	28	28	28	27	27	31	30	29	27	29	26	31	29	31	30	29	31	26	27	26	31	30	31	29	26	26	31	26	26	28	28	29	29	31	30	27	28	26	31	28	30	26	27	28	30	26	27	29	26	26	26	28	26	29	28	29	30	28	26	31	31	30	29	30	28	28	31	30	30	28	30	26	30	27	29	26	30	31	27	29	27	27	29	26	30	31	28	30	30	29	28	26	28	28	27	26	29	31	30	29	30	29	30	31	30	29	30	31	26	30	27	30	27	30	31	31	27	27	27	30	29	31	30	31	30	29	27	31	28	27	27	26	31	27	27	28	28	29	28	29	30	28	26	30	26	30	30	30	28	30	31	29	27	30	31	26	27	29	30	27	30	29	30	29	29	28	30	31	31	26	29	29	31	31	27	30	26	26	31	26	31	27	30	28	26	30	29	27	30	30	30	30	30	31	28	27	27	27	27	26	27	31	27	29	27	30	29	29	26	27	29	29	29	27	27	30	30	26	27	28	28	26	27	27	28	31	29	29	30	28	27	26	26	27	28	27	27	26	30	29	31	31	31	31	31	27	31	27	27	26	31	31	28	28	29	28	28	29	31	26	27	26	31	28	26	27	31	31	31	28	29	27	28	29	30	27	27	31	27	28	29	31	27	27	29	29	27	29	28	31	30	31	31	26	29	31	26	30	29	27	29	28	28	29	31	26	27	29	31	26	29	29	27	26	27	30	31	31	30	28	26	26	30	30	29	26	30	26	29	28	26	27	29	27	26	29	30	26	28	26	26	30	31	28	31	27	26	28	27	31	29	26	27	28	31	28	28	30	28	30	26	29	28	26	28	30	27	27	31	29	31	30	31	28	27	31	27	27	27	30	29	30	30	28	26	29	31	29	29	30	31	30	26	26	30	30	31	30	31	26	26	28	26	26	29	29	30	31	29	26	28	26	27	30	28	29	28	28	26	29	27	29	30	31	27	27	28	26	31	26	31	30	28	26	26	30	26	27	29	28	30	26	26	31	28	26	26	29	26	26	30	29	28	31	30	29	26	28	30	31	26	31	30	28	30	30	26	29	31	30	31	28	28	30	29	28	26	26	26	29	31	27	31	27	30	29	28	30	27	26	29	28	28	30	27	28	28	28	28	27	29	29	28	30	26	27	30	29	28	31	28	28	31	29	27	26	27	30	30	30	31	26	30	28	31	31	27	29	27	30	27	30	28	28	31	26	31	29	28	27	30	28	28	27	29	28	26	31	28	30	28	28	27	28	30	29	29	27	29	28	27	27	31	27	30	26	26	26	26	26	29	29	26	31	28	29	31	26	27	31	28	26	27	29	27	30	29	30	30	27	30	28	31	30	28	27	26	31	31	31	28	28	26	28	30	31	31	26	26	31	26	26	26	31	31	27	29	28	26	28	26	30	31	26	30	29	28	27	31	27	30	29	29	31	27	27	31	28	26	30	30	26	31	27	31	30	29	27	31	26	28	28	27	31	28	27	28	28	26	28	29	29	30	30	28	26	30	31	28	28	27	27	26	31	27	26	26	30	30	27	28	29	31	27	27	29	31	28	29	31	28	26	26	28	29	31	27	27	27	29	31	27	29	26	27	26	30	30	26	27	30	26	31	28	31	28	26	26	28	30	29	27	30	29	26	26	27	30	30	27	29	26	27	30	28	29	29	26	30	28	27	26	30	30	26	29	31	28	30	27	27	27	29	31	31	29	29	26	27	31	28	29	31	29	27	26	31	31	26	29	26	30	29	26	26	29	31	26	31	28	26	30	27	30	30	26	27	31	28	31	28	30	27	30	31	26	29	26	31	26	27	28	27	26	29	29	28	28	27	26	28	29	26	27	31	27	26	26	31	27	26	27	28	28	26	26	31	30	30	30	31	31	29	29	28	31	28	26	26	26	26	27	29	26	31	27	31	30	31	29	27	31	29	31	28	29	31	26	27	29	29	29	31	30	30	26	26	31	30	29	29	26	28	28	31	29	27	31	31	27	29	29	27	31	27	31	27	30	29	27	27	31	26	
80	82	83	78	77	86	85	78	78	83	94	85	83	93	82	82	83	85	90	90	91	77	88	78	85	81	77	83	82	94	83	89	87	77	76	91	93	87	79	89	77	77	79	84	82	87	82	93	78	85	78	82	84	92	87	90	93	93	89	89	93	77	87	94	83	94	86	77	88	91	86	94	91	91	82	90	85	78	80	76	90	91	94	87	92	83	90	83	82	77	93	93	93	84	84	77	82	83	87	77	83	93	78	76	82	76	80	94	86	78	86	81	82	94	89	90	84	89	78	89	81	78	81	76	81	83	91	88	85	86	76	91	82	84	85	85	93	91	88	80	93	90	88	84	85	76	82	84	85	81	78	79	90	86	93	90	77	77	78	93	81	88	89	83	77	93	80	87	82	91	82	86	86	87	94	87	83	90	83	85	92	93	89	86	81	85	77	88	83	88	92	94	84	78	76	81	82	91	82	81	87	86	83	87	87	85	85	82	93	90	88	86	82	86	92	76	81	85	83	80	90	82	88	76	85	81	81	88	78	77	84	87	85	79	94	89	92	79	79	90	85	80	92	78	79	92	81	91	84	91	76	76	82	94	79	92	80	93	81	88	84	82	80	92	88	86	77	88	77	83	83	80	93	88	94	90	92	80	94	87	77	84	83	81	78	94	87	84	89	83	79	78	89	76	87	90	84	87	76	90	94	89	92	93	86	91	92	76	76	94	77	79	76	92	85	94	90	86	89	87	76	90	93	87	87	87	88	84	85	92	87	86	83	77	90	79	84	93	77	78	92	84	81	76	82	77	80	76	91	76	76	82	93	85	82	93	93	76	84	91	78	82	82	88	84	82	78	88	79	77	83	89	82	89	77	92	77	93	94	78	85	94	93	86	85	79	82	90	93	91	79	81	89	89	77	78	77	80	90	85	89	76	91	90	88	88	83	94	92	92	77	80	82	86	80	84	76	78	83	85	81	86	86	90	84	86	77	79	83	88	82	77	90	87	94	76	94	77	86	82	94	91	89	81	88	83	91	89	83	77	79	91	77	91	94	92	92	86	94	80	77	91	90	90	90	91	76	89	93	82	77	80	94	76	93	79	92	91	93	90	88	88	77	93	79	85	89	92	94	88	79	81	77	91	94	91	83	87	84	90	94	89	91	82	94	88	84	86	82	83	79	78	78	82	87	82	77	81	91	92	87	77	90	91	81	83	77	81	84	89	79	81	88	78	90	79	80	91	89	79	87	81	83	82	84	85	81	85	86	84	81	76	83	81	84	90	83	84	91	86	76	88	88	83	90	86	77	77	83	84	85	88	87	77	88	89	91	82	76	85	78	86	82	90	90	92	87	76	85	77	86	92	78	80	77	83	80	85	85	79	77	88	89	82	76	79	83	91	77	78	80	81	78	94	84	91	76	83	90	78	86	93	77	90	89	77	87	83	76	79	78	80	91	82	82	85	82	77	83	81	89	91	90	83	85	80	77	79	86	92	79	93	80	85	77	85	87	87	86	92	89	93	90	94	78	94	90	90	92	83	81	93	79	93	87	94	86	82	81	94	87	81	79	87	83	88	84	81	87	88	87	78	88	79	88	87	78	77	79	82	85	79	76	76	81	93	77	78	84	85	89	93	85	81	89	84	85	77	91	92	82	80	94	77	77	82	88	88	79	88	84	92	80	86	86	77	78	79	87	86	82	84	80	84	84	77	76	83	79	80	87	84	88	78	79	92	83	81	84	92	92	77	93	88	90	78	87	77	81	82	82	80	92	89	77	94	86	92	89	80	90	77	84	91	85	94	79	82	80	79	90	94	88	93	90	89	89	83	87	91	77	93	87	82	89	81	76	90	88	85	82	89	76	87	77	92	82	83	83	78	82	86	87	84	80	93	91	76	90	84	78	77	89	89	89	90	77	84	90	81	82	90	84	81	81	92	86	92	84	93	81	93	81	76	92	87	77	79	92	87	88	88	85	85	86	94	78	90	87	79	91	76	90	79	86	81	94	85	85	89	77	86	77	81	84	91	83	93	90	85	89	86	88	79	94	94	81	78	83	76	91	79	82	93	82	92	90	84	86	81	86	93	80	90	86	87	79	91	89	90	79	82	77	79	84	90	86	89	92	86	88	77	82	91	76	87	78	92	89	91	90	86	93	92	82	92	89	77	92	82	89	82	80	83	85	79	79	84	81	84	88	87	81	86	79	92	84	81	77	94	78	86	82	79	90	80	92	85	90	81	88	84	93	89	77	79	84	94	88	91	82	76	81	86	79	83	76	82	83	83	
26.4	23.1	29.7	12.1	14.3	19.8	17.6	15.4	26.4	17.6	11	27.5	24.2	24.2	11	19.8	22	22	19.8	11	16.5	24.2	30.8	31.9	26.4	16.5	11	18.7	28.6	25.3	20.9	18.7	15.4	30.8	11	33	15.4	30.8	30.8	23.1	26.4	18.7	15.4	14.3	33	18.7	30.8	31.9	18.7	25.3	14.3	18.7	14.3	15.4	20.9	14.3	31.9	26.4	16.5	23.1	30.8	11	14.3	17.6	14.3	13.2	26.4	19.8	12.1	25.3	14.3	27.5	11	23.1	19.8	15.4	23.1	33	28.6	17.6	11	14.3	26.4	17.6	31.9	14.3	18.7	26.4	14.3	25.3	25.3	11	14.3	20.9	26.4	27.5	29.7	29.7	28.6	19.8	12.1	13.2	27.5	19.8	17.6	16.5	22	26.4	17.6	25.3	22	20.9	18.7	20.9	19.8	20.9	25.3	17.6	15.4	26.4	13.2	23.1	25.3	28.6	25.3	33	26.4	24.2	29.7	26.4	18.7	33	18.7	20.9	17.6	33	23.1	20.9	33	27.5	29.7	25.3	18.7	29.7	11	20.9	25.3	20.9	24.2	27.5	17.6	28.6	13.2	27.5	16.5	12.1	15.4	22	15.4	30.8	30.8	17.6	23.1	14.3	14.3	29.7	29.7	27.5	15.4	22	24.2	26.4	11	22	18.7	22	23.1	33	24.2	31.9	26.4	23.1	26.4	27.5	27.5	11	17.6	29.7	30.8	31.9	27.5	25.3	31.9	26.4	33	13.2	17.6	15.4	25.3	28.6	33	19.8	25.3	30.8	24.2	23.1	11	19.8	16.5	15.4	16.5	28.6	25.3	13.2	13.2	19.8	28.6	11	11	33	18.7	31.9	11	30.8	33	13.2	16.5	26.4	27.5	11	12.1	30.8	22	26.4	19.8	26.4	25.3	23.1	15.4	23.1	18.7	16.5	33	23.1	22	28.6	27.5	15.4	33	15.4	20.9	25.3	18.7	25.3	12.1	28.6	11	29.7	19.8	28.6	30.8	30.8	30.8	22	19.8	14.3	16.5	30.8	23.1	14.3	19.8	31.9	19.8	31.9	20.9	33	16.5	23.1	30.8	30.8	26.4	25.3	18.7	24.2	18.7	25.3	33	25.3	17.6	11	18.7	17.6	20.9	20.9	31.9	15.4	20.9	33	14.3	18.7	25.3	24.2	28.6	17.6	17.6	26.4	28.6	18.7	33	33	27.5	28.6	28.6	23.1	16.5	13.2	14.3	30.8	28.6	23.1	20.9	19.8	28.6	30.8	30.8	17.6	28.6	23.1	26.4	11	26.4	16.5	18.7	15.4	26.4	19.8	23.1	22	28.6	25.3	11	19.8	28.6	14.3	27.5	18.7	13.2	28.6	31.9	23.1	31.9	13.2	33	24.2	11	22	11	15.4	33	30.8	27.5	28.6	29.7	29.7	29.7	16.5	15.4	23.1	26.4	27.5	23.1	18.7	29.7	25.3	11	19.8	14.3	15.4	24.2	23.1	24.2	24.2	14.3	29.7	13.2	31.9	22	23.1	11	30.8	27.5	28.6	33	20.9	24.2	19.8	12.1	31.9	11	19.8	33	33	11	14.3	16.5	33	12.1	15.4	12.1	14.3	11	17.6	26.4	20.9	25.3	28.6	27.5	19.8	30.8	23.1	13.2	15.4	16.5	29.7	24.2	27.5	24.2	31.9	11	12.1	30.8	27.5	30.8	30.8	20.9	33	14.3	28.6	15.4	28.6	19.8	22	31.9	31.9	25.3	27.5	14.3	13.2	25.3	25.3	20.9	27.5	28.6	12.1	29.7	12.1	31.9	15.4	13.2	23.1	29.7	28.6	23.1	11	19.8	15.4	16.5	25.3	31.9	31.9	20.9	26.4	15.4	11	15.4	12.1	26.4	14.3	19.8	28.6	18.7	28.6	11	24.2	30.8	30.8	27.5	15.4	33	16.5	25.3	11	27.5	17.6	11	23.1	25.3	11	15.4	19.8	14.3	23.1	20.9	12.1	11	24.2	26.4	20.9	29.7	13.2	19.8	14.3	28.6	30.8	16.5	22	33	19.8	20.9	26.4	17.6	28.6	16.5	19.8	26.4	24.2	26.4	14.3	31.9	23.1	24.2	11	20.9	31.9	30.8	25.3	20.9	33	12.1	14.3	30.8	29.7	11	19.8	30.8	30.8	31.9	19.8	13.2	25.3	18.7	11	12.1	19.8	28.6	22	23.1	29.7	13.2	25.3	23.1	26.4	18.7	24.2	25.3	22	23.1	19.8	24.2	27.5	30.8	15.4	29.7	23.1	22	33	27.5	23.1	16.5	26.4	13.2	28.6	16.5	13.2	15.4	27.5	13.2	26.4	15.4	17.6	12.1	12.1	27.5	13.2	31.9	23.1	13.2	26.4	16.5	14.3	26.4	29.7	25.3	26.4	23.1	12.1	19.8	23.1	24.2	19.8	19.8	33	15.4	26.4	14.3	22	25.3	15.4	25.3	26.4	12.1	16.5	24.2	16.5	13.2	19.8	23.1	18.7	12.1	11	14.3	22	29.7	31.9	31.9	18.7	24.2	17.6	25.3	15.4	30.8	11	23.1	20.9	29.7	17.6	14.3	20.9	14.3	30.8	30.8	30.8	13.2	12.1	18.7	11	29.7	23.1	27.5	15.4	20.9	29.7	24.2	27.5	24.2	33	16.5	11	15.4	29.7	28.6	12.1	26.4	18.7	18.7	26.4	24.2	33	18.7	25.3	19.8	12.1	20.9	18.7	20.9	29.7	31.9	11	14.3	33	14.3	20.9	18.7	20.9	27.5	33	22	12.1	22	11	23.1	28.6	33	31.9	26.4	13.2	30.8	17.6	18.7	29.7	22	14.3	17.6	30.8	33	17.6	16.5	15.4	30.8	11	12.1	13.2	16.5	33	16.5	16.5	18.7	33	15.4	22	12.1	22	15.4	29.7	13.2	24.2	31.9	31.9	22	27.5	29.7	19.8	27.5	29.7	18.7	26.4	11	18.7	19.8	27.5	13.2	15.4	29.7	11	15.4	16.5	13.2	18.7	25.3	25.3	26.4	33	20.9	16.5	20.9	20.9	13.2	25.3	13.2	29.7	15.4	19.8	18.7	22	27.5	28.6	23.1	33	20.9	11	33	17.6	17.6	15.4	15.4	11	20.9	19.8	31.9	18.7	31.9	24.2	30.8	16.5	27.5	18.7	28.6	19.8	12.1	25.3	18.7	30.8	11	28.6	23.1	29.7	25.3	22	15.4	31.9	25.3	15.4	17.6	18.7	27.5	16.5	11	15.4	22	12.1	15.4	19.8	19.8	27.5	30.8	15.4	20.9	19.8	27.5	28.6	33	26.4	19.8	16.5	13.2	25.3	20.9	30.8	14.3	18.7	27.5	25.3	17.6	27.5	11	15.4	15.4	15.4	27.5	11	11	16.5	13.2	22	17.6	29.7	14.3	33	11	25.3	26.4	11	20.9	12.1	18.7	26.4	26.4	26.4	19.8	16.5	14.3	27.5	28.6	19.8	30.8	24.2	23.1	26.4	18.7	27.5	25.3	12.1	29.7	28.6	14.3	14.3	16.5	31.9	33	14.3	26.4	30.8	19.8	27.5	27.5	31.9	16.5	11	13.2	20.9	20.9	22	13.2	14.3	31.9	22	14.3	17.6	11	11	12.1	16.5	19.8	15.4	12.1	17.6	16.5	28.6	20.9	33	14.3	11	15.4	29.7	24.2	14.3	24.2	19.8	26.4	28.6	12.1	13.2	31.9	15.4	23.1	22	17.6	33	28.6	25.3	19.8	17.6	29.7	26.4	14.3	17.6	26.4	20.9	27.5	12.1	16.5	23.1	13.2	23.1	31.9	27.5	16.5	13.2	15.4	25.3	25.3	27.5	28.6	13.2	25.3	24.2	30.8	13.2	15.4	29.7	14.3	18.7	23.1	16.5	28.6	33	14.3	29.7	12.1	23.1	28.6	17.6	22	25.3	19.8	22	12.1	16.5	18.7	11	18.7	33	19.8	22	25.3	29.7	24.2	16.5	33	25.3	
12.1	15.4	16.5	30.8	18.7	33	20.9	29.7	31.9	33	18.7	28.6	20.9	14.3	12.1	14.3	14.3	15.4	12.1	11	11	28.6	31.9	14.3	15.4	11	27.5	13.2	23.1	19.8	15.4	17.6	17.6	24.2	22	19.8	11	11	29.7	26.4	14.3	33	15.4	31.9	20.9	24.2	19.8	25.3	20.9	19.8	29.7	19.8	20.9	20.9	22	14.3	24.2	11	15.4	15.4	26.4	17.6	31.9	33	33	24.2	27.5	15.4	18.7	12.1	29.7	24.2	30.8	31.9	20.9	22	13.2	19.8	20.9	13.2	16.5	33	31.9	15.4	19.8	30.8	27.5	27.5	29.7	12.1	31.9	13.2	25.3	16.5	14.3	20.9	26.4	30.8	14.3	27.5	19.8	33	31.9	24.2	14.3	12.1	11	29.7	16.5	31.9	16.5	33	25.3	14.3	16.5	14.3	33	15.4	20.9	28.6	24.2	33	12.1	12.1	12.1	17.6	31.9	31.9	16.5	30.8	14.3	30.8	31.9	27.5	26.4	20.9	19.8	30.8	22	19.8	30.8	31.9	18.7	31.9	11	24.2	13.2	29.7	13.2	18.7	14.3	28.6	17.6	15.4	12.1	17.6	11	28.6	25.3	29.7	22	11	23.1	30.8	13.2	22	25.3	14.3	33	27.5	27.5	12.1	16.5	22	11	18.7	27.5	17.6	25.3	25.3	18.7	31.9	29.7	14.3	11	17.6	13.2	26.4	28.6	27.5	19.8	28.6	25.3	27.5	12.1	20.9	28.6	18.7	23.1	31.9	28.6	18.7	29.7	16.5	29.7	29.7	11	17.6	33	20.9	26.4	27.5	28.6	22	20.9	22	15.4	24.2	17.6	24.2	28.6	18.7	24.2	31.9	27.5	31.9	25.3	13.2	15.4	12.1	17.6	28.6	19.8	26.4	29.7	15.4	15.4	24.2	24.2	13.2	15.4	31.9	23.1	25.3	14.3	11	20.9	22	27.5	33	27.5	25.3	27.5	28.6	33	20.9	13.2	13.2	12.1	20.9	33	24.2	17.6	30.8	24.2	31.9	29.7	17.6	14.3	15.4	27.5	24.2	19.8	33	29.7	24.2	31.9	29.7	19.8	16.5	28.6	33	16.5	11	11	29.7	14.3	31.9	25.3	33	28.6	11	17.6	15.4	29.7	11	27.5	29.7	14.3	31.9	15.4	23.1	12.1	19.8	14.3	27.5	27.5	15.4	30.8	20.9	29.7	19.8	16.5	14.3	17.6	30.8	14.3	26.4	17.6	12.1	30.8	20.9	20.9	19.8	14.3	14.3	31.9	13.2	18.7	16.5	23.1	12.1	11	31.9	33	14.3	22	33	18.7	11	25.3	28.6	12.1	15.4	18.7	23.1	33	27.5	24.2	14.3	22	31.9	29.7	12.1	33	29.7	18.7	24.2	25.3	27.5	16.5	14.3	33	28.6	13.2	20.9	16.5	28.6	15.4	28.6	18.7	29.7	26.4	17.6	13.2	31.9	20.9	27.5	17.6	13.2	15.4	13.2	27.5	25.3	28.6	20.9	12.1	31.9	12.1	31.9	18.7	31.9	17.6	24.2	29.7	17.6	24.2	26.4	12.1	15.4	18.7	13.2	11	24.2	30.8	24.2	24.2	22	13.2	18.7	13.2	13.2	19.8	28.6	33	29.7	17.6	25.3	18.7	19.8	14.3	29.7	13.2	33	25.3	33	17.6	33	19.8	14.3	25.3	25.3	29.7	16.5	25.3	26.4	14.3	30.8	17.6	33	28.6	18.7	27.5	33	25.3	29.7	33	19.8	16.5	13.2	14.3	14.3	30.8	29.7	28.6	19.8	20.9	12.1	26.4	27.5	16.5	28.6	19.8	31.9	15.4	15.4	11	25.3	22	12.1	14.3	31.9	14.3	18.7	13.2	18.7	18.7	24.2	30.8	33	12.1	27.5	15.4	16.5	24.2	28.6	15.4	24.2	19.8	25.3	23.1	29.7	23.1	28.6	22	24.2	25.3	29.7	29.7	15.4	23.1	19.8	30.8	12.1	30.8	18.7	25.3	23.1	12.1	13.2	22	19.8	29.7	17.6	19.8	25.3	30.8	26.4	12.1	30.8	28.6	14.3	23.1	19.8	31.9	33	30.8	30.8	26.4	22	33	18.7	11	29.7	26.4	30.8	24.2	20.9	26.4	13.2	18.7	30.8	19.8	13.2	26.4	27.5	30.8	11	30.8	28.6	14.3	22	17.6	14.3	33	14.3	30.8	14.3	23.1	23.1	28.6	22	20.9	27.5	31.9	18.7	23.1	29.7	15.4	16.5	15.4	29.7	28.6	29.7	20.9	33	15.4	18.7	14.3	28.6	15.4	19.8	25.3	20.9	29.7	11	31.9	31.9	28.6	26.4	15.4	30.8	23.1	29.7	29.7	11	28.6	20.9	16.5	15.4	30.8	22	11	26.4	24.2	20.9	28.6	31.9	13.2	25.3	31.9	18.7	19.8	22	12.1	14.3	30.8	12.1	26.4	15.4	33	31.9	26.4	19.8	14.3	19.8	31.9	23.1	24.2	19.8	25.3	13.2	26.4	26.4	18.7	17.6	15.4	27.5	26.4	28.6	31.9	15.4	31.9	33	25.3	16.5	29.7	12.1	12.1	23.1	18.7	23.1	15.4	25.3	23.1	14.3	33	31.9	29.7	13.2	26.4	25.3	13.2	26.4	19.8	24.2	27.5	29.7	27.5	22	16.5	23.1	28.6	31.9	29.7	12.1	25.3	16.5	24.2	12.1	25.3	14.3	22	24.2	28.6	24.2	20.9	26.4	12.1	11	15.4	17.6	13.2	20.9	22	28.6	33	27.5	33	22	14.3	31.9	20.9	33	16.5	26.4	18.7	33	33	24.2	20.9	23.1	30.8	19.8	24.2	17.6	33	30.8	31.9	17.6	31.9	28.6	29.7	25.3	28.6	25.3	17.6	24.2	22	20.9	16.5	25.3	17.6	16.5	30.8	30.8	25.3	31.9	16.5	31.9	12.1	18.7	16.5	15.4	16.5	14.3	12.1	18.7	29.7	23.1	13.2	11	13.2	29.7	14.3	24.2	33	20.9	29.7	24.2	23.1	18.7	13.2	16.5	29.7	24.2	16.5	17.6	18.7	24.2	31.9	17.6	19.8	26.4	23.1	23.1	13.2	14.3	16.5	28.6	13.2	33	13.2	26.4	22	33	24.2	28.6	16.5	14.3	17.6	16.5	23.1	22	22	25.3	17.6	19.8	19.8	17.6	19.8	17.6	30.8	19.8	24.2	33	14.3	11	31.9	19.8	14.3	23.1	11	28.6	11	11	33	30.8	31.9	15.4	12.1	33	20.9	14.3	13.2	19.8	13.2	29.7	28.6	12.1	29.7	27.5	22	26.4	20.9	31.9	27.5	14.3	26.4	19.8	24.2	13.2	17.6	22	12.1	22	15.4	30.8	25.3	22	29.7	33	23.1	33	28.6	24.2	12.1	11	27.5	26.4	33	27.5	30.8	24.2	17.6	14.3	27.5	23.1	18.7	19.8	24.2	18.7	26.4	17.6	20.9	19.8	11	11	33	11	25.3	27.5	13.2	16.5	19.8	25.3	26.4	18.7	19.8	22	16.5	19.8	28.6	25.3	17.6	13.2	13.2	31.9	26.4	24.2	30.8	19.8	23.1	22	33	26.4	14.3	31.9	26.4	25.3	13.2	24.2	16.5	25.3	23.1	20.9	28.6	14.3	30.8	14.3	14.3	15.4	24.2	11	29.7	30.8	27.5	18.7	18.7	15.4	13.2	29.7	28.6	22	15.4	18.7	30.8	22	23.1	28.6	18.7	28.6	22	13.2	19.8	13.2	33	27.5	19.8	14.3	15.4	29.7	11	19.8	27.5	23.1	31.9	14.3	28.6	13.2	12.1	17.6	31.9	20.9	25.3	17.6	27.5	15.4	30.8	15.4	11	26.4	27.5	23.1	11	29.7	30.8	29.7	23.1	19.8	28.6	30.8	28.6	29.7	25.3	30.8	25.3	27.5	29.7	23.1	24.2	13.2	14.3	11	16.5	26.4	28.6	26.4	25.3	16.5	
12.1	13.2	20.9	29.7	24.2	13.2	30.8	18.7	22	19.8	30.8	30.8	12.1	26.4	28.6	12.1	16.5	12.1	13.2	11	17.6	14.3	26.4	18.7	13.2	30.8	11	19.8	31.9	20.9	
20	13	18	17	15	11	20	10	17	12	10	15	11	11	12	13	12	13	18	10	16	10	12	10	12	14	14	12	16	17	18	20	18	10	15	19	11	11	18	15	11	15	13	13	13	17	17	13	15	20	13	11	16	20	13	19	10	19	12	15	14	15	10	19	18	20	19	20	18	14	19	10	17	12	12	12	15	15	10	18	18	10	11	16	15	19	15	18	19	14	17	15	11	17	19	13	17	15	10	17	19	18	18	14	17	14	18	20	17	14	19	20	10	12	10	10	18	14	16	12	16	11	17	17	11	19	16	12	13	12	17	20	18	10	14	20	18	17	10	18	16	13	20	15	11	10	11	19	12	16	17	20	17	11	20	14	20	17	13	18	19	13	12	18	10	18	12	10	10	12	11	11	18	10	12	17	16	15	10	20	17	18	15	16	11	13	19	16	16	18	18	14	17	16	16	11	16	10	19	19	19	20	18	11	18	20	18	11	11	16	15	14	18	20	11	10	14	16	12	11	10	19	12	18	11	12	19	20	11	13	13	18	10	20	12	12	15	10	17	11	13	19	18	20	17	16	19	19	13	13	12	12	12	14	14	11	20	19	14	15	16	12	14	13	17	12	18	15	19	16	18	13	18	13	20	17	10	11	20	18	10	12	18	19	14	15	11	12	17	13	14	13	13	14	14	13	14	20	14	18	11	10	11	12	19	12	19	20	20	20	16	16	13	11	13	19	10	18	20	17	10	16	11	15	12	18	15	10	15	11	10	16	13	10	13	15	11	10	18	15	13	14	11	18	13	10	10	18	17	14	20	11	13	14	10	14	10	17	15	13	20	10	16	20	18	16	16	17	17	11	18	15	11	14	14	15	19	16	12	13	14	18	20	14	17	20	17	10	11	12	19	19	12	19	10	13	12	17	19	19	16	15	11	10	17	11	16	11	10	12	18	16	16	18	11	20	14	20	18	13	12	14	12	14	13	20	18	19	14	14	10	19	16	18	20	20	10	11	11	13	12	16	10	13	18	10	11	17	17	14	19	20	13	12	18	14	13	10	17	11	10	17	19	10	17	13	18	11	13	11	12	15	10	16	13	14	17	19	15	10	17	20	12	19	12	14	16	12	14	13	18	19	18	16	10	13	14	15	20	17	18	18	16	12	15	20	12	13	16	18	17	15	10	15	18	18	20	14	13	11	15	12	13	14	13	14	14	10	20	11	12	18	14	14	19	12	11	12	18	12	13	13	17	12	10	10	12	19	13	12	10	13	14	14	20	18	17	13	11	15	20	18	11	12	20	16	17	13	11	11	19	14	12	14	14	16	13	19	12	17	18	15	11	10	10	12	11	10	18	16	15	16	15	11	15	12	18	15	18	16	18	20	20	11	13	14	14	13	19	14	19	10	20	12	15	10	12	16	17	19	17	15	11	20	13	10	12	15	14	20	20	20	11	11	17	17	19	18	10	13	19	16	20	12	11	13	13	12	19	20	12	16	20	19	19	16	18	14	11	17	12	10	14	12	12	16	14	14	13	16	11	10	16	14	16	17	11	10	14	16	16	12	15	13	13	20	14	18	13	13	18	17	15	20	15	14	17	16	11	14	18	18	20	20	16	16	14	20	10	15	17	16	11	12	11	11	12	17	13	19	12	20	15	16	14	17	17	13	20	19	16	12	17	12	20	14	17	11	19	18	12	13	19	18	17	15	11	17	11	18	10	17	19	12	16	19	17	13	20	10	19	11	11	16	20	14	16	20	12	11	18	11	10	17	14	15	14	12	18	12	19	13	18	20	18	18	15	20	14	19	12	20	11	10	19	10	13	17	14	20	15	16	16	11	10	17	20	18	11	12	16	14	20	18	13	12	18	13	13	20	17	13	20	13	19	13	19	17	13	17	14	13	19	12	16	18	18	18	20	17	20	19	19	18	16	17	16	10	17	15	12	20	18	18	18	13	20	12	11	10	10	20	14	11	20	15	15	19	11	14	15	15	15	14	18	10	15	13	13	14	18	16	15	14	17	14	17	12	15	14	17	18	12	11	10	19	18	11	17	18	13	13	14	17	15	10	15	20	18	13	20	20	17	19	20	19	17	11	15	13	12	20	14	11	18	20	17	16	12	13	13	16	13	20	18	10	13	12	14	15	18	16	16	15	11	11	16	14	13	20	12	18	19	11	16	18	18	15	19	15	12	16	11	17	19	19	12	20	20	15	20	10	14	10	20	13	20	14	12	15	15	20	10	10	18	19	14	14	16	12	19	14	10	11	12	14	18	20	16	17	
1	1	1	1	1	1	1	1	1	1	1	1	1	1	1	1	1	1	1	1	1	1	1	1	1	1	1	1	1	1	1	1	1	1	1	1	1	1	1	2	2	2	2	2	2	2	2	2	2	2	2	2	2	2	2	2	2	2	2	2	2	2	2	2	2	2	2	2	2	3	3	3	3	3	3	3	3	3	3	3	3	3	3	3	3	3	3	3	3	3	3	3	3	3	3	3	3	3	3	3	3	3	3	4	4	4	4	4	4	4	4	4	4	4	4	4	4	4	4	4	4	4	4	4	4	4	4	4	4	4	4	4	4	4	4	4	4	4	4	5	5	5	5	5	5	5	5	5	5	5	5	5	5	5	5	5	5	5	5	5	5	5	5	5	5	5	5	5	5	5	5	5	5	5	5	5	5	5	6	6	6	6	6	6	6	6	6	6	6	6	6	6	6	6	6	6	6	6	6	6	6	6	6	6	6	6	6	6	6	7	7	7	7	7	7	7	7	7	7	7	7	7	7	7	7	7	7	7	7	7	7	7	7	7	7	7	7	7	7	7	7	7	7	7	7	7	7	7	7	8	8	8	8	8	8	8	8	8	8	8	8	8	8	8	8	8	8	8	8	8	8	8	9	9	9	9	9	9	9	9	9	9	9	9	9	9	9	9	9	9	9	9	9	9	9	9	9	9	9	9	9	9	9	9	9	9	9	9	9	9	9	10	10	10	10	10	10	10	10	10	10	10	10	10	10	10	10	10	10	10	10	10	10	10	10	10	10	10	10	10	10	10	10	10	10	10	10	10	10	11	11	11	11	11	11	11	11	11	11	11	11	11	11	11	11	11	11	11	11	11	11	11	11	11	11	11	11	11	12	12	12	12	12	12	12	12	12	12	12	12	12	12	12	12	12	12	12	12	12	12	12	12	12	12	13	13	13	13	13	13	13	13	13	13	13	13	13	13	13	13	13	13	13	13	13	13	13	13	13	14	14	14	14	14	14	14	14	14	14	14	14	14	14	14	14	14	14	14	14	14	14	14	14	14	15	15	15	15	15	15	15	15	15	15	15	15	15	15	15	15	15	15	15	15	15	15	15	15	15	15	15	15	15	15	16	16	16	16	16	16	16	16	16	16	16	16	16	16	16	16	16	16	16	16	16	16	16	16	16	16	16	16	16	16	16	16	16	16	16	16	16	16	16	16	16	16	16	17	17	17	17	17	17	17	17	17	17	17	17	17	17	17	17	17	17	17	17	17	17	17	17	17	17	17	17	17	17	17	17	17	17	17	17	18	18	18	18	18	18	18	18	18	18	18	18	18	18	18	18	18	18	18	18	18	18	18	18	18	18	18	18	18	18	18	19	19	19	19	19	19	19	19	19	19	19	19	19	19	19	19	19	19	19	19	19	19	19	19	19	19	19	19	19	19	19	19	19	19	19	19	19	19	19	19	19	19	20	20	20	20	20	20	20	20	20	20	20	20	20	20	20	20	20	20	20	20	20	20	20	20	20	20	20	20	20	20	20	20	20	20	20	20	21	21	21	21	21	21	21	21	21	21	21	21	21	21	21	21	21	21	21	21	21	21	21	21	21	21	21	21	21	21	21	21	21	21	22	22	22	22	22	22	22	22	22	22	22	22	22	22	22	22	22	22	22	22	22	22	22	22	22	22	22	22	22	22	22	22	22	22	22	22	22	23	23	23	23	23	23	23	23	23	23	23	23	23	23	23	23	23	23	23	23	23	23	23	23	23	23	23	23	23	23	23	24	24	24	24	24	24	24	24	24	24	24	24	24	24	24	24	24	24	24	24	24	24	24	24	25	25	25	25	25	25	25	25	25	25	25	25	25	25	25	25	25	25	25	25	25	25	25	25	25	25	25	26	26	26	26	26	26	26	26	26	26	26	26	26	26	26	26	26	26	26	26	26	26	26	26	26	26	26	26	26	26	26	27	27	27	27	27	27	27	27	27	27	27	27	27	27	27	27	27	27	27	27	27	27	27	27	27	27	27	27	27	27	27	27	27	27	27	27	28	28	28	28	28	28	28	28	28	28	28	28	28	28	28	28	28	28	28	28	28	28	28	28	28	28	28	28	28	28	28	28	28	28	28	28	29	29	29	29	29	29	29	29	29	29	29	29	29	29	29	29	29	29	29	29	29	29	29	29	29	29	29	29	29	29	29	29	29	29	29	29	29	29	29	29	29	29	30	30	30	30	30	30	30	30	30	30	30	30	30	30	30	30	30	30	30	30	30	30	30	30	30	30	30	30	30	30	
