1000
45	9
488	27.5
28	27	30	29	27	27	30	28	28	31	29	26	30	28	30	27	28	30	27	26	31	28	28	27	30	27	30	30	26	31	29	30	31	26	30	27	30	31	27	26	31	27	28	29	27	30	29	27	29	26	30	28	26	26	28	28	26	28	26	27	26	30	27	28	30	26	28	30	28	29	31	31	28	28	26	31	29	31	27	27	31	30	31	26	26	31	27	28	26	29	31	27	29	31	28	30	30	26	28	26	28	31	31	26	30	29	26	31	29	26	31	31	31	30	28	30	31	31	31	30	30	29	26	27	27	31	31	29	30	29	29	26	30	31	29	30	27	28	27	28	31	30	31	26	30	28	30	27	29	27	27	28	26	31	27	28	27	27	28	28	30	27	28	30	29	29	26	31	30	29	26	31	27	28	31	27	28	26	29	26	31	26	27	26	28	29	29	26	26	26	30	30	27	26	28	27	27	28	27	31	27	29	29	29	29	31	29	31	26	29	29	26	29	31	31	26	30	29	29	26	26	29	31	29	31	26	31	28	27	29	31	27	31	30	31	26	29	29	28	30	31	28	27	28	29	29	31	26	26	31	26	29	28	26	26	27	26	27	27	29	29	28	26	27	29	26	30	28	30	31	26	28	30	27	30	31	30	27	26	30	28	26	28	29	28	30	27	31	27	30	26	31	26	30	31	30	29	26	31	30	31	28	29	26	29	27	26	31	30	26	29	30	27	27	26	31	30	27	28	31	26	26	29	27	27	27	30	27	26	28	28	27	28	28	27	31	31	31	28	29	27	31	28	29	31	27	28	28	31	29	26	30	26	30	30	28	29	28	26	27	27	30	26	26	26	31	28	26	29	30	31	26	31	28	26	26	26	28	26	27	26	28	29	27	27	27	27	26	31	29	26	29	26	29	31	31	27	28	29	30	31	26	27	30	26	28	27	31	31	31	29	30	31	30	31	31	28	29	28	30	29	27	26	31	31	31	29	28	28	31	30	26	27	29	26	29	29	26	26	27	30	30	27	27	26	30	29	26	27	30	31	31	28	28	29	28	31	28	27	27	26	31	27	30	28	30	31	27	30	29	27	29	29	31	27	27	31	31	27	29	31	26	28	30	31	27	30	29	27	28	31	29	29	29	27	31	27	28	28	29	26	29	29	30	30	29	30	30	30	29	27	28	28	31	31	29	30	29	30	29	26	29	28	27	29	31	30	26	28	31	26	26	31	27	27	31	27	31	27	28	30	31	27	27	27	31	28	29	26	27	26	26	30	28	30	31	27	26	31	30	31	29	27	27	27	27	28	27	27	29	29	26	30	30	30	26	29	30	27	28	28	31	30	31	29	29	26	30	26	27	31	30	28	26	28	28	26	31	30	28	28	29	31	27	31	28	31	26	30	29	28	27	29	27	28	29	29	27	31	26	29	30	30	30	28	27	28	31	31	27	27	29	27	26	27	26	31	29	31	28	28	26	26	28	27	27	27	28	31	27	29	31	26	31	30	27	31	26	29	28	29	28	29	28	30	30	31	30	30	29	28	28	31	27	31	28	26	31	27	26	27	31	30	30	28	26	30	27	30	29	29	30	31	28	28	26	27	31	30	28	29	27	27	28	30	31	27	27	26	27	30	29	29	30	30	29	29	26	30	28	28	28	26	28	31	31	27	29	30	31	26	30	26	27	27	31	28	26	29	31	28	27	26	31	28	27	29	26	30	30	28	31	31	26	26	27	29	29	28	26	29	26	28	29	26	28	30	29	27	26	26	30	29	26	30	31	30	26	31	31	26	31	30	29	28	30	30	27	27	27	27	26	30	31	27	26	27	28	27	27	30	29	27	27	30	30	31	28	27	28	28	26	26	26	29	27	26	28	27	29	28	26	30	26	30	29	30	30	30	30	29	26	26	29	27	31	28	30	28	26	27	28	31	28	28	30	27	27	27	30	30	27	26	27	28	30	27	26	29	26	28	31	27	27	28	28	26	28	27	29	28	30	28	30	29	30	26	27	29	28	31	30	26	30	30	30	28	31	27	28	29	26	28	29	29	29	29	27	28	30	28	29	27	26	26	27	30	31	27	30	26	27	30	30	26	30	26	30	28	30	27	27	26	28	26	31	28	30	31	29	30	27	27	31	29	31	26	27	26	28	26	27	27	29	27	29	30	26	27	29	27	31	28	30	26	28	31	29	30	30	26	29	26	29	30	26	30	31	27	31	31	27	30	26	26	26	28	26	27	29	29	30	26	30	26	26	28	28	30	28	28	26	26	26	27	30	28	27	26	29	
91	85	76	85	83	84	79	81	85	76	86	86	78	89	83	82	84	90	94	81	89	91	93	76	79	89	92	92	89	81	84	77	92	90	88	91	87	90	94	81	94	90	90	78	84	86	77	76	81	84	80	93	76	90	93	93	90	83	90	86	82	81	81	91	82	89	87	92	89	91	84	87	83	87	86	86	90	85	89	90	79	79	87	87	86	94	83	78	94	80	88	91	76	88	84	91	83	88	77	79	76	79	91	88	94	90	78	92	81	79	84	92	79	94	76	83	87	84	81	90	93	77	94	84	80	84	79	87	87	85	81	85	91	82	81	79	91	83	92	91	87	81	87	79	78	80	80	76	81	77	85	83	87	85	80	80	87	80	84	81	79	76	87	79	83	93	78	87	83	79	76	88	86	79	92	77	79	87	86	94	92	83	87	89	90	79	83	94	86	92	82	91	79	80	83	89	77	77	80	78	81	93	83	94	93	91	88	93	86	94	84	81	84	76	78	88	93	80	94	78	84	87	92	76	84	86	94	92	83	92	89	77	78	85	84	91	88	84	92	81	84	92	88	86	91	84	93	86	94	93	82	80	83	77	89	81	79	82	90	87	85	82	88	94	83	83	83	89	85	80	80	94	84	94	90	87	77	89	91	94	92	90	85	91	86	80	85	77	88	86	82	85	93	89	79	83	94	78	79	93	87	93	94	80	90	90	91	81	78	88	89	84	88	80	83	94	82	84	83	78	80	89	92	92	78	94	86	80	92	81	82	80	79	82	90	90	83	77	79	76	79	80	88	83	86	76	93	80	94	78	83	88	88	79	91	79	94	92	89	90	92	82	91	90	85	86	89	78	92	82	87	90	82	84	87	89	88	79	93	90	90	83	87	86	76	86	87	86	85	89	90	90	78	93	80	76	79	79	78	87	87	76	90	89	85	93	89	94	94	88	92	85	76	78	76	77	80	77	81	81	83	85	91	83	85	78	82	90	78	82	77	90	85	79	80	82	80	82	76	89	76	79	86	90	83	76	81	83	90	90	77	89	83	92	88	91	81	92	82	78	81	90	88	90	90	89	85	93	94	76	89	76	77	90	82	93	89	89	87	87	78	82	94	92	85	92	86	84	91	88	83	91	76	76	78	83	88	89	94	81	77	79	88	85	80	94	84	86	91	93	79	79	87	91	80	93	85	81	88	85	88	85	86	76	93	81	86	89	77	92	80	94	86	85	94	80	93	79	92	90	86	85	79	78	76	92	78	77	94	78	93	89	91	78	91	79	76	77	93	80	82	92	79	84	86	79	90	82	77	78	82	86	77	88	86	76	76	89	78	91	77	87	77	87	89	83	93	88	77	89	80	91	84	85	80	88	77	93	94	79	85	88	86	89	83	77	78	78	87	84	90	80	91	85	77	78	79	91	91	80	84	87	94	89	90	87	84	89	91	88	84	86	78	86	94	94	82	84	87	79	80	89	83	85	77	94	81	85	80	94	86	78	90	86	82	94	94	90	84	84	90	87	94	88	87	77	84	77	88	87	79	86	89	92	86	82	85	76	77	77	91	76	81	94	86	89	91	81	81	81	93	87	79	87	86	84	81	90	88	79	81	89	92	90	85	88	90	93	80	85	84	86	79	83	81	76	76	80	87	78	90	88	84	90	80	85	93	81	93	90	84	84	88	77	90	80	92	90	83	93	91	86	76	83	80	78	84	86	76	87	84	89	78	77	94	85	78	81	85	82	85	89	81	92	92	93	80	78	94	92	83	86	79	92	92	83	77	85	85	76	81	83	85	91	93	91	80	76	77	88	81	90	79	94	89	80	87	89	86	94	84	90	93	88	87	93	86	94	88	80	79	82	85	85	82	85	89	93	81	86	88	81	82	94	94	86	86	91	93	83	87	94	86	76	94	78	76	83	84	87	89	85	86	84	90	85	77	87	87	82	83	90	80	81	77	78	88	86	81	88	77	84	80	83	85	81	84	85	77	77	81	79	82	86	81	82	78	84	84	80	85	91	77	89	88	89	91	93	94	76	81	84	92	76	86	84	89	91	85	77	77	80	90	83	81	83	85	92	90	88	93	93	90	94	76	88	81	94	87	82	89	77	84	85	85	88	89	78	80	78	90	88	90	89	86	91	85	77	85	90	84	89	77	88	85	87	83	78	77	82	80	92	76	76	84	81	77	77	76	93	78	87	77	79	81	85	84	81	77	90	82	92	90	89	76	94	82	89	77	92	80	76	89	81	79	85	91	78	82	93	90	91	89	93	94	79	77	94	87	82	
30.8	30.8	26.4	22	23.1	25.3	16.5	23.1	11	19.8	18.7	22	27.5	19.8	13.2	28.6	16.5	23.1	13.2	24.2	19.8	29.7	13.2	17.6	24.2	16.5	16.5	25.3	11	29.7	25.3	16.5	25.3	24.2	20.9	20.9	18.7	11	33	29.7	14.3	19.8	28.6	26.4	24.2	25.3	29.7	12.1	28.6	27.5	26.4	20.9	14.3	25.3	16.5	18.7	22	15.4	29.7	11	27.5	28.6	24.2	31.9	30.8	22	29.7	17.6	23.1	13.2	14.3	16.5	15.4	18.7	24.2	28.6	22	14.3	30.8	33	11	25.3	23.1	28.6	17.6	17.6	31.9	31.9	18.7	27.5	33	20.9	33	15.4	25.3	13.2	29.7	11	27.5	12.1	33	16.5	20.9	14.3	27.5	26.4	26.4	30.8	13.2	18.7	30.8	13.2	25.3	19.8	23.1	29.7	29.7	20.9	11	11	27.5	24.2	23.1	23.1	17.6	31.9	14.3	27.5	31.9	15.4	26.4	29.7	24.2	22	20.9	25.3	14.3	31.9	15.4	30.8	12.1	14.3	27.5	24.2	25.3	31.9	33	30.8	17.6	31.9	14.3	29.7	17.6	17.6	31.9	23.1	30.8	18.7	31.9	12.1	15.4	12.1	30.8	11	18.7	24.2	30.8	14.3	20.9	20.9	12.1	22	26.4	26.4	14.3	16.5	28.6	23.1	24.2	24.2	24.2	29.7	22	22	13.2	16.5	22	16.5	25.3	29.7	17.6	16.5	18.7	11	14.3	14.3	30.8	23.1	17.6	13.2	13.2	20.9	13.2	29.7	25.3	31.9	12.1	25.3	16.5	16.5	18.7	27.5	18.7	16.5	27.5	19.8	31.9	31.9	13.2	27.5	17.6	25.3	19.8	25.3	11	29.7	31.9	13.2	29.7	22	18.7	28.6	27.5	25.3	20.9	18.7	15.4	24.2	19.8	27.5	15.4	31.9	19.8	26.4	18.7	22	23.1	11	28.6	24.2	31.9	31.9	18.7	15.4	14.3	12.1	22	19.8	24.2	27.5	14.3	30.8	26.4	33	25.3	17.6	19.8	22	12.1	14.3	24.2	19.8	31.9	29.7	16.5	19.8	15.4	23.1	19.8	29.7	28.6	20.9	23.1	19.8	33	19.8	17.6	23.1	15.4	14.3	12.1	16.5	19.8	14.3	27.5	12.1	18.7	17.6	23.1	29.7	14.3	23.1	17.6	12.1	11	23.1	13.2	25.3	31.9	27.5	16.5	30.8	13.2	16.5	18.7	16.5	17.6	14.3	18.7	20.9	11	19.8	28.6	13.2	13.2	22	13.2	30.8	19.8	25.3	13.2	25.3	30.8	20.9	22	24.2	23.1	12.1	31.9	31.9	30.8	22	14.3	25.3	25.3	20.9	24.2	23.1	27.5	23.1	16.5	15.4	26.4	22	25.3	23.1	14.3	13.2	16.5	14.3	16.5	26.4	13.2	25.3	25.3	30.8	19.8	18.7	27.5	12.1	23.1	27.5	19.8	13.2	19.8	14.3	14.3	12.1	14.3	14.3	16.5	31.9	23.1	23.1	23.1	31.9	14.3	28.6	33	12.1	20.9	11	11	23.1	27.5	14.3	16.5	23.1	16.5	30.8	26.4	12.1	24.2	24.2	13.2	20.9	27.5	30.8	11	33	20.9	13.2	15.4	15.4	28.6	18.7	17.6	15.4	23.1	22	26.4	20.9	12.1	23.1	29.7	24.2	19.8	11	27.5	14.3	31.9	25.3	24.2	22	11	13.2	11	29.7	20.9	18.7	20.9	17.6	23.1	19.8	19.8	15.4	29.7	16.5	33	25.3	11	11	12.1	23.1	25.3	16.5	27.5	15.4	24.2	31.9	29.7	12.1	14.3	15.4	30.8	15.4	33	19.8	17.6	22	31.9	19.8	25.3	13.2	33	23.1	12.1	19.8	13.2	17.6	25.3	22	25.3	26.4	27.5	25.3	23.1	30.8	26.4	24.2	20.9	28.6	23.1	16.5	12.1	17.6	31.9	15.4	16.5	13.2	23.1	31.9	18.7	33	12.1	31.9	26.4	24.2	28.6	27.5	30.8	11	18.7	15.4	18.7	15.4	12.1	13.2	14.3	24.2	28.6	31.9	29.7	31.9	33	28.6	20.9	30.8	26.4	13.2	14.3	16.5	28.6	24.2	13.2	30.8	16.5	22	14.3	25.3	23.1	29.7	33	17.6	26.4	24.2	29.7	28.6	11	23.1	13.2	13.2	26.4	29.7	22	16.5	20.9	12.1	15.4	18.7	20.9	25.3	11	14.3	26.4	22	30.8	24.2	15.4	28.6	27.5	27.5	22	12.1	19.8	31.9	23.1	18.7	13.2	15.4	22	16.5	15.4	28.6	29.7	28.6	13.2	12.1	25.3	28.6	23.1	13.2	17.6	25.3	14.3	23.1	15.4	29.7	17.6	20.9	18.7	17.6	27.5	15.4	16.5	15.4	20.9	17.6	24.2	14.3	30.8	11	22	20.9	31.9	19.8	33	20.9	27.5	17.6	12.1	28.6	11	19.8	30.8	28.6	15.4	12.1	22	28.6	31.9	11	17.6	33	16.5	13.2	15.4	30.8	26.4	15.4	16.5	14.3	16.5	25.3	30.8	19.8	15.4	20.9	19.8	20.9	29.7	33	14.3	30.8	13.2	11	19.8	14.3	16.5	12.1	22	31.9	17.6	14.3	12.1	26.4	23.1	22	23.1	23.1	19.8	12.1	14.3	29.7	17.6	33	20.9	26.4	25.3	30.8	25.3	23.1	28.6	11	23.1	30.8	22	18.7	17.6	19.8	17.6	14.3	14.3	23.1	13.2	17.6	17.6	18.7	23.1	14.3	22	25.3	18.7	19.8	23.1	29.7	28.6	25.3	14.3	31.9	28.6	15.4	26.4	20.9	12.1	18.7	19.8	22	14.3	12.1	19.8	28.6	20.9	11	12.1	20.9	24.2	28.6	31.9	16.5	31.9	19.8	13.2	18.7	33	11	18.7	12.1	22	18.7	19.8	17.6	28.6	26.4	12.1	31.9	11	27.5	20.9	25.3	16.5	25.3	24.2	12.1	23.1	16.5	24.2	15.4	28.6	30.8	19.8	24.2	20.9	30.8	17.6	11	11	26.4	13.2	24.2	14.3	22	27.5	12.1	18.7	22	25.3	17.6	31.9	17.6	24.2	26.4	30.8	16.5	28.6	29.7	27.5	19.8	23.1	24.2	12.1	11	15.4	12.1	14.3	22	29.7	14.3	14.3	25.3	16.5	13.2	16.5	20.9	18.7	29.7	19.8	29.7	16.5	15.4	16.5	33	19.8	33	17.6	13.2	14.3	24.2	18.7	20.9	27.5	24.2	13.2	27.5	28.6	22	18.7	29.7	33	18.7	22	20.9	18.7	26.4	24.2	30.8	33	13.2	22	27.5	19.8	15.4	16.5	28.6	16.5	26.4	24.2	24.2	20.9	33	30.8	12.1	20.9	19.8	24.2	18.7	31.9	12.1	29.7	27.5	30.8	31.9	24.2	26.4	24.2	23.1	11	33	19.8	14.3	20.9	30.8	28.6	13.2	23.1	26.4	14.3	26.4	33	30.8	30.8	14.3	30.8	18.7	14.3	19.8	30.8	29.7	13.2	19.8	11	16.5	24.2	13.2	19.8	19.8	18.7	13.2	16.5	27.5	17.6	26.4	11	24.2	12.1	20.9	18.7	15.4	17.6	26.4	25.3	23.1	20.9	31.9	23.1	24.2	27.5	12.1	28.6	27.5	23.1	28.6	15.4	14.3	17.6	24.2	16.5	22	17.6	16.5	28.6	22	29.7	14.3	14.3	19.8	20.9	20.9	14.3	12.1	30.8	20.9	12.1	26.4	20.9	30.8	16.5	11	13.2	11	28.6	13.2	20.9	27.5	19.8	11	15.4	18.7	24.2	28.6	26.4	28.6	19.8	14.3	24.2	24.2	30.8	29.7	27.5	19.8	33	11	20.9	26.4	20.9	13.2	17.6	19.8	11	20.9	12.1	33	17.6	24.2	33	29.7	25.3	17.6	19.8	16.5	20.9	20.9	20.9	31.9	16.5	12.1	15.4	33	29.7	23.1	
33	17.6	29.7	16.5	20.9	13.2	17.6	28.6	12.1	20.9	20.9	16.5	23.1	31.9	22	33	15.4	29.7	29.7	18.7	14.3	23.1	25.3	25.3	24.2	29.7	16.5	30.8	33	23.1	23.1	15.4	22	25.3	23.1	30.8	15.4	22	16.5	11	25.3	17.6	12.1	30.8	11	29.7	14.3	17.6	24.2	13.2	26.4	19.8	23.1	29.7	14.3	23.1	26.4	22	26.4	27.5	20.9	13.2	20.9	17.6	16.5	15.4	30.8	11	20.9	28.6	24.2	23.1	20.9	23.1	13.2	26.4	22	28.6	13.2	12.1	30.8	30.8	15.4	15.4	14.3	15.4	15.4	14.3	18.7	26.4	25.3	23.1	26.4	16.5	30.8	13.2	25.3	22	28.6	11	19.8	19.8	13.2	12.1	19.8	29.7	26.4	29.7	12.1	27.5	20.9	26.4	15.4	11	18.7	14.3	12.1	25.3	17.6	27.5	14.3	16.5	29.7	25.3	15.4	31.9	12.1	33	24.2	28.6	23.1	20.9	31.9	12.1	27.5	15.4	19.8	16.5	22	29.7	24.2	25.3	13.2	27.5	25.3	23.1	11	26.4	22	17.6	26.4	16.5	16.5	28.6	12.1	30.8	25.3	11	28.6	17.6	13.2	17.6	31.9	24.2	12.1	27.5	25.3	31.9	28.6	19.8	25.3	11	33	22	20.9	17.6	14.3	17.6	17.6	28.6	14.3	25.3	18.7	24.2	27.5	11	19.8	11	31.9	28.6	11	13.2	20.9	12.1	17.6	14.3	15.4	33	24.2	17.6	29.7	26.4	24.2	29.7	24.2	26.4	28.6	29.7	14.3	24.2	29.7	31.9	27.5	19.8	31.9	15.4	30.8	25.3	28.6	16.5	23.1	31.9	16.5	11	18.7	23.1	28.6	31.9	15.4	26.4	17.6	13.2	18.7	27.5	11	16.5	20.9	29.7	17.6	23.1	17.6	28.6	17.6	31.9	14.3	31.9	29.7	27.5	14.3	28.6	18.7	25.3	23.1	26.4	15.4	33	27.5	29.7	31.9	19.8	20.9	33	28.6	26.4	29.7	23.1	14.3	12.1	25.3	23.1	31.9	26.4	31.9	14.3	15.4	15.4	33	12.1	19.8	22	22	24.2	22	11	27.5	12.1	31.9	18.7	18.7	13.2	23.1	27.5	11	14.3	17.6	19.8	26.4	14.3	31.9	26.4	19.8	31.9	23.1	31.9	30.8	16.5	31.9	27.5	29.7	17.6	27.5	12.1	20.9	27.5	33	22	24.2	13.2	22	31.9	28.6	25.3	22	22	26.4	14.3	27.5	20.9	27.5	26.4	15.4	26.4	19.8	20.9	16.5	13.2	16.5	19.8	30.8	22	31.9	14.3	33	23.1	11	22	19.8	17.6	20.9	30.8	14.3	20.9	31.9	14.3	29.7	22	28.6	22	25.3	15.4	27.5	24.2	29.7	33	15.4	25.3	11	28.6	26.4	23.1	24.2	27.5	30.8	15.4	29.7	20.9	29.7	23.1	15.4	23.1	12.1	30.8	13.2	30.8	22	19.8	11	12.1	23.1	25.3	11	15.4	27.5	20.9	23.1	13.2	20.9	25.3	13.2	17.6	17.6	29.7	15.4	20.9	25.3	22	25.3	20.9	27.5	24.2	33	14.3	28.6	15.4	16.5	18.7	33	19.8	29.7	29.7	28.6	19.8	11	16.5	16.5	12.1	24.2	28.6	15.4	20.9	18.7	33	12.1	19.8	11	19.8	27.5	27.5	14.3	26.4	15.4	15.4	17.6	30.8	23.1	16.5	24.2	29.7	22	13.2	23.1	20.9	18.7	29.7	17.6	17.6	22	20.9	14.3	23.1	18.7	20.9	26.4	24.2	19.8	27.5	12.1	33	16.5	29.7	13.2	12.1	22	24.2	28.6	12.1	14.3	27.5	15.4	16.5	19.8	14.3	29.7	11	22	18.7	14.3	23.1	25.3	15.4	27.5	13.2	12.1	12.1	30.8	25.3	26.4	23.1	15.4	12.1	18.7	18.7	11	20.9	22	11	18.7	14.3	22	19.8	20.9	16.5	16.5	11	24.2	20.9	19.8	24.2	23.1	33	13.2	13.2	19.8	28.6	30.8	14.3	11	24.2	31.9	16.5	25.3	17.6	28.6	12.1	12.1	11	17.6	11	26.4	28.6	25.3	19.8	15.4	11	28.6	31.9	19.8	31.9	13.2	17.6	25.3	13.2	31.9	15.4	26.4	18.7	16.5	14.3	15.4	24.2	20.9	17.6	23.1	20.9	13.2	26.4	29.7	24.2	15.4	24.2	16.5	15.4	30.8	30.8	33	25.3	13.2	29.7	33	12.1	23.1	13.2	29.7	29.7	17.6	26.4	14.3	30.8	12.1	24.2	28.6	20.9	26.4	24.2	28.6	18.7	15.4	23.1	18.7	25.3	14.3	12.1	27.5	19.8	16.5	24.2	13.2	15.4	33	19.8	20.9	16.5	22	31.9	27.5	15.4	28.6	24.2	23.1	16.5	31.9	13.2	14.3	15.4	31.9	31.9	28.6	26.4	29.7	17.6	22	24.2	11	14.3	22	17.6	28.6	33	31.9	24.2	23.1	24.2	16.5	17.6	20.9	13.2	19.8	24.2	30.8	25.3	13.2	15.4	17.6	17.6	12.1	24.2	16.5	22	19.8	25.3	15.4	14.3	20.9	14.3	25.3	26.4	20.9	11	14.3	18.7	28.6	17.6	12.1	28.6	14.3	13.2	27.5	18.7	18.7	33	27.5	22	17.6	17.6	30.8	16.5	24.2	24.2	17.6	18.7	25.3	19.8	11	14.3	30.8	18.7	20.9	13.2	33	12.1	12.1	24.2	12.1	23.1	17.6	14.3	11	16.5	16.5	16.5	14.3	13.2	12.1	13.2	18.7	24.2	14.3	23.1	31.9	11	17.6	20.9	25.3	16.5	22	24.2	26.4	23.1	14.3	30.8	15.4	24.2	22	20.9	30.8	22	24.2	16.5	14.3	25.3	13.2	24.2	12.1	22	13.2	19.8	30.8	23.1	28.6	12.1	26.4	16.5	12.1	26.4	16.5	26.4	24.2	19.8	30.8	19.8	20.9	24.2	24.2	13.2	16.5	12.1	19.8	17.6	29.7	18.7	11	27.5	29.7	33	18.7	15.4	30.8	16.5	24.2	23.1	26.4	30.8	25.3	24.2	29.7	20.9	13.2	13.2	12.1	13.2	24.2	31.9	20.9	16.5	18.7	14.3	31.9	30.8	11	14.3	26.4	14.3	23.1	29.7	26.4	22	15.4	11	22	30.8	13.2	14.3	22	28.6	29.7	12.1	23.1	30.8	13.2	17.6	33	13.2	29.7	29.7	24.2	18.7	18.7	11	30.8	19.8	33	25.3	33	13.2	30.8	30.8	31.9	13.2	15.4	28.6	27.5	26.4	12.1	29.7	14.3	14.3	12.1	14.3	20.9	30.8	11	28.6	33	11	19.8	31.9	17.6	14.3	24.2	12.1	20.9	27.5	20.9	13.2	30.8	25.3	20.9	11	29.7	26.4	19.8	22	28.6	19.8	16.5	25.3	30.8	14.3	33	22	27.5	20.9	27.5	29.7	31.9	16.5	19.8	11	11	14.3	25.3	31.9	13.2	11	17.6	14.3	20.9	33	14.3	12.1	26.4	11	13.2	23.1	17.6	15.4	22	17.6	30.8	18.7	20.9	12.1	13.2	31.9	29.7	14.3	11	19.8	22	26.4	12.1	26.4	22	25.3	14.3	16.5	29.7	15.4	27.5	30.8	13.2	33	33	12.1	25.3	16.5	26.4	15.4	13.2	12.1	13.2	12.1	20.9	11	13.2	27.5	13.2	14.3	26.4	15.4	16.5	26.4	33	22	33	14.3	19.8	13.2	33	24.2	30.8	23.1	27.5	16.5	28.6	30.8	30.8	25.3	33	19.8	30.8	29.7	28.6	23.1	11	29.7	33	27.5	26.4	19.8	17.6	14.3	27.5	31.9	16.5	18.7	23.1	11	33	13.2	22	15.4	19.8	29.7	11	17.6	26.4	17.6	25.3	15.4	
13.2	25.3	31.9	27.5	20.9	18.7	13.2	29.7	23.1	17.6	25.3	29.7	27.5	23.1	20.9	25.3	26.4	33	11	27.5	17.6	19.8	26.4	19.8	29.7	11	28.6	18.7	11	11	18.7	20.9	26.4	16.5	22	20.9	22	16.5	14.3	12.1	13.2	27.5	12.1	17.6	31.9	
17	16	20	18	12	20	16	14	12	17	17	11	20	16	11	19	19	16	13	18	16	18	20	20	11	18	17	10	17	15	14	17	16	14	20	17	20	20	17	12	16	16	13	19	15	14	11	16	15	19	18	10	12	13	12	11	17	20	14	14	12	11	18	11	15	10	11	10	20	20	15	11	10	17	10	15	13	15	13	18	18	13	16	19	19	15	12	13	12	12	15	16	12	20	20	11	19	16	13	15	13	20	10	13	12	16	13	15	10	14	15	15	12	15	12	12	12	20	16	20	12	11	19	17	19	13	19	13	13	10	13	10	12	13	12	15	17	11	12	18	18	11	10	12	16	15	12	14	19	11	19	12	12	10	15	13	19	10	17	12	10	14	10	14	19	20	17	20	20	20	18	16	13	19	17	14	11	12	15	10	19	12	15	15	14	17	17	11	14	17	15	10	19	20	14	13	18	10	11	17	20	12	13	14	11	20	11	20	13	18	20	17	12	14	19	11	12	19	10	20	14	19	15	15	17	10	10	14	15	16	10	20	20	14	16	18	19	19	20	15	17	10	14	10	18	18	19	16	19	13	12	11	13	12	15	15	13	16	19	18	15	16	10	12	10	11	11	14	12	19	15	18	12	19	15	15	20	14	10	19	14	15	14	15	16	11	10	15	14	18	19	14	14	16	20	20	14	17	16	19	17	20	19	17	11	19	13	16	13	13	18	18	13	12	14	14	15	17	18	20	11	20	16	20	13	12	11	12	17	11	16	20	17	10	20	20	11	14	16	16	15	11	11	11	11	16	16	15	17	18	11	20	20	11	12	13	16	16	19	17	10	16	14	17	10	16	13	15	14	16	13	15	19	12	10	15	12	17	17	15	10	16	12	19	13	12	16	14	15	15	17	11	19	18	12	11	18	18	13	14	18	20	18	15	20	14	17	13	12	11	17	12	16	15	17	18	20	10	10	17	12	16	19	12	11	13	15	13	19	11	20	10	16	15	15	10	17	13	11	18	17	16	11	18	15	15	15	14	12	13	12	16	19	20	10	16	11	19	18	13	16	14	20	20	14	11	12	12	14	16	11	14	16	11	15	14	15	17	16	20	14	20	10	16	20	16	20	14	16	15	11	14	13	16	15	18	18	18	20	19	20	16	16	15	12	17	14	15	12	11	15	20	20	19	14	14	10	17	10	14	19	20	12	15	16	12	13	15	15	17	18	11	17	18	17	14	16	19	17	13	20	10	15	17	20	18	13	20	10	15	10	11	10	18	12	13	20	20	10	19	12	16	17	20	19	13	20	19	19	17	19	13	16	19	12	15	19	17	12	15	16	15	15	10	16	15	18	13	19	14	18	17	17	13	19	17	12	10	11	20	13	14	11	14	20	12	15	17	20	13	13	17	17	11	19	12	15	20	11	15	17	13	10	13	17	14	13	19	12	16	12	15	14	12	17	12	17	15	10	20	12	14	15	14	19	17	12	15	15	11	16	19	18	12	19	10	16	13	14	10	14	16	12	15	17	17	10	14	19	18	12	20	13	12	20	18	15	19	11	16	14	17	12	14	18	15	14	16	10	20	19	16	10	13	11	18	12	13	11	14	19	13	17	20	17	19	17	12	16	20	12	11	10	12	16	13	17	15	13	18	13	13	16	16	20	14	13	12	14	20	10	14	16	19	13	19	12	17	13	10	18	11	15	15	10	19	13	12	12	13	20	13	10	20	13	11	15	17	17	14	12	19	20	10	19	15	10	15	12	12	13	16	17	12	11	18	20	15	17	18	10	20	11	20	10	12	17	13	15	19	13	16	16	18	10	12	11	10	15	11	14	16	14	19	13	18	18	18	13	18	11	11	12	12	17	15	20	12	14	10	18	16	18	12	16	15	12	15	15	18	13	16	16	12	20	19	17	12	19	16	19	15	11	16	15	19	18	13	19	18	16	16	19	19	10	10	13	11	13	17	13	10	13	16	15	16	15	14	14	11	14	12	15	16	12	12	16	19	18	17	12	19	12	19	20	17	13	10	12	15	16	12	17	13	18	18	19	17	13	19	10	15	12	10	14	10	20	16	16	19	17	17	16	16	15	14	18	15	15	12	14	13	15	14	18	14	10	12	15	18	15	14	16	16	20	19	19	15	19	17	10	12	17	18	18	16	13	18	13	12	14	11	13	17	19	18	10	16	15	18	20	14	16	20	16	11	18	18	10	14	10	10	15	17	15	19	18	16	19	14	20	10	17	20	15	12	17	14	18	11	12	10	18	12	14	20	12	15	13	10	
1	1	1	1	1	1	1	1	1	1	1	1	1	1	1	1	2	2	2	2	2	2	2	2	2	2	2	2	2	2	2	2	2	2	2	2	2	2	2	2	2	2	2	3	3	3	3	3	3	3	3	3	3	3	3	3	3	3	3	3	3	3	3	3	3	4	4	4	4	4	4	4	4	4	4	4	4	4	4	4	4	4	4	4	4	4	4	4	4	4	4	4	5	5	5	5	5	5	5	5	5	5	5	5	5	5	5	5	5	5	5	5	6	6	6	6	6	6	6	6	6	6	6	6	6	6	6	6	6	6	6	6	7	7	7	7	7	7	7	7	7	7	7	7	7	7	7	7	7	7	7	7	8	8	8	8	8	8	8	8	8	8	8	8	8	8	8	8	8	8	8	8	8	8	8	8	9	9	9	9	9	9	9	9	9	9	9	9	9	9	9	9	9	9	9	9	9	9	9	9	9	9	9	10	10	10	10	10	10	10	10	10	10	10	10	10	10	10	10	10	10	10	10	10	10	10	11	11	11	11	11	11	11	11	11	11	11	11	11	11	11	11	11	11	11	11	11	11	11	11	11	11	12	12	12	12	12	12	12	12	12	12	12	12	12	12	12	13	13	13	13	13	13	13	13	13	13	13	13	13	13	13	13	13	13	13	13	13	13	13	14	14	14	14	14	14	14	14	14	14	14	14	14	14	14	14	14	14	14	14	14	14	14	14	14	14	14	15	15	15	15	15	15	15	15	15	15	15	15	15	15	15	15	15	15	15	15	15	16	16	16	16	16	16	16	16	16	16	16	16	16	16	16	16	16	16	16	16	16	16	16	16	17	17	17	17	17	17	17	17	17	17	17	17	17	18	18	18	18	18	18	18	18	18	18	18	18	18	18	18	18	18	18	18	18	18	18	18	19	19	19	19	19	19	19	19	19	19	19	19	19	19	19	19	19	20	20	20	20	20	20	20	20	20	20	20	20	20	20	20	20	20	20	20	20	20	20	20	20	20	20	21	21	21	21	21	21	21	21	21	21	21	21	21	21	21	21	21	21	21	21	21	21	21	21	21	21	21	21	21	21	22	22	22	22	22	22	22	22	22	22	22	22	22	22	22	22	22	23	23	23	23	23	23	23	23	23	23	23	23	23	23	23	23	23	23	23	23	23	23	23	23	23	23	24	24	24	24	24	24	24	24	24	24	24	24	24	24	24	24	24	24	24	25	25	25	25	25	25	25	25	25	25	25	25	25	25	25	25	25	25	25	25	25	25	26	26	26	26	26	26	26	26	26	26	26	26	26	26	26	26	26	27	27	27	27	27	27	27	27	27	27	27	27	27	27	27	27	27	27	27	27	27	27	27	27	27	27	27	27	27	27	27	27	28	28	28	28	28	28	28	28	28	28	28	28	28	28	28	28	28	28	28	28	28	28	28	29	29	29	29	29	29	29	29	29	29	29	29	30	30	30	30	30	30	30	30	30	30	30	30	30	30	30	30	30	30	30	30	30	30	30	30	31	31	31	31	31	31	31	31	31	31	31	31	31	31	31	31	31	31	31	31	31	32	32	32	32	32	32	32	32	32	32	32	32	32	32	32	32	32	32	33	33	33	33	33	33	33	33	33	33	33	33	34	34	34	34	34	34	34	34	34	34	34	34	34	34	34	34	34	34	34	34	35	35	35	35	35	35	35	35	35	35	35	35	35	35	35	35	35	35	35	35	35	35	35	35	35	35	35	35	35	35	36	36	36	36	36	36	36	36	36	36	36	36	36	36	36	36	36	36	36	36	36	36	36	36	36	36	36	36	36	36	37	37	37	37	37	37	37	37	37	37	37	37	37	37	37	37	37	37	37	37	37	37	37	37	37	37	38	38	38	38	38	38	38	38	38	38	38	38	38	38	38	38	38	39	39	39	39	39	39	39	39	39	39	39	39	39	39	39	39	39	39	39	39	40	40	40	40	40	40	40	40	40	40	40	40	40	40	40	40	40	40	40	40	40	40	40	40	40	40	40	40	40	40	40	40	41	41	41	41	41	41	41	41	41	41	41	41	41	41	41	41	41	41	41	41	41	41	42	42	42	42	42	42	42	42	42	42	42	42	42	42	42	42	42	42	42	42	42	43	43	43	43	43	43	43	43	43	43	43	43	43	43	43	43	43	43	43	43	43	43	43	43	43	43	43	43	44	44	44	44	44	44	44	44	44	44	44	44	44	44	44	44	44	44	44	44	45	45	45	45	45	45	45	45	45	45	45	45	45	45	45	45	45	45	45	45	
