1000
30	2
615	24.2
26	31	31	29	29	31	30	31	30	26	29	28	29	29	26	30	27	27	30	31	27	26	31	29	31	26	30	28	28	27	27	30	29	30	30	30	30	30	30	31	28	31	30	26	28	30	31	31	28	30	31	26	31	29	31	31	31	30	28	27	26	30	31	31	31	28	30	30	30	26	27	28	28	31	27	29	31	26	29	27	29	27	26	27	27	31	26	29	28	26	28	30	26	26	27	30	28	29	28	28	31	31	29	31	28	28	26	28	26	30	30	28	28	27	27	27	29	30	27	26	27	28	31	27	30	29	30	26	27	30	28	30	26	26	31	29	28	29	26	27	29	26	26	30	27	29	29	28	28	29	29	29	30	28	30	28	29	30	26	28	30	29	27	29	30	27	28	28	30	28	31	28	30	27	29	30	31	29	29	30	29	26	28	26	26	31	30	29	26	26	30	29	29	30	31	28	29	30	31	28	30	31	27	30	29	27	28	27	30	29	27	28	26	27	28	30	29	29	31	28	31	26	28	30	31	27	27	30	31	29	26	31	30	28	27	31	27	30	31	29	28	29	28	27	26	27	31	26	28	30	26	27	27	28	31	26	28	31	30	30	31	31	29	28	28	27	31	26	27	28	28	26	26	27	28	27	26	26	30	29	27	27	27	30	30	30	26	28	28	26	27	26	26	30	31	26	30	27	31	30	27	29	28	27	28	29	28	28	31	30	29	30	26	29	28	30	30	29	26	31	30	30	28	28	31	28	27	29	29	28	29	30	26	31	29	30	28	31	26	28	29	28	27	27	31	27	31	29	26	30	29	31	31	26	30	29	26	31	30	27	29	27	30	31	27	27	31	26	27	28	29	31	30	26	27	29	26	26	27	29	30	26	26	30	31	27	28	30	31	27	26	26	29	30	31	28	31	26	26	31	29	30	30	31	28	29	29	31	30	31	29	29	30	30	30	31	30	30	26	30	31	26	30	31	30	30	28	30	27	31	29	26	27	30	30	31	31	26	29	31	31	26	26	31	26	29	28	27	29	26	27	29	29	30	29	28	27	28	28	29	30	26	29	26	27	29	31	28	27	28	26	29	26	29	27	29	31	29	26	27	27	26	28	28	26	26	27	26	30	26	30	30	30	31	29	30	27	28	26	31	29	30	26	27	27	30	29	29	29	30	31	28	30	28	28	31	28	27	26	29	27	29	30	30	30	28	31	31	30	31	26	30	28	30	29	27	27	26	28	31	26	26	28	28	31	28	26	27	29	29	31	26	30	30	28	27	26	27	30	29	31	31	30	27	26	26	26	28	29	28	26	26	27	30	31	26	31	30	28	26	27	30	30	28	31	27	27	31	31	31	28	28	31	27	31	26	27	31	27	27	27	30	30	28	28	27	31	28	28	27	27	31	30	27	26	31	26	26	30	26	31	28	27	26	27	29	28	31	28	30	30	29	30	29	26	26	27	29	29	26	26	30	26	28	27	29	30	30	26	31	27	28	28	31	30	28	30	29	30	31	29	26	27	30	30	26	29	31	26	26	26	26	28	30	31	31	30	26	27	27	26	29	26	30	27	26	26	27	27	31	30	26	28	26	26	28	31	31	27	30	30	29	31	28	28	28	26	27	31	31	31	28	30	28	30	27	31	28	31	28	26	27	28	28	28	26	28	30	28	30	29	31	31	27	31	26	26	27	31	31	27	28	29	31	26	29	26	26	26	31	31	27	27	29	26	26	31	29	30	30	26	31	31	26	30	27	28	28	29	26	28	28	28	27	29	26	29	26	27	29	30	30	26	29	27	30	31	27	27	30	27	31	30	31	27	31	29	29	31	28	26	30	30	27	27	26	27	30	26	28	26	28	26	29	31	26	31	29	31	28	31	26	29	29	26	26	31	28	28	29	28	26	29	26	28	30	30	26	30	27	31	31	28	31	31	31	28	26	30	31	29	30	31	28	28	29	28	26	30	28	26	29	26	30	27	30	28	29	27	30	28	27	31	29	28	29	26	30	26	27	29	26	29	31	27	28	29	31	29	28	28	28	30	28	29	26	28	31	31	26	27	26	29	28	26	29	29	27	27	31	26	31	27	29	28	27	29	31	29	29	30	30	31	29	31	31	28	27	30	28	27	28	30	27	29	31	29	30	26	29	27	30	31	30	30	29	27	31	28	30	30	26	27	31	29	29	31	28	27	30	27	30	27	28	29	30	30	27	30	30	31	30	26	29	30	29	27	29	30	28	27	31	30	29	31	30	27	29	29	27	29	28	28	31	29	28	26	29	30	29	
89	82	93	79	94	94	89	89	91	87	84	77	87	83	93	90	77	78	81	89	84	94	89	82	94	92	93	94	82	79	76	91	80	76	83	88	80	87	80	83	78	92	80	81	87	87	83	88	77	88	94	90	81	77	78	83	87	94	81	86	83	86	79	93	84	91	94	82	94	90	91	88	92	86	92	93	84	81	86	91	94	77	80	93	91	90	87	83	88	90	82	79	88	86	81	77	81	79	82	87	90	90	76	87	86	81	76	94	83	77	89	89	94	91	92	85	82	93	86	84	88	82	88	78	77	77	89	86	87	93	94	77	91	85	83	93	77	93	78	89	81	78	88	86	83	85	87	91	82	81	94	89	88	89	83	76	94	91	80	77	80	82	84	79	89	86	80	77	83	84	78	86	81	76	80	93	77	90	88	93	92	86	85	81	77	77	81	83	89	86	83	88	77	90	88	92	94	79	91	89	80	79	94	80	79	92	80	90	77	93	78	90	89	90	91	83	90	76	87	91	76	94	79	82	84	94	82	88	87	82	85	79	80	88	85	81	90	84	93	86	79	85	82	87	90	77	92	80	85	85	92	76	79	77	78	84	90	77	80	82	82	89	82	84	90	77	80	83	76	81	90	90	78	77	84	77	77	85	89	92	78	84	88	86	76	83	83	84	82	84	85	87	88	85	93	80	76	78	93	86	88	82	85	88	80	93	84	83	93	92	86	86	84	82	79	83	88	94	88	90	80	79	90	92	78	92	83	86	81	79	78	82	82	94	82	80	79	80	85	76	94	93	81	92	94	80	91	88	86	93	76	77	82	90	89	83	83	89	76	90	84	92	86	76	83	79	81	83	92	91	94	92	92	77	80	94	88	76	82	76	78	77	77	79	79	83	87	85	76	79	79	89	76	84	81	80	93	82	92	91	94	81	81	83	91	94	94	92	78	79	90	80	84	89	92	87	87	79	91	83	84	93	83	88	77	85	82	94	83	83	86	89	88	91	76	78	85	80	76	90	80	81	82	82	78	76	87	78	85	77	77	83	81	85	83	87	76	84	87	84	87	84	93	79	85	84	93	81	85	91	91	86	76	93	93	79	78	76	80	88	90	83	78	86	77	89	79	91	81	79	86	89	84	83	79	86	93	89	77	81	91	91	85	80	82	81	88	93	86	78	94	91	83	78	80	91	81	78	76	82	82	79	89	89	76	76	83	85	86	94	82	79	85	79	88	80	80	90	80	79	83	91	81	88	92	79	80	84	91	93	90	80	93	83	80	79	78	80	86	78	80	90	92	80	94	76	88	91	91	90	89	87	78	76	83	79	94	86	76	83	85	92	93	87	87	91	77	91	92	94	93	89	82	80	78	90	92	86	85	81	94	87	83	93	89	86	79	77	92	92	94	79	77	81	77	78	89	77	77	82	90	76	83	91	94	78	94	92	93	76	87	91	80	90	85	88	80	84	85	80	93	76	80	78	76	78	84	83	86	92	84	92	94	77	84	93	82	84	85	76	92	86	78	89	93	76	94	94	87	86	84	79	93	84	85	78	81	86	90	79	83	79	84	92	76	81	86	79	80	80	80	86	79	90	86	94	88	86	80	94	78	83	79	88	85	79	89	88	83	85	89	89	83	90	78	88	83	85	85	76	85	87	76	84	76	86	90	76	92	76	86	87	92	84	84	86	93	92	80	86	91	91	85	89	93	89	85	80	89	84	92	94	77	87	83	76	81	93	84	84	90	81	91	79	86	78	77	79	77	83	83	79	90	94	93	92	89	78	78	78	93	91	91	76	77	80	86	91	84	85	86	76	81	87	76	89	92	91	92	92	92	81	81	81	91	78	84	79	80	83	88	85	93	78	86	94	78	90	77	79	94	85	92	85	89	87	83	88	77	92	77	88	90	94	80	91	81	91	77	86	88	83	94	87	82	79	76	80	89	88	77	80	82	85	76	86	85	85	91	88	81	85	85	91	93	92	82	84	81	88	86	84	81	76	79	82	78	83	83	82	82	77	86	80	76	94	77	76	90	83	84	88	78	79	76	88	89	85	93	79	76	92	80	85	86	83	88	81	82	94	76	94	80	92	93	90	81	92	90	89	77	84	78	90	83	87	91	90	87	87	80	91	92	88	88	86	77	90	84	82	88	76	89	91	84	87	83	85	92	94	87	82	88	80	80	76	86	81	85	80	86	82	78	79	93	81	87	87	83	86	88	79	76	79	94	93	80	90	88	86	92	87	88	81	90	87	89	78	85	92	90	80	92	79	90	85	93	82	90	81	
18.7	30.8	28.6	30.8	30.8	20.9	19.8	23.1	30.8	31.9	14.3	11	18.7	26.4	31.9	28.6	16.5	30.8	30.8	18.7	27.5	27.5	22	33	12.1	28.6	15.4	14.3	19.8	22	14.3	20.9	19.8	23.1	19.8	25.3	22	29.7	19.8	15.4	13.2	19.8	24.2	18.7	12.1	24.2	11	13.2	11	24.2	26.4	24.2	30.8	27.5	23.1	33	16.5	25.3	22	22	28.6	17.6	14.3	16.5	23.1	11	14.3	26.4	18.7	17.6	25.3	20.9	29.7	16.5	15.4	18.7	11	20.9	28.6	17.6	28.6	17.6	20.9	16.5	20.9	19.8	19.8	24.2	24.2	15.4	29.7	20.9	22	11	12.1	20.9	22	29.7	18.7	27.5	18.7	28.6	26.4	15.4	28.6	28.6	26.4	29.7	13.2	18.7	19.8	19.8	22	33	31.9	26.4	31.9	22	29.7	27.5	28.6	14.3	16.5	27.5	17.6	24.2	29.7	24.2	14.3	33	16.5	12.1	25.3	30.8	11	17.6	19.8	30.8	17.6	30.8	11	23.1	16.5	14.3	18.7	17.6	28.6	11	22	30.8	20.9	31.9	12.1	11	31.9	17.6	13.2	23.1	31.9	23.1	22	13.2	30.8	16.5	11	31.9	27.5	14.3	22	15.4	18.7	13.2	30.8	15.4	14.3	27.5	19.8	29.7	29.7	31.9	12.1	28.6	13.2	18.7	18.7	16.5	27.5	22	23.1	33	13.2	24.2	18.7	27.5	26.4	25.3	30.8	33	30.8	23.1	14.3	13.2	22	19.8	13.2	33	26.4	27.5	14.3	11	29.7	15.4	29.7	27.5	28.6	13.2	11	29.7	25.3	23.1	12.1	25.3	18.7	33	33	13.2	24.2	28.6	20.9	26.4	11	24.2	14.3	16.5	23.1	19.8	29.7	13.2	23.1	27.5	17.6	20.9	24.2	28.6	30.8	17.6	19.8	27.5	17.6	12.1	22	16.5	16.5	22	24.2	24.2	17.6	19.8	25.3	31.9	16.5	30.8	30.8	19.8	15.4	23.1	22	24.2	17.6	25.3	17.6	29.7	20.9	14.3	29.7	15.4	24.2	11	20.9	25.3	26.4	19.8	11	20.9	31.9	28.6	18.7	20.9	11	12.1	16.5	19.8	18.7	26.4	26.4	15.4	16.5	26.4	23.1	28.6	18.7	24.2	22	20.9	28.6	22	28.6	12.1	22	20.9	29.7	11	24.2	24.2	11	29.7	17.6	24.2	19.8	16.5	20.9	17.6	26.4	22	14.3	30.8	19.8	24.2	12.1	12.1	23.1	15.4	30.8	22	23.1	20.9	26.4	24.2	19.8	24.2	33	31.9	14.3	23.1	31.9	13.2	15.4	24.2	11	27.5	17.6	20.9	12.1	25.3	18.7	13.2	33	18.7	18.7	27.5	22	25.3	17.6	11	15.4	16.5	16.5	15.4	24.2	33	27.5	25.3	15.4	22	30.8	33	12.1	15.4	25.3	33	28.6	31.9	19.8	27.5	20.9	11	11	24.2	28.6	15.4	12.1	13.2	12.1	33	30.8	27.5	20.9	16.5	11	22	31.9	13.2	14.3	17.6	15.4	13.2	16.5	30.8	25.3	31.9	31.9	15.4	24.2	22	30.8	23.1	24.2	20.9	30.8	26.4	28.6	11	13.2	22	26.4	24.2	17.6	17.6	28.6	24.2	16.5	23.1	22	20.9	16.5	17.6	24.2	24.2	15.4	24.2	23.1	16.5	25.3	11	20.9	12.1	26.4	20.9	25.3	20.9	31.9	18.7	15.4	13.2	25.3	28.6	33	14.3	30.8	23.1	33	26.4	19.8	28.6	11	31.9	12.1	11	30.8	25.3	25.3	18.7	22	23.1	22	31.9	31.9	12.1	22	33	23.1	14.3	11	28.6	31.9	24.2	30.8	31.9	12.1	20.9	26.4	19.8	23.1	27.5	24.2	15.4	31.9	16.5	29.7	24.2	23.1	26.4	27.5	26.4	25.3	23.1	16.5	18.7	31.9	28.6	14.3	23.1	22	18.7	31.9	11	12.1	13.2	24.2	26.4	11	27.5	15.4	17.6	18.7	20.9	17.6	14.3	16.5	31.9	16.5	14.3	15.4	25.3	13.2	16.5	24.2	16.5	16.5	29.7	17.6	11	24.2	24.2	13.2	25.3	22	24.2	33	23.1	20.9	17.6	24.2	19.8	16.5	11	17.6	27.5	20.9	16.5	29.7	12.1	13.2	12.1	23.1	33	30.8	27.5	19.8	11	13.2	23.1	33	19.8	20.9	16.5	26.4	24.2	12.1	29.7	23.1	12.1	11	12.1	30.8	18.7	22	26.4	25.3	16.5	13.2	25.3	29.7	11	33	19.8	30.8	22	24.2	13.2	13.2	24.2	28.6	23.1	17.6	24.2	29.7	13.2	30.8	28.6	26.4	25.3	13.2	17.6	15.4	11	28.6	13.2	16.5	28.6	18.7	17.6	19.8	17.6	19.8	29.7	27.5	14.3	14.3	27.5	25.3	14.3	23.1	16.5	33	14.3	17.6	25.3	16.5	26.4	17.6	14.3	29.7	29.7	33	15.4	17.6	13.2	16.5	33	13.2	14.3	17.6	33	26.4	16.5	30.8	17.6	19.8	16.5	14.3	31.9	27.5	28.6	13.2	12.1	16.5	17.6	29.7	11	23.1	27.5	26.4	14.3	28.6	11	26.4	18.7	14.3	31.9	26.4	24.2	13.2	17.6	31.9	26.4	18.7	20.9	31.9	30.8	13.2	24.2	14.3	25.3	33	15.4	27.5	29.7	24.2	18.7	16.5	20.9	16.5	28.6	28.6	23.1	22	14.3	24.2	23.1	14.3	20.9	25.3	13.2	15.4	31.9	25.3	19.8	15.4	27.5	18.7	13.2	12.1	33	11	30.8	12.1	27.5	18.7	18.7	20.9	28.6	20.9	19.8	31.9	12.1	11	28.6	19.8	28.6	13.2	29.7	12.1	23.1	17.6	16.5	16.5	29.7	27.5	12.1	11	22	26.4	12.1	14.3	15.4	33	18.7	29.7	27.5	29.7	16.5	30.8	26.4	12.1	25.3	31.9	30.8	26.4	19.8	12.1	24.2	19.8	14.3	22	24.2	31.9	19.8	19.8	23.1	13.2	11	11	26.4	33	15.4	15.4	26.4	14.3	22	18.7	15.4	31.9	16.5	27.5	29.7	17.6	18.7	23.1	33	24.2	11	27.5	26.4	17.6	29.7	22	18.7	20.9	33	27.5	22	31.9	12.1	18.7	11	14.3	18.7	16.5	13.2	12.1	19.8	33	30.8	16.5	16.5	15.4	23.1	14.3	19.8	29.7	33	12.1	26.4	33	18.7	18.7	28.6	33	27.5	28.6	11	18.7	14.3	16.5	16.5	20.9	24.2	30.8	18.7	18.7	27.5	31.9	31.9	24.2	33	29.7	30.8	15.4	31.9	24.2	27.5	28.6	30.8	27.5	22	16.5	15.4	28.6	27.5	14.3	16.5	31.9	19.8	25.3	30.8	24.2	18.7	17.6	28.6	19.8	25.3	29.7	29.7	14.3	16.5	14.3	22	28.6	18.7	15.4	25.3	29.7	23.1	19.8	33	27.5	22	23.1	12.1	12.1	14.3	15.4	23.1	29.7	23.1	25.3	17.6	14.3	17.6	26.4	12.1	24.2	12.1	31.9	17.6	11	15.4	12.1	29.7	12.1	15.4	16.5	28.6	16.5	19.8	31.9	17.6	29.7	22	16.5	23.1	15.4	24.2	23.1	20.9	14.3	15.4	22	31.9	22	29.7	27.5	22	27.5	16.5	25.3	19.8	20.9	29.7	29.7	12.1	28.6	29.7	30.8	23.1	16.5	16.5	29.7	11	19.8	15.4	16.5	16.5	15.4	26.4	33	30.8	14.3	26.4	12.1	18.7	24.2	31.9	33	26.4	11	27.5	33	26.4	15.4	30.8	26.4	26.4	14.3	22	15.4	13.2	22	23.1	14.3	16.5	29.7	19.8	26.4	14.3	18.7	22	24.2	12.1	
14.3	13.2	19.8	19.8	18.7	20.9	26.4	16.5	30.8	22	24.2	16.5	33	25.3	20.9	24.2	22	22	33	20.9	20.9	11	12.1	18.7	27.5	18.7	22	17.6	16.5	27.5	17.6	17.6	16.5	16.5	27.5	26.4	18.7	11	33	27.5	27.5	29.7	16.5	25.3	15.4	27.5	29.7	33	15.4	15.4	14.3	26.4	16.5	15.4	30.8	23.1	17.6	14.3	20.9	25.3	26.4	14.3	13.2	15.4	17.6	27.5	16.5	12.1	11	22	20.9	11	19.8	19.8	31.9	31.9	25.3	26.4	23.1	20.9	26.4	12.1	27.5	31.9	24.2	16.5	13.2	19.8	16.5	17.6	15.4	24.2	27.5	18.7	30.8	17.6	14.3	22	13.2	17.6	26.4	22	17.6	15.4	19.8	11	12.1	22	12.1	16.5	14.3	11	30.8	13.2	15.4	19.8	22	33	15.4	15.4	25.3	14.3	17.6	27.5	27.5	11	28.6	31.9	17.6	14.3	20.9	19.8	20.9	30.8	15.4	31.9	29.7	19.8	31.9	29.7	24.2	18.7	27.5	26.4	27.5	17.6	17.6	26.4	31.9	15.4	20.9	13.2	25.3	15.4	20.9	25.3	12.1	14.3	23.1	16.5	16.5	27.5	20.9	13.2	20.9	15.4	12.1	18.7	17.6	12.1	23.1	28.6	19.8	26.4	31.9	15.4	14.3	12.1	18.7	27.5	28.6	17.6	26.4	25.3	27.5	30.8	30.8	15.4	30.8	20.9	25.3	31.9	26.4	14.3	27.5	26.4	33	25.3	24.2	17.6	12.1	11	30.8	27.5	26.4	18.7	13.2	11	11	31.9	20.9	15.4	29.7	26.4	27.5	22	11	12.1	29.7	31.9	29.7	14.3	20.9	23.1	28.6	23.1	20.9	30.8	30.8	16.5	17.6	33	28.6	26.4	16.5	16.5	11	29.7	23.1	26.4	31.9	30.8	15.4	16.5	33	33	23.1	28.6	20.9	26.4	27.5	11	24.2	28.6	33	15.4	28.6	26.4	29.7	20.9	28.6	31.9	27.5	30.8	29.7	14.3	13.2	27.5	15.4	30.8	17.6	18.7	16.5	31.9	28.6	12.1	19.8	26.4	22	31.9	18.7	27.5	15.4	25.3	25.3	13.2	24.2	25.3	15.4	28.6	17.6	14.3	20.9	17.6	26.4	25.3	27.5	29.7	13.2	17.6	14.3	11	24.2	19.8	33	11	15.4	30.8	17.6	20.9	26.4	14.3	14.3	17.6	29.7	28.6	23.1	33	11	30.8	29.7	33	13.2	17.6	11	33	11	12.1	18.7	13.2	29.7	15.4	30.8	15.4	25.3	31.9	29.7	33	27.5	25.3	22	31.9	33	13.2	15.4	27.5	29.7	28.6	24.2	19.8	16.5	22	28.6	18.7	25.3	29.7	11	27.5	12.1	12.1	16.5	26.4	24.2	27.5	12.1	30.8	12.1	27.5	11	12.1	12.1	25.3	31.9	27.5	30.8	25.3	27.5	16.5	12.1	15.4	14.3	17.6	31.9	29.7	12.1	29.7	17.6	24.2	23.1	17.6	30.8	30.8	15.4	14.3	26.4	33	29.7	26.4	22	28.6	28.6	28.6	25.3	29.7	14.3	17.6	31.9	11	13.2	18.7	31.9	19.8	20.9	29.7	26.4	26.4	16.5	23.1	28.6	26.4	23.1	23.1	17.6	11	11	30.8	19.8	29.7	23.1	30.8	16.5	15.4	17.6	16.5	33	26.4	31.9	27.5	31.9	29.7	19.8	13.2	14.3	13.2	19.8	20.9	23.1	22	18.7	13.2	12.1	11	24.2	30.8	14.3	12.1	22	23.1	27.5	33	30.8	31.9	27.5	18.7	29.7	19.8	12.1	27.5	17.6	28.6	13.2	13.2	30.8	12.1	26.4	30.8	13.2	14.3	31.9	25.3	18.7	16.5	11	28.6	15.4	24.2	28.6	22	12.1	25.3	25.3	18.7	18.7	19.8	23.1	22	15.4	29.7	30.8	18.7	30.8	33	13.2	11	11	25.3	12.1	22	26.4	12.1	17.6	23.1	29.7	25.3	30.8	24.2	16.5	13.2	26.4	28.6	19.8	12.1	30.8	20.9	30.8	31.9	11	27.5	25.3	17.6	15.4	20.9	20.9	28.6	18.7	30.8	15.4	19.8	19.8	15.4	31.9	24.2	20.9	29.7	17.6	12.1	12.1	15.4	30.8	20.9	12.1	11	11	22	12.1	31.9	20.9	16.5	24.2	16.5	27.5	28.6	12.1	28.6	30.8	24.2	25.3	27.5	18.7	33	30.8	16.5	30.8	26.4	25.3	24.2	29.7	19.8	26.4	29.7	25.3	15.4	24.2	33	11	13.2	12.1	15.4	28.6	19.8	16.5	25.3	29.7	17.6	29.7	17.6	26.4	31.9	17.6	16.5	23.1	17.6	24.2	19.8	14.3	29.7	15.4	23.1	33	16.5	29.7	28.6	24.2	25.3	16.5	28.6	27.5	25.3	25.3	13.2	30.8	23.1	17.6	28.6	29.7	20.9	15.4	33	16.5	13.2	13.2	12.1	26.4	27.5	15.4	18.7	24.2	22	15.4	20.9	17.6	17.6	26.4	30.8	33	16.5	31.9	20.9	25.3	12.1	30.8	28.6	12.1	26.4	24.2	31.9	27.5	14.3	30.8	23.1	11	27.5	28.6	15.4	11	23.1	23.1	16.5	24.2	13.2	18.7	11	17.6	15.4	24.2	17.6	31.9	19.8	13.2	31.9	11	28.6	30.8	17.6	16.5	20.9	16.5	16.5	29.7	16.5	15.4	25.3	30.8	13.2	31.9	11	12.1	13.2	27.5	28.6	24.2	19.8	23.1	12.1	29.7	33	15.4	12.1	20.9	15.4	19.8	16.5	19.8	11	15.4	33	12.1	30.8	14.3	30.8	28.6	11	31.9	17.6	16.5	31.9	27.5	14.3	17.6	15.4	15.4	18.7	30.8	13.2	26.4	19.8	24.2	25.3	28.6	29.7	33	12.1	11	16.5	31.9	28.6	20.9	33	15.4	33	26.4	33	22	12.1	29.7	12.1	24.2	11	20.9	31.9	13.2	11	33	16.5	28.6	17.6	22	12.1	11	31.9	24.2	14.3	25.3	15.4	29.7	20.9	22	13.2	29.7	14.3	27.5	17.6	18.7	30.8	27.5	31.9	27.5	33	24.2	14.3	17.6	14.3	33	20.9	30.8	19.8	12.1	30.8	12.1	15.4	26.4	26.4	27.5	18.7	16.5	14.3	14.3	23.1	24.2	27.5	18.7	29.7	26.4	26.4	25.3	29.7	25.3	29.7	24.2	19.8	26.4	15.4	17.6	24.2	18.7	24.2	25.3	14.3	14.3	30.8	25.3	31.9	31.9	14.3	19.8	17.6	16.5	14.3	28.6	33	28.6	14.3	25.3	15.4	29.7	23.1	18.7	30.8	30.8	20.9	16.5	25.3	25.3	15.4	16.5	11	23.1	11	28.6	28.6	23.1	14.3	31.9	12.1	29.7	22	31.9	12.1	29.7	24.2	20.9	16.5	22	22	15.4	23.1	29.7	15.4	22	33	16.5	14.3	15.4	22	33	12.1	24.2	12.1	29.7	18.7	25.3	15.4	14.3	13.2	28.6	28.6	31.9	13.2	28.6	18.7	14.3	19.8	19.8	30.8	13.2	11	24.2	12.1	16.5	26.4	20.9	14.3	15.4	23.1	15.4	29.7	16.5	27.5	17.6	15.4	16.5	25.3	31.9	29.7	12.1	29.7	28.6	18.7	19.8	15.4	24.2	31.9	19.8	18.7	29.7	12.1	29.7	19.8	29.7	16.5	15.4	18.7	29.7	24.2	19.8	13.2	29.7	28.6	13.2	17.6	16.5	26.4	15.4	31.9	18.7	33	22	19.8	29.7	23.1	13.2	23.1	29.7	26.4	14.3	11	11	24.2	11	31.9	27.5	28.6	26.4	28.6	16.5	28.6	31.9	27.5	22	17.6	29.7	31.9	16.5	31.9	17.6	33	23.1	27.5	31.9	14.3	15.4	30.8	29.7	23.1	27.5	14.3	23.1	20.9	26.4	19.8	
23.1	30.8	11	18.7	15.4	22	12.1	24.2	26.4	17.6	25.3	26.4	22	30.8	13.2	23.1	26.4	11	12.1	17.6	19.8	30.8	30.8	31.9	28.6	24.2	30.8	25.3	13.2	24.2	
19	11	14	15	14	19	13	10	15	13	14	15	12	20	10	15	15	12	10	11	14	13	14	16	20	18	20	18	15	16	11	17	12	10	17	11	16	14	19	11	20	10	19	16	10	17	12	16	17	11	18	13	20	13	19	17	13	15	10	14	11	14	12	10	10	19	18	12	14	18	18	12	19	17	15	14	12	11	17	12	14	12	14	14	10	13	20	19	14	13	18	16	16	16	11	14	15	13	20	19	12	16	15	18	20	10	18	16	19	12	19	13	11	12	10	16	20	16	13	14	16	18	18	14	12	16	11	18	12	12	11	18	20	20	20	16	13	16	12	10	15	13	15	13	10	11	14	13	18	12	18	10	19	15	10	15	13	17	10	19	12	10	16	18	10	12	10	13	11	14	14	17	19	11	20	13	18	15	12	10	10	14	15	14	11	18	10	18	12	17	15	16	15	11	17	19	14	12	19	15	11	17	15	19	18	20	20	11	10	19	16	15	10	11	12	11	20	13	19	13	11	14	12	16	10	10	20	13	12	19	18	10	10	11	18	14	17	13	11	17	17	18	16	20	19	20	17	20	17	14	14	12	19	19	17	15	14	18	11	16	19	19	20	15	15	11	17	11	14	12	17	13	19	19	18	12	11	10	10	12	10	15	15	19	19	17	10	16	14	11	18	18	11	10	12	20	19	14	15	11	12	10	19	19	15	11	20	12	12	17	18	18	10	20	18	10	10	15	11	17	14	11	19	10	17	11	11	10	10	16	11	16	19	17	11	20	19	13	17	14	14	14	20	13	14	12	11	12	15	10	15	19	17	18	17	13	11	18	20	19	15	19	12	12	10	10	12	17	19	10	14	11	19	17	18	19	19	11	10	18	14	12	19	11	15	19	20	17	19	13	20	12	12	15	14	17	14	11	19	19	16	14	13	16	18	13	12	14	11	13	11	19	12	14	17	20	13	15	16	13	17	20	17	19	13	12	11	13	14	20	20	16	12	16	14	13	13	20	12	12	11	14	19	12	10	10	17	13	15	17	19	19	16	15	15	18	16	18	12	19	11	18	20	15	20	20	16	15	11	12	14	17	19	18	10	18	14	20	16	10	15	15	12	12	13	16	20	16	10	16	17	11	17	15	20	13	11	19	10	17	19	15	12	15	11	13	11	16	15	14	10	16	14	19	13	17	11	15	18	19	18	14	13	14	13	18	18	11	14	12	17	11	12	11	15	20	13	13	20	20	19	17	10	13	13	17	13	16	13	14	20	20	17	20	15	14	19	18	20	15	18	18	10	12	17	13	18	12	14	15	10	14	11	10	13	10	15	20	12	19	12	16	12	17	13	16	10	13	17	11	20	10	16	16	11	12	13	18	11	19	16	13	10	17	10	10	19	17	16	10	11	10	20	16	16	16	20	19	19	13	11	19	13	14	16	12	16	19	18	19	12	19	20	14	19	17	15	17	16	14	14	16	17	13	18	19	11	16	16	15	20	12	17	14	16	17	19	17	20	19	11	20	15	16	16	18	18	20	20	13	15	10	15	11	10	13	18	13	19	19	18	10	14	13	19	15	13	20	19	19	12	11	10	19	20	16	14	12	11	17	14	11	10	10	16	17	14	11	20	14	18	16	14	20	10	11	11	20	14	10	13	12	20	11	13	14	18	20	17	11	20	13	15	12	14	11	11	10	19	17	18	20	17	18	15	17	12	12	16	17	10	17	19	13	17	16	16	20	19	20	17	20	18	11	20	19	17	16	15	14	12	17	14	10	20	20	19	12	11	15	14	10	10	10	20	10	15	10	20	18	20	16	12	12	14	16	20	19	19	13	15	14	15	12	19	18	13	12	14	20	14	20	20	19	16	10	12	19	11	16	18	16	16	13	20	11	11	11	18	16	18	14	19	15	17	10	14	16	17	14	19	18	17	17	10	16	18	13	11	16	14	11	18	19	19	12	20	13	14	12	19	12	13	13	13	16	14	15	11	15	10	13	19	14	18	16	20	11	14	18	16	10	18	16	15	11	16	15	10	12	20	16	20	17	20	12	13	19	15	18	19	11	14	11	10	13	12	20	10	12	10	12	20	15	12	10	15	14	19	11	11	16	20	20	11	11	15	18	15	10	15	20	18	13	19	16	14	14	13	12	13	19	17	15	18	16	20	17	20	16	15	14	20	18	16	15	12	12	10	11	20	18	18	15	16	11	11	18	13	20	14	13	17	14	18	16	14	11	19	17	11	14	16	20	15	20	15	18	17	11	19	15	18	19	19	16	18	20	12	20	
1	1	1	1	1	1	1	1	1	1	1	1	1	1	1	1	1	1	1	1	1	1	1	1	1	1	1	1	1	1	1	1	1	1	1	1	2	2	2	2	2	2	2	2	2	2	2	2	2	2	2	2	2	2	2	2	2	2	2	2	2	2	2	2	2	3	3	3	3	3	3	3	3	3	3	3	3	3	3	3	3	3	3	3	3	3	3	3	3	3	3	3	3	3	3	3	3	3	3	3	4	4	4	4	4	4	4	4	4	4	4	4	4	4	4	4	4	4	4	4	4	4	4	4	4	4	4	4	4	4	4	4	4	4	4	4	4	4	4	4	4	5	5	5	5	5	5	5	5	5	5	5	5	5	5	5	5	5	5	5	5	5	5	5	5	5	5	5	5	5	5	5	5	5	5	5	5	5	6	6	6	6	6	6	6	6	6	6	6	6	6	6	6	6	6	6	6	6	6	6	6	6	6	6	6	6	6	7	7	7	7	7	7	7	7	7	7	7	7	7	7	7	7	7	7	7	7	7	7	7	7	7	7	7	7	7	7	7	7	7	7	8	8	8	8	8	8	8	8	8	8	8	8	8	8	8	8	8	8	8	8	8	8	8	8	8	8	8	8	8	8	8	8	8	8	8	8	8	9	9	9	9	9	9	9	9	9	9	9	9	9	9	9	9	9	9	9	9	9	9	9	9	9	9	9	9	9	9	9	9	9	9	9	9	9	9	9	10	10	10	10	10	10	10	10	10	10	10	10	10	10	10	10	10	10	10	10	10	10	10	10	10	10	10	10	10	10	10	10	10	10	10	11	11	11	11	11	11	11	11	11	11	11	11	11	11	11	11	11	11	11	11	11	11	11	11	11	11	11	12	12	12	12	12	12	12	12	12	12	12	12	12	12	12	12	12	12	12	12	12	12	12	12	12	12	12	12	12	12	12	13	13	13	13	13	13	13	13	13	13	13	13	13	13	13	13	13	13	13	13	13	13	13	13	13	13	13	13	13	13	13	13	13	14	14	14	14	14	14	14	14	14	14	14	14	14	14	14	14	14	14	14	14	14	14	14	14	14	14	14	14	14	14	14	14	14	15	15	15	15	15	15	15	15	15	15	15	15	15	15	15	15	15	15	15	16	16	16	16	16	16	16	16	16	16	16	16	16	16	16	16	16	16	16	16	16	16	16	16	16	16	16	16	16	16	16	16	16	16	16	16	16	16	17	17	17	17	17	17	17	17	17	17	17	17	17	17	17	17	17	17	17	17	17	17	17	17	17	17	17	17	17	17	17	17	17	17	18	18	18	18	18	18	18	18	18	18	18	18	18	18	18	18	18	18	18	18	18	18	18	18	18	18	18	18	18	18	18	18	18	18	18	18	18	18	18	19	19	19	19	19	19	19	19	19	19	19	19	19	19	19	19	19	19	19	19	19	19	19	19	19	19	19	19	19	19	19	20	20	20	20	20	20	20	20	20	20	20	20	20	20	20	20	20	20	20	20	20	20	20	20	20	20	20	20	20	20	20	20	21	21	21	21	21	21	21	21	21	21	21	21	21	21	21	21	21	21	21	21	21	21	21	21	21	21	21	22	22	22	22	22	22	22	22	22	22	22	22	22	22	22	22	22	22	22	22	22	22	22	22	22	22	22	22	22	22	23	23	23	23	23	23	23	23	23	23	23	23	23	23	23	23	23	23	23	23	23	23	23	23	23	23	23	23	23	23	23	23	23	23	23	23	24	24	24	24	24	24	24	24	24	24	24	24	24	24	24	24	24	24	24	24	24	24	24	24	24	24	24	24	25	25	25	25	25	25	25	25	25	25	25	25	25	25	25	25	25	25	25	25	25	25	25	25	25	25	25	25	25	25	25	25	25	25	25	25	26	26	26	26	26	26	26	26	26	26	26	26	26	26	26	26	26	26	26	26	26	26	26	26	26	26	26	26	26	26	26	26	26	26	26	27	27	27	27	27	27	27	27	27	27	27	27	27	27	27	27	27	27	27	27	27	27	27	27	27	27	27	28	28	28	28	28	28	28	28	28	28	28	28	28	28	28	28	28	28	28	28	28	28	28	28	28	28	28	28	28	28	28	28	28	28	28	28	28	28	28	28	29	29	29	29	29	29	29	29	29	29	29	29	29	29	29	29	29	29	29	29	29	29	29	29	29	29	29	29	29	29	29	29	29	29	29	29	29	29	30	30	30	30	30	30	30	30	30	30	30	30	30	30	30	30	30	30	30	30	30	30	30	30	30	30	30	30	30	30	30	30	30	30	
