1000
15	2
1198	23.1
29	28	27	28	26	30	31	31	28	27	28	26	31	29	29	27	26	30	27	31	28	27	28	26	27	31	31	30	30	30	31	29	31	27	26	26	27	30	31	26	28	27	29	29	26	31	30	30	28	27	28	30	28	31	29	28	29	28	27	30	30	28	28	30	31	30	30	27	29	27	28	31	27	28	28	30	27	29	27	26	31	29	27	28	26	26	31	31	26	27	31	26	29	28	28	27	28	31	28	31	28	27	30	26	29	30	29	30	30	26	30	31	28	27	29	30	31	31	31	31	27	28	29	31	31	30	26	27	26	28	26	30	28	27	30	30	30	26	26	31	28	31	31	28	30	31	29	31	29	31	29	31	30	31	26	27	29	28	30	29	27	29	30	29	29	28	31	27	30	27	28	28	30	27	26	30	31	26	28	27	31	28	30	30	29	30	27	27	27	31	31	28	27	30	26	27	30	27	29	28	27	30	31	30	30	29	30	27	31	26	30	28	27	28	29	26	26	31	30	30	29	27	28	27	26	26	27	26	29	29	31	31	30	30	31	26	31	30	30	27	26	31	28	28	26	28	29	28	26	30	29	28	27	28	29	29	27	26	28	28	27	27	26	29	27	27	27	28	29	28	27	26	30	29	29	30	28	27	30	29	29	26	29	28	29	29	28	30	29	27	28	28	28	26	29	28	31	30	27	26	26	31	28	31	28	31	31	28	27	27	28	30	28	26	27	31	31	31	28	27	27	31	28	28	31	30	29	27	31	29	29	27	26	29	27	30	28	27	28	27	27	30	28	29	30	29	26	28	31	29	26	28	30	26	29	26	29	31	28	27	31	28	27	30	28	27	31	29	28	30	31	29	27	30	27	27	29	26	31	31	31	26	27	31	26	31	28	30	30	29	27	30	27	30	27	30	31	28	28	27	26	28	29	31	29	29	29	29	28	28	27	26	29	27	26	27	28	29	29	28	30	31	27	27	28	28	30	29	29	28	29	27	26	26	27	27	31	30	30	31	27	27	26	30	28	30	26	29	26	29	30	26	27	28	31	30	26	28	29	28	31	31	26	30	26	26	27	29	27	29	27	30	28	30	28	26	28	26	28	30	29	27	29	29	31	31	28	26	28	26	28	29	27	28	29	28	29	27	28	30	30	27	28	28	30	28	27	31	26	26	31	29	31	26	30	31	28	27	29	26	26	26	30	27	26	26	30	28	30	30	30	31	30	28	31	28	27	30	26	30	29	26	28	26	27	29	27	27	26	28	31	30	31	31	27	28	31	29	31	31	27	28	29	28	29	28	28	27	30	30	28	30	26	30	31	26	29	28	31	31	26	27	29	29	31	27	28	30	27	26	31	28	28	26	26	26	28	26	26	29	31	29	26	30	31	26	28	26	27	29	27	29	29	31	26	28	31	30	27	31	29	28	30	30	28	30	26	26	30	31	28	31	28	31	29	26	26	31	26	27	26	31	26	26	30	29	28	26	31	29	30	30	31	27	31	30	31	31	31	27	31	29	27	29	26	28	29	30	28	26	26	27	27	27	27	27	26	31	30	30	26	29	31	31	29	31	29	26	28	29	27	26	29	31	31	26	27	27	31	28	27	31	26	30	26	28	28	30	30	28	27	28	29	27	28	29	27	28	27	31	27	27	27	27	28	28	26	31	31	26	26	26	29	26	30	28	30	26	29	28	28	26	28	31	30	31	27	28	27	27	28	26	26	31	26	26	26	29	29	27	27	29	26	31	26	28	26	30	31	29	26	28	28	28	27	28	28	26	27	31	26	28	30	31	30	28	27	27	30	26	29	30	27	26	29	29	29	26	27	26	28	27	26	29	26	26	27	26	31	27	31	26	31	30	29	26	27	26	29	31	29	27	28	30	27	26	29	31	30	28	29	28	28	27	30	28	29	27	26	31	28	26	30	31	31	27	29	29	29	28	28	29	31	29	27	26	26	28	29	30	26	31	30	30	26	27	26	26	27	26	30	26	31	29	28	31	27	31	26	30	27	31	30	29	31	30	28	30	27	28	27	31	31	26	26	30	28	29	31	26	31	29	29	28	30	27	30	29	30	26	29	30	30	27	30	30	31	26	28	30	27	27	28	30	28	31	31	30	27	27	28	28	29	26	26	28	28	30	28	28	27	31	30	30	31	31	27	26	30	28	29	31	28	29	27	26	29	31	28	26	28	28	26	28	29	29	27	31	31	26	28	26	31	30	30	29	28	26	30	30	26	31	26	30	28	26	29	31	29	31	31	26	28	26	30	31	29	31	31	29	
77	76	85	84	89	89	78	77	86	80	94	93	82	82	89	85	87	88	88	80	85	86	76	90	83	89	92	78	77	83	89	82	85	76	94	83	79	81	78	83	93	81	87	86	83	93	87	89	76	86	77	81	80	84	84	82	76	83	87	77	94	92	83	87	89	79	87	90	88	94	94	79	85	93	77	76	89	92	87	83	94	90	93	86	86	80	91	76	84	92	89	78	85	76	85	79	91	82	90	85	77	80	89	87	93	78	91	90	86	77	88	81	77	94	84	82	77	92	90	94	92	79	79	76	77	87	76	76	84	89	81	81	87	85	84	84	81	92	85	77	91	83	81	89	81	90	89	85	77	78	85	94	83	88	77	88	89	83	93	83	93	84	81	79	85	88	78	92	91	89	79	84	84	88	78	76	94	93	78	89	86	83	87	80	84	77	81	77	91	81	89	84	92	76	87	88	88	79	86	83	79	86	77	88	94	90	94	76	88	86	85	93	81	76	90	83	89	76	77	90	76	90	91	83	79	90	92	93	92	92	78	83	80	92	94	88	89	82	88	93	83	88	77	94	82	87	89	92	91	81	89	92	77	76	77	79	92	93	86	76	90	82	83	94	84	88	89	93	84	94	93	92	94	87	92	92	91	77	82	85	79	84	93	79	81	91	90	93	93	87	89	83	78	79	89	79	82	85	79	84	82	84	90	80	82	81	86	89	83	88	88	87	85	86	82	93	93	93	79	94	87	77	90	91	87	88	92	86	77	91	94	85	90	92	86	81	93	76	81	94	88	87	78	92	91	86	88	76	81	81	91	77	90	85	78	92	90	82	87	85	90	78	81	80	84	82	77	79	89	90	79	84	91	87	92	83	85	94	92	90	79	90	76	81	90	78	87	76	82	88	88	90	91	77	78	78	83	82	90	93	94	93	89	88	87	94	89	89	84	82	93	79	80	92	76	82	81	76	83	93	87	81	82	76	92	87	82	81	83	92	94	91	93	84	82	85	91	81	92	90	83	83	93	83	83	91	89	78	94	80	89	84	77	76	85	79	80	90	87	86	82	76	90	80	76	86	83	82	84	80	94	80	85	91	89	84	91	78	76	76	89	89	91	89	94	76	83	84	91	94	93	94	93	81	89	92	87	78	86	82	94	85	90	92	90	78	80	94	80	84	85	83	90	84	84	85	77	93	84	85	86	82	78	76	80	84	92	91	78	76	87	80	82	83	76	86	87	86	89	90	79	92	88	87	93	92	80	77	90	83	85	81	81	80	91	79	78	92	87	94	84	87	90	86	77	83	94	94	88	94	91	80	85	93	94	85	81	86	84	91	89	89	76	92	83	85	84	85	83	87	87	90	88	85	87	85	81	90	87	78	91	76	90	91	88	83	94	93	83	92	80	89	89	94	80	89	81	79	85	84	82	76	86	92	84	93	81	83	84	86	83	92	81	87	83	89	81	92	79	80	80	80	79	78	86	82	83	92	80	87	84	92	79	89	79	85	77	83	83	77	89	86	93	79	92	79	77	84	82	78	78	77	86	76	77	81	77	84	92	90	83	92	89	93	77	88	88	92	92	78	81	77	80	80	91	77	84	85	94	91	94	81	82	92	76	84	85	86	83	90	87	90	86	88	78	92	89	77	81	86	85	91	77	80	90	93	89	80	78	90	88	93	91	84	83	80	86	85	81	88	81	76	87	93	83	93	94	76	92	90	90	92	92	87	92	94	84	81	85	80	90	84	84	80	79	80	84	94	77	80	78	92	84	90	90	88	81	88	93	90	89	88	77	87	91	79	94	90	83	86	90	79	79	80	92	92	92	84	89	88	87	92	85	76	79	79	94	91	80	92	78	82	84	94	85	85	77	91	92	91	90	82	87	76	77	94	78	86	81	86	76	77	93	84	82	88	93	93	78	76	94	83	91	92	85	85	86	87	88	79	83	91	78	82	90	79	76	90	76	83	86	77	86	78	78	77	79	91	77	88	89	84	76	79	91	81	93	85	79	85	86	92	86	82	93	77	91	91	82	81	90	85	91	76	76	84	81	83	86	80	93	79	83	76	89	87	85	82	92	89	78	92	80	89	86	85	86	89	87	83	94	91	85	79	92	87	84	92	92	81	83	90	93	85	86	94	88	92	83	78	85	89	77	86	90	91	88	89	89	86	89	81	86	79	85	85	93	85	88	92	85	82	79	86	92	78	94	84	76	76	77	93	77	86	87	77	86	76	92	89	86	82	90	80	86	89	77	78	94	91	89	83	92	89	91	88	88	87	77	85	
19.8	12.1	22	13.2	17.6	22	28.6	11	27.5	12.1	26.4	11	27.5	33	31.9	29.7	33	11	23.1	25.3	20.9	29.7	29.7	13.2	16.5	12.1	22	33	30.8	30.8	14.3	14.3	22	29.7	16.5	14.3	16.5	15.4	16.5	16.5	11	16.5	22	15.4	22	26.4	23.1	12.1	12.1	19.8	13.2	26.4	30.8	22	19.8	17.6	18.7	17.6	15.4	28.6	13.2	20.9	24.2	27.5	20.9	13.2	11	16.5	19.8	11	16.5	13.2	25.3	27.5	15.4	19.8	23.1	25.3	11	22	16.5	27.5	12.1	17.6	31.9	15.4	14.3	13.2	33	23.1	19.8	22	17.6	20.9	31.9	17.6	30.8	23.1	29.7	18.7	18.7	23.1	27.5	11	15.4	13.2	29.7	14.3	14.3	27.5	23.1	13.2	25.3	26.4	28.6	20.9	28.6	15.4	16.5	23.1	20.9	26.4	19.8	28.6	30.8	17.6	20.9	14.3	33	18.7	14.3	27.5	31.9	23.1	15.4	30.8	18.7	24.2	23.1	11	25.3	11	20.9	14.3	12.1	33	24.2	12.1	13.2	33	16.5	18.7	30.8	30.8	18.7	26.4	28.6	28.6	22	24.2	16.5	15.4	25.3	29.7	15.4	30.8	31.9	18.7	31.9	11	29.7	15.4	17.6	24.2	14.3	25.3	33	13.2	15.4	23.1	31.9	33	30.8	22	24.2	17.6	31.9	23.1	30.8	27.5	27.5	24.2	16.5	14.3	12.1	33	18.7	26.4	11	13.2	29.7	26.4	24.2	29.7	26.4	11	12.1	31.9	18.7	19.8	12.1	16.5	12.1	30.8	13.2	11	29.7	12.1	24.2	14.3	16.5	12.1	29.7	16.5	24.2	33	24.2	30.8	12.1	15.4	33	15.4	15.4	19.8	25.3	25.3	19.8	20.9	27.5	18.7	29.7	15.4	23.1	31.9	13.2	15.4	23.1	33	26.4	24.2	28.6	22	25.3	13.2	31.9	17.6	25.3	17.6	20.9	25.3	20.9	12.1	23.1	26.4	30.8	24.2	26.4	24.2	14.3	33	31.9	17.6	22	11	11	33	17.6	12.1	20.9	23.1	14.3	33	25.3	27.5	18.7	16.5	33	11	19.8	15.4	19.8	11	17.6	14.3	33	29.7	11	22	12.1	24.2	13.2	11	14.3	33	27.5	24.2	17.6	19.8	19.8	15.4	27.5	17.6	15.4	22	11	24.2	30.8	30.8	16.5	29.7	18.7	31.9	31.9	23.1	27.5	16.5	22	27.5	22	11	14.3	27.5	23.1	30.8	18.7	27.5	20.9	18.7	26.4	31.9	28.6	23.1	13.2	27.5	13.2	22	14.3	14.3	14.3	13.2	20.9	11	33	20.9	16.5	19.8	15.4	18.7	26.4	20.9	25.3	33	25.3	29.7	28.6	11	27.5	20.9	13.2	26.4	18.7	18.7	25.3	16.5	18.7	29.7	33	26.4	11	23.1	23.1	29.7	15.4	28.6	33	24.2	16.5	30.8	17.6	26.4	29.7	22	12.1	23.1	19.8	30.8	27.5	22	25.3	20.9	18.7	25.3	26.4	14.3	22	24.2	27.5	14.3	30.8	25.3	28.6	15.4	31.9	16.5	30.8	25.3	19.8	20.9	29.7	11	30.8	29.7	16.5	28.6	19.8	30.8	19.8	29.7	15.4	27.5	27.5	24.2	29.7	25.3	16.5	22	18.7	33	19.8	27.5	17.6	28.6	23.1	20.9	27.5	26.4	16.5	31.9	16.5	27.5	12.1	12.1	24.2	15.4	30.8	14.3	31.9	17.6	16.5	31.9	15.4	26.4	33	31.9	14.3	31.9	33	29.7	20.9	27.5	12.1	24.2	18.7	24.2	12.1	19.8	17.6	20.9	30.8	30.8	22	15.4	30.8	33	17.6	18.7	16.5	15.4	27.5	25.3	31.9	27.5	26.4	25.3	30.8	30.8	23.1	26.4	18.7	26.4	17.6	16.5	13.2	11	14.3	17.6	23.1	24.2	30.8	16.5	16.5	17.6	28.6	30.8	15.4	24.2	13.2	23.1	28.6	19.8	27.5	29.7	19.8	20.9	30.8	26.4	29.7	11	26.4	29.7	33	15.4	29.7	18.7	30.8	33	20.9	14.3	30.8	25.3	29.7	27.5	25.3	14.3	20.9	28.6	14.3	16.5	23.1	16.5	11	31.9	26.4	30.8	12.1	17.6	29.7	30.8	18.7	25.3	14.3	12.1	27.5	22	19.8	29.7	28.6	24.2	22	26.4	31.9	16.5	13.2	19.8	31.9	11	11	20.9	28.6	28.6	13.2	29.7	19.8	20.9	13.2	28.6	14.3	22	29.7	31.9	29.7	27.5	14.3	14.3	18.7	11	13.2	15.4	31.9	16.5	12.1	15.4	14.3	12.1	33	31.9	22	11	33	23.1	23.1	18.7	18.7	15.4	26.4	25.3	22	16.5	30.8	23.1	12.1	33	20.9	18.7	33	11	31.9	14.3	30.8	26.4	25.3	19.8	16.5	20.9	13.2	29.7	25.3	15.4	18.7	24.2	27.5	19.8	11	27.5	23.1	31.9	31.9	31.9	23.1	24.2	20.9	16.5	17.6	12.1	27.5	31.9	22	33	18.7	12.1	20.9	33	13.2	13.2	19.8	15.4	28.6	31.9	13.2	14.3	15.4	22	15.4	17.6	23.1	23.1	29.7	15.4	11	15.4	27.5	17.6	22	24.2	24.2	16.5	31.9	20.9	17.6	33	26.4	11	19.8	13.2	24.2	13.2	31.9	20.9	16.5	13.2	12.1	16.5	29.7	24.2	15.4	14.3	18.7	27.5	23.1	30.8	23.1	23.1	27.5	18.7	23.1	26.4	16.5	22	25.3	16.5	13.2	30.8	19.8	20.9	28.6	18.7	14.3	19.8	26.4	23.1	14.3	28.6	24.2	24.2	24.2	23.1	26.4	24.2	27.5	29.7	16.5	22	11	20.9	11	22	28.6	28.6	19.8	23.1	11	13.2	29.7	18.7	15.4	11	28.6	12.1	20.9	33	31.9	27.5	12.1	19.8	20.9	16.5	20.9	20.9	17.6	20.9	25.3	12.1	31.9	12.1	15.4	11	27.5	26.4	14.3	15.4	26.4	27.5	19.8	18.7	26.4	31.9	17.6	23.1	13.2	19.8	15.4	27.5	33	15.4	20.9	18.7	25.3	15.4	31.9	16.5	11	15.4	23.1	26.4	29.7	23.1	20.9	13.2	19.8	18.7	31.9	11	14.3	20.9	22	11	29.7	20.9	13.2	25.3	26.4	30.8	22	13.2	11	31.9	27.5	24.2	24.2	27.5	18.7	33	12.1	18.7	17.6	29.7	12.1	31.9	13.2	16.5	31.9	18.7	18.7	20.9	27.5	13.2	13.2	18.7	30.8	18.7	31.9	26.4	33	16.5	14.3	24.2	22	26.4	24.2	29.7	29.7	16.5	28.6	31.9	20.9	22	17.6	17.6	29.7	20.9	17.6	16.5	22	24.2	33	30.8	30.8	20.9	16.5	25.3	13.2	27.5	33	33	11	23.1	33	26.4	14.3	19.8	33	16.5	26.4	17.6	11	23.1	30.8	22	22	26.4	12.1	18.7	18.7	17.6	12.1	14.3	12.1	11	29.7	25.3	23.1	22	23.1	26.4	20.9	13.2	28.6	11	27.5	27.5	27.5	19.8	12.1	27.5	20.9	25.3	33	25.3	27.5	27.5	28.6	22	26.4	26.4	19.8	19.8	28.6	31.9	20.9	23.1	14.3	29.7	31.9	19.8	28.6	24.2	24.2	15.4	31.9	27.5	15.4	18.7	19.8	28.6	16.5	33	13.2	11	27.5	13.2	24.2	15.4	15.4	23.1	16.5	25.3	20.9	13.2	28.6	29.7	23.1	25.3	29.7	30.8	16.5	17.6	18.7	15.4	14.3	15.4	16.5	31.9	13.2	19.8	17.6	20.9	24.2	12.1	31.9	14.3	26.4	18.7	18.7	20.9	33	20.9	26.4	19.8	33	14.3	
26.4	12.1	31.9	24.2	16.5	15.4	23.1	33	12.1	20.9	33	12.1	15.4	11	15.4	30.8	17.6	30.8	29.7	23.1	11	13.2	18.7	23.1	19.8	12.1	30.8	12.1	25.3	23.1	23.1	19.8	18.7	22	30.8	14.3	23.1	27.5	13.2	13.2	13.2	22	14.3	28.6	29.7	11	28.6	28.6	33	31.9	25.3	16.5	33	20.9	20.9	16.5	27.5	13.2	27.5	20.9	23.1	18.7	24.2	15.4	31.9	30.8	25.3	24.2	12.1	11	33	29.7	25.3	13.2	27.5	20.9	26.4	17.6	19.8	17.6	16.5	19.8	33	12.1	20.9	30.8	28.6	26.4	19.8	15.4	13.2	19.8	25.3	33	19.8	19.8	19.8	29.7	28.6	18.7	14.3	22	13.2	30.8	14.3	30.8	26.4	17.6	18.7	33	29.7	31.9	18.7	11	30.8	11	28.6	28.6	25.3	12.1	30.8	26.4	16.5	31.9	22	31.9	16.5	12.1	29.7	14.3	24.2	33	17.6	11	31.9	15.4	19.8	20.9	13.2	11	14.3	14.3	26.4	23.1	11	24.2	31.9	23.1	26.4	13.2	14.3	27.5	29.7	22	29.7	30.8	18.7	15.4	29.7	23.1	20.9	31.9	24.2	20.9	17.6	11	29.7	28.6	16.5	18.7	25.3	20.9	29.7	11	14.3	12.1	29.7	28.6	19.8	15.4	20.9	24.2	25.3	13.2	25.3	31.9	20.9	24.2	16.5	12.1	19.8	19.8	24.2	29.7	20.9	15.4	24.2	17.6	12.1	16.5	16.5	24.2	13.2	20.9	19.8	12.1	33	24.2	26.4	27.5	22	17.6	24.2	28.6	12.1	16.5	33	18.7	11	11	11	16.5	18.7	23.1	14.3	15.4	16.5	31.9	27.5	13.2	12.1	11	13.2	13.2	17.6	16.5	23.1	23.1	18.7	15.4	20.9	24.2	28.6	23.1	23.1	26.4	27.5	15.4	20.9	17.6	31.9	24.2	26.4	24.2	24.2	30.8	22	26.4	15.4	16.5	18.7	17.6	18.7	30.8	15.4	27.5	19.8	29.7	27.5	23.1	27.5	17.6	30.8	27.5	27.5	17.6	12.1	15.4	33	20.9	20.9	13.2	18.7	27.5	23.1	24.2	25.3	26.4	12.1	12.1	27.5	24.2	28.6	28.6	25.3	20.9	14.3	26.4	17.6	28.6	31.9	27.5	23.1	29.7	17.6	33	28.6	11	13.2	24.2	29.7	12.1	16.5	23.1	30.8	31.9	14.3	28.6	22	23.1	12.1	29.7	11	33	13.2	20.9	18.7	29.7	19.8	16.5	27.5	11	23.1	28.6	26.4	20.9	12.1	33	19.8	12.1	17.6	14.3	17.6	17.6	19.8	20.9	22	29.7	20.9	12.1	11	11	11	14.3	20.9	24.2	30.8	16.5	33	22	28.6	23.1	27.5	23.1	18.7	33	22	27.5	24.2	31.9	29.7	28.6	29.7	23.1	28.6	20.9	22	31.9	22	30.8	31.9	33	30.8	27.5	12.1	13.2	33	20.9	28.6	30.8	16.5	19.8	17.6	16.5	14.3	27.5	25.3	22	12.1	23.1	14.3	28.6	15.4	28.6	30.8	20.9	15.4	25.3	18.7	26.4	19.8	15.4	25.3	24.2	29.7	20.9	31.9	16.5	29.7	16.5	29.7	16.5	19.8	14.3	29.7	14.3	22	30.8	24.2	15.4	11	11	28.6	12.1	27.5	13.2	30.8	15.4	22	33	26.4	28.6	33	12.1	24.2	12.1	30.8	18.7	15.4	12.1	17.6	28.6	30.8	11	26.4	22	25.3	15.4	14.3	27.5	11	12.1	27.5	14.3	28.6	17.6	27.5	20.9	18.7	22	14.3	11	13.2	15.4	15.4	31.9	22	15.4	20.9	14.3	15.4	26.4	16.5	17.6	17.6	25.3	25.3	22	30.8	17.6	31.9	12.1	22	31.9	15.4	24.2	29.7	18.7	30.8	23.1	27.5	19.8	25.3	16.5	31.9	20.9	20.9	33	30.8	33	22	17.6	25.3	19.8	14.3	25.3	13.2	20.9	13.2	33	29.7	28.6	24.2	24.2	26.4	19.8	23.1	22	17.6	30.8	13.2	25.3	33	28.6	26.4	26.4	28.6	26.4	17.6	33	24.2	28.6	14.3	29.7	33	20.9	33	19.8	24.2	33	13.2	16.5	15.4	15.4	31.9	24.2	13.2	28.6	15.4	29.7	33	31.9	25.3	20.9	28.6	16.5	33	15.4	27.5	20.9	23.1	11	12.1	33	16.5	11	15.4	20.9	18.7	30.8	13.2	28.6	28.6	22	19.8	12.1	11	16.5	24.2	29.7	17.6	28.6	22	15.4	19.8	13.2	31.9	14.3	18.7	20.9	28.6	27.5	24.2	27.5	19.8	27.5	16.5	22	22	25.3	19.8	19.8	25.3	30.8	26.4	22	31.9	33	23.1	19.8	29.7	15.4	20.9	33	19.8	27.5	30.8	24.2	14.3	27.5	15.4	22	28.6	30.8	11	23.1	16.5	23.1	17.6	27.5	19.8	23.1	13.2	17.6	13.2	27.5	26.4	11	13.2	31.9	12.1	13.2	14.3	18.7	26.4	28.6	19.8	11	12.1	13.2	33	25.3	20.9	25.3	18.7	11	29.7	15.4	27.5	14.3	15.4	28.6	33	18.7	31.9	31.9	14.3	24.2	22	17.6	27.5	25.3	11	33	17.6	24.2	29.7	26.4	29.7	18.7	31.9	16.5	27.5	14.3	14.3	13.2	22	28.6	26.4	24.2	31.9	20.9	18.7	12.1	30.8	30.8	27.5	20.9	13.2	30.8	26.4	29.7	25.3	11	28.6	20.9	26.4	27.5	31.9	15.4	22	33	28.6	26.4	24.2	16.5	29.7	12.1	29.7	17.6	16.5	23.1	18.7	28.6	15.4	12.1	33	12.1	17.6	19.8	23.1	14.3	12.1	27.5	19.8	27.5	13.2	30.8	15.4	26.4	20.9	24.2	27.5	16.5	22	27.5	20.9	14.3	12.1	31.9	14.3	23.1	26.4	18.7	23.1	23.1	14.3	24.2	31.9	20.9	17.6	24.2	31.9	16.5	20.9	11	18.7	23.1	29.7	19.8	30.8	23.1	11	18.7	17.6	26.4	16.5	13.2	23.1	19.8	15.4	11	31.9	29.7	20.9	23.1	18.7	30.8	28.6	29.7	28.6	25.3	23.1	23.1	24.2	22	20.9	30.8	26.4	24.2	14.3	15.4	30.8	33	26.4	12.1	15.4	16.5	23.1	27.5	12.1	13.2	25.3	20.9	27.5	30.8	13.2	19.8	15.4	11	17.6	26.4	17.6	14.3	17.6	23.1	30.8	29.7	27.5	33	26.4	15.4	24.2	12.1	11	17.6	18.7	28.6	15.4	23.1	11	11	31.9	22	24.2	19.8	14.3	11	23.1	30.8	31.9	24.2	23.1	28.6	15.4	33	16.5	15.4	29.7	27.5	23.1	31.9	23.1	19.8	26.4	15.4	31.9	25.3	27.5	27.5	19.8	22	19.8	11	22	26.4	30.8	20.9	23.1	26.4	26.4	27.5	31.9	13.2	29.7	15.4	27.5	26.4	18.7	30.8	26.4	31.9	24.2	19.8	23.1	18.7	30.8	26.4	15.4	25.3	24.2	18.7	19.8	24.2	22	23.1	18.7	12.1	33	28.6	22	33	12.1	31.9	23.1	15.4	33	11	13.2	16.5	25.3	16.5	16.5	25.3	15.4	16.5	26.4	24.2	15.4	13.2	18.7	15.4	12.1	26.4	13.2	19.8	14.3	12.1	16.5	27.5	13.2	26.4	30.8	11	16.5	30.8	25.3	26.4	29.7	12.1	18.7	19.8	17.6	29.7	30.8	11	29.7	15.4	15.4	24.2	20.9	14.3	14.3	20.9	29.7	31.9	27.5	15.4	31.9	28.6	19.8	19.8	18.7	25.3	31.9	17.6	16.5	14.3	23.1	17.6	18.7	20.9	31.9	30.8	14.3	26.4	28.6	11	22	14.3	
24.2	12.1	29.7	27.5	26.4	18.7	12.1	31.9	26.4	29.7	14.3	22	14.3	11	29.7	
17	10	11	11	19	10	17	19	11	16	17	11	19	12	17	11	16	17	10	18	11	18	12	13	10	18	18	20	18	12	15	18	10	19	15	18	10	11	13	13	10	12	14	12	12	17	10	18	16	18	18	20	19	16	11	10	12	15	12	15	18	11	10	12	14	20	11	10	12	18	20	17	16	17	17	15	16	17	11	13	20	17	10	20	16	11	19	15	12	19	11	17	14	15	13	10	15	15	19	13	13	15	18	13	13	11	18	13	17	19	12	14	12	17	19	16	19	15	15	14	10	15	17	19	15	19	11	10	10	19	14	14	14	16	15	13	16	16	20	11	14	12	17	18	19	17	13	14	17	18	16	16	16	19	18	17	18	17	19	10	16	14	16	14	14	17	18	11	20	19	14	11	16	20	14	16	10	19	20	16	10	14	11	18	10	12	19	13	14	12	14	16	10	20	13	16	20	13	20	15	20	16	14	12	19	18	11	18	11	11	12	20	11	15	12	20	16	14	11	20	12	18	19	10	14	20	20	17	18	12	16	10	17	14	12	16	16	10	10	16	13	10	13	11	14	18	12	15	12	10	14	20	20	10	13	19	12	12	11	16	14	15	12	11	13	17	14	18	13	14	10	17	15	14	15	10	11	15	18	20	10	19	10	15	12	12	14	15	11	16	14	18	12	14	10	12	17	15	12	12	14	16	18	11	18	20	14	19	18	20	15	20	20	16	17	16	16	12	18	15	10	16	14	18	18	12	14	10	14	11	12	19	12	14	14	16	11	20	16	18	10	12	12	16	18	11	19	13	14	14	12	12	16	13	16	19	14	15	17	14	16	10	10	17	20	14	11	17	20	10	11	10	15	15	18	10	13	16	17	20	19	15	20	12	18	12	18	11	13	15	13	11	20	10	12	19	15	17	16	14	20	15	11	19	12	14	10	14	17	18	13	17	19	17	17	10	18	12	10	15	20	15	16	13	14	13	11	14	10	11	19	13	20	19	18	19	20	17	16	14	14	19	18	13	11	14	11	12	15	13	11	10	18	13	10	18	20	19	14	19	20	20	12	11	15	16	13	18	18	13	14	10	14	13	20	11	19	20	17	16	20	14	17	19	19	18	10	13	14	11	18	10	14	16	15	20	13	12	16	12	11	19	19	15	11	10	19	20	14	18	15	19	10	18	15	19	15	12	12	16	15	16	18	13	15	10	18	16	18	16	14	19	12	17	10	12	18	10	17	11	16	10	20	13	20	17	17	12	18	13	17	15	14	12	13	18	10	16	15	20	15	10	10	10	11	13	18	17	17	12	14	13	19	14	17	18	19	17	20	12	10	14	20	10	14	11	13	12	20	16	12	19	19	14	18	20	17	12	17	10	10	15	17	13	11	14	11	11	20	15	18	10	11	18	11	16	12	16	19	12	10	18	18	15	14	18	20	17	20	12	18	15	18	12	12	20	13	14	14	15	18	18	16	14	19	15	14	19	11	15	12	14	16	20	16	15	19	20	10	20	14	12	13	20	13	16	10	14	17	13	17	10	20	17	14	20	19	15	13	18	12	17	12	13	16	17	18	19	17	13	12	16	11	17	18	15	15	19	10	12	18	14	11	17	14	15	20	20	17	18	18	10	20	16	16	15	13	15	11	20	10	18	10	15	14	13	11	20	11	18	16	15	12	10	19	20	20	16	11	13	19	14	15	19	13	16	10	13	12	16	17	11	10	12	18	11	17	19	19	20	12	19	15	16	18	15	17	13	17	19	12	15	15	11	13	18	20	20	10	12	20	13	17	10	17	10	17	10	19	16	12	17	19	12	15	14	14	18	16	18	14	20	14	12	11	12	12	11	17	19	16	13	10	18	12	20	18	15	13	10	10	10	19	20	18	17	13	15	12	11	13	14	15	15	13	12	18	20	18	14	20	17	18	19	13	14	12	18	14	13	17	12	11	13	16	14	12	20	16	11	14	16	14	17	20	18	12	19	17	10	19	17	18	13	10	13	14	19	16	14	11	17	14	12	20	11	10	13	19	19	10	13	11	15	20	17	16	13	11	13	15	15	13	15	16	14	15	12	13	17	10	20	13	20	17	15	17	11	16	15	14	13	12	11	17	11	12	18	13	18	17	13	14	16	10	10	11	17	15	17	18	17	14	10	20	11	20	12	15	10	15	16	10	18	10	20	20	12	17	10	12	17	12	16	15	13	12	17	13	18	14	20	15	19	12	19	14	12	12	10	10	10	19	19	11	16	18	12	17	14	17	10	13	13	13	17	14	16	20	14	
1	1	1	1	1	1	1	1	1	1	1	1	1	1	1	1	1	1	1	1	1	1	1	1	1	1	1	1	1	1	1	1	1	1	1	1	1	1	1	1	1	1	1	1	1	1	1	1	1	1	1	1	1	1	1	1	1	1	1	1	1	1	1	1	1	1	1	1	1	2	2	2	2	2	2	2	2	2	2	2	2	2	2	2	2	2	2	2	2	2	2	2	2	2	2	2	2	2	2	2	2	2	2	2	2	2	2	2	2	2	2	2	2	2	2	2	2	2	2	2	2	2	2	2	2	2	2	2	2	2	2	2	2	2	2	2	2	2	2	2	2	2	2	2	2	2	3	3	3	3	3	3	3	3	3	3	3	3	3	3	3	3	3	3	3	3	3	3	3	3	3	3	3	3	3	3	3	3	3	3	3	3	3	3	3	3	3	3	3	3	3	3	3	3	3	3	3	3	3	3	3	3	3	3	3	3	3	3	3	3	3	3	3	3	3	3	3	3	3	3	3	3	3	3	3	3	3	4	4	4	4	4	4	4	4	4	4	4	4	4	4	4	4	4	4	4	4	4	4	4	4	4	4	4	4	4	4	4	4	4	4	4	4	4	4	4	4	4	4	4	4	4	4	4	4	4	4	4	4	4	4	4	4	4	4	4	4	4	4	4	4	4	4	4	4	4	4	4	4	4	4	4	5	5	5	5	5	5	5	5	5	5	5	5	5	5	5	5	5	5	5	5	5	5	5	5	5	5	5	5	5	5	5	5	5	5	5	5	5	5	5	5	5	5	5	5	5	5	5	5	5	5	5	5	5	5	5	5	5	5	5	5	5	5	5	5	6	6	6	6	6	6	6	6	6	6	6	6	6	6	6	6	6	6	6	6	6	6	6	6	6	6	6	6	6	6	6	6	6	6	6	6	6	6	6	6	6	6	6	6	6	6	6	6	6	6	6	6	6	6	6	6	6	6	6	6	6	6	6	6	6	6	6	6	6	6	6	7	7	7	7	7	7	7	7	7	7	7	7	7	7	7	7	7	7	7	7	7	7	7	7	7	7	7	7	7	7	7	7	7	7	7	7	7	7	7	7	7	7	7	7	7	7	7	7	7	7	7	7	7	7	7	7	7	7	7	8	8	8	8	8	8	8	8	8	8	8	8	8	8	8	8	8	8	8	8	8	8	8	8	8	8	8	8	8	8	8	8	8	8	8	8	8	8	8	8	8	8	8	8	8	8	8	8	8	8	8	8	8	8	8	8	8	8	8	8	8	8	8	8	9	9	9	9	9	9	9	9	9	9	9	9	9	9	9	9	9	9	9	9	9	9	9	9	9	9	9	9	9	9	9	9	9	9	9	9	9	9	9	9	9	9	9	9	9	9	9	9	9	9	9	9	9	9	9	9	9	9	9	9	9	9	9	9	9	9	9	9	9	9	9	9	9	10	10	10	10	10	10	10	10	10	10	10	10	10	10	10	10	10	10	10	10	10	10	10	10	10	10	10	10	10	10	10	10	10	10	10	10	10	10	10	10	10	10	10	10	10	10	10	10	10	10	10	10	10	10	10	10	10	10	10	10	10	10	10	10	10	11	11	11	11	11	11	11	11	11	11	11	11	11	11	11	11	11	11	11	11	11	11	11	11	11	11	11	11	11	11	11	11	11	11	11	11	11	11	11	11	11	11	11	11	11	11	11	11	11	11	11	11	11	11	12	12	12	12	12	12	12	12	12	12	12	12	12	12	12	12	12	12	12	12	12	12	12	12	12	12	12	12	12	12	12	12	12	12	12	12	12	12	12	12	12	12	12	12	12	12	12	12	12	12	12	12	12	12	12	12	12	12	12	12	12	12	12	12	12	12	12	12	12	12	12	12	13	13	13	13	13	13	13	13	13	13	13	13	13	13	13	13	13	13	13	13	13	13	13	13	13	13	13	13	13	13	13	13	13	13	13	13	13	13	13	13	13	13	13	13	13	13	13	13	13	13	13	13	13	13	13	13	13	14	14	14	14	14	14	14	14	14	14	14	14	14	14	14	14	14	14	14	14	14	14	14	14	14	14	14	14	14	14	14	14	14	14	14	14	14	14	14	14	14	14	14	14	14	14	14	14	14	14	14	14	14	14	14	14	14	14	14	14	14	14	14	14	14	15	15	15	15	15	15	15	15	15	15	15	15	15	15	15	15	15	15	15	15	15	15	15	15	15	15	15	15	15	15	15	15	15	15	15	15	15	15	15	15	15	15	15	15	15	15	15	15	15	15	15	15	15	15	
