1000
15	4
1043	28.6
26	29	30	26	27	31	27	30	28	26	30	31	28	26	29	27	30	29	27	27	26	29	29	30	27	31	30	27	30	28	26	27	29	30	30	31	31	29	28	30	26	27	26	30	30	27	30	31	28	31	27	31	27	31	28	31	27	31	30	29	29	29	27	28	28	31	29	30	27	31	30	28	30	31	29	31	31	27	29	27	31	30	30	27	28	31	26	31	29	30	28	31	31	28	26	29	27	26	26	29	30	27	27	26	31	28	30	29	27	30	31	30	31	31	27	29	26	27	31	28	31	28	28	26	26	29	27	29	30	26	31	27	31	26	26	28	30	31	26	31	29	30	30	30	27	31	27	26	28	28	29	26	29	26	28	26	26	31	27	26	29	31	31	29	28	28	30	30	27	28	29	31	28	29	31	30	28	28	30	29	31	30	30	29	29	31	26	27	27	28	29	29	31	26	29	30	30	29	31	29	27	26	27	29	26	30	28	28	26	28	29	31	29	27	26	29	31	26	29	27	30	27	29	31	29	31	31	29	28	30	28	26	31	27	29	31	26	30	30	31	26	30	31	26	30	28	29	26	28	28	27	31	31	30	31	28	30	26	31	26	29	27	31	27	31	28	28	28	31	26	26	29	26	26	31	29	30	30	29	27	29	26	29	28	30	31	27	27	29	29	29	27	28	28	28	26	30	29	31	26	29	28	31	29	30	27	27	29	27	29	27	26	29	31	29	31	28	29	26	27	28	26	31	28	30	29	27	26	26	26	30	27	29	27	27	28	31	27	27	31	30	26	28	31	30	31	27	30	29	29	27	28	29	31	28	29	30	27	26	26	29	30	26	28	28	27	29	26	27	27	31	31	27	29	29	31	29	30	26	30	30	28	29	29	31	30	27	31	26	29	28	29	28	30	26	27	27	28	26	28	31	30	30	30	26	28	31	30	26	31	28	26	27	26	29	30	26	27	28	29	28	27	26	28	26	26	27	28	27	27	29	26	28	31	30	30	29	26	27	27	31	26	28	27	30	26	28	27	26	30	31	29	27	27	26	31	31	26	31	27	31	29	26	29	26	28	31	27	28	29	30	26	29	28	26	31	27	28	27	30	27	31	26	29	30	28	28	26	29	26	30	29	27	29	30	29	30	31	31	31	28	27	27	27	30	31	29	27	29	30	30	27	26	29	27	31	29	31	26	28	27	28	30	31	29	27	30	29	31	29	31	31	31	31	30	29	31	27	26	27	29	28	29	28	26	30	29	29	28	30	29	28	31	26	29	31	31	26	30	26	30	30	30	27	31	27	28	28	31	29	30	30	31	27	28	27	31	31	27	26	26	27	31	28	26	27	28	29	27	30	26	28	31	28	30	31	31	29	29	26	31	28	26	30	30	30	29	29	28	31	30	27	26	30	26	29	27	26	29	31	30	28	31	28	28	31	31	26	29	30	30	29	29	29	27	27	28	30	31	30	31	30	28	26	29	31	26	30	30	28	27	26	28	28	31	29	31	26	28	31	27	31	28	28	29	26	29	30	26	30	30	31	26	27	28	31	31	31	28	26	30	28	26	28	28	31	31	31	30	29	27	29	26	26	28	28	28	26	27	28	26	31	28	29	29	27	27	30	30	30	30	29	31	30	26	29	28	31	28	30	28	26	27	31	31	30	29	26	31	28	30	29	26	30	30	28	31	26	29	26	26	29	26	30	31	28	26	28	26	27	31	27	27	28	26	31	29	30	28	27	28	29	31	31	26	26	27	27	28	26	28	30	28	26	26	27	27	26	27	26	26	26	30	28	31	30	26	27	26	31	26	29	27	30	31	29	27	30	30	30	30	29	31	26	26	31	30	26	28	28	27	26	29	28	27	30	26	26	26	26	28	30	27	31	29	26	29	28	29	26	30	28	27	30	28	30	28	26	27	29	29	29	28	30	29	26	31	31	29	30	27	30	28	31	26	28	27	26	29	29	27	31	27	28	28	27	30	27	30	26	30	29	29	29	28	26	30	31	31	27	31	31	28	31	31	28	28	30	28	31	28	29	27	31	31	31	27	27	27	28	30	29	26	29	31	30	26	29	26	29	30	28	31	28	30	27	26	26	27	30	28	29	29	29	27	29	28	28	27	30	29	29	31	27	31	30	28	31	30	31	30	30	26	31	28	27	28	28	29	31	31	30	31	29	27	28	27	30	31	29	30	31	30	27	30	26	27	29	30	29	26	31	31	31	27	30	27	26	26	27	27	27	29	28	30	26	29	26	26	29	29	26	30	27	27	31	30	31	30	28	
81	78	76	89	88	91	92	82	86	77	85	86	84	86	92	93	82	81	79	83	84	82	76	88	94	88	86	78	87	86	90	79	77	89	94	85	88	86	90	93	88	81	81	83	88	87	86	93	77	93	87	78	85	86	91	76	94	82	88	86	84	88	78	85	82	79	92	93	86	81	90	80	93	94	93	84	85	92	88	90	78	76	80	80	76	81	88	81	88	85	79	85	81	94	77	89	82	89	78	78	77	91	83	92	76	86	85	84	84	77	86	85	90	79	77	76	85	90	76	90	81	80	94	94	94	83	87	89	86	93	80	93	94	94	79	76	94	76	79	86	76	78	87	80	82	76	93	93	94	80	90	82	76	91	80	86	86	92	94	87	92	86	87	84	93	88	89	85	79	80	88	77	85	79	89	76	80	83	76	93	93	93	77	88	84	93	81	79	90	90	86	94	87	88	85	94	91	79	83	92	79	78	79	83	91	91	84	89	94	83	82	89	76	90	88	86	83	79	88	83	85	79	80	91	92	86	79	92	94	81	79	91	77	88	88	79	93	85	93	87	85	76	93	85	79	77	94	93	81	87	83	92	83	82	90	86	81	83	81	90	93	76	78	83	79	86	81	86	88	89	76	81	81	94	79	86	84	90	93	84	91	83	83	77	91	84	91	81	93	84	84	86	78	87	86	81	79	79	92	78	92	77	93	82	83	80	92	83	82	83	87	84	85	89	85	78	90	90	92	78	76	78	82	83	76	79	87	79	79	77	89	87	86	88	85	94	88	91	92	82	93	91	81	91	79	89	88	80	87	93	94	87	90	90	76	79	85	81	92	91	80	92	87	89	90	81	76	79	92	87	87	92	92	76	80	93	78	90	78	87	91	87	78	84	85	93	87	94	93	85	90	87	87	87	92	78	86	83	82	87	93	88	79	86	85	83	93	91	79	86	88	88	81	84	80	89	90	83	79	85	82	78	80	84	88	84	92	85	90	85	80	81	88	82	82	91	80	89	81	92	91	93	87	88	81	87	81	84	94	82	80	88	78	88	87	93	93	85	90	80	85	82	94	90	92	94	80	83	77	90	91	77	88	90	78	89	88	84	76	90	86	85	81	81	77	86	93	80	83	94	77	87	92	79	94	94	82	83	77	88	84	80	92	93	86	82	84	76	79	77	86	85	83	87	76	81	78	79	78	80	80	77	82	84	82	81	89	94	77	86	94	83	85	88	90	77	80	94	78	92	85	77	86	84	94	91	93	89	79	79	91	79	77	77	79	76	89	92	84	80	80	94	92	82	84	88	76	88	89	76	86	81	83	88	89	86	87	81	80	87	78	89	89	81	82	79	92	77	80	86	82	77	88	86	85	92	93	91	94	92	77	78	81	87	80	87	87	76	77	87	89	81	81	86	76	89	91	92	80	88	79	91	88	80	79	82	87	85	91	82	87	78	94	78	88	93	91	94	88	80	77	81	82	81	76	76	85	85	83	84	80	87	83	91	77	87	86	92	80	83	87	92	87	84	80	77	86	84	91	94	93	78	90	89	91	85	83	93	85	88	88	80	91	93	92	84	86	84	89	89	88	77	81	78	94	88	94	85	80	77	84	82	94	78	86	81	91	92	85	85	78	89	78	85	89	85	89	94	83	76	76	87	80	82	77	82	86	81	83	80	93	88	85	76	80	76	90	77	90	79	76	80	82	80	84	94	91	94	83	85	92	91	91	92	81	82	90	93	93	86	81	86	81	85	81	85	91	85	86	86	78	78	91	86	89	77	92	76	89	94	80	79	93	90	77	90	93	80	93	91	88	86	85	94	85	87	92	78	79	79	94	85	94	83	84	92	80	84	83	93	81	85	87	90	90	92	91	89	81	94	79	83	87	84	88	87	94	85	91	89	89	83	92	93	91	92	89	78	84	82	87	90	91	94	93	78	88	89	76	79	91	84	76	88	92	81	92	94	93	76	87	88	86	84	84	77	78	81	79	94	89	91	76	83	82	78	93	84	83	80	90	83	91	79	91	83	86	85	94	83	93	85	81	82	79	81	89	86	86	92	78	76	91	77	77	90	80	92	89	77	93	80	82	92	85	91	82	85	87	91	82	83	92	82	80	82	86	86	90	82	89	88	77	82	81	85	86	89	81	78	88	78	88	81	89	88	90	90	86	80	94	85	91	90	92	76	82	78	82	85	78	79	76	80	87	84	79	83	92	91	87	88	86	81	93	85	91	80	94	81	79	87	89	80	78	94	76	85	86	79	77	91	82	82	93	78	78	89	79	82	
18.7	13.2	33	24.2	11	12.1	19.8	28.6	26.4	15.4	20.9	33	12.1	18.7	28.6	20.9	24.2	18.7	18.7	31.9	18.7	19.8	18.7	29.7	33	26.4	30.8	12.1	16.5	26.4	18.7	11	18.7	15.4	31.9	25.3	20.9	31.9	31.9	22	12.1	28.6	17.6	28.6	26.4	31.9	29.7	20.9	11	11	16.5	17.6	24.2	18.7	15.4	33	18.7	18.7	16.5	15.4	29.7	13.2	31.9	28.6	15.4	24.2	20.9	18.7	23.1	14.3	31.9	16.5	26.4	14.3	31.9	30.8	27.5	11	19.8	20.9	22	26.4	13.2	20.9	25.3	19.8	12.1	25.3	20.9	11	23.1	18.7	26.4	12.1	13.2	20.9	11	30.8	11	33	25.3	26.4	15.4	22	22	11	11	31.9	15.4	11	16.5	19.8	25.3	30.8	12.1	16.5	24.2	30.8	15.4	26.4	27.5	26.4	27.5	11	19.8	24.2	28.6	19.8	20.9	18.7	24.2	30.8	27.5	31.9	25.3	16.5	16.5	19.8	13.2	13.2	28.6	16.5	33	29.7	30.8	14.3	14.3	17.6	11	11	25.3	15.4	19.8	17.6	11	20.9	25.3	25.3	33	19.8	18.7	11	12.1	23.1	18.7	16.5	29.7	20.9	14.3	24.2	23.1	31.9	12.1	22	15.4	19.8	27.5	15.4	31.9	12.1	28.6	23.1	22	28.6	25.3	31.9	15.4	15.4	30.8	16.5	20.9	14.3	14.3	26.4	33	27.5	17.6	12.1	12.1	11	30.8	22	33	24.2	29.7	24.2	27.5	19.8	19.8	24.2	11	15.4	29.7	30.8	18.7	17.6	15.4	28.6	12.1	14.3	15.4	11	29.7	14.3	14.3	24.2	12.1	26.4	18.7	13.2	23.1	31.9	16.5	28.6	18.7	23.1	29.7	26.4	30.8	33	23.1	20.9	23.1	26.4	26.4	25.3	19.8	17.6	31.9	20.9	18.7	13.2	19.8	26.4	22	31.9	13.2	16.5	31.9	28.6	28.6	19.8	15.4	29.7	12.1	24.2	14.3	15.4	19.8	22	28.6	23.1	24.2	31.9	27.5	15.4	13.2	27.5	13.2	23.1	33	20.9	33	22	17.6	17.6	11	33	29.7	22	31.9	14.3	26.4	28.6	12.1	29.7	19.8	16.5	14.3	26.4	31.9	12.1	17.6	17.6	15.4	18.7	16.5	13.2	20.9	14.3	29.7	33	14.3	25.3	33	16.5	28.6	15.4	26.4	16.5	29.7	14.3	31.9	16.5	11	14.3	23.1	19.8	28.6	19.8	18.7	29.7	22	27.5	19.8	13.2	28.6	28.6	14.3	25.3	33	16.5	12.1	14.3	17.6	16.5	31.9	31.9	20.9	11	27.5	31.9	28.6	29.7	22	13.2	14.3	25.3	18.7	23.1	30.8	33	13.2	25.3	16.5	18.7	12.1	15.4	12.1	17.6	23.1	23.1	22	23.1	29.7	23.1	25.3	24.2	30.8	12.1	31.9	15.4	31.9	29.7	17.6	20.9	33	11	29.7	14.3	33	25.3	23.1	11	11	23.1	24.2	16.5	13.2	31.9	28.6	17.6	29.7	19.8	28.6	12.1	14.3	30.8	30.8	14.3	25.3	14.3	19.8	30.8	11	27.5	27.5	18.7	22	16.5	18.7	19.8	24.2	22	20.9	28.6	27.5	19.8	12.1	29.7	19.8	20.9	24.2	15.4	23.1	20.9	12.1	18.7	18.7	25.3	24.2	20.9	31.9	11	11	11	24.2	28.6	19.8	15.4	11	30.8	29.7	11	12.1	22	23.1	13.2	16.5	12.1	33	17.6	33	16.5	27.5	17.6	28.6	15.4	16.5	31.9	30.8	33	31.9	25.3	28.6	25.3	11	17.6	19.8	25.3	33	26.4	24.2	25.3	13.2	27.5	19.8	30.8	22	22	12.1	28.6	26.4	13.2	20.9	14.3	15.4	25.3	30.8	22	16.5	14.3	24.2	29.7	24.2	25.3	13.2	16.5	11	17.6	16.5	20.9	33	14.3	22	29.7	15.4	26.4	23.1	23.1	25.3	24.2	16.5	12.1	20.9	19.8	22	20.9	31.9	26.4	28.6	22	15.4	33	24.2	12.1	15.4	14.3	16.5	23.1	12.1	27.5	22	20.9	15.4	28.6	29.7	14.3	30.8	11	14.3	12.1	17.6	20.9	30.8	31.9	28.6	30.8	29.7	18.7	17.6	22	16.5	23.1	23.1	14.3	29.7	15.4	14.3	15.4	29.7	12.1	31.9	11	25.3	24.2	26.4	20.9	26.4	14.3	18.7	31.9	25.3	18.7	33	25.3	29.7	25.3	13.2	23.1	23.1	18.7	15.4	13.2	31.9	16.5	25.3	11	16.5	23.1	13.2	20.9	33	31.9	13.2	22	31.9	18.7	13.2	26.4	23.1	14.3	15.4	27.5	20.9	26.4	16.5	30.8	31.9	15.4	13.2	27.5	15.4	26.4	13.2	33	28.6	11	28.6	20.9	23.1	15.4	23.1	17.6	19.8	17.6	26.4	16.5	18.7	20.9	23.1	14.3	26.4	33	22	29.7	12.1	20.9	22	27.5	12.1	26.4	12.1	20.9	18.7	33	28.6	24.2	19.8	12.1	14.3	17.6	23.1	28.6	23.1	17.6	19.8	19.8	27.5	19.8	19.8	31.9	28.6	23.1	15.4	24.2	19.8	30.8	15.4	15.4	24.2	12.1	25.3	22	29.7	25.3	18.7	12.1	25.3	15.4	22	26.4	31.9	11	14.3	29.7	19.8	16.5	16.5	13.2	30.8	16.5	31.9	29.7	19.8	23.1	20.9	33	23.1	31.9	23.1	20.9	20.9	25.3	18.7	14.3	17.6	29.7	23.1	33	14.3	26.4	20.9	22	18.7	29.7	23.1	11	28.6	17.6	28.6	11	23.1	16.5	31.9	28.6	15.4	25.3	24.2	12.1	19.8	18.7	27.5	23.1	33	22	28.6	29.7	30.8	19.8	12.1	20.9	14.3	15.4	29.7	27.5	29.7	31.9	23.1	20.9	24.2	33	16.5	20.9	19.8	30.8	29.7	29.7	33	31.9	11	15.4	33	11	20.9	13.2	13.2	12.1	12.1	13.2	28.6	26.4	16.5	17.6	33	12.1	25.3	30.8	23.1	23.1	33	20.9	26.4	23.1	24.2	12.1	13.2	14.3	23.1	25.3	13.2	33	14.3	25.3	18.7	19.8	19.8	17.6	18.7	22	28.6	24.2	17.6	31.9	13.2	33	22	15.4	14.3	29.7	23.1	14.3	16.5	30.8	13.2	26.4	14.3	29.7	26.4	26.4	15.4	19.8	23.1	30.8	15.4	24.2	29.7	19.8	15.4	11	18.7	16.5	24.2	19.8	15.4	15.4	14.3	14.3	26.4	33	11	20.9	23.1	31.9	18.7	12.1	24.2	28.6	17.6	12.1	23.1	14.3	17.6	33	25.3	14.3	25.3	27.5	18.7	17.6	11	11	24.2	20.9	24.2	28.6	17.6	14.3	30.8	25.3	33	31.9	12.1	31.9	27.5	15.4	31.9	20.9	12.1	27.5	18.7	31.9	31.9	11	16.5	15.4	27.5	30.8	19.8	13.2	16.5	13.2	24.2	22	11	27.5	13.2	14.3	30.8	20.9	18.7	28.6	20.9	31.9	22	30.8	11	14.3	11	30.8	14.3	28.6	20.9	30.8	15.4	13.2	19.8	17.6	33	22	16.5	26.4	27.5	19.8	26.4	30.8	13.2	30.8	28.6	23.1	25.3	16.5	28.6	20.9	23.1	18.7	17.6	12.1	15.4	11	14.3	26.4	22	22	15.4	28.6	30.8	16.5	12.1	12.1	19.8	15.4	15.4	17.6	33	17.6	26.4	25.3	24.2	13.2	13.2	26.4	16.5	31.9	17.6	23.1	13.2	17.6	22	18.7	31.9	19.8	12.1	33	16.5	19.8	23.1	31.9	20.9	26.4	22	14.3	15.4	20.9	24.2	33	23.1	27.5	11	14.3	
17.6	15.4	20.9	33	13.2	16.5	11	30.8	14.3	16.5	29.7	28.6	28.6	23.1	28.6	30.8	22	18.7	17.6	17.6	27.5	17.6	31.9	24.2	26.4	16.5	24.2	17.6	13.2	13.2	17.6	12.1	26.4	11	22	31.9	24.2	20.9	16.5	13.2	28.6	17.6	12.1	25.3	27.5	31.9	29.7	12.1	16.5	22	13.2	24.2	25.3	26.4	31.9	33	27.5	15.4	11	16.5	20.9	24.2	17.6	15.4	30.8	15.4	25.3	30.8	26.4	23.1	26.4	33	33	22	18.7	18.7	12.1	11	24.2	29.7	27.5	31.9	13.2	16.5	33	25.3	22	27.5	14.3	13.2	25.3	28.6	14.3	26.4	24.2	27.5	20.9	15.4	15.4	19.8	13.2	33	12.1	22	18.7	25.3	11	13.2	28.6	15.4	26.4	11	16.5	15.4	19.8	17.6	30.8	26.4	31.9	29.7	19.8	19.8	14.3	20.9	11	18.7	29.7	19.8	18.7	24.2	33	29.7	19.8	25.3	27.5	12.1	30.8	25.3	11	17.6	22	23.1	24.2	26.4	16.5	12.1	20.9	27.5	19.8	19.8	22	22	29.7	14.3	18.7	22	15.4	31.9	26.4	17.6	17.6	22	12.1	30.8	19.8	26.4	17.6	30.8	12.1	16.5	13.2	30.8	15.4	33	20.9	33	28.6	19.8	33	29.7	33	12.1	26.4	19.8	31.9	25.3	23.1	29.7	24.2	25.3	11	33	12.1	24.2	16.5	17.6	22	33	11	23.1	13.2	25.3	20.9	16.5	16.5	19.8	19.8	28.6	24.2	15.4	27.5	29.7	28.6	28.6	11	33	23.1	19.8	17.6	18.7	29.7	27.5	29.7	15.4	31.9	12.1	25.3	19.8	18.7	29.7	17.6	31.9	33	17.6	28.6	14.3	19.8	23.1	15.4	25.3	24.2	18.7	20.9	29.7	28.6	18.7	19.8	28.6	23.1	28.6	12.1	12.1	24.2	12.1	12.1	27.5	28.6	29.7	22	29.7	27.5	28.6	16.5	13.2	31.9	20.9	31.9	11	14.3	23.1	30.8	22	28.6	12.1	12.1	11	19.8	17.6	15.4	31.9	23.1	19.8	25.3	29.7	24.2	33	25.3	27.5	26.4	28.6	14.3	12.1	22	11	12.1	25.3	17.6	14.3	11	15.4	18.7	26.4	18.7	33	18.7	20.9	17.6	18.7	23.1	13.2	16.5	20.9	28.6	26.4	11	15.4	17.6	25.3	15.4	13.2	17.6	33	33	22	29.7	11	18.7	13.2	29.7	15.4	28.6	15.4	13.2	23.1	17.6	28.6	31.9	14.3	17.6	25.3	17.6	23.1	24.2	24.2	30.8	22	23.1	16.5	16.5	22	26.4	26.4	18.7	19.8	24.2	30.8	16.5	25.3	22	19.8	18.7	18.7	29.7	11	30.8	25.3	22	20.9	12.1	27.5	12.1	18.7	13.2	24.2	33	19.8	28.6	20.9	20.9	31.9	12.1	24.2	29.7	14.3	30.8	14.3	23.1	19.8	26.4	11	26.4	18.7	12.1	19.8	33	11	16.5	16.5	12.1	18.7	28.6	33	31.9	33	29.7	19.8	11	26.4	33	25.3	17.6	15.4	18.7	27.5	25.3	19.8	24.2	20.9	12.1	11	24.2	13.2	11	13.2	11	14.3	11	17.6	12.1	23.1	26.4	25.3	22	27.5	12.1	22	28.6	24.2	30.8	13.2	23.1	16.5	20.9	11	12.1	12.1	12.1	27.5	13.2	18.7	22	25.3	13.2	31.9	12.1	26.4	31.9	11	16.5	27.5	30.8	27.5	31.9	15.4	29.7	27.5	13.2	31.9	25.3	25.3	22	28.6	15.4	26.4	30.8	26.4	31.9	20.9	24.2	15.4	17.6	13.2	31.9	26.4	26.4	23.1	13.2	20.9	19.8	17.6	14.3	26.4	16.5	20.9	29.7	18.7	27.5	17.6	12.1	24.2	20.9	28.6	25.3	23.1	28.6	11	27.5	20.9	19.8	30.8	27.5	28.6	26.4	11	14.3	28.6	19.8	11	29.7	16.5	24.2	29.7	24.2	20.9	25.3	14.3	13.2	18.7	13.2	17.6	27.5	23.1	27.5	22	14.3	11	26.4	22	28.6	16.5	30.8	22	33	27.5	13.2	22	29.7	22	25.3	27.5	18.7	13.2	13.2	16.5	13.2	11	11	31.9	26.4	31.9	25.3	30.8	20.9	19.8	24.2	31.9	12.1	17.6	16.5	31.9	13.2	16.5	27.5	29.7	20.9	15.4	23.1	11	29.7	22	28.6	26.4	23.1	17.6	29.7	19.8	17.6	29.7	22	29.7	30.8	24.2	14.3	23.1	12.1	28.6	15.4	14.3	18.7	15.4	27.5	17.6	31.9	29.7	28.6	13.2	17.6	23.1	12.1	20.9	29.7	30.8	24.2	19.8	18.7	29.7	29.7	30.8	18.7	11	24.2	23.1	31.9	23.1	19.8	20.9	16.5	27.5	15.4	24.2	29.7	19.8	30.8	28.6	30.8	33	22	29.7	22	29.7	33	16.5	19.8	12.1	18.7	13.2	30.8	19.8	13.2	15.4	24.2	18.7	29.7	30.8	23.1	29.7	18.7	28.6	13.2	31.9	25.3	28.6	11	31.9	27.5	33	17.6	17.6	16.5	14.3	11	15.4	23.1	26.4	28.6	15.4	29.7	25.3	15.4	33	16.5	22	14.3	27.5	15.4	31.9	22	25.3	23.1	19.8	29.7	12.1	11	24.2	12.1	29.7	33	22	12.1	23.1	19.8	25.3	19.8	33	23.1	14.3	23.1	28.6	11	12.1	31.9	26.4	26.4	16.5	18.7	11	18.7	16.5	20.9	18.7	33	12.1	28.6	14.3	16.5	16.5	27.5	13.2	11	28.6	28.6	23.1	16.5	27.5	33	12.1	12.1	12.1	22	16.5	17.6	18.7	17.6	28.6	13.2	12.1	28.6	11	13.2	31.9	11	27.5	22	28.6	13.2	13.2	27.5	31.9	15.4	13.2	12.1	18.7	14.3	30.8	18.7	19.8	13.2	23.1	28.6	31.9	18.7	28.6	19.8	33	18.7	33	18.7	13.2	26.4	26.4	27.5	30.8	22	26.4	12.1	22	28.6	19.8	23.1	29.7	11	15.4	23.1	11	17.6	29.7	26.4	20.9	33	17.6	26.4	14.3	17.6	33	30.8	20.9	13.2	33	18.7	15.4	15.4	14.3	20.9	33	25.3	19.8	20.9	23.1	18.7	29.7	23.1	30.8	15.4	22	29.7	18.7	14.3	25.3	14.3	20.9	23.1	24.2	14.3	15.4	16.5	13.2	16.5	25.3	23.1	24.2	15.4	23.1	33	27.5	11	18.7	28.6	30.8	22	12.1	17.6	30.8	28.6	28.6	26.4	30.8	19.8	18.7	22	22	18.7	26.4	33	29.7	22	17.6	31.9	12.1	16.5	18.7	24.2	17.6	20.9	27.5	31.9	30.8	14.3	26.4	22	33	28.6	12.1	30.8	14.3	22	15.4	22	15.4	30.8	11	18.7	25.3	12.1	31.9	25.3	27.5	25.3	33	33	27.5	29.7	19.8	11	18.7	16.5	29.7	17.6	25.3	28.6	30.8	27.5	29.7	11	19.8	20.9	19.8	12.1	13.2	11	18.7	14.3	18.7	12.1	13.2	31.9	25.3	17.6	16.5	14.3	13.2	16.5	24.2	20.9	14.3	23.1	25.3	23.1	11	31.9	17.6	27.5	19.8	28.6	11	30.8	26.4	28.6	17.6	25.3	11	12.1	25.3	16.5	14.3	26.4	22	17.6	20.9	30.8	29.7	27.5	26.4	17.6	19.8	23.1	20.9	16.5	14.3	19.8	33	30.8	29.7	16.5	11	28.6	15.4	14.3	25.3	30.8	14.3	29.7	33	24.2	12.1	14.3	20.9	17.6	27.5	13.2	17.6	27.5	13.2	11	16.5	24.2	14.3	20.9	26.4	31.9	33	
17.6	12.1	22	22	11	24.2	22	25.3	13.2	19.8	14.3	27.5	22	31.9	26.4	
19	13	10	18	12	20	10	15	12	20	19	18	16	19	13	14	20	15	19	17	19	11	11	15	18	20	15	15	14	16	18	20	20	17	16	13	17	16	19	14	15	11	14	18	13	20	17	16	18	11	15	20	13	20	18	15	15	18	20	18	19	18	15	18	10	18	11	16	11	10	20	10	18	18	13	14	11	20	13	15	15	19	19	19	13	10	12	10	14	13	15	16	14	13	10	17	10	12	10	14	14	20	10	15	13	10	13	16	13	13	17	20	18	17	18	14	12	17	18	10	20	14	18	13	11	14	13	20	17	17	19	12	16	11	17	18	20	10	20	10	14	15	11	14	14	16	14	11	18	15	17	13	16	20	12	18	20	15	15	19	20	12	11	12	19	19	12	12	10	17	12	10	19	17	14	15	15	19	16	11	18	20	20	17	12	11	10	17	19	14	16	10	11	13	20	19	20	17	16	17	16	16	12	19	15	15	10	17	20	11	19	10	15	16	14	16	10	18	15	11	20	20	16	18	16	18	15	13	16	14	19	20	14	12	12	20	19	14	20	12	19	18	18	15	16	18	13	11	16	19	17	15	17	14	11	18	15	13	12	12	20	12	19	16	13	19	14	13	19	19	17	10	10	13	18	13	19	11	17	20	12	14	10	20	19	16	20	17	10	13	14	12	19	10	13	11	14	19	12	17	13	20	14	14	19	17	11	14	14	12	14	18	15	12	18	15	14	12	14	11	10	17	20	18	13	19	19	11	13	20	18	19	12	14	18	13	20	17	19	11	10	10	15	13	11	16	12	14	18	15	12	14	13	10	18	20	18	20	13	20	14	11	15	20	15	10	10	19	16	17	18	14	18	11	12	10	12	18	14	13	18	10	17	14	16	12	12	20	14	19	10	15	10	12	14	19	11	13	14	11	16	17	18	20	16	17	11	14	12	13	13	11	18	13	16	15	20	19	19	13	12	13	16	18	17	13	10	15	17	10	10	18	10	14	18	20	18	14	20	18	10	15	20	16	10	19	19	17	19	19	19	15	10	20	19	14	12	10	17	13	15	12	17	10	15	10	16	18	16	18	17	15	14	18	19	10	20	13	20	15	10	11	12	17	19	20	13	10	17	18	17	16	12	17	17	20	11	16	16	17	20	18	19	16	10	11	10	11	15	12	11	14	13	16	15	16	19	14	17	20	14	10	16	18	16	17	12	16	16	20	15	16	14	10	15	15	18	20	15	13	14	18	14	14	19	17	12	16	19	11	12	19	15	14	20	19	20	20	16	10	11	11	15	16	10	19	11	16	15	20	16	16	17	17	12	10	19	14	10	11	15	10	20	12	11	10	15	19	12	10	17	17	10	11	18	13	14	14	20	12	20	14	18	11	16	13	11	14	12	13	17	12	15	12	17	14	16	17	18	10	12	19	15	15	16	11	16	20	17	11	15	18	13	10	14	20	12	17	14	10	15	12	16	11	13	19	11	20	12	15	13	11	18	15	15	10	20	14	19	14	13	10	10	10	16	16	18	18	20	12	13	20	13	11	14	15	20	18	11	14	19	18	11	12	19	12	15	15	13	18	10	14	18	19	15	15	15	20	18	15	13	17	15	19	10	12	15	14	11	16	13	18	10	12	20	11	19	18	17	17	20	11	11	17	10	14	15	19	19	10	10	17	14	11	16	18	20	14	12	13	16	18	18	17	18	14	15	12	18	17	17	20	19	14	19	19	14	14	16	15	13	20	12	16	15	11	13	19	13	19	18	19	12	13	18	14	14	19	17	15	20	17	15	14	14	12	11	20	14	11	18	14	15	17	10	16	11	13	17	19	19	16	11	17	12	20	14	16	14	12	17	13	18	16	19	10	12	12	12	19	18	17	10	16	16	17	19	15	18	20	14	18	14	19	20	19	15	13	12	19	10	16	11	13	13	10	12	18	17	11	10	13	20	19	16	13	10	14	12	17	20	20	10	18	19	19	16	16	16	13	12	15	14	10	19	16	15	13	18	18	10	14	18	13	10	15	13	16	13	16	14	10	20	14	18	11	16	11	16	13	10	19	11	14	13	20	15	20	13	20	13	12	19	14	20	17	15	20	11	13	13	13	20	19	14	16	10	13	19	20	10	20	19	16	11	19	17	16	20	10	10	17	19	18	18	17	18	13	18	18	10	15	13	12	13	16	17	18	14	17	20	10	17	17	14	13	11	16	15	17	15	19	18	11	14	19	10	14	19	13	19	17	17	20	13	11	11	14	17	10	20	18	18	15	10	20	18	16	10	20	
1	1	1	1	1	1	1	1	1	1	1	1	1	1	1	1	1	1	1	1	1	1	1	1	1	1	1	1	1	1	1	1	1	1	1	1	1	1	1	1	1	1	1	1	1	1	1	1	1	1	1	1	1	1	1	1	1	1	1	1	1	1	1	1	2	2	2	2	2	2	2	2	2	2	2	2	2	2	2	2	2	2	2	2	2	2	2	2	2	2	2	2	2	2	2	2	2	2	2	2	2	2	2	2	2	2	2	2	2	2	2	2	2	2	2	2	2	2	2	2	2	2	2	2	2	2	2	2	2	2	3	3	3	3	3	3	3	3	3	3	3	3	3	3	3	3	3	3	3	3	3	3	3	3	3	3	3	3	3	3	3	3	3	3	3	3	3	3	3	3	3	3	3	3	3	3	3	3	3	3	3	3	3	3	3	3	3	3	3	3	3	3	3	3	3	3	3	3	3	3	3	3	4	4	4	4	4	4	4	4	4	4	4	4	4	4	4	4	4	4	4	4	4	4	4	4	4	4	4	4	4	4	4	4	4	4	4	4	4	4	4	4	4	4	4	4	4	4	4	4	4	4	4	4	4	4	4	4	4	4	4	4	4	4	4	4	4	4	5	5	5	5	5	5	5	5	5	5	5	5	5	5	5	5	5	5	5	5	5	5	5	5	5	5	5	5	5	5	5	5	5	5	5	5	5	5	5	5	5	5	5	5	5	5	5	5	5	5	6	6	6	6	6	6	6	6	6	6	6	6	6	6	6	6	6	6	6	6	6	6	6	6	6	6	6	6	6	6	6	6	6	6	6	6	6	6	6	6	6	6	6	6	6	6	6	6	6	6	6	6	6	6	6	6	6	6	6	6	6	6	6	6	6	6	6	6	6	6	6	6	6	6	7	7	7	7	7	7	7	7	7	7	7	7	7	7	7	7	7	7	7	7	7	7	7	7	7	7	7	7	7	7	7	7	7	7	7	7	7	7	7	7	7	7	7	7	7	7	7	7	7	7	7	7	7	7	7	7	7	7	7	7	7	7	7	7	7	7	7	7	7	7	7	7	7	7	7	7	8	8	8	8	8	8	8	8	8	8	8	8	8	8	8	8	8	8	8	8	8	8	8	8	8	8	8	8	8	8	8	8	8	8	8	8	8	8	8	8	8	8	8	8	8	8	8	8	8	8	8	8	8	8	8	8	8	8	8	8	8	8	8	8	8	9	9	9	9	9	9	9	9	9	9	9	9	9	9	9	9	9	9	9	9	9	9	9	9	9	9	9	9	9	9	9	9	9	9	9	9	9	9	9	9	9	9	9	9	9	9	9	9	9	9	9	9	9	9	9	9	9	9	9	10	10	10	10	10	10	10	10	10	10	10	10	10	10	10	10	10	10	10	10	10	10	10	10	10	10	10	10	10	10	10	10	10	10	10	10	10	10	10	10	10	10	10	10	10	10	10	10	10	10	10	10	10	10	10	10	10	10	10	10	10	10	10	10	10	10	10	10	10	10	11	11	11	11	11	11	11	11	11	11	11	11	11	11	11	11	11	11	11	11	11	11	11	11	11	11	11	11	11	11	11	11	11	11	11	11	11	11	11	11	11	11	11	11	11	11	11	11	11	11	11	11	11	11	11	11	11	12	12	12	12	12	12	12	12	12	12	12	12	12	12	12	12	12	12	12	12	12	12	12	12	12	12	12	12	12	12	12	12	12	12	12	12	12	12	12	12	12	12	12	12	12	12	12	12	12	12	12	12	12	12	12	12	12	12	12	12	12	12	12	12	12	12	12	12	12	13	13	13	13	13	13	13	13	13	13	13	13	13	13	13	13	13	13	13	13	13	13	13	13	13	13	13	13	13	13	13	13	13	13	13	13	13	13	13	13	13	13	13	13	13	13	13	13	13	13	13	13	13	13	13	13	13	13	13	13	13	13	13	13	13	13	13	13	13	13	13	13	13	14	14	14	14	14	14	14	14	14	14	14	14	14	14	14	14	14	14	14	14	14	14	14	14	14	14	14	14	14	14	14	14	14	14	14	14	14	14	14	14	14	14	14	14	14	14	14	14	14	14	14	14	14	14	14	14	14	14	14	14	14	14	14	14	14	14	15	15	15	15	15	15	15	15	15	15	15	15	15	15	15	15	15	15	15	15	15	15	15	15	15	15	15	15	15	15	15	15	15	15	15	15	15	15	15	15	15	15	15	15	15	15	15	15	15	15	15	15	15	15	15	15	15	15	15	15	15	15	15	15	15	15	15	15	15	15	15	15	15	
