1000
15	2
1369	30.8
27	29	30	26	31	26	27	28	26	29	31	29	28	26	30	30	31	29	27	29	31	27	27	29	29	31	28	29	30	27	31	28	27	29	28	28	29	28	26	29	28	29	31	31	26	31	31	27	29	27	30	27	30	31	26	29	27	27	26	27	28	27	26	29	31	28	28	28	30	30	31	29	29	31	29	29	27	28	30	26	31	29	30	27	28	27	27	28	29	28	26	27	27	26	26	28	27	28	29	28	30	30	30	31	26	27	30	27	31	31	28	27	29	31	28	31	26	31	31	30	26	31	31	30	29	26	31	29	30	30	29	27	30	29	28	31	30	28	28	27	31	29	30	26	26	31	31	27	30	29	26	30	31	27	27	28	31	28	28	26	28	26	31	29	30	30	31	30	26	30	30	31	31	30	28	30	26	28	26	31	28	31	29	29	28	27	28	27	29	30	31	26	28	26	30	28	28	30	29	29	29	30	30	26	30	28	28	29	28	31	31	28	29	26	31	28	27	27	31	31	29	28	28	29	30	29	31	27	29	30	31	26	28	28	26	28	31	28	29	30	27	30	26	30	29	26	27	26	31	27	26	27	26	26	26	26	29	29	31	28	30	27	27	27	28	27	31	27	27	26	31	30	26	30	27	29	26	30	26	28	29	29	26	27	27	26	29	26	28	31	27	27	27	30	26	28	26	27	26	30	28	28	29	31	29	29	31	26	29	31	26	31	29	26	27	31	31	27	31	28	31	28	29	26	29	27	29	30	30	27	31	31	27	31	31	27	26	26	27	30	31	30	28	28	29	31	26	30	28	30	28	26	27	29	29	27	30	27	30	28	30	29	26	29	30	31	31	31	29	31	28	29	30	26	27	31	26	27	28	31	31	29	28	31	31	31	27	26	28	29	29	27	31	29	26	28	30	28	28	28	27	26	28	31	31	29	29	29	28	31	31	31	27	27	30	27	26	26	31	28	29	30	28	27	26	29	26	28	30	28	26	28	31	29	29	28	27	30	26	30	31	27	26	29	29	28	28	27	30	31	27	29	31	28	30	31	31	26	29	29	28	29	28	27	27	31	31	29	27	26	29	31	31	31	26	29	26	27	27	30	26	28	27	30	30	29	31	30	28	26	27	28	29	30	31	28	31	28	30	30	28	29	27	30	26	28	30	27	29	30	29	30	28	27	28	27	26	26	27	30	31	28	29	28	28	28	29	26	31	31	26	28	27	30	28	30	27	27	29	26	30	30	28	30	30	26	27	30	27	26	27	29	28	26	29	26	26	30	28	27	27	27	30	26	29	28	27	27	28	31	27	27	31	31	28	26	29	31	26	27	26	30	28	30	29	27	26	29	30	26	31	31	31	29	27	26	27	26	29	30	28	27	26	29	27	29	29	26	31	26	26	30	29	29	30	26	28	30	27	26	30	30	26	27	27	31	29	26	30	29	26	28	30	31	26	29	27	27	28	31	27	29	28	31	27	31	27	27	28	30	31	28	28	28	27	31	26	30	29	31	29	30	29	26	28	27	30	28	31	31	27	28	26	30	27	31	31	30	27	29	31	27	28	26	28	28	29	29	26	30	30	27	31	30	26	28	31	28	30	29	27	31	28	29	26	28	27	28	31	30	28	30	28	26	27	30	29	26	28	28	29	26	28	27	31	30	28	28	30	28	31	26	28	30	28	31	30	31	30	26	29	29	30	29	30	26	28	28	28	28	28	28	31	26	27	26	31	30	29	30	28	26	26	27	29	30	30	31	31	27	26	29	27	28	31	29	28	26	27	28	31	26	30	26	30	30	28	29	28	27	30	28	31	26	27	26	31	28	31	27	29	26	28	29	31	29	28	29	28	26	27	30	26	28	26	28	30	28	28	29	31	26	26	30	31	28	31	26	31	26	31	29	28	28	31	27	27	27	29	30	31	30	26	31	30	31	28	27	31	29	29	26	29	28	31	29	27	27	28	29	30	26	26	26	27	30	30	26	31	29	28	26	29	28	28	30	27	26	30	26	26	31	31	28	29	26	31	30	29	31	29	28	27	30	29	29	27	26	28	31	29	30	27	29	28	28	28	26	31	31	28	28	29	28	29	29	31	27	27	26	30	26	31	27	29	29	27	27	26	31	29	27	31	27	26	30	29	30	28	27	28	26	26	30	29	30	30	26	30	28	31	27	28	28	30	29	31	28	26	26	30	27	26	29	28	29	27	30	29	28	28	31	27	26	27	29	28	28	28	27	30	29	31	29	31	29	27	30	28	30	29	27	28	28	30	30	27	26	29	27	
87	86	76	79	81	80	87	94	93	78	92	93	79	88	78	91	88	84	90	85	91	89	86	91	79	79	93	79	79	78	80	85	91	93	84	88	91	90	92	83	88	92	90	92	84	83	78	85	90	89	94	79	92	89	86	85	87	80	86	88	76	84	85	84	93	79	91	86	85	79	81	82	77	91	94	81	85	90	76	94	80	79	79	91	91	91	82	94	80	83	90	91	82	78	91	79	82	89	87	88	84	78	92	91	90	94	83	81	86	77	81	93	84	78	84	78	91	88	77	82	83	83	89	80	80	79	88	86	82	90	91	78	83	81	79	76	78	82	86	83	82	93	76	88	81	81	78	86	79	94	76	94	90	87	89	77	77	82	88	82	93	82	87	89	77	94	87	88	81	76	79	77	91	79	93	91	87	84	77	88	78	77	91	84	91	81	80	77	84	84	77	85	87	83	81	85	90	86	89	76	83	77	83	84	86	84	86	85	77	92	86	86	92	78	83	89	78	90	88	78	78	87	93	89	86	83	80	87	94	87	85	80	77	88	77	78	84	92	91	86	84	91	80	88	87	79	82	84	94	82	77	82	84	89	83	83	83	85	88	84	82	78	77	78	77	78	91	76	87	81	79	77	82	87	88	94	79	90	83	83	86	77	89	86	91	94	81	88	87	91	90	88	93	88	87	77	85	86	77	84	91	91	91	88	78	92	83	77	85	85	87	85	88	81	86	76	83	88	93	77	92	89	82	90	94	86	81	82	85	79	89	91	78	81	88	91	94	93	79	85	87	92	90	92	76	83	89	87	88	77	94	92	77	88	94	81	94	92	85	93	93	87	87	80	82	80	85	94	87	92	86	87	86	88	84	90	93	92	86	78	78	80	89	88	76	91	84	78	81	82	85	84	79	84	90	90	80	80	88	94	82	94	92	93	86	81	79	94	78	80	79	93	94	93	94	76	93	78	89	85	92	83	76	77	87	88	86	78	89	85	78	88	91	81	88	88	90	86	87	91	94	76	83	87	82	93	84	80	93	92	82	88	86	91	88	85	80	83	89	89	86	76	79	80	89	91	88	78	87	89	88	83	93	87	82	84	87	86	90	79	85	80	76	91	92	80	89	81	86	82	84	92	91	77	92	82	90	87	78	79	79	92	89	85	93	81	81	93	81	90	90	89	81	76	92	76	88	94	81	82	94	80	79	86	80	86	79	86	89	90	84	89	87	82	86	79	79	93	92	81	84	77	92	78	79	79	88	76	91	90	90	84	78	85	82	81	79	82	88	79	80	84	93	87	85	76	80	85	86	93	91	76	90	89	84	91	81	77	76	90	93	82	94	89	89	94	77	88	94	93	76	88	80	92	81	91	94	94	83	79	94	87	80	85	93	94	83	91	89	90	82	79	88	87	92	86	87	79	94	91	85	82	92	87	84	90	83	82	85	90	84	87	83	92	76	90	83	90	80	81	91	81	83	85	85	79	79	94	82	78	93	81	84	83	76	86	81	85	77	76	83	82	84	82	85	85	93	88	92	78	87	82	89	94	94	81	84	77	93	80	87	83	89	77	93	85	92	76	91	80	81	88	77	86	94	86	86	80	93	80	89	85	82	78	78	85	88	93	81	87	80	77	85	90	87	93	83	85	76	92	89	78	80	82	76	91	89	89	79	81	86	79	84	88	82	78	85	76	88	77	83	88	78	94	88	89	83	80	81	87	83	93	84	87	76	91	91	85	83	91	89	94	78	81	90	78	77	89	80	82	92	83	93	88	91	76	89	94	94	80	84	86	84	78	93	86	88	93	94	93	77	78	90	77	80	83	80	92	93	86	89	86	76	81	90	81	76	79	88	79	85	83	78	85	89	85	85	94	78	83	94	78	90	77	92	78	84	81	91	83	82	90	91	76	77	93	80	89	88	77	81	79	89	88	91	90	90	80	81	91	91	81	93	79	88	90	77	92	92	77	81	89	90	89	77	84	79	92	87	91	85	83	89	83	78	77	94	92	87	91	85	81	87	77	90	93	79	78	84	86	76	77	93	83	79	91	94	94	81	86	91	76	85	88	77	82	91	77	85	82	85	88	78	78	85	78	77	92	76	90	89	92	83	77	94	83	90	94	83	92	83	91	79	82	82	91	89	79	80	76	81	80	82	87	80	80	92	92	89	84	84	85	93	85	77	80	83	94	76	85	83	77	76	87	90	94	92	84	90	89	92	82	77	78	86	94	82	87	88	87	94	80	78	78	90	82	91	91	80	88	93	82	89	89	77	92	94	82	76	93	
31.9	17.6	31.9	13.2	24.2	18.7	19.8	14.3	19.8	26.4	11	26.4	22	17.6	30.8	18.7	11	19.8	16.5	15.4	33	18.7	12.1	23.1	11	18.7	31.9	15.4	31.9	33	17.6	31.9	29.7	25.3	14.3	22	17.6	11	30.8	31.9	18.7	25.3	15.4	19.8	33	33	26.4	12.1	14.3	30.8	18.7	28.6	27.5	33	30.8	18.7	31.9	11	27.5	26.4	18.7	15.4	29.7	24.2	18.7	28.6	33	17.6	31.9	15.4	26.4	24.2	15.4	23.1	17.6	28.6	25.3	29.7	17.6	22	31.9	27.5	33	14.3	19.8	29.7	16.5	17.6	11	23.1	25.3	14.3	25.3	16.5	22	31.9	11	16.5	16.5	33	28.6	16.5	33	20.9	25.3	33	12.1	25.3	14.3	17.6	20.9	25.3	20.9	25.3	30.8	13.2	29.7	31.9	15.4	12.1	31.9	22	19.8	27.5	28.6	17.6	25.3	22	27.5	33	12.1	19.8	28.6	14.3	29.7	25.3	16.5	14.3	28.6	11	19.8	28.6	31.9	16.5	17.6	16.5	11	33	31.9	20.9	31.9	25.3	30.8	20.9	23.1	28.6	12.1	16.5	29.7	23.1	27.5	20.9	30.8	15.4	15.4	11	13.2	33	18.7	29.7	12.1	13.2	33	19.8	27.5	26.4	18.7	17.6	22	31.9	23.1	25.3	22	24.2	33	18.7	27.5	23.1	17.6	26.4	11	27.5	29.7	19.8	16.5	11	14.3	13.2	16.5	15.4	18.7	12.1	23.1	29.7	20.9	24.2	24.2	20.9	27.5	31.9	27.5	20.9	23.1	31.9	26.4	15.4	29.7	27.5	12.1	24.2	11	24.2	31.9	12.1	20.9	17.6	29.7	33	12.1	14.3	28.6	14.3	29.7	15.4	19.8	28.6	30.8	24.2	14.3	31.9	27.5	24.2	25.3	19.8	20.9	14.3	31.9	12.1	26.4	30.8	31.9	28.6	14.3	12.1	30.8	15.4	22	33	16.5	20.9	16.5	18.7	24.2	13.2	12.1	24.2	23.1	22	15.4	15.4	20.9	12.1	22	30.8	12.1	18.7	24.2	27.5	33	27.5	30.8	27.5	17.6	15.4	33	22	31.9	11	17.6	29.7	31.9	12.1	17.6	30.8	16.5	27.5	28.6	27.5	15.4	17.6	23.1	20.9	25.3	28.6	16.5	30.8	23.1	33	16.5	24.2	33	19.8	17.6	15.4	13.2	33	16.5	31.9	24.2	30.8	23.1	13.2	23.1	16.5	25.3	23.1	13.2	33	33	31.9	18.7	29.7	13.2	15.4	19.8	15.4	31.9	33	11	30.8	13.2	11	29.7	17.6	12.1	18.7	18.7	22	25.3	25.3	33	26.4	19.8	19.8	24.2	17.6	23.1	16.5	25.3	23.1	16.5	17.6	17.6	29.7	24.2	23.1	33	28.6	33	19.8	18.7	17.6	13.2	27.5	17.6	23.1	19.8	24.2	25.3	25.3	20.9	19.8	31.9	12.1	13.2	13.2	18.7	15.4	17.6	25.3	20.9	26.4	17.6	29.7	31.9	31.9	23.1	19.8	29.7	13.2	31.9	27.5	20.9	18.7	24.2	29.7	12.1	17.6	11	27.5	13.2	16.5	24.2	27.5	14.3	33	29.7	24.2	17.6	33	20.9	30.8	26.4	31.9	20.9	16.5	26.4	11	24.2	22	22	11	31.9	19.8	28.6	14.3	20.9	12.1	31.9	19.8	30.8	31.9	17.6	29.7	30.8	24.2	30.8	12.1	12.1	18.7	11	12.1	26.4	11	29.7	13.2	33	26.4	13.2	13.2	30.8	23.1	17.6	25.3	12.1	22	25.3	31.9	33	16.5	28.6	11	33	15.4	13.2	29.7	28.6	19.8	11	15.4	27.5	30.8	14.3	30.8	22	14.3	31.9	16.5	29.7	27.5	18.7	22	16.5	29.7	28.6	14.3	33	24.2	29.7	19.8	25.3	33	13.2	23.1	15.4	12.1	33	16.5	30.8	15.4	27.5	23.1	30.8	25.3	26.4	29.7	22	13.2	29.7	30.8	22	26.4	29.7	17.6	33	29.7	20.9	14.3	12.1	24.2	22	13.2	19.8	28.6	16.5	23.1	17.6	25.3	26.4	29.7	27.5	20.9	22	26.4	12.1	18.7	20.9	31.9	15.4	19.8	29.7	31.9	30.8	11	16.5	15.4	27.5	33	31.9	17.6	16.5	14.3	31.9	24.2	13.2	33	30.8	28.6	14.3	16.5	18.7	18.7	18.7	17.6	12.1	23.1	14.3	24.2	14.3	11	25.3	28.6	33	27.5	27.5	11	20.9	26.4	16.5	19.8	19.8	28.6	23.1	13.2	15.4	19.8	22	20.9	30.8	28.6	16.5	27.5	14.3	25.3	31.9	31.9	22	29.7	14.3	11	12.1	30.8	15.4	12.1	25.3	18.7	22	13.2	14.3	26.4	18.7	22	26.4	11	17.6	24.2	22	27.5	20.9	13.2	12.1	27.5	28.6	20.9	12.1	19.8	28.6	25.3	13.2	22	28.6	22	26.4	17.6	18.7	26.4	28.6	18.7	17.6	17.6	28.6	17.6	17.6	22	33	17.6	18.7	18.7	16.5	27.5	15.4	15.4	16.5	20.9	33	33	24.2	25.3	14.3	29.7	16.5	29.7	33	31.9	13.2	17.6	29.7	15.4	23.1	12.1	22	18.7	29.7	18.7	26.4	14.3	13.2	19.8	22	29.7	22	24.2	13.2	13.2	23.1	23.1	14.3	13.2	27.5	26.4	12.1	13.2	31.9	26.4	23.1	27.5	24.2	20.9	30.8	29.7	33	24.2	27.5	13.2	28.6	16.5	18.7	19.8	14.3	12.1	20.9	17.6	27.5	17.6	18.7	14.3	13.2	33	11	11	29.7	11	15.4	23.1	29.7	29.7	24.2	30.8	27.5	28.6	29.7	24.2	11	11	14.3	24.2	15.4	17.6	24.2	20.9	33	11	18.7	14.3	20.9	17.6	30.8	25.3	20.9	13.2	26.4	19.8	30.8	24.2	18.7	14.3	17.6	25.3	25.3	19.8	14.3	16.5	23.1	31.9	19.8	29.7	26.4	28.6	17.6	28.6	13.2	31.9	23.1	14.3	15.4	20.9	29.7	13.2	31.9	27.5	23.1	17.6	27.5	22	25.3	29.7	26.4	24.2	27.5	27.5	27.5	33	30.8	27.5	30.8	23.1	28.6	26.4	26.4	20.9	29.7	26.4	28.6	16.5	27.5	23.1	29.7	31.9	25.3	19.8	14.3	23.1	24.2	27.5	14.3	14.3	17.6	25.3	24.2	27.5	15.4	19.8	17.6	31.9	25.3	12.1	27.5	23.1	27.5	28.6	19.8	18.7	20.9	31.9	13.2	31.9	25.3	14.3	24.2	22	30.8	25.3	28.6	23.1	15.4	28.6	31.9	11	29.7	24.2	23.1	20.9	13.2	11	23.1	15.4	28.6	15.4	27.5	17.6	26.4	17.6	27.5	12.1	29.7	19.8	31.9	33	17.6	20.9	19.8	19.8	11	26.4	28.6	22	16.5	29.7	25.3	27.5	13.2	23.1	33	16.5	25.3	25.3	26.4	11	23.1	25.3	27.5	25.3	17.6	15.4	23.1	25.3	12.1	15.4	27.5	14.3	28.6	15.4	18.7	18.7	31.9	20.9	25.3	11	29.7	27.5	22	20.9	22	22	28.6	28.6	23.1	19.8	25.3	19.8	24.2	29.7	15.4	18.7	26.4	25.3	11	27.5	29.7	11	18.7	25.3	14.3	14.3	31.9	27.5	19.8	14.3	23.1	23.1	33	12.1	15.4	18.7	26.4	29.7	12.1	31.9	15.4	30.8	28.6	29.7	12.1	22	17.6	28.6	13.2	23.1	25.3	14.3	22	33	11	33	29.7	19.8	28.6	23.1	18.7	28.6	23.1	27.5	18.7	11	25.3	14.3	15.4	26.4	24.2	18.7	16.5	20.9	25.3	17.6	13.2	11	13.2	25.3	19.8	17.6	
24.2	24.2	31.9	11	27.5	30.8	12.1	31.9	17.6	20.9	18.7	16.5	24.2	20.9	16.5	12.1	30.8	14.3	26.4	14.3	33	22	27.5	15.4	15.4	16.5	33	31.9	24.2	17.6	20.9	13.2	16.5	17.6	22	20.9	15.4	23.1	12.1	11	12.1	14.3	29.7	18.7	20.9	27.5	31.9	24.2	11	18.7	31.9	28.6	18.7	16.5	15.4	12.1	13.2	31.9	27.5	12.1	11	18.7	23.1	24.2	14.3	22	26.4	31.9	22	31.9	27.5	26.4	30.8	31.9	28.6	28.6	13.2	30.8	24.2	16.5	13.2	26.4	13.2	29.7	20.9	15.4	25.3	28.6	28.6	11	33	17.6	12.1	25.3	26.4	23.1	26.4	25.3	26.4	28.6	22	22	11	18.7	12.1	14.3	31.9	24.2	27.5	16.5	13.2	18.7	24.2	33	29.7	20.9	11	14.3	14.3	19.8	14.3	14.3	13.2	14.3	22	28.6	29.7	11	28.6	16.5	27.5	29.7	16.5	28.6	31.9	18.7	24.2	13.2	23.1	31.9	18.7	22	25.3	12.1	19.8	26.4	28.6	26.4	13.2	23.1	20.9	26.4	19.8	11	12.1	12.1	16.5	29.7	29.7	25.3	30.8	11	11	30.8	28.6	22	13.2	18.7	22	19.8	29.7	18.7	23.1	22	22	25.3	25.3	13.2	17.6	28.6	13.2	22	19.8	11	16.5	25.3	26.4	29.7	18.7	16.5	20.9	25.3	15.4	28.6	13.2	14.3	12.1	29.7	11	17.6	25.3	26.4	15.4	13.2	11	13.2	31.9	27.5	33	31.9	17.6	15.4	12.1	22	24.2	27.5	16.5	16.5	15.4	18.7	29.7	18.7	17.6	14.3	12.1	23.1	12.1	17.6	22	12.1	22	16.5	33	13.2	17.6	20.9	27.5	22	18.7	19.8	18.7	31.9	25.3	20.9	11	30.8	13.2	27.5	28.6	25.3	11	23.1	33	22	16.5	16.5	27.5	15.4	23.1	27.5	24.2	27.5	12.1	27.5	16.5	30.8	19.8	20.9	12.1	30.8	13.2	13.2	33	23.1	14.3	22	13.2	11	24.2	25.3	29.7	14.3	23.1	26.4	19.8	18.7	17.6	24.2	24.2	31.9	33	27.5	13.2	28.6	11	20.9	17.6	27.5	19.8	11	17.6	16.5	11	31.9	31.9	29.7	33	22	23.1	16.5	12.1	15.4	27.5	14.3	19.8	26.4	17.6	28.6	19.8	30.8	33	28.6	33	17.6	31.9	11	31.9	33	27.5	16.5	31.9	15.4	33	19.8	24.2	20.9	26.4	26.4	29.7	15.4	18.7	19.8	31.9	20.9	18.7	24.2	17.6	22	11	14.3	22	25.3	25.3	18.7	15.4	24.2	33	30.8	25.3	29.7	31.9	16.5	18.7	22	20.9	15.4	29.7	30.8	24.2	27.5	19.8	28.6	20.9	30.8	15.4	15.4	18.7	24.2	31.9	12.1	29.7	19.8	24.2	29.7	24.2	27.5	31.9	26.4	19.8	16.5	11	17.6	20.9	29.7	18.7	17.6	20.9	16.5	11	20.9	31.9	23.1	20.9	24.2	15.4	13.2	30.8	16.5	25.3	13.2	14.3	28.6	17.6	27.5	33	27.5	31.9	24.2	28.6	23.1	15.4	28.6	31.9	20.9	19.8	13.2	27.5	27.5	18.7	25.3	24.2	15.4	13.2	28.6	15.4	14.3	23.1	13.2	30.8	22	16.5	18.7	27.5	15.4	29.7	15.4	27.5	17.6	19.8	17.6	13.2	27.5	28.6	30.8	26.4	26.4	16.5	15.4	28.6	26.4	24.2	26.4	22	30.8	12.1	28.6	28.6	30.8	17.6	16.5	23.1	17.6	18.7	27.5	16.5	30.8	17.6	26.4	25.3	19.8	20.9	16.5	16.5	19.8	12.1	15.4	28.6	29.7	24.2	26.4	31.9	24.2	20.9	28.6	27.5	15.4	13.2	19.8	12.1	29.7	18.7	17.6	20.9	26.4	27.5	20.9	33	14.3	17.6	24.2	24.2	14.3	24.2	33	20.9	33	14.3	17.6	28.6	13.2	20.9	24.2	24.2	19.8	12.1	14.3	13.2	33	27.5	20.9	12.1	26.4	30.8	27.5	25.3	20.9	26.4	29.7	17.6	26.4	15.4	25.3	19.8	31.9	28.6	12.1	13.2	20.9	17.6	18.7	33	20.9	25.3	12.1	23.1	31.9	13.2	13.2	16.5	12.1	19.8	14.3	20.9	23.1	16.5	23.1	12.1	26.4	27.5	23.1	11	20.9	22	16.5	31.9	27.5	23.1	18.7	25.3	33	18.7	18.7	18.7	14.3	16.5	24.2	17.6	31.9	11	29.7	15.4	29.7	14.3	24.2	31.9	20.9	20.9	30.8	13.2	15.4	12.1	14.3	12.1	19.8	29.7	29.7	14.3	14.3	27.5	17.6	16.5	14.3	33	33	33	28.6	12.1	14.3	18.7	33	15.4	11	25.3	14.3	15.4	14.3	23.1	29.7	23.1	27.5	12.1	15.4	16.5	22	24.2	15.4	13.2	16.5	23.1	25.3	30.8	27.5	13.2	19.8	29.7	23.1	27.5	13.2	18.7	11	20.9	11	24.2	13.2	29.7	24.2	16.5	18.7	14.3	15.4	30.8	27.5	29.7	29.7	16.5	23.1	22	26.4	23.1	18.7	15.4	19.8	27.5	24.2	29.7	22	16.5	33	17.6	14.3	18.7	16.5	33	27.5	29.7	28.6	13.2	28.6	25.3	24.2	31.9	11	16.5	25.3	15.4	28.6	12.1	20.9	17.6	26.4	27.5	15.4	15.4	23.1	33	19.8	26.4	31.9	15.4	22	33	23.1	16.5	13.2	27.5	12.1	13.2	25.3	19.8	14.3	15.4	28.6	33	17.6	28.6	17.6	20.9	30.8	25.3	13.2	23.1	18.7	17.6	18.7	29.7	31.9	13.2	28.6	25.3	22	33	29.7	25.3	26.4	18.7	28.6	15.4	17.6	13.2	29.7	25.3	14.3	23.1	29.7	18.7	27.5	14.3	20.9	22	15.4	16.5	33	27.5	30.8	30.8	28.6	14.3	18.7	26.4	31.9	20.9	23.1	25.3	11	18.7	20.9	23.1	27.5	33	31.9	30.8	24.2	23.1	11	23.1	17.6	13.2	25.3	24.2	26.4	19.8	19.8	29.7	18.7	20.9	14.3	18.7	14.3	33	18.7	16.5	26.4	13.2	12.1	15.4	33	31.9	16.5	28.6	14.3	12.1	18.7	15.4	22	19.8	20.9	13.2	31.9	30.8	17.6	18.7	17.6	12.1	11	20.9	16.5	12.1	20.9	17.6	19.8	20.9	33	18.7	22	27.5	22	18.7	26.4	22	28.6	27.5	24.2	12.1	16.5	29.7	17.6	33	25.3	28.6	27.5	12.1	20.9	29.7	17.6	16.5	30.8	27.5	12.1	28.6	31.9	25.3	13.2	19.8	20.9	17.6	11	18.7	26.4	14.3	22	12.1	29.7	23.1	15.4	33	15.4	24.2	29.7	20.9	30.8	22	19.8	13.2	31.9	29.7	26.4	19.8	24.2	22	15.4	11	19.8	20.9	12.1	19.8	13.2	28.6	16.5	29.7	11	14.3	25.3	28.6	28.6	27.5	31.9	30.8	27.5	16.5	12.1	14.3	17.6	11	28.6	22	16.5	23.1	28.6	26.4	15.4	11	25.3	19.8	23.1	25.3	24.2	17.6	11	11	30.8	29.7	13.2	25.3	19.8	25.3	13.2	13.2	28.6	22	33	16.5	28.6	20.9	24.2	22	24.2	13.2	28.6	30.8	18.7	20.9	20.9	30.8	15.4	14.3	31.9	29.7	15.4	22	14.3	31.9	17.6	11	23.1	13.2	26.4	22	22	28.6	17.6	33	31.9	23.1	11	33	24.2	33	14.3	16.5	33	31.9	29.7	12.1	13.2	29.7	18.7	14.3	30.8	12.1	14.3	18.7	22	27.5	20.9	29.7	18.7	14.3	12.1	33	26.4	
26.4	12.1	12.1	12.1	22	14.3	28.6	18.7	22	11	15.4	13.2	30.8	20.9	12.1	
11	12	11	14	15	17	10	13	13	16	18	18	10	10	19	13	19	20	13	14	11	13	15	10	12	11	13	20	15	20	20	16	17	12	15	20	15	10	18	17	15	16	12	18	16	18	16	12	12	20	14	17	14	18	11	18	15	15	19	11	14	13	13	17	18	20	11	17	10	12	12	19	14	13	13	15	10	14	13	10	13	13	14	18	11	15	18	19	15	16	19	18	13	14	10	10	16	14	15	14	10	14	20	19	10	13	15	14	18	19	20	11	16	12	11	18	17	16	13	16	17	17	10	12	10	19	13	14	16	14	19	10	14	13	11	19	14	16	20	20	17	10	17	12	16	10	16	10	15	18	14	19	12	19	14	15	19	20	10	15	20	13	12	18	16	16	12	20	10	14	19	15	14	20	12	20	18	18	10	13	10	19	19	17	17	16	15	14	15	14	16	12	19	15	17	18	10	19	18	17	19	15	13	18	17	11	16	20	20	14	18	16	17	12	13	15	20	12	14	19	20	18	16	15	17	20	11	14	13	11	15	10	18	12	17	12	11	17	14	15	17	14	20	12	12	12	15	16	14	20	16	19	13	14	18	11	10	14	16	14	11	15	10	18	19	16	12	10	15	12	20	20	20	12	16	10	20	11	20	18	14	12	20	11	19	13	16	11	11	20	19	14	14	17	17	20	11	12	16	12	13	16	20	14	18	16	18	13	15	10	19	19	15	18	15	11	18	20	12	13	15	19	17	12	18	17	14	17	12	20	20	16	14	20	17	20	19	12	20	18	14	11	20	11	13	13	13	13	19	19	18	15	18	20	17	11	13	10	18	16	20	20	13	11	13	19	14	16	12	12	17	12	19	10	19	13	10	14	12	10	18	11	18	10	13	14	17	13	15	10	13	15	20	18	13	19	11	12	18	11	18	20	10	17	10	19	14	11	11	17	11	20	14	18	18	15	16	16	10	19	12	16	15	16	19	11	10	14	13	10	12	16	16	13	17	13	18	10	20	17	17	20	11	16	17	11	19	15	13	17	18	18	16	18	18	16	14	17	15	19	17	13	19	13	17	11	12	12	17	13	14	17	14	19	19	12	20	11	12	15	10	10	13	13	11	13	20	14	11	16	14	19	10	17	16	20	15	16	13	17	19	20	17	14	18	12	15	13	17	16	11	14	15	14	20	20	19	12	15	20	10	15	11	10	16	19	12	11	12	19	19	12	11	11	19	17	13	16	14	12	18	14	16	18	14	15	12	14	11	11	19	13	10	14	20	12	16	10	15	13	17	19	12	15	19	12	13	19	12	11	17	11	13	15	15	10	11	14	13	11	16	12	14	18	17	14	13	11	17	20	18	18	20	19	11	13	14	10	12	13	18	11	11	20	12	14	10	11	20	17	12	10	10	12	20	11	18	17	16	12	14	11	16	11	17	10	19	11	14	17	20	20	11	12	20	14	12	18	16	19	15	14	12	10	11	18	12	17	15	19	20	12	12	15	12	20	12	14	12	15	20	11	13	16	19	14	19	12	20	13	19	12	10	18	17	14	17	18	19	16	17	10	12	19	18	19	15	16	18	12	11	20	19	14	13	15	16	16	18	19	18	16	16	17	17	18	10	14	14	15	14	16	19	14	12	17	11	14	12	15	14	20	19	20	15	13	14	20	13	10	18	15	16	12	14	11	18	14	15	18	10	12	11	10	11	18	16	13	11	20	12	18	20	12	11	18	10	13	11	15	16	12	12	12	14	13	17	15	10	12	11	20	18	11	13	15	10	17	20	18	10	16	12	20	18	20	19	14	20	12	17	10	18	13	17	20	15	17	13	17	16	14	14	14	19	12	18	14	14	10	14	18	15	17	10	18	10	14	12	11	13	11	14	14	16	18	10	18	13	16	17	17	10	20	20	10	19	15	16	11	13	16	17	20	14	12	13	13	14	14	13	12	15	11	13	19	18	16	15	13	20	20	16	11	20	16	20	15	20	17	17	19	17	14	20	17	17	10	18	18	13	13	12	20	20	11	14	13	13	16	16	15	16	10	14	13	11	20	17	20	17	20	15	15	13	17	18	14	11	15	10	19	15	13	14	15	11	18	15	12	17	16	11	18	16	20	15	18	18	15	12	10	20	16	17	17	12	16	11	16	14	13	15	15	20	10	15	10	10	13	17	12	19	17	10	17	19	13	17	18	13	18	12	11	15	16	16	16	18	20	11	12	19	20	20	11	16	18	15	12	12	10	14	20	14	18	20	20	15	19	16	16	12	18	15	18	10	15	16	15	
1	1	1	1	1	1	1	1	1	1	1	1	1	1	1	1	1	1	1	1	1	1	1	1	1	1	1	1	1	1	1	1	1	1	1	1	1	1	1	1	1	1	1	1	1	1	1	1	1	1	1	1	1	1	1	1	1	1	1	1	1	1	1	1	1	1	2	2	2	2	2	2	2	2	2	2	2	2	2	2	2	2	2	2	2	2	2	2	2	2	2	2	2	2	2	2	2	2	2	2	2	2	2	2	2	2	2	2	2	2	2	2	2	2	2	2	2	2	2	2	2	2	2	2	2	2	2	2	2	3	3	3	3	3	3	3	3	3	3	3	3	3	3	3	3	3	3	3	3	3	3	3	3	3	3	3	3	3	3	3	3	3	3	3	3	3	3	3	3	3	3	3	3	3	3	3	3	3	3	3	3	3	3	3	3	3	3	3	3	3	3	3	4	4	4	4	4	4	4	4	4	4	4	4	4	4	4	4	4	4	4	4	4	4	4	4	4	4	4	4	4	4	4	4	4	4	4	4	4	4	4	4	4	4	4	4	4	4	4	4	4	4	4	4	4	4	4	4	4	4	4	4	4	4	4	4	4	4	4	4	4	4	4	4	5	5	5	5	5	5	5	5	5	5	5	5	5	5	5	5	5	5	5	5	5	5	5	5	5	5	5	5	5	5	5	5	5	5	5	5	5	5	5	5	5	5	5	5	5	5	5	5	5	5	5	5	5	5	5	5	5	5	5	5	5	5	6	6	6	6	6	6	6	6	6	6	6	6	6	6	6	6	6	6	6	6	6	6	6	6	6	6	6	6	6	6	6	6	6	6	6	6	6	6	6	6	6	6	6	6	6	6	6	6	6	6	6	6	6	6	6	6	6	6	6	6	6	6	6	6	6	6	6	6	6	6	6	6	7	7	7	7	7	7	7	7	7	7	7	7	7	7	7	7	7	7	7	7	7	7	7	7	7	7	7	7	7	7	7	7	7	7	7	7	7	7	7	7	7	7	7	7	7	7	7	7	7	7	7	7	7	7	7	7	7	7	7	7	7	8	8	8	8	8	8	8	8	8	8	8	8	8	8	8	8	8	8	8	8	8	8	8	8	8	8	8	8	8	8	8	8	8	8	8	8	8	8	8	8	8	8	8	8	8	8	8	8	8	8	8	8	8	8	8	8	8	8	8	8	8	8	8	8	8	8	9	9	9	9	9	9	9	9	9	9	9	9	9	9	9	9	9	9	9	9	9	9	9	9	9	9	9	9	9	9	9	9	9	9	9	9	9	9	9	9	9	9	9	9	9	9	9	9	9	9	9	9	9	9	9	9	9	9	9	9	9	9	9	9	9	9	9	9	9	9	9	9	9	9	10	10	10	10	10	10	10	10	10	10	10	10	10	10	10	10	10	10	10	10	10	10	10	10	10	10	10	10	10	10	10	10	10	10	10	10	10	10	10	10	10	10	10	10	10	10	10	10	10	10	10	10	10	10	10	10	10	10	10	10	10	10	10	11	11	11	11	11	11	11	11	11	11	11	11	11	11	11	11	11	11	11	11	11	11	11	11	11	11	11	11	11	11	11	11	11	11	11	11	11	11	11	11	11	11	11	11	11	11	11	11	11	11	11	11	11	11	11	11	11	11	11	11	11	11	11	11	11	11	11	11	11	11	11	11	11	11	12	12	12	12	12	12	12	12	12	12	12	12	12	12	12	12	12	12	12	12	12	12	12	12	12	12	12	12	12	12	12	12	12	12	12	12	12	12	12	12	12	12	12	12	12	12	12	12	12	12	12	12	12	12	12	12	12	12	12	12	12	12	12	12	12	12	12	12	12	13	13	13	13	13	13	13	13	13	13	13	13	13	13	13	13	13	13	13	13	13	13	13	13	13	13	13	13	13	13	13	13	13	13	13	13	13	13	13	13	13	13	13	13	13	13	13	13	13	13	13	13	13	13	13	13	13	13	13	13	13	13	13	13	13	13	13	13	13	13	13	13	13	13	13	13	13	14	14	14	14	14	14	14	14	14	14	14	14	14	14	14	14	14	14	14	14	14	14	14	14	14	14	14	14	14	14	14	14	14	14	14	14	14	14	14	14	14	14	14	14	14	14	14	14	14	14	14	14	14	14	14	14	14	14	14	14	14	14	15	15	15	15	15	15	15	15	15	15	15	15	15	15	15	15	15	15	15	15	15	15	15	15	15	15	15	15	15	15	15	15	15	15	15	15	15	15	15	15	15	15	15	15	15	15	15	15	15	15	15	15	15	15	15	15	
