1000
15	2
1454	22
31	27	28	31	31	31	27	30	31	27	30	26	28	26	30	29	26	27	31	31	31	31	28	26	27	27	31	31	26	31	30	31	28	30	26	30	29	27	29	28	27	26	30	29	31	29	31	31	26	26	26	31	31	31	29	29	30	26	31	29	29	29	26	28	30	29	27	30	27	31	31	26	31	30	31	28	27	28	27	28	29	31	28	31	26	26	27	27	27	26	26	29	29	29	26	26	31	30	31	26	27	28	29	27	31	28	28	27	29	28	31	29	29	26	31	30	30	26	26	30	29	28	31	28	30	29	26	26	29	30	28	28	27	26	27	31	31	26	31	30	27	30	29	31	29	26	26	27	31	27	31	30	27	31	28	28	26	27	31	28	27	31	27	26	26	29	28	26	28	31	28	27	29	29	26	29	27	30	29	29	26	27	31	30	26	31	29	27	28	27	31	27	27	27	26	29	28	29	28	29	30	30	28	28	29	29	29	31	27	28	27	28	28	30	26	28	27	28	29	31	29	29	29	30	29	26	30	29	29	28	28	26	30	28	30	31	31	27	28	27	31	27	29	31	30	31	30	30	28	28	31	29	30	29	26	27	28	29	30	27	30	27	27	29	27	31	27	28	28	30	30	28	28	31	26	26	26	31	31	28	31	28	29	27	30	30	26	28	29	31	28	31	28	27	30	30	29	28	28	30	30	27	28	30	26	29	26	26	27	27	30	29	26	27	31	29	31	29	29	31	30	27	31	31	31	26	26	30	29	28	27	30	30	29	29	26	31	29	30	29	31	27	30	26	31	30	29	26	31	31	27	31	31	30	26	29	28	27	26	28	27	31	28	26	26	31	29	26	29	31	30	28	29	31	31	30	29	29	30	31	27	31	26	27	31	28	30	30	28	27	26	26	26	26	27	27	27	29	29	29	30	26	26	30	26	30	28	29	26	26	30	29	27	26	26	30	29	26	31	31	29	26	26	30	27	26	28	26	31	30	29	27	30	31	30	28	30	30	30	31	28	31	30	27	26	27	27	27	30	31	27	26	29	29	29	31	30	30	26	29	27	27	29	29	30	27	30	31	26	28	30	26	31	26	28	29	27	29	29	28	31	30	28	28	27	30	28	31	28	29	30	29	30	27	28	31	30	26	26	27	31	27	30	29	30	29	27	29	30	27	26	30	30	28	31	28	26	31	28	29	29	28	26	27	29	31	31	26	26	26	27	26	27	28	29	29	30	29	31	28	31	28	27	27	28	30	31	26	31	26	29	31	31	27	28	28	27	31	28	27	31	30	30	26	31	30	28	28	26	26	30	30	31	28	27	28	27	26	31	31	26	27	31	30	28	26	26	29	26	31	27	27	27	27	27	29	29	31	28	28	28	27	31	29	30	26	28	26	31	27	26	26	30	29	28	30	30	29	28	26	29	26	30	27	31	26	31	28	29	28	30	28	27	28	28	31	31	28	27	28	29	30	28	30	27	28	28	28	27	29	28	31	31	29	26	29	28	30	29	27	29	28	28	26	29	29	29	28	31	27	30	29	27	28	30	29	31	30	27	29	28	28	27	29	28	26	31	30	28	30	28	26	26	27	27	27	27	28	28	27	31	31	29	30	31	30	29	26	29	30	27	30	26	27	27	31	28	28	31	27	26	31	31	28	27	31	26	31	30	26	30	28	29	31	26	26	30	30	29	27	30	26	31	27	29	27	26	28	29	27	31	30	31	30	26	27	26	28	29	29	30	26	26	29	28	31	26	30	26	27	29	27	29	26	29	28	27	31	30	28	31	31	29	29	29	27	28	30	31	29	31	27	28	28	30	28	30	30	30	26	30	29	30	31	28	27	31	28	27	27	28	26	26	29	27	28	27	31	31	30	26	30	27	28	29	27	29	30	31	30	30	31	26	27	27	27	30	28	30	28	27	30	31	29	28	26	31	30	28	26	27	28	26	30	31	27	30	29	27	28	31	26	28	27	26	29	31	29	29	29	27	28	31	31	30	27	29	31	27	27	31	31	26	30	27	26	31	26	26	27	27	27	28	28	29	27	28	29	28	31	29	31	26	28	31	29	31	27	29	26	30	28	29	27	27	27	29	31	30	31	30	29	26	26	27	29	29	27	31	29	30	31	28	27	31	26	27	29	31	29	26	26	26	27	27	27	28	28	30	27	29	27	29	31	28	27	30	30	26	30	29	28	31	29	28	29	28	26	27	28	29	26	27	29	29	31	27	27	31	26	31	29	29	26	30	30	28	30	28	28	31	26	26	30	28	27	31	28	26	31	
86	76	80	76	94	84	83	80	87	81	84	81	84	83	92	84	85	81	82	92	83	86	86	81	91	86	76	87	85	91	94	77	79	83	76	82	84	78	86	79	90	94	87	80	77	92	81	81	87	90	77	93	82	85	90	86	91	91	76	85	77	84	92	82	79	76	79	85	83	84	94	94	92	92	83	91	89	91	85	81	77	81	90	93	92	76	90	90	91	82	89	82	78	92	77	76	78	81	83	76	90	89	76	81	84	78	91	91	90	89	76	92	86	90	82	89	83	94	79	78	86	94	89	86	93	80	81	78	88	77	80	90	85	90	76	90	85	92	89	93	76	82	78	86	76	81	86	77	91	86	76	84	83	78	89	91	93	94	77	80	93	93	81	81	76	82	94	84	83	81	77	83	79	85	84	85	79	83	90	88	79	81	80	87	89	90	92	94	76	93	78	84	80	89	76	81	85	79	77	86	94	94	94	93	87	80	80	77	85	81	85	86	94	77	86	90	79	91	79	90	88	78	86	82	90	83	94	76	78	90	85	92	83	79	92	87	94	78	93	92	79	80	94	88	78	91	94	84	93	86	85	85	82	93	87	94	79	85	77	79	83	79	81	83	91	87	89	79	85	94	92	94	78	89	88	94	89	88	87	83	81	94	84	94	92	84	76	79	92	80	92	82	94	77	77	76	92	79	93	88	81	91	88	78	88	77	89	76	84	77	84	88	80	76	84	83	82	80	88	92	90	80	85	86	85	91	90	80	84	86	80	77	81	94	88	81	80	87	76	92	93	85	94	94	80	86	79	93	77	93	81	79	76	82	81	82	81	77	77	89	94	86	91	80	78	88	92	78	91	82	83	81	87	80	79	87	78	94	94	88	82	90	82	82	92	82	89	78	84	76	91	91	84	89	86	80	94	79	85	88	85	93	93	82	86	76	84	93	86	85	81	91	77	78	82	88	79	94	82	90	88	77	93	89	79	90	89	83	79	92	89	87	79	81	82	88	92	88	81	81	89	91	94	94	86	92	87	87	79	84	91	78	87	78	79	83	94	93	84	93	88	92	90	94	92	76	87	81	79	93	83	87	80	92	76	93	86	91	81	84	90	93	90	86	82	81	91	90	94	76	89	76	82	80	91	76	93	87	91	84	92	88	87	80	85	84	77	88	84	81	83	92	87	83	80	83	81	89	88	82	93	93	91	78	90	78	92	78	78	77	94	82	92	90	82	77	92	93	87	90	89	78	76	87	88	81	88	93	80	90	90	83	85	88	83	78	88	91	89	87	94	90	86	82	92	90	93	93	87	82	78	76	93	94	83	77	88	92	85	91	81	93	94	77	94	94	82	92	89	90	77	80	79	88	89	76	81	93	79	90	80	81	89	88	82	85	86	93	82	88	93	91	78	81	86	80	78	78	85	77	76	86	87	89	84	77	87	88	76	76	76	82	77	90	92	81	91	80	76	82	88	89	79	80	79	86	78	84	80	86	87	85	92	91	93	87	82	83	87	82	86	85	81	88	93	88	94	92	90	83	94	79	94	81	87	80	84	77	77	81	80	92	91	90	91	92	80	76	91	92	77	94	85	93	78	90	92	79	89	92	86	92	79	94	86	84	78	83	91	92	90	76	79	76	84	86	87	76	85	83	94	93	84	78	90	92	81	80	76	93	89	76	91	86	94	89	89	91	84	79	76	76	86	86	90	76	79	93	94	77	79	94	76	84	90	82	87	81	82	93	78	78	81	90	78	80	87	85	84	78	88	94	93	81	90	80	89	82	79	83	76	78	89	79	77	94	86	77	90	79	93	78	83	79	80	94	94	84	90	87	90	84	89	86	84	77	91	84	83	80	90	91	77	77	88	91	86	84	85	86	86	81	90	89	89	78	88	94	81	80	84	82	92	80	85	93	82	81	84	84	90	85	91	90	81	86	92	93	84	91	77	79	85	81	77	84	80	91	94	79	86	88	87	86	78	81	87	94	93	94	92	89	94	87	78	83	78	78	83	84	81	83	86	80	94	92	83	84	91	80	92	83	94	77	81	79	93	86	86	89	85	93	77	89	79	89	76	80	88	93	91	76	92	77	89	78	83	93	94	80	78	93	91	79	78	76	88	87	79	80	92	84	77	77	76	77	79	89	89	79	87	93	93	91	94	88	77	76	88	88	84	81	90	82	91	89	92	84	84	93	93	88	79	82	83	76	76	78	80	94	94	77	87	80	90	78	89	81	94	88	89	90	83	91	93	90	88	84	90	82	76	91	92	79	80	82	93	92	90	78	
17.6	16.5	17.6	30.8	28.6	15.4	25.3	27.5	31.9	23.1	30.8	20.9	25.3	15.4	18.7	31.9	30.8	13.2	26.4	27.5	14.3	31.9	22	33	22	30.8	13.2	33	31.9	19.8	31.9	26.4	27.5	23.1	25.3	12.1	28.6	15.4	15.4	25.3	22	22	13.2	18.7	29.7	12.1	16.5	31.9	24.2	25.3	25.3	33	11	24.2	22	24.2	31.9	18.7	15.4	15.4	16.5	11	31.9	25.3	19.8	30.8	31.9	22	20.9	19.8	33	27.5	25.3	27.5	17.6	27.5	27.5	22	26.4	11	31.9	30.8	23.1	24.2	17.6	31.9	18.7	11	15.4	30.8	11	28.6	28.6	25.3	25.3	11	15.4	18.7	17.6	22	12.1	27.5	23.1	15.4	29.7	31.9	23.1	13.2	18.7	12.1	22	25.3	33	24.2	18.7	16.5	33	16.5	26.4	25.3	14.3	20.9	11	25.3	33	15.4	13.2	30.8	16.5	20.9	33	14.3	12.1	18.7	33	28.6	22	23.1	16.5	17.6	23.1	18.7	11	25.3	16.5	18.7	26.4	28.6	23.1	22	23.1	18.7	23.1	15.4	13.2	23.1	25.3	12.1	11	12.1	31.9	24.2	29.7	11	27.5	33	30.8	33	26.4	26.4	11	23.1	17.6	29.7	33	17.6	11	30.8	24.2	18.7	24.2	17.6	31.9	22	27.5	31.9	33	15.4	12.1	12.1	12.1	28.6	28.6	13.2	20.9	11	15.4	20.9	28.6	27.5	22	22	14.3	15.4	15.4	17.6	14.3	33	20.9	15.4	14.3	31.9	18.7	24.2	22	23.1	13.2	17.6	26.4	17.6	15.4	23.1	22	22	20.9	31.9	31.9	20.9	25.3	30.8	15.4	23.1	33	15.4	11	16.5	17.6	24.2	26.4	11	20.9	13.2	30.8	33	25.3	20.9	11	20.9	23.1	18.7	31.9	17.6	19.8	20.9	18.7	16.5	31.9	14.3	16.5	14.3	20.9	25.3	11	25.3	13.2	29.7	30.8	14.3	14.3	27.5	14.3	29.7	25.3	28.6	19.8	15.4	20.9	16.5	17.6	25.3	30.8	30.8	29.7	12.1	19.8	19.8	17.6	26.4	31.9	25.3	29.7	23.1	20.9	25.3	17.6	12.1	14.3	25.3	30.8	25.3	26.4	15.4	27.5	33	27.5	28.6	17.6	13.2	25.3	26.4	33	17.6	12.1	22	18.7	29.7	25.3	23.1	33	17.6	23.1	27.5	25.3	18.7	19.8	18.7	28.6	12.1	25.3	20.9	27.5	12.1	33	25.3	20.9	14.3	22	27.5	18.7	12.1	11	11	28.6	29.7	22	25.3	31.9	30.8	11	19.8	31.9	18.7	19.8	11	33	24.2	27.5	11	20.9	16.5	33	25.3	23.1	31.9	28.6	20.9	23.1	16.5	18.7	11	26.4	13.2	25.3	15.4	31.9	23.1	18.7	30.8	19.8	11	29.7	17.6	18.7	13.2	20.9	12.1	28.6	16.5	26.4	24.2	11	16.5	26.4	23.1	29.7	22	16.5	27.5	25.3	16.5	22	24.2	30.8	19.8	14.3	22	31.9	22	15.4	17.6	30.8	33	23.1	28.6	31.9	11	14.3	26.4	20.9	25.3	27.5	33	27.5	13.2	13.2	31.9	17.6	27.5	28.6	12.1	22	16.5	16.5	24.2	11	20.9	13.2	33	19.8	16.5	26.4	11	26.4	23.1	23.1	23.1	26.4	33	27.5	26.4	16.5	29.7	30.8	29.7	19.8	25.3	33	15.4	11	18.7	23.1	20.9	28.6	24.2	18.7	11	24.2	18.7	12.1	20.9	30.8	31.9	22	18.7	18.7	15.4	25.3	13.2	27.5	27.5	19.8	11	13.2	28.6	12.1	23.1	23.1	14.3	33	23.1	18.7	14.3	15.4	23.1	31.9	17.6	25.3	20.9	19.8	12.1	23.1	13.2	13.2	27.5	17.6	24.2	11	30.8	16.5	30.8	17.6	16.5	16.5	13.2	15.4	14.3	27.5	13.2	31.9	25.3	27.5	12.1	11	33	22	16.5	31.9	22	14.3	29.7	30.8	19.8	14.3	30.8	31.9	12.1	25.3	26.4	23.1	29.7	26.4	15.4	29.7	31.9	19.8	33	29.7	28.6	33	30.8	31.9	29.7	25.3	29.7	16.5	11	26.4	11	16.5	14.3	30.8	28.6	22	14.3	33	33	11	11	29.7	24.2	15.4	20.9	25.3	11	28.6	19.8	17.6	25.3	20.9	13.2	28.6	33	27.5	16.5	16.5	23.1	33	26.4	24.2	17.6	19.8	26.4	26.4	27.5	14.3	12.1	27.5	18.7	30.8	22	12.1	12.1	30.8	26.4	33	25.3	31.9	30.8	15.4	30.8	14.3	15.4	12.1	29.7	23.1	31.9	11	25.3	23.1	28.6	18.7	30.8	20.9	28.6	27.5	25.3	18.7	17.6	20.9	30.8	24.2	13.2	28.6	30.8	31.9	31.9	33	11	26.4	22	27.5	24.2	31.9	23.1	13.2	27.5	17.6	15.4	17.6	17.6	25.3	25.3	11	22	12.1	31.9	33	27.5	33	12.1	29.7	23.1	13.2	23.1	23.1	26.4	26.4	18.7	14.3	33	14.3	19.8	20.9	22	14.3	12.1	23.1	16.5	29.7	26.4	13.2	11	33	20.9	27.5	33	28.6	14.3	20.9	31.9	14.3	23.1	19.8	13.2	29.7	12.1	31.9	23.1	12.1	15.4	17.6	23.1	13.2	11	28.6	12.1	19.8	26.4	16.5	25.3	17.6	25.3	15.4	28.6	22	31.9	12.1	20.9	26.4	14.3	31.9	22	18.7	30.8	25.3	20.9	28.6	13.2	14.3	15.4	28.6	31.9	18.7	19.8	14.3	11	27.5	11	27.5	29.7	20.9	27.5	13.2	29.7	27.5	12.1	26.4	16.5	19.8	22	22	18.7	27.5	31.9	18.7	15.4	14.3	28.6	14.3	26.4	15.4	12.1	26.4	28.6	23.1	22	33	33	31.9	11	28.6	15.4	16.5	22	28.6	31.9	18.7	16.5	18.7	18.7	33	12.1	29.7	24.2	23.1	28.6	15.4	17.6	27.5	23.1	29.7	13.2	22	24.2	20.9	16.5	16.5	13.2	33	13.2	12.1	12.1	11	23.1	19.8	18.7	16.5	17.6	11	29.7	23.1	16.5	25.3	19.8	30.8	30.8	31.9	13.2	25.3	14.3	17.6	13.2	20.9	11	28.6	23.1	27.5	31.9	15.4	25.3	19.8	33	33	29.7	26.4	17.6	22	22	15.4	19.8	33	18.7	11	25.3	26.4	14.3	15.4	31.9	12.1	17.6	24.2	17.6	19.8	23.1	27.5	16.5	14.3	14.3	22	22	31.9	17.6	24.2	22	23.1	33	13.2	11	27.5	29.7	19.8	20.9	23.1	23.1	33	12.1	24.2	14.3	16.5	27.5	31.9	22	27.5	26.4	25.3	16.5	31.9	30.8	22	28.6	11	22	33	11	12.1	27.5	24.2	25.3	31.9	22	33	18.7	24.2	17.6	17.6	24.2	33	19.8	16.5	11	19.8	16.5	31.9	14.3	30.8	25.3	17.6	26.4	11	18.7	19.8	27.5	29.7	27.5	27.5	26.4	20.9	20.9	33	24.2	16.5	16.5	17.6	23.1	24.2	27.5	33	25.3	27.5	17.6	14.3	14.3	17.6	18.7	28.6	19.8	29.7	13.2	20.9	13.2	25.3	28.6	27.5	30.8	26.4	27.5	17.6	18.7	23.1	31.9	20.9	17.6	16.5	12.1	23.1	23.1	27.5	12.1	33	26.4	31.9	12.1	24.2	13.2	23.1	24.2	18.7	17.6	15.4	16.5	23.1	19.8	11	28.6	18.7	25.3	23.1	12.1	29.7	33	25.3	25.3	27.5	25.3	12.1	19.8	30.8	13.2	25.3	19.8	
17.6	28.6	14.3	29.7	27.5	15.4	22	27.5	27.5	19.8	30.8	25.3	20.9	23.1	29.7	31.9	26.4	28.6	13.2	17.6	16.5	26.4	20.9	18.7	12.1	17.6	31.9	31.9	11	27.5	23.1	12.1	19.8	33	22	12.1	30.8	29.7	18.7	18.7	15.4	24.2	26.4	24.2	30.8	18.7	33	11	31.9	22	29.7	19.8	30.8	29.7	31.9	18.7	15.4	16.5	17.6	15.4	19.8	16.5	11	26.4	29.7	33	19.8	33	19.8	26.4	12.1	12.1	26.4	23.1	31.9	14.3	19.8	33	16.5	11	15.4	28.6	16.5	17.6	28.6	25.3	16.5	15.4	25.3	20.9	13.2	17.6	31.9	15.4	12.1	11	20.9	17.6	23.1	18.7	26.4	11	25.3	13.2	29.7	19.8	19.8	18.7	26.4	30.8	24.2	14.3	22	26.4	30.8	31.9	33	15.4	17.6	29.7	30.8	25.3	28.6	13.2	18.7	14.3	33	13.2	20.9	18.7	14.3	20.9	16.5	20.9	19.8	28.6	16.5	26.4	28.6	20.9	27.5	30.8	30.8	23.1	30.8	31.9	30.8	16.5	33	19.8	12.1	17.6	29.7	27.5	11	31.9	15.4	19.8	30.8	23.1	20.9	33	25.3	16.5	16.5	16.5	12.1	24.2	14.3	26.4	33	24.2	13.2	29.7	17.6	28.6	33	24.2	12.1	26.4	17.6	11	11	23.1	31.9	22	24.2	24.2	30.8	30.8	28.6	19.8	25.3	27.5	25.3	12.1	24.2	28.6	27.5	30.8	24.2	15.4	11	20.9	23.1	17.6	26.4	24.2	11	12.1	24.2	29.7	11	18.7	24.2	12.1	24.2	13.2	24.2	20.9	22	24.2	20.9	22	24.2	19.8	12.1	18.7	28.6	24.2	13.2	12.1	16.5	20.9	12.1	18.7	12.1	14.3	26.4	28.6	18.7	19.8	33	30.8	18.7	33	33	17.6	33	15.4	13.2	27.5	23.1	20.9	29.7	20.9	33	20.9	13.2	31.9	13.2	28.6	27.5	25.3	20.9	26.4	31.9	29.7	19.8	23.1	20.9	33	25.3	28.6	31.9	22	33	19.8	29.7	25.3	33	19.8	22	22	17.6	30.8	14.3	26.4	11	16.5	18.7	31.9	14.3	33	25.3	20.9	28.6	25.3	25.3	16.5	13.2	13.2	15.4	20.9	19.8	33	25.3	16.5	25.3	18.7	20.9	13.2	23.1	26.4	14.3	15.4	14.3	22	27.5	33	12.1	24.2	30.8	33	33	16.5	18.7	28.6	18.7	29.7	24.2	30.8	19.8	27.5	20.9	19.8	14.3	13.2	18.7	13.2	18.7	24.2	29.7	25.3	23.1	17.6	22	24.2	11	13.2	26.4	13.2	24.2	31.9	14.3	11	31.9	22	12.1	24.2	15.4	33	29.7	23.1	16.5	30.8	14.3	24.2	26.4	24.2	17.6	31.9	24.2	20.9	29.7	31.9	26.4	15.4	33	28.6	17.6	17.6	13.2	29.7	11	19.8	23.1	28.6	13.2	23.1	18.7	16.5	28.6	30.8	14.3	25.3	16.5	26.4	14.3	28.6	18.7	25.3	17.6	30.8	14.3	27.5	25.3	22	14.3	19.8	28.6	26.4	16.5	18.7	15.4	26.4	23.1	17.6	13.2	22	31.9	22	24.2	11	16.5	14.3	29.7	12.1	33	11	24.2	16.5	22	33	31.9	24.2	23.1	16.5	27.5	20.9	30.8	31.9	29.7	12.1	19.8	16.5	19.8	23.1	27.5	12.1	18.7	16.5	17.6	26.4	25.3	19.8	17.6	16.5	22	20.9	27.5	16.5	15.4	17.6	25.3	18.7	22	19.8	33	26.4	28.6	17.6	33	28.6	11	18.7	28.6	16.5	28.6	19.8	25.3	27.5	15.4	20.9	33	17.6	22	12.1	13.2	22	31.9	33	19.8	33	12.1	30.8	14.3	28.6	31.9	15.4	33	30.8	17.6	16.5	11	29.7	14.3	11	12.1	27.5	15.4	16.5	27.5	30.8	29.7	14.3	24.2	28.6	33	14.3	18.7	33	19.8	14.3	16.5	30.8	26.4	22	28.6	29.7	28.6	13.2	22	14.3	25.3	29.7	33	12.1	33	16.5	15.4	15.4	24.2	24.2	17.6	33	27.5	11	24.2	14.3	13.2	17.6	14.3	16.5	14.3	17.6	20.9	22	33	26.4	25.3	26.4	13.2	30.8	18.7	26.4	28.6	23.1	33	18.7	27.5	19.8	16.5	15.4	18.7	26.4	30.8	12.1	13.2	18.7	31.9	33	18.7	20.9	30.8	24.2	17.6	11	28.6	24.2	20.9	33	30.8	11	15.4	25.3	18.7	27.5	13.2	28.6	33	29.7	14.3	33	27.5	14.3	15.4	31.9	19.8	22	16.5	26.4	33	31.9	15.4	28.6	29.7	15.4	30.8	19.8	30.8	33	29.7	16.5	20.9	22	18.7	17.6	11	22	31.9	17.6	18.7	27.5	33	11	22	19.8	12.1	26.4	14.3	20.9	19.8	19.8	19.8	22	26.4	26.4	16.5	31.9	16.5	15.4	23.1	22	30.8	25.3	29.7	33	27.5	20.9	13.2	17.6	22	25.3	13.2	12.1	29.7	30.8	20.9	18.7	33	12.1	24.2	20.9	18.7	16.5	20.9	18.7	25.3	33	15.4	11	33	11	28.6	27.5	19.8	20.9	16.5	18.7	31.9	33	31.9	26.4	23.1	33	17.6	25.3	31.9	33	30.8	20.9	27.5	18.7	18.7	12.1	16.5	33	13.2	24.2	12.1	20.9	19.8	11	13.2	16.5	31.9	30.8	13.2	13.2	30.8	22	15.4	12.1	25.3	20.9	29.7	28.6	18.7	13.2	12.1	26.4	23.1	13.2	27.5	20.9	17.6	12.1	23.1	13.2	18.7	14.3	22	17.6	12.1	11	26.4	31.9	14.3	30.8	16.5	29.7	19.8	24.2	28.6	20.9	29.7	12.1	18.7	17.6	17.6	26.4	22	13.2	27.5	11	22	28.6	27.5	29.7	26.4	12.1	27.5	29.7	11	22	30.8	12.1	30.8	15.4	16.5	26.4	25.3	23.1	14.3	29.7	26.4	12.1	17.6	29.7	20.9	15.4	30.8	15.4	12.1	29.7	23.1	31.9	28.6	16.5	17.6	16.5	24.2	23.1	23.1	30.8	16.5	22	23.1	24.2	25.3	19.8	12.1	16.5	31.9	25.3	22	28.6	25.3	28.6	20.9	26.4	17.6	26.4	28.6	13.2	29.7	17.6	14.3	17.6	15.4	27.5	25.3	11	29.7	15.4	14.3	30.8	29.7	22	14.3	20.9	17.6	29.7	20.9	18.7	23.1	25.3	13.2	15.4	16.5	11	30.8	33	19.8	30.8	30.8	18.7	23.1	16.5	17.6	12.1	31.9	23.1	22	22	17.6	28.6	29.7	26.4	31.9	28.6	31.9	20.9	28.6	20.9	24.2	33	25.3	30.8	28.6	26.4	23.1	22	31.9	24.2	19.8	31.9	11	27.5	11	28.6	11	31.9	22	17.6	19.8	11	12.1	13.2	27.5	20.9	19.8	25.3	16.5	11	28.6	14.3	33	30.8	27.5	26.4	26.4	16.5	19.8	25.3	19.8	11	25.3	11	24.2	14.3	27.5	11	19.8	29.7	16.5	31.9	11	20.9	22	27.5	20.9	16.5	25.3	11	17.6	17.6	31.9	11	11	26.4	25.3	11	16.5	16.5	19.8	14.3	30.8	27.5	23.1	20.9	30.8	24.2	28.6	16.5	23.1	30.8	31.9	18.7	17.6	19.8	29.7	22	30.8	12.1	24.2	29.7	19.8	17.6	13.2	28.6	16.5	19.8	16.5	29.7	25.3	31.9	19.8	29.7	11	17.6	18.7	28.6	31.9	31.9	26.4	25.3	22	18.7	11	18.7	28.6	23.1	19.8	15.4	33	28.6	18.7	16.5	
31.9	29.7	15.4	14.3	12.1	18.7	17.6	28.6	27.5	27.5	12.1	20.9	26.4	30.8	13.2	
11	18	16	14	16	10	13	17	12	18	14	13	20	11	11	17	11	14	19	11	14	17	12	17	18	12	14	14	19	17	10	13	10	18	10	14	10	19	20	10	18	17	17	20	14	10	12	12	18	20	13	10	14	15	15	16	11	20	13	11	11	14	10	19	11	18	15	19	20	20	14	16	11	10	15	13	13	19	20	20	10	13	12	20	15	19	12	15	14	14	18	15	20	14	12	12	13	10	20	18	11	11	15	14	18	18	10	15	19	14	16	11	15	14	20	14	16	13	15	19	17	17	12	15	20	13	11	17	13	19	13	20	19	10	17	19	14	10	10	10	16	19	16	19	14	18	19	14	12	12	12	14	19	13	10	11	13	20	10	11	12	12	17	17	13	20	17	17	17	16	11	10	18	15	18	18	18	17	19	19	15	14	20	11	19	10	15	17	16	18	17	18	11	15	18	10	16	15	14	14	20	11	10	13	16	19	18	12	12	12	15	14	19	14	10	20	18	10	10	17	14	11	12	20	14	15	16	16	12	20	10	14	20	20	12	15	18	11	20	20	10	13	12	11	17	20	13	18	12	10	18	19	15	12	16	14	19	19	15	13	12	10	16	17	15	13	16	14	16	20	20	20	13	15	19	18	18	10	17	18	15	14	17	10	17	17	14	11	18	12	10	16	14	20	19	15	10	17	13	18	15	10	20	13	17	20	16	16	13	14	17	16	15	16	13	16	15	20	10	13	20	10	20	15	18	16	15	18	16	17	12	17	10	17	19	14	20	12	16	17	15	20	16	20	10	12	15	13	10	10	16	17	14	14	16	14	17	16	16	16	17	19	10	18	10	18	14	19	19	14	17	17	15	20	10	20	17	10	10	10	13	18	19	18	11	18	17	13	11	18	15	11	14	20	11	11	10	15	13	16	16	15	15	20	11	16	11	12	20	16	16	14	15	14	10	12	13	14	17	12	19	15	11	16	16	11	17	20	15	20	14	18	13	11	20	12	15	10	18	15	20	12	17	17	16	16	17	19	14	19	11	12	20	13	10	16	20	12	12	19	10	17	12	11	17	10	12	16	13	16	12	10	13	13	11	20	17	13	11	20	19	11	19	11	15	15	13	19	12	20	19	16	10	10	14	18	13	20	15	13	20	14	18	17	13	13	16	16	19	12	14	17	14	13	20	19	17	19	15	10	15	12	14	16	17	10	11	14	15	19	11	18	12	19	19	16	17	20	10	14	17	17	18	14	10	15	16	10	16	14	18	12	16	11	14	19	13	10	20	12	10	14	17	13	11	19	18	20	16	18	14	18	13	15	10	11	11	14	15	12	16	16	17	16	19	16	20	12	12	18	15	13	18	14	12	18	16	19	12	17	14	17	12	11	19	14	11	18	13	15	18	10	17	12	16	10	11	10	10	15	14	20	17	14	20	11	14	20	17	10	15	15	16	16	15	20	14	13	14	17	12	13	10	13	18	17	19	10	11	19	10	17	20	15	12	15	10	11	20	10	16	17	20	19	12	11	18	13	17	18	20	16	14	17	14	13	15	16	16	20	13	11	10	14	16	11	15	13	12	10	20	16	11	10	13	10	16	17	20	19	12	20	17	15	12	15	18	16	16	14	17	18	20	13	18	18	11	19	14	16	19	11	18	12	16	14	17	16	16	20	10	11	20	14	19	12	17	10	11	12	19	12	16	13	12	14	19	17	10	20	19	11	17	17	17	18	19	13	12	16	10	18	20	12	16	17	17	10	18	17	19	14	19	10	15	16	10	19	17	15	13	14	19	17	10	18	16	16	13	20	20	20	18	13	19	17	13	17	13	20	11	15	19	15	20	17	11	20	13	17	19	19	11	19	11	15	10	18	10	17	19	11	20	16	16	10	19	10	15	15	18	20	19	10	11	18	19	13	15	20	16	12	15	19	12	12	12	14	19	16	20	16	15	10	10	19	16	11	16	20	11	16	19	10	18	11	10	18	17	17	13	16	19	14	14	15	14	12	16	18	16	15	16	15	12	11	16	10	14	12	10	10	11	19	16	18	10	13	16	20	14	18	16	11	14	14	11	15	14	17	16	14	19	17	14	18	14	14	19	19	14	18	18	17	12	13	20	17	11	19	12	20	18	14	20	16	16	17	16	15	16	20	13	12	14	14	17	12	11	13	17	12	19	16	20	12	14	18	10	17	16	15	13	12	11	12	12	12	19	18	10	12	10	14	16	19	18	12	19	16	18	19	15	11	17	17	14	13	15	14	11	17	10	20	13	14	15	11	13	15	
1	1	1	1	1	1	1	1	1	1	1	1	1	1	1	1	1	1	1	1	1	1	1	1	1	1	1	1	1	1	1	1	1	1	1	1	1	1	1	1	1	1	1	1	1	1	1	1	1	1	1	1	1	1	1	1	1	1	1	1	1	1	1	1	1	1	1	1	1	1	1	1	1	1	1	1	1	1	1	1	2	2	2	2	2	2	2	2	2	2	2	2	2	2	2	2	2	2	2	2	2	2	2	2	2	2	2	2	2	2	2	2	2	2	2	2	2	2	2	2	2	2	2	2	2	2	2	2	2	2	2	2	2	2	2	2	2	2	2	2	2	2	2	2	3	3	3	3	3	3	3	3	3	3	3	3	3	3	3	3	3	3	3	3	3	3	3	3	3	3	3	3	3	3	3	3	3	3	3	3	3	3	3	3	3	3	3	3	3	3	3	3	3	3	3	3	4	4	4	4	4	4	4	4	4	4	4	4	4	4	4	4	4	4	4	4	4	4	4	4	4	4	4	4	4	4	4	4	4	4	4	4	4	4	4	4	4	4	4	4	4	4	4	4	4	4	4	4	4	4	4	4	4	4	4	4	4	4	4	5	5	5	5	5	5	5	5	5	5	5	5	5	5	5	5	5	5	5	5	5	5	5	5	5	5	5	5	5	5	5	5	5	5	5	5	5	5	5	5	5	5	5	5	5	5	5	5	5	5	5	5	5	5	5	5	5	5	5	5	5	5	5	5	5	5	5	5	5	5	5	6	6	6	6	6	6	6	6	6	6	6	6	6	6	6	6	6	6	6	6	6	6	6	6	6	6	6	6	6	6	6	6	6	6	6	6	6	6	6	6	6	6	6	6	6	6	6	6	6	6	6	6	6	6	6	6	6	6	6	6	6	6	6	6	6	6	6	6	6	7	7	7	7	7	7	7	7	7	7	7	7	7	7	7	7	7	7	7	7	7	7	7	7	7	7	7	7	7	7	7	7	7	7	7	7	7	7	7	7	7	7	7	7	7	7	7	7	7	7	7	7	7	7	7	7	7	8	8	8	8	8	8	8	8	8	8	8	8	8	8	8	8	8	8	8	8	8	8	8	8	8	8	8	8	8	8	8	8	8	8	8	8	8	8	8	8	8	8	8	8	8	8	8	8	8	8	8	8	8	8	8	8	8	8	8	8	8	8	8	8	8	8	8	9	9	9	9	9	9	9	9	9	9	9	9	9	9	9	9	9	9	9	9	9	9	9	9	9	9	9	9	9	9	9	9	9	9	9	9	9	9	9	9	9	9	9	9	9	9	9	9	9	9	9	9	9	9	9	9	9	9	9	9	9	9	9	9	9	9	9	9	9	9	9	9	9	10	10	10	10	10	10	10	10	10	10	10	10	10	10	10	10	10	10	10	10	10	10	10	10	10	10	10	10	10	10	10	10	10	10	10	10	10	10	10	10	10	10	10	10	10	10	10	10	10	10	10	10	10	10	10	10	10	10	10	10	10	10	10	10	10	10	10	10	10	10	11	11	11	11	11	11	11	11	11	11	11	11	11	11	11	11	11	11	11	11	11	11	11	11	11	11	11	11	11	11	11	11	11	11	11	11	11	11	11	11	11	11	11	11	11	11	11	11	11	11	11	11	11	11	11	11	11	11	11	12	12	12	12	12	12	12	12	12	12	12	12	12	12	12	12	12	12	12	12	12	12	12	12	12	12	12	12	12	12	12	12	12	12	12	12	12	12	12	12	12	12	12	12	12	12	12	12	12	12	12	12	12	12	12	12	12	12	12	12	12	12	12	12	12	12	12	12	12	12	12	12	12	12	12	13	13	13	13	13	13	13	13	13	13	13	13	13	13	13	13	13	13	13	13	13	13	13	13	13	13	13	13	13	13	13	13	13	13	13	13	13	13	13	13	13	13	13	13	13	13	13	13	13	13	13	13	13	13	13	13	13	13	13	13	13	13	13	13	13	13	14	14	14	14	14	14	14	14	14	14	14	14	14	14	14	14	14	14	14	14	14	14	14	14	14	14	14	14	14	14	14	14	14	14	14	14	14	14	14	14	14	14	14	14	14	14	14	14	14	14	14	14	14	14	14	14	14	14	14	15	15	15	15	15	15	15	15	15	15	15	15	15	15	15	15	15	15	15	15	15	15	15	15	15	15	15	15	15	15	15	15	15	15	15	15	15	15	15	15	15	15	15	15	15	15	15	15	15	15	15	15	15	15	15	15	15	15	15	15	15	15	15	15	15	15	15	15	15	15	15	15	15	15	15	
