1000
45	12
361	18.7
31	29	28	27	31	31	28	28	28	26	27	31	31	27	28	31	30	29	27	27	28	29	30	29	30	29	31	26	28	27	26	26	30	30	28	30	26	31	26	27	27	30	31	29	30	28	30	28	31	26	28	31	30	26	29	27	30	31	31	29	26	31	27	26	27	26	30	29	27	27	26	28	27	26	29	28	29	29	27	29	31	30	26	31	28	26	29	29	29	28	26	29	29	29	27	31	29	26	26	27	27	27	27	28	27	28	26	28	29	26	30	29	27	28	30	30	26	27	26	29	29	26	27	28	26	27	28	27	31	29	27	30	30	31	27	27	29	29	29	31	28	29	29	26	27	26	26	26	31	30	29	31	29	26	26	26	28	29	29	31	27	27	31	26	27	31	26	28	30	28	31	28	26	31	31	31	31	31	29	27	26	29	28	26	29	28	28	28	27	27	26	27	31	29	26	30	27	29	27	26	29	31	28	28	26	30	28	28	30	27	26	26	31	26	27	26	30	30	30	26	31	30	30	28	30	29	31	27	31	27	29	27	29	28	29	26	30	30	31	26	28	30	28	31	29	29	31	30	31	28	27	31	31	27	26	28	26	31	31	30	30	27	30	28	30	30	31	30	26	27	31	30	27	27	28	30	31	30	26	30	27	31	30	27	29	26	26	28	30	29	28	30	30	28	31	29	26	29	30	28	27	31	31	26	30	29	31	27	26	29	26	29	26	30	27	27	26	31	29	31	30	30	27	30	26	29	31	30	31	30	26	28	28	30	29	31	26	27	30	31	27	29	31	28	27	30	28	26	27	27	27	31	31	29	28	26	29	26	26	30	29	26	27	29	29	27	30	29	31	30	26	31	29	29	27	26	27	27	27	28	28	29	31	29	27	30	31	29	29	31	30	28	27	28	29	26	29	26	28	29	29	28	31	30	28	27	27	28	28	29	27	26	31	30	30	27	26	27	29	26	29	31	27	30	28	30	31	27	29	29	31	28	26	31	26	31	29	27	29	26	31	29	28	26	31	30	28	26	28	31	28	30	30	30	28	29	30	26	30	30	27	29	28	28	29	30	29	26	26	30	31	31	26	28	26	29	26	29	31	26	28	31	31	31	30	26	28	27	27	27	30	29	31	30	28	27	30	31	27	26	30	30	31	30	28	26	30	31	29	28	29	30	29	27	28	28	28	30	31	28	30	27	28	28	27	26	28	29	26	26	28	29	29	26	29	28	29	30	30	28	27	28	26	28	27	29	27	31	31	31	26	27	26	27	29	30	31	28	27	27	28	27	30	30	28	28	28	27	29	26	30	29	30	26	29	29	26	28	31	27	31	30	27	27	28	31	26	28	27	31	30	26	31	28	29	29	26	26	31	27	30	31	30	30	30	26	27	28	31	29	29	30	29	28	26	26	28	27	27	30	28	27	30	28	30	26	27	28	27	31	26	27	26	31	28	26	31	27	29	30	26	26	29	26	31	27	29	31	30	30	30	31	29	29	31	29	31	26	30	29	31	26	29	28	28	31	26	30	31	27	26	29	27	26	31	28	31	28	26	26	27	26	27	27	31	28	29	27	30	30	30	29	31	26	28	30	27	31	31	29	29	28	31	30	31	29	31	29	28	30	27	28	28	31	28	26	30	28	31	27	26	30	30	29	26	27	31	26	28	27	31	26	29	31	27	29	26	29	27	29	29	28	29	27	30	30	28	27	26	31	26	30	30	26	26	30	26	31	27	27	28	28	31	27	31	30	27	28	29	27	26	27	30	31	29	29	26	30	27	31	30	28	31	31	27	29	28	26	30	28	28	31	27	31	31	26	31	29	26	29	27	27	27	31	26	28	27	27	28	29	29	28	30	26	29	30	31	31	27	28	28	31	31	29	28	29	28	30	27	27	30	28	27	31	31	27	26	30	28	29	26	29	28	27	26	27	26	26	26	31	26	31	31	31	29	30	29	31	27	30	28	29	27	29	31	28	30	27	31	29	27	31	31	31	30	31	30	27	26	30	30	27	31	31	28	29	31	29	31	26	29	28	26	28	30	29	31	30	31	26	26	28	27	27	28	30	29	30	30	30	29	30	29	31	31	30	30	27	31	28	27	29	31	29	31	27	30	30	28	29	29	29	27	27	26	28	27	29	26	26	31	29	31	31	29	31	29	28	26	31	28	30	31	29	29	28	31	27	27	31	30	27	27	26	29	29	30	28	26	27	27	30	30	31	31	28	27	29	27	29	26	30	26	29	29	29	28	29	26	26	31	27	27	28	30	29	31	26	30	31	
76	86	92	89	76	79	93	94	78	78	79	79	92	82	76	80	91	76	85	89	83	82	84	94	91	79	88	77	86	91	76	77	91	76	81	83	88	84	81	88	85	79	82	94	86	93	82	89	90	90	79	87	92	78	90	84	83	78	76	90	76	77	83	87	92	79	91	80	86	78	85	80	86	94	78	92	88	91	81	77	85	86	93	76	94	83	80	79	84	85	93	88	80	92	90	77	83	81	86	94	91	76	76	81	90	85	92	93	85	94	87	78	92	87	79	90	94	81	78	82	93	84	83	93	84	80	91	78	83	78	90	76	82	81	79	86	82	92	91	87	81	77	78	91	85	91	81	76	87	82	84	78	84	92	94	88	82	83	92	93	81	86	94	84	80	77	80	88	87	76	83	90	81	90	79	81	76	90	94	89	92	84	79	82	89	78	84	84	78	81	84	85	84	89	80	76	93	82	85	88	85	86	82	82	86	90	82	78	91	79	81	93	93	89	84	86	91	84	82	86	87	85	78	84	78	78	94	86	76	90	87	83	84	78	82	87	92	88	89	86	78	94	93	88	93	83	76	92	84	87	78	90	91	93	92	90	84	86	89	93	79	84	84	94	94	84	86	91	76	91	90	81	88	78	87	84	78	92	89	82	93	77	84	84	94	94	83	94	87	79	82	84	80	94	82	85	84	90	86	79	92	92	80	84	81	83	88	86	84	85	78	83	76	85	82	94	83	76	93	90	83	86	91	91	82	78	90	90	79	86	77	92	78	78	88	93	81	84	94	76	84	94	78	85	81	89	92	87	92	91	76	91	89	78	91	83	78	83	85	78	83	77	83	94	89	80	92	89	88	85	80	90	91	88	89	77	78	94	85	91	80	84	82	89	86	77	85	93	88	94	84	79	93	76	80	93	87	76	87	78	76	93	86	85	84	82	89	85	82	85	85	93	81	88	89	76	88	89	78	94	94	79	82	79	91	85	77	89	91	84	77	94	87	91	76	93	77	84	87	82	82	77	81	93	86	92	77	83	94	81	76	94	93	77	90	86	87	85	94	79	84	83	80	84	89	85	83	83	77	82	86	84	87	78	84	84	78	94	91	77	87	93	93	85	80	90	89	94	90	88	80	85	77	92	87	92	77	92	87	94	89	83	86	88	89	77	87	76	91	89	92	84	90	77	89	82	86	93	89	81	83	94	87	92	77	90	81	83	85	81	87	94	87	81	92	90	88	92	85	81	88	84	87	87	80	91	85	94	79	87	87	82	85	82	90	94	84	81	80	87	83	78	89	90	85	78	78	83	85	78	89	76	79	86	85	82	86	90	87	87	81	80	83	90	81	80	76	91	82	91	93	78	84	77	78	85	76	88	79	88	94	80	93	89	85	78	83	92	81	80	78	92	80	94	80	86	83	77	91	85	94	84	82	80	86	87	81	94	79	76	80	89	81	93	85	82	91	87	93	79	83	92	82	90	83	82	94	93	77	87	80	88	94	79	93	76	89	78	90	79	79	89	93	89	82	82	85	91	92	89	86	88	83	82	90	94	84	92	78	90	94	92	92	93	88	80	76	88	79	78	94	91	77	86	83	91	78	90	83	81	89	77	90	82	88	81	83	92	87	84	85	84	94	83	85	76	87	82	93	77	81	82	94	91	91	88	84	88	88	78	89	84	87	81	83	76	82	78	78	83	90	78	93	82	86	82	87	88	90	83	86	85	83	94	87	77	94	76	88	83	94	83	91	84	84	77	84	78	77	77	91	94	89	88	94	83	84	85	82	84	94	84	82	93	76	78	94	88	91	94	76	92	85	76	80	91	83	88	87	88	82	89	87	78	91	78	83	89	87	94	77	92	85	82	88	89	94	81	86	90	82	88	80	90	79	84	88	85	79	84	91	86	80	89	91	85	92	80	94	77	83	89	77	79	90	89	79	79	78	90	87	91	79	88	81	83	93	79	89	92	85	82	82	88	87	76	92	87	81	90	78	89	85	86	87	79	76	83	87	81	88	94	80	77	76	78	93	90	88	78	91	94	91	85	80	94	90	81	78	82	93	90	83	94	82	76	93	87	85	91	80	81	85	85	87	85	91	80	86	85	89	87	85	91	80	79	80	93	84	85	89	92	94	89	90	85	87	91	79	86	90	79	89	93	84	93	88	89	86	86	78	85	84	88	80	91	86	91	82	94	82	81	87	93	94	84	82	82	87	89	87	88	93	91	81	82	85	94	82	84	92	86	86	88	86	93	76	87	76	80	80	87	88	78	93	81	77	77	82	83	
30.8	18.7	20.9	29.7	14.3	27.5	18.7	17.6	14.3	17.6	11	31.9	29.7	33	12.1	23.1	17.6	28.6	26.4	14.3	24.2	25.3	22	24.2	15.4	12.1	28.6	29.7	20.9	27.5	23.1	14.3	28.6	18.7	11	20.9	22	15.4	30.8	20.9	17.6	19.8	29.7	15.4	16.5	31.9	25.3	17.6	28.6	30.8	16.5	29.7	17.6	14.3	11	31.9	18.7	28.6	28.6	16.5	20.9	27.5	11	18.7	11	28.6	29.7	25.3	17.6	16.5	13.2	28.6	14.3	14.3	30.8	23.1	23.1	31.9	22	29.7	22	23.1	22	16.5	17.6	14.3	19.8	33	16.5	25.3	20.9	15.4	15.4	23.1	27.5	26.4	25.3	11	19.8	19.8	16.5	13.2	25.3	26.4	26.4	19.8	31.9	29.7	20.9	17.6	22	15.4	14.3	28.6	17.6	13.2	16.5	18.7	25.3	11	27.5	14.3	15.4	15.4	14.3	14.3	11	25.3	24.2	23.1	25.3	14.3	30.8	12.1	22	26.4	17.6	20.9	19.8	25.3	33	25.3	29.7	24.2	25.3	20.9	31.9	33	18.7	17.6	26.4	18.7	26.4	29.7	30.8	22	20.9	17.6	12.1	28.6	31.9	11	18.7	17.6	30.8	31.9	29.7	33	25.3	13.2	14.3	15.4	33	25.3	22	27.5	15.4	31.9	17.6	27.5	31.9	18.7	22	19.8	19.8	28.6	22	11	24.2	24.2	12.1	13.2	19.8	16.5	14.3	25.3	22	14.3	13.2	22	20.9	28.6	11	24.2	11	28.6	23.1	24.2	29.7	22	29.7	12.1	30.8	33	20.9	20.9	16.5	25.3	25.3	18.7	31.9	23.1	17.6	25.3	20.9	19.8	11	27.5	24.2	14.3	19.8	24.2	13.2	31.9	29.7	22	15.4	18.7	31.9	30.8	18.7	11	17.6	23.1	30.8	12.1	33	18.7	22	28.6	23.1	29.7	30.8	33	14.3	20.9	17.6	16.5	27.5	19.8	26.4	17.6	19.8	22	17.6	23.1	26.4	25.3	26.4	22	19.8	14.3	33	11	28.6	29.7	15.4	16.5	14.3	15.4	22	28.6	33	16.5	22	31.9	17.6	11	29.7	23.1	12.1	15.4	25.3	31.9	15.4	23.1	31.9	20.9	27.5	29.7	33	16.5	23.1	30.8	31.9	20.9	17.6	24.2	12.1	20.9	24.2	24.2	24.2	22	22	11	33	11	30.8	24.2	13.2	20.9	15.4	16.5	24.2	27.5	31.9	20.9	29.7	31.9	30.8	13.2	29.7	22	16.5	20.9	20.9	27.5	17.6	22	18.7	30.8	25.3	26.4	20.9	31.9	15.4	19.8	30.8	22	24.2	16.5	22	20.9	33	18.7	28.6	23.1	12.1	30.8	23.1	18.7	23.1	18.7	25.3	24.2	15.4	12.1	25.3	23.1	22	29.7	16.5	31.9	26.4	12.1	19.8	14.3	28.6	24.2	14.3	19.8	29.7	29.7	17.6	20.9	33	25.3	12.1	12.1	22	14.3	17.6	13.2	13.2	14.3	28.6	18.7	26.4	11	24.2	18.7	33	17.6	22	13.2	29.7	22	24.2	15.4	29.7	13.2	27.5	14.3	30.8	29.7	20.9	33	20.9	28.6	18.7	27.5	33	14.3	27.5	30.8	12.1	25.3	25.3	19.8	18.7	11	28.6	15.4	27.5	13.2	28.6	16.5	14.3	16.5	22	17.6	17.6	22	19.8	25.3	18.7	18.7	12.1	24.2	29.7	11	15.4	26.4	28.6	13.2	11	17.6	18.7	25.3	19.8	22	22	29.7	12.1	27.5	31.9	15.4	33	18.7	28.6	22	22	19.8	23.1	22	30.8	27.5	29.7	22	29.7	16.5	23.1	15.4	11	24.2	22	33	13.2	31.9	20.9	30.8	31.9	30.8	12.1	22	14.3	15.4	14.3	16.5	15.4	15.4	13.2	28.6	19.8	14.3	11	24.2	14.3	22	24.2	23.1	12.1	14.3	13.2	16.5	18.7	33	18.7	18.7	24.2	20.9	29.7	12.1	11	15.4	33	24.2	12.1	20.9	29.7	15.4	18.7	14.3	14.3	23.1	12.1	29.7	33	19.8	24.2	12.1	13.2	23.1	11	15.4	20.9	19.8	12.1	17.6	27.5	18.7	11	13.2	16.5	19.8	27.5	28.6	22	17.6	13.2	14.3	14.3	16.5	20.9	13.2	12.1	15.4	25.3	15.4	22	19.8	12.1	18.7	17.6	12.1	26.4	31.9	12.1	33	13.2	11	30.8	27.5	33	11	11	19.8	28.6	27.5	14.3	33	12.1	31.9	22	17.6	23.1	33	25.3	22	14.3	25.3	28.6	16.5	29.7	27.5	19.8	28.6	18.7	25.3	13.2	15.4	30.8	30.8	20.9	33	12.1	17.6	20.9	31.9	12.1	19.8	33	16.5	14.3	23.1	12.1	22	31.9	15.4	11	19.8	29.7	33	18.7	13.2	13.2	19.8	16.5	22	20.9	13.2	22	26.4	24.2	29.7	33	30.8	11	19.8	17.6	11	12.1	25.3	23.1	19.8	33	11	22	15.4	15.4	29.7	17.6	17.6	31.9	20.9	13.2	13.2	27.5	13.2	14.3	31.9	18.7	23.1	29.7	25.3	14.3	28.6	26.4	27.5	19.8	15.4	13.2	28.6	17.6	27.5	14.3	27.5	13.2	12.1	20.9	15.4	12.1	15.4	14.3	20.9	17.6	13.2	22	25.3	11	23.1	11	33	23.1	12.1	12.1	26.4	14.3	20.9	12.1	16.5	14.3	24.2	15.4	18.7	19.8	14.3	13.2	24.2	13.2	17.6	25.3	28.6	31.9	18.7	14.3	14.3	18.7	24.2	13.2	26.4	24.2	15.4	26.4	18.7	15.4	33	11	23.1	11	18.7	19.8	31.9	29.7	22	33	25.3	26.4	25.3	30.8	13.2	25.3	14.3	31.9	27.5	11	11	29.7	28.6	16.5	16.5	25.3	26.4	12.1	15.4	18.7	28.6	17.6	20.9	19.8	16.5	30.8	25.3	15.4	27.5	14.3	26.4	23.1	18.7	23.1	20.9	28.6	20.9	11	13.2	16.5	27.5	17.6	12.1	12.1	24.2	22	30.8	30.8	19.8	30.8	15.4	18.7	15.4	17.6	24.2	28.6	11	31.9	20.9	27.5	18.7	33	19.8	19.8	26.4	28.6	28.6	14.3	27.5	19.8	23.1	24.2	11	14.3	33	31.9	15.4	12.1	33	20.9	24.2	13.2	18.7	31.9	12.1	11	28.6	24.2	31.9	11	18.7	15.4	20.9	11	25.3	27.5	19.8	14.3	17.6	33	14.3	22	22	14.3	30.8	29.7	27.5	20.9	26.4	30.8	29.7	26.4	20.9	12.1	15.4	33	26.4	30.8	22	16.5	13.2	13.2	15.4	26.4	20.9	15.4	18.7	18.7	23.1	25.3	31.9	12.1	14.3	11	25.3	13.2	12.1	27.5	29.7	27.5	16.5	14.3	13.2	11	22	14.3	29.7	17.6	25.3	16.5	22	33	17.6	30.8	13.2	23.1	33	16.5	28.6	22	31.9	19.8	16.5	17.6	12.1	30.8	19.8	14.3	28.6	20.9	20.9	27.5	28.6	22	14.3	22	18.7	24.2	23.1	31.9	14.3	17.6	24.2	19.8	20.9	18.7	14.3	27.5	23.1	13.2	12.1	12.1	23.1	26.4	29.7	15.4	31.9	16.5	28.6	17.6	28.6	27.5	12.1	19.8	29.7	31.9	18.7	26.4	20.9	26.4	22	20.9	27.5	13.2	13.2	12.1	31.9	22	33	22	22	23.1	22	23.1	16.5	26.4	18.7	19.8	19.8	23.1	14.3	27.5	23.1	27.5	25.3	26.4	19.8	29.7	27.5	18.7	11	22	31.9	27.5	18.7	30.8	19.8	24.2	12.1	31.9	20.9	13.2	11	
31.9	27.5	24.2	23.1	31.9	27.5	18.7	28.6	19.8	15.4	14.3	27.5	13.2	13.2	22	12.1	33	28.6	11	17.6	29.7	20.9	14.3	13.2	24.2	26.4	31.9	17.6	17.6	11	19.8	12.1	18.7	30.8	33	33	15.4	11	23.1	13.2	25.3	14.3	23.1	18.7	23.1	23.1	28.6	19.8	25.3	28.6	25.3	26.4	26.4	26.4	33	31.9	23.1	14.3	19.8	28.6	26.4	19.8	11	25.3	23.1	30.8	29.7	11	29.7	11	24.2	15.4	14.3	11	28.6	28.6	11	20.9	26.4	26.4	13.2	18.7	29.7	27.5	28.6	20.9	28.6	14.3	25.3	12.1	22	16.5	25.3	12.1	18.7	29.7	19.8	33	24.2	24.2	11	15.4	15.4	23.1	28.6	12.1	23.1	25.3	11	15.4	18.7	12.1	19.8	30.8	16.5	25.3	13.2	25.3	31.9	16.5	29.7	13.2	24.2	33	20.9	17.6	12.1	13.2	29.7	29.7	33	12.1	18.7	27.5	20.9	33	27.5	30.8	15.4	24.2	16.5	31.9	23.1	24.2	20.9	19.8	18.7	23.1	17.6	23.1	12.1	16.5	14.3	28.6	20.9	13.2	27.5	14.3	11	26.4	22	29.7	17.6	11	22	33	28.6	24.2	16.5	33	30.8	20.9	26.4	23.1	23.1	12.1	26.4	25.3	15.4	22	12.1	13.2	27.5	31.9	26.4	14.3	11	17.6	33	24.2	16.5	15.4	15.4	24.2	26.4	31.9	29.7	24.2	11	29.7	15.4	11	29.7	17.6	12.1	16.5	29.7	25.3	27.5	20.9	18.7	15.4	25.3	22	18.7	26.4	12.1	33	30.8	28.6	18.7	26.4	27.5	30.8	33	13.2	30.8	18.7	20.9	17.6	25.3	14.3	28.6	11	22	24.2	29.7	14.3	27.5	23.1	25.3	27.5	24.2	15.4	18.7	30.8	13.2	27.5	14.3	28.6	22	27.5	22	17.6	29.7	26.4	16.5	13.2	11	15.4	20.9	30.8	31.9	14.3	16.5	15.4	20.9	13.2	18.7	28.6	13.2	15.4	24.2	20.9	25.3	30.8	20.9	17.6	28.6	18.7	22	11	18.7	17.6	29.7	28.6	16.5	24.2	33	17.6	11	27.5	25.3	27.5	33	20.9	31.9	12.1	16.5	17.6	13.2	28.6	33	17.6	25.3	14.3	16.5	18.7	14.3	16.5	27.5	14.3	17.6	16.5	22	24.2	18.7	12.1	13.2	25.3	16.5	27.5	31.9	19.8	22	15.4	30.8	33	13.2	13.2	13.2	23.1	11	29.7	16.5	14.3	26.4	33	33	28.6	15.4	29.7	16.5	14.3	15.4	13.2	33	17.6	25.3	33	30.8	15.4	14.3	13.2	24.2	31.9	22	26.4	12.1	29.7	33	19.8	31.9	17.6	27.5	26.4	11	25.3	12.1	27.5	20.9	15.4	23.1	33	18.7	26.4	29.7	17.6	20.9	22	23.1	15.4	30.8	14.3	23.1	11	22	22	14.3	29.7	29.7	33	23.1	20.9	19.8	24.2	27.5	26.4	11	33	15.4	23.1	16.5	13.2	16.5	20.9	18.7	18.7	28.6	29.7	13.2	20.9	26.4	22	15.4	11	14.3	20.9	20.9	19.8	12.1	24.2	13.2	31.9	22	19.8	30.8	29.7	25.3	27.5	17.6	14.3	19.8	12.1	29.7	29.7	13.2	19.8	26.4	28.6	15.4	28.6	15.4	33	31.9	27.5	16.5	15.4	22	30.8	16.5	12.1	20.9	16.5	27.5	27.5	24.2	14.3	13.2	22	22	25.3	18.7	14.3	20.9	30.8	19.8	20.9	28.6	33	19.8	25.3	15.4	31.9	12.1	17.6	19.8	12.1	30.8	17.6	16.5	19.8	24.2	18.7	31.9	22	33	31.9	25.3	33	14.3	22	20.9	12.1	13.2	14.3	33	31.9	31.9	27.5	15.4	30.8	26.4	29.7	18.7	12.1	12.1	31.9	14.3	28.6	11	12.1	26.4	16.5	17.6	16.5	24.2	25.3	23.1	29.7	25.3	18.7	20.9	27.5	17.6	31.9	13.2	12.1	19.8	11	27.5	23.1	27.5	12.1	31.9	15.4	17.6	23.1	14.3	17.6	30.8	16.5	33	16.5	29.7	13.2	13.2	25.3	11	26.4	19.8	24.2	19.8	31.9	13.2	16.5	25.3	22	19.8	12.1	25.3	13.2	29.7	24.2	23.1	17.6	28.6	25.3	24.2	19.8	30.8	30.8	27.5	18.7	23.1	22	17.6	24.2	28.6	24.2	24.2	15.4	15.4	22	29.7	27.5	12.1	33	22	28.6	25.3	26.4	33	28.6	16.5	33	15.4	28.6	33	18.7	14.3	18.7	23.1	19.8	17.6	27.5	26.4	29.7	29.7	13.2	18.7	26.4	16.5	13.2	13.2	25.3	12.1	13.2	16.5	23.1	15.4	17.6	25.3	24.2	16.5	17.6	30.8	25.3	27.5	11	12.1	33	13.2	29.7	27.5	11	16.5	15.4	28.6	30.8	26.4	29.7	11	30.8	11	26.4	15.4	25.3	17.6	24.2	28.6	12.1	17.6	23.1	12.1	20.9	11	17.6	13.2	28.6	12.1	26.4	26.4	19.8	17.6	29.7	25.3	13.2	22	22	33	16.5	14.3	15.4	19.8	14.3	24.2	11	28.6	14.3	27.5	20.9	26.4	31.9	30.8	26.4	26.4	26.4	16.5	11	28.6	13.2	17.6	15.4	22	31.9	16.5	24.2	22	24.2	14.3	23.1	13.2	30.8	33	15.4	13.2	31.9	23.1	22	22	22	24.2	26.4	28.6	26.4	26.4	29.7	20.9	12.1	13.2	11	23.1	26.4	27.5	22	16.5	11	15.4	11	33	23.1	31.9	33	28.6	15.4	16.5	30.8	20.9	20.9	16.5	20.9	11	28.6	11	13.2	27.5	24.2	26.4	19.8	19.8	19.8	29.7	11	22	23.1	22	16.5	12.1	23.1	23.1	19.8	28.6	14.3	30.8	15.4	26.4	12.1	22	15.4	15.4	27.5	16.5	14.3	15.4	22	19.8	12.1	30.8	31.9	16.5	33	12.1	17.6	27.5	22	17.6	25.3	26.4	18.7	20.9	17.6	12.1	14.3	18.7	22	29.7	15.4	20.9	23.1	15.4	20.9	13.2	23.1	28.6	26.4	11	28.6	16.5	33	25.3	22	25.3	17.6	24.2	12.1	27.5	26.4	28.6	33	12.1	24.2	15.4	29.7	19.8	33	13.2	11	28.6	18.7	29.7	16.5	26.4	12.1	29.7	22	30.8	33	14.3	14.3	29.7	29.7	19.8	20.9	31.9	13.2	16.5	19.8	30.8	22	17.6	25.3	18.7	24.2	25.3	16.5	15.4	12.1	27.5	20.9	18.7	26.4	31.9	30.8	19.8	24.2	20.9	11	30.8	29.7	18.7	24.2	14.3	24.2	20.9	19.8	26.4	23.1	31.9	25.3	23.1	30.8	12.1	23.1	24.2	12.1	15.4	23.1	29.7	27.5	25.3	33	30.8	11	12.1	19.8	23.1	15.4	14.3	17.6	29.7	16.5	15.4	16.5	28.6	24.2	31.9	29.7	14.3	19.8	23.1	13.2	24.2	16.5	29.7	29.7	12.1	33	27.5	30.8	33	14.3	30.8	23.1	23.1	13.2	12.1	31.9	16.5	14.3	12.1	13.2	27.5	23.1	27.5	19.8	27.5	23.1	15.4	31.9	33	24.2	14.3	18.7	12.1	16.5	11	33	25.3	25.3	14.3	16.5	11	13.2	11	25.3	26.4	29.7	19.8	22	28.6	23.1	24.2	23.1	27.5	30.8	26.4	14.3	30.8	16.5	28.6	13.2	12.1	22	26.4	25.3	24.2	30.8	27.5	15.4	17.6	25.3	23.1	28.6	18.7	25.3	29.7	24.2	24.2	22	24.2	20.9	25.3	14.3	18.7	29.7	23.1	20.9	33	20.9	
16.5	23.1	11	20.9	30.8	19.8	33	28.6	17.6	24.2	25.3	27.5	28.6	30.8	19.8	22	12.1	27.5	31.9	19.8	26.4	19.8	12.1	14.3	13.2	13.2	11	15.4	17.6	22	28.6	12.1	28.6	29.7	29.7	16.5	31.9	17.6	24.2	23.1	20.9	22	28.6	24.2	12.1	
19	16	14	16	10	13	16	16	18	13	10	17	17	20	19	14	12	10	20	14	16	11	19	10	14	12	13	11	15	11	14	11	18	14	20	17	11	20	15	12	12	19	14	17	20	14	13	13	12	12	17	19	17	10	16	19	14	10	20	10	11	16	19	18	16	19	12	14	13	20	10	13	12	19	13	15	11	10	17	13	20	19	13	12	19	18	14	19	11	14	18	20	20	10	12	18	13	10	12	12	17	13	15	15	19	16	19	12	18	12	13	20	11	13	17	12	16	12	16	14	18	15	10	19	14	19	18	19	16	15	13	17	11	10	18	13	20	12	18	14	19	16	19	12	14	10	16	19	10	14	11	18	14	12	19	11	13	15	14	18	13	16	19	17	10	12	11	16	11	19	20	18	10	20	13	10	15	19	15	12	14	13	15	13	10	17	16	16	14	13	19	10	15	11	15	12	14	17	11	11	10	11	13	16	19	19	19	11	13	19	19	13	19	11	10	16	18	13	12	13	14	14	13	18	17	18	10	18	15	16	19	20	12	19	16	20	16	17	16	10	15	19	20	17	11	17	17	13	17	10	15	17	18	12	17	11	11	12	11	13	12	13	18	18	14	20	11	18	17	14	15	19	19	16	18	20	12	17	10	12	17	19	20	15	15	16	13	12	15	14	14	15	13	12	18	12	17	19	17	17	19	13	11	20	18	19	15	17	10	15	17	10	14	20	17	11	17	14	12	11	20	15	15	11	17	17	10	20	14	17	19	14	14	16	13	16	14	14	20	12	15	20	16	19	13	12	17	16	19	11	10	12	15	18	18	15	16	11	15	15	13	18	12	17	10	13	13	12	13	20	13	20	10	11	17	15	11	20	14	17	11	15	14	20	11	10	12	17	14	17	15	10	18	19	13	11	19	17	18	17	18	15	11	18	13	17	18	19	10	15	11	12	16	11	19	14	15	18	11	17	14	19	15	12	20	17	20	20	10	10	10	16	13	16	18	12	18	10	14	10	17	11	14	16	18	14	20	13	14	20	13	20	17	15	18	18	16	11	11	12	10	15	15	18	14	12	16	10	10	17	19	20	19	19	18	17	17	14	19	11	13	12	14	15	16	18	17	16	14	16	17	16	13	16	14	11	16	10	17	16	16	19	20	16	20	16	12	17	18	14	11	17	13	20	10	15	17	11	19	19	10	14	16	12	13	17	11	14	13	15	20	11	20	20	19	17	12	14	10	19	15	14	17	10	11	18	14	16	16	11	10	19	13	18	16	19	15	17	12	10	14	12	10	19	16	12	19	15	20	18	14	12	15	17	13	12	13	12	17	19	19	20	10	18	11	18	15	11	18	14	11	19	18	18	14	12	11	13	11	13	20	12	18	19	14	19	20	20	12	14	11	12	13	15	18	11	20	18	17	15	18	20	20	19	15	10	20	20	19	17	14	18	18	11	10	15	17	10	16	19	19	16	15	14	14	18	10	11	19	17	16	11	16	15	20	15	20	20	12	16	15	14	16	10	19	12	15	10	15	20	11	14	16	18	17	16	20	12	18	18	14	17	16	19	10	11	20	20	18	12	15	12	20	12	14	12	12	19	19	13	19	16	17	17	20	14	10	13	13	15	19	10	13	10	16	11	12	19	12	17	12	20	17	19	13	14	15	16	18	11	20	17	12	14	16	17	12	17	13	19	16	11	12	14	17	20	17	18	14	10	10	16	18	19	18	10	12	14	20	14	14	19	18	12	13	18	13	13	12	14	14	20	18	15	20	10	11	20	18	14	10	17	16	13	19	12	19	16	19	13	20	10	17	20	14	10	16	16	12	15	18	15	14	17	12	10	13	13	18	15	18	20	19	12	11	16	19	14	14	11	17	12	16	10	15	20	20	20	13	12	14	17	17	10	20	16	16	10	15	11	18	20	14	18	13	17	19	15	16	15	19	17	20	11	10	18	11	18	12	13	19	20	14	18	17	13	14	12	15	15	16	15	19	15	11	18	12	19	20	16	18	11	13	10	10	18	20	11	20	13	20	13	19	20	20	18	16	10	16	17	15	14	16	10	10	13	10	10	13	11	14	10	18	15	11	13	20	17	17	16	17	12	18	19	19	10	20	16	16	10	10	16	16	14	17	13	17	18	12	11	10	17	19	20	16	11	17	12	15	16	11	17	12	11	19	15	19	14	10	13	19	18	14	18	12	14	16	20	14	15	15	14	17	19	17	10	11	18	15	11	17	12	19	16	19	19	16	16	20	16	12	17	20	16	20	18	15	12	15	17	
1	1	1	1	1	1	1	1	1	1	1	1	1	1	1	1	2	2	2	2	2	2	2	2	2	2	2	2	2	2	2	2	2	2	2	2	2	2	2	2	2	2	3	3	3	3	3	3	3	3	3	3	3	3	3	3	3	3	3	3	3	3	3	3	3	4	4	4	4	4	4	4	4	4	4	4	4	4	4	4	4	4	4	4	5	5	5	5	5	5	5	5	5	5	5	5	5	5	5	5	5	5	5	5	5	5	5	5	5	5	5	5	6	6	6	6	6	6	6	6	6	6	6	6	6	6	6	6	6	6	6	6	6	6	6	6	6	7	7	7	7	7	7	7	7	7	7	7	7	7	7	7	7	7	7	7	7	7	7	7	7	7	7	7	7	7	7	7	7	8	8	8	8	8	8	8	8	8	8	8	8	8	8	8	8	8	8	8	8	9	9	9	9	9	9	9	9	9	9	9	9	9	9	9	9	9	9	9	9	9	9	9	9	9	9	9	9	9	9	9	9	9	9	9	10	10	10	10	10	10	10	10	10	10	10	10	10	10	10	10	10	10	11	11	11	11	11	11	11	11	11	11	11	11	11	11	12	12	12	12	12	12	12	12	12	12	12	12	12	12	12	12	12	12	12	12	12	12	12	13	13	13	13	13	13	13	13	13	13	13	13	13	13	13	13	13	13	13	13	13	13	13	13	13	13	13	13	13	13	13	14	14	14	14	14	14	14	14	14	14	14	14	14	14	14	14	14	14	14	14	14	14	15	15	15	15	15	15	15	15	15	15	15	15	15	15	15	15	16	16	16	16	16	16	16	16	16	16	16	16	16	16	16	16	17	17	17	17	17	17	17	17	17	17	17	17	17	17	17	17	17	17	17	17	17	17	17	17	17	17	18	18	18	18	18	18	18	18	18	18	18	18	18	18	18	18	18	19	19	19	19	19	19	19	19	19	19	19	19	19	19	19	19	19	19	19	19	19	19	19	19	19	19	19	20	20	20	20	20	20	20	20	20	20	20	20	20	20	20	20	20	20	20	20	20	20	20	20	20	21	21	21	21	21	21	21	21	21	21	21	21	21	21	21	21	21	21	22	22	22	22	22	22	22	22	22	22	22	22	22	22	22	22	22	22	22	22	22	22	22	22	23	23	23	23	23	23	23	23	23	23	23	23	23	23	23	23	23	23	23	23	23	23	23	23	23	23	23	23	24	24	24	24	24	24	24	24	24	24	24	24	24	24	24	24	24	24	24	24	24	24	24	24	25	25	25	25	25	25	25	25	25	25	25	25	25	25	25	25	25	25	26	26	26	26	26	26	26	26	26	26	26	26	26	26	27	27	27	27	27	27	27	27	27	27	27	27	27	27	27	27	27	27	28	28	28	28	28	28	28	28	28	28	28	28	28	28	28	28	28	28	28	28	28	28	28	28	28	28	28	28	28	28	29	29	29	29	29	29	29	29	29	29	29	29	29	29	29	29	29	29	29	30	30	30	30	30	30	30	30	30	30	30	30	30	30	30	30	30	30	30	30	30	31	31	31	31	31	31	31	31	31	31	31	31	31	31	31	31	31	31	31	31	31	31	31	31	31	31	31	31	32	32	32	32	32	32	32	32	32	32	32	32	32	32	32	32	32	32	32	32	32	33	33	33	33	33	33	33	33	33	33	33	33	33	33	33	33	33	33	33	33	33	33	33	33	33	34	34	34	34	34	34	34	34	34	34	34	34	34	34	34	34	34	34	34	34	34	34	34	35	35	35	35	35	35	35	35	35	35	35	35	35	35	35	35	35	35	35	35	35	35	35	36	36	36	36	36	36	36	36	36	36	36	36	36	36	36	36	36	36	36	36	37	37	37	37	37	37	37	37	37	37	37	37	37	37	37	37	37	37	37	37	37	37	37	37	37	37	38	38	38	38	38	38	38	38	38	38	38	38	38	38	38	38	38	38	38	38	38	38	38	38	39	39	39	39	39	39	39	39	39	39	39	39	39	39	39	39	40	40	40	40	40	40	40	40	40	40	40	40	40	40	40	40	40	40	40	41	41	41	41	41	41	41	41	41	41	41	41	41	41	42	42	42	42	42	42	42	42	42	42	42	42	42	42	42	42	42	42	42	42	42	42	43	43	43	43	43	43	43	43	43	43	43	43	43	43	43	43	43	43	43	43	44	44	44	44	44	44	44	44	44	44	44	44	44	44	44	44	44	44	45	45	45	45	45	45	45	45	45	45	45	45	45	45	45	45	45	45	45	45	45	45	45	45	45	45	45	45	
