1000
15	2
1010	31.9
26	27	26	28	30	26	26	28	29	31	30	26	27	28	31	27	29	27	26	30	31	28	26	31	31	27	29	30	26	28	26	26	31	27	27	30	27	26	29	28	26	28	27	31	31	30	30	31	30	31	29	31	28	30	30	26	27	31	31	27	28	30	26	26	27	31	30	27	28	30	29	26	26	28	29	31	27	26	30	28	30	27	27	28	30	31	30	26	29	27	28	30	26	27	31	27	30	29	30	27	30	31	26	27	30	31	29	28	27	26	28	26	28	26	30	28	30	26	26	28	30	28	30	30	28	31	27	28	31	29	28	27	31	29	28	28	28	30	31	28	29	30	30	30	31	31	26	29	26	30	27	28	26	29	27	29	28	26	31	27	29	29	30	26	29	31	27	26	31	31	26	30	28	30	27	30	31	31	28	29	30	26	26	30	26	31	29	29	28	28	26	26	30	28	27	27	29	26	28	27	26	29	29	26	28	27	27	26	26	28	31	31	26	31	31	26	31	28	30	26	27	27	28	26	30	31	28	28	28	28	30	31	27	31	29	26	26	30	28	27	26	26	28	31	30	28	29	27	30	30	26	27	26	31	28	28	29	29	26	29	29	27	27	29	26	30	27	31	29	28	29	27	30	26	27	29	31	30	30	27	27	26	30	28	31	31	28	29	26	28	27	26	28	30	31	31	26	31	28	27	27	26	28	30	30	28	31	28	26	31	31	26	31	29	29	29	30	27	29	28	30	31	29	28	27	31	31	27	31	30	28	28	27	27	30	30	29	30	28	29	31	28	28	26	29	29	27	30	31	29	27	31	27	26	28	31	26	26	28	28	30	30	29	28	31	26	30	26	28	26	31	26	31	30	31	29	29	27	31	30	28	31	29	30	27	31	27	30	28	28	27	30	28	29	28	26	30	31	30	26	31	28	26	26	27	27	30	30	29	28	31	26	26	29	28	26	26	29	30	29	29	26	31	30	27	27	31	31	29	30	29	31	30	28	29	28	31	30	27	27	26	28	26	30	30	30	27	29	29	30	26	30	30	28	29	27	31	30	27	29	30	29	30	31	30	31	31	31	27	31	27	29	30	26	31	30	29	27	30	28	30	28	28	30	26	28	28	31	30	26	27	26	31	30	31	31	26	28	27	28	27	29	29	27	27	31	30	26	30	26	27	28	26	29	28	26	28	31	30	29	28	27	31	26	29	29	26	27	30	30	28	29	29	29	30	28	29	29	29	30	26	26	27	28	30	28	27	29	30	30	26	31	26	27	27	26	28	26	29	29	26	28	31	28	28	29	31	26	30	31	29	27	28	26	27	30	26	27	26	30	28	28	26	30	26	30	27	30	27	27	27	26	29	27	28	31	29	26	29	30	28	26	31	31	28	26	29	29	31	26	26	29	31	29	28	26	27	31	27	27	30	31	31	28	29	26	30	30	30	28	31	26	26	31	29	27	28	30	29	26	27	30	26	28	28	31	27	29	27	30	27	28	31	27	29	29	28	30	26	28	28	29	31	30	28	30	30	29	29	31	29	28	27	28	30	30	31	29	27	29	30	30	27	31	27	29	28	31	29	31	28	31	27	31	28	27	28	31	28	30	28	30	31	29	28	26	27	30	26	27	31	28	31	27	28	29	26	30	26	31	31	30	27	28	27	29	27	27	29	31	31	30	28	26	31	26	28	26	29	28	28	28	30	26	30	26	27	28	30	29	28	31	30	30	31	26	26	26	26	27	26	30	31	27	27	29	28	31	27	31	31	29	29	26	31	26	27	27	30	29	27	31	29	30	28	27	26	30	26	26	28	28	29	27	27	29	30	29	30	30	27	28	27	27	28	26	26	28	31	31	27	26	31	30	26	28	31	28	26	28	29	26	27	26	30	27	27	31	27	30	27	31	26	26	27	29	27	30	29	31	28	31	27	27	31	28	27	30	28	28	27	30	27	27	29	28	30	30	26	31	26	28	29	30	27	26	26	30	28	27	29	27	26	30	31	27	28	26	29	29	31	29	27	29	30	26	29	27	31	29	29	27	27	29	29	28	28	28	29	31	30	30	30	28	27	28	30	29	26	30	31	27	29	26	27	31	29	30	29	28	29	30	27	26	31	26	30	27	28	31	30	29	27	27	31	29	31	26	30	28	30	29	30	29	31	26	28	31	30	27	28	29	27	26	28	29	29	26	28	26	28	31	26	30	29	28	29	31	29	27	26	31	29	29	30	31	27	26	27	30	31	31	28	29	28	26	26	26	26	27	30	26	30	26	29	31	29	28	29	30	
77	93	80	89	93	76	77	86	90	78	82	89	86	86	86	81	77	89	77	90	77	86	93	88	88	94	89	88	84	81	83	77	88	79	89	77	80	78	82	83	79	91	78	80	87	94	82	93	88	91	81	85	93	92	91	79	94	88	84	82	87	84	90	79	82	84	94	81	87	83	77	76	91	80	85	81	77	76	93	78	86	91	84	77	81	82	77	80	88	87	79	85	77	88	90	84	86	94	82	89	86	89	83	91	84	94	77	91	92	83	83	90	86	85	84	76	93	76	77	82	84	78	92	89	83	94	85	91	81	89	82	88	84	91	76	89	88	89	88	81	82	92	92	81	84	87	93	92	87	82	78	80	82	92	77	92	92	83	91	88	90	76	81	94	83	87	87	86	84	89	76	86	85	80	83	84	81	79	93	88	90	83	94	78	84	79	90	78	76	90	87	91	90	85	88	85	81	81	86	78	93	80	86	88	87	80	94	86	91	94	77	77	90	79	94	93	91	90	79	85	76	92	94	91	93	94	87	90	93	81	77	94	91	88	92	78	87	77	92	78	94	86	79	86	91	92	86	76	87	94	77	76	87	93	89	77	90	84	94	82	90	89	89	77	76	80	83	91	82	83	94	87	87	81	85	91	85	88	80	81	85	80	82	93	82	77	78	92	77	80	76	77	82	77	87	81	94	89	89	77	85	88	77	76	91	92	92	80	79	86	93	82	76	80	94	85	89	91	93	94	84	90	92	86	77	86	90	88	86	92	84	85	92	82	82	84	89	93	89	77	83	79	84	78	93	79	80	92	93	78	84	79	91	91	84	86	80	79	82	87	82	90	88	92	81	76	78	82	87	77	80	76	87	91	91	77	82	90	85	84	91	76	90	80	88	81	87	88	85	77	77	80	82	89	92	77	78	89	82	83	76	76	81	76	76	89	86	89	81	84	76	91	93	85	81	90	76	85	81	91	90	83	91	76	77	83	78	85	82	88	88	81	81	87	87	86	85	79	91	86	79	77	88	88	85	85	87	87	79	91	91	91	83	85	82	83	81	80	92	77	82	87	85	77	81	94	88	87	83	81	81	91	91	89	90	90	86	92	94	88	82	86	88	91	81	88	78	91	90	88	93	76	83	80	83	80	80	85	92	76	81	76	94	93	79	81	77	93	89	79	77	77	94	85	89	92	78	86	86	87	92	77	86	93	78	82	91	79	94	87	82	82	78	87	88	93	84	87	93	77	88	81	81	77	77	85	85	93	91	83	76	83	90	93	89	86	88	92	93	80	79	81	89	86	80	91	80	90	94	92	83	92	91	79	93	82	76	91	80	89	85	76	83	81	77	91	90	87	87	80	83	76	76	77	89	87	92	87	92	86	89	94	89	84	94	92	86	90	91	87	85	86	80	82	86	82	93	81	77	81	84	81	83	76	89	91	90	83	76	85	87	84	79	92	77	94	91	82	94	89	76	80	90	77	94	80	81	90	86	82	92	83	94	91	92	90	77	94	80	77	82	76	91	77	83	87	87	77	84	93	85	92	84	86	77	78	87	78	77	87	82	77	87	91	91	80	86	82	89	94	89	80	83	82	93	82	82	79	77	93	82	89	93	85	78	83	87	86	81	82	76	84	76	81	84	81	88	81	87	94	83	84	84	82	78	90	91	93	82	78	79	84	89	88	77	81	78	91	79	79	81	88	88	81	77	85	84	92	84	78	79	91	92	79	93	77	84	89	90	85	87	90	81	84	81	90	78	79	90	83	80	78	86	78	94	88	80	77	84	83	81	88	90	94	77	83	79	76	76	83	87	76	80	94	89	90	78	94	76	78	93	76	79	80	82	92	86	85	84	86	83	90	76	94	93	83	78	85	76	84	84	94	91	76	86	81	93	90	90	90	93	91	80	94	89	79	90	93	77	82	87	79	80	85	90	86	78	84	81	94	81	81	78	76	80	83	88	91	91	90	79	85	82	86	91	91	90	89	90	82	91	88	93	76	84	88	89	88	86	77	84	78	90	90	76	86	81	84	86	91	91	90	78	83	82	82	87	91	87	92	82	76	84	88	86	82	82	77	86	91	78	93	80	93	94	76	82	78	80	77	83	93	90	88	81	83	94	76	91	91	89	89	82	86	85	85	88	78	85	80	82	79	85	91	79	84	84	90	83	82	90	86	76	83	88	80	83	85	89	79	84	81	83	87	83	78	91	80	90	81	86	81	77	91	76	86	93	79	76	86	84	92	79	88	88	88	94	87	90	87	76	80	94	88	79	78	94	85	90	78	
14.3	16.5	22	24.2	12.1	27.5	17.6	11	27.5	25.3	15.4	30.8	13.2	12.1	12.1	16.5	20.9	26.4	14.3	29.7	28.6	17.6	14.3	16.5	26.4	17.6	25.3	25.3	13.2	28.6	12.1	18.7	17.6	27.5	27.5	15.4	29.7	15.4	24.2	14.3	24.2	11	17.6	19.8	31.9	18.7	33	33	26.4	33	17.6	25.3	16.5	28.6	20.9	29.7	22	31.9	22	26.4	31.9	11	24.2	28.6	23.1	13.2	23.1	16.5	22	27.5	27.5	33	22	14.3	26.4	33	30.8	12.1	11	31.9	23.1	28.6	31.9	16.5	23.1	13.2	22	13.2	27.5	13.2	22	28.6	30.8	28.6	29.7	28.6	15.4	33	25.3	22	14.3	27.5	31.9	27.5	25.3	23.1	20.9	23.1	29.7	18.7	20.9	12.1	26.4	33	19.8	12.1	12.1	27.5	18.7	28.6	13.2	17.6	25.3	25.3	23.1	13.2	24.2	22	13.2	14.3	14.3	12.1	17.6	29.7	33	13.2	29.7	28.6	14.3	18.7	14.3	17.6	20.9	18.7	29.7	26.4	15.4	30.8	14.3	16.5	11	12.1	19.8	11	31.9	17.6	17.6	31.9	16.5	11	28.6	20.9	31.9	31.9	11	24.2	17.6	11	11	29.7	13.2	31.9	29.7	22	14.3	16.5	12.1	24.2	26.4	30.8	26.4	23.1	33	23.1	33	22	15.4	33	25.3	22	33	16.5	22	22	29.7	33	14.3	28.6	13.2	24.2	16.5	11	15.4	29.7	14.3	16.5	31.9	29.7	26.4	23.1	27.5	14.3	23.1	26.4	29.7	27.5	24.2	19.8	16.5	28.6	15.4	33	14.3	31.9	26.4	14.3	17.6	25.3	24.2	23.1	23.1	12.1	26.4	24.2	20.9	23.1	30.8	23.1	24.2	20.9	28.6	19.8	20.9	11	13.2	33	27.5	27.5	11	27.5	12.1	20.9	11	11	29.7	13.2	12.1	29.7	15.4	16.5	23.1	11	31.9	29.7	27.5	17.6	29.7	24.2	22	26.4	29.7	28.6	24.2	27.5	13.2	13.2	18.7	17.6	31.9	31.9	19.8	27.5	16.5	30.8	11	18.7	28.6	28.6	14.3	24.2	15.4	14.3	23.1	18.7	26.4	19.8	29.7	33	12.1	30.8	11	25.3	28.6	28.6	15.4	19.8	27.5	12.1	20.9	11	29.7	17.6	20.9	30.8	22	20.9	33	29.7	15.4	11	14.3	23.1	24.2	26.4	25.3	27.5	13.2	14.3	11	29.7	25.3	11	13.2	12.1	25.3	12.1	14.3	24.2	17.6	19.8	28.6	31.9	33	22	31.9	29.7	23.1	12.1	23.1	25.3	28.6	16.5	14.3	25.3	19.8	11	29.7	28.6	24.2	27.5	29.7	20.9	23.1	26.4	31.9	29.7	15.4	33	30.8	14.3	24.2	29.7	17.6	15.4	13.2	30.8	16.5	12.1	20.9	26.4	15.4	30.8	11	31.9	14.3	22	24.2	25.3	29.7	12.1	29.7	28.6	11	13.2	17.6	26.4	19.8	14.3	30.8	22	11	20.9	29.7	22	27.5	31.9	29.7	13.2	18.7	25.3	33	13.2	15.4	19.8	26.4	26.4	13.2	12.1	23.1	30.8	15.4	19.8	24.2	14.3	15.4	29.7	19.8	20.9	17.6	12.1	16.5	28.6	22	30.8	17.6	15.4	12.1	12.1	12.1	29.7	26.4	25.3	17.6	18.7	29.7	14.3	30.8	24.2	17.6	30.8	22	19.8	24.2	23.1	15.4	19.8	33	14.3	30.8	25.3	11	33	14.3	31.9	15.4	14.3	23.1	12.1	11	19.8	17.6	26.4	25.3	22	11	33	28.6	26.4	22	13.2	28.6	23.1	17.6	16.5	11	19.8	16.5	12.1	30.8	27.5	13.2	30.8	12.1	18.7	22	13.2	27.5	28.6	31.9	29.7	25.3	33	23.1	16.5	18.7	11	12.1	28.6	25.3	16.5	19.8	17.6	28.6	28.6	11	31.9	18.7	22	13.2	20.9	23.1	24.2	12.1	19.8	17.6	13.2	20.9	29.7	24.2	25.3	17.6	20.9	18.7	11	22	26.4	13.2	18.7	33	11	33	33	28.6	15.4	28.6	26.4	23.1	22	14.3	24.2	26.4	22	29.7	18.7	13.2	14.3	26.4	33	16.5	12.1	15.4	22	29.7	11	17.6	11	20.9	24.2	11	11	23.1	15.4	18.7	28.6	25.3	13.2	16.5	15.4	27.5	27.5	19.8	13.2	27.5	31.9	26.4	20.9	31.9	12.1	28.6	28.6	33	22	22	18.7	14.3	15.4	11	24.2	11	13.2	31.9	20.9	24.2	23.1	19.8	27.5	29.7	29.7	14.3	28.6	28.6	20.9	25.3	18.7	13.2	33	15.4	25.3	31.9	33	33	19.8	11	14.3	22	29.7	18.7	29.7	11	26.4	30.8	27.5	12.1	18.7	25.3	24.2	15.4	13.2	19.8	14.3	13.2	28.6	18.7	18.7	13.2	33	16.5	29.7	27.5	11	28.6	14.3	17.6	29.7	25.3	17.6	28.6	24.2	24.2	18.7	28.6	23.1	19.8	27.5	24.2	15.4	13.2	29.7	12.1	29.7	11	14.3	14.3	16.5	20.9	31.9	31.9	14.3	24.2	20.9	22	31.9	22	24.2	16.5	33	11	33	14.3	18.7	20.9	11	17.6	28.6	31.9	33	28.6	22	23.1	15.4	19.8	12.1	12.1	22	14.3	22	14.3	27.5	28.6	30.8	25.3	28.6	25.3	20.9	29.7	19.8	27.5	19.8	17.6	28.6	11	25.3	23.1	15.4	14.3	28.6	30.8	22	15.4	12.1	19.8	26.4	20.9	22	15.4	16.5	33	31.9	11	33	26.4	26.4	30.8	16.5	29.7	13.2	26.4	30.8	18.7	31.9	33	24.2	16.5	26.4	30.8	18.7	23.1	29.7	33	26.4	16.5	22	25.3	33	30.8	24.2	24.2	24.2	18.7	31.9	30.8	33	11	19.8	25.3	23.1	30.8	27.5	13.2	24.2	12.1	12.1	19.8	12.1	22	27.5	12.1	33	29.7	24.2	27.5	19.8	26.4	31.9	29.7	15.4	30.8	22	15.4	15.4	13.2	28.6	24.2	17.6	15.4	15.4	33	11	27.5	20.9	13.2	25.3	11	25.3	31.9	28.6	26.4	14.3	26.4	13.2	15.4	16.5	25.3	20.9	20.9	22	23.1	15.4	31.9	11	23.1	31.9	24.2	24.2	22	11	22	30.8	24.2	24.2	25.3	30.8	22	29.7	22	17.6	25.3	33	27.5	16.5	20.9	11	13.2	20.9	26.4	16.5	16.5	15.4	22	30.8	31.9	12.1	15.4	30.8	27.5	15.4	27.5	11	14.3	27.5	20.9	33	13.2	29.7	14.3	14.3	29.7	12.1	28.6	30.8	12.1	22	33	22	24.2	28.6	12.1	31.9	17.6	33	31.9	23.1	11	30.8	15.4	26.4	17.6	18.7	33	31.9	26.4	29.7	11	31.9	16.5	29.7	15.4	26.4	22	18.7	28.6	25.3	30.8	24.2	26.4	31.9	27.5	14.3	22	25.3	13.2	23.1	16.5	15.4	17.6	16.5	13.2	26.4	18.7	31.9	13.2	13.2	25.3	14.3	18.7	17.6	15.4	15.4	20.9	30.8	26.4	19.8	17.6	16.5	30.8	17.6	16.5	26.4	24.2	14.3	29.7	23.1	26.4	18.7	15.4	22	11	20.9	17.6	23.1	20.9	28.6	26.4	14.3	29.7	14.3	18.7	11	25.3	18.7	14.3	18.7	27.5	25.3	22	25.3	16.5	19.8	30.8	26.4	18.7	27.5	27.5	27.5	26.4	33	14.3	31.9	26.4	30.8	12.1	15.4	33	20.9	12.1	18.7	12.1	16.5	22	14.3	
25.3	31.9	14.3	25.3	31.9	18.7	27.5	23.1	18.7	13.2	15.4	33	22	27.5	33	19.8	11	13.2	11	14.3	23.1	24.2	30.8	30.8	13.2	13.2	25.3	19.8	15.4	22	13.2	27.5	13.2	19.8	29.7	22	24.2	14.3	26.4	26.4	17.6	14.3	22	28.6	31.9	33	31.9	17.6	13.2	18.7	28.6	22	22	28.6	31.9	13.2	31.9	12.1	12.1	24.2	28.6	11	15.4	15.4	28.6	24.2	28.6	16.5	18.7	29.7	26.4	22	19.8	12.1	26.4	30.8	16.5	14.3	19.8	19.8	12.1	28.6	19.8	11	12.1	20.9	29.7	33	16.5	12.1	22	15.4	31.9	16.5	19.8	31.9	27.5	20.9	25.3	33	22	19.8	28.6	23.1	15.4	15.4	28.6	23.1	28.6	14.3	26.4	16.5	15.4	17.6	15.4	12.1	31.9	12.1	14.3	13.2	14.3	28.6	17.6	19.8	20.9	26.4	16.5	24.2	27.5	11	27.5	33	16.5	25.3	31.9	20.9	11	13.2	22	12.1	25.3	23.1	18.7	31.9	19.8	29.7	24.2	30.8	13.2	16.5	22	11	20.9	33	23.1	30.8	12.1	19.8	14.3	33	30.8	20.9	26.4	18.7	23.1	18.7	11	22	30.8	27.5	23.1	23.1	13.2	22	14.3	17.6	31.9	17.6	24.2	17.6	25.3	28.6	19.8	31.9	31.9	20.9	14.3	26.4	29.7	15.4	33	30.8	19.8	33	17.6	18.7	12.1	31.9	17.6	14.3	18.7	33	16.5	20.9	12.1	24.2	28.6	24.2	31.9	30.8	24.2	18.7	12.1	24.2	28.6	19.8	29.7	33	20.9	26.4	20.9	22	15.4	15.4	33	14.3	20.9	29.7	30.8	28.6	24.2	15.4	17.6	16.5	30.8	12.1	11	20.9	27.5	14.3	13.2	29.7	13.2	27.5	14.3	24.2	29.7	29.7	33	12.1	13.2	16.5	13.2	33	31.9	24.2	16.5	33	15.4	29.7	29.7	24.2	17.6	27.5	19.8	29.7	24.2	31.9	27.5	23.1	29.7	26.4	18.7	33	13.2	33	29.7	17.6	30.8	27.5	26.4	13.2	22	14.3	30.8	22	28.6	28.6	29.7	18.7	25.3	30.8	33	12.1	13.2	18.7	30.8	27.5	30.8	19.8	23.1	30.8	11	17.6	13.2	31.9	13.2	18.7	22	12.1	19.8	19.8	13.2	30.8	29.7	20.9	29.7	16.5	20.9	26.4	20.9	14.3	20.9	25.3	13.2	14.3	19.8	25.3	30.8	13.2	31.9	23.1	26.4	28.6	14.3	17.6	29.7	18.7	24.2	19.8	31.9	20.9	28.6	20.9	18.7	29.7	15.4	19.8	25.3	15.4	13.2	17.6	31.9	15.4	20.9	24.2	30.8	19.8	25.3	16.5	27.5	14.3	28.6	19.8	13.2	11	29.7	19.8	16.5	18.7	19.8	30.8	12.1	18.7	23.1	28.6	13.2	14.3	29.7	27.5	14.3	31.9	12.1	19.8	23.1	27.5	12.1	13.2	29.7	17.6	27.5	18.7	16.5	33	27.5	28.6	11	31.9	25.3	28.6	30.8	11	14.3	28.6	24.2	30.8	26.4	12.1	11	15.4	25.3	14.3	30.8	27.5	24.2	13.2	14.3	12.1	16.5	18.7	27.5	14.3	22	12.1	22	17.6	25.3	22	13.2	28.6	19.8	33	18.7	24.2	30.8	31.9	31.9	33	20.9	20.9	26.4	22	22	27.5	19.8	12.1	18.7	24.2	17.6	30.8	27.5	16.5	26.4	27.5	12.1	17.6	33	17.6	17.6	30.8	19.8	33	17.6	31.9	33	29.7	20.9	30.8	16.5	17.6	22	31.9	23.1	11	20.9	25.3	27.5	23.1	27.5	14.3	31.9	22	23.1	29.7	27.5	26.4	27.5	11	15.4	16.5	25.3	12.1	16.5	30.8	27.5	11	33	24.2	30.8	30.8	16.5	19.8	14.3	24.2	24.2	18.7	13.2	18.7	28.6	20.9	18.7	13.2	30.8	16.5	20.9	26.4	29.7	31.9	20.9	33	24.2	12.1	26.4	14.3	11	16.5	31.9	29.7	16.5	30.8	14.3	16.5	11	16.5	13.2	17.6	25.3	22	18.7	25.3	28.6	18.7	27.5	19.8	12.1	31.9	12.1	24.2	31.9	14.3	19.8	15.4	24.2	18.7	31.9	22	28.6	20.9	28.6	12.1	13.2	24.2	25.3	19.8	17.6	31.9	20.9	30.8	31.9	28.6	19.8	33	29.7	23.1	23.1	31.9	12.1	12.1	27.5	19.8	14.3	15.4	28.6	28.6	27.5	16.5	31.9	28.6	13.2	20.9	17.6	14.3	28.6	11	26.4	26.4	26.4	28.6	30.8	22	24.2	25.3	23.1	24.2	18.7	15.4	20.9	17.6	31.9	15.4	25.3	31.9	17.6	33	11	16.5	22	28.6	14.3	17.6	12.1	31.9	29.7	11	11	23.1	26.4	26.4	22	12.1	18.7	13.2	29.7	26.4	17.6	13.2	20.9	20.9	11	13.2	24.2	20.9	31.9	30.8	19.8	22	28.6	16.5	15.4	20.9	25.3	11	23.1	25.3	33	12.1	15.4	31.9	23.1	30.8	29.7	14.3	22	33	30.8	22	11	27.5	31.9	30.8	11	30.8	33	24.2	29.7	15.4	25.3	25.3	23.1	12.1	22	25.3	19.8	30.8	28.6	12.1	14.3	18.7	12.1	29.7	19.8	14.3	27.5	31.9	12.1	12.1	13.2	14.3	14.3	13.2	25.3	13.2	12.1	20.9	18.7	18.7	13.2	33	33	33	24.2	33	13.2	33	28.6	25.3	12.1	17.6	19.8	13.2	19.8	31.9	15.4	14.3	30.8	26.4	15.4	24.2	25.3	18.7	25.3	20.9	13.2	27.5	24.2	31.9	16.5	13.2	20.9	22	15.4	33	17.6	22	17.6	11	33	26.4	31.9	11	22	26.4	17.6	22	30.8	14.3	28.6	14.3	13.2	12.1	11	27.5	24.2	15.4	12.1	18.7	11	24.2	33	17.6	24.2	17.6	28.6	33	28.6	31.9	28.6	25.3	28.6	25.3	20.9	14.3	12.1	33	33	19.8	16.5	16.5	33	23.1	19.8	19.8	19.8	24.2	17.6	30.8	16.5	18.7	12.1	19.8	23.1	18.7	22	30.8	11	24.2	15.4	26.4	30.8	24.2	33	28.6	12.1	20.9	19.8	12.1	23.1	33	19.8	33	17.6	20.9	20.9	31.9	24.2	17.6	18.7	16.5	18.7	27.5	19.8	24.2	26.4	13.2	15.4	25.3	12.1	22	13.2	27.5	24.2	31.9	17.6	24.2	31.9	29.7	12.1	20.9	31.9	24.2	24.2	17.6	20.9	29.7	22	18.7	27.5	16.5	12.1	23.1	16.5	23.1	23.1	24.2	18.7	12.1	16.5	22	24.2	24.2	33	29.7	14.3	23.1	18.7	30.8	15.4	16.5	29.7	17.6	11	22	25.3	33	15.4	28.6	31.9	24.2	28.6	23.1	15.4	15.4	31.9	23.1	16.5	15.4	17.6	27.5	17.6	14.3	19.8	23.1	14.3	27.5	17.6	15.4	19.8	29.7	12.1	14.3	30.8	14.3	12.1	18.7	16.5	13.2	23.1	18.7	11	22	12.1	22	11	22	11	15.4	25.3	27.5	11	14.3	14.3	17.6	16.5	15.4	11	26.4	22	12.1	28.6	25.3	23.1	31.9	19.8	13.2	30.8	28.6	26.4	15.4	24.2	25.3	23.1	31.9	23.1	28.6	19.8	20.9	22	20.9	20.9	30.8	30.8	27.5	22	11	17.6	19.8	25.3	28.6	33	18.7	22	20.9	28.6	22	30.8	11	25.3	25.3	19.8	31.9	12.1	27.5	30.8	15.4	11	26.4	13.2	31.9	12.1	19.8	13.2	24.2	13.2	27.5	22	33	23.1	26.4	14.3	24.2	
20.9	23.1	30.8	28.6	22	30.8	14.3	30.8	24.2	23.1	27.5	16.5	25.3	19.8	12.1	
13	20	13	14	13	10	19	12	20	20	19	20	20	17	20	10	13	12	20	20	17	13	19	20	11	12	13	10	13	13	12	19	17	12	18	13	14	16	12	12	12	20	11	15	15	13	12	13	12	20	14	17	20	16	10	10	19	10	15	14	16	14	19	10	13	14	11	10	10	16	17	14	18	14	10	18	16	16	19	13	18	10	12	16	19	12	12	12	11	12	19	20	17	12	13	17	20	12	14	12	14	19	15	13	15	16	11	15	10	11	16	18	20	17	11	15	16	19	20	16	15	19	17	10	19	11	19	19	16	10	20	14	10	12	18	16	11	10	20	19	12	19	15	12	16	17	10	10	20	14	12	11	15	19	20	16	17	15	13	13	13	19	12	16	12	20	14	10	17	16	18	17	19	12	13	15	19	20	10	16	15	12	11	16	11	15	14	17	20	18	20	13	12	15	10	14	15	20	14	17	17	13	17	13	17	12	16	18	15	11	13	11	12	10	18	10	15	10	16	14	14	16	18	17	20	14	18	19	17	15	10	16	11	16	13	20	18	15	17	17	13	13	16	19	14	13	16	16	12	19	20	17	14	14	20	19	19	17	16	19	15	10	12	11	13	16	18	13	17	17	11	12	18	10	11	19	16	18	12	18	10	10	12	12	15	11	18	14	15	20	15	10	15	18	20	14	16	19	15	11	10	10	19	20	12	10	13	14	11	14	15	10	10	17	12	19	19	11	13	18	10	13	13	14	15	10	17	17	18	10	12	13	16	20	17	14	10	19	12	14	19	17	13	19	14	13	19	19	20	14	11	10	12	19	18	19	19	13	12	16	16	20	12	17	15	18	14	17	13	18	14	19	18	16	20	17	14	20	13	17	10	13	11	18	17	12	11	10	15	19	18	11	15	14	20	18	12	15	12	16	12	19	18	14	13	12	14	15	16	12	11	16	12	13	19	15	18	18	15	18	17	19	20	19	12	16	10	10	11	14	10	14	12	20	13	11	15	13	10	11	19	16	20	16	11	12	19	10	15	20	14	16	12	13	13	10	18	20	19	12	15	16	16	19	20	20	17	15	11	18	14	18	17	17	15	16	20	14	16	12	15	14	18	11	17	14	16	12	12	11	12	19	15	15	15	19	12	14	20	11	16	18	12	10	19	11	10	13	16	14	17	19	10	20	20	10	15	19	13	13	18	10	13	12	18	17	13	14	12	12	18	13	20	20	10	13	12	15	13	14	11	13	18	13	13	13	17	20	19	19	16	11	10	16	20	13	12	20	16	19	17	16	10	15	17	13	15	11	17	11	20	11	10	19	14	19	12	17	14	18	12	15	12	18	12	10	14	17	16	18	13	17	12	10	11	20	19	20	16	20	15	10	15	15	16	11	20	17	13	20	16	13	12	13	15	17	12	14	18	14	18	20	10	11	15	14	20	14	12	13	16	15	15	18	10	17	14	20	19	11	19	18	13	18	15	13	11	16	13	20	20	13	14	13	20	14	17	14	14	18	18	15	18	11	17	10	17	16	19	16	20	10	12	13	13	14	14	17	15	16	20	13	19	13	11	11	20	19	14	19	16	19	12	14	19	12	10	12	16	19	17	18	11	10	19	11	12	17	11	16	17	17	13	11	17	13	10	16	16	18	11	16	11	17	14	20	18	15	17	12	14	16	20	14	13	18	15	12	14	15	13	18	11	19	20	16	12	11	14	19	19	20	20	19	12	17	16	16	15	15	13	19	15	16	14	17	17	11	20	16	12	13	15	14	19	15	11	12	14	14	10	11	12	11	13	10	15	19	15	13	14	16	19	11	10	10	15	15	17	20	14	12	16	10	19	18	13	19	19	11	18	11	17	13	11	20	14	19	18	17	15	10	20	19	20	10	13	12	19	19	18	18	11	17	14	19	12	17	15	16	17	17	20	17	17	13	18	18	11	19	18	14	19	14	10	16	19	14	14	15	11	15	17	14	11	13	13	12	10	20	13	16	15	16	12	19	12	11	18	10	16	17	12	15	19	20	11	19	16	11	16	16	18	20	19	20	14	18	20	13	14	12	16	16	18	14	11	16	15	14	17	13	13	10	19	11	13	14	10	20	10	13	10	17	18	18	16	17	10	16	16	13	19	12	10	12	19	16	18	17	19	20	19	17	11	13	12	19	17	16	17	16	13	14	10	17	17	18	19	19	20	11	16	11	14	18	11	16	20	18	20	19	17	16	20	11	12	18	14	11	16	20	11	18	12	16	19	15	10	13	16	20	20	19	15	20	14	13	18	14	
1	1	1	1	1	1	1	1	1	1	1	1	1	1	1	1	1	1	1	1	1	1	1	1	1	1	1	1	1	1	1	1	1	1	1	1	1	1	1	1	1	1	1	1	1	1	1	1	1	1	1	1	1	1	1	1	1	1	1	1	1	1	1	1	1	1	1	1	1	1	1	1	1	1	1	2	2	2	2	2	2	2	2	2	2	2	2	2	2	2	2	2	2	2	2	2	2	2	2	2	2	2	2	2	2	2	2	2	2	2	2	2	2	2	2	2	2	2	2	2	2	2	2	2	2	2	2	2	2	2	2	2	2	2	2	2	2	2	2	3	3	3	3	3	3	3	3	3	3	3	3	3	3	3	3	3	3	3	3	3	3	3	3	3	3	3	3	3	3	3	3	3	3	3	3	3	3	3	3	3	3	3	3	3	3	3	3	3	3	3	3	3	3	3	3	3	3	3	3	3	3	3	3	3	3	3	3	4	4	4	4	4	4	4	4	4	4	4	4	4	4	4	4	4	4	4	4	4	4	4	4	4	4	4	4	4	4	4	4	4	4	4	4	4	4	4	4	4	4	4	4	4	4	4	4	4	4	4	4	4	4	4	4	4	4	4	4	4	4	4	4	4	4	4	4	4	4	4	4	4	5	5	5	5	5	5	5	5	5	5	5	5	5	5	5	5	5	5	5	5	5	5	5	5	5	5	5	5	5	5	5	5	5	5	5	5	5	5	5	5	5	5	5	5	5	5	5	5	5	5	5	5	5	5	5	5	5	5	5	6	6	6	6	6	6	6	6	6	6	6	6	6	6	6	6	6	6	6	6	6	6	6	6	6	6	6	6	6	6	6	6	6	6	6	6	6	6	6	6	6	6	6	6	6	6	6	6	6	6	6	6	6	6	6	6	6	6	6	6	7	7	7	7	7	7	7	7	7	7	7	7	7	7	7	7	7	7	7	7	7	7	7	7	7	7	7	7	7	7	7	7	7	7	7	7	7	7	7	7	7	7	7	7	7	7	7	7	7	7	7	7	7	7	7	7	7	7	7	7	7	7	7	7	7	7	7	7	8	8	8	8	8	8	8	8	8	8	8	8	8	8	8	8	8	8	8	8	8	8	8	8	8	8	8	8	8	8	8	8	8	8	8	8	8	8	8	8	8	8	8	8	8	8	8	8	8	8	8	8	8	8	8	8	8	8	8	8	8	8	8	8	8	9	9	9	9	9	9	9	9	9	9	9	9	9	9	9	9	9	9	9	9	9	9	9	9	9	9	9	9	9	9	9	9	9	9	9	9	9	9	9	9	9	9	9	9	9	9	9	9	9	9	9	9	9	9	9	9	9	9	9	9	9	9	9	9	10	10	10	10	10	10	10	10	10	10	10	10	10	10	10	10	10	10	10	10	10	10	10	10	10	10	10	10	10	10	10	10	10	10	10	10	10	10	10	10	10	10	10	10	10	10	10	10	10	10	10	10	10	11	11	11	11	11	11	11	11	11	11	11	11	11	11	11	11	11	11	11	11	11	11	11	11	11	11	11	11	11	11	11	11	11	11	11	11	11	11	11	11	11	11	11	11	11	11	11	11	11	11	11	11	11	11	11	11	11	11	11	11	11	11	11	11	11	11	11	11	11	11	12	12	12	12	12	12	12	12	12	12	12	12	12	12	12	12	12	12	12	12	12	12	12	12	12	12	12	12	12	12	12	12	12	12	12	12	12	12	12	12	12	12	12	12	12	12	12	12	12	12	12	12	12	12	12	12	12	12	12	12	12	12	12	12	12	12	13	13	13	13	13	13	13	13	13	13	13	13	13	13	13	13	13	13	13	13	13	13	13	13	13	13	13	13	13	13	13	13	13	13	13	13	13	13	13	13	13	13	13	13	13	13	13	13	13	13	13	13	13	13	13	13	13	13	13	13	13	13	13	13	13	13	13	13	13	14	14	14	14	14	14	14	14	14	14	14	14	14	14	14	14	14	14	14	14	14	14	14	14	14	14	14	14	14	14	14	14	14	14	14	14	14	14	14	14	14	14	14	14	14	14	14	14	14	14	14	14	14	14	14	14	14	14	14	14	14	14	14	14	14	14	14	14	14	14	14	14	14	14	14	15	15	15	15	15	15	15	15	15	15	15	15	15	15	15	15	15	15	15	15	15	15	15	15	15	15	15	15	15	15	15	15	15	15	15	15	15	15	15	15	15	15	15	15	15	15	15	15	15	15	15	15	15	15	15	15	15	15	15	15	15	15	15	15	15	15	15	15	15	15	15	
