1000
30	8
544	16.5
29	31	27	28	26	29	30	27	26	27	29	27	27	31	31	28	30	29	29	26	27	30	30	28	31	29	26	30	30	26	31	27	28	29	26	29	31	28	27	29	27	30	27	29	28	31	27	31	29	28	27	28	31	29	30	30	26	29	29	26	30	31	29	29	29	27	28	31	28	28	31	31	30	28	26	30	28	27	29	27	26	29	31	31	26	29	29	26	30	26	30	28	29	30	30	29	30	28	28	26	30	26	27	31	29	26	26	30	30	30	28	27	27	28	28	28	26	26	29	27	26	26	30	31	28	26	28	27	29	27	29	28	26	29	31	30	28	31	26	27	31	30	27	30	29	28	28	29	27	30	27	31	29	27	31	26	26	27	27	28	31	26	31	26	28	30	30	26	26	28	29	30	26	27	29	27	28	28	31	27	29	27	31	30	28	31	29	27	28	28	26	29	28	30	26	26	30	26	26	26	31	28	28	26	28	31	27	30	31	26	31	29	27	30	31	28	26	28	30	28	29	31	31	29	31	26	27	30	31	27	29	26	29	27	31	30	29	26	27	26	31	26	30	31	28	31	30	30	28	29	31	31	29	28	31	27	31	26	30	27	27	30	29	26	28	27	31	26	29	27	27	26	31	26	27	30	26	31	29	28	26	28	26	31	26	26	31	27	28	29	31	26	27	31	30	26	31	27	31	30	28	30	30	28	29	28	30	26	31	27	30	31	31	30	28	30	28	29	28	31	27	26	29	31	27	26	29	26	30	29	26	28	30	28	27	26	31	30	28	27	30	28	26	27	31	28	27	30	30	28	28	27	26	29	26	26	29	29	29	28	30	30	31	31	27	28	30	30	31	31	26	28	26	31	30	27	26	30	29	31	26	27	26	30	26	27	26	30	31	31	30	28	29	26	26	26	27	26	27	26	29	29	29	27	29	28	27	31	26	26	28	30	28	31	26	27	29	29	31	29	30	31	27	28	28	26	30	27	29	27	28	28	26	29	30	29	26	28	26	30	30	26	31	31	30	31	30	28	27	27	28	26	27	26	30	29	31	29	28	29	29	28	29	30	30	29	31	26	31	30	27	27	31	29	31	28	27	27	30	30	27	26	27	26	26	27	29	31	27	28	29	30	26	26	30	30	29	30	30	27	29	31	27	27	29	31	31	26	27	27	31	28	29	31	30	29	27	30	31	30	28	26	26	31	28	30	26	26	31	31	28	28	29	26	30	27	29	29	30	27	27	31	28	28	29	31	29	28	28	29	29	28	29	26	26	26	27	28	26	30	30	30	28	27	26	28	27	31	31	26	29	26	28	29	29	31	27	28	26	28	28	27	31	29	28	28	29	27	31	29	27	28	28	26	26	30	30	31	30	27	30	27	26	26	29	29	30	28	28	26	30	26	27	31	28	26	30	29	28	30	28	30	29	28	29	29	29	29	29	30	31	28	26	30	26	30	28	26	28	31	31	29	30	27	29	29	31	26	26	28	26	30	27	28	28	28	30	27	27	28	26	27	29	27	29	27	26	27	30	30	28	27	29	26	26	31	26	30	26	26	27	30	29	27	29	28	27	30	29	28	28	31	31	27	31	26	30	29	26	31	27	31	26	27	30	31	30	29	30	28	31	26	31	27	31	27	27	29	28	30	31	28	26	28	31	27	29	29	27	29	31	31	29	29	27	31	27	27	26	26	30	28	26	30	27	28	29	31	29	29	29	27	26	28	26	27	30	28	27	29	27	26	29	31	27	28	28	28	30	30	28	29	28	31	28	28	27	27	29	30	31	28	31	26	29	27	27	29	30	26	29	26	29	30	29	27	30	31	30	29	27	30	29	26	26	27	31	31	26	31	29	30	31	26	27	28	29	31	27	29	27	30	28	29	31	27	27	27	28	28	31	29	31	30	28	27	31	28	28	30	30	31	26	26	28	28	28	27	26	28	31	28	27	27	27	27	29	29	27	26	28	28	29	26	28	28	26	31	28	29	30	29	30	30	26	28	26	27	26	29	31	30	26	27	26	26	30	30	30	26	27	26	26	30	30	26	30	31	31	27	30	28	28	27	28	31	29	30	31	28	31	26	31	29	30	29	27	28	29	29	28	30	28	27	31	27	26	27	26	31	30	31	28	27	26	30	29	26	26	31	30	30	29	28	31	26	27	31	30	31	26	27	29	31	27	30	26	28	30	31	30	26	27	31	30	27	30	31	31	31	30	27	31	31	27	30	31	26	27	26	28	26	26	26	30	26	31	28	26	26	27	31	27	31	31	28	29	28	26	30	
88	82	85	84	87	90	80	89	85	90	79	80	78	87	81	85	81	89	87	81	92	85	90	87	77	82	92	86	87	85	83	78	89	85	94	93	78	81	92	89	85	90	81	92	78	94	86	89	91	86	94	90	90	85	86	85	78	89	94	88	94	82	91	81	90	78	93	87	86	79	90	93	77	80	82	85	92	88	92	81	82	79	82	91	79	79	83	77	93	79	76	82	80	79	93	93	85	76	78	81	85	78	91	87	80	86	76	88	88	76	77	88	93	84	93	77	79	77	88	85	83	88	77	76	83	82	92	84	90	92	85	86	84	83	91	82	81	94	90	86	87	88	79	83	91	83	93	80	90	93	77	87	79	79	87	78	93	86	93	88	76	79	94	76	93	86	80	80	92	92	91	83	82	76	79	79	90	82	87	83	82	84	79	81	85	82	81	89	91	85	81	91	85	94	89	94	94	90	81	84	92	94	79	86	94	84	85	86	90	86	86	80	78	76	76	92	88	84	83	79	78	76	83	93	78	83	88	89	82	83	88	85	77	86	78	88	83	89	93	84	79	90	82	89	88	86	91	86	78	92	88	91	89	80	93	91	84	91	94	78	82	87	85	81	79	80	85	80	90	76	80	85	77	90	79	83	90	93	78	77	78	85	86	79	89	94	80	92	79	94	82	85	82	83	86	93	87	86	76	76	92	90	89	81	83	86	82	92	93	82	91	84	81	90	83	81	85	80	88	80	90	83	76	84	91	88	88	92	94	91	77	86	92	82	78	83	80	94	85	76	78	87	89	86	84	87	94	76	92	87	90	81	93	81	86	94	77	76	82	90	76	77	86	89	79	81	93	85	89	93	76	83	76	89	84	94	91	87	83	76	83	84	79	79	77	84	85	85	84	83	79	79	84	82	92	89	88	92	90	84	90	87	89	94	93	77	85	76	92	77	94	81	85	90	92	85	76	83	81	78	77	76	80	91	88	76	83	81	76	91	77	81	82	80	85	92	80	76	90	86	83	82	78	87	78	86	85	78	87	93	80	78	79	77	77	81	83	87	77	89	81	83	87	91	92	84	88	83	86	87	81	78	93	86	80	90	88	94	93	88	76	83	80	79	78	90	93	87	94	78	85	93	76	79	78	79	83	76	94	92	84	90	83	89	84	77	87	83	83	88	76	86	76	91	79	88	93	76	90	92	89	76	81	78	77	77	94	87	81	87	89	87	76	77	86	82	89	93	85	89	79	94	87	85	94	90	81	93	84	84	84	93	82	89	76	85	76	78	82	89	85	90	88	85	81	81	90	90	94	93	91	89	87	86	89	76	86	89	93	90	81	87	84	79	76	86	88	94	80	86	86	85	78	83	93	87	84	86	77	88	94	92	84	93	89	91	79	88	93	83	86	78	93	82	90	78	94	94	85	89	82	86	89	90	82	78	78	79	87	76	84	81	82	77	87	91	93	89	92	88	82	88	80	86	92	86	93	94	79	88	94	80	94	87	92	80	78	79	86	94	89	78	92	84	79	89	88	91	90	87	92	87	94	82	93	89	80	94	77	85	88	87	82	79	94	92	83	84	87	84	78	81	78	80	78	86	92	94	87	80	77	91	79	83	89	82	88	81	91	88	85	80	94	88	94	89	86	92	83	82	84	80	92	83	91	93	80	92	93	88	77	84	94	77	80	87	81	79	86	89	91	83	83	80	86	78	76	84	93	79	76	80	83	92	81	92	87	83	89	81	89	78	93	85	89	85	77	88	76	85	77	84	82	93	92	77	93	87	80	92	88	82	92	77	88	92	84	76	82	77	78	79	91	94	85	87	82	84	93	88	82	82	86	88	83	79	83	82	77	94	94	87	88	94	83	88	93	86	92	86	93	79	79	79	94	81	79	88	91	76	94	91	90	92	92	79	91	80	80	91	82	78	93	82	77	88	80	86	93	93	79	86	76	94	86	90	88	85	82	81	82	86	87	81	87	87	92	90	81	92	80	76	91	93	77	78	86	83	87	91	87	78	79	91	79	89	83	84	82	83	86	88	94	88	80	81	93	91	87	76	94	86	92	79	84	83	89	93	76	87	78	77	84	89	85	84	94	80	87	76	81	86	81	90	93	80	86	86	92	94	79	84	93	94	90	87	78	80	81	76	84	90	90	83	84	83	76	81	78	90	89	85	79	83	84	93	89	82	88	77	84	83	76	86	76	76	89	93	89	89	92	90	90	85	79	86	80	84	86	91	88	94	82	94	92	79	89	93	79	77	92	82	86	91	83	76	93	93	87	77	
22	30.8	33	20.9	12.1	33	24.2	31.9	23.1	19.8	27.5	30.8	15.4	20.9	18.7	11	29.7	18.7	12.1	25.3	26.4	27.5	29.7	13.2	29.7	11	15.4	12.1	18.7	24.2	11	24.2	17.6	29.7	11	31.9	11	31.9	25.3	30.8	17.6	11	18.7	26.4	11	27.5	14.3	29.7	18.7	19.8	12.1	31.9	17.6	24.2	18.7	17.6	17.6	27.5	18.7	12.1	17.6	11	33	20.9	27.5	28.6	16.5	16.5	20.9	31.9	31.9	28.6	23.1	33	22	13.2	17.6	26.4	14.3	30.8	15.4	14.3	17.6	31.9	14.3	23.1	30.8	27.5	17.6	18.7	15.4	16.5	17.6	17.6	16.5	12.1	29.7	22	29.7	15.4	29.7	22	25.3	29.7	24.2	20.9	19.8	29.7	33	30.8	22	14.3	28.6	20.9	23.1	17.6	16.5	17.6	14.3	15.4	25.3	19.8	25.3	18.7	30.8	28.6	28.6	11	28.6	27.5	15.4	19.8	29.7	18.7	31.9	19.8	27.5	20.9	12.1	30.8	27.5	24.2	29.7	18.7	13.2	24.2	28.6	17.6	11	25.3	15.4	12.1	29.7	14.3	33	20.9	33	24.2	24.2	27.5	23.1	12.1	22	13.2	28.6	11	23.1	14.3	20.9	27.5	33	16.5	20.9	22	14.3	31.9	13.2	31.9	11	16.5	23.1	11	13.2	16.5	24.2	15.4	14.3	15.4	23.1	28.6	15.4	19.8	13.2	27.5	15.4	27.5	19.8	13.2	13.2	24.2	14.3	27.5	29.7	26.4	20.9	30.8	20.9	19.8	15.4	18.7	16.5	25.3	23.1	13.2	18.7	31.9	23.1	25.3	12.1	24.2	13.2	29.7	31.9	15.4	22	18.7	25.3	22	29.7	18.7	29.7	25.3	27.5	12.1	18.7	19.8	26.4	30.8	18.7	30.8	23.1	16.5	30.8	29.7	25.3	30.8	13.2	15.4	23.1	26.4	25.3	16.5	25.3	15.4	27.5	27.5	28.6	28.6	17.6	28.6	27.5	18.7	26.4	19.8	14.3	23.1	15.4	15.4	26.4	31.9	30.8	26.4	14.3	31.9	13.2	11	16.5	33	19.8	16.5	16.5	26.4	25.3	29.7	25.3	29.7	15.4	14.3	13.2	13.2	20.9	25.3	30.8	19.8	25.3	17.6	18.7	14.3	27.5	23.1	15.4	20.9	30.8	30.8	26.4	19.8	14.3	20.9	11	15.4	23.1	27.5	24.2	22	33	28.6	17.6	31.9	23.1	19.8	33	23.1	24.2	12.1	14.3	20.9	28.6	22	12.1	18.7	18.7	19.8	18.7	22	29.7	18.7	23.1	25.3	25.3	12.1	24.2	28.6	26.4	30.8	25.3	13.2	19.8	23.1	29.7	20.9	16.5	30.8	30.8	29.7	25.3	31.9	15.4	22	30.8	25.3	15.4	14.3	26.4	16.5	27.5	11	29.7	19.8	28.6	28.6	24.2	19.8	20.9	15.4	28.6	18.7	20.9	14.3	17.6	19.8	22	31.9	31.9	11	13.2	11	15.4	26.4	18.7	14.3	23.1	19.8	29.7	33	22	23.1	11	15.4	17.6	26.4	14.3	12.1	29.7	14.3	11	33	26.4	28.6	11	16.5	15.4	18.7	22	29.7	27.5	28.6	15.4	18.7	30.8	17.6	11	16.5	13.2	16.5	12.1	15.4	17.6	17.6	29.7	20.9	12.1	29.7	33	22	30.8	26.4	24.2	24.2	13.2	11	24.2	18.7	19.8	20.9	29.7	30.8	31.9	20.9	31.9	30.8	18.7	27.5	26.4	14.3	17.6	17.6	15.4	11	27.5	18.7	15.4	12.1	31.9	29.7	12.1	16.5	27.5	23.1	33	29.7	19.8	28.6	12.1	19.8	11	18.7	13.2	26.4	16.5	27.5	25.3	16.5	33	23.1	11	26.4	22	15.4	16.5	15.4	11	18.7	26.4	26.4	23.1	30.8	25.3	16.5	30.8	11	23.1	11	16.5	11	19.8	25.3	31.9	30.8	33	27.5	14.3	16.5	20.9	31.9	27.5	24.2	16.5	17.6	20.9	13.2	30.8	20.9	25.3	18.7	13.2	24.2	33	17.6	33	29.7	17.6	17.6	23.1	16.5	22	25.3	29.7	16.5	29.7	12.1	14.3	27.5	29.7	18.7	28.6	22	15.4	13.2	13.2	28.6	28.6	31.9	12.1	11	29.7	17.6	20.9	11	17.6	20.9	22	13.2	33	18.7	18.7	29.7	12.1	27.5	20.9	18.7	26.4	25.3	25.3	22	24.2	16.5	27.5	30.8	14.3	13.2	33	23.1	19.8	11	30.8	23.1	33	12.1	14.3	25.3	27.5	20.9	27.5	31.9	19.8	14.3	25.3	17.6	13.2	12.1	25.3	12.1	13.2	29.7	15.4	11	24.2	23.1	27.5	26.4	22	30.8	19.8	14.3	31.9	31.9	23.1	17.6	15.4	17.6	31.9	20.9	26.4	31.9	25.3	27.5	31.9	31.9	22	12.1	14.3	29.7	16.5	14.3	23.1	28.6	18.7	20.9	13.2	31.9	14.3	19.8	26.4	20.9	23.1	26.4	14.3	11	13.2	14.3	33	19.8	29.7	18.7	17.6	25.3	12.1	17.6	15.4	26.4	24.2	17.6	17.6	16.5	29.7	30.8	31.9	27.5	19.8	11	30.8	22	27.5	22	20.9	31.9	30.8	28.6	31.9	18.7	23.1	30.8	33	26.4	11	17.6	16.5	22	12.1	13.2	15.4	33	16.5	29.7	15.4	25.3	24.2	28.6	12.1	24.2	23.1	20.9	31.9	22	28.6	22	23.1	14.3	15.4	13.2	16.5	20.9	25.3	29.7	14.3	29.7	30.8	33	30.8	23.1	33	11	16.5	22	28.6	19.8	17.6	20.9	19.8	19.8	19.8	20.9	17.6	14.3	15.4	27.5	28.6	31.9	28.6	29.7	31.9	29.7	24.2	18.7	16.5	28.6	29.7	31.9	20.9	11	25.3	27.5	31.9	15.4	24.2	28.6	17.6	27.5	23.1	14.3	30.8	28.6	12.1	11	29.7	14.3	13.2	25.3	17.6	25.3	11	31.9	30.8	30.8	13.2	31.9	30.8	14.3	18.7	17.6	29.7	14.3	23.1	16.5	16.5	29.7	19.8	22	23.1	12.1	27.5	24.2	19.8	24.2	26.4	19.8	19.8	25.3	30.8	12.1	30.8	17.6	17.6	14.3	26.4	27.5	27.5	17.6	24.2	28.6	31.9	31.9	14.3	14.3	27.5	23.1	30.8	20.9	17.6	15.4	33	24.2	27.5	17.6	15.4	11	22	15.4	12.1	30.8	33	17.6	14.3	27.5	14.3	29.7	17.6	17.6	26.4	30.8	25.3	16.5	26.4	17.6	23.1	27.5	26.4	14.3	22	18.7	12.1	20.9	24.2	19.8	26.4	15.4	28.6	12.1	28.6	18.7	26.4	16.5	29.7	26.4	13.2	25.3	16.5	15.4	25.3	33	20.9	19.8	22	12.1	24.2	26.4	17.6	15.4	26.4	28.6	26.4	24.2	11	31.9	23.1	16.5	25.3	16.5	29.7	18.7	12.1	18.7	23.1	27.5	20.9	11	20.9	19.8	28.6	31.9	13.2	14.3	11	25.3	15.4	11	31.9	18.7	14.3	27.5	23.1	20.9	31.9	30.8	28.6	24.2	15.4	24.2	29.7	12.1	17.6	13.2	29.7	15.4	16.5	33	19.8	23.1	22	24.2	28.6	26.4	26.4	16.5	13.2	33	19.8	30.8	20.9	25.3	19.8	16.5	14.3	13.2	11	12.1	13.2	27.5	11	16.5	31.9	14.3	20.9	25.3	26.4	29.7	22	24.2	14.3	15.4	28.6	27.5	24.2	24.2	13.2	22	33	13.2	28.6	11	12.1	31.9	22	22	11	12.1	31.9	31.9	30.8	22	15.4	23.1	17.6	19.8	31.9	18.7	29.7	28.6	25.3	31.9	19.8	13.2	12.1	29.7	26.4	25.3	17.6	19.8	28.6	26.4	
13.2	18.7	23.1	19.8	28.6	28.6	27.5	28.6	14.3	22	17.6	16.5	27.5	19.8	27.5	22	30.8	26.4	29.7	18.7	22	19.8	11	13.2	24.2	20.9	23.1	13.2	14.3	19.8	15.4	19.8	18.7	17.6	30.8	19.8	25.3	13.2	23.1	26.4	16.5	15.4	26.4	27.5	18.7	15.4	30.8	23.1	19.8	15.4	28.6	22	12.1	31.9	22	13.2	12.1	27.5	31.9	26.4	19.8	24.2	30.8	24.2	30.8	14.3	16.5	12.1	24.2	19.8	29.7	23.1	11	12.1	18.7	24.2	24.2	28.6	29.7	19.8	13.2	28.6	15.4	25.3	11	28.6	17.6	24.2	13.2	15.4	19.8	13.2	18.7	29.7	15.4	20.9	13.2	16.5	29.7	20.9	20.9	16.5	29.7	19.8	19.8	14.3	31.9	14.3	16.5	22	30.8	30.8	16.5	17.6	11	33	13.2	26.4	13.2	16.5	14.3	12.1	30.8	31.9	30.8	22	27.5	26.4	23.1	11	31.9	11	20.9	25.3	30.8	12.1	30.8	29.7	33	29.7	25.3	17.6	29.7	23.1	26.4	29.7	27.5	17.6	18.7	22	30.8	12.1	24.2	22	28.6	16.5	17.6	30.8	30.8	15.4	33	24.2	13.2	29.7	14.3	26.4	28.6	27.5	13.2	19.8	33	15.4	15.4	12.1	28.6	25.3	27.5	25.3	18.7	18.7	29.7	27.5	18.7	30.8	18.7	26.4	33	12.1	33	15.4	25.3	28.6	28.6	15.4	26.4	27.5	29.7	15.4	23.1	12.1	25.3	15.4	16.5	17.6	18.7	16.5	33	33	26.4	15.4	19.8	26.4	28.6	17.6	20.9	24.2	15.4	28.6	15.4	26.4	12.1	33	14.3	25.3	23.1	20.9	16.5	12.1	20.9	16.5	16.5	20.9	33	13.2	29.7	23.1	20.9	28.6	18.7	19.8	25.3	19.8	13.2	29.7	15.4	23.1	24.2	16.5	30.8	31.9	19.8	19.8	16.5	25.3	27.5	25.3	31.9	17.6	14.3	11	25.3	13.2	27.5	25.3	33	25.3	29.7	28.6	20.9	23.1	20.9	18.7	24.2	27.5	11	17.6	15.4	19.8	16.5	24.2	24.2	23.1	27.5	19.8	25.3	31.9	25.3	27.5	29.7	12.1	16.5	22	15.4	30.8	25.3	23.1	13.2	15.4	16.5	19.8	22	24.2	13.2	11	17.6	29.7	27.5	30.8	11	19.8	12.1	14.3	31.9	31.9	11	27.5	30.8	13.2	12.1	24.2	27.5	28.6	15.4	15.4	33	14.3	30.8	13.2	33	24.2	28.6	14.3	13.2	16.5	22	15.4	24.2	19.8	11	22	27.5	13.2	28.6	23.1	12.1	19.8	27.5	11	15.4	12.1	18.7	13.2	11	11	15.4	22	29.7	24.2	13.2	26.4	29.7	13.2	19.8	25.3	24.2	17.6	33	28.6	19.8	20.9	13.2	27.5	15.4	30.8	16.5	27.5	22	19.8	29.7	23.1	22	19.8	18.7	30.8	26.4	24.2	19.8	16.5	28.6	30.8	12.1	15.4	12.1	27.5	23.1	19.8	29.7	14.3	15.4	11	16.5	29.7	11	22	27.5	16.5	14.3	16.5	31.9	29.7	33	17.6	20.9	14.3	18.7	20.9	22	23.1	33	12.1	31.9	30.8	28.6	19.8	33	16.5	24.2	16.5	30.8	19.8	25.3	17.6	24.2	29.7	33	26.4	27.5	22	16.5	22	16.5	31.9	30.8	27.5	14.3	26.4	25.3	29.7	16.5	14.3	14.3	26.4	24.2	20.9	28.6	31.9	30.8	31.9	13.2	24.2	13.2	26.4	22	20.9	26.4	26.4	23.1	19.8	16.5	13.2	29.7	29.7	14.3	18.7	16.5	15.4	24.2	17.6	26.4	33	30.8	25.3	20.9	24.2	28.6	22	15.4	14.3	12.1	26.4	15.4	13.2	33	17.6	12.1	13.2	20.9	14.3	24.2	11	29.7	29.7	12.1	24.2	13.2	30.8	24.2	19.8	30.8	12.1	30.8	23.1	12.1	22	26.4	28.6	20.9	18.7	19.8	16.5	20.9	23.1	18.7	25.3	12.1	19.8	15.4	19.8	12.1	33	13.2	20.9	25.3	17.6	22	20.9	27.5	23.1	29.7	27.5	11	12.1	26.4	19.8	20.9	31.9	33	15.4	31.9	25.3	19.8	15.4	16.5	16.5	19.8	17.6	16.5	23.1	18.7	18.7	30.8	23.1	31.9	15.4	18.7	18.7	29.7	23.1	31.9	20.9	14.3	11	16.5	29.7	19.8	28.6	11	22	23.1	23.1	33	30.8	25.3	26.4	30.8	25.3	17.6	15.4	29.7	15.4	24.2	22	33	16.5	25.3	29.7	12.1	27.5	24.2	30.8	11	27.5	19.8	15.4	19.8	23.1	17.6	31.9	31.9	29.7	20.9	19.8	33	30.8	11	19.8	14.3	19.8	16.5	33	14.3	33	25.3	28.6	30.8	18.7	14.3	19.8	31.9	16.5	28.6	16.5	19.8	11	27.5	27.5	13.2	16.5	31.9	13.2	22	13.2	23.1	17.6	11	29.7	18.7	33	22	23.1	30.8	17.6	26.4	29.7	23.1	28.6	20.9	33	16.5	23.1	14.3	18.7	33	33	28.6	11	29.7	25.3	24.2	11	31.9	18.7	16.5	13.2	14.3	26.4	27.5	29.7	29.7	20.9	20.9	26.4	31.9	14.3	29.7	24.2	15.4	18.7	27.5	13.2	16.5	25.3	16.5	22	28.6	26.4	16.5	15.4	17.6	15.4	29.7	12.1	19.8	11	29.7	29.7	13.2	31.9	12.1	26.4	16.5	30.8	26.4	33	12.1	15.4	23.1	11	12.1	28.6	23.1	31.9	12.1	24.2	14.3	25.3	31.9	33	18.7	31.9	13.2	20.9	28.6	25.3	11	17.6	23.1	24.2	23.1	24.2	25.3	20.9	16.5	23.1	28.6	33	25.3	33	14.3	13.2	33	23.1	33	17.6	13.2	14.3	27.5	33	28.6	23.1	23.1	12.1	23.1	20.9	30.8	30.8	18.7	14.3	25.3	28.6	29.7	17.6	13.2	33	15.4	18.7	11	11	30.8	29.7	14.3	27.5	16.5	24.2	15.4	33	31.9	11	20.9	15.4	22	12.1	13.2	33	16.5	27.5	31.9	14.3	27.5	12.1	27.5	13.2	31.9	30.8	14.3	11	24.2	19.8	17.6	31.9	29.7	25.3	15.4	30.8	20.9	18.7	29.7	13.2	17.6	29.7	15.4	33	12.1	24.2	13.2	17.6	22	28.6	29.7	15.4	22	26.4	27.5	19.8	17.6	13.2	31.9	17.6	31.9	30.8	19.8	11	18.7	18.7	33	15.4	15.4	15.4	31.9	13.2	20.9	16.5	20.9	27.5	33	13.2	15.4	22	29.7	23.1	31.9	15.4	29.7	23.1	31.9	13.2	12.1	31.9	25.3	19.8	27.5	15.4	29.7	17.6	18.7	12.1	18.7	29.7	16.5	11	31.9	25.3	17.6	33	20.9	23.1	25.3	23.1	33	14.3	17.6	33	18.7	30.8	29.7	27.5	29.7	22	14.3	25.3	23.1	27.5	23.1	11	24.2	17.6	15.4	22	13.2	12.1	12.1	33	23.1	16.5	26.4	15.4	15.4	27.5	25.3	17.6	30.8	31.9	20.9	24.2	11	26.4	25.3	13.2	14.3	33	24.2	18.7	24.2	27.5	23.1	29.7	31.9	23.1	23.1	12.1	14.3	19.8	26.4	30.8	19.8	29.7	18.7	15.4	25.3	12.1	17.6	13.2	12.1	11	25.3	22	33	13.2	29.7	27.5	26.4	16.5	28.6	12.1	31.9	26.4	19.8	27.5	15.4	22	22	25.3	31.9	14.3	26.4	15.4	28.6	28.6	15.4	19.8	29.7	22	25.3	15.4	25.3	31.9	14.3	19.8	19.8	27.5	28.6	17.6	12.1	14.3	14.3	23.1	20.9	17.6	20.9	18.7	
17.6	30.8	13.2	19.8	22	18.7	18.7	12.1	23.1	16.5	22	28.6	30.8	20.9	23.1	13.2	18.7	22	11	18.7	11	17.6	18.7	22	31.9	15.4	11	17.6	24.2	31.9	
16	17	14	15	12	10	15	13	16	15	14	16	11	15	12	20	11	14	14	12	15	15	14	11	19	17	14	11	12	11	19	19	18	14	16	10	14	17	16	20	18	11	12	16	13	19	14	17	13	20	20	18	12	11	18	12	17	18	12	15	15	18	20	11	15	14	18	14	14	14	16	14	17	12	19	19	10	12	16	17	20	16	16	20	13	16	17	13	14	17	18	19	14	18	14	16	13	11	19	15	14	12	14	12	10	19	18	12	19	18	16	16	19	16	18	20	13	19	13	12	17	15	14	10	19	16	18	19	19	10	18	16	19	20	14	14	12	16	16	17	10	17	15	18	16	20	15	17	20	20	12	10	19	20	13	16	11	12	14	10	16	14	17	11	14	18	14	15	18	14	13	12	14	13	14	20	19	10	16	18	15	10	12	18	19	10	19	17	14	17	10	20	17	17	15	16	18	19	20	15	15	13	17	19	12	14	14	18	14	17	10	14	19	12	17	15	16	15	20	13	17	11	15	17	13	19	14	14	16	16	12	18	14	19	18	19	16	13	19	11	20	10	18	15	16	17	11	19	12	14	11	18	18	12	18	20	10	15	16	17	18	12	14	14	15	11	14	11	17	14	13	14	17	16	12	16	15	19	19	16	13	12	15	19	14	18	18	17	17	16	17	17	11	16	16	18	16	12	19	14	15	16	13	17	20	18	17	10	11	12	20	11	18	19	13	20	10	15	13	14	20	19	16	10	10	16	10	12	15	20	16	19	18	12	19	17	20	12	11	10	16	20	10	10	17	14	10	14	17	18	12	12	17	17	13	18	13	18	14	11	10	10	13	15	19	18	16	12	16	16	20	11	13	18	13	15	15	13	17	10	10	17	18	16	13	10	16	17	17	16	18	18	20	19	14	14	19	13	16	13	18	16	18	19	10	12	17	13	13	13	18	11	13	11	12	18	12	19	14	13	15	17	10	17	15	18	12	14	18	11	17	20	20	12	17	19	13	10	17	14	13	10	16	17	14	18	11	10	11	17	11	11	11	10	20	17	15	13	17	10	15	15	20	20	13	15	20	18	19	14	13	17	20	14	13	14	19	19	20	12	17	14	10	14	15	10	19	12	12	15	11	14	13	12	14	15	17	18	17	12	16	17	20	13	18	17	16	11	18	10	12	11	11	12	18	13	12	10	17	19	15	13	11	20	10	12	12	17	16	13	18	10	10	16	17	13	10	13	11	17	11	17	20	19	16	13	11	12	11	11	17	13	11	19	15	15	16	18	14	15	14	18	13	12	12	10	19	17	19	13	18	16	19	20	14	18	20	17	17	16	13	19	18	13	14	10	19	16	14	12	20	18	11	15	16	10	17	11	11	10	10	18	12	17	12	16	10	18	15	15	16	20	10	10	15	15	10	11	16	11	12	10	10	20	19	14	17	12	12	11	11	17	17	18	16	16	19	11	18	18	18	17	13	17	17	11	10	17	12	20	11	16	20	18	15	11	13	16	17	17	18	11	12	20	12	13	11	16	13	13	15	13	17	14	13	20	14	10	11	13	11	16	10	16	18	13	11	11	20	11	17	10	11	20	13	15	19	11	20	14	17	11	13	13	18	15	20	11	18	16	18	15	18	10	19	11	18	12	13	18	11	13	20	13	20	11	12	15	14	20	19	11	14	16	14	18	11	11	16	16	19	14	20	15	13	12	16	11	16	12	18	12	19	14	15	14	20	11	12	14	11	14	10	16	13	13	20	19	18	10	13	14	19	14	16	14	11	11	18	14	14	16	18	10	14	12	17	16	16	18	14	14	17	10	17	20	10	20	13	17	17	11	19	17	15	16	10	11	14	12	19	10	18	18	17	10	18	13	14	17	20	14	17	11	10	14	17	13	17	10	12	11	10	16	12	12	10	16	14	16	14	15	17	15	10	14	17	14	12	12	15	13	14	11	16	12	10	18	11	18	10	17	15	11	17	15	12	15	11	18	19	19	16	10	15	18	16	11	17	13	20	12	12	19	11	19	12	13	17	20	12	10	18	20	20	19	19	19	17	16	11	14	13	18	19	13	18	13	18	18	13	18	11	14	20	10	14	14	17	16	18	19	19	14	16	16	10	17	18	14	12	18	10	18	20	19	19	11	14	13	18	18	10	12	20	20	15	20	11	14	19	10	10	17	15	16	11	11	20	13	18	11	12	11	11	19	15	15	16	18	10	17	14	20	10	15	16	18	10	19	15	17	20	20	20	15	20	20	12	13	17	15	10	10	12	15	16	17	20	16	
1	1	1	1	1	1	1	1	1	1	1	1	1	1	1	1	1	1	1	1	1	1	1	1	1	1	1	1	1	1	2	2	2	2	2	2	2	2	2	2	2	2	2	2	2	2	2	2	2	2	2	2	2	2	2	2	2	2	2	2	3	3	3	3	3	3	3	3	3	3	3	3	3	3	3	3	3	3	3	3	3	3	3	3	3	3	3	3	3	3	3	3	3	3	3	3	4	4	4	4	4	4	4	4	4	4	4	4	4	4	4	4	4	4	4	4	4	4	4	4	4	4	4	4	4	4	4	5	5	5	5	5	5	5	5	5	5	5	5	5	5	5	5	5	5	5	5	5	5	5	5	5	5	5	5	5	5	5	5	5	6	6	6	6	6	6	6	6	6	6	6	6	6	6	6	6	6	6	6	6	6	6	6	6	6	6	6	6	6	6	6	6	6	7	7	7	7	7	7	7	7	7	7	7	7	7	7	7	7	7	7	7	7	7	7	7	7	7	7	7	7	7	7	7	7	7	7	7	7	8	8	8	8	8	8	8	8	8	8	8	8	8	8	8	8	8	8	8	8	8	8	8	8	8	8	8	8	8	8	8	8	8	8	8	9	9	9	9	9	9	9	9	9	9	9	9	9	9	9	9	9	9	9	9	9	9	9	9	9	9	9	9	9	9	9	9	10	10	10	10	10	10	10	10	10	10	10	10	10	10	10	10	10	10	10	10	10	10	10	10	10	10	10	10	10	10	11	11	11	11	11	11	11	11	11	11	11	11	11	11	11	11	11	11	11	11	11	11	11	11	11	11	11	11	11	11	11	11	11	11	11	11	11	11	11	11	12	12	12	12	12	12	12	12	12	12	12	12	12	12	12	12	12	12	12	12	12	12	12	12	12	12	13	13	13	13	13	13	13	13	13	13	13	13	13	13	13	13	13	13	13	13	13	13	13	13	13	13	13	13	13	13	14	14	14	14	14	14	14	14	14	14	14	14	14	14	14	14	14	14	14	14	14	14	14	14	14	15	15	15	15	15	15	15	15	15	15	15	15	15	15	15	15	15	15	15	15	15	15	15	15	15	15	15	15	15	15	15	16	16	16	16	16	16	16	16	16	16	16	16	16	16	16	16	16	16	16	16	16	16	16	16	16	16	16	16	16	16	16	16	16	16	16	17	17	17	17	17	17	17	17	17	17	17	17	17	17	17	17	17	17	17	17	17	17	17	17	17	17	17	17	17	17	17	17	17	17	17	17	17	17	17	17	17	17	17	17	17	17	17	17	17	17	18	18	18	18	18	18	18	18	18	18	18	18	18	18	18	18	18	18	18	18	18	18	18	18	18	18	18	18	18	18	18	18	18	18	18	18	18	18	18	18	18	18	18	19	19	19	19	19	19	19	19	19	19	19	19	19	19	19	19	19	19	19	19	19	19	19	19	19	19	19	19	19	19	19	19	20	20	20	20	20	20	20	20	20	20	20	20	20	20	20	20	20	20	20	20	20	20	20	20	20	20	21	21	21	21	21	21	21	21	21	21	21	21	21	21	21	21	21	21	21	21	21	21	21	21	21	21	21	21	22	22	22	22	22	22	22	22	22	22	22	22	22	22	22	22	22	22	22	22	22	22	22	22	22	22	22	22	22	22	22	22	22	22	22	22	22	22	23	23	23	23	23	23	23	23	23	23	23	23	23	23	23	23	23	23	23	23	23	23	23	23	23	23	23	23	23	23	23	24	24	24	24	24	24	24	24	24	24	24	24	24	24	24	24	24	24	24	24	24	24	24	24	24	24	24	24	24	24	24	24	24	24	24	24	24	24	24	24	25	25	25	25	25	25	25	25	25	25	25	25	25	25	25	25	25	25	25	25	25	25	25	25	25	25	25	25	25	26	26	26	26	26	26	26	26	26	26	26	26	26	26	26	26	26	26	26	26	26	26	26	26	26	26	26	26	26	26	26	26	26	26	27	27	27	27	27	27	27	27	27	27	27	27	27	27	27	27	27	27	27	27	27	27	27	27	27	27	27	27	27	27	28	28	28	28	28	28	28	28	28	28	28	28	28	28	28	28	28	28	28	28	28	28	28	28	28	28	28	28	28	28	28	28	28	28	28	28	28	28	28	28	28	28	28	28	28	29	29	29	29	29	29	29	29	29	29	29	29	29	29	29	29	29	29	29	29	29	29	29	29	29	29	29	29	29	29	29	29	29	29	29	30	30	30	30	30	30	30	30	30	30	30	30	30	30	30	30	30	30	30	30	30	30	30	30	30	30	
