1000
45	4
489	12.1
26	26	30	29	29	29	29	26	29	29	27	29	28	30	28	29	30	27	26	31	27	28	31	30	26	26	26	28	30	28	26	28	27	29	26	28	28	26	29	28	30	29	27	28	30	30	31	26	26	29	26	29	30	26	28	27	28	29	29	28	29	30	31	31	29	31	31	26	30	29	26	31	31	31	26	26	29	29	27	31	28	31	30	30	30	31	30	26	31	30	27	26	29	26	30	27	28	29	28	30	30	30	30	28	29	29	26	30	26	28	26	28	26	29	26	27	26	29	26	27	29	28	27	30	28	30	30	31	27	26	27	27	28	28	31	27	29	31	29	31	30	27	30	31	28	31	27	27	30	28	27	27	29	31	28	31	29	27	27	30	29	29	27	29	31	31	27	31	27	31	29	26	29	30	28	29	26	29	28	29	29	31	28	29	31	28	31	31	29	29	28	27	26	31	27	30	29	29	29	26	30	30	28	29	30	31	31	29	28	27	31	30	26	30	29	28	26	31	28	26	31	29	28	28	28	27	30	31	28	28	26	27	29	29	26	29	27	29	26	31	29	30	29	27	29	30	27	31	30	31	28	28	26	28	26	30	28	26	27	31	27	31	31	26	26	31	30	28	28	26	29	30	29	28	30	28	28	30	30	29	29	31	27	27	28	27	31	31	27	29	28	31	27	30	31	27	30	27	28	28	26	31	26	26	27	28	30	29	28	28	28	27	27	26	31	30	29	30	30	27	27	27	27	27	29	29	26	31	31	26	27	26	30	27	26	28	29	30	30	29	30	30	26	26	27	29	30	27	28	30	28	27	27	30	28	26	28	30	28	28	28	26	27	26	31	31	28	30	28	31	27	31	28	31	27	30	29	26	29	29	28	29	31	31	26	31	26	31	26	27	30	29	29	30	28	27	29	29	30	30	26	30	27	28	27	31	26	26	28	27	30	31	26	30	26	29	28	29	27	30	31	29	29	28	29	30	26	29	26	27	26	31	28	27	30	28	27	26	27	30	29	27	29	31	28	30	26	27	31	29	30	31	30	27	26	30	30	31	28	26	31	30	30	26	27	26	28	27	30	29	28	31	30	28	31	30	27	28	29	31	27	30	28	28	29	31	31	26	31	27	29	30	28	26	28	27	31	29	30	30	29	27	27	26	31	30	30	26	27	26	30	31	27	27	26	30	26	31	30	31	29	31	31	31	27	31	30	27	31	30	31	30	26	30	31	31	29	29	27	31	30	31	28	28	28	31	28	31	26	27	29	30	27	27	27	29	28	29	26	30	31	29	26	29	29	26	27	29	29	26	30	28	28	27	28	28	26	28	31	30	29	28	28	26	27	26	31	31	30	26	29	29	27	26	30	30	31	28	31	27	29	31	31	28	26	27	31	27	28	30	29	31	30	26	31	28	27	26	27	26	31	28	26	30	30	26	28	27	29	30	27	28	26	27	27	27	29	31	29	31	27	28	29	26	29	27	29	31	28	26	30	31	30	28	29	27	30	30	30	31	29	31	30	26	31	31	27	31	26	27	26	31	27	31	26	30	29	26	28	30	30	30	26	26	29	26	30	31	26	31	26	28	26	28	30	27	30	30	30	30	27	31	27	31	30	26	29	28	29	29	28	26	28	26	31	28	27	30	27	26	26	26	26	28	27	31	28	30	31	31	31	30	28	27	29	31	29	26	27	27	28	27	30	31	28	28	30	29	29	28	26	27	26	27	26	27	26	30	31	30	31	29	30	31	26	28	31	27	27	29	30	26	26	31	30	30	30	31	28	26	30	29	26	29	26	28	29	31	26	31	26	31	26	31	28	30	31	26	31	29	27	27	31	26	31	26	30	27	28	26	26	29	26	28	28	30	29	27	30	28	27	26	26	29	28	28	26	31	28	26	26	29	29	31	29	29	27	26	27	30	30	31	27	31	28	29	30	28	30	28	31	26	31	27	31	27	31	26	27	30	31	30	30	29	30	27	28	26	27	29	27	27	27	31	30	31	30	26	31	28	28	26	30	27	28	30	26	29	29	29	30	31	27	26	31	27	28	26	28	29	30	27	28	30	26	28	31	28	26	26	30	28	27	27	26	27	29	26	28	26	31	26	28	26	27	27	26	30	27	31	28	29	26	31	27	30	31	28	30	26	31	26	31	26	28	26	28	28	28	30	31	26	26	26	27	26	28	30	26	26	26	28	28	26	27	30	27	30	29	29	26	26	27	29	28	31	31	26	31	30	27	26	27	26	28	28	29	26	31	29	29	28	31	26	30	31	28	31	26	27	
86	81	92	90	86	88	90	78	88	82	88	78	84	80	85	89	87	79	93	79	79	81	93	93	83	91	91	76	90	88	92	82	77	87	88	76	85	93	83	91	85	79	85	85	82	76	81	81	78	84	94	88	81	82	86	91	84	92	76	83	76	80	88	92	85	88	93	83	78	83	81	77	79	81	76	88	86	83	89	93	82	84	79	86	90	94	88	90	87	76	78	89	82	88	79	77	82	92	82	78	79	79	90	79	88	80	76	94	84	86	91	80	80	86	82	83	88	90	83	91	81	80	94	90	84	94	89	94	85	90	80	77	84	87	84	82	82	85	82	77	76	82	93	92	89	92	82	77	94	91	85	91	94	83	82	80	76	82	94	87	88	88	89	79	76	87	81	81	80	76	90	86	83	86	76	76	93	79	78	81	84	87	89	88	76	92	82	93	82	84	83	76	83	81	88	91	85	85	76	90	85	82	92	85	93	78	94	83	79	89	78	94	76	84	85	84	77	87	92	80	86	78	91	84	85	84	90	85	77	78	79	87	82	89	91	89	84	93	89	89	79	89	93	86	87	79	90	81	92	84	76	77	94	76	78	79	91	89	79	84	82	78	76	93	78	80	90	76	79	80	92	93	91	91	83	93	86	92	77	88	80	83	78	92	87	85	86	87	89	83	91	87	89	91	83	78	76	89	92	77	83	81	86	81	94	91	82	82	89	90	92	81	85	82	77	78	94	90	92	84	76	91	92	85	91	89	89	77	84	90	80	77	91	94	94	93	91	82	87	81	93	83	83	79	83	76	78	84	79	92	76	89	92	77	81	83	86	93	77	80	83	90	91	92	89	78	83	88	89	89	78	82	87	80	90	93	92	81	84	79	81	82	85	93	82	90	87	89	92	76	88	78	77	90	78	87	93	88	91	78	80	94	76	81	89	90	92	80	87	90	86	86	92	87	84	85	81	77	86	76	80	81	77	90	80	84	78	77	91	76	87	81	83	88	80	92	86	80	79	89	83	86	86	76	92	81	92	94	89	93	93	84	84	84	86	91	84	89	87	91	93	88	82	88	88	79	90	77	94	89	87	92	77	90	86	80	76	91	85	87	77	92	92	85	79	89	78	77	79	79	78	83	94	78	92	81	76	91	93	94	91	78	87	87	91	77	92	81	80	81	79	76	82	84	84	78	94	83	92	90	87	91	83	91	76	86	88	76	81	90	83	93	81	76	85	92	76	77	83	83	88	81	83	92	80	93	87	76	90	90	86	80	88	84	78	90	87	77	81	89	86	76	84	87	83	93	80	93	85	85	89	84	76	87	86	76	89	90	92	86	82	90	78	91	87	90	91	87	88	84	78	89	89	84	88	86	82	80	86	89	89	94	79	85	78	85	94	80	82	92	90	83	82	92	86	94	90	80	81	92	86	82	81	80	84	76	81	84	86	90	89	77	80	85	90	92	76	91	76	79	84	91	78	93	94	79	87	88	86	88	83	76	85	88	93	87	84	89	76	94	84	76	82	79	81	81	94	89	91	81	80	85	94	80	79	78	87	84	86	87	77	87	83	79	84	93	81	89	94	78	84	83	85	78	92	86	90	94	80	93	76	81	81	93	88	92	79	81	81	78	88	92	81	87	79	81	82	85	88	84	89	77	94	92	83	85	79	94	87	79	83	92	82	80	81	83	76	83	91	79	86	85	90	80	86	93	91	87	83	89	88	83	87	86	76	87	80	84	83	81	88	79	85	93	93	89	86	81	83	78	94	80	82	84	86	90	92	83	78	91	86	81	77	83	88	80	82	83	83	89	82	83	79	77	80	90	78	86	92	86	87	89	92	83	80	78	94	91	78	90	87	86	77	92	93	78	92	89	88	84	90	93	83	78	84	83	87	76	76	93	81	86	84	77	83	80	80	78	87	89	90	85	81	88	90	90	83	80	84	84	83	93	81	77	89	81	81	82	86	77	78	94	80	84	84	85	87	84	92	90	90	93	80	93	88	76	92	76	79	82	84	81	80	87	87	90	81	87	76	87	93	80	92	93	78	93	93	94	76	93	85	82	80	89	86	84	90	80	79	94	79	86	88	81	83	93	94	77	76	77	94	93	93	78	88	93	84	88	79	93	81	77	79	91	87	90	92	89	90	79	84	76	81	93	92	76	85	81	79	81	94	87	86	90	84	87	91	90	91	78	86	87	76	83	94	83	81	80	87	80	91	94	92	85	76	87	92	86	85	84	83	94	86	77	81	89	80	92	83	83	78	77	79	76	76	78	84	77	80	77	
33	23.1	13.2	29.7	20.9	20.9	33	28.6	19.8	17.6	25.3	27.5	29.7	13.2	28.6	14.3	23.1	23.1	13.2	17.6	25.3	26.4	30.8	22	30.8	31.9	25.3	12.1	24.2	13.2	24.2	33	12.1	26.4	14.3	20.9	33	15.4	29.7	22	24.2	25.3	26.4	23.1	16.5	11	25.3	28.6	14.3	24.2	33	30.8	13.2	20.9	24.2	27.5	12.1	17.6	18.7	19.8	22	12.1	31.9	33	11	28.6	30.8	18.7	24.2	13.2	20.9	15.4	22	25.3	16.5	25.3	13.2	31.9	14.3	23.1	28.6	11	18.7	13.2	17.6	18.7	17.6	22	31.9	30.8	29.7	20.9	22	27.5	26.4	19.8	20.9	29.7	31.9	27.5	23.1	24.2	22	29.7	18.7	27.5	31.9	24.2	11	16.5	30.8	15.4	20.9	24.2	31.9	31.9	19.8	14.3	22	20.9	17.6	18.7	11	18.7	14.3	28.6	16.5	17.6	14.3	22	26.4	11	25.3	30.8	13.2	33	29.7	15.4	11	18.7	14.3	22	11	14.3	17.6	26.4	31.9	29.7	18.7	11	22	17.6	26.4	24.2	26.4	14.3	26.4	17.6	29.7	27.5	22	19.8	20.9	25.3	20.9	22	28.6	12.1	24.2	30.8	31.9	31.9	23.1	28.6	31.9	23.1	19.8	24.2	14.3	19.8	23.1	25.3	28.6	13.2	17.6	23.1	12.1	26.4	27.5	22	18.7	19.8	17.6	16.5	12.1	13.2	14.3	24.2	19.8	13.2	23.1	15.4	19.8	14.3	14.3	28.6	23.1	20.9	13.2	26.4	23.1	12.1	24.2	33	14.3	27.5	13.2	19.8	14.3	22	18.7	31.9	25.3	24.2	28.6	22	15.4	30.8	13.2	25.3	29.7	29.7	18.7	24.2	33	11	16.5	18.7	14.3	16.5	18.7	31.9	30.8	12.1	16.5	25.3	12.1	19.8	22	29.7	14.3	16.5	22	19.8	28.6	26.4	24.2	14.3	25.3	24.2	11	26.4	25.3	25.3	15.4	30.8	20.9	33	27.5	22	31.9	22	24.2	20.9	33	33	13.2	31.9	11	30.8	12.1	12.1	33	23.1	19.8	18.7	14.3	26.4	11	22	19.8	22	26.4	11	11	22	22	33	15.4	17.6	12.1	12.1	27.5	12.1	25.3	26.4	17.6	14.3	31.9	18.7	29.7	30.8	28.6	28.6	23.1	16.5	11	14.3	23.1	22	17.6	22	15.4	28.6	19.8	26.4	29.7	20.9	28.6	19.8	28.6	15.4	14.3	31.9	27.5	26.4	11	18.7	27.5	20.9	30.8	28.6	33	17.6	31.9	17.6	15.4	28.6	13.2	33	25.3	29.7	28.6	26.4	20.9	26.4	33	26.4	14.3	18.7	24.2	28.6	23.1	18.7	23.1	14.3	17.6	19.8	20.9	29.7	29.7	18.7	26.4	18.7	29.7	13.2	11	12.1	14.3	33	33	14.3	20.9	29.7	31.9	11	18.7	14.3	24.2	29.7	23.1	13.2	25.3	22	13.2	26.4	15.4	26.4	13.2	12.1	12.1	24.2	16.5	17.6	17.6	30.8	29.7	26.4	20.9	33	18.7	31.9	12.1	25.3	20.9	15.4	22	13.2	28.6	24.2	14.3	14.3	14.3	18.7	19.8	13.2	14.3	17.6	19.8	22	16.5	31.9	15.4	13.2	12.1	15.4	14.3	33	12.1	11	17.6	28.6	33	27.5	24.2	29.7	24.2	27.5	22	12.1	30.8	33	12.1	23.1	26.4	23.1	15.4	33	13.2	11	14.3	29.7	23.1	24.2	22	17.6	33	14.3	24.2	31.9	16.5	13.2	17.6	15.4	13.2	30.8	22	29.7	29.7	14.3	19.8	23.1	28.6	26.4	23.1	18.7	28.6	22	12.1	18.7	33	20.9	33	18.7	25.3	15.4	30.8	20.9	14.3	14.3	24.2	26.4	29.7	31.9	26.4	11	16.5	25.3	23.1	14.3	28.6	14.3	28.6	17.6	28.6	15.4	13.2	13.2	22	26.4	23.1	19.8	17.6	31.9	13.2	22	31.9	23.1	14.3	26.4	26.4	31.9	31.9	27.5	26.4	26.4	19.8	19.8	25.3	27.5	25.3	26.4	20.9	23.1	22	13.2	17.6	24.2	31.9	20.9	29.7	33	24.2	31.9	19.8	13.2	25.3	29.7	19.8	12.1	14.3	28.6	29.7	12.1	15.4	11	18.7	28.6	30.8	22	26.4	15.4	33	16.5	23.1	31.9	13.2	31.9	23.1	14.3	18.7	30.8	31.9	12.1	15.4	29.7	29.7	29.7	17.6	15.4	15.4	19.8	20.9	11	18.7	29.7	19.8	20.9	20.9	22	29.7	28.6	26.4	16.5	28.6	25.3	16.5	14.3	16.5	13.2	13.2	14.3	22	26.4	14.3	26.4	16.5	11	13.2	33	24.2	12.1	17.6	16.5	31.9	14.3	15.4	12.1	11	28.6	14.3	33	24.2	33	11	14.3	29.7	29.7	15.4	16.5	11	31.9	24.2	22	18.7	33	20.9	29.7	25.3	13.2	31.9	16.5	13.2	12.1	26.4	18.7	23.1	33	33	17.6	19.8	28.6	26.4	22	11	31.9	25.3	26.4	24.2	22	11	30.8	22	24.2	19.8	30.8	12.1	14.3	11	15.4	31.9	29.7	30.8	23.1	33	33	14.3	22	12.1	24.2	27.5	31.9	17.6	18.7	28.6	25.3	11	15.4	25.3	16.5	29.7	20.9	12.1	31.9	24.2	12.1	19.8	25.3	33	12.1	27.5	14.3	15.4	13.2	27.5	22	13.2	27.5	28.6	19.8	12.1	30.8	15.4	28.6	15.4	22	20.9	30.8	18.7	25.3	23.1	19.8	33	20.9	25.3	28.6	31.9	28.6	14.3	17.6	15.4	11	17.6	22	18.7	15.4	11	11	26.4	33	28.6	31.9	23.1	19.8	16.5	26.4	27.5	13.2	24.2	25.3	24.2	22	11	30.8	22	22	22	24.2	12.1	11	15.4	16.5	33	26.4	24.2	12.1	33	12.1	30.8	26.4	14.3	13.2	24.2	14.3	22	17.6	30.8	28.6	20.9	19.8	31.9	29.7	12.1	17.6	19.8	18.7	13.2	19.8	17.6	14.3	26.4	14.3	20.9	13.2	33	12.1	27.5	11	15.4	30.8	17.6	17.6	30.8	27.5	12.1	28.6	18.7	33	19.8	33	27.5	14.3	11	20.9	27.5	18.7	17.6	13.2	28.6	31.9	28.6	14.3	14.3	20.9	23.1	19.8	14.3	15.4	13.2	12.1	24.2	12.1	17.6	28.6	27.5	15.4	25.3	30.8	26.4	15.4	16.5	15.4	33	33	24.2	27.5	19.8	33	26.4	12.1	23.1	20.9	11	30.8	11	11	15.4	27.5	17.6	11	27.5	28.6	13.2	25.3	25.3	13.2	17.6	11	18.7	26.4	19.8	17.6	16.5	20.9	14.3	31.9	13.2	19.8	12.1	13.2	16.5	19.8	20.9	14.3	15.4	33	13.2	23.1	29.7	14.3	25.3	20.9	26.4	13.2	12.1	30.8	25.3	14.3	28.6	25.3	25.3	15.4	33	14.3	33	23.1	23.1	24.2	15.4	25.3	29.7	20.9	26.4	25.3	31.9	24.2	15.4	30.8	24.2	24.2	20.9	25.3	16.5	19.8	22	18.7	26.4	18.7	33	25.3	27.5	11	27.5	13.2	29.7	18.7	33	28.6	25.3	31.9	33	17.6	13.2	28.6	29.7	31.9	23.1	16.5	26.4	31.9	17.6	27.5	19.8	17.6	23.1	17.6	25.3	31.9	25.3	20.9	28.6	33	17.6	15.4	30.8	17.6	33	22	26.4	31.9	11	15.4	23.1	17.6	19.8	14.3	14.3	31.9	31.9	16.5	12.1	12.1	22	15.4	12.1	14.3	14.3	17.6	19.8	30.8	
28.6	25.3	11	16.5	29.7	22	23.1	29.7	14.3	13.2	27.5	15.4	15.4	15.4	11	11	14.3	18.7	28.6	33	29.7	13.2	12.1	33	27.5	13.2	31.9	30.8	15.4	15.4	23.1	24.2	19.8	28.6	23.1	24.2	26.4	24.2	23.1	15.4	30.8	18.7	14.3	16.5	11	13.2	26.4	26.4	11	25.3	25.3	16.5	14.3	22	16.5	13.2	16.5	16.5	22	29.7	15.4	14.3	13.2	25.3	11	26.4	23.1	17.6	22	24.2	17.6	20.9	25.3	25.3	23.1	29.7	30.8	30.8	25.3	30.8	31.9	17.6	14.3	15.4	20.9	15.4	25.3	15.4	28.6	26.4	29.7	14.3	29.7	13.2	16.5	27.5	13.2	19.8	25.3	20.9	18.7	28.6	20.9	28.6	20.9	17.6	13.2	24.2	20.9	33	28.6	23.1	30.8	22	17.6	12.1	33	15.4	14.3	24.2	27.5	31.9	24.2	24.2	12.1	13.2	18.7	28.6	12.1	31.9	16.5	13.2	25.3	26.4	29.7	33	15.4	17.6	28.6	14.3	27.5	22	26.4	17.6	31.9	30.8	29.7	15.4	27.5	17.6	33	16.5	31.9	33	25.3	11	22	15.4	22	18.7	20.9	33	12.1	15.4	20.9	14.3	16.5	30.8	33	19.8	11	18.7	22	23.1	26.4	23.1	16.5	12.1	14.3	24.2	13.2	22	13.2	17.6	20.9	26.4	30.8	18.7	15.4	31.9	18.7	20.9	15.4	18.7	19.8	12.1	20.9	20.9	12.1	15.4	24.2	14.3	30.8	12.1	18.7	29.7	19.8	23.1	23.1	16.5	30.8	19.8	11	20.9	18.7	25.3	20.9	13.2	20.9	31.9	15.4	20.9	17.6	25.3	29.7	23.1	30.8	11	31.9	26.4	30.8	17.6	24.2	14.3	23.1	11	29.7	31.9	23.1	17.6	14.3	30.8	18.7	27.5	27.5	20.9	18.7	27.5	20.9	28.6	15.4	30.8	13.2	15.4	22	14.3	19.8	29.7	23.1	26.4	16.5	18.7	14.3	11	30.8	13.2	11	27.5	31.9	23.1	23.1	18.7	22	33	25.3	11	30.8	25.3	30.8	19.8	16.5	12.1	19.8	28.6	23.1	13.2	27.5	31.9	28.6	16.5	14.3	26.4	25.3	22	28.6	18.7	15.4	18.7	16.5	24.2	25.3	13.2	29.7	30.8	31.9	24.2	30.8	13.2	29.7	27.5	13.2	25.3	31.9	22	23.1	15.4	23.1	16.5	28.6	29.7	25.3	27.5	17.6	14.3	30.8	16.5	18.7	28.6	16.5	22	14.3	17.6	25.3	30.8	11	27.5	31.9	22	24.2	29.7	14.3	30.8	12.1	31.9	25.3	23.1	19.8	18.7	22	26.4	26.4	19.8	13.2	16.5	15.4	13.2	29.7	30.8	13.2	12.1	22	14.3	29.7	27.5	26.4	18.7	18.7	26.4	26.4	33	33	27.5	16.5	11	23.1	19.8	18.7	18.7	24.2	14.3	25.3	12.1	15.4	23.1	24.2	22	22	25.3	18.7	28.6	17.6	26.4	29.7	28.6	30.8	29.7	13.2	25.3	33	11	33	24.2	23.1	18.7	12.1	22	11	31.9	18.7	33	27.5	16.5	16.5	23.1	16.5	14.3	30.8	18.7	25.3	30.8	20.9	17.6	17.6	11	12.1	11	11	16.5	25.3	25.3	15.4	12.1	31.9	20.9	28.6	13.2	13.2	22	31.9	17.6	27.5	29.7	22	29.7	14.3	11	27.5	29.7	24.2	25.3	20.9	25.3	33	26.4	14.3	11	27.5	23.1	12.1	13.2	28.6	13.2	28.6	25.3	20.9	18.7	31.9	23.1	15.4	28.6	28.6	27.5	27.5	30.8	23.1	22	22	23.1	29.7	30.8	28.6	33	31.9	20.9	16.5	27.5	29.7	25.3	28.6	31.9	30.8	20.9	14.3	27.5	26.4	22	27.5	29.7	11	17.6	30.8	23.1	17.6	29.7	27.5	27.5	17.6	27.5	22	11	27.5	23.1	12.1	26.4	29.7	23.1	14.3	18.7	12.1	14.3	27.5	20.9	27.5	16.5	27.5	13.2	23.1	14.3	20.9	24.2	15.4	30.8	12.1	17.6	24.2	18.7	12.1	17.6	18.7	16.5	26.4	14.3	27.5	28.6	20.9	24.2	11	18.7	18.7	20.9	29.7	29.7	16.5	16.5	24.2	22	26.4	22	28.6	31.9	30.8	20.9	17.6	23.1	28.6	28.6	16.5	31.9	19.8	33	33	28.6	18.7	12.1	14.3	20.9	18.7	19.8	15.4	20.9	24.2	29.7	14.3	29.7	33	13.2	23.1	26.4	30.8	27.5	22	24.2	33	19.8	22	14.3	29.7	25.3	18.7	27.5	29.7	17.6	13.2	31.9	28.6	19.8	18.7	23.1	16.5	23.1	26.4	12.1	24.2	29.7	26.4	18.7	28.6	29.7	29.7	30.8	24.2	14.3	12.1	31.9	29.7	18.7	25.3	27.5	16.5	16.5	19.8	33	14.3	13.2	11	28.6	22	30.8	17.6	30.8	15.4	12.1	13.2	33	16.5	16.5	30.8	27.5	22	12.1	30.8	24.2	33	18.7	14.3	12.1	17.6	19.8	28.6	28.6	28.6	15.4	15.4	24.2	26.4	20.9	12.1	27.5	24.2	17.6	31.9	30.8	26.4	13.2	22	31.9	19.8	19.8	19.8	22	22	29.7	24.2	26.4	29.7	23.1	29.7	33	30.8	26.4	19.8	23.1	28.6	18.7	30.8	22	27.5	15.4	11	17.6	20.9	31.9	20.9	20.9	17.6	29.7	25.3	31.9	22	28.6	15.4	13.2	23.1	12.1	23.1	16.5	26.4	28.6	14.3	26.4	27.5	22	31.9	31.9	25.3	24.2	16.5	30.8	33	12.1	27.5	26.4	15.4	30.8	16.5	18.7	23.1	23.1	31.9	28.6	25.3	28.6	17.6	12.1	12.1	11	15.4	25.3	13.2	17.6	22	13.2	31.9	27.5	33	19.8	28.6	17.6	17.6	30.8	15.4	11	16.5	12.1	16.5	25.3	23.1	22	11	22	29.7	12.1	13.2	17.6	25.3	15.4	30.8	25.3	19.8	33	14.3	18.7	27.5	26.4	24.2	22	28.6	13.2	28.6	23.1	13.2	16.5	31.9	15.4	17.6	28.6	13.2	17.6	22	13.2	25.3	12.1	31.9	13.2	20.9	13.2	30.8	23.1	33	19.8	33	11	15.4	12.1	30.8	25.3	31.9	16.5	15.4	20.9	22	15.4	28.6	20.9	12.1	12.1	22	24.2	26.4	16.5	16.5	26.4	28.6	33	11	22	12.1	26.4	31.9	11	15.4	14.3	12.1	11	28.6	12.1	24.2	20.9	28.6	16.5	18.7	12.1	33	25.3	15.4	26.4	11	13.2	14.3	14.3	13.2	31.9	29.7	15.4	18.7	28.6	13.2	33	20.9	19.8	27.5	14.3	12.1	16.5	15.4	12.1	22	17.6	14.3	15.4	12.1	14.3	30.8	17.6	13.2	13.2	16.5	29.7	11	15.4	23.1	17.6	19.8	11	17.6	19.8	13.2	24.2	33	18.7	26.4	24.2	25.3	26.4	16.5	24.2	26.4	13.2	33	17.6	27.5	25.3	14.3	19.8	17.6	14.3	22	29.7	24.2	12.1	31.9	14.3	25.3	24.2	14.3	23.1	13.2	20.9	25.3	30.8	16.5	33	31.9	28.6	18.7	28.6	13.2	30.8	19.8	29.7	30.8	33	17.6	20.9	33	24.2	17.6	15.4	16.5	27.5	14.3	33	24.2	22	28.6	30.8	16.5	16.5	17.6	16.5	29.7	14.3	24.2	17.6	17.6	13.2	25.3	27.5	11	26.4	24.2	25.3	30.8	28.6	33	19.8	23.1	19.8	13.2	31.9	17.6	28.6	26.4	28.6	29.7	31.9	16.5	11	27.5	16.5	17.6	17.6	15.4	24.2	27.5	29.7	29.7	28.6	11	18.7	
15.4	16.5	11	11	23.1	19.8	18.7	17.6	20.9	20.9	27.5	13.2	26.4	29.7	23.1	20.9	18.7	11	12.1	27.5	25.3	20.9	19.8	11	14.3	28.6	19.8	16.5	31.9	23.1	28.6	13.2	15.4	31.9	16.5	16.5	27.5	30.8	30.8	28.6	14.3	16.5	27.5	19.8	15.4	
16	13	13	14	10	12	19	13	20	19	16	13	13	13	18	16	17	20	15	20	19	12	17	10	17	16	17	11	18	20	11	13	10	13	18	11	10	11	20	18	20	14	16	10	20	17	13	13	10	16	15	14	10	12	14	18	19	11	17	12	12	12	19	11	12	16	18	14	20	12	16	11	11	13	20	16	14	12	17	20	11	18	14	11	12	19	18	16	20	10	17	17	14	17	18	12	15	15	15	14	15	18	10	15	13	19	17	17	10	18	15	14	16	20	12	18	17	20	16	15	12	17	13	15	19	14	14	15	16	12	12	19	20	11	19	10	14	20	19	10	17	20	17	16	10	19	14	10	18	19	12	12	19	18	15	11	18	19	12	14	19	11	17	10	11	16	12	19	13	13	11	14	16	19	20	14	11	14	14	18	14	19	20	15	11	12	10	12	10	11	12	13	13	13	12	14	14	14	15	10	18	14	15	18	17	17	16	13	11	18	17	13	11	18	16	17	15	20	12	13	10	19	10	12	13	18	19	15	18	14	13	20	18	17	19	12	13	17	19	11	15	17	12	19	10	15	10	10	10	15	15	16	12	16	20	13	20	16	11	10	17	12	13	14	20	16	10	10	10	17	10	14	14	12	20	16	18	19	14	18	17	19	20	11	12	13	15	10	16	13	16	15	17	16	14	12	15	19	19	18	20	19	17	13	18	14	15	16	17	16	14	20	20	14	14	13	15	14	19	20	10	10	13	18	14	18	14	15	12	11	14	10	11	15	13	17	14	14	14	19	11	11	19	14	13	18	18	10	17	13	15	20	12	20	17	13	19	14	18	13	12	11	10	11	13	13	20	15	10	20	18	11	14	19	10	17	11	16	11	20	17	17	15	19	19	16	10	15	17	13	13	19	11	18	13	19	12	20	18	15	12	18	20	18	18	16	18	12	10	12	18	19	13	19	20	13	20	19	14	20	19	11	13	17	12	11	17	10	19	18	15	12	11	11	20	11	10	14	15	14	13	17	16	15	17	14	16	18	17	14	14	10	15	20	15	20	10	11	13	15	15	11	17	17	12	10	11	16	19	16	19	15	17	13	17	14	11	11	20	18	17	18	20	20	11	19	14	10	14	10	18	16	16	11	19	11	10	15	13	19	18	18	13	15	15	17	17	18	10	18	15	14	20	10	18	19	10	14	17	11	13	14	13	19	11	20	13	14	11	15	16	19	20	17	19	12	16	10	14	11	10	17	10	17	14	12	12	19	12	12	11	14	18	10	14	18	11	17	20	16	15	10	13	19	16	18	15	16	16	17	17	17	18	14	18	20	12	10	19	10	10	15	12	19	13	18	10	18	15	16	15	14	18	18	20	19	16	15	15	11	15	13	17	17	19	16	20	13	13	13	15	11	20	14	11	18	10	10	20	15	19	13	19	20	14	13	11	10	15	20	12	20	12	17	12	10	17	10	16	20	10	17	11	14	11	15	19	18	12	17	10	11	14	15	12	14	12	19	20	16	15	11	14	16	19	10	14	11	11	10	11	10	10	14	16	17	16	10	11	19	15	18	14	12	11	12	19	15	19	20	17	16	15	11	11	14	13	15	13	13	15	10	10	12	15	18	17	16	12	11	17	12	17	10	16	11	19	12	20	11	15	18	19	11	13	13	20	14	19	14	13	19	14	11	19	11	15	13	20	10	12	17	15	19	12	15	19	13	18	17	11	15	16	10	17	10	13	20	19	18	15	15	15	15	17	20	16	15	15	16	10	12	11	13	19	12	13	18	12	18	12	19	12	18	19	12	16	20	19	10	10	15	13	18	17	15	11	15	13	20	16	14	14	11	15	19	13	13	19	10	10	18	11	19	14	16	20	18	20	17	12	10	19	20	15	19	18	11	13	12	15	17	14	10	10	12	16	14	15	19	12	15	20	20	20	17	20	16	17	17	10	15	12	10	10	15	17	15	12	14	19	12	18	13	16	16	15	17	16	17	17	12	15	19	11	20	11	12	12	17	20	16	20	12	18	13	18	11	18	17	19	20	18	12	19	11	11	17	19	11	12	13	18	10	15	17	15	10	16	10	18	20	12	12	11	18	14	12	13	11	12	16	20	19	16	12	20	16	14	17	12	19	14	16	15	12	18	13	14	12	11	17	10	15	20	15	12	15	10	12	17	12	18	10	12	18	15	19	15	17	19	10	13	14	16	13	20	16	14	19	17	16	11	16	18	15	17	16	20	14	14	19	12	11	11	11	14	17	15	18	18	12	12	17	16	18	12	17	20	16	
1	1	1	1	1	1	1	1	1	1	1	1	1	1	1	1	1	1	1	1	2	2	2	2	2	2	2	2	2	2	2	2	2	2	2	2	3	3	3	3	3	3	3	3	3	3	3	3	3	3	3	3	3	4	4	4	4	4	4	4	4	4	4	4	4	4	4	4	4	4	4	4	4	4	5	5	5	5	5	5	5	5	5	5	5	5	5	5	5	5	5	5	5	6	6	6	6	6	6	6	6	6	6	6	6	6	6	6	6	7	7	7	7	7	7	7	7	7	7	7	7	7	7	7	7	7	7	7	7	7	7	7	7	7	8	8	8	8	8	8	8	8	8	8	8	8	8	8	8	8	8	8	8	8	9	9	9	9	9	9	9	9	9	9	9	9	9	9	9	9	9	9	9	9	9	9	9	9	9	9	9	10	10	10	10	10	10	10	10	10	10	10	10	10	10	10	10	10	10	10	10	10	10	10	10	10	10	10	10	11	11	11	11	11	11	11	11	11	11	11	11	11	11	11	11	11	11	11	12	12	12	12	12	12	12	12	12	12	12	12	12	12	12	12	12	12	12	12	12	12	12	13	13	13	13	13	13	13	13	13	13	13	13	13	13	13	13	13	13	14	14	14	14	14	14	14	14	14	14	14	14	14	14	14	14	14	14	14	14	15	15	15	15	15	15	15	15	15	15	15	15	15	15	15	15	15	15	15	15	15	15	16	16	16	16	16	16	16	16	16	16	16	16	16	16	16	16	16	16	16	16	16	16	16	16	16	16	17	17	17	17	17	17	17	17	17	17	17	17	17	17	17	17	17	18	18	18	18	18	18	18	18	18	18	18	18	18	18	18	19	19	19	19	19	19	19	19	19	19	19	19	19	19	19	19	19	19	19	19	19	19	19	19	19	19	19	19	20	20	20	20	20	20	20	20	20	20	20	20	20	20	20	20	20	21	21	21	21	21	21	21	21	21	21	21	21	21	21	21	21	21	21	21	21	21	21	21	22	22	22	22	22	22	22	22	22	22	22	22	22	22	22	22	22	22	22	22	22	22	22	22	22	22	22	22	22	23	23	23	23	23	23	23	23	23	23	23	23	23	23	23	23	23	23	23	23	24	24	24	24	24	24	24	24	24	24	24	24	24	24	24	24	24	24	24	24	24	24	24	24	24	24	24	24	24	24	24	25	25	25	25	25	25	25	25	25	25	25	25	25	25	25	25	25	25	25	25	25	25	25	26	26	26	26	26	26	26	26	26	26	26	26	26	26	26	26	26	26	26	26	26	26	26	26	26	26	26	27	27	27	27	27	27	27	27	27	27	27	27	27	27	27	27	27	27	27	27	27	28	28	28	28	28	28	28	28	28	28	28	28	28	28	28	28	28	28	28	28	28	28	28	28	28	28	28	29	29	29	29	29	29	29	29	29	29	29	29	29	29	29	29	29	29	29	30	30	30	30	30	30	30	30	30	30	30	30	30	30	30	30	30	30	30	30	30	30	30	30	30	30	30	30	31	31	31	31	31	31	31	31	31	31	31	31	31	31	31	31	31	31	31	31	31	31	31	31	31	31	31	31	32	32	32	32	32	32	32	32	32	32	32	32	32	32	32	32	32	32	32	33	33	33	33	33	33	33	33	33	33	33	33	33	33	33	33	34	34	34	34	34	34	34	34	34	34	34	34	34	34	34	34	34	34	34	34	34	34	34	34	35	35	35	35	35	35	35	35	35	35	35	35	35	35	35	35	35	35	35	35	35	35	35	36	36	36	36	36	36	36	36	36	36	36	36	36	36	36	36	36	36	36	36	36	36	36	36	36	36	37	37	37	37	37	37	37	37	37	37	37	37	37	37	37	37	37	37	37	37	37	37	38	38	38	38	38	38	38	38	38	38	38	38	38	38	38	38	38	38	38	38	38	38	38	39	39	39	39	39	39	39	39	39	39	39	39	39	39	39	39	39	39	39	39	39	39	39	40	40	40	40	40	40	40	40	40	40	40	40	40	40	40	40	40	40	40	40	40	40	41	41	41	41	41	41	41	41	41	41	41	41	41	41	41	41	41	41	41	42	42	42	42	42	42	42	42	42	42	42	42	42	42	42	42	42	42	42	43	43	43	43	43	43	43	43	43	43	43	43	43	43	43	43	43	43	43	43	43	43	43	43	43	44	44	44	44	44	44	44	44	44	44	44	44	44	44	44	44	44	44	44	44	44	44	44	44	44	44	44	44	44	45	45	45	45	45	45	45	45	45	45	45	45	45	45	45	45	45	45	45	45	
