1000
45	8
454	20.9
27	30	29	31	27	26	28	31	28	29	27	30	29	29	26	30	29	27	31	28	28	28	31	29	30	31	31	30	26	30	28	30	27	26	31	31	27	29	29	30	26	28	28	29	29	29	27	27	29	27	30	30	28	27	27	28	28	27	29	28	31	26	27	27	27	28	31	28	31	29	28	28	28	26	31	27	27	26	26	26	26	28	29	26	30	29	27	29	31	26	31	28	31	29	29	26	31	31	26	29	29	27	29	28	29	27	29	29	30	31	27	27	26	29	29	31	28	30	27	31	29	26	27	27	31	27	30	26	30	29	31	28	29	30	27	26	26	27	29	26	29	28	29	30	28	26	29	28	29	27	26	29	29	27	30	31	31	30	27	31	27	27	31	26	27	30	28	31	27	30	27	31	31	27	31	31	30	31	28	30	28	27	26	31	30	26	30	26	27	28	27	27	30	30	26	30	31	27	29	28	27	28	29	27	31	27	30	30	31	30	26	30	28	28	26	27	28	28	30	29	27	27	29	31	28	27	29	28	30	30	27	31	30	29	28	31	29	28	26	30	28	26	30	31	29	27	31	27	27	27	27	26	27	27	27	28	27	27	29	31	29	28	28	31	28	29	29	26	30	29	30	31	30	29	26	30	27	28	28	27	26	26	29	31	26	27	30	31	29	27	30	31	29	31	30	28	26	26	30	28	31	27	29	27	28	28	29	27	31	28	29	27	26	27	31	27	31	29	29	31	31	29	27	30	27	30	30	31	27	27	28	26	27	28	26	29	29	31	27	27	29	29	29	30	31	27	29	28	31	30	29	30	28	29	30	27	26	30	29	26	28	29	27	26	28	26	30	27	26	31	30	28	30	29	28	30	31	31	31	30	30	26	26	27	28	30	26	30	26	28	29	26	28	29	26	28	31	26	27	28	27	26	28	29	28	28	30	27	31	29	26	26	26	27	28	26	28	31	27	26	31	31	28	30	30	30	30	30	26	28	28	26	31	26	28	28	26	27	28	27	29	28	29	29	30	30	30	27	31	27	26	30	31	30	27	26	29	27	29	28	28	28	30	27	29	30	28	30	27	31	31	29	28	30	28	29	29	31	30	28	28	30	27	26	29	26	27	31	31	28	31	27	30	31	28	31	28	27	30	31	28	28	26	30	29	31	30	26	27	30	28	28	27	26	27	30	30	28	29	28	31	27	31	28	27	27	27	30	30	26	26	31	27	29	29	28	28	28	30	26	31	27	30	28	29	26	26	26	30	29	26	31	31	26	28	28	31	30	30	31	28	26	29	28	28	31	29	27	26	27	30	30	28	30	29	29	29	27	30	30	30	26	30	31	28	30	31	29	31	31	27	27	30	26	29	30	30	29	26	30	26	30	27	31	31	27	26	28	26	28	28	27	28	30	30	26	31	29	30	27	29	31	31	27	29	26	26	29	27	31	28	31	31	30	30	28	29	31	31	26	28	31	30	28	31	29	31	30	29	30	28	29	30	30	29	29	28	26	26	26	29	27	31	26	27	30	26	28	30	26	31	31	29	26	31	29	31	27	26	26	26	29	28	28	29	26	29	31	28	29	29	29	30	31	29	29	27	30	29	27	29	31	26	29	31	28	27	28	29	30	31	31	29	28	28	30	31	28	30	28	27	31	26	31	26	27	30	30	27	27	27	31	30	29	31	30	27	30	26	31	31	27	29	27	27	29	26	27	27	26	26	28	31	28	27	26	27	28	27	26	28	31	31	29	31	30	31	28	26	29	27	30	27	28	30	31	27	31	26	26	26	29	28	30	30	27	28	26	26	28	30	28	28	28	29	29	28	31	31	31	28	31	28	31	28	30	26	29	26	31	26	28	27	28	28	31	26	30	28	30	31	26	31	27	31	26	26	30	28	31	30	28	30	30	28	27	31	30	30	26	26	27	31	29	29	28	28	28	29	29	27	26	27	29	31	28	27	28	29	29	27	28	27	31	26	28	28	30	28	26	30	27	26	26	27	28	29	26	28	28	28	30	27	31	28	30	30	27	28	29	30	29	28	31	28	29	30	30	31	26	30	27	29	28	26	29	28	30	28	28	29	27	29	27	27	26	29	27	27	29	26	26	27	28	26	26	26	30	26	26	26	27	30	29	29	28	31	26	31	30	31	31	30	29	29	28	29	30	31	28	30	31	27	26	29	31	27	27	28	31	30	31	26	30	28	30	28	29	26	29	31	27	26	30	28	27	28	28	29	27	27	31	27	27	28	29	26	28	28	29	31	31	27	31	27	29	26	27	29	29	
85	77	78	87	77	79	93	88	76	87	88	87	78	76	94	80	85	88	78	77	79	90	94	80	94	76	77	89	76	83	83	92	92	79	76	85	79	85	93	78	83	85	81	81	77	87	76	90	93	85	77	88	79	87	93	94	92	94	79	80	82	79	84	80	90	93	76	80	84	82	82	85	79	87	76	94	88	80	90	82	94	77	80	79	92	87	86	88	91	89	87	91	94	93	88	88	79	88	81	92	87	90	91	85	87	77	87	87	79	81	92	94	82	81	76	79	94	87	86	83	76	93	79	76	88	91	91	83	89	91	78	79	94	93	86	83	87	76	85	91	88	89	86	79	81	83	79	84	79	86	82	80	84	76	92	86	77	94	76	86	76	76	93	81	76	81	77	86	80	94	86	84	84	84	94	88	78	80	84	88	90	81	90	90	88	88	94	86	88	91	90	85	84	80	77	84	78	91	87	91	83	80	94	86	92	88	88	88	87	86	83	82	90	90	94	85	94	79	80	76	77	83	89	80	93	79	94	92	76	88	88	92	90	84	93	94	78	81	76	88	83	91	90	88	87	78	77	92	84	82	90	82	91	89	89	80	94	89	80	83	84	90	88	77	83	94	77	89	92	76	94	79	90	83	94	94	81	85	83	81	86	79	90	93	76	89	79	79	87	77	90	81	86	85	82	77	86	93	80	90	77	90	89	76	77	92	81	88	89	84	78	83	93	89	85	82	86	82	84	88	86	82	81	89	78	89	94	93	77	77	83	88	78	87	83	89	78	77	88	93	80	90	78	86	82	82	83	88	91	86	76	87	79	84	80	78	86	77	83	76	81	86	78	93	81	76	89	80	91	93	78	87	88	93	79	92	80	80	81	81	78	90	81	92	83	83	81	79	80	79	80	91	82	90	94	77	88	85	81	88	88	89	89	87	93	79	78	78	83	85	94	78	85	89	94	89	93	76	88	76	87	86	86	78	77	77	83	85	79	78	94	82	84	92	87	89	91	79	94	91	91	85	93	92	90	85	77	80	83	88	84	83	85	89	82	88	88	92	88	77	81	92	77	76	89	90	90	85	90	85	90	91	85	93	86	91	87	88	83	84	88	78	78	86	82	78	80	92	76	86	79	82	90	79	80	85	85	84	80	81	93	85	86	77	92	79	94	76	84	87	83	80	87	81	92	78	88	76	78	90	92	91	85	88	79	89	93	85	87	92	82	86	78	79	88	90	82	83	90	81	76	83	80	94	78	92	86	82	87	76	93	87	89	76	91	86	90	77	79	76	92	92	89	91	87	77	91	81	83	89	77	92	90	77	85	88	87	82	94	87	87	92	89	80	85	87	94	82	79	89	88	90	86	81	89	77	92	93	81	94	90	90	87	78	79	88	94	80	94	79	86	94	87	83	88	78	90	86	92	83	87	82	91	77	84	81	81	87	89	90	92	77	86	83	88	89	89	77	94	81	92	80	90	84	93	82	83	76	83	82	90	84	76	88	92	83	87	78	92	83	87	79	87	90	77	94	93	84	92	84	82	89	81	94	85	82	85	83	83	79	83	76	89	91	79	94	91	88	89	81	78	84	76	86	92	84	93	84	89	91	76	94	77	81	88	76	80	92	89	85	88	90	76	85	78	82	82	85	93	80	78	80	91	87	91	87	84	94	86	87	85	79	85	82	76	87	84	82	83	78	86	92	87	87	83	94	83	93	85	91	92	77	86	84	77	88	92	78	80	83	89	78	92	87	82	77	89	87	87	89	85	92	76	76	86	93	82	77	78	81	88	89	91	85	91	87	89	93	88	88	78	82	85	77	94	92	83	86	86	77	85	93	77	93	83	80	86	88	94	87	91	83	89	85	90	82	82	94	90	92	91	79	78	85	79	79	85	76	80	90	90	94	84	94	87	82	80	87	82	89	89	83	86	93	80	86	87	79	88	91	85	92	92	82	88	84	81	80	94	84	77	89	91	86	79	79	91	92	86	91	82	80	83	93	86	77	77	91	79	89	81	91	79	87	77	93	85	76	80	80	88	90	94	91	80	91	90	92	94	92	92	80	91	87	78	76	79	85	81	80	94	80	94	89	90	80	79	78	85	94	83	87	79	78	89	90	90	82	83	91	81	90	88	94	84	93	93	83	78	90	93	79	84	90	82	92	78	94	91	93	90	94	87	93	94	76	88	84	85	82	78	90	81	81	91	83	80	89	91	84	87	90	82	80	81	88	79	91	90	79	87	78	94	83	88	91	83	84	79	88	92	84	91	83	76	83	78	78	84	94	
20.9	15.4	12.1	27.5	30.8	29.7	26.4	31.9	12.1	26.4	24.2	16.5	20.9	20.9	11	17.6	19.8	30.8	19.8	14.3	30.8	24.2	22	20.9	28.6	16.5	33	33	12.1	28.6	26.4	20.9	23.1	15.4	28.6	26.4	28.6	24.2	30.8	13.2	12.1	19.8	31.9	22	24.2	15.4	27.5	20.9	30.8	31.9	11	33	14.3	22	17.6	28.6	12.1	16.5	22	17.6	29.7	29.7	12.1	26.4	14.3	30.8	29.7	28.6	19.8	27.5	28.6	33	22	22	22	19.8	22	29.7	16.5	29.7	17.6	24.2	20.9	16.5	29.7	26.4	15.4	22	18.7	20.9	20.9	31.9	33	11	16.5	24.2	29.7	20.9	18.7	29.7	14.3	24.2	22	13.2	16.5	16.5	30.8	12.1	23.1	14.3	26.4	18.7	20.9	28.6	28.6	26.4	29.7	24.2	15.4	17.6	22	22	14.3	20.9	31.9	20.9	31.9	15.4	24.2	29.7	13.2	12.1	29.7	18.7	23.1	23.1	17.6	11	26.4	31.9	30.8	15.4	30.8	19.8	19.8	31.9	15.4	30.8	33	14.3	28.6	28.6	28.6	12.1	18.7	24.2	15.4	26.4	12.1	17.6	33	18.7	23.1	13.2	19.8	22	19.8	17.6	30.8	19.8	11	13.2	28.6	26.4	22	12.1	24.2	31.9	18.7	19.8	33	15.4	33	23.1	15.4	22	20.9	27.5	26.4	28.6	11	22	15.4	28.6	20.9	15.4	28.6	25.3	30.8	27.5	16.5	13.2	15.4	33	23.1	30.8	23.1	16.5	18.7	22	22	33	22	15.4	19.8	25.3	12.1	24.2	31.9	15.4	15.4	20.9	24.2	23.1	26.4	19.8	28.6	27.5	11	17.6	29.7	13.2	22	25.3	24.2	26.4	28.6	24.2	17.6	16.5	22	22	16.5	20.9	11	14.3	26.4	22	24.2	20.9	25.3	29.7	23.1	24.2	14.3	30.8	25.3	31.9	14.3	18.7	24.2	30.8	20.9	17.6	27.5	18.7	17.6	14.3	15.4	16.5	14.3	23.1	19.8	28.6	14.3	19.8	17.6	26.4	17.6	12.1	12.1	24.2	29.7	16.5	29.7	23.1	26.4	24.2	12.1	31.9	11	13.2	22	19.8	30.8	22	26.4	22	31.9	14.3	16.5	31.9	29.7	31.9	23.1	15.4	17.6	26.4	28.6	25.3	29.7	25.3	13.2	16.5	15.4	17.6	15.4	24.2	13.2	17.6	15.4	28.6	12.1	18.7	23.1	27.5	29.7	20.9	25.3	27.5	13.2	25.3	15.4	16.5	15.4	25.3	24.2	28.6	29.7	12.1	12.1	22	13.2	19.8	11	15.4	11	16.5	24.2	22	29.7	25.3	11	19.8	25.3	27.5	18.7	17.6	22	33	31.9	15.4	19.8	22	31.9	25.3	16.5	33	24.2	30.8	18.7	33	25.3	14.3	20.9	26.4	25.3	27.5	12.1	16.5	28.6	14.3	14.3	27.5	26.4	11	11	33	30.8	19.8	14.3	24.2	11	29.7	27.5	13.2	25.3	18.7	20.9	19.8	29.7	24.2	17.6	11	24.2	14.3	15.4	14.3	30.8	30.8	29.7	23.1	31.9	22	30.8	23.1	33	23.1	28.6	28.6	20.9	15.4	17.6	18.7	23.1	20.9	15.4	28.6	13.2	30.8	13.2	28.6	28.6	33	24.2	17.6	19.8	26.4	11	20.9	26.4	14.3	15.4	26.4	19.8	16.5	27.5	33	24.2	27.5	26.4	26.4	11	18.7	25.3	12.1	23.1	27.5	11	30.8	18.7	20.9	30.8	23.1	27.5	23.1	24.2	15.4	33	18.7	24.2	20.9	18.7	13.2	18.7	22	28.6	18.7	11	11	23.1	28.6	11	33	26.4	25.3	29.7	30.8	24.2	14.3	33	23.1	18.7	23.1	33	17.6	26.4	15.4	30.8	12.1	22	18.7	31.9	27.5	28.6	27.5	33	22	11	17.6	11	13.2	31.9	26.4	26.4	17.6	13.2	25.3	18.7	19.8	24.2	18.7	24.2	11	23.1	13.2	13.2	22	12.1	14.3	31.9	17.6	28.6	11	22	12.1	18.7	25.3	20.9	17.6	33	30.8	29.7	13.2	26.4	23.1	18.7	23.1	19.8	16.5	18.7	25.3	15.4	26.4	24.2	22	30.8	11	25.3	31.9	30.8	28.6	22	17.6	11	29.7	26.4	22	15.4	19.8	23.1	15.4	16.5	11	19.8	28.6	15.4	29.7	15.4	33	13.2	13.2	22	26.4	13.2	29.7	27.5	29.7	28.6	16.5	28.6	11	24.2	23.1	33	16.5	11	19.8	12.1	20.9	12.1	11	15.4	23.1	19.8	23.1	29.7	25.3	26.4	11	12.1	17.6	23.1	22	12.1	16.5	26.4	19.8	16.5	26.4	22	20.9	25.3	24.2	16.5	17.6	26.4	25.3	19.8	24.2	25.3	19.8	13.2	12.1	18.7	27.5	16.5	29.7	18.7	24.2	23.1	19.8	13.2	16.5	17.6	12.1	29.7	15.4	14.3	25.3	19.8	14.3	11	19.8	16.5	13.2	24.2	12.1	25.3	22	24.2	23.1	31.9	24.2	13.2	24.2	15.4	18.7	19.8	31.9	16.5	28.6	11	30.8	30.8	11	15.4	15.4	29.7	24.2	23.1	30.8	27.5	19.8	17.6	31.9	30.8	27.5	19.8	25.3	13.2	12.1	17.6	20.9	28.6	16.5	33	23.1	27.5	25.3	15.4	19.8	17.6	15.4	19.8	12.1	31.9	14.3	33	18.7	29.7	33	14.3	24.2	23.1	13.2	29.7	14.3	27.5	13.2	17.6	28.6	19.8	17.6	14.3	24.2	31.9	28.6	33	28.6	33	19.8	31.9	22	22	15.4	17.6	29.7	13.2	15.4	23.1	20.9	20.9	26.4	26.4	15.4	14.3	17.6	30.8	26.4	15.4	19.8	31.9	18.7	19.8	33	29.7	19.8	14.3	19.8	14.3	26.4	33	25.3	13.2	17.6	27.5	31.9	12.1	23.1	24.2	11	26.4	19.8	23.1	15.4	17.6	24.2	29.7	31.9	27.5	14.3	30.8	13.2	17.6	18.7	19.8	15.4	30.8	28.6	25.3	20.9	33	29.7	20.9	14.3	14.3	15.4	31.9	23.1	12.1	17.6	17.6	31.9	15.4	19.8	25.3	31.9	11	11	12.1	13.2	29.7	18.7	13.2	31.9	14.3	13.2	17.6	14.3	20.9	16.5	17.6	14.3	24.2	30.8	30.8	28.6	28.6	24.2	22	30.8	28.6	33	17.6	23.1	27.5	12.1	19.8	30.8	24.2	11	13.2	20.9	27.5	17.6	33	15.4	18.7	33	26.4	26.4	15.4	13.2	29.7	31.9	27.5	18.7	15.4	14.3	22	18.7	15.4	12.1	18.7	13.2	15.4	19.8	23.1	12.1	16.5	23.1	17.6	25.3	26.4	25.3	24.2	22	25.3	19.8	20.9	19.8	11	25.3	17.6	18.7	31.9	31.9	27.5	13.2	29.7	14.3	30.8	29.7	13.2	33	16.5	15.4	17.6	29.7	31.9	17.6	15.4	22	26.4	23.1	28.6	22	22	16.5	31.9	30.8	18.7	18.7	18.7	25.3	14.3	25.3	27.5	12.1	33	24.2	26.4	22	11	31.9	18.7	24.2	25.3	19.8	28.6	33	29.7	14.3	22	25.3	25.3	29.7	25.3	30.8	22	11	23.1	26.4	19.8	20.9	18.7	15.4	31.9	17.6	11	26.4	14.3	28.6	30.8	13.2	11	31.9	19.8	14.3	25.3	19.8	33	26.4	22	15.4	24.2	12.1	23.1	15.4	27.5	14.3	16.5	11	13.2	24.2	18.7	24.2	12.1	24.2	26.4	11	28.6	12.1	19.8	19.8	23.1	20.9	15.4	26.4	16.5	25.3	24.2	26.4	24.2	26.4	31.9	25.3	22	27.5	
18.7	22	24.2	13.2	18.7	15.4	23.1	18.7	12.1	22	15.4	26.4	31.9	33	28.6	25.3	23.1	11	16.5	13.2	27.5	29.7	19.8	24.2	16.5	23.1	22	16.5	26.4	22	30.8	22	16.5	29.7	14.3	15.4	31.9	19.8	11	11	13.2	31.9	19.8	18.7	33	16.5	23.1	30.8	31.9	17.6	22	24.2	29.7	30.8	17.6	27.5	12.1	17.6	11	15.4	25.3	26.4	14.3	26.4	22	26.4	22	17.6	29.7	15.4	13.2	15.4	19.8	13.2	15.4	30.8	15.4	18.7	19.8	16.5	33	26.4	15.4	17.6	26.4	14.3	29.7	19.8	22	19.8	20.9	23.1	17.6	12.1	28.6	12.1	27.5	33	29.7	14.3	15.4	33	14.3	27.5	26.4	33	26.4	31.9	31.9	19.8	25.3	23.1	23.1	28.6	29.7	27.5	29.7	13.2	16.5	16.5	16.5	24.2	11	18.7	14.3	30.8	31.9	22	28.6	33	18.7	30.8	16.5	30.8	11	23.1	19.8	24.2	16.5	13.2	18.7	12.1	14.3	15.4	15.4	13.2	23.1	12.1	29.7	33	18.7	20.9	19.8	18.7	33	30.8	11	13.2	24.2	19.8	14.3	17.6	16.5	29.7	20.9	26.4	28.6	15.4	31.9	22	14.3	12.1	28.6	11	33	12.1	16.5	31.9	13.2	24.2	33	14.3	12.1	24.2	28.6	14.3	29.7	31.9	23.1	11	30.8	18.7	30.8	28.6	30.8	20.9	11	24.2	12.1	24.2	23.1	22	26.4	12.1	18.7	12.1	14.3	16.5	11	11	23.1	25.3	33	29.7	33	28.6	30.8	26.4	30.8	22	25.3	27.5	13.2	28.6	17.6	12.1	30.8	11	17.6	33	22	20.9	16.5	11	29.7	27.5	29.7	31.9	24.2	18.7	29.7	15.4	13.2	25.3	18.7	18.7	18.7	19.8	16.5	27.5	12.1	20.9	17.6	29.7	24.2	29.7	16.5	14.3	13.2	12.1	20.9	20.9	31.9	14.3	17.6	19.8	29.7	29.7	29.7	31.9	31.9	25.3	17.6	23.1	24.2	11	11	23.1	31.9	13.2	33	11	24.2	31.9	18.7	27.5	28.6	30.8	24.2	28.6	29.7	26.4	26.4	28.6	18.7	15.4	15.4	30.8	30.8	18.7	15.4	28.6	23.1	13.2	31.9	27.5	27.5	31.9	31.9	17.6	26.4	19.8	16.5	14.3	11	15.4	25.3	18.7	16.5	15.4	27.5	26.4	25.3	24.2	11	33	13.2	16.5	30.8	20.9	22	27.5	14.3	20.9	17.6	26.4	11	24.2	11	25.3	31.9	27.5	23.1	29.7	20.9	18.7	33	30.8	30.8	27.5	28.6	11	30.8	24.2	23.1	12.1	16.5	19.8	33	19.8	28.6	12.1	13.2	15.4	16.5	18.7	14.3	11	17.6	13.2	11	13.2	13.2	30.8	33	31.9	30.8	19.8	23.1	15.4	15.4	29.7	24.2	31.9	22	19.8	30.8	30.8	17.6	22	27.5	24.2	23.1	29.7	13.2	26.4	29.7	18.7	13.2	16.5	18.7	23.1	20.9	25.3	16.5	22	15.4	16.5	29.7	27.5	11	27.5	11	13.2	17.6	27.5	16.5	14.3	13.2	12.1	24.2	25.3	17.6	33	14.3	27.5	16.5	17.6	25.3	12.1	14.3	28.6	30.8	28.6	29.7	20.9	26.4	16.5	27.5	29.7	19.8	27.5	33	33	13.2	14.3	25.3	19.8	33	20.9	17.6	14.3	28.6	19.8	29.7	23.1	25.3	11	14.3	12.1	30.8	30.8	31.9	26.4	22	31.9	22	20.9	11	16.5	25.3	29.7	24.2	19.8	11	27.5	26.4	25.3	26.4	15.4	16.5	11	30.8	18.7	15.4	26.4	33	31.9	11	24.2	14.3	11	27.5	13.2	33	30.8	26.4	23.1	13.2	26.4	17.6	17.6	17.6	20.9	24.2	13.2	23.1	29.7	28.6	12.1	19.8	16.5	13.2	14.3	22	18.7	27.5	15.4	25.3	24.2	25.3	24.2	12.1	29.7	20.9	20.9	15.4	20.9	22	11	31.9	19.8	16.5	17.6	15.4	28.6	15.4	26.4	26.4	29.7	25.3	25.3	19.8	29.7	31.9	19.8	23.1	27.5	23.1	27.5	15.4	33	23.1	20.9	13.2	19.8	23.1	23.1	11	27.5	33	27.5	30.8	14.3	27.5	13.2	20.9	11	29.7	31.9	14.3	16.5	15.4	33	11	24.2	16.5	17.6	13.2	24.2	33	23.1	22	33	27.5	27.5	25.3	31.9	16.5	16.5	33	30.8	11	27.5	28.6	12.1	28.6	33	15.4	29.7	27.5	17.6	12.1	16.5	13.2	15.4	23.1	12.1	22	24.2	17.6	12.1	14.3	20.9	31.9	11	18.7	25.3	12.1	22	12.1	17.6	13.2	16.5	33	23.1	13.2	24.2	17.6	27.5	31.9	33	23.1	25.3	17.6	14.3	23.1	23.1	25.3	23.1	17.6	27.5	13.2	26.4	19.8	22	25.3	12.1	20.9	29.7	25.3	22	12.1	23.1	16.5	28.6	11	27.5	19.8	23.1	33	28.6	20.9	28.6	26.4	29.7	27.5	14.3	13.2	18.7	14.3	17.6	29.7	14.3	31.9	29.7	26.4	15.4	27.5	12.1	19.8	29.7	15.4	18.7	14.3	23.1	29.7	22	11	17.6	28.6	28.6	33	31.9	22	24.2	15.4	13.2	14.3	26.4	11	11	18.7	14.3	25.3	18.7	14.3	27.5	13.2	18.7	20.9	27.5	20.9	25.3	30.8	12.1	18.7	19.8	14.3	20.9	12.1	23.1	31.9	26.4	24.2	27.5	17.6	30.8	33	33	29.7	30.8	30.8	11	12.1	11	18.7	16.5	13.2	17.6	20.9	23.1	14.3	13.2	27.5	27.5	31.9	29.7	23.1	12.1	26.4	19.8	18.7	18.7	29.7	27.5	23.1	24.2	11	12.1	26.4	29.7	23.1	12.1	26.4	23.1	23.1	11	11	27.5	28.6	24.2	11	19.8	30.8	22	27.5	14.3	30.8	14.3	25.3	15.4	30.8	30.8	14.3	18.7	23.1	16.5	24.2	17.6	25.3	11	27.5	31.9	30.8	12.1	15.4	16.5	22	17.6	15.4	13.2	28.6	12.1	14.3	27.5	19.8	28.6	14.3	24.2	30.8	22	15.4	14.3	22	27.5	16.5	15.4	16.5	33	27.5	26.4	18.7	20.9	28.6	27.5	22	28.6	30.8	18.7	16.5	15.4	25.3	31.9	15.4	33	15.4	13.2	18.7	12.1	20.9	22	19.8	15.4	23.1	24.2	12.1	14.3	16.5	24.2	14.3	17.6	19.8	13.2	12.1	19.8	26.4	33	15.4	11	30.8	24.2	31.9	12.1	19.8	28.6	18.7	28.6	17.6	12.1	14.3	22	27.5	11	19.8	14.3	20.9	22	33	27.5	29.7	27.5	24.2	33	11	26.4	17.6	13.2	26.4	28.6	16.5	30.8	20.9	26.4	14.3	24.2	22	16.5	29.7	11	27.5	15.4	14.3	19.8	31.9	29.7	18.7	23.1	27.5	18.7	14.3	29.7	29.7	31.9	26.4	14.3	29.7	14.3	31.9	33	24.2	29.7	12.1	31.9	23.1	24.2	12.1	23.1	15.4	15.4	29.7	12.1	19.8	24.2	29.7	15.4	22	31.9	22	23.1	33	11	16.5	23.1	26.4	19.8	14.3	13.2	33	22	29.7	28.6	22	20.9	16.5	27.5	13.2	33	13.2	15.4	14.3	25.3	18.7	27.5	23.1	33	17.6	23.1	23.1	31.9	18.7	33	31.9	15.4	17.6	13.2	31.9	12.1	17.6	28.6	11	30.8	31.9	12.1	30.8	14.3	30.8	19.8	23.1	18.7	15.4	17.6	22	16.5	26.4	30.8	19.8	26.4	31.9	12.1	
20.9	11	28.6	16.5	24.2	16.5	25.3	25.3	29.7	14.3	29.7	22	11	30.8	23.1	19.8	12.1	19.8	14.3	33	12.1	12.1	16.5	20.9	28.6	19.8	18.7	16.5	28.6	25.3	12.1	13.2	22	33	14.3	25.3	16.5	27.5	25.3	25.3	20.9	11	17.6	14.3	24.2	
11	18	10	11	12	11	12	18	20	19	17	16	13	20	17	18	17	11	19	17	17	14	18	11	19	15	16	18	12	20	12	14	11	18	18	20	12	15	19	16	10	11	10	17	10	11	12	14	19	14	17	13	14	16	12	17	14	13	18	20	12	15	13	14	13	10	19	13	13	11	11	18	11	11	20	17	14	11	19	15	14	19	13	13	20	19	15	20	13	13	12	19	15	14	14	13	15	19	11	20	15	18	12	18	13	14	18	14	13	16	16	17	16	12	20	11	18	20	11	11	14	15	16	20	20	15	20	20	20	11	19	20	17	16	15	10	19	11	14	10	20	18	15	11	16	15	20	19	15	10	12	15	19	11	18	17	20	12	14	18	10	15	11	15	15	18	20	12	13	17	11	17	20	17	13	20	11	19	18	13	14	17	16	11	19	18	19	11	13	18	15	14	18	13	19	16	19	19	13	19	18	16	14	14	10	13	12	12	13	18	15	18	13	13	18	18	20	20	19	10	14	19	20	17	10	20	11	12	12	19	12	15	18	10	15	16	12	12	13	18	10	11	12	12	20	13	14	10	14	12	14	17	19	16	15	18	18	17	10	20	19	16	10	15	20	16	11	17	18	13	20	11	18	14	17	15	20	12	18	20	17	12	20	16	13	14	20	10	16	16	16	13	17	12	16	18	12	14	14	20	10	18	11	10	18	16	18	16	14	14	12	15	16	10	11	18	20	15	12	12	12	16	16	14	19	17	16	18	18	17	15	12	12	19	19	10	12	20	17	19	11	20	11	14	17	18	18	15	18	18	10	15	17	16	10	15	16	17	11	19	17	12	12	16	11	17	17	11	19	19	15	17	11	17	15	17	10	17	18	18	11	13	19	13	17	10	18	19	20	20	19	10	12	14	12	16	13	19	19	11	10	13	19	10	13	18	12	11	19	20	20	12	12	16	19	15	11	14	16	14	12	13	19	20	12	15	16	16	18	13	19	14	14	17	12	14	16	19	13	13	13	16	14	12	20	14	17	11	13	14	18	17	10	12	19	17	12	11	14	10	12	16	14	12	16	14	10	20	11	13	10	10	17	16	12	15	11	11	13	10	10	11	16	11	17	19	18	15	14	17	13	19	15	12	19	16	10	14	19	12	16	10	15	16	11	15	16	11	19	20	16	10	13	10	13	13	15	14	12	18	17	15	14	18	10	12	14	19	17	13	17	20	13	13	11	13	16	16	19	14	16	13	17	17	10	18	12	19	10	18	12	13	11	10	15	12	17	18	11	20	12	14	18	15	11	20	17	19	15	10	14	14	13	17	11	18	20	18	17	16	16	10	19	13	10	13	17	10	11	18	14	10	16	17	19	19	13	12	16	17	14	12	17	11	14	18	19	16	17	19	10	11	17	19	12	10	10	11	15	17	16	13	16	13	16	17	12	20	14	16	13	14	18	13	13	10	15	14	14	11	14	15	15	14	13	16	16	20	17	14	11	10	19	13	14	13	11	11	20	15	14	15	20	13	14	18	11	14	16	15	16	13	13	20	18	10	16	19	14	13	19	20	15	18	12	19	12	12	16	13	12	16	14	14	18	17	12	11	15	15	14	11	19	12	14	19	18	19	17	12	16	10	14	13	14	18	16	13	19	11	18	13	14	14	10	17	11	17	13	13	18	15	10	16	16	10	16	11	17	12	15	13	19	16	14	18	12	19	20	20	20	16	20	19	13	18	10	14	14	14	17	19	16	11	20	19	18	10	20	11	12	19	18	12	12	20	20	11	10	20	11	19	18	10	16	20	18	19	18	11	15	20	16	10	17	11	12	14	15	15	13	17	17	11	12	17	10	12	18	20	14	17	16	11	20	10	19	19	17	16	17	11	13	15	20	20	12	20	13	20	10	10	19	19	19	20	18	18	15	20	19	16	12	17	10	16	15	15	19	15	12	11	19	10	12	16	15	11	11	12	18	11	15	19	11	15	14	14	17	19	17	14	16	16	14	16	15	14	17	20	15	18	16	19	13	10	10	16	17	14	20	16	11	14	18	19	12	13	11	11	14	12	13	18	15	13	19	13	10	17	15	17	19	15	19	12	20	13	16	18	16	19	13	13	17	13	20	10	11	17	10	19	14	15	20	13	15	14	20	15	14	16	19	14	12	17	11	16	11	11	12	18	12	19	13	13	17	19	18	13	15	14	15	15	10	13	15	18	15	18	10	15	10	14	13	16	10	12	19	18	18	15	16	11	16	17	12	19	17	10	11	20	16	20	18	19	12	14	19	10	
1	1	1	1	1	1	1	1	1	1	1	1	1	1	1	1	1	1	1	1	1	1	1	1	1	1	2	2	2	2	2	2	2	2	2	2	2	2	2	2	2	2	2	2	2	2	2	2	3	3	3	3	3	3	3	3	3	3	3	3	3	3	3	3	3	3	3	3	3	3	3	3	3	4	4	4	4	4	4	4	4	4	4	4	4	4	4	4	4	4	4	4	4	4	4	4	4	4	4	4	4	5	5	5	5	5	5	5	5	5	5	5	5	5	5	5	5	5	5	5	6	6	6	6	6	6	6	6	6	6	6	6	6	6	6	6	6	6	6	6	6	6	6	6	7	7	7	7	7	7	7	7	7	7	7	7	7	7	7	7	7	7	7	7	7	7	7	7	7	7	7	8	8	8	8	8	8	8	8	8	8	8	8	8	8	8	8	8	8	8	8	8	9	9	9	9	9	9	9	9	9	9	9	9	9	9	9	9	9	9	9	9	9	9	9	9	9	9	9	9	9	10	10	10	10	10	10	10	10	10	10	10	10	10	10	10	11	11	11	11	11	11	11	11	11	11	11	11	11	11	11	11	11	11	11	11	11	11	11	11	11	11	11	12	12	12	12	12	12	12	12	12	12	12	12	12	12	12	12	12	12	12	12	13	13	13	13	13	13	13	13	13	13	13	13	13	13	13	13	13	13	13	13	13	13	13	13	13	14	14	14	14	14	14	14	14	14	14	14	14	14	14	14	14	14	14	14	14	14	14	14	14	14	14	15	15	15	15	15	15	15	15	15	15	15	15	15	15	15	15	15	15	15	16	16	16	16	16	16	16	16	16	16	16	16	16	16	16	16	16	16	16	16	16	16	16	16	16	16	16	16	16	16	16	17	17	17	17	17	17	17	17	17	17	17	17	17	17	17	17	17	17	17	17	17	17	17	18	18	18	18	18	18	18	18	18	18	18	18	18	18	18	18	18	18	18	18	19	19	19	19	19	19	19	19	19	19	19	19	19	19	19	19	19	19	19	19	19	19	19	19	19	19	19	19	19	19	19	19	19	19	19	20	20	20	20	20	20	20	20	20	20	20	20	20	20	20	20	21	21	21	21	21	21	21	21	21	21	21	21	21	21	21	21	21	21	21	21	21	21	21	21	21	22	22	22	22	22	22	22	22	22	22	22	22	22	22	22	22	22	22	22	22	22	22	22	23	23	23	23	23	23	23	23	23	23	23	23	23	23	23	23	23	23	23	24	24	24	24	24	24	24	24	24	24	24	24	24	24	24	24	24	24	24	25	25	25	25	25	25	25	25	25	25	25	25	25	25	25	25	25	25	25	26	26	26	26	26	26	26	26	26	26	26	26	26	26	26	27	27	27	27	27	27	27	27	27	27	27	27	27	27	27	27	28	28	28	28	28	28	28	28	28	28	28	28	28	28	28	28	28	28	28	28	28	28	28	28	28	28	29	29	29	29	29	29	29	29	29	29	29	29	29	29	29	29	29	29	29	29	29	29	29	29	29	29	29	30	30	30	30	30	30	30	30	30	30	30	30	30	30	30	30	30	30	30	31	31	31	31	31	31	31	31	31	31	31	31	31	31	31	31	31	31	32	32	32	32	32	32	32	32	32	32	32	32	32	32	32	32	32	32	32	32	33	33	33	33	33	33	33	33	33	33	33	33	33	33	33	33	33	33	33	34	34	34	34	34	34	34	34	34	34	34	34	34	34	34	34	34	35	35	35	35	35	35	35	35	35	35	35	35	36	36	36	36	36	36	36	36	36	36	36	36	36	36	36	36	36	36	36	36	36	36	36	37	37	37	37	37	37	37	37	37	37	37	37	37	37	37	37	37	37	37	38	38	38	38	38	38	38	38	38	38	38	38	38	38	38	38	38	38	38	38	38	38	38	38	38	38	39	39	39	39	39	39	39	39	39	39	39	39	39	39	39	39	39	39	39	39	39	39	40	40	40	40	40	40	40	40	40	40	40	40	40	40	40	40	40	40	40	40	40	40	40	40	40	40	40	40	40	40	40	41	41	41	41	41	41	41	41	41	41	41	41	41	41	41	41	41	41	41	41	41	41	41	41	41	41	42	42	42	42	42	42	42	42	42	42	42	42	42	42	42	42	42	42	42	42	43	43	43	43	43	43	43	43	43	43	43	43	43	43	44	44	44	44	44	44	44	44	44	44	44	44	44	44	44	44	44	44	44	44	44	44	45	45	45	45	45	45	45	45	45	45	45	45	45	45	45	45	45	45	45	45	45	45	45	45	45	
