1000
30	7
574	13.2
29	27	30	30	31	26	27	30	27	29	29	29	29	31	29	26	29	31	27	29	31	27	27	29	30	31	26	27	28	28	27	27	31	28	28	28	26	28	26	31	30	27	31	30	27	29	26	29	28	30	26	29	26	30	29	26	27	31	31	30	31	27	28	31	29	30	30	29	30	31	27	26	28	28	27	31	27	30	28	28	31	29	29	31	26	27	26	27	31	31	29	30	30	29	28	29	28	26	31	27	28	29	30	29	28	31	30	27	30	29	31	29	30	28	30	27	27	31	30	29	27	31	26	29	28	28	30	30	27	27	28	28	30	31	30	31	26	27	26	26	27	29	28	26	30	29	27	29	26	28	27	26	29	30	28	29	27	30	27	30	30	26	28	30	28	29	30	29	31	26	28	31	26	27	27	31	28	29	31	29	31	26	26	31	26	31	28	31	28	28	28	26	26	31	31	31	31	28	26	27	26	31	29	31	29	31	26	31	27	30	31	30	29	27	27	28	27	26	27	28	27	26	26	26	28	26	30	29	27	31	29	26	30	27	30	27	28	31	28	30	28	30	27	26	29	26	31	27	30	31	30	26	26	29	27	31	30	31	31	27	26	28	26	31	31	27	29	30	31	30	26	27	27	31	26	29	28	26	28	28	27	26	27	29	27	28	28	31	30	30	28	29	29	30	28	26	30	30	27	30	28	26	31	30	28	27	28	31	27	29	26	30	26	29	30	27	31	26	31	30	26	31	29	26	27	29	29	26	31	30	29	28	26	30	28	27	30	29	31	31	30	29	30	29	30	30	31	27	27	26	30	28	26	31	26	27	27	28	27	29	27	28	31	27	30	28	31	29	31	26	27	28	26	26	31	26	28	31	31	26	28	27	29	29	30	26	28	28	29	28	26	26	27	30	28	27	27	29	29	26	28	27	31	30	29	29	30	29	26	29	26	29	26	26	28	26	28	30	28	29	26	30	26	29	26	31	30	30	28	28	28	27	30	29	28	30	26	30	27	31	28	28	27	27	30	29	31	29	31	26	29	31	28	27	28	28	26	30	26	28	27	31	30	28	28	30	31	26	31	30	31	27	30	29	29	28	28	30	28	31	31	26	28	28	27	29	28	27	26	27	27	28	30	26	30	31	28	28	28	28	29	27	28	29	29	28	31	26	29	31	30	27	28	29	30	27	31	30	27	26	28	29	29	31	31	30	29	26	27	26	30	31	27	31	28	28	29	27	31	30	26	28	30	26	31	27	30	28	31	28	26	29	31	29	29	29	26	27	26	27	29	26	29	30	27	26	30	30	30	26	29	31	31	30	28	29	26	29	31	29	27	31	28	31	28	27	27	31	30	28	30	26	26	28	26	28	28	28	30	29	28	29	27	26	28	26	30	31	30	26	31	26	30	30	26	29	26	28	27	28	31	26	29	26	27	30	31	28	28	26	29	29	30	31	27	31	30	31	27	26	26	26	27	27	26	29	29	28	28	26	31	28	29	27	30	30	27	26	27	28	31	29	28	29	28	27	26	26	26	29	27	31	28	31	28	27	31	26	27	29	29	26	27	30	29	26	27	29	26	30	26	30	30	28	28	31	29	29	28	29	28	31	28	28	27	27	30	28	31	26	26	31	31	29	29	28	28	31	26	28	28	29	30	31	31	26	27	29	30	27	27	31	26	31	26	30	29	31	30	26	30	28	31	28	27	29	28	28	29	28	29	30	28	30	26	30	26	31	29	29	27	26	31	28	28	26	27	31	27	28	30	30	28	30	28	27	29	31	29	27	30	30	27	28	29	28	26	30	27	30	26	27	28	26	26	28	31	26	26	31	31	29	30	30	31	30	27	31	28	29	29	26	29	30	26	27	28	27	30	30	28	29	29	28	28	27	30	29	29	30	27	30	29	28	26	28	26	31	27	29	26	30	31	29	28	28	27	29	30	27	29	28	28	30	26	27	26	29	26	30	30	27	27	28	30	26	28	28	30	30	26	31	27	30	27	30	28	30	27	29	27	29	31	28	28	28	26	27	26	28	30	26	31	27	28	31	26	28	30	31	31	26	30	28	26	31	27	28	30	31	28	29	28	30	27	26	30	27	29	28	29	31	28	31	26	30	31	26	27	27	31	31	26	26	26	29	27	28	28	31	31	26	28	31	31	29	27	29	29	27	31	26	28	26	30	29	31	26	30	28	31	29	28	26	27	31	28	27	27	29	29	30	30	29	31	29	28	27	26	26	26	26	26	30	27	30	27	30	27	30	27	31	30	27	26	26	26	28	30	26	
94	94	87	78	93	81	87	83	80	79	81	91	92	86	83	94	87	87	84	79	81	86	94	92	92	84	84	77	80	81	84	79	90	77	77	93	91	87	89	79	94	76	83	78	81	92	80	82	79	78	82	93	81	78	80	80	79	77	94	88	89	83	85	94	78	80	76	88	89	87	86	77	79	92	77	92	87	77	92	91	79	78	79	79	93	83	78	86	82	78	79	91	85	91	88	78	78	83	90	88	85	77	94	78	84	83	76	79	79	83	91	78	80	83	91	76	82	82	85	81	87	88	83	92	92	76	84	93	93	89	91	76	91	76	85	83	88	76	82	76	86	86	92	77	86	77	85	79	83	76	76	78	94	82	89	79	84	80	87	86	94	81	92	83	92	90	79	78	94	84	92	82	80	79	88	80	77	80	94	93	86	94	85	78	78	81	83	80	76	94	87	81	90	82	80	80	76	84	88	92	89	81	80	94	90	90	86	78	80	93	86	88	77	79	91	82	82	90	92	82	83	87	92	84	92	86	78	78	92	91	82	84	93	82	91	90	94	84	77	85	76	85	79	93	84	94	77	79	89	93	86	93	79	90	80	84	85	80	84	93	83	83	81	88	85	86	88	83	92	82	87	91	78	84	94	93	90	79	81	81	77	77	91	77	83	82	92	92	89	87	85	83	80	80	83	90	79	79	88	94	91	94	85	87	76	91	77	86	93	90	79	76	89	91	87	79	91	94	76	91	77	81	82	93	89	82	88	79	83	80	93	77	94	76	85	87	89	80	86	85	81	93	90	91	83	80	94	90	82	84	92	90	91	91	85	89	76	83	81	91	80	79	76	78	79	83	78	78	92	87	89	92	86	86	88	93	76	83	85	82	80	87	87	77	87	82	89	86	91	80	94	84	83	87	84	92	76	88	77	91	89	87	82	90	85	88	85	78	91	86	78	86	86	82	94	91	78	80	79	86	90	93	94	76	83	86	89	91	86	91	77	84	79	80	92	79	88	87	94	92	82	78	84	82	76	93	77	87	79	79	77	91	93	93	89	78	93	89	87	88	85	90	86	93	90	89	91	90	82	92	82	79	92	93	80	89	76	88	81	90	89	76	78	79	92	84	77	86	77	84	94	88	78	86	77	85	79	83	80	89	90	84	88	77	79	93	94	80	94	90	87	93	93	92	79	77	85	79	78	85	89	88	85	77	94	83	86	93	85	78	83	76	94	76	76	85	89	85	79	82	77	93	77	90	76	88	85	78	77	85	94	84	76	84	91	77	87	77	83	81	76	92	78	88	85	81	76	83	89	81	84	81	76	87	86	76	94	85	90	90	76	90	81	89	87	81	89	77	87	81	94	93	77	84	79	91	80	93	93	93	90	80	80	84	91	84	82	83	86	83	89	81	79	83	91	91	81	89	90	77	81	83	77	83	83	83	80	79	82	94	82	77	91	90	86	93	85	93	77	89	80	81	84	84	86	94	76	94	91	85	84	89	84	82	92	94	92	78	86	88	83	84	85	88	91	90	80	78	76	83	78	76	85	86	84	83	81	78	91	81	88	79	85	76	84	85	81	87	80	80	89	82	93	89	84	93	92	76	94	94	78	93	87	89	87	83	89	91	77	91	91	91	76	81	82	91	94	87	91	81	86	94	87	87	81	81	90	88	77	86	91	79	84	83	92	76	93	93	85	82	81	81	86	89	93	83	85	84	79	91	88	78	92	86	92	93	94	76	91	88	84	81	82	92	83	82	87	82	88	86	92	79	76	94	81	78	83	85	77	84	91	88	80	80	77	89	94	90	91	76	89	84	84	93	78	93	92	92	92	85	85	91	76	79	91	87	93	84	79	90	86	88	93	91	76	90	88	79	89	81	78	82	94	81	86	77	88	79	80	85	79	94	82	86	83	77	86	91	93	87	78	89	76	86	90	92	78	83	78	82	85	83	84	93	86	78	91	84	91	77	86	83	86	93	78	79	84	81	90	91	88	78	77	79	77	87	83	93	88	84	81	80	83	88	91	76	79	76	83	88	83	81	81	89	84	82	87	83	78	78	81	88	87	87	85	79	83	91	87	92	80	78	92	80	79	80	85	82	82	78	93	78	77	92	80	78	91	77	88	77	83	83	90	92	80	82	82	80	79	90	90	92	89	89	78	83	85	91	84	82	93	76	90	80	85	94	79	92	78	79	87	89	76	83	78	93	81	83	92	91	80	93	84	76	93	81	88	89	81	78	81	83	77	83	89	88	93	76	92	82	82	90	87	92	94	92	80	94	86	86	
12.1	15.4	23.1	28.6	29.7	33	13.2	24.2	20.9	24.2	23.1	31.9	31.9	11	17.6	31.9	25.3	12.1	25.3	24.2	24.2	15.4	23.1	16.5	12.1	27.5	15.4	20.9	31.9	18.7	27.5	15.4	12.1	17.6	23.1	18.7	28.6	14.3	27.5	27.5	14.3	17.6	19.8	33	16.5	12.1	20.9	24.2	25.3	14.3	26.4	23.1	18.7	27.5	16.5	20.9	30.8	28.6	15.4	22	18.7	11	20.9	24.2	20.9	13.2	22	25.3	16.5	17.6	11	18.7	23.1	33	11	31.9	15.4	33	23.1	13.2	27.5	26.4	23.1	17.6	24.2	30.8	27.5	22	33	30.8	28.6	15.4	26.4	12.1	25.3	31.9	18.7	22	13.2	18.7	31.9	33	23.1	13.2	23.1	33	31.9	18.7	26.4	20.9	27.5	23.1	25.3	14.3	14.3	18.7	11	18.7	17.6	20.9	26.4	31.9	19.8	28.6	13.2	31.9	11	13.2	19.8	13.2	31.9	15.4	19.8	16.5	25.3	18.7	31.9	18.7	13.2	28.6	16.5	24.2	13.2	28.6	33	17.6	11	22	11	24.2	15.4	18.7	16.5	20.9	27.5	11	23.1	19.8	18.7	16.5	12.1	22	25.3	31.9	20.9	13.2	14.3	13.2	26.4	33	25.3	16.5	18.7	11	28.6	23.1	33	20.9	11	19.8	33	24.2	20.9	23.1	13.2	29.7	14.3	12.1	23.1	20.9	27.5	12.1	31.9	12.1	12.1	20.9	25.3	18.7	11	23.1	31.9	22	14.3	25.3	16.5	27.5	23.1	30.8	20.9	31.9	19.8	29.7	23.1	16.5	23.1	15.4	14.3	25.3	11	16.5	24.2	12.1	28.6	25.3	28.6	31.9	12.1	18.7	31.9	24.2	25.3	26.4	12.1	20.9	18.7	23.1	17.6	33	26.4	18.7	28.6	11	27.5	33	23.1	29.7	22	23.1	20.9	28.6	12.1	14.3	28.6	17.6	29.7	19.8	30.8	19.8	18.7	12.1	24.2	16.5	15.4	15.4	28.6	33	22	26.4	12.1	19.8	29.7	29.7	20.9	15.4	26.4	17.6	29.7	24.2	19.8	25.3	29.7	12.1	25.3	25.3	15.4	23.1	23.1	30.8	24.2	33	22	20.9	24.2	22	14.3	31.9	11	15.4	17.6	19.8	12.1	13.2	15.4	16.5	28.6	29.7	11	23.1	14.3	12.1	19.8	14.3	12.1	31.9	24.2	24.2	33	14.3	26.4	29.7	12.1	13.2	29.7	16.5	29.7	11	23.1	15.4	33	24.2	31.9	14.3	29.7	22	27.5	17.6	11	17.6	20.9	24.2	29.7	19.8	12.1	19.8	27.5	31.9	31.9	28.6	31.9	28.6	19.8	11	15.4	16.5	16.5	26.4	30.8	13.2	17.6	33	20.9	14.3	31.9	33	19.8	15.4	28.6	28.6	24.2	26.4	19.8	25.3	29.7	17.6	33	15.4	31.9	14.3	30.8	24.2	15.4	14.3	33	27.5	24.2	15.4	11	14.3	33	33	16.5	29.7	22	12.1	26.4	28.6	18.7	29.7	29.7	31.9	26.4	23.1	19.8	15.4	11	16.5	30.8	25.3	30.8	16.5	33	19.8	14.3	14.3	33	17.6	28.6	24.2	33	18.7	16.5	16.5	28.6	23.1	30.8	14.3	17.6	14.3	19.8	28.6	15.4	19.8	13.2	13.2	27.5	33	24.2	16.5	18.7	15.4	11	28.6	23.1	25.3	14.3	20.9	25.3	30.8	19.8	28.6	31.9	30.8	33	22	15.4	20.9	20.9	16.5	25.3	31.9	12.1	26.4	16.5	16.5	16.5	15.4	33	31.9	16.5	22	11	16.5	18.7	14.3	33	31.9	17.6	25.3	11	28.6	24.2	24.2	25.3	25.3	24.2	20.9	13.2	15.4	12.1	16.5	33	33	24.2	16.5	19.8	15.4	18.7	31.9	24.2	26.4	25.3	33	16.5	29.7	14.3	33	19.8	31.9	29.7	14.3	29.7	29.7	11	33	29.7	11	11	29.7	29.7	22	31.9	20.9	14.3	30.8	33	16.5	24.2	24.2	20.9	26.4	12.1	11	16.5	16.5	24.2	31.9	11	29.7	16.5	22	33	12.1	25.3	24.2	17.6	22	25.3	20.9	14.3	19.8	19.8	20.9	27.5	14.3	33	20.9	22	24.2	15.4	15.4	17.6	33	31.9	30.8	13.2	28.6	23.1	27.5	33	15.4	14.3	14.3	11	20.9	26.4	27.5	14.3	12.1	15.4	23.1	16.5	17.6	30.8	16.5	27.5	26.4	27.5	15.4	24.2	18.7	20.9	28.6	24.2	30.8	19.8	31.9	19.8	13.2	24.2	26.4	23.1	11	27.5	33	12.1	30.8	19.8	24.2	29.7	24.2	12.1	25.3	17.6	26.4	31.9	24.2	17.6	29.7	26.4	24.2	17.6	18.7	20.9	22	15.4	30.8	16.5	16.5	12.1	12.1	12.1	23.1	28.6	29.7	23.1	30.8	25.3	11	19.8	15.4	15.4	28.6	19.8	11	25.3	29.7	18.7	29.7	25.3	17.6	14.3	31.9	12.1	11	28.6	16.5	28.6	17.6	18.7	23.1	23.1	22	14.3	26.4	19.8	31.9	28.6	12.1	29.7	33	23.1	16.5	25.3	33	31.9	12.1	17.6	28.6	15.4	30.8	14.3	26.4	22	28.6	25.3	28.6	33	18.7	11	23.1	26.4	15.4	27.5	11	14.3	18.7	33	17.6	24.2	20.9	30.8	23.1	27.5	31.9	11	29.7	17.6	33	22	11	28.6	31.9	16.5	29.7	28.6	22	20.9	17.6	22	14.3	33	30.8	15.4	13.2	11	30.8	30.8	11	27.5	23.1	23.1	12.1	30.8	20.9	17.6	12.1	28.6	16.5	27.5	26.4	26.4	18.7	12.1	15.4	16.5	19.8	11	33	30.8	17.6	30.8	28.6	22	27.5	11	26.4	33	22	30.8	29.7	30.8	20.9	14.3	13.2	26.4	17.6	26.4	13.2	27.5	19.8	16.5	29.7	14.3	15.4	25.3	28.6	16.5	14.3	27.5	16.5	22	19.8	25.3	14.3	16.5	23.1	16.5	15.4	17.6	24.2	11	25.3	30.8	19.8	30.8	28.6	26.4	17.6	20.9	27.5	17.6	20.9	22	31.9	23.1	20.9	14.3	28.6	11	11	20.9	15.4	31.9	17.6	31.9	13.2	19.8	31.9	29.7	31.9	13.2	23.1	24.2	14.3	27.5	19.8	26.4	17.6	33	23.1	12.1	15.4	31.9	27.5	15.4	13.2	23.1	27.5	24.2	12.1	24.2	14.3	11	23.1	13.2	12.1	16.5	27.5	26.4	13.2	12.1	15.4	25.3	18.7	16.5	20.9	11	30.8	33	20.9	26.4	25.3	13.2	27.5	23.1	11	29.7	24.2	26.4	16.5	27.5	28.6	29.7	30.8	24.2	15.4	31.9	19.8	14.3	16.5	16.5	33	31.9	33	27.5	31.9	31.9	33	18.7	20.9	13.2	18.7	20.9	31.9	16.5	15.4	30.8	26.4	29.7	20.9	24.2	13.2	31.9	15.4	22	31.9	16.5	22	33	27.5	26.4	12.1	17.6	22	18.7	31.9	17.6	23.1	15.4	13.2	23.1	15.4	13.2	28.6	28.6	24.2	17.6	11	15.4	15.4	24.2	19.8	16.5	15.4	30.8	26.4	15.4	12.1	23.1	11	16.5	29.7	17.6	13.2	16.5	27.5	13.2	33	23.1	24.2	20.9	12.1	18.7	30.8	25.3	26.4	30.8	25.3	15.4	25.3	27.5	19.8	18.7	13.2	11	28.6	22	22	13.2	24.2	30.8	19.8	23.1	23.1	26.4	31.9	20.9	25.3	24.2	33	20.9	18.7	25.3	28.6	17.6	31.9	22	29.7	12.1	28.6	14.3	19.8	14.3	16.5	24.2	18.7	28.6	33	11	15.4	
14.3	24.2	14.3	15.4	25.3	33	19.8	33	12.1	15.4	18.7	26.4	30.8	25.3	12.1	25.3	17.6	15.4	22	23.1	30.8	24.2	29.7	29.7	27.5	22	17.6	26.4	25.3	17.6	12.1	33	33	25.3	29.7	20.9	20.9	30.8	33	14.3	25.3	33	11	24.2	17.6	19.8	16.5	19.8	20.9	31.9	28.6	13.2	20.9	26.4	12.1	31.9	18.7	29.7	33	29.7	30.8	13.2	11	31.9	16.5	26.4	33	17.6	26.4	11	30.8	17.6	26.4	14.3	26.4	22	20.9	11	22	30.8	15.4	16.5	28.6	25.3	12.1	24.2	16.5	24.2	20.9	12.1	26.4	12.1	20.9	15.4	18.7	26.4	16.5	13.2	30.8	24.2	28.6	25.3	31.9	18.7	19.8	17.6	26.4	13.2	26.4	28.6	13.2	19.8	19.8	33	33	24.2	30.8	25.3	18.7	25.3	25.3	13.2	16.5	19.8	18.7	26.4	14.3	25.3	28.6	19.8	20.9	17.6	25.3	20.9	14.3	30.8	31.9	16.5	24.2	11	17.6	33	17.6	22	33	23.1	23.1	25.3	16.5	12.1	17.6	19.8	15.4	33	15.4	28.6	31.9	29.7	33	27.5	12.1	31.9	26.4	15.4	33	23.1	27.5	13.2	30.8	13.2	16.5	15.4	13.2	13.2	11	30.8	31.9	28.6	27.5	15.4	19.8	30.8	17.6	27.5	31.9	18.7	17.6	11	22	22	13.2	12.1	17.6	24.2	33	22	16.5	13.2	17.6	18.7	29.7	14.3	11	26.4	26.4	26.4	11	27.5	17.6	13.2	22	20.9	15.4	27.5	27.5	18.7	29.7	28.6	12.1	22	24.2	26.4	18.7	33	33	20.9	29.7	19.8	16.5	16.5	22	24.2	12.1	30.8	23.1	20.9	25.3	24.2	23.1	29.7	13.2	25.3	19.8	17.6	14.3	28.6	22	17.6	14.3	15.4	24.2	14.3	26.4	12.1	19.8	20.9	19.8	18.7	12.1	29.7	30.8	11	31.9	18.7	30.8	18.7	29.7	22	29.7	29.7	33	33	17.6	28.6	20.9	24.2	24.2	14.3	31.9	14.3	15.4	28.6	29.7	20.9	11	12.1	16.5	30.8	24.2	33	13.2	26.4	18.7	29.7	18.7	25.3	22	25.3	31.9	19.8	25.3	31.9	31.9	11	33	18.7	16.5	28.6	29.7	16.5	30.8	25.3	17.6	26.4	28.6	31.9	13.2	24.2	24.2	12.1	23.1	26.4	12.1	31.9	24.2	14.3	31.9	18.7	13.2	31.9	22	20.9	27.5	31.9	22	12.1	26.4	13.2	28.6	19.8	20.9	11	16.5	27.5	33	12.1	19.8	18.7	33	25.3	17.6	19.8	14.3	31.9	30.8	15.4	18.7	23.1	18.7	18.7	16.5	16.5	26.4	12.1	11	11	18.7	29.7	11	29.7	25.3	15.4	28.6	19.8	22	12.1	22	28.6	20.9	23.1	30.8	29.7	12.1	22	12.1	29.7	11	30.8	27.5	24.2	17.6	24.2	29.7	17.6	27.5	18.7	11	22	29.7	28.6	22	17.6	13.2	27.5	26.4	14.3	26.4	20.9	33	20.9	26.4	17.6	12.1	16.5	16.5	24.2	26.4	24.2	28.6	22	33	15.4	17.6	28.6	15.4	29.7	16.5	24.2	16.5	30.8	15.4	26.4	19.8	19.8	19.8	14.3	27.5	16.5	26.4	15.4	28.6	25.3	28.6	33	25.3	15.4	26.4	15.4	19.8	33	22	11	29.7	18.7	18.7	28.6	31.9	12.1	12.1	26.4	14.3	31.9	31.9	23.1	33	17.6	33	24.2	14.3	22	25.3	22	20.9	31.9	20.9	16.5	23.1	33	20.9	30.8	27.5	31.9	17.6	11	19.8	20.9	26.4	29.7	22	28.6	16.5	33	30.8	26.4	19.8	33	12.1	27.5	31.9	30.8	29.7	30.8	24.2	28.6	27.5	33	13.2	26.4	28.6	33	30.8	13.2	12.1	18.7	12.1	26.4	20.9	31.9	22	26.4	31.9	29.7	24.2	12.1	19.8	16.5	12.1	26.4	17.6	22	27.5	28.6	30.8	18.7	29.7	11	12.1	24.2	31.9	30.8	23.1	29.7	16.5	18.7	28.6	23.1	23.1	12.1	23.1	14.3	17.6	16.5	31.9	24.2	13.2	15.4	30.8	25.3	22	12.1	19.8	22	28.6	24.2	24.2	20.9	28.6	18.7	22	23.1	16.5	26.4	23.1	16.5	30.8	11	26.4	28.6	17.6	19.8	17.6	19.8	14.3	24.2	17.6	12.1	13.2	18.7	14.3	14.3	23.1	11	19.8	23.1	30.8	11	30.8	27.5	22	17.6	11	26.4	23.1	29.7	22	29.7	33	23.1	31.9	15.4	12.1	23.1	12.1	15.4	23.1	27.5	16.5	29.7	23.1	11	19.8	24.2	20.9	16.5	13.2	31.9	29.7	26.4	24.2	22	28.6	18.7	24.2	13.2	23.1	27.5	17.6	15.4	27.5	11	14.3	17.6	30.8	13.2	26.4	17.6	31.9	17.6	29.7	18.7	17.6	17.6	23.1	19.8	22	25.3	23.1	33	20.9	13.2	25.3	12.1	11	19.8	29.7	26.4	22	25.3	15.4	11	22	16.5	25.3	12.1	26.4	18.7	24.2	29.7	14.3	33	12.1	11	29.7	11	17.6	22	18.7	22	23.1	28.6	29.7	30.8	13.2	20.9	25.3	29.7	22	29.7	19.8	18.7	16.5	16.5	23.1	17.6	25.3	14.3	16.5	17.6	30.8	11	33	19.8	26.4	24.2	27.5	15.4	17.6	15.4	11	28.6	19.8	17.6	25.3	24.2	19.8	30.8	25.3	14.3	27.5	13.2	30.8	18.7	31.9	19.8	13.2	20.9	26.4	14.3	28.6	29.7	11	28.6	12.1	30.8	28.6	33	27.5	16.5	15.4	24.2	31.9	27.5	30.8	14.3	28.6	30.8	33	26.4	23.1	11	13.2	19.8	29.7	33	30.8	30.8	11	23.1	18.7	27.5	20.9	19.8	28.6	31.9	15.4	27.5	12.1	12.1	19.8	23.1	18.7	19.8	11	18.7	23.1	24.2	16.5	15.4	29.7	14.3	25.3	30.8	24.2	31.9	23.1	19.8	26.4	13.2	13.2	29.7	22	30.8	29.7	31.9	33	25.3	33	27.5	30.8	27.5	26.4	26.4	26.4	13.2	20.9	28.6	18.7	16.5	11	19.8	14.3	19.8	27.5	14.3	24.2	22	26.4	17.6	16.5	11	33	19.8	11	16.5	19.8	29.7	28.6	19.8	29.7	23.1	16.5	30.8	27.5	30.8	23.1	13.2	23.1	17.6	20.9	17.6	17.6	30.8	31.9	16.5	25.3	14.3	29.7	31.9	19.8	23.1	13.2	19.8	16.5	12.1	23.1	22	23.1	20.9	27.5	17.6	17.6	26.4	30.8	31.9	22	24.2	30.8	31.9	25.3	12.1	20.9	31.9	29.7	11	25.3	23.1	30.8	27.5	18.7	19.8	15.4	19.8	31.9	31.9	13.2	19.8	24.2	25.3	12.1	27.5	17.6	30.8	29.7	11	28.6	16.5	31.9	17.6	20.9	19.8	18.7	23.1	23.1	29.7	24.2	20.9	22	26.4	24.2	13.2	25.3	12.1	22	22	24.2	15.4	23.1	15.4	33	12.1	15.4	22	29.7	12.1	12.1	11	17.6	18.7	22	30.8	17.6	25.3	14.3	15.4	26.4	31.9	26.4	16.5	19.8	22	14.3	18.7	25.3	16.5	13.2	16.5	11	31.9	30.8	15.4	24.2	26.4	33	16.5	24.2	14.3	16.5	29.7	33	11	16.5	26.4	25.3	20.9	11	28.6	17.6	20.9	33	26.4	13.2	23.1	15.4	28.6	22	14.3	29.7	23.1	27.5	26.4	20.9	22	22	27.5	18.7	18.7	26.4	33	19.8	18.7	
22	30.8	14.3	22	29.7	33	28.6	33	13.2	14.3	24.2	16.5	23.1	33	23.1	13.2	23.1	19.8	22	26.4	27.5	25.3	31.9	30.8	33	29.7	23.1	25.3	20.9	31.9	
17	15	20	19	16	13	19	11	14	19	12	19	16	17	10	16	13	12	12	10	16	11	18	15	10	18	14	20	20	17	12	20	16	17	15	13	15	15	19	12	16	10	11	13	18	10	11	19	13	12	11	20	16	10	17	10	17	16	13	14	17	12	10	20	16	18	10	20	13	15	10	11	16	17	14	19	14	13	15	13	10	12	20	12	11	17	11	17	11	11	17	15	13	14	11	10	16	19	15	13	12	17	15	17	20	14	10	13	16	20	18	13	13	15	16	16	18	15	20	17	15	14	10	20	15	13	17	14	16	13	15	10	10	15	16	11	16	12	20	14	11	13	11	17	18	15	20	18	15	13	10	11	13	13	16	19	19	19	18	20	18	15	18	19	11	18	16	15	15	17	17	14	11	10	15	16	19	11	18	11	20	20	19	20	10	11	18	11	18	15	19	15	18	17	10	10	16	10	17	12	12	10	16	13	17	12	19	11	20	18	19	18	11	20	20	12	20	12	12	14	17	15	10	13	12	18	17	16	15	10	19	10	10	11	20	13	15	10	17	13	17	19	15	20	14	18	16	12	12	11	14	11	17	15	11	20	10	12	15	15	13	17	10	11	20	19	15	19	17	13	11	13	13	11	12	17	15	14	11	15	12	20	18	12	17	13	12	18	18	14	18	20	11	15	15	11	12	15	12	12	16	10	16	16	15	15	14	14	14	17	12	13	15	12	17	18	17	10	14	17	16	14	15	15	20	15	16	12	19	11	14	13	13	14	14	10	14	20	16	15	14	20	18	16	16	17	16	14	16	17	16	12	18	17	14	12	12	13	14	10	12	11	17	18	15	17	12	14	10	18	19	16	19	19	18	11	12	14	12	11	20	13	13	13	13	20	19	15	20	17	20	10	13	16	19	17	14	18	11	19	16	18	11	17	14	20	14	13	20	14	16	17	15	20	10	11	13	15	19	15	19	17	13	20	16	14	10	11	18	11	15	16	10	17	16	14	17	15	16	18	19	18	12	14	15	12	17	18	14	11	12	10	12	12	12	17	13	16	13	10	10	10	15	17	12	20	12	13	17	11	11	16	12	20	19	16	18	11	11	16	10	18	11	10	14	12	19	15	14	15	17	13	20	13	17	17	15	17	16	13	10	20	17	14	12	20	10	14	18	18	16	19	12	19	17	11	14	11	18	10	15	19	19	13	19	17	13	14	14	14	11	18	14	13	16	20	18	15	13	18	15	13	11	19	18	12	14	13	16	13	18	12	15	11	11	17	10	11	11	17	16	17	12	15	16	20	10	16	11	12	10	16	10	16	10	19	17	18	20	16	13	11	11	14	15	15	11	19	10	14	10	13	11	16	10	20	17	12	19	11	18	13	10	18	15	11	12	12	10	20	10	15	18	16	12	11	18	18	15	11	14	18	14	19	14	13	14	17	15	17	12	10	19	14	11	12	20	14	17	13	17	12	11	16	11	16	11	19	19	19	20	17	10	17	14	15	11	18	12	12	16	12	13	18	20	10	10	20	17	18	15	17	11	17	18	15	10	17	17	15	15	16	18	15	10	20	16	15	15	11	10	17	17	12	16	15	17	18	13	10	20	19	10	16	16	20	13	20	16	17	18	19	12	10	14	20	11	17	16	10	12	14	17	15	12	18	17	12	12	17	11	10	18	14	12	10	10	19	12	17	18	10	17	12	12	14	15	14	19	18	15	14	15	12	16	14	10	10	16	13	13	10	10	17	11	12	13	19	10	20	20	18	19	19	12	13	18	17	18	19	17	19	10	11	12	20	19	12	15	18	19	14	18	12	15	18	13	16	18	18	11	13	11	17	14	19	16	10	10	14	19	15	11	16	19	15	14	10	11	11	10	19	12	20	10	18	17	16	14	19	15	15	19	11	14	15	19	19	10	14	13	19	15	16	14	14	19	15	13	19	16	17	11	11	13	19	16	19	14	19	15	19	13	11	10	19	13	20	18	20	14	19	14	19	12	19	16	20	14	13	20	20	20	16	17	18	13	16	18	19	13	12	10	14	18	17	19	10	17	14	18	20	11	13	18	14	14	13	20	11	12	17	12	15	18	17	11	16	15	15	16	13	13	14	11	15	14	14	15	14	17	20	16	19	11	12	16	17	17	14	15	11	15	19	17	16	18	15	20	18	16	12	20	14	13	11	10	10	16	17	17	18	13	16	16	13	15	12	18	18	10	15	18	17	18	14	19	11	19	20	20	19	20	18	17	15	16	12	16	10	12	15	11	17	17	11	20	11	20	12	
1	1	1	1	1	1	1	1	1	1	1	1	1	1	1	1	1	1	1	1	1	1	1	1	1	1	1	1	1	1	1	1	2	2	2	2	2	2	2	2	2	2	2	2	2	2	2	2	2	2	2	2	2	2	2	2	2	3	3	3	3	3	3	3	3	3	3	3	3	3	3	3	3	3	3	3	3	3	3	3	3	3	3	3	4	4	4	4	4	4	4	4	4	4	4	4	4	4	4	4	4	4	4	4	4	4	4	4	4	4	4	4	4	4	4	4	4	4	5	5	5	5	5	5	5	5	5	5	5	5	5	5	5	5	5	5	5	5	5	5	5	5	5	5	5	5	5	5	5	5	5	5	5	6	6	6	6	6	6	6	6	6	6	6	6	6	6	6	6	6	6	6	6	6	6	6	6	6	6	6	6	6	7	7	7	7	7	7	7	7	7	7	7	7	7	7	7	7	7	7	7	7	7	7	7	7	7	7	7	7	7	7	7	7	7	7	7	7	7	7	7	7	7	7	7	7	7	7	8	8	8	8	8	8	8	8	8	8	8	8	8	8	8	8	8	8	8	8	8	8	8	8	8	8	8	8	8	8	9	9	9	9	9	9	9	9	9	9	9	9	9	9	9	9	9	9	9	9	9	9	9	9	9	9	9	9	9	9	9	9	9	9	9	9	9	9	9	10	10	10	10	10	10	10	10	10	10	10	10	10	10	10	10	10	10	10	10	10	10	10	10	10	11	11	11	11	11	11	11	11	11	11	11	11	11	11	11	11	11	11	11	11	11	11	11	11	11	11	11	11	11	11	11	11	11	11	11	11	11	11	11	11	12	12	12	12	12	12	12	12	12	12	12	12	12	12	12	12	12	12	12	12	12	12	12	12	12	12	12	12	12	12	12	12	12	12	12	12	12	12	12	13	13	13	13	13	13	13	13	13	13	13	13	13	13	13	13	13	13	13	13	13	13	13	13	13	13	13	13	13	14	14	14	14	14	14	14	14	14	14	14	14	14	14	14	14	14	14	14	14	14	14	14	14	14	14	14	14	14	15	15	15	15	15	15	15	15	15	15	15	15	15	15	15	15	15	15	15	15	15	15	15	15	15	15	15	15	15	15	15	15	16	16	16	16	16	16	16	16	16	16	16	16	16	16	16	16	16	16	16	16	16	16	16	16	16	16	16	16	16	16	16	16	16	16	16	17	17	17	17	17	17	17	17	17	17	17	17	17	17	17	17	17	17	17	17	17	17	17	17	17	17	17	17	17	17	17	17	17	17	17	17	17	17	17	18	18	18	18	18	18	18	18	18	18	18	18	18	18	18	18	18	18	18	18	18	18	18	18	18	18	18	18	18	18	18	18	18	18	18	18	18	18	18	18	19	19	19	19	19	19	19	19	19	19	19	19	19	19	19	19	19	19	19	19	19	19	19	19	19	19	19	20	20	20	20	20	20	20	20	20	20	20	20	20	20	20	20	20	20	20	20	20	20	20	20	20	20	20	20	20	20	20	20	20	20	20	20	20	20	20	21	21	21	21	21	21	21	21	21	21	21	21	21	21	21	21	21	21	21	21	21	21	21	21	21	21	21	21	21	21	21	21	21	22	22	22	22	22	22	22	22	22	22	22	22	22	22	22	22	22	22	22	22	22	22	22	22	22	22	22	22	22	22	22	22	22	22	22	22	22	23	23	23	23	23	23	23	23	23	23	23	23	23	23	23	23	23	23	23	23	23	23	23	23	23	23	23	23	23	23	23	23	24	24	24	24	24	24	24	24	24	24	24	24	24	24	24	24	24	24	24	24	24	24	24	24	24	24	24	24	24	24	24	24	24	24	24	24	24	24	24	24	24	25	25	25	25	25	25	25	25	25	25	25	25	25	25	25	25	25	25	25	25	25	25	25	25	25	25	25	25	25	25	25	25	25	26	26	26	26	26	26	26	26	26	26	26	26	26	26	26	26	26	26	26	26	26	26	27	27	27	27	27	27	27	27	27	27	27	27	27	27	27	27	27	27	27	27	27	27	27	27	27	27	27	27	27	27	27	28	28	28	28	28	28	28	28	28	28	28	28	28	28	28	28	28	28	28	28	28	28	28	28	28	28	28	28	28	28	28	28	28	28	28	28	28	28	28	28	29	29	29	29	29	29	29	29	29	29	29	29	29	29	29	29	29	29	29	29	29	29	29	29	29	29	29	29	29	29	29	29	29	30	30	30	30	30	30	30	30	30	30	30	30	30	30	30	30	30	30	30	30	30	30	30	30	30	30	30	
