1000
30	4
638	22
29	30	30	31	29	27	28	27	27	27	29	29	28	31	30	28	28	29	31	29	26	30	28	31	29	29	31	29	26	29	31	28	31	30	29	31	30	29	28	30	26	30	31	28	27	31	28	28	29	29	27	28	26	30	30	28	30	29	27	28	28	31	31	30	31	27	29	28	28	27	29	31	29	31	31	29	30	29	28	27	28	27	27	31	28	26	26	29	27	29	29	26	26	27	28	26	31	27	29	28	28	27	30	26	31	28	30	29	28	28	31	31	26	30	29	29	29	30	31	27	30	27	31	31	31	31	30	27	28	30	26	31	31	27	27	26	31	27	31	31	30	29	31	27	26	30	27	28	31	29	27	30	31	28	31	28	29	31	28	28	30	26	31	28	29	28	29	27	30	29	26	28	30	28	27	27	30	29	26	28	29	29	27	29	26	29	29	27	28	28	27	28	31	28	30	29	30	30	29	27	26	27	29	30	28	29	26	29	30	29	31	28	27	30	26	26	30	26	26	31	28	31	27	29	29	26	29	31	27	28	28	29	31	31	26	26	27	31	28	26	30	30	27	28	29	28	28	30	30	28	27	31	28	30	26	31	26	28	28	29	31	31	28	28	30	27	27	28	27	31	31	31	28	27	28	26	29	26	31	31	26	28	27	27	28	31	31	31	30	31	27	28	30	30	27	30	28	31	30	27	30	26	26	31	28	28	28	28	26	28	29	27	30	31	27	28	31	30	29	30	29	31	31	31	28	29	31	30	27	28	30	30	26	28	26	31	27	27	31	28	31	28	28	31	29	26	31	28	26	29	28	28	28	29	27	26	28	30	26	30	29	26	27	30	28	26	31	27	31	31	28	28	29	31	31	28	29	30	31	29	31	31	31	28	30	28	31	31	29	30	31	30	27	26	29	27	30	30	26	28	28	27	31	26	28	29	31	31	29	29	27	28	26	29	28	27	30	29	26	30	29	28	28	28	30	31	30	31	28	31	29	26	30	30	31	29	28	26	28	27	26	27	28	29	30	29	30	28	29	31	31	29	30	26	31	30	30	27	28	31	27	28	27	27	30	29	27	27	29	30	30	31	28	30	28	27	30	27	26	31	26	26	28	26	26	28	26	31	26	26	31	29	30	26	29	29	28	26	31	28	31	30	28	31	31	27	31	30	31	27	28	27	31	30	30	29	28	31	29	29	28	30	28	31	28	27	31	29	31	30	27	31	26	29	31	26	29	26	29	31	31	26	27	31	27	26	26	28	29	29	29	29	27	27	29	31	30	31	28	27	29	29	28	31	28	26	31	29	29	27	26	26	31	27	31	30	29	31	26	26	27	28	28	27	29	30	27	26	30	30	28	30	31	28	31	27	31	27	31	26	31	29	30	28	26	26	28	26	26	30	28	28	29	31	27	28	31	28	26	30	27	26	31	27	26	30	27	28	29	30	29	29	29	27	29	30	30	31	28	30	31	26	30	26	30	28	29	31	31	30	28	26	27	30	27	28	31	26	30	29	26	29	30	28	30	28	30	28	28	28	29	29	29	30	28	29	27	26	29	26	28	29	26	27	29	30	28	28	27	29	30	26	26	28	31	26	29	27	28	26	29	28	29	28	26	31	26	31	26	29	30	31	26	30	31	31	28	30	31	26	29	31	26	26	26	29	26	31	29	30	31	26	28	31	30	26	26	29	30	26	29	28	29	31	31	27	30	30	29	31	30	31	27	27	30	27	29	29	28	27	26	26	26	30	31	29	28	29	30	28	27	26	31	31	28	27	29	29	26	30	27	30	28	30	28	29	28	28	28	26	30	31	31	27	26	28	26	29	27	31	29	30	28	29	31	30	26	27	28	26	27	29	28	28	31	29	31	29	30	26	26	28	29	28	27	27	26	27	30	30	30	29	26	29	27	27	26	30	31	30	29	29	31	29	29	26	26	28	29	29	26	26	29	29	28	26	30	30	27	27	29	29	31	31	30	28	30	31	30	30	26	27	29	30	29	31	31	28	27	29	29	30	28	31	30	29	27	30	26	29	31	29	31	31	27	28	30	29	26	31	27	29	26	30	29	31	28	27	31	28	28	27	30	31	27	28	29	27	30	31	26	27	27	29	27	27	28	27	30	31	29	27	26	27	26	29	30	31	28	29	28	29	31	27	30	28	30	28	30	28	26	28	31	27	31	28	27	28	29	31	30	28	29	28	31	30	28	30	28	31	26	31	26	28	27	30	26	27	30	27	27	31	28	26	30	27	29	26	31	29	26	30	27	26	27	26	28	28	28	31	
82	89	81	85	83	90	82	81	90	86	81	77	84	79	81	90	91	78	88	87	84	88	92	82	91	82	88	91	90	88	79	79	82	86	90	86	83	80	90	92	93	89	94	89	78	82	87	89	93	81	85	87	76	84	84	90	86	80	92	82	89	78	90	76	86	92	78	84	76	78	93	80	88	76	83	82	94	89	94	85	80	76	85	82	92	80	86	84	83	76	86	94	77	86	88	83	78	87	87	87	79	82	80	90	86	83	83	83	92	86	84	89	78	89	84	77	94	77	77	83	77	91	77	82	88	88	86	82	82	84	85	89	93	77	85	87	87	86	80	86	85	93	83	86	86	85	92	83	91	83	85	87	86	79	86	78	79	83	78	76	88	77	91	81	90	79	82	85	78	89	90	80	91	79	79	78	89	87	92	87	87	79	88	83	82	82	79	90	78	77	93	90	76	81	77	80	90	78	91	92	80	87	90	93	90	90	87	92	92	91	83	82	94	90	80	90	87	82	85	92	77	77	76	84	91	86	87	83	78	93	76	79	92	89	80	80	94	78	83	86	76	80	79	80	77	79	78	89	86	78	92	77	79	92	92	78	88	77	83	84	78	89	93	76	80	93	78	90	92	76	80	94	83	85	82	92	88	93	84	92	87	85	79	84	79	86	76	82	85	93	87	93	85	88	79	84	78	94	88	82	85	82	94	86	83	78	77	88	85	76	83	85	82	76	82	94	91	82	78	87	93	91	84	87	92	92	80	86	91	78	78	94	81	77	87	78	93	77	83	88	86	83	77	76	89	86	78	87	79	94	88	85	94	81	78	91	81	91	87	91	91	83	78	76	90	76	89	79	88	83	83	84	93	79	87	76	78	80	93	81	82	94	80	77	78	91	85	92	88	83	81	89	82	85	90	93	84	79	78	89	80	89	92	81	77	78	79	94	81	90	90	76	93	86	77	80	79	76	94	93	89	84	87	92	89	86	92	81	76	76	86	80	93	92	84	94	79	87	80	85	84	77	79	88	88	84	77	94	84	82	90	78	93	91	88	84	76	81	91	83	87	79	94	88	85	85	77	76	85	76	79	82	76	79	87	90	82	80	91	92	76	92	82	83	84	81	81	82	85	84	82	92	77	84	94	82	90	93	81	81	86	94	80	89	80	91	80	90	93	77	85	87	82	87	85	86	91	88	84	76	81	77	84	83	78	91	87	88	79	87	78	79	86	80	78	76	91	80	91	84	94	85	80	86	76	79	83	93	83	93	82	83	89	78	94	90	84	94	78	85	87	91	91	84	83	88	90	84	77	87	92	89	78	86	90	89	84	88	79	85	84	86	94	80	90	81	76	90	84	89	87	82	81	86	79	94	88	78	86	76	80	79	91	80	90	81	81	77	76	86	88	88	91	79	83	90	86	82	86	90	89	89	83	88	81	80	92	86	76	80	82	91	88	79	86	89	83	90	79	90	79	77	88	81	92	81	89	78	86	94	85	81	82	87	79	90	85	83	86	91	85	82	78	89	78	85	91	82	81	93	76	83	77	87	86	85	81	77	84	80	84	91	80	78	87	81	76	86	84	89	90	78	85	78	92	90	79	89	76	93	81	76	80	83	79	92	76	81	89	82	91	88	79	92	81	93	79	94	80	76	89	87	91	92	90	92	81	80	84	82	80	77	78	84	88	82	88	86	78	88	92	82	92	78	76	78	93	84	86	86	84	86	84	85	93	86	81	83	80	90	92	83	89	91	87	80	94	85	84	88	94	86	78	92	76	86	84	83	78	79	82	84	78	91	85	77	83	83	94	83	79	85	90	90	86	83	84	94	94	83	90	84	91	85	93	93	79	90	84	77	76	89	78	77	80	78	87	88	76	94	87	93	89	77	80	85	91	80	78	89	79	87	92	92	80	87	79	94	85	93	76	84	77	79	91	79	77	92	84	87	91	88	82	78	86	94	82	83	92	92	93	81	76	83	92	85	93	78	88	78	77	84	84	92	84	92	90	76	88	87	76	78	87	92	85	91	84	82	94	83	94	94	87	89	76	86	87	86	91	90	82	88	91	87	86	77	83	91	89	83	92	84	82	92	79	83	79	78	92	90	82	91	88	81	89	82	91	80	80	87	89	83	89	77	81	76	92	79	81	92	92	77	77	94	78	93	78	87	86	94	82	93	80	88	84	92	85	78	76	83	86	90	80	82	94	84	89	83	92	83	88	80	76	85	89	83	78	79	80	90	93	85	86	82	86	92	81	83	77	81	86	81	83	92	89	83	79	94	76	93	
22	13.2	33	19.8	30.8	12.1	29.7	20.9	17.6	33	19.8	26.4	27.5	19.8	12.1	23.1	18.7	30.8	16.5	18.7	27.5	22	25.3	26.4	16.5	14.3	24.2	16.5	19.8	28.6	16.5	20.9	29.7	13.2	28.6	33	24.2	28.6	18.7	23.1	26.4	31.9	13.2	18.7	23.1	25.3	29.7	25.3	27.5	19.8	33	17.6	23.1	18.7	33	24.2	17.6	30.8	16.5	29.7	12.1	28.6	28.6	11	18.7	14.3	25.3	16.5	27.5	12.1	24.2	18.7	31.9	28.6	15.4	29.7	28.6	17.6	23.1	22	29.7	19.8	28.6	26.4	13.2	26.4	25.3	16.5	14.3	26.4	27.5	31.9	25.3	15.4	14.3	24.2	16.5	16.5	16.5	28.6	26.4	24.2	16.5	17.6	28.6	28.6	13.2	11	28.6	27.5	31.9	11	25.3	25.3	28.6	14.3	14.3	25.3	31.9	17.6	22	16.5	24.2	30.8	29.7	19.8	17.6	18.7	26.4	33	24.2	24.2	31.9	12.1	31.9	19.8	24.2	12.1	27.5	24.2	25.3	16.5	26.4	17.6	13.2	25.3	14.3	12.1	14.3	26.4	25.3	31.9	13.2	28.6	23.1	27.5	24.2	18.7	30.8	27.5	23.1	18.7	17.6	23.1	25.3	26.4	27.5	28.6	19.8	23.1	29.7	30.8	12.1	22	29.7	11	15.4	14.3	27.5	14.3	27.5	25.3	13.2	31.9	31.9	33	26.4	20.9	24.2	13.2	22	31.9	28.6	19.8	30.8	29.7	17.6	30.8	22	12.1	18.7	16.5	22	18.7	28.6	31.9	15.4	25.3	19.8	13.2	20.9	24.2	26.4	26.4	26.4	18.7	31.9	15.4	25.3	12.1	22	17.6	16.5	13.2	14.3	20.9	33	14.3	26.4	16.5	24.2	11	17.6	23.1	20.9	33	18.7	25.3	12.1	26.4	30.8	28.6	29.7	27.5	14.3	23.1	28.6	28.6	14.3	18.7	14.3	33	11	18.7	33	14.3	25.3	25.3	22	24.2	17.6	20.9	16.5	11	31.9	19.8	15.4	25.3	16.5	11	19.8	12.1	11	16.5	31.9	14.3	15.4	29.7	22	11	12.1	16.5	18.7	13.2	30.8	24.2	27.5	17.6	19.8	12.1	16.5	17.6	13.2	17.6	28.6	14.3	30.8	18.7	23.1	27.5	20.9	15.4	17.6	13.2	16.5	31.9	24.2	12.1	23.1	33	31.9	12.1	19.8	18.7	16.5	22	33	18.7	20.9	33	25.3	27.5	33	28.6	20.9	12.1	20.9	24.2	26.4	11	19.8	26.4	12.1	22	31.9	11	20.9	26.4	12.1	11	33	22	16.5	15.4	18.7	22	11	17.6	24.2	20.9	28.6	33	18.7	19.8	17.6	30.8	17.6	15.4	25.3	12.1	19.8	27.5	28.6	12.1	30.8	18.7	14.3	13.2	23.1	16.5	22	31.9	26.4	27.5	25.3	24.2	28.6	14.3	22	18.7	16.5	14.3	14.3	30.8	14.3	30.8	26.4	27.5	31.9	29.7	24.2	12.1	14.3	29.7	26.4	11	29.7	14.3	31.9	18.7	24.2	30.8	20.9	26.4	18.7	16.5	14.3	29.7	20.9	23.1	14.3	13.2	24.2	18.7	16.5	24.2	15.4	24.2	16.5	13.2	26.4	25.3	18.7	33	33	26.4	11	33	11	15.4	28.6	30.8	29.7	14.3	17.6	19.8	25.3	24.2	23.1	33	24.2	28.6	22	17.6	14.3	19.8	25.3	19.8	20.9	27.5	30.8	29.7	16.5	28.6	13.2	17.6	33	33	13.2	23.1	14.3	13.2	33	15.4	20.9	26.4	25.3	31.9	11	29.7	17.6	28.6	17.6	12.1	14.3	12.1	12.1	15.4	30.8	30.8	19.8	31.9	28.6	31.9	16.5	26.4	24.2	24.2	17.6	30.8	31.9	11	26.4	29.7	23.1	20.9	30.8	14.3	28.6	20.9	14.3	13.2	27.5	29.7	12.1	33	13.2	11	23.1	28.6	11	24.2	25.3	31.9	11	14.3	30.8	31.9	14.3	33	24.2	15.4	28.6	13.2	20.9	23.1	19.8	25.3	29.7	27.5	31.9	25.3	33	33	18.7	28.6	12.1	24.2	12.1	27.5	20.9	20.9	33	14.3	27.5	26.4	33	31.9	29.7	27.5	29.7	17.6	24.2	26.4	16.5	23.1	15.4	30.8	22	31.9	15.4	17.6	18.7	15.4	29.7	20.9	33	14.3	11	12.1	31.9	22	33	26.4	19.8	28.6	31.9	19.8	11	26.4	31.9	12.1	19.8	30.8	31.9	28.6	23.1	30.8	23.1	17.6	17.6	25.3	29.7	12.1	17.6	16.5	29.7	22	11	12.1	20.9	11	24.2	20.9	22	20.9	24.2	12.1	26.4	14.3	17.6	30.8	22	33	31.9	20.9	22	29.7	11	33	20.9	13.2	29.7	30.8	25.3	17.6	22	23.1	30.8	33	17.6	13.2	16.5	14.3	13.2	12.1	24.2	16.5	18.7	28.6	29.7	29.7	33	19.8	20.9	28.6	33	13.2	33	24.2	20.9	29.7	26.4	22	12.1	14.3	29.7	11	33	33	29.7	33	14.3	18.7	20.9	19.8	24.2	22	30.8	16.5	26.4	24.2	24.2	24.2	24.2	33	19.8	14.3	30.8	25.3	26.4	20.9	26.4	17.6	17.6	24.2	13.2	15.4	22	31.9	13.2	19.8	18.7	28.6	13.2	17.6	33	13.2	26.4	19.8	27.5	33	11	19.8	29.7	25.3	16.5	19.8	30.8	14.3	18.7	30.8	26.4	16.5	23.1	19.8	26.4	17.6	20.9	30.8	13.2	11	14.3	33	27.5	13.2	13.2	17.6	27.5	24.2	17.6	31.9	23.1	33	15.4	11	27.5	25.3	12.1	15.4	30.8	16.5	15.4	25.3	11	23.1	23.1	23.1	20.9	16.5	20.9	27.5	24.2	18.7	12.1	30.8	29.7	23.1	13.2	14.3	27.5	15.4	11	29.7	19.8	17.6	29.7	30.8	25.3	33	14.3	33	19.8	27.5	13.2	19.8	33	17.6	18.7	27.5	13.2	26.4	20.9	23.1	26.4	28.6	31.9	16.5	20.9	23.1	27.5	25.3	13.2	23.1	16.5	23.1	26.4	31.9	25.3	12.1	15.4	25.3	26.4	17.6	26.4	30.8	15.4	29.7	24.2	14.3	19.8	15.4	30.8	29.7	18.7	29.7	29.7	24.2	28.6	26.4	17.6	19.8	27.5	28.6	29.7	18.7	25.3	13.2	29.7	22	19.8	20.9	33	33	25.3	18.7	23.1	19.8	16.5	19.8	15.4	31.9	15.4	24.2	18.7	11	25.3	28.6	27.5	22	31.9	18.7	14.3	14.3	25.3	29.7	29.7	17.6	27.5	14.3	17.6	14.3	13.2	26.4	12.1	28.6	18.7	11	16.5	17.6	29.7	24.2	24.2	16.5	27.5	33	17.6	29.7	31.9	20.9	27.5	28.6	29.7	23.1	27.5	18.7	14.3	30.8	18.7	27.5	29.7	13.2	11	22	19.8	13.2	29.7	15.4	22	25.3	18.7	27.5	28.6	20.9	26.4	11	14.3	18.7	20.9	28.6	13.2	20.9	17.6	31.9	20.9	20.9	12.1	26.4	18.7	33	19.8	14.3	18.7	14.3	24.2	19.8	24.2	16.5	18.7	11	11	16.5	23.1	15.4	25.3	14.3	22	17.6	28.6	13.2	22	11	12.1	26.4	25.3	18.7	27.5	25.3	31.9	33	13.2	28.6	19.8	23.1	17.6	27.5	12.1	11	12.1	12.1	25.3	12.1	28.6	15.4	23.1	18.7	29.7	25.3	22	16.5	11	13.2	17.6	20.9	16.5	18.7	19.8	20.9	31.9	19.8	28.6	13.2	20.9	22	17.6	20.9	29.7	31.9	22	18.7	14.3	15.4	24.2	16.5	12.1	19.8	33	24.2	20.9	13.2	
12.1	31.9	25.3	12.1	25.3	12.1	18.7	25.3	25.3	28.6	15.4	14.3	30.8	12.1	30.8	25.3	31.9	22	24.2	12.1	14.3	11	15.4	24.2	22	23.1	11	29.7	26.4	20.9	15.4	16.5	19.8	18.7	33	16.5	17.6	17.6	11	27.5	14.3	14.3	17.6	31.9	19.8	14.3	16.5	23.1	30.8	22	20.9	18.7	17.6	12.1	19.8	20.9	26.4	22	27.5	22	15.4	14.3	15.4	18.7	33	18.7	33	19.8	13.2	12.1	18.7	29.7	12.1	33	28.6	28.6	20.9	19.8	11	33	33	16.5	26.4	17.6	17.6	24.2	30.8	25.3	29.7	16.5	26.4	25.3	11	12.1	19.8	12.1	13.2	17.6	18.7	19.8	11	15.4	19.8	17.6	16.5	11	20.9	33	33	12.1	23.1	13.2	23.1	18.7	11	26.4	31.9	23.1	23.1	18.7	18.7	18.7	24.2	33	16.5	26.4	25.3	27.5	23.1	26.4	33	26.4	24.2	18.7	18.7	23.1	29.7	25.3	28.6	20.9	17.6	19.8	11	23.1	28.6	28.6	29.7	27.5	25.3	33	27.5	27.5	17.6	27.5	11	11	18.7	30.8	26.4	25.3	17.6	12.1	25.3	30.8	22	24.2	18.7	17.6	23.1	30.8	31.9	22	25.3	14.3	20.9	11	33	12.1	30.8	15.4	30.8	22	20.9	25.3	23.1	20.9	30.8	33	29.7	17.6	29.7	28.6	22	27.5	13.2	11	13.2	25.3	18.7	15.4	26.4	15.4	14.3	28.6	12.1	17.6	20.9	31.9	27.5	22	23.1	12.1	15.4	27.5	23.1	26.4	25.3	20.9	17.6	27.5	15.4	24.2	14.3	22	11	30.8	24.2	27.5	15.4	25.3	22	19.8	24.2	16.5	20.9	22	15.4	19.8	17.6	26.4	16.5	31.9	22	19.8	24.2	15.4	30.8	33	13.2	26.4	20.9	29.7	23.1	25.3	24.2	12.1	13.2	22	19.8	19.8	22	29.7	25.3	29.7	31.9	15.4	19.8	13.2	30.8	30.8	18.7	19.8	18.7	18.7	18.7	12.1	25.3	17.6	25.3	28.6	24.2	23.1	28.6	25.3	18.7	15.4	25.3	33	26.4	33	22	33	23.1	23.1	20.9	31.9	22	19.8	12.1	11	31.9	29.7	24.2	20.9	25.3	26.4	12.1	14.3	17.6	11	14.3	22	12.1	19.8	16.5	16.5	30.8	23.1	28.6	20.9	33	30.8	13.2	11	28.6	31.9	31.9	18.7	12.1	13.2	24.2	19.8	12.1	18.7	27.5	25.3	11	26.4	25.3	31.9	24.2	19.8	30.8	17.6	30.8	19.8	15.4	14.3	28.6	27.5	15.4	25.3	33	19.8	28.6	33	14.3	19.8	20.9	22	33	29.7	18.7	16.5	27.5	14.3	20.9	16.5	14.3	26.4	31.9	27.5	23.1	24.2	15.4	31.9	15.4	14.3	28.6	12.1	33	28.6	22	17.6	24.2	25.3	13.2	24.2	30.8	19.8	30.8	12.1	12.1	33	13.2	14.3	11	14.3	14.3	25.3	17.6	13.2	18.7	14.3	16.5	14.3	18.7	14.3	23.1	12.1	33	17.6	31.9	13.2	16.5	14.3	14.3	26.4	15.4	28.6	19.8	19.8	12.1	12.1	17.6	27.5	29.7	13.2	33	16.5	31.9	15.4	22	30.8	28.6	33	27.5	17.6	13.2	18.7	19.8	25.3	13.2	11	11	24.2	19.8	13.2	31.9	31.9	27.5	25.3	28.6	33	25.3	24.2	22	22	25.3	25.3	20.9	22	15.4	23.1	30.8	28.6	19.8	23.1	28.6	17.6	11	11	30.8	12.1	12.1	14.3	26.4	25.3	15.4	19.8	26.4	19.8	15.4	22	15.4	25.3	22	20.9	17.6	26.4	11	26.4	17.6	28.6	31.9	20.9	29.7	13.2	14.3	12.1	20.9	12.1	11	27.5	12.1	29.7	14.3	29.7	33	33	29.7	28.6	22	29.7	25.3	11	20.9	18.7	24.2	29.7	15.4	25.3	19.8	20.9	25.3	33	26.4	20.9	22	12.1	14.3	22	13.2	16.5	14.3	20.9	24.2	19.8	26.4	33	18.7	24.2	16.5	12.1	19.8	31.9	22	23.1	23.1	16.5	13.2	12.1	20.9	28.6	22	30.8	30.8	23.1	18.7	13.2	13.2	25.3	31.9	14.3	17.6	30.8	12.1	19.8	12.1	27.5	17.6	13.2	18.7	27.5	31.9	26.4	12.1	19.8	26.4	30.8	26.4	17.6	23.1	24.2	31.9	26.4	22	29.7	24.2	27.5	22	22	14.3	27.5	29.7	23.1	27.5	14.3	33	22	17.6	18.7	12.1	24.2	12.1	26.4	13.2	29.7	24.2	17.6	16.5	18.7	15.4	28.6	28.6	26.4	28.6	13.2	19.8	11	20.9	20.9	33	25.3	14.3	11	19.8	31.9	30.8	16.5	28.6	22	27.5	13.2	24.2	20.9	30.8	16.5	19.8	24.2	17.6	20.9	16.5	18.7	20.9	20.9	31.9	23.1	22	17.6	25.3	13.2	18.7	27.5	14.3	13.2	24.2	13.2	20.9	31.9	26.4	13.2	29.7	18.7	18.7	13.2	18.7	28.6	24.2	12.1	25.3	11	14.3	31.9	31.9	16.5	13.2	17.6	18.7	19.8	28.6	33	13.2	31.9	16.5	25.3	23.1	30.8	31.9	18.7	23.1	25.3	29.7	15.4	16.5	23.1	25.3	27.5	17.6	26.4	24.2	23.1	29.7	17.6	12.1	18.7	29.7	17.6	16.5	26.4	27.5	18.7	20.9	25.3	24.2	18.7	29.7	13.2	29.7	16.5	28.6	25.3	17.6	24.2	27.5	14.3	26.4	25.3	12.1	24.2	11	27.5	15.4	20.9	30.8	25.3	24.2	20.9	33	18.7	17.6	20.9	27.5	20.9	15.4	16.5	20.9	19.8	16.5	26.4	17.6	28.6	22	26.4	28.6	15.4	17.6	31.9	33	28.6	17.6	29.7	23.1	19.8	15.4	28.6	30.8	15.4	16.5	11	26.4	13.2	23.1	14.3	30.8	20.9	13.2	27.5	14.3	20.9	14.3	24.2	30.8	25.3	20.9	22	13.2	15.4	24.2	14.3	11	25.3	16.5	27.5	11	12.1	28.6	24.2	19.8	15.4	25.3	30.8	18.7	30.8	33	14.3	28.6	29.7	31.9	22	25.3	20.9	23.1	28.6	27.5	14.3	13.2	12.1	13.2	26.4	14.3	31.9	13.2	17.6	20.9	27.5	16.5	13.2	18.7	33	26.4	26.4	19.8	30.8	25.3	17.6	20.9	15.4	25.3	25.3	33	24.2	29.7	14.3	14.3	29.7	26.4	30.8	29.7	12.1	12.1	13.2	25.3	25.3	11	18.7	19.8	15.4	14.3	13.2	15.4	16.5	19.8	26.4	13.2	18.7	13.2	27.5	17.6	24.2	30.8	11	26.4	13.2	27.5	15.4	16.5	19.8	14.3	28.6	33	14.3	22	22	31.9	31.9	29.7	11	18.7	30.8	28.6	17.6	12.1	27.5	16.5	24.2	12.1	25.3	13.2	28.6	30.8	17.6	18.7	25.3	15.4	31.9	23.1	17.6	27.5	17.6	26.4	18.7	14.3	14.3	14.3	19.8	11	23.1	22	20.9	17.6	14.3	14.3	29.7	27.5	29.7	33	33	11	15.4	28.6	16.5	15.4	28.6	17.6	20.9	18.7	30.8	12.1	33	23.1	11	14.3	29.7	29.7	30.8	29.7	24.2	33	16.5	18.7	23.1	23.1	11	15.4	33	25.3	31.9	19.8	13.2	14.3	17.6	33	14.3	18.7	23.1	31.9	20.9	12.1	12.1	28.6	33	24.2	30.8	24.2	31.9	31.9	20.9	33	17.6	18.7	28.6	15.4	22	30.8	23.1	16.5	28.6	18.7	22	19.8	23.1	20.9	14.3	33	30.8	12.1	29.7	31.9	14.3	
17.6	26.4	19.8	33	22	11	28.6	14.3	28.6	11	30.8	24.2	26.4	15.4	17.6	12.1	24.2	26.4	12.1	16.5	14.3	24.2	20.9	16.5	17.6	29.7	17.6	11	14.3	24.2	
16	18	19	15	10	14	16	18	12	10	20	18	17	13	15	18	13	20	10	17	10	15	14	14	19	15	11	10	10	13	16	10	11	12	15	10	14	15	14	13	11	16	15	20	15	11	12	13	14	12	11	18	13	14	15	20	19	19	13	20	19	17	19	10	12	18	15	15	19	16	16	16	20	16	13	18	13	12	12	12	13	17	14	19	11	19	19	15	12	19	15	19	19	13	11	20	20	20	17	14	15	15	12	13	12	12	19	12	17	10	17	17	10	13	10	13	12	15	17	11	15	15	12	20	18	18	12	11	19	20	19	10	14	18	10	11	13	20	14	12	17	15	14	13	19	16	17	14	18	19	10	19	12	16	15	18	12	12	12	14	14	18	11	10	18	15	11	10	10	17	19	19	17	19	13	13	12	13	15	20	19	12	16	11	13	10	15	19	19	20	18	20	17	10	18	17	19	17	10	14	12	18	20	14	13	13	14	13	19	11	20	14	17	13	11	12	14	18	13	18	18	18	13	19	14	14	14	20	19	12	17	17	17	13	16	13	18	15	11	16	19	12	13	11	12	18	18	10	17	18	17	14	17	20	10	10	20	11	12	13	13	16	14	12	16	13	16	11	15	20	20	20	20	18	10	17	20	18	15	19	12	16	11	19	12	19	10	13	18	15	11	11	15	12	11	11	11	19	15	15	13	13	11	17	13	20	20	18	13	19	14	15	12	18	20	11	16	20	20	10	16	17	20	15	11	10	11	12	19	15	17	14	16	12	11	10	18	19	15	17	17	20	12	18	20	14	19	11	17	20	19	17	19	14	15	20	15	19	19	10	12	17	20	12	19	16	15	12	12	12	11	13	14	17	20	17	12	17	10	12	19	13	10	13	15	16	12	10	15	13	20	10	14	13	11	16	13	16	19	10	10	15	14	14	13	16	13	17	14	12	19	12	16	15	20	16	19	10	19	17	10	12	10	10	11	19	16	15	10	16	19	10	12	19	20	13	10	18	13	18	19	20	15	16	17	18	11	14	13	20	17	17	20	19	16	11	13	19	16	12	15	20	13	11	14	17	15	17	15	20	11	13	13	15	15	13	15	13	20	10	20	15	18	18	13	19	15	10	14	15	14	18	16	15	14	13	19	15	15	13	16	18	14	10	19	19	19	11	10	15	14	11	18	12	11	12	18	16	20	17	19	16	17	16	10	17	14	18	12	16	12	10	11	16	16	20	10	11	12	11	16	14	17	14	15	18	17	18	16	17	18	17	15	13	17	14	18	15	19	15	15	12	16	17	17	14	13	16	11	17	19	16	19	13	16	10	11	13	10	12	11	19	14	12	17	19	13	16	20	19	11	20	20	10	20	20	16	20	12	10	15	20	13	10	13	14	16	20	10	15	10	11	15	20	11	18	11	19	16	13	19	12	16	13	20	10	10	12	18	13	17	10	16	16	19	12	16	12	20	13	20	20	16	14	12	19	12	15	10	20	15	13	14	11	15	18	13	17	15	11	16	17	12	12	14	10	11	15	17	17	14	18	16	19	12	17	20	10	15	11	14	15	15	14	15	17	10	13	11	12	16	11	18	14	11	18	10	14	12	11	14	11	18	17	16	15	16	10	11	14	18	12	19	10	18	11	15	13	11	20	12	17	14	18	16	14	10	15	14	12	12	15	17	12	16	10	20	15	13	13	19	19	15	19	14	15	19	19	14	18	18	12	19	15	11	19	12	10	14	14	19	12	14	18	10	15	16	14	12	20	12	18	14	19	12	15	11	19	11	10	15	19	18	17	13	15	13	20	15	11	14	11	10	18	13	17	11	12	10	14	20	17	18	16	12	17	15	17	11	11	16	20	11	12	11	12	17	14	13	12	14	15	19	16	18	14	15	14	15	14	14	18	13	15	12	19	18	12	14	16	13	13	12	14	15	11	14	17	18	11	16	13	13	20	16	14	16	11	13	16	20	12	14	18	13	15	15	11	13	13	13	17	16	20	15	17	12	19	19	16	16	10	13	11	16	20	11	17	19	18	12	11	12	17	16	14	11	18	20	18	18	20	10	13	17	16	19	16	10	13	13	16	12	16	11	11	17	10	11	19	19	17	13	18	14	14	18	13	18	17	18	18	13	18	18	12	12	12	13	18	11	16	18	17	14	19	13	16	10	16	20	16	18	16	20	16	11	11	15	13	18	20	19	18	20	17	20	19	20	13	14	13	12	17	19	14	16	10	17	13	16	11	15	12	19	15	14	20	16	11	10	18	14	14	11	11	13	17	10	16	
1	1	1	1	1	1	1	1	1	1	1	1	1	1	1	1	1	1	1	1	1	1	1	1	1	1	1	1	2	2	2	2	2	2	2	2	2	2	2	2	2	2	2	2	2	2	2	2	2	2	2	2	2	2	2	2	2	2	2	2	2	3	3	3	3	3	3	3	3	3	3	3	3	3	3	3	3	3	3	3	3	3	3	3	3	3	3	3	3	3	3	3	3	3	3	3	4	4	4	4	4	4	4	4	4	4	4	4	4	4	4	4	4	4	4	4	4	4	4	4	4	4	4	4	5	5	5	5	5	5	5	5	5	5	5	5	5	5	5	5	5	5	5	5	5	5	5	5	6	6	6	6	6	6	6	6	6	6	6	6	6	6	6	6	6	6	6	6	6	6	6	6	6	6	6	6	6	6	6	6	6	6	6	6	7	7	7	7	7	7	7	7	7	7	7	7	7	7	7	7	7	7	7	7	7	7	7	7	7	7	7	7	7	7	7	7	7	7	8	8	8	8	8	8	8	8	8	8	8	8	8	8	8	8	8	8	8	8	8	8	8	8	8	8	8	8	8	8	8	9	9	9	9	9	9	9	9	9	9	9	9	9	9	9	9	9	9	9	9	9	9	9	9	9	9	9	9	10	10	10	10	10	10	10	10	10	10	10	10	10	10	10	10	10	10	10	10	10	10	10	10	10	10	10	10	10	10	11	11	11	11	11	11	11	11	11	11	11	11	11	11	11	11	11	11	11	11	11	11	11	11	11	11	11	11	11	11	11	11	11	11	11	11	11	11	12	12	12	12	12	12	12	12	12	12	12	12	12	12	12	12	12	12	12	12	12	12	12	12	12	12	12	13	13	13	13	13	13	13	13	13	13	13	13	13	13	13	13	13	13	13	13	13	13	13	13	13	13	13	13	13	13	14	14	14	14	14	14	14	14	14	14	14	14	14	14	14	14	14	14	14	14	14	14	14	14	14	14	14	14	14	14	14	15	15	15	15	15	15	15	15	15	15	15	15	15	15	15	15	15	15	15	15	15	15	15	15	15	15	15	15	15	15	15	15	15	15	15	15	15	15	15	15	15	15	15	16	16	16	16	16	16	16	16	16	16	16	16	16	16	16	16	16	16	16	16	16	16	16	16	16	16	16	16	16	16	16	16	16	17	17	17	17	17	17	17	17	17	17	17	17	17	17	17	17	17	17	17	17	17	17	18	18	18	18	18	18	18	18	18	18	18	18	18	18	18	18	18	18	18	18	18	18	18	18	18	18	18	18	18	18	18	18	18	19	19	19	19	19	19	19	19	19	19	19	19	19	19	19	19	19	19	19	19	19	19	19	19	19	19	19	19	19	19	19	20	20	20	20	20	20	20	20	20	20	20	20	20	20	20	20	20	20	20	20	20	20	20	20	20	20	20	20	20	20	20	20	20	20	21	21	21	21	21	21	21	21	21	21	21	21	21	21	21	21	21	21	21	21	21	21	21	21	21	21	21	21	21	21	21	21	21	21	22	22	22	22	22	22	22	22	22	22	22	22	22	22	22	22	22	22	22	22	22	22	22	22	22	22	22	22	22	22	22	22	22	22	22	22	22	22	22	22	22	22	22	22	22	22	22	23	23	23	23	23	23	23	23	23	23	23	23	23	23	23	23	23	23	23	23	23	23	23	23	23	23	23	23	23	23	23	23	23	23	23	23	23	23	23	23	23	23	23	23	23	23	24	24	24	24	24	24	24	24	24	24	24	24	24	24	24	24	24	24	24	24	24	24	24	24	24	24	24	24	24	24	24	24	24	24	24	24	24	25	25	25	25	25	25	25	25	25	25	25	25	25	25	25	25	25	25	25	25	25	25	25	25	25	25	25	25	25	25	25	25	25	25	26	26	26	26	26	26	26	26	26	26	26	26	26	26	26	26	26	26	26	26	26	26	26	26	26	26	26	26	26	26	26	26	26	26	26	26	26	26	26	27	27	27	27	27	27	27	27	27	27	27	27	27	27	27	27	27	27	27	27	27	27	27	27	27	27	27	27	27	27	28	28	28	28	28	28	28	28	28	28	28	28	28	28	28	28	28	28	28	28	28	28	28	28	28	28	28	28	28	28	28	28	29	29	29	29	29	29	29	29	29	29	29	29	29	29	29	29	29	29	29	29	29	29	29	29	29	29	29	29	29	29	29	29	29	29	30	30	30	30	30	30	30	30	30	30	30	30	30	30	30	30	30	30	30	30	30	30	30	30	30	30	30	30	30	30	30	30	30	30	30	30	30	30	
