100
30	6
54	12.1
27	28	29	26	26	29	26	26	28	29	28	28	28	28	28	28	27	28	26	28	26	30	30	31	27	29	31	30	29	31	29	27	26	27	27	29	26	28	29	27	26	29	29	27	29	26	26	27	29	31	30	28	28	28	31	26	30	29	28	30	29	26	30	30	26	27	31	29	31	28	31	31	29	31	27	27	30	29	31	31	26	30	29	29	29	30	26	27	28	29	26	29	29	28	29	26	30	30	26	30	
87	80	83	76	88	93	85	77	85	87	78	86	91	90	79	84	91	78	81	76	82	90	90	83	81	82	89	92	77	93	94	80	81	86	93	89	91	76	77	86	86	86	85	82	86	82	80	93	90	93	77	92	93	81	94	83	87	85	91	79	80	89	92	88	79	82	90	82	83	84	80	83	86	93	82	88	76	86	82	82	86	85	93	90	84	89	93	92	83	92	90	94	90	82	77	82	79	81	94	83	
25.3	15.4	23.1	24.2	27.5	11	16.5	12.1	20.9	16.5	28.6	20.9	19.8	31.9	25.3	24.2	16.5	27.5	27.5	30.8	11	26.4	18.7	26.4	19.8	20.9	31.9	19.8	15.4	27.5	18.7	11	14.3	14.3	19.8	30.8	13.2	20.9	26.4	26.4	15.4	19.8	27.5	22	27.5	15.4	13.2	15.4	27.5	15.4	25.3	19.8	31.9	22	19.8	25.3	24.2	22	31.9	22	13.2	19.8	31.9	28.6	14.3	22	27.5	16.5	29.7	33	20.9	22	26.4	27.5	12.1	33	26.4	18.7	17.6	20.9	18.7	12.1	20.9	26.4	15.4	13.2	26.4	18.7	25.3	15.4	16.5	14.3	12.1	16.5	29.7	11	33	29.7	22	30.8	
13.2	13.2	13.2	14.3	26.4	13.2	25.3	23.1	19.8	18.7	18.7	22	13.2	19.8	30.8	17.6	33	17.6	19.8	16.5	19.8	25.3	28.6	29.7	28.6	12.1	20.9	15.4	28.6	18.7	24.2	16.5	13.2	30.8	15.4	31.9	15.4	28.6	24.2	18.7	26.4	14.3	15.4	33	29.7	28.6	22	28.6	11	23.1	29.7	16.5	24.2	30.8	28.6	14.3	31.9	29.7	30.8	25.3	16.5	22	24.2	19.8	17.6	13.2	11	20.9	15.4	25.3	30.8	30.8	27.5	24.2	24.2	33	26.4	28.6	16.5	28.6	29.7	15.4	15.4	24.2	20.9	18.7	18.7	15.4	33	19.8	23.1	28.6	16.5	15.4	24.2	33	13.2	19.8	11	20.9	
15.4	18.7	31.9	30.8	33	11	30.8	16.5	14.3	31.9	25.3	15.4	30.8	22	15.4	23.1	22	19.8	17.6	30.8	27.5	29.7	13.2	15.4	14.3	13.2	19.8	23.1	11	16.5	
14	16	13	13	11	17	20	10	10	11	14	19	13	20	16	11	19	12	12	20	17	11	12	18	16	20	20	13	11	18	14	19	14	15	18	13	18	16	15	17	10	17	13	11	20	15	17	13	11	19	15	11	19	15	20	16	15	10	10	11	13	20	11	13	15	14	11	20	11	11	16	14	19	19	20	16	13	12	16	11	20	10	12	10	20	10	20	16	12	13	17	18	16	16	14	15	13	13	13	14	
1	2	2	2	2	3	3	3	4	4	5	5	6	6	6	6	6	6	6	7	7	7	7	7	7	7	8	8	8	8	9	9	9	9	9	9	10	10	10	10	10	11	12	12	13	13	13	13	13	13	14	14	14	14	15	15	15	15	17	17	18	18	18	18	19	19	19	19	20	20	20	21	21	22	22	22	23	23	23	24	24	24	25	25	25	25	25	26	27	27	28	28	28	28	28	28	29	29	30	30	
