500
20	2
379	27.5
30	28	26	29	31	30	31	30	28	27	27	29	27	28	28	27	30	29	31	28	30	29	28	28	31	30	30	30	28	31	26	31	28	28	28	26	29	29	28	31	28	27	26	27	27	26	31	29	29	31	31	26	27	29	30	26	26	28	30	31	31	27	28	30	27	29	27	27	27	27	26	30	30	26	29	27	31	30	28	29	28	28	27	30	31	28	29	27	27	29	28	28	29	26	28	30	29	28	29	26	28	31	28	27	26	26	27	28	27	31	29	28	30	27	31	31	28	30	29	30	29	31	28	27	31	29	29	31	28	30	31	27	26	30	31	29	30	29	27	29	28	31	31	27	26	26	30	30	31	30	31	29	30	27	31	31	31	26	29	30	28	27	31	27	29	26	29	30	28	26	30	30	29	26	28	30	31	30	29	30	29	31	27	26	30	31	27	30	27	26	26	31	30	30	31	30	27	26	29	27	27	29	27	29	27	31	29	28	30	26	29	27	29	29	29	31	28	30	27	31	26	27	27	31	26	31	26	30	31	31	30	30	30	27	29	29	26	29	28	26	31	30	27	30	31	31	27	30	31	26	29	29	29	27	29	29	31	31	27	27	26	30	27	28	27	29	30	30	27	30	30	31	28	26	31	29	30	31	30	27	27	31	29	26	30	27	26	29	31	28	30	26	31	30	26	28	28	26	30	30	28	30	27	30	27	28	26	26	26	29	31	28	31	28	30	31	29	31	31	27	30	28	26	26	27	29	31	29	27	29	30	27	29	30	29	26	28	28	30	26	26	28	29	27	30	29	29	29	28	30	31	27	29	26	27	31	28	29	29	27	29	27	30	31	31	30	26	27	29	26	31	31	28	27	28	30	31	28	27	28	31	29	27	31	27	27	27	31	28	31	26	28	29	28	31	30	31	26	29	29	26	27	26	26	29	30	30	30	30	31	28	26	27	27	29	26	29	29	30	31	31	29	31	29	30	26	27	30	29	31	31	26	28	29	31	27	31	27	28	28	30	31	27	27	31	30	30	28	30	31	28	30	29	26	30	29	27	28	30	27	31	28	30	26	27	26	27	29	31	26	29	26	31	28	26	31	31	26	27	31	28	31	26	30	31	28	28	26	26	27	31	28	29	28	26	26	27	31	29	30	
85	79	78	77	82	89	92	76	80	90	81	94	93	92	90	91	84	78	87	88	89	92	83	90	88	91	80	86	83	85	90	83	93	86	91	83	83	91	79	92	91	81	87	85	85	79	77	82	90	76	83	76	92	87	81	83	89	82	81	84	79	83	90	86	81	85	90	83	94	93	92	77	85	89	83	79	84	79	93	78	92	79	84	83	81	87	91	91	85	81	77	76	88	86	80	90	88	92	81	84	78	89	86	81	89	90	93	91	89	84	80	91	81	93	84	86	92	91	76	89	84	93	94	77	79	86	76	76	82	79	93	81	90	87	86	84	94	80	76	78	86	86	80	80	79	78	87	76	85	86	76	83	93	82	88	76	89	78	89	90	82	87	83	82	87	94	85	90	82	88	77	89	89	85	79	89	88	83	88	91	78	83	87	84	90	81	88	84	81	89	85	78	77	94	94	84	92	82	76	87	88	85	87	83	85	87	84	84	92	91	80	80	94	79	91	84	88	90	82	81	89	91	82	84	86	94	92	88	92	84	79	91	93	84	82	79	76	80	94	90	81	79	85	92	80	87	82	86	90	94	78	87	82	82	85	94	93	87	76	89	76	76	85	79	77	77	85	76	82	94	90	87	77	90	79	77	84	94	80	87	90	94	82	92	77	80	84	78	83	94	79	77	91	88	89	92	80	77	82	89	84	77	85	91	92	77	92	88	91	90	81	78	90	93	88	90	85	84	78	90	77	87	84	88	84	88	77	88	93	82	93	88	86	82	83	80	80	89	94	86	83	90	82	76	78	89	92	77	77	84	80	93	87	89	84	90	82	86	89	82	86	92	80	76	88	87	77	81	91	76	84	80	76	85	93	79	89	85	78	80	83	94	84	92	80	93	80	90	90	91	87	78	86	93	94	76	89	92	94	81	84	93	84	87	93	83	88	93	81	87	87	87	92	80	79	89	87	82	76	93	77	85	76	85	80	93	76	78	89	77	79	88	83	84	82	88	92	93	94	82	77	76	88	94	81	92	90	76	78	79	88	76	92	91	76	77	78	87	91	92	92	76	76	77	93	94	90	79	76	92	78	82	87	81	86	91	90	84	86	86	83	83	91	77	93	81	79	76	77	93	91	86	78	94	79	89	79	90	82	78	
28.6	24.2	16.5	13.2	26.4	26.4	12.1	14.3	15.4	30.8	15.4	22	24.2	14.3	20.9	15.4	29.7	27.5	23.1	23.1	25.3	29.7	19.8	14.3	28.6	17.6	14.3	30.8	25.3	26.4	27.5	22	28.6	22	19.8	16.5	28.6	19.8	25.3	18.7	26.4	29.7	22	28.6	17.6	25.3	23.1	33	22	26.4	14.3	19.8	31.9	29.7	19.8	26.4	15.4	15.4	25.3	26.4	27.5	16.5	28.6	28.6	11	19.8	14.3	15.4	19.8	15.4	19.8	22	24.2	33	11	28.6	30.8	18.7	15.4	27.5	19.8	15.4	25.3	25.3	17.6	16.5	18.7	25.3	18.7	12.1	20.9	16.5	18.7	30.8	11	23.1	23.1	27.5	23.1	18.7	28.6	28.6	13.2	23.1	19.8	25.3	28.6	29.7	25.3	26.4	30.8	15.4	26.4	13.2	19.8	28.6	15.4	23.1	14.3	22	27.5	11	30.8	30.8	30.8	25.3	24.2	19.8	26.4	17.6	24.2	27.5	29.7	16.5	23.1	14.3	30.8	20.9	24.2	33	22	23.1	15.4	31.9	27.5	11	31.9	28.6	28.6	29.7	30.8	27.5	16.5	14.3	31.9	31.9	15.4	17.6	29.7	14.3	15.4	30.8	18.7	28.6	22	17.6	26.4	33	12.1	26.4	29.7	24.2	31.9	18.7	17.6	11	25.3	28.6	17.6	23.1	17.6	20.9	22	18.7	28.6	18.7	11	20.9	27.5	30.8	24.2	14.3	11	30.8	30.8	28.6	25.3	22	13.2	17.6	27.5	11	30.8	16.5	11	15.4	14.3	30.8	26.4	29.7	20.9	29.7	29.7	13.2	17.6	28.6	15.4	24.2	15.4	18.7	26.4	13.2	33	18.7	20.9	18.7	11	13.2	19.8	26.4	13.2	26.4	20.9	33	15.4	23.1	29.7	28.6	26.4	18.7	27.5	30.8	19.8	17.6	16.5	22	19.8	15.4	18.7	25.3	19.8	22	15.4	19.8	30.8	14.3	31.9	19.8	11	22	30.8	11	28.6	25.3	31.9	22	17.6	15.4	28.6	24.2	11	33	24.2	23.1	27.5	33	27.5	30.8	24.2	24.2	24.2	27.5	30.8	17.6	24.2	22	13.2	30.8	14.3	25.3	22	31.9	22	14.3	20.9	26.4	23.1	12.1	27.5	27.5	24.2	26.4	19.8	19.8	15.4	19.8	27.5	16.5	27.5	26.4	26.4	31.9	22	15.4	33	17.6	22	19.8	24.2	29.7	30.8	22	12.1	25.3	24.2	28.6	17.6	25.3	16.5	20.9	30.8	20.9	19.8	29.7	33	28.6	23.1	15.4	19.8	27.5	16.5	24.2	23.1	22	15.4	24.2	29.7	28.6	22	12.1	26.4	19.8	28.6	31.9	18.7	31.9	30.8	13.2	29.7	20.9	25.3	13.2	29.7	17.6	12.1	30.8	27.5	14.3	15.4	31.9	17.6	12.1	15.4	25.3	20.9	19.8	26.4	22	18.7	19.8	24.2	17.6	20.9	33	27.5	19.8	15.4	30.8	19.8	18.7	29.7	17.6	28.6	16.5	20.9	19.8	23.1	17.6	28.6	33	31.9	31.9	16.5	16.5	12.1	22	30.8	24.2	27.5	12.1	22	33	23.1	30.8	23.1	28.6	11	12.1	11	24.2	20.9	22	23.1	30.8	14.3	23.1	25.3	22	28.6	17.6	28.6	17.6	28.6	18.7	29.7	27.5	22	20.9	16.5	27.5	30.8	31.9	15.4	33	26.4	15.4	14.3	17.6	30.8	31.9	13.2	12.1	26.4	22	18.7	31.9	19.8	13.2	30.8	24.2	22	28.6	23.1	12.1	12.1	33	25.3	25.3	17.6	14.3	16.5	14.3	31.9	12.1	24.2	29.7	30.8	26.4	20.9	12.1	29.7	14.3	24.2	33	13.2	13.2	26.4	14.3	19.8	23.1	28.6	13.2	26.4	16.5	18.7	20.9	30.8	15.4	16.5	19.8	
33	25.3	25.3	20.9	30.8	27.5	30.8	26.4	18.7	14.3	19.8	11	18.7	19.8	15.4	22	13.2	17.6	17.6	14.3	24.2	16.5	26.4	11	30.8	18.7	26.4	24.2	19.8	16.5	11	33	26.4	24.2	23.1	18.7	15.4	30.8	26.4	23.1	26.4	19.8	26.4	22	22	20.9	19.8	24.2	33	19.8	25.3	11	15.4	25.3	28.6	27.5	16.5	30.8	20.9	12.1	24.2	24.2	17.6	22	19.8	28.6	28.6	20.9	11	25.3	28.6	24.2	30.8	15.4	29.7	26.4	15.4	14.3	33	24.2	15.4	14.3	25.3	17.6	25.3	12.1	11	20.9	29.7	30.8	27.5	16.5	26.4	15.4	15.4	20.9	22	26.4	14.3	30.8	27.5	24.2	16.5	12.1	30.8	18.7	12.1	25.3	15.4	15.4	26.4	16.5	30.8	15.4	20.9	31.9	28.6	18.7	33	22	22	16.5	25.3	31.9	18.7	27.5	31.9	25.3	24.2	16.5	19.8	14.3	25.3	11	27.5	11	28.6	26.4	15.4	23.1	25.3	12.1	24.2	18.7	31.9	29.7	23.1	13.2	19.8	18.7	26.4	14.3	11	30.8	31.9	15.4	33	23.1	12.1	17.6	30.8	27.5	20.9	16.5	24.2	26.4	29.7	26.4	20.9	20.9	33	19.8	27.5	13.2	15.4	28.6	19.8	31.9	14.3	20.9	11	27.5	24.2	22	11	24.2	31.9	16.5	20.9	19.8	12.1	30.8	25.3	28.6	33	33	14.3	11	18.7	18.7	26.4	12.1	16.5	33	29.7	11	26.4	23.1	28.6	20.9	33	28.6	24.2	29.7	24.2	13.2	23.1	25.3	33	31.9	29.7	30.8	30.8	24.2	16.5	11	22	28.6	25.3	33	27.5	14.3	17.6	22	31.9	17.6	16.5	33	18.7	12.1	24.2	25.3	11	19.8	33	12.1	30.8	28.6	27.5	14.3	26.4	28.6	27.5	23.1	27.5	30.8	28.6	16.5	17.6	11	29.7	28.6	17.6	20.9	14.3	11	24.2	28.6	13.2	23.1	33	33	14.3	17.6	24.2	26.4	22	19.8	30.8	15.4	27.5	19.8	22	30.8	33	23.1	20.9	23.1	16.5	23.1	29.7	15.4	28.6	33	17.6	29.7	14.3	25.3	19.8	19.8	28.6	11	13.2	33	23.1	20.9	33	17.6	24.2	28.6	18.7	23.1	18.7	20.9	20.9	23.1	26.4	15.4	11	18.7	28.6	14.3	25.3	23.1	11	29.7	24.2	25.3	11	11	11	12.1	18.7	28.6	28.6	18.7	26.4	25.3	28.6	27.5	16.5	20.9	28.6	31.9	23.1	33	24.2	14.3	29.7	31.9	13.2	27.5	16.5	29.7	28.6	17.6	14.3	15.4	25.3	14.3	18.7	29.7	11	30.8	15.4	27.5	20.9	30.8	15.4	13.2	22	19.8	14.3	11	13.2	14.3	19.8	14.3	20.9	25.3	12.1	17.6	12.1	12.1	13.2	16.5	26.4	20.9	16.5	20.9	31.9	12.1	30.8	31.9	28.6	30.8	16.5	17.6	14.3	33	33	22	27.5	12.1	20.9	17.6	16.5	19.8	27.5	11	22	33	29.7	28.6	12.1	17.6	12.1	11	18.7	28.6	22	25.3	25.3	23.1	14.3	25.3	33	12.1	25.3	29.7	17.6	16.5	13.2	12.1	16.5	29.7	33	19.8	28.6	15.4	12.1	11	26.4	28.6	33	22	33	24.2	11	28.6	15.4	13.2	19.8	13.2	20.9	19.8	25.3	24.2	26.4	13.2	31.9	11	29.7	26.4	25.3	26.4	31.9	19.8	31.9	22	15.4	25.3	18.7	19.8	29.7	22	27.5	11	33	27.5	11	28.6	12.1	15.4	14.3	28.6	14.3	27.5	25.3	19.8	25.3	17.6	26.4	30.8	13.2	19.8	17.6	31.9	22	11	
11	28.6	27.5	12.1	12.1	28.6	26.4	25.3	16.5	30.8	23.1	13.2	12.1	27.5	22	16.5	13.2	26.4	18.7	31.9	
14	11	15	15	19	13	11	17	15	12	15	16	10	11	11	12	14	15	20	15	17	19	11	16	10	18	12	20	11	13	12	15	17	20	16	20	12	16	15	15	14	11	14	12	10	12	16	15	13	14	15	20	17	17	18	10	12	13	12	13	13	19	12	12	16	14	17	18	12	13	16	15	16	13	20	17	11	14	13	16	11	10	14	15	16	17	14	10	10	10	13	15	20	10	16	16	13	17	13	14	19	11	10	16	10	11	11	17	16	17	14	13	10	11	19	17	18	16	18	16	16	14	15	12	14	10	18	16	17	12	14	10	11	19	12	15	19	15	13	12	11	15	16	17	14	16	14	12	15	10	15	15	19	17	18	18	11	17	19	13	14	14	10	18	13	14	19	14	20	12	12	20	17	19	11	11	19	17	13	20	17	11	19	13	11	14	11	11	20	20	15	19	16	16	10	10	20	17	19	10	18	11	11	13	19	17	10	19	19	11	20	16	19	19	17	20	18	19	13	20	18	10	17	15	15	12	18	19	12	12	18	15	11	13	15	14	12	16	16	15	13	14	20	12	12	18	15	10	10	17	18	11	14	17	10	15	20	15	15	16	15	18	16	15	12	15	11	12	10	10	15	13	13	16	12	16	19	15	12	17	15	11	16	13	14	20	12	11	17	13	16	18	17	17	15	14	16	12	12	18	13	10	13	19	11	14	10	14	10	15	15	15	12	12	19	18	10	20	19	19	15	14	17	15	13	17	17	11	18	13	14	16	18	13	17	18	13	13	15	13	18	17	18	20	20	12	14	18	10	18	11	13	12	10	13	16	11	17	11	14	17	15	14	10	20	14	11	20	11	14	17	17	16	16	16	12	18	15	10	20	20	18	10	20	12	10	15	17	18	16	19	15	13	14	14	12	13	19	16	19	16	20	17	16	11	11	11	10	12	17	17	10	18	17	14	14	19	11	20	15	11	16	13	13	11	10	20	19	14	14	14	14	14	15	20	15	16	11	14	15	17	13	16	16	12	10	14	11	19	16	14	20	11	16	15	20	15	18	12	11	18	12	17	10	11	10	19	20	15	19	17	15	17	14	10	10	16	12	17	19	19	11	17	17	11	19	15	12	14	15	11	15	13	13	16	10	18	12	15	14	
1	1	1	1	1	1	1	1	1	1	1	1	1	1	1	1	1	1	1	1	1	1	1	1	1	1	1	1	1	1	1	1	1	2	2	2	2	2	2	2	2	2	2	2	2	2	2	2	2	2	2	2	2	2	2	2	2	2	2	2	2	2	2	2	2	3	3	3	3	3	3	3	3	3	3	3	3	3	3	3	3	3	3	3	3	3	3	3	3	3	3	3	3	3	4	4	4	4	4	4	4	4	4	4	4	4	4	4	4	4	4	4	5	5	5	5	5	5	5	5	5	5	5	5	5	5	5	5	5	5	5	5	5	5	5	5	5	5	5	5	6	6	6	6	6	6	6	6	6	6	6	6	6	6	6	6	6	6	6	6	6	7	7	7	7	7	7	7	7	7	7	7	7	7	7	7	7	7	7	7	7	7	7	8	8	8	8	8	8	8	8	8	8	8	8	8	8	8	8	8	8	8	8	8	8	8	8	8	8	8	8	8	8	8	9	9	9	9	9	9	9	9	9	9	9	9	9	9	9	9	9	9	9	9	9	9	10	10	10	10	10	10	10	10	10	10	10	10	10	10	10	10	10	10	10	10	10	10	10	10	11	11	11	11	11	11	11	11	11	11	11	11	11	11	11	11	11	11	11	11	11	11	11	11	11	11	11	11	11	11	11	11	11	11	11	11	11	11	12	12	12	12	12	12	12	12	12	12	12	12	12	12	12	12	12	12	13	13	13	13	13	13	13	13	13	13	13	13	13	13	13	13	13	13	13	14	14	14	14	14	14	14	14	14	14	14	14	14	14	14	14	14	14	14	14	14	14	14	14	14	14	14	14	14	15	15	15	15	15	15	15	15	15	15	15	15	15	15	15	15	15	15	15	15	15	15	15	16	16	16	16	16	16	16	16	16	16	16	16	16	16	16	16	16	16	16	16	16	16	16	17	17	17	17	17	17	17	17	17	17	17	17	17	17	17	17	17	17	17	17	17	17	17	18	18	18	18	18	18	18	18	18	18	18	18	18	18	18	18	18	18	18	18	18	18	19	19	19	19	19	19	19	19	19	19	19	19	19	19	19	19	20	20	20	20	20	20	20	20	20	20	20	20	20	20	20	20	20	20	20	20	20	20	20	20	20	20	20	20	20	
