500
20	2
410	15.4
27	31	29	27	31	26	30	30	28	28	28	28	31	31	26	27	26	27	29	28	29	26	27	31	28	26	29	27	29	31	26	29	29	26	27	28	27	28	26	27	26	30	29	28	26	29	27	28	31	26	26	28	28	31	29	28	26	29	30	27	28	27	26	27	27	30	26	28	27	29	28	27	31	26	27	31	29	26	30	26	27	27	28	26	27	27	27	26	27	26	31	30	28	31	30	31	29	26	28	29	26	28	27	29	31	30	28	29	27	26	27	29	26	29	31	28	27	30	29	30	31	26	27	31	30	29	26	28	28	28	26	30	31	27	28	27	29	31	31	27	27	26	31	27	29	31	26	28	29	29	26	27	30	27	29	26	28	27	26	26	26	31	27	29	30	26	28	29	28	28	29	26	30	26	30	27	31	29	26	26	28	26	27	27	26	30	29	30	29	30	26	31	30	27	26	29	28	31	30	30	28	28	29	26	30	30	29	29	27	30	31	28	28	31	27	31	31	31	26	28	29	30	29	31	29	26	30	30	27	28	31	30	29	27	27	28	29	31	28	31	29	30	30	29	26	29	28	27	28	31	26	29	31	31	27	29	27	31	31	26	29	30	27	26	31	29	28	29	26	28	30	28	26	29	27	30	31	31	31	28	31	27	29	27	28	29	30	31	31	29	28	30	30	29	31	27	29	26	31	27	27	27	31	26	26	30	28	27	28	26	28	28	30	27	26	31	30	29	26	27	30	30	27	26	28	30	26	27	30	31	30	28	30	31	26	26	27	26	30	28	26	29	27	29	27	28	28	30	27	28	28	27	30	26	26	31	29	26	30	27	31	30	27	31	26	30	27	28	28	29	31	31	27	30	30	27	29	27	30	29	28	29	29	27	29	29	27	27	26	29	29	29	29	31	26	26	30	26	31	30	27	27	31	28	30	28	31	26	27	28	29	30	29	31	26	26	26	29	31	26	27	28	30	31	29	26	30	31	26	28	27	29	27	31	28	30	27	29	27	30	27	27	26	26	27	29	30	28	30	29	27	31	27	31	27	27	31	30	27	29	30	30	29	31	31	31	29	26	28	29	28	29	30	29	31	26	26	29	30	30	26	27	27	31	28	29	31	26	27	29	30	27	28	28	31	27	29	30	26	31	
90	76	83	82	77	82	81	77	81	88	79	91	93	83	84	90	78	94	91	88	83	90	79	84	78	79	78	78	88	80	80	93	79	84	80	77	84	86	91	79	88	85	91	81	80	79	80	94	89	86	77	80	79	81	93	77	82	83	84	77	92	76	86	93	87	93	91	78	89	87	94	93	83	91	86	87	85	81	81	86	78	86	82	86	82	88	80	87	82	82	92	83	89	84	83	94	88	76	77	87	84	82	92	88	83	94	85	84	91	87	90	78	84	88	91	90	85	88	79	93	82	90	90	90	86	82	85	90	85	94	82	80	80	79	90	89	91	83	81	84	77	84	85	79	91	87	83	84	94	78	82	93	88	90	90	89	77	87	90	91	77	89	85	79	89	85	79	90	83	94	76	94	80	94	83	89	94	92	88	90	89	79	77	78	94	93	85	86	92	79	92	90	79	83	89	83	85	88	86	77	78	84	76	91	84	80	84	91	89	85	77	91	87	89	90	91	84	78	79	91	80	86	94	84	80	84	79	91	94	84	80	91	94	82	90	91	84	82	94	92	84	85	90	83	87	85	90	78	79	88	77	92	81	76	89	86	94	84	78	92	86	79	78	78	85	87	81	83	81	81	81	94	85	85	94	87	89	87	80	83	77	80	80	80	88	92	90	83	86	77	81	84	88	88	93	87	85	83	84	82	94	80	88	76	90	78	79	84	78	79	78	86	88	92	81	83	90	76	88	88	76	86	76	92	88	90	88	89	78	93	89	86	77	81	92	79	90	78	88	84	81	83	91	80	89	94	87	89	85	86	78	81	89	82	82	77	79	79	83	78	76	85	89	76	77	81	89	87	82	87	79	89	83	76	93	86	89	94	84	83	79	90	88	92	92	86	93	85	92	86	87	81	84	87	76	83	91	79	94	91	89	77	85	89	94	90	85	93	87	77	76	82	90	89	80	91	94	80	85	86	92	93	92	84	83	82	84	85	88	78	79	93	81	79	92	83	81	86	92	84	91	77	85	92	90	81	79	91	80	84	78	83	89	90	88	82	77	87	82	91	92	90	80	85	85	77	84	83	87	94	93	78	94	88	94	76	93	87	80	92	87	83	82	87	79	85	91	86	84	77	79	87	87	92	87	83	80	83	89	87	
15.4	20.9	23.1	17.6	20.9	13.2	15.4	22	25.3	23.1	16.5	27.5	15.4	11	20.9	13.2	24.2	14.3	17.6	14.3	27.5	33	31.9	13.2	24.2	24.2	30.8	11	20.9	17.6	23.1	33	14.3	28.6	12.1	25.3	28.6	26.4	19.8	18.7	27.5	30.8	13.2	27.5	15.4	13.2	30.8	18.7	16.5	31.9	12.1	11	27.5	26.4	23.1	13.2	24.2	23.1	27.5	12.1	33	27.5	12.1	29.7	30.8	28.6	20.9	15.4	29.7	14.3	28.6	11	22	15.4	28.6	19.8	23.1	29.7	11	31.9	17.6	28.6	25.3	13.2	24.2	24.2	26.4	14.3	24.2	26.4	29.7	27.5	25.3	18.7	30.8	25.3	19.8	27.5	11	14.3	17.6	31.9	19.8	19.8	29.7	29.7	28.6	22	17.6	28.6	12.1	20.9	18.7	13.2	18.7	29.7	15.4	11	33	15.4	33	13.2	28.6	17.6	12.1	33	16.5	22	11	27.5	31.9	28.6	15.4	27.5	20.9	33	19.8	20.9	29.7	23.1	28.6	27.5	29.7	15.4	23.1	33	30.8	14.3	29.7	18.7	18.7	23.1	16.5	17.6	30.8	15.4	27.5	13.2	19.8	16.5	13.2	20.9	11	29.7	26.4	16.5	16.5	31.9	26.4	17.6	26.4	31.9	18.7	30.8	12.1	24.2	12.1	12.1	11	14.3	14.3	33	29.7	27.5	22	12.1	19.8	20.9	30.8	14.3	20.9	14.3	27.5	26.4	17.6	19.8	16.5	15.4	17.6	30.8	26.4	23.1	28.6	15.4	19.8	15.4	25.3	20.9	16.5	30.8	28.6	19.8	18.7	17.6	27.5	23.1	26.4	25.3	23.1	24.2	11	33	18.7	17.6	16.5	23.1	22	24.2	22	17.6	25.3	25.3	11	33	23.1	22	11	17.6	23.1	31.9	26.4	25.3	13.2	28.6	18.7	19.8	17.6	12.1	23.1	27.5	30.8	19.8	22	25.3	27.5	24.2	26.4	12.1	31.9	18.7	16.5	27.5	24.2	33	19.8	16.5	27.5	13.2	30.8	20.9	29.7	11	17.6	18.7	19.8	18.7	11	31.9	20.9	15.4	26.4	25.3	18.7	24.2	13.2	18.7	14.3	13.2	15.4	25.3	33	16.5	16.5	31.9	23.1	22	13.2	26.4	31.9	15.4	23.1	28.6	15.4	11	24.2	22	29.7	22	28.6	27.5	26.4	29.7	31.9	28.6	13.2	28.6	11	12.1	20.9	23.1	16.5	19.8	25.3	33	18.7	18.7	28.6	20.9	29.7	27.5	30.8	28.6	18.7	30.8	13.2	31.9	19.8	18.7	19.8	22	15.4	31.9	14.3	17.6	12.1	11	25.3	23.1	17.6	20.9	19.8	11	31.9	12.1	13.2	30.8	19.8	25.3	24.2	12.1	22	33	17.6	28.6	17.6	25.3	26.4	19.8	29.7	33	31.9	12.1	27.5	25.3	19.8	25.3	16.5	25.3	30.8	28.6	16.5	12.1	33	22	27.5	12.1	14.3	17.6	22	11	29.7	26.4	24.2	20.9	27.5	23.1	16.5	15.4	33	20.9	14.3	31.9	29.7	19.8	22	27.5	18.7	33	25.3	20.9	24.2	16.5	12.1	15.4	25.3	20.9	14.3	33	28.6	23.1	26.4	28.6	25.3	11	25.3	16.5	22	22	15.4	33	33	18.7	19.8	28.6	12.1	11	14.3	17.6	17.6	16.5	15.4	23.1	28.6	31.9	27.5	16.5	31.9	31.9	14.3	29.7	33	13.2	19.8	25.3	26.4	28.6	31.9	20.9	27.5	27.5	28.6	16.5	25.3	17.6	20.9	27.5	19.8	31.9	26.4	17.6	18.7	11	25.3	20.9	16.5	30.8	18.7	19.8	29.7	30.8	22	30.8	14.3	22	29.7	28.6	13.2	28.6	19.8	28.6	17.6	18.7	30.8	19.8	20.9	20.9	14.3	14.3	27.5	18.7	
29.7	24.2	33	29.7	33	12.1	18.7	31.9	11	27.5	14.3	25.3	16.5	31.9	15.4	25.3	25.3	13.2	15.4	26.4	28.6	24.2	22	26.4	30.8	23.1	19.8	27.5	30.8	26.4	28.6	11	18.7	18.7	24.2	13.2	27.5	28.6	23.1	25.3	15.4	24.2	15.4	26.4	20.9	16.5	11	11	26.4	14.3	17.6	17.6	24.2	22	30.8	18.7	15.4	24.2	22	13.2	15.4	27.5	24.2	26.4	30.8	23.1	30.8	14.3	27.5	15.4	25.3	17.6	23.1	30.8	11	28.6	17.6	16.5	31.9	15.4	18.7	25.3	31.9	28.6	24.2	26.4	25.3	25.3	13.2	13.2	26.4	23.1	25.3	14.3	23.1	15.4	14.3	31.9	23.1	22	19.8	31.9	17.6	24.2	18.7	23.1	27.5	18.7	16.5	17.6	11	14.3	31.9	15.4	18.7	18.7	20.9	28.6	20.9	27.5	18.7	15.4	28.6	18.7	24.2	12.1	13.2	14.3	23.1	16.5	13.2	27.5	30.8	18.7	33	19.8	11	27.5	24.2	26.4	25.3	11	31.9	31.9	24.2	30.8	25.3	31.9	23.1	18.7	16.5	29.7	15.4	24.2	19.8	26.4	13.2	13.2	23.1	23.1	29.7	31.9	30.8	12.1	18.7	28.6	14.3	13.2	15.4	11	18.7	25.3	29.7	29.7	15.4	30.8	25.3	25.3	18.7	18.7	23.1	15.4	17.6	23.1	27.5	31.9	31.9	24.2	19.8	23.1	11	24.2	14.3	18.7	24.2	12.1	25.3	15.4	18.7	24.2	22	20.9	22	29.7	12.1	29.7	22	14.3	31.9	20.9	20.9	19.8	17.6	31.9	33	18.7	17.6	14.3	31.9	18.7	26.4	28.6	24.2	19.8	14.3	13.2	19.8	26.4	25.3	33	22	30.8	24.2	16.5	16.5	29.7	18.7	33	18.7	13.2	28.6	16.5	13.2	24.2	25.3	18.7	23.1	27.5	17.6	19.8	20.9	22	30.8	17.6	29.7	14.3	28.6	23.1	12.1	24.2	28.6	15.4	26.4	12.1	11	25.3	33	28.6	13.2	22	18.7	15.4	14.3	23.1	13.2	14.3	29.7	27.5	28.6	29.7	12.1	30.8	31.9	27.5	11	28.6	11	23.1	14.3	12.1	15.4	33	23.1	33	31.9	18.7	33	26.4	29.7	31.9	33	31.9	18.7	33	16.5	15.4	25.3	27.5	18.7	18.7	12.1	23.1	15.4	18.7	23.1	26.4	17.6	20.9	19.8	22	33	20.9	17.6	14.3	16.5	14.3	18.7	14.3	19.8	17.6	29.7	25.3	14.3	29.7	31.9	11	27.5	14.3	20.9	24.2	18.7	22	20.9	23.1	26.4	12.1	26.4	23.1	18.7	16.5	23.1	13.2	17.6	28.6	29.7	26.4	27.5	12.1	30.8	16.5	18.7	33	27.5	29.7	28.6	28.6	31.9	11	12.1	14.3	26.4	12.1	11	13.2	33	26.4	16.5	24.2	25.3	20.9	23.1	23.1	27.5	12.1	19.8	20.9	24.2	15.4	27.5	11	30.8	30.8	19.8	15.4	12.1	24.2	24.2	28.6	17.6	15.4	31.9	11	30.8	17.6	22	16.5	30.8	30.8	33	29.7	26.4	11	20.9	28.6	13.2	18.7	15.4	18.7	17.6	30.8	27.5	11	14.3	26.4	30.8	19.8	22	19.8	31.9	25.3	25.3	16.5	16.5	29.7	28.6	22	22	24.2	27.5	19.8	29.7	26.4	29.7	19.8	12.1	28.6	29.7	25.3	17.6	31.9	18.7	12.1	26.4	31.9	29.7	12.1	25.3	24.2	15.4	18.7	23.1	18.7	19.8	18.7	23.1	33	14.3	14.3	17.6	19.8	24.2	25.3	13.2	12.1	33	14.3	30.8	13.2	12.1	28.6	11	31.9	19.8	14.3	25.3	16.5	14.3	11	15.4	14.3	11	19.8	23.1	29.7	15.4	28.6	19.8	12.1	19.8	26.4	
33	33	33	11	13.2	22	26.4	14.3	19.8	19.8	14.3	24.2	15.4	12.1	11	18.7	25.3	14.3	17.6	11	
20	17	10	11	15	16	11	17	18	18	14	17	17	15	13	10	20	17	20	20	12	15	16	13	11	15	14	14	17	17	14	17	18	19	16	11	11	18	10	13	17	14	13	18	17	19	14	13	20	14	14	14	12	14	11	10	19	20	10	17	15	16	15	13	15	12	16	18	10	17	16	19	14	20	15	12	12	18	14	18	13	11	12	20	19	16	13	19	17	12	19	10	17	11	12	10	14	18	13	14	14	18	11	15	17	18	12	12	11	17	11	19	12	19	19	15	19	13	15	16	20	19	19	20	10	17	20	13	18	19	13	11	14	10	18	20	16	12	10	14	18	14	16	13	19	13	14	11	16	20	10	20	12	12	14	13	16	12	18	12	15	13	16	20	14	19	12	12	18	11	17	10	18	19	14	17	15	11	14	18	10	19	19	11	12	15	13	20	14	19	10	13	10	15	10	17	18	15	12	11	20	19	14	10	12	11	14	15	10	17	16	15	14	14	10	11	11	11	15	18	17	20	18	18	14	19	11	12	11	14	13	14	17	19	17	13	14	19	14	11	15	20	19	14	20	14	13	10	10	14	18	16	20	19	15	14	16	14	19	14	11	16	19	14	12	18	17	18	10	17	17	19	14	12	19	11	15	12	16	16	18	18	17	17	16	12	13	17	12	20	19	12	19	12	17	17	10	16	17	19	12	16	14	17	17	18	18	10	16	13	10	10	20	19	11	13	11	10	17	19	10	13	13	13	16	19	13	14	13	11	12	17	16	15	15	16	14	14	20	10	10	20	17	19	13	18	19	10	15	13	10	14	14	14	17	16	10	13	14	10	19	14	12	16	18	15	12	14	16	15	15	13	13	10	12	13	15	13	10	13	10	10	16	19	13	16	19	20	10	20	16	11	14	16	17	10	18	13	13	17	10	19	15	15	11	17	10	17	12	20	17	20	19	19	18	11	17	15	15	12	16	19	11	15	15	10	19	14	11	14	14	14	16	13	16	11	12	15	10	13	10	19	18	11	12	20	12	16	15	20	10	16	10	19	11	18	20	12	17	12	19	14	19	10	19	18	10	12	11	19	14	12	10	11	11	20	17	10	13	19	14	14	16	18	15	17	17	13	13	14	13	12	18	19	16	11	15	17	12	19	
1	1	1	1	1	1	1	1	1	1	1	1	1	1	1	1	1	1	1	1	1	1	1	1	1	2	2	2	2	2	2	2	2	2	2	2	2	2	2	2	2	2	2	2	2	2	2	2	2	2	2	2	2	2	3	3	3	3	3	3	3	3	3	3	3	3	3	3	3	3	3	3	3	3	3	3	3	3	3	3	3	3	4	4	4	4	4	4	4	4	4	4	4	4	4	4	4	4	4	4	4	4	4	4	5	5	5	5	5	5	5	5	5	5	5	5	5	5	5	5	5	5	5	5	5	5	5	5	5	5	6	6	6	6	6	6	6	6	6	6	6	6	6	6	6	6	6	6	6	6	6	6	6	7	7	7	7	7	7	7	7	7	7	7	7	7	7	7	7	7	7	7	7	7	8	8	8	8	8	8	8	8	8	8	8	8	8	8	8	8	8	8	8	9	9	9	9	9	9	9	9	9	9	9	9	9	9	9	9	9	9	9	9	9	9	9	9	10	10	10	10	10	10	10	10	10	10	10	10	10	10	10	10	10	10	10	10	10	10	10	10	10	10	10	10	10	10	10	11	11	11	11	11	11	11	11	11	11	11	11	11	11	11	11	11	11	11	11	11	11	11	11	11	11	11	11	12	12	12	12	12	12	12	12	12	12	12	12	12	12	12	12	13	13	13	13	13	13	13	13	13	13	13	13	13	13	13	13	13	13	13	13	13	13	13	13	14	14	14	14	14	14	14	14	14	14	14	14	14	14	14	14	14	14	14	15	15	15	15	15	15	15	15	15	15	15	15	15	15	15	15	15	15	15	15	15	15	15	15	15	15	15	15	15	15	15	15	16	16	16	16	16	16	16	16	16	16	16	16	16	16	16	16	16	16	16	16	16	16	16	16	16	16	17	17	17	17	17	17	17	17	17	17	17	17	17	17	17	17	17	17	17	17	17	17	17	17	17	17	17	17	17	17	18	18	18	18	18	18	18	18	18	18	18	18	18	18	18	18	18	18	18	18	18	18	19	19	19	19	19	19	19	19	19	19	19	19	19	19	19	19	19	19	19	19	19	19	20	20	20	20	20	20	20	20	20	20	20	20	20	20	20	20	20	20	20	20	20	20	20	20	20	20	20	20	20	20	20	20	20	
