200
30	7
106	17.6
28	30	31	28	29	31	29	28	30	30	26	28	31	30	31	28	28	26	29	29	31	28	26	28	26	29	29	30	27	30	27	30	26	30	27	26	28	26	26	31	29	29	30	28	26	27	29	26	30	29	26	30	30	31	30	30	27	31	28	28	30	31	31	26	27	28	31	30	27	30	30	27	26	27	27	30	28	28	29	27	31	26	28	27	30	28	31	31	28	26	29	31	30	31	31	27	26	31	28	30	31	28	29	27	28	28	30	28	31	31	31	31	28	30	28	26	27	29	29	31	31	30	26	27	28	27	31	27	27	27	31	29	31	30	30	31	26	30	30	27	27	31	31	27	26	28	29	26	31	27	26	30	27	29	30	31	29	28	31	31	30	28	28	26	31	29	27	31	27	26	27	30	26	28	26	28	26	26	31	29	28	27	31	30	28	27	27	27	28	27	26	26	31	27	27	29	27	30	28	26	
89	78	92	76	84	90	83	86	87	94	77	88	81	77	85	87	92	77	86	81	92	89	80	78	93	91	92	76	82	84	81	77	78	88	88	86	88	94	76	80	85	94	89	77	86	77	90	84	91	83	94	82	82	84	93	85	77	90	89	83	83	89	93	94	85	76	80	88	83	82	90	79	76	88	79	88	93	79	88	88	77	81	88	91	92	77	79	86	90	81	79	89	88	87	91	91	94	89	87	84	76	82	83	79	89	76	78	79	85	88	85	81	94	76	77	80	77	85	79	81	79	77	76	94	84	78	79	89	85	94	83	80	92	89	79	78	89	85	80	77	80	76	82	88	80	89	86	94	77	92	89	78	87	76	86	88	79	82	86	92	90	82	79	76	77	86	80	76	76	87	85	80	78	84	79	84	83	83	79	90	77	94	76	92	91	76	85	86	91	84	87	80	83	77	83	85	77	80	90	90	
30.8	24.2	13.2	33	29.7	15.4	19.8	11	18.7	33	17.6	30.8	20.9	13.2	16.5	20.9	17.6	16.5	29.7	15.4	29.7	14.3	29.7	29.7	12.1	16.5	13.2	23.1	24.2	11	28.6	26.4	26.4	11	17.6	28.6	18.7	15.4	19.8	30.8	24.2	12.1	24.2	20.9	17.6	22	33	19.8	28.6	16.5	11	29.7	23.1	29.7	13.2	17.6	30.8	27.5	26.4	23.1	13.2	16.5	19.8	15.4	28.6	20.9	33	31.9	28.6	30.8	24.2	12.1	19.8	11	11	12.1	15.4	15.4	29.7	20.9	30.8	16.5	26.4	30.8	24.2	27.5	22	26.4	31.9	18.7	30.8	31.9	12.1	30.8	15.4	30.8	31.9	26.4	18.7	16.5	14.3	29.7	14.3	26.4	19.8	30.8	33	30.8	13.2	17.6	15.4	16.5	19.8	27.5	15.4	27.5	22	20.9	25.3	17.6	33	19.8	14.3	27.5	31.9	33	12.1	26.4	30.8	11	16.5	31.9	26.4	28.6	29.7	17.6	30.8	12.1	12.1	29.7	11	14.3	33	25.3	31.9	15.4	28.6	27.5	11	11	16.5	11	33	22	31.9	22	13.2	24.2	31.9	26.4	26.4	11	27.5	29.7	31.9	30.8	12.1	23.1	25.3	25.3	29.7	28.6	26.4	16.5	15.4	11	18.7	18.7	11	20.9	14.3	31.9	15.4	26.4	26.4	17.6	26.4	31.9	28.6	12.1	24.2	29.7	28.6	23.1	30.8	18.7	30.8	27.5	22	19.8	
19.8	11	20.9	28.6	24.2	11	22	27.5	31.9	29.7	25.3	17.6	27.5	11	29.7	20.9	25.3	15.4	15.4	20.9	33	20.9	26.4	27.5	23.1	31.9	33	11	25.3	17.6	17.6	18.7	31.9	17.6	14.3	26.4	23.1	15.4	31.9	27.5	18.7	19.8	13.2	25.3	27.5	27.5	25.3	20.9	12.1	28.6	20.9	17.6	15.4	25.3	24.2	12.1	13.2	13.2	15.4	11	26.4	24.2	16.5	13.2	29.7	28.6	30.8	19.8	30.8	23.1	14.3	33	11	17.6	33	29.7	23.1	33	11	19.8	28.6	24.2	33	16.5	33	12.1	22	28.6	15.4	13.2	18.7	25.3	11	30.8	27.5	17.6	25.3	23.1	29.7	18.7	16.5	23.1	16.5	14.3	27.5	19.8	17.6	33	19.8	19.8	23.1	14.3	26.4	19.8	31.9	29.7	16.5	11	22	20.9	11	27.5	29.7	22	24.2	16.5	13.2	18.7	25.3	13.2	30.8	29.7	22	33	23.1	22	13.2	19.8	11	26.4	24.2	19.8	13.2	25.3	15.4	26.4	31.9	27.5	24.2	14.3	22	20.9	27.5	12.1	19.8	12.1	12.1	30.8	15.4	17.6	17.6	12.1	22	24.2	16.5	20.9	16.5	24.2	33	27.5	23.1	17.6	22	19.8	31.9	18.7	16.5	18.7	25.3	27.5	11	17.6	33	20.9	26.4	27.5	18.7	18.7	19.8	18.7	28.6	12.1	12.1	20.9	28.6	28.6	19.8	24.2	30.8	18.7	
30.8	30.8	26.4	23.1	18.7	29.7	29.7	17.6	14.3	11	33	14.3	22	30.8	14.3	22	25.3	28.6	13.2	28.6	16.5	13.2	28.6	11	29.7	28.6	13.2	26.4	19.8	19.8	
20	11	12	20	19	20	17	14	12	17	10	16	11	10	13	13	19	17	13	15	12	18	13	16	13	17	15	15	20	16	18	16	18	17	17	11	12	10	11	18	17	12	11	17	10	13	12	17	13	18	14	10	10	11	15	13	16	12	12	10	20	18	19	11	18	17	12	15	20	18	10	12	13	15	16	11	18	12	20	18	12	12	19	17	18	20	17	17	10	12	14	19	18	16	15	18	12	20	19	13	12	13	19	15	20	16	16	10	12	12	16	18	13	10	19	12	10	16	14	16	20	17	11	17	12	16	19	19	10	12	14	10	13	19	20	15	13	17	11	14	13	17	18	14	11	19	19	20	10	13	18	18	13	11	18	16	17	10	11	16	18	17	18	10	13	19	13	16	12	19	11	18	15	20	15	15	20	20	19	16	13	12	15	11	18	13	19	12	17	18	12	16	12	10	19	20	13	10	10	17	
1	1	1	1	1	1	1	1	2	2	2	2	2	2	2	2	2	3	3	3	3	3	4	4	4	4	4	4	5	5	5	5	5	5	5	5	5	5	6	6	6	6	7	7	7	7	7	7	7	8	8	8	8	8	8	8	8	8	8	8	9	9	9	9	9	9	10	10	10	10	10	10	10	11	11	11	11	12	12	12	12	12	12	12	12	12	13	13	13	13	13	13	14	14	14	14	14	14	14	14	14	14	15	15	15	15	15	15	15	15	16	16	16	16	17	17	17	17	18	18	18	18	18	18	19	19	19	19	19	20	20	20	20	20	20	20	20	21	21	21	22	22	22	22	22	22	23	23	23	23	23	23	23	23	24	24	24	24	24	24	25	25	25	25	25	26	26	26	26	26	26	26	26	27	27	27	27	27	27	27	27	28	28	28	28	28	28	28	28	28	28	28	29	29	29	29	29	30	30	30	
