400
10	3
628	33
26	28	28	28	29	29	29	29	28	30	29	27	30	29	28	26	26	28	31	27	26	30	30	31	31	27	29	29	28	28	27	29	29	26	28	28	29	30	26	26	27	27	26	29	28	28	28	26	31	29	28	27	28	29	26	29	28	29	29	29	31	31	29	28	31	30	31	31	26	30	29	28	26	30	28	29	31	30	29	30	29	30	27	29	31	27	27	29	29	28	31	30	30	30	27	26	31	31	31	26	31	30	31	29	31	26	28	26	26	30	29	30	31	31	28	29	27	30	31	29	29	30	28	28	27	27	30	26	30	29	29	29	31	31	28	26	28	28	30	31	31	28	31	26	26	29	30	26	27	29	26	31	29	31	30	31	27	27	27	29	29	26	30	27	27	27	30	31	27	28	27	27	27	30	27	27	27	30	26	31	27	31	29	27	31	27	29	26	30	30	28	26	30	29	28	27	31	27	27	29	29	27	26	29	26	31	31	30	31	29	26	28	29	26	26	29	31	30	31	29	26	26	28	28	26	30	31	30	31	28	26	30	26	26	26	28	27	26	31	30	29	26	30	31	27	31	31	27	31	31	27	27	26	31	27	29	31	30	26	27	31	30	27	27	26	28	31	27	31	27	31	26	27	30	28	26	31	31	28	28	26	29	29	28	31	31	26	30	27	31	30	29	28	28	27	27	30	29	27	29	29	29	27	30	29	26	30	29	31	27	28	29	28	26	31	26	26	26	31	31	27	29	28	29	26	27	30	26	27	28	30	29	29	30	29	30	26	30	26	31	26	26	30	29	30	30	31	31	31	30	26	28	31	26	26	31	26	27	29	29	26	31	27	31	29	27	27	31	28	29	31	30	28	31	30	29	30	29	30	30	26	29	27	26	31	30	26	27	27	31	30	27	31	27	29	26	30	30	30	28	
92	84	93	87	83	77	82	92	82	80	85	79	90	94	77	86	89	84	78	86	80	93	79	78	80	82	82	94	78	80	87	85	94	93	88	86	77	85	86	78	94	89	91	86	80	81	80	91	91	90	81	82	77	83	90	94	84	86	79	86	88	78	81	91	78	83	81	81	83	92	81	79	76	91	87	84	82	76	90	91	92	79	77	82	90	78	77	93	77	89	86	94	92	82	87	85	84	86	89	92	76	79	94	80	92	86	89	83	79	78	90	86	76	80	80	80	76	92	76	76	80	84	89	79	80	92	90	92	91	89	90	90	79	93	80	87	82	80	83	77	82	90	78	86	88	80	83	85	80	76	85	87	82	80	85	94	92	85	88	82	85	83	92	84	87	94	77	86	76	89	79	88	82	79	81	86	85	88	82	77	90	82	85	90	78	90	89	77	94	87	87	88	93	83	88	82	87	78	85	82	82	83	93	78	89	81	83	86	77	78	92	91	91	86	78	91	94	87	87	81	93	81	85	92	77	84	90	87	76	87	76	78	79	85	81	82	76	88	88	90	77	82	86	81	81	83	87	89	76	77	84	94	92	81	90	83	93	78	88	93	91	91	87	80	76	92	89	80	88	90	80	87	82	89	89	84	78	82	87	81	94	93	90	92	89	89	78	82	89	83	93	88	84	79	86	79	76	85	76	84	81	84	80	88	91	80	87	90	82	81	86	94	92	85	87	93	90	94	78	87	90	87	84	85	90	90	81	93	92	83	83	78	87	79	88	87	79	94	77	89	90	85	77	81	85	81	76	87	82	91	88	90	90	76	92	94	87	90	80	86	94	82	87	82	78	94	83	89	90	88	82	89	86	78	88	94	93	92	93	87	91	90	81	82	86	86	87	82	85	88	79	77	82	87	89	92	79	82	94	77	
18.7	31.9	19.8	14.3	18.7	18.7	31.9	17.6	26.4	24.2	20.9	24.2	27.5	29.7	33	26.4	11	25.3	11	23.1	24.2	12.1	28.6	24.2	18.7	12.1	30.8	18.7	33	31.9	30.8	18.7	14.3	28.6	15.4	27.5	31.9	11	11	27.5	15.4	24.2	22	15.4	30.8	11	24.2	30.8	30.8	20.9	13.2	29.7	16.5	11	22	23.1	12.1	25.3	15.4	27.5	11	25.3	22	27.5	18.7	27.5	15.4	17.6	14.3	28.6	11	19.8	29.7	16.5	25.3	17.6	14.3	28.6	27.5	15.4	11	11	25.3	18.7	25.3	19.8	13.2	27.5	19.8	15.4	26.4	25.3	27.5	18.7	28.6	17.6	13.2	16.5	20.9	14.3	25.3	29.7	25.3	33	15.4	28.6	12.1	12.1	12.1	29.7	31.9	30.8	11	18.7	11	20.9	18.7	20.9	20.9	25.3	31.9	25.3	14.3	30.8	18.7	12.1	20.9	18.7	13.2	12.1	25.3	29.7	29.7	14.3	29.7	31.9	31.9	23.1	11	12.1	23.1	30.8	12.1	15.4	13.2	13.2	29.7	25.3	31.9	15.4	26.4	23.1	33	12.1	23.1	14.3	25.3	13.2	20.9	28.6	26.4	28.6	28.6	22	29.7	20.9	14.3	28.6	15.4	26.4	18.7	29.7	25.3	29.7	14.3	16.5	15.4	17.6	11	12.1	17.6	29.7	27.5	28.6	15.4	11	17.6	11	20.9	16.5	28.6	29.7	23.1	15.4	26.4	13.2	23.1	27.5	31.9	18.7	19.8	22	31.9	17.6	28.6	25.3	29.7	28.6	14.3	26.4	11	20.9	18.7	14.3	27.5	16.5	31.9	16.5	22	16.5	15.4	30.8	22	26.4	28.6	29.7	24.2	30.8	25.3	22	26.4	29.7	11	13.2	29.7	27.5	14.3	14.3	23.1	30.8	17.6	27.5	19.8	17.6	14.3	31.9	30.8	26.4	25.3	26.4	15.4	12.1	29.7	18.7	24.2	23.1	29.7	22	24.2	28.6	29.7	33	24.2	19.8	20.9	19.8	33	22	27.5	20.9	33	12.1	14.3	17.6	22	20.9	19.8	18.7	20.9	27.5	29.7	31.9	13.2	33	11	18.7	30.8	26.4	27.5	23.1	27.5	31.9	15.4	14.3	15.4	29.7	26.4	16.5	15.4	19.8	15.4	25.3	19.8	29.7	27.5	28.6	15.4	30.8	16.5	18.7	25.3	16.5	24.2	27.5	33	22	19.8	29.7	31.9	33	23.1	16.5	17.6	33	18.7	27.5	30.8	20.9	25.3	26.4	28.6	25.3	29.7	24.2	26.4	26.4	29.7	29.7	28.6	28.6	23.1	29.7	15.4	11	22	22	25.3	15.4	24.2	14.3	14.3	15.4	20.9	31.9	33	13.2	16.5	13.2	11	19.8	11	22	17.6	31.9	33	16.5	11	16.5	17.6	25.3	19.8	22	22	26.4	11	31.9	30.8	19.8	30.8	25.3	27.5	30.8	12.1	13.2	24.2	33	18.7	26.4	13.2	30.8	28.6	11	18.7	23.1	22	14.3	29.7	27.5	11	27.5	
29.7	31.9	20.9	11	14.3	13.2	27.5	19.8	16.5	28.6	27.5	33	20.9	33	11	16.5	24.2	13.2	11	18.7	14.3	13.2	14.3	13.2	12.1	31.9	15.4	30.8	15.4	22	25.3	33	26.4	26.4	20.9	31.9	15.4	30.8	31.9	14.3	30.8	28.6	11	27.5	26.4	31.9	13.2	18.7	31.9	11	16.5	24.2	26.4	14.3	24.2	31.9	19.8	12.1	29.7	16.5	24.2	28.6	16.5	12.1	31.9	14.3	30.8	14.3	25.3	28.6	29.7	20.9	29.7	14.3	30.8	14.3	24.2	16.5	18.7	25.3	33	23.1	12.1	13.2	25.3	33	20.9	17.6	20.9	31.9	13.2	30.8	31.9	20.9	26.4	26.4	24.2	33	18.7	22	11	30.8	12.1	27.5	33	28.6	27.5	26.4	25.3	20.9	27.5	12.1	18.7	29.7	12.1	22	29.7	22	29.7	27.5	18.7	24.2	14.3	20.9	28.6	29.7	11	15.4	29.7	30.8	16.5	31.9	20.9	13.2	14.3	33	11	20.9	33	18.7	23.1	31.9	18.7	28.6	25.3	14.3	23.1	27.5	14.3	19.8	23.1	22	33	31.9	33	29.7	31.9	26.4	15.4	16.5	11	26.4	13.2	22	13.2	30.8	13.2	24.2	19.8	11	16.5	14.3	19.8	23.1	20.9	14.3	14.3	30.8	11	17.6	30.8	12.1	14.3	20.9	16.5	22	11	31.9	20.9	27.5	12.1	27.5	19.8	27.5	28.6	26.4	15.4	18.7	27.5	25.3	11	18.7	19.8	29.7	31.9	13.2	14.3	16.5	17.6	19.8	23.1	23.1	18.7	27.5	25.3	22	20.9	16.5	15.4	29.7	11	16.5	30.8	28.6	25.3	33	16.5	33	33	28.6	24.2	25.3	33	15.4	27.5	23.1	29.7	33	22	23.1	24.2	23.1	17.6	29.7	20.9	30.8	16.5	31.9	16.5	12.1	22	23.1	19.8	22	29.7	31.9	17.6	14.3	16.5	28.6	28.6	15.4	22	29.7	29.7	27.5	13.2	20.9	30.8	17.6	12.1	20.9	29.7	33	27.5	26.4	22	14.3	30.8	17.6	13.2	19.8	23.1	20.9	33	11	11	12.1	30.8	28.6	24.2	24.2	14.3	15.4	14.3	29.7	18.7	24.2	16.5	14.3	14.3	14.3	23.1	27.5	28.6	23.1	11	27.5	31.9	12.1	14.3	18.7	14.3	19.8	24.2	25.3	11	22	16.5	23.1	26.4	20.9	18.7	17.6	12.1	24.2	11	11	16.5	14.3	11	27.5	26.4	15.4	17.6	25.3	31.9	26.4	19.8	29.7	13.2	19.8	27.5	25.3	27.5	11	13.2	16.5	11	29.7	18.7	15.4	11	31.9	17.6	23.1	22	15.4	27.5	14.3	30.8	13.2	28.6	17.6	33	25.3	16.5	27.5	25.3	19.8	13.2	24.2	29.7	12.1	25.3	11	11	13.2	25.3	26.4	17.6	13.2	16.5	14.3	25.3	22	16.5	27.5	11	22	24.2	16.5	17.6	13.2	17.6	29.7	30.8	19.8	19.8	14.3	
33	26.4	17.6	19.8	18.7	23.1	29.7	14.3	24.2	16.5	
14	17	20	19	12	20	10	14	20	12	16	18	12	14	13	17	11	18	13	13	14	12	16	18	13	12	14	13	11	15	10	10	12	17	16	16	15	11	20	13	13	17	16	10	20	11	14	20	13	10	12	16	20	18	17	14	15	14	11	10	10	20	12	14	10	10	16	20	19	13	18	19	10	20	18	14	14	12	19	11	18	16	11	19	14	17	11	12	14	10	16	16	16	13	10	18	12	20	13	15	14	18	12	19	17	12	13	13	19	15	14	18	10	11	18	12	17	10	19	16	18	18	18	19	15	12	19	18	11	19	20	13	14	10	10	19	12	15	20	15	14	11	20	14	14	13	14	16	14	13	14	20	12	15	10	17	15	11	13	15	16	17	15	11	17	15	16	11	19	14	10	18	14	13	13	10	12	16	20	19	16	18	17	14	18	16	19	18	19	13	20	14	15	18	15	10	18	17	14	14	12	20	13	10	20	15	10	20	15	10	19	15	20	18	18	20	13	14	15	16	10	12	20	15	20	16	12	18	19	17	20	16	18	13	17	15	16	13	11	10	19	19	18	17	20	15	17	19	19	13	11	18	15	10	16	17	17	17	18	14	15	16	15	10	14	20	10	16	11	13	11	13	15	18	10	20	14	11	16	19	15	15	16	14	19	11	11	20	14	20	20	15	16	11	14	18	17	12	16	11	13	14	14	16	17	14	12	17	10	13	11	13	13	14	15	12	13	14	16	18	14	12	11	19	15	10	19	19	17	13	18	17	19	20	18	19	20	12	16	11	10	20	11	18	18	18	12	18	19	19	14	19	15	13	17	10	20	16	15	10	12	14	18	14	10	16	17	20	14	14	15	17	19	17	14	17	15	12	14	14	11	19	18	14	20	18	11	12	17	19	18	20	14	16	16	10	10	11	11	13	
1	1	1	1	1	1	1	1	1	1	1	1	1	1	1	1	1	1	1	1	1	1	1	1	1	1	1	1	1	1	1	1	1	1	1	1	1	1	1	1	1	1	1	2	2	2	2	2	2	2	2	2	2	2	2	2	2	2	2	2	2	2	2	2	2	2	2	2	2	2	2	2	2	2	2	2	2	2	2	2	2	2	2	2	2	2	3	3	3	3	3	3	3	3	3	3	3	3	3	3	3	3	3	3	3	3	3	3	3	3	3	3	3	3	3	3	3	3	3	3	3	3	3	3	3	4	4	4	4	4	4	4	4	4	4	4	4	4	4	4	4	4	4	4	4	4	4	4	4	4	4	4	4	4	4	5	5	5	5	5	5	5	5	5	5	5	5	5	5	5	5	5	5	5	5	5	5	5	5	5	5	5	5	5	5	5	5	5	5	5	5	5	5	5	5	5	5	5	5	5	5	6	6	6	6	6	6	6	6	6	6	6	6	6	6	6	6	6	6	6	6	6	6	6	6	6	6	6	6	6	6	6	6	6	6	6	6	6	6	6	6	6	7	7	7	7	7	7	7	7	7	7	7	7	7	7	7	7	7	7	7	7	7	7	7	7	7	7	7	7	7	7	7	7	7	7	7	7	7	7	7	7	7	8	8	8	8	8	8	8	8	8	8	8	8	8	8	8	8	8	8	8	8	8	8	8	8	8	8	8	8	8	8	8	8	8	8	8	8	8	9	9	9	9	9	9	9	9	9	9	9	9	9	9	9	9	9	9	9	9	9	9	9	9	9	9	9	9	9	9	9	9	9	9	9	9	9	9	9	10	10	10	10	10	10	10	10	10	10	10	10	10	10	10	10	10	10	10	10	10	10	10	10	10	10	10	10	10	10	10	10	10	10	10	10	10	10	10	10	10	
