300
20	4
234	18.7
28	28	28	29	31	31	29	31	27	29	26	28	26	29	31	29	26	28	30	29	26	31	31	28	30	27	29	29	30	26	31	29	30	27	31	26	26	29	26	31	30	28	26	29	27	31	30	28	28	30	27	31	29	27	26	26	27	30	29	30	26	31	27	28	29	31	29	31	29	29	28	26	30	28	29	28	31	31	27	30	29	26	31	29	26	28	28	26	28	29	26	28	28	26	27	30	29	28	30	30	30	29	30	26	27	28	26	28	31	30	31	31	30	29	27	26	29	27	29	28	27	31	28	27	28	27	30	27	27	26	31	28	31	29	29	30	30	29	27	26	29	31	30	27	27	28	28	29	26	27	27	30	26	30	29	31	28	29	29	30	28	26	30	27	29	28	30	26	26	31	26	28	28	28	26	27	27	31	30	27	27	26	29	30	31	30	27	27	30	31	31	31	28	28	26	29	26	31	28	27	31	26	26	29	28	27	29	31	30	26	30	28	26	26	27	26	29	30	29	30	26	26	26	30	30	26	31	29	30	30	27	28	26	26	29	26	29	27	26	26	29	29	29	30	27	30	30	27	28	31	30	29	29	28	29	29	27	29	27	29	27	31	27	28	26	30	27	30	30	26	29	31	26	30	26	28	31	26	31	31	31	30	30	31	26	29	30	29	26	30	30	27	26	26	28	28	26	30	31	29	
83	81	79	83	92	85	92	87	93	86	88	88	81	83	87	94	88	76	90	80	94	87	84	89	78	90	90	83	91	76	80	91	92	94	90	90	94	76	82	81	90	92	86	88	88	83	76	93	93	77	84	94	89	93	83	86	87	92	86	93	77	82	84	78	89	78	76	89	83	89	85	76	81	78	79	94	79	87	83	86	83	83	92	83	83	86	79	89	78	80	83	87	83	83	85	83	89	84	78	78	76	80	77	89	79	94	91	81	83	91	91	93	94	85	81	89	86	78	78	79	86	85	83	88	86	88	89	91	94	92	87	76	79	84	82	76	93	84	84	93	79	93	85	93	79	94	82	93	79	88	90	84	94	78	82	88	81	78	83	94	86	93	83	90	85	90	77	92	91	94	89	77	79	83	88	87	91	76	78	80	85	77	78	93	88	77	79	92	76	92	87	78	93	81	93	91	85	81	78	88	87	81	77	78	87	83	82	83	78	85	79	87	79	88	78	83	79	89	83	77	80	87	76	81	93	89	94	94	89	90	90	81	78	85	82	82	81	87	89	87	82	81	86	83	77	93	89	94	76	90	86	76	86	90	83	90	77	77	79	91	85	76	87	79	94	76	90	94	77	80	82	86	84	85	93	82	92	79	90	86	86	76	84	88	80	81	82	93	83	86	81	87	87	87	81	93	88	90	80	92	
14.3	18.7	15.4	17.6	31.9	28.6	18.7	25.3	14.3	30.8	18.7	33	12.1	29.7	24.2	31.9	18.7	11	19.8	28.6	25.3	18.7	15.4	23.1	12.1	15.4	11	29.7	14.3	13.2	11	29.7	33	29.7	17.6	26.4	26.4	25.3	33	14.3	18.7	15.4	19.8	26.4	28.6	23.1	22	29.7	20.9	17.6	31.9	25.3	29.7	24.2	19.8	25.3	22	22	31.9	19.8	33	27.5	27.5	30.8	26.4	30.8	28.6	29.7	31.9	14.3	29.7	20.9	24.2	17.6	16.5	16.5	18.7	15.4	19.8	28.6	13.2	24.2	18.7	23.1	28.6	20.9	18.7	20.9	25.3	33	26.4	24.2	31.9	30.8	13.2	27.5	24.2	20.9	16.5	14.3	23.1	14.3	11	23.1	20.9	22	26.4	31.9	30.8	22	18.7	15.4	18.7	27.5	29.7	27.5	25.3	28.6	28.6	20.9	29.7	16.5	20.9	28.6	14.3	30.8	28.6	17.6	20.9	30.8	18.7	16.5	15.4	19.8	24.2	12.1	26.4	19.8	11	28.6	24.2	27.5	13.2	23.1	22	19.8	17.6	23.1	14.3	33	23.1	17.6	23.1	13.2	27.5	19.8	28.6	16.5	18.7	27.5	17.6	18.7	25.3	18.7	16.5	24.2	30.8	16.5	22	26.4	18.7	13.2	23.1	28.6	29.7	33	17.6	26.4	24.2	22	14.3	30.8	20.9	17.6	18.7	11	13.2	16.5	13.2	24.2	27.5	11	26.4	24.2	24.2	12.1	14.3	30.8	22	16.5	19.8	24.2	23.1	30.8	23.1	17.6	15.4	20.9	13.2	15.4	27.5	29.7	26.4	19.8	14.3	24.2	24.2	12.1	29.7	11	12.1	14.3	11	20.9	24.2	22	30.8	19.8	13.2	15.4	14.3	27.5	17.6	11	15.4	18.7	11	20.9	27.5	16.5	33	29.7	12.1	22	28.6	28.6	19.8	28.6	24.2	33	12.1	19.8	24.2	29.7	30.8	29.7	13.2	13.2	18.7	11	22	33	33	23.1	30.8	18.7	18.7	26.4	22	30.8	24.2	14.3	24.2	31.9	11	19.8	17.6	11	31.9	11	25.3	26.4	19.8	20.9	24.2	17.6	26.4	16.5	23.1	13.2	29.7	14.3	33	19.8	15.4	13.2	27.5	12.1	28.6	22	
29.7	16.5	19.8	28.6	25.3	19.8	26.4	16.5	33	27.5	18.7	23.1	12.1	16.5	11	28.6	28.6	30.8	31.9	26.4	20.9	33	25.3	18.7	11	26.4	25.3	22	19.8	15.4	33	22	29.7	18.7	30.8	22	12.1	29.7	20.9	15.4	27.5	33	19.8	14.3	17.6	19.8	11	18.7	18.7	16.5	18.7	30.8	18.7	33	18.7	33	27.5	15.4	23.1	20.9	33	26.4	14.3	26.4	23.1	25.3	33	18.7	23.1	24.2	22	14.3	23.1	22	29.7	26.4	19.8	27.5	26.4	27.5	22	14.3	12.1	18.7	26.4	13.2	17.6	30.8	11	12.1	11	27.5	27.5	33	30.8	14.3	25.3	12.1	11	31.9	15.4	18.7	24.2	26.4	13.2	13.2	24.2	13.2	27.5	18.7	24.2	28.6	19.8	27.5	14.3	20.9	29.7	31.9	15.4	15.4	16.5	30.8	33	25.3	25.3	16.5	28.6	31.9	15.4	24.2	18.7	25.3	33	26.4	14.3	28.6	19.8	11	17.6	29.7	16.5	27.5	11	17.6	14.3	11	16.5	26.4	33	12.1	29.7	31.9	19.8	20.9	15.4	23.1	27.5	18.7	14.3	17.6	22	13.2	23.1	29.7	12.1	28.6	26.4	16.5	12.1	28.6	22	25.3	17.6	15.4	16.5	25.3	13.2	25.3	16.5	28.6	29.7	24.2	16.5	26.4	17.6	15.4	20.9	31.9	11	25.3	29.7	28.6	16.5	26.4	27.5	15.4	18.7	26.4	28.6	15.4	31.9	14.3	20.9	29.7	31.9	19.8	13.2	30.8	11	12.1	23.1	25.3	28.6	18.7	20.9	18.7	15.4	13.2	22	13.2	27.5	23.1	11	24.2	27.5	18.7	20.9	13.2	16.5	31.9	28.6	27.5	13.2	27.5	22	15.4	15.4	29.7	20.9	24.2	13.2	12.1	28.6	19.8	19.8	27.5	16.5	20.9	25.3	11	30.8	19.8	28.6	11	11	29.7	16.5	33	31.9	33	33	11	16.5	13.2	11	20.9	25.3	23.1	33	11	13.2	16.5	29.7	26.4	24.2	16.5	30.8	26.4	23.1	12.1	11	13.2	22	26.4	12.1	30.8	31.9	17.6	17.6	22	18.7	26.4	13.2	28.6	13.2	17.6	11	22	20.9	27.5	
23.1	17.6	24.2	16.5	30.8	15.4	25.3	11	16.5	24.2	20.9	17.6	18.7	22	23.1	16.5	18.7	20.9	31.9	25.3	
19	10	15	17	19	19	14	18	19	11	10	18	11	19	11	18	13	12	13	16	12	16	14	20	17	13	13	16	14	12	11	15	17	12	16	17	11	12	14	16	20	18	15	14	12	18	15	14	16	14	13	10	19	10	16	13	11	11	15	13	19	15	19	19	14	15	17	15	15	11	12	18	14	18	15	18	16	19	13	12	17	16	14	14	17	20	20	19	11	12	14	13	20	10	20	18	20	20	19	18	15	18	11	10	17	10	10	16	14	14	16	17	13	17	12	10	20	20	15	16	15	13	12	13	14	12	14	17	13	14	19	14	10	10	13	13	12	14	20	14	17	14	18	16	14	16	20	19	10	15	17	12	19	17	17	18	14	11	11	15	19	15	15	15	12	15	20	14	14	12	15	16	18	11	17	20	10	14	15	14	19	16	11	10	17	13	18	12	10	12	10	16	17	12	14	15	12	10	15	16	20	19	16	11	10	19	11	17	12	19	14	10	17	16	17	17	15	15	10	18	10	10	19	13	14	18	17	11	10	19	15	20	12	11	18	11	18	10	16	18	17	16	10	16	18	14	18	17	12	20	17	20	12	18	13	20	13	12	19	12	12	16	18	15	20	19	20	17	11	11	17	12	19	14	18	10	16	10	18	17	18	14	16	14	10	12	10	12	17	18	14	15	10	15	16	20	19	19	20	18	
1	1	1	1	1	1	1	1	1	1	1	1	1	1	1	1	1	1	1	2	2	2	2	2	2	2	2	2	2	2	2	2	2	2	2	2	2	3	3	3	3	3	3	3	3	3	3	3	3	3	3	3	3	4	4	4	4	4	4	4	4	4	4	4	4	4	4	4	5	5	5	5	5	5	5	5	5	5	5	5	5	5	5	6	6	6	6	6	6	6	6	6	6	6	6	6	6	6	6	6	6	7	7	7	7	7	7	7	7	7	7	7	7	7	7	7	8	8	8	8	8	8	8	8	8	8	8	8	9	9	9	9	9	9	9	9	9	9	9	10	10	10	10	10	10	10	10	10	10	10	11	11	11	11	11	11	11	11	11	11	11	11	11	11	11	11	11	11	11	12	12	12	12	12	12	12	12	12	12	12	12	12	13	13	13	13	13	13	13	13	13	13	13	13	13	14	14	14	14	14	14	14	14	14	14	14	15	15	15	15	15	15	15	15	15	15	15	15	15	16	16	16	16	16	16	16	16	16	16	16	16	16	16	16	16	17	17	17	17	17	17	17	17	17	17	17	17	17	18	18	18	18	18	18	18	18	18	18	18	18	18	18	18	18	18	18	18	19	19	19	19	19	19	19	19	19	19	19	19	19	19	19	19	20	20	20	20	20	20	20	20	20	20	20	20	20	20	20	20	20	
