100
20	3
83	19.8
28	29	31	26	31	26	27	30	29	27	27	28	30	27	29	26	29	28	26	29	27	30	29	29	29	27	31	28	31	30	27	31	31	28	31	28	30	26	30	29	27	30	29	27	29	27	26	27	28	29	27	27	27	27	26	28	26	26	28	29	28	30	31	30	26	26	31	28	30	28	28	26	26	29	28	30	31	28	30	26	28	26	30	31	28	27	30	29	27	29	30	26	26	26	29	26	28	26	26	31	
84	85	94	77	86	83	82	88	76	82	88	87	88	91	86	92	80	82	90	93	88	93	91	82	81	90	88	77	86	89	81	93	89	91	78	91	78	92	84	80	86	80	90	87	92	82	77	79	76	90	86	79	87	91	88	81	87	92	78	89	88	91	83	82	82	80	90	76	80	76	89	82	89	91	92	81	93	79	94	81	78	82	87	87	83	79	85	90	92	91	90	80	80	92	88	92	86	85	78	79	
16.5	26.4	14.3	30.8	27.5	20.9	18.7	27.5	12.1	22	33	22	14.3	30.8	30.8	18.7	23.1	20.9	11	22	22	29.7	15.4	31.9	22	14.3	17.6	28.6	24.2	31.9	19.8	23.1	24.2	16.5	11	17.6	24.2	28.6	28.6	15.4	24.2	15.4	20.9	15.4	18.7	18.7	29.7	23.1	12.1	26.4	20.9	33	31.9	14.3	23.1	26.4	33	16.5	25.3	22	26.4	11	31.9	17.6	20.9	31.9	12.1	20.9	17.6	13.2	26.4	23.1	24.2	12.1	28.6	19.8	16.5	15.4	28.6	16.5	14.3	29.7	17.6	31.9	25.3	19.8	17.6	20.9	16.5	12.1	31.9	14.3	14.3	17.6	18.7	27.5	12.1	13.2	26.4	25.3	
20.9	13.2	13.2	26.4	23.1	15.4	31.9	23.1	25.3	14.3	11	12.1	33	28.6	24.2	14.3	20.9	15.4	28.6	22	18.7	14.3	17.6	13.2	24.2	22	29.7	29.7	19.8	33	24.2	25.3	12.1	18.7	26.4	14.3	17.6	20.9	15.4	15.4	18.7	27.5	12.1	20.9	13.2	23.1	19.8	33	11	19.8	18.7	30.8	23.1	31.9	25.3	33	12.1	28.6	25.3	29.7	26.4	24.2	25.3	20.9	33	24.2	23.1	11	31.9	30.8	15.4	27.5	26.4	27.5	12.1	17.6	31.9	18.7	19.8	31.9	15.4	22	20.9	25.3	30.8	27.5	28.6	17.6	14.3	15.4	17.6	22	18.7	27.5	25.3	29.7	26.4	25.3	14.3	11	
13.2	24.2	29.7	33	12.1	15.4	31.9	13.2	14.3	12.1	24.2	17.6	14.3	18.7	12.1	28.6	25.3	29.7	24.2	26.4	
16	20	19	16	13	14	19	13	10	20	16	18	13	17	16	17	10	16	13	11	18	17	15	19	17	16	15	17	19	18	17	13	12	11	13	17	18	13	19	10	17	12	20	10	11	20	18	10	20	11	18	13	14	20	16	12	18	14	10	19	11	14	11	18	17	17	19	13	10	11	16	17	19	13	12	15	10	13	15	17	16	16	16	20	10	10	10	17	20	15	14	17	20	15	12	13	20	16	13	18	
1	1	1	1	1	2	2	2	2	2	2	3	3	3	4	4	4	4	5	5	5	5	5	5	5	6	6	6	6	7	7	7	7	7	7	7	8	8	8	8	8	9	9	9	9	10	10	10	10	10	11	11	11	11	11	11	11	12	12	12	12	12	13	13	13	13	13	13	14	14	14	14	14	14	14	15	15	15	15	15	16	16	16	16	16	17	17	17	18	18	18	18	19	20	20	20	20	20	20	20	
