200
20	2
153	12.1
29	28	29	29	27	28	26	27	29	29	26	28	30	30	26	31	31	29	28	31	30	26	28	30	28	31	29	29	28	30	28	31	29	28	28	29	30	30	27	26	31	31	27	31	30	29	28	31	29	31	26	30	28	29	31	30	27	26	30	28	31	31	31	28	30	26	26	30	30	29	30	31	28	26	27	27	28	28	30	29	28	28	27	29	27	28	28	28	28	26	28	27	30	26	30	28	29	27	27	31	31	28	30	31	27	29	28	30	29	29	31	29	31	28	28	28	29	28	27	28	31	30	28	29	30	29	30	30	29	26	30	31	26	29	26	27	26	31	30	28	26	30	27	26	28	29	30	26	27	29	29	28	30	29	27	28	28	27	30	28	28	28	30	29	31	26	27	26	28	31	29	31	28	26	27	29	31	27	30	29	30	27	30	26	27	27	30	31	27	31	28	29	26	29	27	27	31	30	29	28	
84	84	82	83	84	85	80	86	78	83	77	83	89	80	81	82	92	77	79	93	93	86	79	90	85	93	85	78	91	83	94	81	82	82	78	91	83	89	90	76	83	88	79	86	93	88	90	89	79	78	77	94	92	88	90	82	91	84	85	88	78	80	87	90	79	86	80	86	91	85	93	85	85	76	93	94	82	80	76	84	90	81	91	77	90	76	82	84	78	82	92	82	80	94	93	87	88	86	82	84	94	84	82	78	84	81	94	88	91	85	85	92	88	85	76	77	76	85	94	93	91	80	91	84	84	93	82	81	88	89	87	82	82	92	76	77	87	86	91	81	82	81	91	89	88	77	76	76	78	80	89	84	82	84	94	86	80	78	90	93	88	80	93	86	94	84	78	80	85	76	76	88	83	81	77	86	81	93	76	81	88	88	92	85	90	89	82	93	93	81	78	86	90	91	92	90	77	84	77	92	
23.1	28.6	28.6	27.5	33	24.2	24.2	27.5	28.6	23.1	18.7	12.1	15.4	17.6	29.7	15.4	19.8	24.2	33	13.2	13.2	12.1	18.7	20.9	25.3	20.9	30.8	31.9	27.5	16.5	19.8	33	30.8	23.1	12.1	27.5	25.3	29.7	33	25.3	25.3	30.8	31.9	16.5	20.9	28.6	18.7	20.9	15.4	22	24.2	20.9	14.3	16.5	11	18.7	29.7	33	25.3	31.9	27.5	23.1	15.4	11	22	31.9	26.4	26.4	31.9	31.9	23.1	11	18.7	24.2	23.1	18.7	16.5	17.6	27.5	14.3	33	29.7	14.3	13.2	29.7	19.8	26.4	20.9	15.4	20.9	24.2	12.1	17.6	28.6	31.9	15.4	18.7	33	20.9	30.8	17.6	29.7	14.3	16.5	28.6	27.5	31.9	12.1	14.3	28.6	15.4	13.2	25.3	20.9	29.7	22	17.6	26.4	33	12.1	12.1	12.1	26.4	19.8	14.3	16.5	26.4	24.2	30.8	13.2	18.7	33	23.1	31.9	28.6	11	22	25.3	17.6	30.8	23.1	16.5	20.9	16.5	26.4	23.1	24.2	13.2	22	20.9	24.2	17.6	30.8	33	13.2	29.7	15.4	18.7	19.8	15.4	17.6	25.3	15.4	28.6	15.4	20.9	17.6	24.2	12.1	11	27.5	19.8	22	11	25.3	23.1	25.3	15.4	15.4	15.4	24.2	13.2	26.4	28.6	19.8	28.6	17.6	22	17.6	17.6	16.5	19.8	25.3	14.3	28.6	24.2	29.7	28.6	31.9	12.1	
20.9	25.3	22	13.2	23.1	33	17.6	24.2	16.5	20.9	12.1	30.8	18.7	18.7	30.8	26.4	20.9	31.9	14.3	19.8	31.9	19.8	30.8	18.7	27.5	12.1	26.4	13.2	29.7	27.5	27.5	14.3	14.3	15.4	29.7	33	29.7	16.5	26.4	28.6	26.4	27.5	31.9	27.5	33	30.8	17.6	28.6	11	20.9	15.4	22	13.2	28.6	13.2	11	12.1	25.3	23.1	17.6	27.5	14.3	11	30.8	30.8	18.7	33	19.8	29.7	17.6	19.8	31.9	12.1	23.1	18.7	20.9	20.9	24.2	22	23.1	18.7	14.3	31.9	28.6	22	31.9	24.2	20.9	31.9	27.5	20.9	12.1	12.1	23.1	30.8	15.4	33	17.6	26.4	20.9	28.6	25.3	17.6	14.3	29.7	20.9	25.3	27.5	22	24.2	13.2	27.5	22	24.2	26.4	27.5	30.8	17.6	18.7	31.9	27.5	20.9	14.3	26.4	33	28.6	25.3	11	22	26.4	15.4	26.4	26.4	14.3	15.4	19.8	17.6	28.6	24.2	18.7	20.9	22	23.1	17.6	23.1	22	29.7	25.3	14.3	31.9	18.7	22	20.9	11	24.2	31.9	33	25.3	18.7	12.1	22	28.6	16.5	25.3	20.9	14.3	24.2	23.1	13.2	19.8	11	25.3	15.4	24.2	31.9	25.3	13.2	30.8	25.3	24.2	16.5	25.3	25.3	27.5	30.8	22	13.2	33	16.5	25.3	18.7	28.6	19.8	12.1	16.5	15.4	27.5	23.1	33	20.9	
28.6	18.7	30.8	12.1	20.9	14.3	26.4	31.9	29.7	28.6	11	16.5	22	28.6	19.8	18.7	25.3	18.7	11	15.4	
16	12	20	11	14	19	11	15	11	14	10	12	19	20	18	19	14	19	18	19	11	12	13	18	11	11	11	13	12	18	15	15	18	12	14	12	11	16	13	20	16	12	14	16	16	13	19	12	12	19	11	10	19	20	18	16	12	13	16	11	14	15	14	19	11	20	12	13	11	19	19	15	11	20	19	17	14	17	12	14	16	15	17	14	11	20	19	13	20	13	12	16	19	12	16	18	20	13	11	17	17	20	13	10	15	17	17	12	12	16	17	18	18	13	15	13	13	12	20	20	10	14	14	11	13	15	11	17	16	18	13	17	15	15	12	16	12	13	10	19	18	11	12	18	18	19	15	18	13	10	17	16	13	14	11	20	18	20	12	11	20	19	11	15	10	13	16	20	19	11	10	13	11	15	11	19	14	14	12	12	10	13	13	19	13	19	19	11	17	13	10	17	17	10	15	15	19	16	12	12	
1	1	1	1	1	1	1	1	1	1	2	2	2	2	2	2	2	2	2	2	2	3	3	3	3	3	3	3	4	4	4	4	4	4	4	4	4	4	5	5	5	5	5	5	5	5	5	5	5	5	6	6	6	6	6	6	7	7	7	7	7	7	7	7	7	7	8	8	8	8	8	8	8	8	8	8	8	9	9	9	9	9	9	9	10	10	10	10	10	10	10	10	10	10	11	11	11	11	11	11	11	11	11	12	12	12	12	12	12	12	12	12	12	12	12	12	13	13	13	13	13	13	13	13	13	13	13	13	14	14	14	14	14	14	14	15	15	15	15	15	15	15	16	16	16	16	16	16	16	16	16	16	16	16	16	16	16	17	17	17	17	17	17	17	17	17	17	18	18	18	18	18	18	18	18	18	18	18	18	19	19	19	19	19	19	19	19	19	19	19	20	20	20	20	20	20	20	20	20	20	
