100
10	2
159	29.7
29	29	28	26	28	28	27	28	27	26	27	31	26	29	26	26	30	29	28	28	26	31	30	27	27	27	27	30	31	28	30	27	29	30	30	28	30	31	28	29	27	28	26	27	29	31	29	29	28	27	31	30	27	30	27	26	29	28	26	26	31	27	30	27	27	29	29	28	28	31	29	30	29	31	29	30	28	28	31	28	29	28	30	30	28	28	26	30	29	29	31	28	30	31	29	31	26	30	27	28	
77	78	90	91	94	89	86	84	92	87	87	91	80	86	78	79	76	80	91	81	79	92	88	85	83	82	94	76	83	88	94	88	80	79	92	90	84	79	83	90	93	79	86	81	91	77	83	80	81	87	87	86	84	84	92	81	89	94	85	79	83	85	79	93	81	89	81	87	84	91	76	91	79	88	77	93	94	93	94	91	84	80	91	76	79	82	82	78	81	94	81	91	94	76	82	84	79	93	84	81	
14.3	29.7	14.3	22	11	16.5	20.9	18.7	23.1	12.1	12.1	22	28.6	31.9	13.2	30.8	11	24.2	31.9	26.4	14.3	24.2	24.2	24.2	28.6	17.6	16.5	30.8	22	12.1	20.9	12.1	16.5	15.4	25.3	18.7	33	12.1	13.2	11	11	15.4	30.8	13.2	24.2	19.8	19.8	30.8	19.8	15.4	24.2	15.4	28.6	27.5	13.2	31.9	29.7	18.7	31.9	25.3	12.1	24.2	12.1	28.6	22	31.9	30.8	17.6	12.1	24.2	12.1	31.9	26.4	13.2	33	14.3	12.1	26.4	17.6	23.1	19.8	17.6	19.8	15.4	12.1	14.3	22	26.4	26.4	17.6	14.3	23.1	25.3	12.1	16.5	31.9	25.3	20.9	20.9	17.6	
16.5	23.1	12.1	28.6	22	15.4	22	27.5	23.1	19.8	13.2	11	22	25.3	14.3	28.6	27.5	27.5	29.7	26.4	14.3	11	16.5	16.5	28.6	30.8	20.9	13.2	20.9	26.4	11	13.2	33	22	16.5	24.2	22	15.4	13.2	19.8	28.6	19.8	30.8	13.2	18.7	31.9	17.6	25.3	25.3	24.2	29.7	30.8	25.3	30.8	29.7	28.6	14.3	27.5	17.6	13.2	27.5	31.9	19.8	13.2	31.9	31.9	12.1	17.6	26.4	25.3	26.4	15.4	30.8	30.8	26.4	20.9	15.4	13.2	28.6	20.9	22	24.2	28.6	33	33	19.8	19.8	13.2	22	19.8	28.6	12.1	17.6	14.3	16.5	31.9	22	31.9	11	25.3	
27.5	23.1	29.7	33	28.6	26.4	19.8	16.5	13.2	23.1	
18	19	10	12	13	12	14	11	13	13	19	11	11	14	15	19	19	17	17	11	11	20	13	14	17	14	18	14	12	10	13	16	14	10	15	17	18	11	13	20	20	18	13	13	16	12	18	20	16	14	13	20	12	12	20	14	18	17	17	17	15	12	16	20	15	17	14	13	12	18	19	10	15	14	17	20	14	19	18	15	11	11	18	10	12	12	10	15	15	16	16	20	19	20	11	13	10	17	16	20	
1	1	1	1	1	1	1	2	2	2	2	2	2	2	2	2	2	3	3	3	3	3	3	3	3	3	4	4	4	4	4	4	4	4	5	5	5	5	5	5	6	6	6	6	6	6	6	6	6	6	6	6	7	7	7	7	7	7	7	7	7	7	8	8	8	8	8	8	8	8	9	9	9	9	9	9	9	9	9	9	9	10	10	10	10	10	10	10	10	10	10	10	10	10	10	10	10	10	10	10	
