100
30	6
57	20.9
30	28	28	31	28	30	28	29	26	28	30	30	26	26	28	29	31	31	31	31	27	27	27	26	26	29	31	30	26	27	27	30	29	31	29	29	26	26	30	30	26	31	27	28	31	30	28	27	28	31	30	31	31	29	26	27	27	27	26	27	29	28	29	29	26	27	29	26	28	31	26	31	28	29	26	29	28	29	30	29	31	30	28	27	26	31	28	30	30	27	26	29	27	30	30	26	28	28	30	28	
84	92	94	89	94	92	92	77	94	82	81	79	78	89	80	92	89	85	92	78	89	81	86	86	79	93	92	76	89	88	76	79	90	90	82	90	87	79	86	90	86	86	82	94	77	76	92	93	77	84	80	81	78	89	84	82	78	90	89	85	94	80	94	80	90	81	84	76	76	76	88	94	89	80	93	82	80	91	83	81	80	92	93	88	90	79	81	85	92	87	94	77	87	82	94	85	79	88	90	84	
28.6	31.9	12.1	24.2	12.1	24.2	28.6	30.8	22	20.9	25.3	25.3	33	12.1	18.7	24.2	15.4	16.5	16.5	11	12.1	24.2	18.7	30.8	19.8	18.7	26.4	15.4	28.6	15.4	23.1	15.4	14.3	16.5	33	30.8	13.2	16.5	20.9	14.3	26.4	26.4	26.4	14.3	24.2	22	14.3	16.5	22	24.2	31.9	18.7	28.6	28.6	14.3	16.5	17.6	16.5	11	12.1	14.3	29.7	15.4	23.1	15.4	28.6	12.1	31.9	29.7	31.9	11	23.1	16.5	31.9	23.1	29.7	30.8	18.7	27.5	27.5	18.7	31.9	15.4	29.7	33	25.3	13.2	19.8	33	24.2	24.2	12.1	28.6	16.5	18.7	12.1	19.8	27.5	30.8	16.5	
25.3	12.1	26.4	31.9	12.1	12.1	29.7	18.7	28.6	16.5	11	11	13.2	12.1	28.6	17.6	18.7	33	11	11	26.4	13.2	20.9	28.6	29.7	16.5	27.5	31.9	25.3	19.8	15.4	13.2	14.3	13.2	14.3	33	13.2	18.7	20.9	19.8	13.2	19.8	28.6	26.4	18.7	16.5	18.7	13.2	13.2	18.7	22	14.3	13.2	18.7	25.3	17.6	27.5	31.9	29.7	24.2	27.5	14.3	18.7	23.1	31.9	30.8	22	22	18.7	15.4	19.8	24.2	18.7	26.4	27.5	29.7	20.9	33	13.2	18.7	17.6	30.8	15.4	15.4	17.6	13.2	15.4	31.9	17.6	27.5	22	22	31.9	20.9	14.3	28.6	26.4	31.9	22	26.4	
22	19.8	29.7	26.4	27.5	22	28.6	12.1	17.6	20.9	13.2	11	13.2	16.5	31.9	16.5	27.5	13.2	12.1	22	20.9	16.5	31.9	19.8	26.4	16.5	19.8	24.2	17.6	11	
10	11	14	15	15	17	17	11	16	19	16	14	17	14	15	13	16	14	20	15	10	11	16	11	12	11	10	11	14	15	20	19	13	14	13	20	11	18	20	10	12	17	13	14	20	14	12	20	19	12	18	20	13	16	10	18	17	19	18	13	12	17	13	13	12	16	12	11	17	19	11	10	16	18	13	19	19	15	17	16	18	20	10	16	12	19	17	16	12	15	12	19	18	20	12	17	10	20	15	14	
1	1	1	1	1	1	1	1	1	2	2	2	3	3	3	3	3	3	3	4	5	5	5	5	6	6	6	6	6	7	7	7	8	8	9	9	9	9	9	9	9	9	10	10	11	11	12	12	12	12	12	13	13	13	13	14	14	15	15	15	15	16	16	16	17	17	18	18	18	19	19	20	20	20	20	20	21	21	22	23	24	24	25	25	25	25	25	25	25	26	26	26	26	27	27	27	28	28	29	30	
