300
30	4
164	30.8
31	29	27	28	31	31	31	28	27	30	29	31	29	26	30	31	27	30	31	26	30	26	27	29	30	28	30	30	31	29	31	30	30	29	28	31	28	31	27	26	30	29	26	29	27	28	26	30	26	29	28	28	28	28	30	29	30	27	28	30	28	28	28	28	28	30	26	30	29	29	29	29	29	30	26	27	29	26	26	27	28	27	26	31	26	26	28	31	26	28	26	28	27	28	28	28	27	27	26	30	29	26	29	30	28	31	31	27	27	31	31	30	31	31	29	26	31	28	28	29	29	27	28	31	31	27	27	30	29	29	28	31	27	30	26	30	30	30	31	26	27	27	29	26	27	30	31	30	26	29	31	26	26	28	27	31	28	28	29	30	26	27	28	31	28	27	30	28	30	29	29	31	28	30	26	31	28	28	26	26	31	27	26	27	26	28	30	26	29	31	26	26	31	31	30	27	27	29	30	29	27	30	29	29	30	26	28	31	30	27	28	31	29	31	31	30	28	27	27	28	30	30	27	26	30	31	28	28	26	26	28	29	29	26	29	30	27	31	27	27	26	29	26	27	27	27	29	30	29	30	26	30	26	31	30	29	29	29	27	28	31	26	29	30	26	31	29	27	27	30	29	31	30	30	29	30	28	26	28	29	29	29	28	26	31	29	30	27	28	28	28	27	28	30	27	27	29	26	30	27	
92	83	77	77	88	86	91	79	83	77	77	90	81	83	94	93	82	87	78	85	93	91	91	88	89	81	80	82	91	77	85	84	90	82	80	89	77	80	85	86	89	79	80	88	80	78	82	93	93	82	89	79	90	76	93	88	79	77	83	90	84	89	81	78	86	89	79	83	84	93	79	88	77	94	86	77	83	93	90	85	85	86	83	87	90	79	78	91	78	94	83	83	83	86	86	84	81	86	88	93	89	93	90	93	84	83	93	77	79	82	93	87	80	82	93	79	84	78	77	90	81	79	79	86	82	89	85	94	78	80	94	90	91	94	90	86	82	76	88	91	84	93	92	89	88	88	91	80	86	76	82	84	86	79	91	76	82	88	89	88	79	79	86	83	94	91	93	84	87	77	90	90	88	86	86	91	85	93	85	91	76	90	77	91	82	80	84	91	85	76	88	90	82	90	91	88	76	90	91	86	78	86	93	76	86	78	87	84	77	94	81	84	82	84	90	89	92	80	93	77	94	93	94	86	79	78	82	80	78	77	87	91	87	76	83	89	93	85	77	85	89	88	90	84	76	87	89	76	92	90	89	81	87	88	84	76	82	91	87	82	76	80	79	80	80	79	78	77	91	86	90	85	81	81	90	83	81	77	77	93	93	85	79	88	80	90	78	82	93	80	90	85	80	90	90	82	88	80	90	87	
14.3	31.9	18.7	33	23.1	22	12.1	27.5	20.9	11	20.9	16.5	20.9	23.1	18.7	14.3	19.8	20.9	15.4	18.7	24.2	31.9	25.3	23.1	18.7	19.8	20.9	16.5	29.7	24.2	16.5	13.2	30.8	20.9	13.2	25.3	14.3	12.1	25.3	22	15.4	13.2	17.6	13.2	26.4	27.5	12.1	19.8	18.7	31.9	25.3	22	33	24.2	11	26.4	31.9	26.4	27.5	33	12.1	33	14.3	16.5	12.1	29.7	11	26.4	18.7	15.4	30.8	33	31.9	20.9	20.9	18.7	20.9	26.4	15.4	24.2	26.4	27.5	30.8	25.3	29.7	28.6	33	23.1	30.8	11	25.3	11	15.4	33	33	17.6	24.2	25.3	14.3	22	19.8	20.9	11	17.6	22	17.6	16.5	26.4	27.5	25.3	13.2	19.8	23.1	17.6	26.4	16.5	28.6	16.5	13.2	30.8	26.4	19.8	25.3	23.1	18.7	16.5	19.8	19.8	18.7	30.8	20.9	19.8	23.1	13.2	27.5	15.4	23.1	31.9	11	25.3	11	12.1	30.8	16.5	11	11	20.9	18.7	31.9	18.7	18.7	30.8	18.7	19.8	25.3	27.5	20.9	26.4	12.1	29.7	15.4	27.5	14.3	19.8	19.8	25.3	12.1	15.4	18.7	24.2	17.6	17.6	26.4	22	19.8	12.1	30.8	33	14.3	26.4	14.3	16.5	20.9	15.4	22	19.8	25.3	17.6	16.5	11	22	14.3	12.1	31.9	27.5	15.4	31.9	15.4	25.3	12.1	14.3	24.2	19.8	12.1	27.5	11	13.2	13.2	18.7	13.2	19.8	28.6	28.6	19.8	19.8	27.5	30.8	27.5	20.9	17.6	30.8	31.9	25.3	23.1	33	14.3	17.6	14.3	20.9	22	12.1	27.5	27.5	28.6	26.4	31.9	30.8	33	15.4	31.9	29.7	14.3	17.6	17.6	33	33	23.1	31.9	23.1	20.9	14.3	16.5	11	17.6	25.3	11	33	19.8	27.5	28.6	29.7	13.2	30.8	25.3	33	12.1	11	29.7	13.2	11	31.9	31.9	17.6	12.1	17.6	11	15.4	25.3	20.9	14.3	29.7	25.3	15.4	33	19.8	19.8	27.5	31.9	31.9	20.9	11	11	12.1	17.6	31.9	12.1	15.4	33	29.7	31.9	
29.7	27.5	26.4	12.1	14.3	12.1	30.8	14.3	13.2	24.2	14.3	17.6	33	25.3	31.9	18.7	24.2	13.2	25.3	22	12.1	28.6	16.5	11	24.2	31.9	20.9	12.1	23.1	26.4	18.7	20.9	20.9	24.2	18.7	31.9	19.8	20.9	20.9	14.3	27.5	19.8	28.6	19.8	14.3	26.4	17.6	14.3	16.5	16.5	20.9	27.5	23.1	22	29.7	25.3	25.3	17.6	16.5	24.2	20.9	20.9	12.1	29.7	26.4	22	25.3	18.7	24.2	29.7	19.8	20.9	25.3	12.1	15.4	33	13.2	25.3	25.3	29.7	16.5	19.8	30.8	11	27.5	12.1	19.8	18.7	25.3	14.3	23.1	11	13.2	18.7	23.1	33	20.9	16.5	26.4	33	24.2	11	26.4	20.9	23.1	13.2	19.8	13.2	31.9	22	30.8	17.6	23.1	22	23.1	26.4	15.4	11	27.5	17.6	12.1	13.2	22	12.1	30.8	13.2	15.4	17.6	23.1	18.7	28.6	29.7	31.9	16.5	18.7	17.6	12.1	30.8	27.5	28.6	25.3	14.3	18.7	30.8	15.4	18.7	16.5	25.3	12.1	28.6	17.6	19.8	33	30.8	18.7	17.6	19.8	18.7	19.8	28.6	23.1	14.3	12.1	28.6	14.3	17.6	33	11	11	12.1	25.3	22	22	17.6	25.3	22	20.9	19.8	18.7	29.7	30.8	11	26.4	12.1	25.3	25.3	24.2	24.2	12.1	24.2	26.4	26.4	20.9	19.8	13.2	30.8	28.6	26.4	14.3	13.2	33	17.6	16.5	15.4	33	31.9	12.1	33	29.7	14.3	15.4	33	13.2	31.9	19.8	29.7	23.1	31.9	25.3	12.1	26.4	30.8	13.2	12.1	29.7	33	23.1	24.2	22	30.8	29.7	17.6	19.8	29.7	30.8	13.2	16.5	33	30.8	15.4	19.8	15.4	27.5	28.6	30.8	19.8	30.8	31.9	11	19.8	25.3	27.5	20.9	26.4	12.1	31.9	19.8	11	33	22	25.3	19.8	16.5	11	16.5	16.5	12.1	16.5	25.3	23.1	13.2	22	12.1	29.7	25.3	30.8	14.3	16.5	23.1	31.9	30.8	20.9	22	13.2	19.8	16.5	22	18.7	18.7	28.6	25.3	16.5	19.8	27.5	30.8	31.9	18.7	28.6	28.6	22	
12.1	31.9	11	23.1	29.7	28.6	16.5	12.1	33	15.4	31.9	13.2	31.9	16.5	14.3	24.2	23.1	28.6	29.7	17.6	13.2	23.1	19.8	23.1	24.2	23.1	17.6	13.2	13.2	14.3	
17	10	12	15	16	11	18	16	20	10	15	19	14	19	10	19	18	14	12	15	19	11	13	11	20	14	20	19	19	19	12	14	18	13	19	16	15	20	18	19	14	10	16	12	10	15	17	14	17	16	13	16	17	11	11	20	19	15	20	19	12	18	15	13	18	14	14	18	12	18	19	13	11	18	14	13	16	14	11	14	19	20	12	19	15	12	20	19	19	20	18	15	14	17	18	15	10	18	13	18	19	19	16	14	10	13	19	15	12	19	10	15	18	11	11	10	13	19	11	12	20	13	20	16	10	11	13	16	17	12	10	12	19	15	20	16	16	17	13	15	17	19	20	10	14	12	11	13	10	10	17	13	17	18	19	19	16	15	20	16	19	10	14	18	19	14	10	13	13	18	13	11	12	17	17	18	11	17	11	13	14	16	17	13	18	13	16	17	20	10	20	13	17	12	13	20	15	19	16	16	14	18	20	13	14	16	14	14	12	12	19	12	15	17	10	10	15	13	11	12	17	11	16	19	19	10	16	16	19	18	13	18	18	17	18	13	11	17	13	16	11	15	16	19	10	14	10	20	13	16	13	10	17	13	18	15	18	12	10	18	10	20	11	20	10	12	16	16	14	20	17	15	12	13	15	12	10	12	12	18	14	12	12	13	12	19	15	15	18	10	18	15	18	14	10	19	12	20	12	18	
1	1	1	1	1	1	1	1	2	2	2	2	2	2	2	2	2	2	2	2	3	3	3	3	3	3	3	3	3	3	4	4	4	4	4	4	4	4	4	4	4	4	5	5	5	5	5	6	6	6	6	6	6	6	6	6	6	6	7	7	7	7	7	7	7	7	7	8	8	8	8	8	8	8	8	8	8	8	8	9	9	9	9	9	9	9	9	9	10	10	10	10	10	10	10	10	10	11	11	11	11	11	11	11	11	11	12	12	12	12	12	12	12	12	12	12	12	12	12	12	12	12	13	13	13	13	13	13	13	13	13	13	14	14	14	14	14	14	14	15	15	15	15	15	15	15	15	15	15	15	15	15	15	15	16	16	16	16	16	16	16	16	16	16	16	17	17	17	17	17	17	18	18	18	18	18	18	18	18	18	18	18	18	19	19	19	19	19	19	19	19	19	19	20	20	20	20	20	20	20	20	20	20	21	21	21	21	21	21	22	22	22	22	22	22	22	22	22	22	23	23	23	23	23	23	23	23	24	24	24	24	24	24	24	24	25	25	25	25	25	25	25	25	25	25	25	25	25	26	26	26	26	26	26	26	26	26	26	26	26	26	26	27	27	27	27	27	27	27	27	27	28	28	28	28	28	28	28	28	28	28	28	28	29	29	29	29	29	29	29	29	30	30	30	30	30	30	30	30	30	
