200
30	2
99	12.1
26	27	31	29	28	30	26	28	26	28	29	26	26	28	29	31	27	29	31	29	26	28	28	28	30	29	27	26	28	31	29	29	26	28	30	30	31	26	28	31	27	26	29	28	30	30	29	30	29	28	26	29	28	28	26	31	31	26	28	26	31	30	26	29	28	26	27	28	28	26	30	26	26	27	31	31	29	28	28	30	31	29	30	29	27	31	29	26	26	31	29	31	30	26	28	27	28	31	30	29	31	30	26	31	26	30	27	26	30	31	27	30	27	29	31	31	27	26	29	30	31	31	26	28	27	29	31	30	26	27	26	28	31	27	29	31	30	29	27	27	27	27	28	26	28	28	26	27	31	31	27	26	31	27	26	26	27	29	26	28	28	28	30	31	29	29	28	29	30	29	28	31	27	31	26	30	29	31	28	26	26	28	26	28	31	29	27	29	28	31	29	28	29	31	27	30	29	27	29	30	
90	91	86	79	78	87	92	80	89	76	80	88	85	76	89	81	76	88	81	83	78	88	85	84	87	85	90	83	87	81	84	85	90	90	94	77	90	83	88	91	83	87	82	86	91	89	83	79	78	91	84	89	86	76	85	79	89	85	90	89	83	94	84	85	83	78	79	77	78	90	94	89	88	83	79	81	81	81	86	77	88	93	84	88	82	85	85	87	90	88	78	93	83	78	80	86	77	85	85	79	84	77	76	91	85	94	79	91	93	79	83	83	94	94	90	79	92	84	82	84	85	91	93	88	88	81	92	87	87	90	82	82	77	82	84	90	82	87	80	89	84	90	81	92	89	78	77	78	84	79	77	89	89	89	84	87	88	82	85	86	86	87	92	84	92	84	90	79	93	84	93	78	90	79	92	88	91	77	78	88	77	92	94	89	88	92	76	89	83	93	79	92	78	82	93	77	84	77	78	93	
14.3	23.1	20.9	16.5	23.1	26.4	17.6	24.2	28.6	26.4	30.8	13.2	16.5	24.2	28.6	11	31.9	33	12.1	14.3	23.1	29.7	13.2	20.9	13.2	25.3	33	13.2	25.3	24.2	24.2	28.6	15.4	23.1	31.9	17.6	30.8	11	16.5	28.6	27.5	16.5	20.9	18.7	15.4	19.8	24.2	29.7	31.9	27.5	20.9	30.8	13.2	13.2	26.4	15.4	17.6	19.8	31.9	12.1	14.3	26.4	13.2	11	18.7	31.9	23.1	29.7	15.4	31.9	24.2	23.1	28.6	20.9	16.5	30.8	28.6	13.2	16.5	16.5	15.4	12.1	14.3	14.3	24.2	31.9	31.9	30.8	15.4	11	17.6	24.2	22	23.1	25.3	30.8	31.9	16.5	30.8	14.3	30.8	18.7	11	25.3	17.6	29.7	24.2	19.8	15.4	15.4	16.5	11	18.7	26.4	13.2	11	27.5	28.6	18.7	20.9	27.5	14.3	25.3	12.1	23.1	28.6	19.8	28.6	23.1	14.3	27.5	31.9	20.9	14.3	28.6	22	27.5	33	22	22	11	15.4	12.1	15.4	27.5	19.8	14.3	12.1	19.8	14.3	20.9	33	16.5	19.8	11	30.8	12.1	18.7	33	14.3	12.1	31.9	20.9	23.1	14.3	19.8	31.9	14.3	23.1	33	15.4	18.7	18.7	15.4	28.6	33	18.7	23.1	17.6	26.4	11	24.2	22	27.5	16.5	28.6	13.2	28.6	27.5	17.6	19.8	31.9	12.1	15.4	26.4	15.4	23.1	30.8	29.7	28.6	
27.5	25.3	16.5	16.5	22	33	33	17.6	30.8	18.7	14.3	26.4	25.3	29.7	20.9	23.1	20.9	20.9	26.4	15.4	12.1	23.1	24.2	26.4	14.3	18.7	28.6	11	15.4	23.1	23.1	22	13.2	26.4	28.6	29.7	19.8	31.9	33	28.6	18.7	25.3	11	30.8	22	33	17.6	22	20.9	28.6	28.6	13.2	25.3	14.3	26.4	16.5	14.3	12.1	12.1	22	19.8	20.9	30.8	23.1	22	22	31.9	17.6	31.9	26.4	33	18.7	22	11	28.6	15.4	13.2	13.2	31.9	22	14.3	11	30.8	23.1	15.4	17.6	19.8	15.4	29.7	28.6	17.6	12.1	27.5	13.2	16.5	20.9	25.3	23.1	27.5	14.3	28.6	13.2	12.1	20.9	22	33	30.8	29.7	12.1	28.6	22	12.1	24.2	13.2	22	24.2	33	18.7	25.3	11	30.8	23.1	24.2	22	31.9	24.2	16.5	30.8	17.6	27.5	30.8	19.8	19.8	22	19.8	14.3	20.9	15.4	12.1	18.7	24.2	31.9	11	13.2	27.5	19.8	24.2	24.2	25.3	29.7	19.8	15.4	15.4	14.3	18.7	17.6	15.4	28.6	25.3	31.9	29.7	18.7	29.7	11	23.1	25.3	15.4	12.1	13.2	19.8	31.9	16.5	13.2	16.5	15.4	15.4	27.5	23.1	13.2	29.7	33	20.9	29.7	18.7	20.9	28.6	28.6	27.5	22	25.3	23.1	29.7	26.4	28.6	17.6	12.1	31.9	28.6	18.7	14.3	
17.6	31.9	28.6	17.6	26.4	18.7	13.2	28.6	30.8	33	13.2	26.4	29.7	20.9	31.9	14.3	31.9	17.6	25.3	28.6	25.3	18.7	23.1	30.8	19.8	22	20.9	25.3	12.1	13.2	
10	18	16	12	14	12	14	10	16	20	12	11	16	20	16	18	11	18	18	18	16	15	11	13	11	17	11	17	20	18	19	16	11	14	14	18	12	20	11	19	11	16	17	16	11	15	14	19	11	10	14	14	12	14	16	11	11	18	10	11	20	18	20	17	13	20	19	10	11	14	15	14	15	15	20	16	13	15	11	18	15	18	11	20	12	10	17	11	12	18	14	13	20	10	17	20	15	13	17	12	11	10	20	18	14	17	11	12	17	11	12	10	15	14	17	17	19	18	15	14	16	13	19	18	14	18	16	13	10	19	18	10	12	14	16	12	19	13	14	15	14	12	13	18	10	14	20	15	14	20	10	14	17	14	13	10	17	15	20	18	16	18	12	11	18	12	18	14	13	12	11	10	13	11	16	18	14	13	13	15	14	15	13	10	20	19	18	18	15	20	13	11	13	19	14	19	13	12	11	10	
1	1	1	1	1	1	1	1	1	2	2	2	2	2	3	3	3	3	3	3	4	4	4	5	5	5	5	5	5	6	6	6	6	6	6	6	7	7	7	7	7	8	8	8	9	9	9	9	9	9	9	9	10	10	10	10	10	10	10	10	10	10	10	11	11	11	11	11	11	12	12	12	12	12	12	12	13	13	13	13	13	13	13	14	14	14	14	14	14	14	15	15	15	15	15	16	16	16	16	16	16	16	17	17	17	17	17	18	18	18	18	18	19	19	19	19	19	19	19	19	19	19	20	20	20	20	21	21	21	21	21	21	21	21	21	21	21	21	21	21	21	22	22	22	22	22	22	22	23	23	23	23	23	23	23	24	24	24	24	25	25	25	25	25	25	26	26	26	26	27	27	27	27	27	27	28	28	28	28	28	28	28	28	29	29	29	29	29	29	30	30	30	30	30	30	30	30	30	30	30	
