500
10	2
809	30.8
27	28	29	26	30	26	28	27	29	29	28	28	29	28	28	28	27	27	29	31	27	29	29	27	27	29	29	26	30	31	31	27	27	26	28	26	30	27	26	26	29	26	26	28	29	29	29	27	26	30	30	31	28	28	26	26	31	27	29	31	28	27	30	30	29	31	31	31	26	30	27	28	31	26	31	28	26	28	31	28	31	26	28	29	30	30	28	30	29	27	31	29	30	29	31	27	26	26	29	27	30	29	31	27	26	31	31	27	29	29	28	28	29	30	26	28	27	28	30	28	28	27	27	29	28	29	26	27	29	27	26	28	30	28	29	30	27	27	28	27	27	30	30	26	27	30	30	28	29	29	29	27	27	27	28	29	29	30	27	27	26	26	29	28	29	29	31	30	30	30	26	29	27	27	30	29	31	28	28	27	29	26	28	29	31	28	26	28	31	29	30	31	28	28	26	29	29	31	31	27	28	29	27	31	29	27	29	30	29	31	26	28	27	29	30	26	26	31	29	28	31	31	29	26	26	30	30	26	28	29	27	30	29	27	27	26	26	26	27	31	30	28	31	27	27	27	27	26	27	27	27	31	30	29	29	27	28	29	28	29	29	29	26	31	29	31	30	28	26	27	31	29	30	31	31	30	26	30	28	26	28	27	26	29	31	27	31	28	27	31	27	26	31	26	31	30	28	30	31	31	28	31	31	26	26	26	30	30	31	27	28	30	26	27	29	28	28	29	26	31	27	31	29	26	26	26	28	27	30	31	27	31	26	26	31	30	31	31	31	30	27	30	31	26	27	30	28	29	29	26	29	29	28	27	28	31	30	27	27	26	28	31	28	30	29	29	27	29	31	29	27	30	29	27	28	30	26	26	27	29	29	27	30	30	26	31	26	28	28	31	29	30	27	29	26	31	31	29	28	30	28	29	30	31	29	26	26	30	29	26	30	28	27	31	29	27	31	30	31	29	26	27	31	31	28	26	31	29	28	31	28	28	27	31	27	27	27	26	30	29	28	30	30	31	30	28	27	29	28	27	31	26	26	27	27	27	28	29	26	31	31	27	27	27	29	31	28	26	26	29	31	26	27	30	27	28	31	30	28	26	26	28	27	27	29	27	29	29	30	27	29	26	28	26	26	28	28	31	31	27	
79	81	79	90	83	80	77	84	90	81	80	93	78	87	90	94	86	81	82	90	81	87	83	84	85	86	93	78	77	82	80	81	90	85	83	91	91	92	76	89	84	76	78	83	91	82	89	82	78	92	90	79	89	94	89	80	85	88	93	78	86	89	93	87	90	93	87	91	92	84	84	91	86	89	80	86	79	90	77	86	94	91	88	94	94	87	79	85	80	79	94	91	79	87	80	90	90	86	91	79	88	87	77	80	90	83	93	90	94	93	81	91	88	83	94	88	82	80	82	86	81	91	82	84	84	87	82	84	93	85	90	78	92	88	94	89	82	91	85	86	91	81	82	94	86	91	81	87	89	77	93	83	86	88	84	90	81	94	83	88	85	87	84	89	77	83	93	91	79	87	86	80	83	84	83	84	93	78	80	77	90	81	83	83	82	83	81	89	93	85	90	86	87	78	91	86	80	91	83	93	84	91	79	84	89	86	87	84	87	78	84	76	83	77	77	83	88	82	86	84	89	90	82	81	92	76	93	78	91	93	79	93	79	84	80	86	93	79	85	81	77	80	76	77	80	82	86	85	82	92	90	77	93	77	82	89	77	90	91	90	79	88	80	80	91	90	92	77	79	84	86	82	90	90	81	85	79	83	88	80	93	76	94	85	86	91	92	83	89	76	79	78	90	78	91	89	76	87	88	94	89	84	76	85	80	78	85	93	86	82	88	81	76	80	81	84	89	84	83	82	86	89	93	90	93	84	81	89	88	87	85	94	80	78	81	88	79	92	79	84	80	87	80	90	77	81	79	79	92	85	77	89	89	86	88	79	85	79	88	77	76	87	83	80	80	77	93	93	86	91	81	90	88	88	94	92	76	83	83	81	76	86	82	81	90	92	94	85	93	81	82	89	91	90	91	84	80	90	86	87	92	83	81	83	81	80	94	78	77	81	78	92	85	79	78	78	78	91	89	82	88	85	94	87	86	87	84	78	76	86	76	77	91	82	89	92	81	80	89	93	76	89	93	80	91	91	92	87	88	79	86	78	90	77	80	87	83	92	77	94	83	88	82	76	83	84	80	82	94	87	92	83	83	89	86	90	76	79	87	85	94	90	77	81	81	77	90	84	88	81	91	80	82	85	76	76	83	93	77	77	
31.9	27.5	19.8	12.1	12.1	12.1	19.8	23.1	11	24.2	13.2	28.6	16.5	31.9	15.4	23.1	11	20.9	17.6	33	28.6	15.4	33	19.8	24.2	29.7	31.9	26.4	13.2	19.8	31.9	13.2	25.3	17.6	30.8	11	27.5	17.6	22	26.4	29.7	33	25.3	16.5	16.5	31.9	26.4	27.5	19.8	24.2	33	28.6	18.7	26.4	18.7	22	33	28.6	29.7	13.2	27.5	16.5	18.7	16.5	14.3	24.2	26.4	14.3	26.4	31.9	25.3	17.6	25.3	26.4	23.1	15.4	25.3	11	16.5	23.1	18.7	27.5	27.5	27.5	20.9	18.7	15.4	14.3	24.2	33	33	24.2	24.2	29.7	19.8	13.2	15.4	18.7	19.8	14.3	18.7	26.4	30.8	19.8	25.3	28.6	11	17.6	33	28.6	13.2	11	33	23.1	15.4	19.8	15.4	25.3	16.5	25.3	16.5	23.1	15.4	24.2	30.8	17.6	27.5	15.4	33	29.7	22	16.5	30.8	28.6	26.4	28.6	14.3	30.8	20.9	16.5	16.5	33	23.1	17.6	17.6	20.9	31.9	23.1	12.1	24.2	25.3	16.5	17.6	24.2	13.2	31.9	26.4	30.8	12.1	24.2	25.3	14.3	27.5	17.6	25.3	27.5	24.2	30.8	13.2	13.2	15.4	20.9	33	15.4	30.8	11	11	13.2	26.4	19.8	11	20.9	13.2	25.3	25.3	18.7	23.1	19.8	24.2	20.9	28.6	33	13.2	12.1	11	14.3	18.7	20.9	24.2	17.6	30.8	18.7	19.8	27.5	24.2	18.7	17.6	13.2	13.2	27.5	17.6	11	17.6	11	18.7	23.1	12.1	25.3	29.7	15.4	18.7	27.5	20.9	24.2	19.8	25.3	19.8	30.8	29.7	11	26.4	12.1	29.7	17.6	26.4	15.4	30.8	19.8	19.8	17.6	14.3	16.5	11	31.9	12.1	24.2	11	18.7	23.1	17.6	23.1	17.6	14.3	25.3	33	13.2	30.8	17.6	12.1	15.4	20.9	14.3	13.2	30.8	22	17.6	14.3	16.5	14.3	23.1	31.9	29.7	14.3	17.6	14.3	13.2	18.7	14.3	18.7	26.4	15.4	14.3	20.9	24.2	23.1	27.5	12.1	25.3	14.3	22	13.2	18.7	14.3	15.4	30.8	29.7	11	18.7	15.4	28.6	25.3	23.1	12.1	24.2	18.7	22	13.2	29.7	31.9	23.1	14.3	22	29.7	17.6	24.2	26.4	18.7	28.6	20.9	18.7	14.3	16.5	29.7	14.3	31.9	23.1	24.2	25.3	25.3	31.9	11	24.2	28.6	12.1	17.6	11	26.4	23.1	33	26.4	14.3	13.2	26.4	12.1	31.9	11	17.6	30.8	15.4	15.4	13.2	31.9	19.8	33	27.5	27.5	22	18.7	31.9	15.4	26.4	18.7	11	13.2	28.6	28.6	31.9	26.4	11	12.1	15.4	30.8	12.1	28.6	20.9	16.5	31.9	16.5	33	15.4	29.7	28.6	24.2	18.7	33	33	31.9	12.1	23.1	11	25.3	17.6	18.7	13.2	19.8	19.8	16.5	17.6	16.5	22	18.7	27.5	24.2	25.3	12.1	31.9	17.6	26.4	33	30.8	24.2	17.6	26.4	31.9	11	29.7	23.1	16.5	33	19.8	31.9	15.4	19.8	25.3	26.4	22	15.4	27.5	28.6	18.7	33	12.1	16.5	16.5	22	14.3	19.8	26.4	12.1	12.1	22	29.7	24.2	12.1	17.6	18.7	25.3	25.3	19.8	16.5	22	28.6	27.5	25.3	20.9	13.2	23.1	31.9	12.1	14.3	27.5	12.1	19.8	15.4	29.7	11	23.1	23.1	15.4	20.9	30.8	14.3	29.7	11	14.3	12.1	25.3	25.3	16.5	12.1	16.5	25.3	31.9	20.9	23.1	17.6	29.7	28.6	14.3	12.1	29.7	33	29.7	11	28.6	25.3	26.4	20.9	26.4	20.9	
14.3	14.3	24.2	22	12.1	26.4	26.4	12.1	17.6	29.7	12.1	11	27.5	15.4	29.7	28.6	20.9	28.6	24.2	15.4	16.5	12.1	29.7	29.7	25.3	12.1	14.3	20.9	15.4	33	23.1	22	22	23.1	13.2	19.8	11	17.6	14.3	27.5	15.4	11	23.1	33	18.7	27.5	27.5	33	31.9	11	28.6	18.7	23.1	15.4	12.1	22	12.1	13.2	19.8	27.5	18.7	14.3	24.2	25.3	18.7	24.2	33	33	23.1	11	33	26.4	25.3	22	27.5	14.3	28.6	13.2	15.4	15.4	30.8	16.5	13.2	33	23.1	15.4	23.1	13.2	27.5	23.1	19.8	27.5	15.4	13.2	14.3	14.3	18.7	16.5	27.5	28.6	27.5	22	30.8	28.6	30.8	28.6	11	20.9	25.3	11	28.6	24.2	29.7	11	29.7	31.9	17.6	12.1	30.8	19.8	13.2	28.6	20.9	11	33	17.6	14.3	22	18.7	30.8	17.6	14.3	29.7	30.8	14.3	23.1	17.6	25.3	12.1	26.4	14.3	16.5	30.8	24.2	18.7	24.2	30.8	22	27.5	12.1	22	33	17.6	31.9	30.8	14.3	20.9	19.8	31.9	25.3	31.9	11	13.2	20.9	29.7	14.3	18.7	11	29.7	22	16.5	26.4	33	14.3	24.2	27.5	23.1	22	11	31.9	15.4	17.6	18.7	23.1	18.7	28.6	14.3	28.6	15.4	11	23.1	14.3	31.9	23.1	26.4	16.5	14.3	18.7	16.5	15.4	14.3	27.5	31.9	23.1	28.6	28.6	27.5	17.6	11	25.3	23.1	23.1	22	24.2	14.3	28.6	16.5	19.8	25.3	24.2	19.8	17.6	16.5	23.1	18.7	25.3	13.2	15.4	27.5	11	11	16.5	31.9	14.3	13.2	29.7	12.1	14.3	20.9	22	22	27.5	25.3	30.8	12.1	16.5	30.8	15.4	15.4	12.1	23.1	23.1	16.5	23.1	33	18.7	14.3	29.7	28.6	30.8	24.2	18.7	27.5	15.4	16.5	22	23.1	28.6	19.8	25.3	28.6	15.4	19.8	11	20.9	17.6	25.3	24.2	18.7	30.8	31.9	27.5	30.8	18.7	22	24.2	33	26.4	23.1	20.9	19.8	30.8	31.9	13.2	17.6	22	25.3	17.6	13.2	23.1	11	19.8	29.7	14.3	22	22	27.5	13.2	24.2	33	29.7	23.1	27.5	20.9	25.3	15.4	14.3	33	23.1	31.9	19.8	22	11	17.6	25.3	30.8	23.1	33	30.8	25.3	24.2	28.6	19.8	18.7	31.9	12.1	16.5	12.1	27.5	30.8	13.2	25.3	26.4	33	25.3	17.6	15.4	14.3	26.4	20.9	33	16.5	12.1	28.6	16.5	22	28.6	11	28.6	11	23.1	11	19.8	24.2	13.2	26.4	12.1	33	17.6	15.4	11	18.7	28.6	22	26.4	22	22	31.9	17.6	12.1	22	29.7	30.8	13.2	33	16.5	11	16.5	18.7	33	23.1	18.7	14.3	29.7	30.8	33	11	31.9	31.9	23.1	31.9	18.7	14.3	30.8	33	29.7	33	28.6	18.7	28.6	16.5	19.8	18.7	13.2	30.8	22	19.8	12.1	27.5	22	11	13.2	13.2	28.6	33	29.7	27.5	27.5	13.2	14.3	26.4	13.2	11	31.9	31.9	24.2	16.5	28.6	22	11	30.8	18.7	24.2	33	20.9	13.2	26.4	23.1	22	15.4	29.7	28.6	33	13.2	11	27.5	27.5	15.4	29.7	18.7	20.9	29.7	30.8	16.5	15.4	11	20.9	15.4	13.2	13.2	31.9	24.2	29.7	27.5	13.2	31.9	31.9	31.9	25.3	16.5	20.9	29.7	31.9	27.5	26.4	24.2	22	14.3	25.3	22	18.7	28.6	13.2	12.1	19.8	18.7	13.2	24.2	13.2	31.9	
13.2	22	24.2	23.1	15.4	29.7	26.4	29.7	24.2	14.3	
13	15	11	11	12	16	17	19	10	18	19	19	12	16	16	20	15	20	16	17	18	15	11	18	15	12	15	12	16	18	10	16	15	19	11	19	15	16	15	15	11	19	12	16	13	16	18	14	11	19	20	17	18	13	15	15	10	18	16	20	18	17	16	17	11	15	15	10	10	13	15	19	14	11	10	13	11	11	17	13	11	16	19	10	20	12	11	11	17	10	18	19	15	16	17	18	15	20	16	13	14	15	18	20	20	16	20	11	10	17	12	11	20	16	15	14	14	17	16	13	12	20	18	14	14	15	14	16	17	12	16	20	20	16	18	11	18	10	15	16	12	15	15	19	20	18	13	20	10	19	14	10	12	10	14	10	17	18	18	12	13	17	11	19	20	10	12	18	20	18	13	18	11	16	12	13	11	18	18	13	16	14	11	17	10	15	16	19	19	11	12	14	16	19	20	14	13	19	15	19	14	15	16	18	12	14	20	16	16	18	12	11	18	17	10	16	13	16	19	11	17	18	12	10	17	19	18	17	17	15	19	12	20	16	17	13	15	20	17	12	13	14	15	16	19	14	19	14	18	16	15	10	19	14	18	20	12	17	20	16	19	14	18	12	17	16	17	20	17	19	14	17	17	11	20	19	15	17	15	13	13	15	20	11	10	13	14	18	19	11	13	11	15	10	19	19	12	19	11	19	20	20	16	17	11	20	19	13	18	15	13	17	11	10	13	10	17	10	14	10	19	12	11	20	11	10	19	10	20	15	11	13	16	19	15	16	12	16	16	16	13	10	14	15	11	16	14	13	10	18	14	10	10	14	10	12	11	10	20	17	11	14	14	12	12	17	19	12	12	18	16	12	12	12	10	11	19	16	10	14	18	14	16	20	12	14	20	19	16	10	15	13	14	13	12	11	11	13	15	20	12	11	15	12	12	19	19	18	10	11	17	14	20	12	12	15	20	10	11	12	15	14	19	18	18	15	17	18	13	11	19	16	10	14	15	13	15	20	15	20	13	13	12	17	20	13	12	15	13	15	17	15	15	14	13	14	19	18	10	16	18	15	14	16	18	14	12	15	17	15	13	17	13	18	20	12	20	17	19	18	11	17	15	16	20	12	19	11	17	18	11	11	16	19	19	11	16	11	14	16	
1	1	1	1	1	1	1	1	1	1	1	1	1	1	1	1	1	1	1	1	1	1	1	1	1	1	1	1	1	1	1	1	1	1	1	1	1	1	1	1	1	1	1	2	2	2	2	2	2	2	2	2	2	2	2	2	2	2	2	2	2	2	2	2	2	2	2	2	2	2	2	2	2	2	2	2	2	2	2	2	2	2	2	2	2	2	2	2	2	2	2	2	2	3	3	3	3	3	3	3	3	3	3	3	3	3	3	3	3	3	3	3	3	3	3	3	3	3	3	3	3	3	3	3	3	3	3	3	3	3	3	3	3	3	3	3	3	3	3	3	3	3	3	3	3	4	4	4	4	4	4	4	4	4	4	4	4	4	4	4	4	4	4	4	4	4	4	4	4	4	4	4	4	4	4	4	4	4	4	4	4	4	4	4	4	4	4	4	4	4	4	4	4	4	4	4	4	4	4	4	4	4	5	5	5	5	5	5	5	5	5	5	5	5	5	5	5	5	5	5	5	5	5	5	5	5	5	5	5	5	5	5	5	5	5	5	5	5	5	5	5	5	5	5	5	5	5	5	5	5	5	6	6	6	6	6	6	6	6	6	6	6	6	6	6	6	6	6	6	6	6	6	6	6	6	6	6	6	6	6	6	6	6	6	6	6	6	6	6	6	6	6	6	6	6	6	6	6	6	6	6	6	6	6	6	6	7	7	7	7	7	7	7	7	7	7	7	7	7	7	7	7	7	7	7	7	7	7	7	7	7	7	7	7	7	7	7	7	7	7	7	7	7	8	8	8	8	8	8	8	8	8	8	8	8	8	8	8	8	8	8	8	8	8	8	8	8	8	8	8	8	8	8	8	8	8	8	8	8	8	8	8	8	8	8	8	8	8	8	8	8	8	8	9	9	9	9	9	9	9	9	9	9	9	9	9	9	9	9	9	9	9	9	9	9	9	9	9	9	9	9	9	9	9	9	9	9	9	9	9	9	9	9	9	9	9	9	9	9	9	9	9	9	9	9	9	9	9	9	9	9	9	9	9	9	9	9	10	10	10	10	10	10	10	10	10	10	10	10	10	10	10	10	10	10	10	10	10	10	10	10	10	10	10	10	10	10	10	10	10	10	10	10	10	10	10	10	10	10	10	
