100
30	7
57	16.5
28	27	30	26	30	27	27	31	27	31	27	30	28	30	26	30	29	31	30	28	29	31	31	31	30	29	29	28	31	28	28	30	27	27	29	29	27	26	28	27	29	28	27	26	31	28	29	29	30	31	28	30	30	30	29	27	30	30	30	30	31	29	28	27	30	30	31	31	30	31	30	29	26	30	26	29	26	27	30	28	27	29	31	28	28	29	28	29	26	27	26	28	26	26	30	26	28	29	27	27	
92	88	76	81	92	85	78	90	80	87	86	89	92	84	83	94	85	86	88	80	82	92	89	79	76	86	89	77	91	80	77	83	89	91	76	89	80	82	92	83	88	88	76	76	91	85	83	78	80	92	84	94	92	83	80	84	87	83	87	94	90	89	94	76	83	81	87	92	86	94	77	79	93	94	91	84	92	78	76	85	81	93	87	83	80	94	89	84	88	83	83	86	83	81	86	87	76	79	94	90	
20.9	23.1	18.7	11	13.2	19.8	12.1	25.3	20.9	12.1	26.4	19.8	12.1	33	19.8	28.6	33	17.6	27.5	17.6	15.4	29.7	28.6	26.4	25.3	31.9	27.5	15.4	33	14.3	18.7	31.9	25.3	20.9	20.9	14.3	16.5	16.5	30.8	19.8	30.8	29.7	30.8	26.4	24.2	28.6	27.5	29.7	31.9	14.3	22	27.5	28.6	17.6	16.5	17.6	19.8	15.4	16.5	20.9	12.1	11	29.7	13.2	28.6	19.8	16.5	12.1	25.3	15.4	23.1	12.1	25.3	31.9	20.9	26.4	31.9	28.6	27.5	22	17.6	30.8	26.4	11	26.4	29.7	26.4	18.7	28.6	12.1	14.3	27.5	30.8	11	17.6	12.1	17.6	19.8	11	25.3	
14.3	28.6	26.4	30.8	11	19.8	25.3	11	31.9	24.2	12.1	20.9	13.2	27.5	13.2	19.8	15.4	14.3	18.7	12.1	30.8	22	20.9	17.6	25.3	27.5	33	11	31.9	31.9	15.4	28.6	25.3	17.6	15.4	17.6	22	14.3	25.3	19.8	18.7	29.7	17.6	26.4	31.9	20.9	23.1	15.4	18.7	18.7	28.6	15.4	13.2	19.8	13.2	14.3	28.6	29.7	13.2	26.4	18.7	13.2	22	17.6	11	16.5	17.6	16.5	27.5	16.5	14.3	33	31.9	30.8	12.1	23.1	30.8	24.2	24.2	15.4	30.8	14.3	29.7	23.1	23.1	27.5	17.6	31.9	25.3	19.8	17.6	15.4	27.5	22	12.1	26.4	20.9	16.5	23.1	19.8	
19.8	27.5	30.8	31.9	22	16.5	23.1	20.9	28.6	33	18.7	12.1	23.1	33	14.3	30.8	27.5	26.4	24.2	12.1	18.7	25.3	17.6	19.8	20.9	13.2	33	22	17.6	27.5	
12	17	17	13	18	19	14	16	19	19	16	10	13	14	19	16	16	10	12	13	14	15	16	18	19	13	15	20	18	16	12	11	13	12	14	18	13	10	14	15	13	17	12	18	10	13	20	20	10	10	18	16	12	11	19	14	14	15	19	19	19	18	20	13	13	20	19	15	13	19	12	19	19	13	12	12	16	20	12	11	14	19	12	10	19	11	12	10	11	14	18	18	20	17	12	12	20	13	11	17	
1	1	1	1	2	2	2	2	2	4	4	5	5	5	5	5	6	6	6	7	7	7	8	8	8	8	8	8	9	9	9	10	10	11	11	11	11	12	12	13	13	14	14	14	14	14	14	15	15	15	15	15	16	16	16	17	17	17	18	18	20	20	20	21	21	21	22	22	22	22	22	23	23	24	24	24	24	24	24	24	24	24	25	25	25	25	26	26	27	28	28	28	28	28	28	28	28	29	30	30	
