300
20	5
243	26.4
26	30	29	29	27	26	31	26	26	29	28	29	31	30	31	31	28	27	31	29	31	28	26	31	29	30	30	31	30	26	28	28	27	28	26	26	26	28	31	31	27	31	29	28	29	26	29	29	26	26	31	31	29	30	29	30	26	31	27	30	29	31	28	28	30	26	31	30	28	26	30	27	27	27	30	28	27	30	27	29	30	30	26	28	26	31	29	28	28	29	26	27	30	30	28	31	30	29	28	29	26	31	26	28	29	27	30	26	30	28	29	31	29	30	26	27	31	29	27	31	29	26	27	26	30	26	29	31	28	29	29	30	30	26	30	29	27	30	30	26	29	28	26	31	30	27	28	31	31	29	28	28	26	31	28	29	26	27	30	28	30	26	29	28	27	28	29	27	30	28	27	27	31	27	27	29	26	28	26	28	27	28	30	30	27	27	28	30	29	26	26	27	28	28	27	31	26	28	30	26	26	27	31	31	29	31	26	30	29	29	28	30	26	26	30	31	31	30	30	26	26	28	30	31	28	29	29	31	27	27	30	28	31	31	31	31	27	29	26	30	29	30	29	27	28	31	28	29	27	27	27	30	29	28	28	28	31	26	30	28	30	30	28	29	26	31	30	29	31	28	28	28	29	28	26	31	29	26	27	29	31	30	31	31	31	31	26	27	30	29	29	31	28	27	28	27	27	31	30	31	
83	92	79	93	92	89	92	76	89	82	90	93	88	77	88	93	89	80	88	88	92	87	91	78	94	93	87	90	84	81	80	87	92	86	86	86	89	77	90	92	89	89	79	92	93	80	78	89	92	86	91	76	80	76	93	92	82	82	85	85	79	78	82	91	94	85	80	91	87	85	82	83	90	94	91	92	76	80	89	88	83	88	84	87	82	87	90	81	94	89	76	86	92	92	90	77	78	93	91	91	89	89	87	81	82	94	92	88	80	85	78	82	86	91	76	83	85	94	88	88	92	86	81	83	79	92	76	85	76	86	90	85	87	77	76	93	83	90	90	93	77	78	83	85	83	90	92	77	89	90	85	93	80	87	94	76	88	84	76	86	90	86	89	92	83	88	85	80	78	91	81	93	76	80	88	81	85	82	89	87	94	82	92	89	80	92	94	85	86	88	79	89	78	86	81	76	86	80	78	76	77	84	80	79	93	92	94	84	89	81	91	77	90	87	90	82	93	79	91	82	79	78	94	76	80	81	78	78	88	86	88	92	82	84	87	85	78	79	80	85	90	76	79	82	85	86	88	88	80	92	77	78	86	83	81	77	90	94	93	92	93	79	93	78	84	83	78	80	79	81	84	82	93	93	92	80	88	83	78	81	78	76	93	82	89	87	91	89	91	84	89	77	83	77	91	85	88	78	89	80	
14.3	30.8	23.1	13.2	24.2	11	11	20.9	11	26.4	27.5	11	13.2	16.5	31.9	12.1	24.2	16.5	18.7	12.1	29.7	23.1	20.9	19.8	11	20.9	25.3	16.5	28.6	13.2	17.6	17.6	29.7	29.7	17.6	19.8	24.2	11	25.3	16.5	15.4	17.6	29.7	23.1	24.2	22	24.2	25.3	33	19.8	19.8	16.5	23.1	11	25.3	14.3	25.3	27.5	31.9	28.6	11	20.9	28.6	14.3	19.8	13.2	11	23.1	25.3	11	15.4	15.4	33	19.8	20.9	26.4	25.3	13.2	24.2	31.9	20.9	28.6	16.5	26.4	24.2	26.4	33	11	17.6	27.5	15.4	13.2	18.7	11	12.1	28.6	31.9	31.9	29.7	28.6	17.6	16.5	24.2	25.3	22	17.6	25.3	30.8	16.5	20.9	14.3	14.3	12.1	31.9	23.1	27.5	15.4	20.9	16.5	12.1	29.7	13.2	23.1	24.2	31.9	17.6	25.3	22	17.6	23.1	33	15.4	23.1	25.3	27.5	14.3	18.7	20.9	25.3	17.6	17.6	24.2	15.4	13.2	25.3	16.5	26.4	26.4	26.4	19.8	15.4	14.3	17.6	20.9	28.6	13.2	27.5	23.1	30.8	33	27.5	24.2	20.9	14.3	16.5	15.4	14.3	22	22	26.4	25.3	20.9	16.5	26.4	30.8	18.7	20.9	27.5	19.8	20.9	15.4	13.2	13.2	26.4	19.8	18.7	14.3	22	15.4	12.1	30.8	22	22	18.7	20.9	23.1	12.1	24.2	22	16.5	31.9	23.1	24.2	18.7	12.1	16.5	33	13.2	11	19.8	26.4	23.1	12.1	15.4	25.3	17.6	27.5	23.1	24.2	30.8	29.7	25.3	17.6	26.4	17.6	18.7	13.2	27.5	23.1	22	27.5	22	24.2	19.8	22	22	17.6	25.3	13.2	25.3	20.9	17.6	30.8	17.6	33	33	33	14.3	28.6	18.7	31.9	13.2	25.3	20.9	11	20.9	11	23.1	24.2	24.2	30.8	24.2	18.7	27.5	14.3	25.3	33	15.4	23.1	15.4	14.3	30.8	11	18.7	17.6	16.5	19.8	25.3	27.5	22	23.1	24.2	30.8	17.6	22	16.5	20.9	12.1	24.2	20.9	15.4	31.9	11	12.1	28.6	26.4	14.3	23.1	30.8	14.3	
11	28.6	33	18.7	11	28.6	12.1	30.8	12.1	31.9	22	23.1	22	22	23.1	15.4	24.2	31.9	30.8	30.8	29.7	17.6	31.9	14.3	11	24.2	18.7	13.2	16.5	22	13.2	13.2	12.1	23.1	17.6	14.3	22	28.6	15.4	25.3	33	27.5	22	19.8	19.8	23.1	11	12.1	17.6	17.6	15.4	16.5	14.3	12.1	23.1	13.2	16.5	22	20.9	19.8	24.2	13.2	29.7	11	18.7	13.2	12.1	17.6	11	24.2	27.5	14.3	29.7	26.4	13.2	25.3	24.2	25.3	29.7	24.2	15.4	29.7	26.4	12.1	16.5	28.6	31.9	26.4	30.8	15.4	27.5	22	11	31.9	25.3	33	31.9	23.1	19.8	17.6	17.6	30.8	14.3	29.7	22	30.8	12.1	14.3	16.5	29.7	25.3	29.7	11	18.7	17.6	25.3	26.4	30.8	14.3	31.9	24.2	13.2	31.9	18.7	14.3	24.2	16.5	17.6	33	23.1	19.8	22	23.1	16.5	31.9	31.9	16.5	29.7	29.7	20.9	27.5	30.8	23.1	17.6	29.7	12.1	17.6	28.6	30.8	28.6	19.8	28.6	11	18.7	31.9	13.2	15.4	29.7	25.3	25.3	27.5	22	20.9	28.6	28.6	26.4	29.7	23.1	20.9	16.5	17.6	31.9	15.4	14.3	11	24.2	30.8	22	20.9	23.1	33	20.9	26.4	25.3	13.2	29.7	28.6	16.5	15.4	24.2	11	16.5	22	29.7	24.2	26.4	19.8	30.8	11	30.8	25.3	23.1	20.9	11	11	30.8	18.7	25.3	29.7	30.8	22	28.6	27.5	19.8	33	19.8	29.7	28.6	27.5	13.2	20.9	31.9	31.9	30.8	12.1	31.9	11	30.8	29.7	27.5	14.3	28.6	11	19.8	13.2	17.6	11	13.2	16.5	14.3	13.2	15.4	18.7	30.8	18.7	12.1	30.8	13.2	11	16.5	25.3	20.9	16.5	14.3	30.8	11	13.2	15.4	28.6	31.9	26.4	31.9	25.3	14.3	18.7	14.3	31.9	13.2	19.8	33	15.4	22	20.9	30.8	33	22	28.6	20.9	25.3	17.6	13.2	31.9	20.9	19.8	17.6	19.8	22	31.9	28.6	14.3	33	24.2	20.9	26.4	19.8	14.3	22	27.5	22	18.7	
30.8	18.7	24.2	26.4	30.8	19.8	12.1	11	14.3	22	17.6	23.1	14.3	33	13.2	19.8	17.6	30.8	28.6	12.1	
13	17	10	14	13	17	18	12	18	19	10	14	17	15	17	12	15	11	13	18	20	10	18	14	13	17	16	13	20	10	14	10	17	18	16	10	10	16	13	17	12	10	11	19	17	10	18	15	14	11	17	10	17	20	14	11	18	12	16	15	20	13	14	20	16	10	12	13	15	10	13	12	18	11	12	10	18	19	17	10	20	15	12	15	18	18	20	14	18	17	16	16	12	12	14	17	12	16	13	15	19	10	18	14	13	17	10	18	19	13	12	15	18	18	14	20	11	14	16	10	10	20	18	13	17	10	20	20	16	13	16	17	12	10	17	10	11	13	15	19	17	16	18	11	17	15	18	14	15	16	17	15	16	20	10	14	12	17	11	17	14	18	15	15	15	10	20	19	16	14	10	10	15	12	16	15	19	13	16	11	15	16	20	17	11	15	11	19	11	17	18	14	16	11	17	18	14	10	12	13	13	11	13	12	16	14	18	15	13	19	12	19	11	16	20	20	12	18	19	15	10	15	20	15	18	15	18	16	10	17	19	15	10	17	13	20	12	12	13	11	15	13	14	10	12	10	19	17	17	11	15	19	13	12	16	15	19	11	16	10	19	16	18	10	18	14	19	17	13	19	17	11	17	19	19	12	12	16	20	12	17	17	15	10	18	13	20	11	14	13	18	10	19	10	11	20	15	14	14	15	
1	1	1	1	1	1	1	1	1	1	1	1	1	1	1	1	2	2	2	2	2	2	2	2	2	2	2	2	2	2	2	2	2	2	2	2	2	2	3	3	3	3	3	3	3	3	4	4	4	4	4	4	4	4	4	4	4	4	4	4	4	4	5	5	5	5	5	5	5	5	5	5	5	5	6	6	6	6	6	6	6	6	6	6	6	6	6	6	6	6	7	7	7	7	7	7	7	7	7	7	7	7	7	7	7	8	8	8	8	8	8	8	8	8	9	9	9	9	9	9	9	9	9	9	9	9	9	9	9	9	9	9	9	10	10	10	10	10	10	10	10	10	10	10	11	11	11	11	11	11	11	11	11	11	11	11	11	11	11	11	11	11	11	11	11	12	12	12	12	12	12	12	12	12	12	12	12	12	12	12	12	12	12	13	13	13	13	13	13	13	13	13	13	13	13	13	13	13	13	13	14	14	14	14	14	14	14	14	14	14	14	15	15	15	15	15	15	15	15	15	16	16	16	16	16	16	16	16	16	16	16	16	16	17	17	17	17	17	17	17	17	17	17	17	17	17	18	18	18	18	18	18	18	18	18	18	18	18	18	18	18	18	19	19	19	19	19	19	19	19	19	19	19	19	19	19	19	19	19	20	20	20	20	20	20	20	20	20	20	20	20	20	20	20	20	20	20	20	20	20	
