300
30	6
155	24.2
28	26	26	28	31	27	26	28	28	29	29	27	31	28	30	30	29	30	31	27	28	28	28	28	29	30	30	29	28	27	31	30	28	27	31	30	31	27	31	29	31	27	28	31	30	28	28	28	27	26	26	28	28	31	29	26	31	31	30	26	26	28	31	26	27	26	31	30	28	27	27	31	26	30	27	28	29	29	29	30	31	26	28	29	31	28	30	30	26	29	27	26	28	27	28	28	29	26	27	31	31	28	26	31	26	29	26	28	26	31	31	31	27	28	26	31	26	30	27	27	29	26	28	27	26	30	31	31	30	26	31	29	29	29	27	28	31	28	30	29	29	28	27	28	30	26	30	28	28	27	28	26	28	28	29	30	28	28	26	29	30	31	30	27	30	31	28	31	26	30	26	31	31	31	28	27	26	26	29	31	27	30	28	31	26	26	28	31	31	28	29	30	28	30	31	31	26	28	29	28	31	28	29	26	31	26	28	27	27	26	26	27	26	29	31	28	29	30	27	26	28	27	28	28	31	26	27	27	28	31	26	31	31	29	30	29	28	31	31	27	26	27	28	28	29	30	27	27	29	29	28	26	27	31	28	28	26	31	31	29	27	26	28	29	30	29	26	30	26	29	27	27	26	30	30	26	30	31	29	28	29	28	26	28	26	31	29	28	27	30	31	26	29	26	27	28	30	27	26	28	
78	80	83	76	93	81	92	91	85	86	94	86	91	87	82	82	94	91	89	82	82	92	79	84	85	82	81	76	89	85	81	92	86	77	94	88	87	89	90	93	93	91	94	87	81	79	89	84	79	86	90	89	89	92	86	86	85	91	85	94	89	89	93	77	82	91	92	90	82	84	85	85	84	93	78	88	92	89	94	91	80	85	76	79	87	76	88	86	80	92	90	78	91	92	85	83	86	77	85	77	82	94	80	78	81	89	84	79	80	78	79	79	87	87	84	83	77	90	89	87	92	88	88	89	90	76	78	77	92	88	90	88	86	90	80	77	94	83	90	81	77	84	92	79	94	93	87	79	78	91	81	92	78	76	87	76	94	83	94	84	87	90	84	77	94	78	93	89	76	93	76	79	93	89	80	92	85	76	91	88	81	81	87	92	82	91	85	77	89	84	79	76	89	88	86	88	94	92	87	88	94	80	88	86	76	79	94	83	80	84	76	77	88	83	92	80	84	77	94	83	92	77	78	78	76	87	89	86	91	89	82	84	80	77	79	89	89	89	87	81	86	79	79	85	94	89	80	77	78	86	86	91	91	86	89	78	86	87	81	92	78	82	89	89	82	89	91	86	92	79	83	87	80	86	86	88	81	83	78	91	84	86	78	86	91	93	84	88	85	89	87	77	94	78	89	86	86	78	83	87	
27.5	12.1	17.6	30.8	12.1	18.7	23.1	31.9	14.3	22	17.6	23.1	27.5	15.4	14.3	16.5	33	23.1	26.4	18.7	24.2	22	24.2	16.5	19.8	26.4	28.6	26.4	33	31.9	24.2	20.9	22	28.6	11	16.5	15.4	25.3	17.6	24.2	30.8	31.9	18.7	23.1	24.2	20.9	15.4	13.2	27.5	18.7	29.7	23.1	20.9	11	14.3	30.8	17.6	30.8	19.8	15.4	17.6	27.5	25.3	15.4	28.6	26.4	27.5	29.7	16.5	16.5	17.6	26.4	16.5	25.3	28.6	17.6	27.5	29.7	30.8	15.4	24.2	20.9	11	11	24.2	11	11	13.2	14.3	25.3	16.5	16.5	27.5	23.1	12.1	15.4	25.3	13.2	26.4	14.3	14.3	13.2	33	28.6	23.1	15.4	15.4	17.6	29.7	13.2	28.6	33	26.4	16.5	17.6	25.3	30.8	30.8	24.2	33	27.5	30.8	13.2	16.5	25.3	18.7	19.8	11	28.6	33	29.7	11	11	33	33	31.9	18.7	18.7	22	11	27.5	24.2	20.9	15.4	17.6	28.6	27.5	16.5	30.8	11	16.5	22	17.6	26.4	16.5	16.5	19.8	24.2	22	24.2	12.1	25.3	28.6	17.6	15.4	20.9	28.6	33	23.1	30.8	19.8	28.6	16.5	12.1	12.1	26.4	18.7	20.9	22	12.1	26.4	30.8	31.9	31.9	18.7	14.3	33	18.7	22	11	15.4	29.7	14.3	20.9	18.7	20.9	25.3	12.1	23.1	15.4	17.6	31.9	25.3	28.6	33	33	31.9	25.3	13.2	14.3	30.8	12.1	12.1	18.7	13.2	24.2	25.3	12.1	29.7	30.8	30.8	27.5	17.6	18.7	12.1	19.8	19.8	20.9	19.8	14.3	29.7	11	14.3	30.8	28.6	26.4	23.1	24.2	12.1	26.4	25.3	19.8	13.2	25.3	11	12.1	27.5	22	18.7	25.3	26.4	33	26.4	20.9	18.7	13.2	11	11	30.8	29.7	11	33	29.7	27.5	31.9	14.3	13.2	29.7	16.5	18.7	29.7	17.6	14.3	31.9	29.7	25.3	24.2	15.4	24.2	17.6	11	24.2	14.3	33	11	26.4	16.5	13.2	23.1	23.1	26.4	31.9	28.6	16.5	25.3	20.9	19.8	20.9	33	11	
23.1	13.2	26.4	25.3	23.1	15.4	15.4	15.4	27.5	25.3	15.4	31.9	26.4	12.1	25.3	22	27.5	15.4	18.7	13.2	24.2	24.2	22	28.6	20.9	27.5	23.1	22	25.3	33	23.1	16.5	31.9	18.7	14.3	13.2	24.2	12.1	31.9	31.9	13.2	19.8	19.8	11	18.7	15.4	24.2	25.3	12.1	29.7	13.2	30.8	20.9	19.8	13.2	26.4	14.3	31.9	29.7	33	27.5	22	29.7	26.4	27.5	22	27.5	17.6	20.9	13.2	33	17.6	29.7	31.9	24.2	19.8	29.7	22	15.4	22	29.7	26.4	16.5	16.5	19.8	17.6	30.8	11	26.4	22	31.9	29.7	18.7	12.1	26.4	16.5	11	29.7	11	15.4	20.9	23.1	20.9	13.2	27.5	20.9	11	14.3	19.8	31.9	15.4	22	25.3	15.4	12.1	23.1	27.5	29.7	23.1	20.9	11	26.4	20.9	30.8	11	14.3	26.4	19.8	15.4	25.3	11	31.9	20.9	26.4	23.1	30.8	13.2	28.6	26.4	30.8	23.1	22	27.5	20.9	18.7	23.1	13.2	11	26.4	23.1	24.2	11	31.9	33	31.9	16.5	23.1	26.4	17.6	30.8	31.9	33	11	12.1	16.5	18.7	26.4	17.6	22	18.7	20.9	11	20.9	23.1	16.5	19.8	15.4	27.5	14.3	28.6	19.8	18.7	20.9	27.5	27.5	14.3	29.7	25.3	17.6	13.2	26.4	16.5	14.3	29.7	27.5	24.2	17.6	33	25.3	18.7	19.8	19.8	33	22	18.7	27.5	15.4	25.3	20.9	29.7	27.5	33	12.1	16.5	29.7	20.9	33	27.5	11	17.6	23.1	16.5	22	19.8	31.9	29.7	27.5	23.1	17.6	31.9	26.4	18.7	11	15.4	31.9	15.4	14.3	17.6	22	11	12.1	15.4	16.5	24.2	25.3	14.3	18.7	12.1	31.9	12.1	20.9	28.6	22	14.3	20.9	11	12.1	20.9	29.7	23.1	20.9	18.7	24.2	31.9	13.2	25.3	31.9	13.2	26.4	11	11	14.3	22	30.8	33	25.3	13.2	28.6	13.2	28.6	25.3	12.1	31.9	27.5	19.8	26.4	20.9	20.9	29.7	30.8	18.7	19.8	15.4	22	20.9	14.3	27.5	20.9	17.6	13.2	
20.9	11	14.3	13.2	27.5	20.9	27.5	17.6	16.5	26.4	29.7	15.4	15.4	20.9	29.7	17.6	25.3	20.9	24.2	15.4	31.9	25.3	27.5	27.5	16.5	22	14.3	25.3	12.1	12.1	
15	10	17	13	19	19	13	11	17	15	12	10	10	14	13	19	19	15	19	16	12	13	13	11	12	17	11	20	18	20	20	19	15	14	11	17	14	18	20	14	10	16	13	14	18	10	19	18	18	12	19	13	13	12	11	12	20	15	14	10	13	12	15	14	13	19	17	12	20	19	11	10	18	20	16	19	19	11	20	13	19	19	10	20	20	10	11	11	17	15	12	12	13	17	12	19	15	13	20	19	18	10	12	18	13	10	14	18	10	19	17	11	11	16	20	11	11	15	13	12	10	20	11	20	10	10	19	14	20	15	11	12	18	14	17	14	16	15	16	20	13	12	14	20	20	13	15	17	15	19	19	11	12	12	20	14	13	12	14	14	16	11	13	15	20	20	13	10	11	17	10	13	18	18	13	12	19	19	20	15	11	14	14	19	12	11	18	14	13	13	12	13	18	18	16	11	11	18	11	12	10	18	19	15	15	20	14	12	20	18	16	13	11	12	13	17	16	20	18	10	18	11	19	20	14	13	17	11	19	11	13	10	18	19	10	19	16	12	18	19	18	17	13	13	12	12	19	14	10	17	16	16	10	19	19	17	19	17	19	10	11	20	13	15	12	10	12	13	12	14	20	16	20	17	14	17	19	16	16	12	19	16	16	11	16	12	11	13	12	17	19	13	12	20	11	10	11	19	10	18	
1	1	1	1	1	1	1	1	1	1	1	1	1	1	1	2	2	2	2	2	2	3	3	3	3	3	3	3	3	3	3	3	3	3	4	4	4	4	4	4	4	4	4	4	4	4	4	4	5	5	5	5	5	5	5	5	6	6	6	6	6	6	6	6	6	6	6	6	6	6	7	7	7	7	7	7	7	7	7	8	8	8	8	8	8	8	8	8	8	8	8	9	9	9	9	9	9	10	10	10	10	10	10	10	10	10	10	10	10	10	10	11	11	11	11	11	11	11	11	11	11	11	11	11	11	11	12	12	12	12	12	12	12	12	12	13	13	13	13	13	13	13	13	14	14	14	14	14	14	14	14	14	14	14	14	14	14	14	14	14	14	14	15	15	15	15	15	15	15	16	16	16	16	16	16	16	17	17	17	17	17	17	17	17	17	17	17	17	17	18	18	18	18	18	18	18	18	19	19	19	19	19	19	20	20	20	20	20	20	20	20	20	20	20	21	21	21	21	21	21	21	21	21	21	21	22	22	22	22	22	22	22	23	23	23	23	23	23	23	23	23	23	23	23	24	24	24	24	24	24	24	24	24	24	24	24	25	25	25	25	25	25	25	26	26	26	26	26	26	26	26	26	26	27	27	27	28	28	28	28	29	29	29	29	29	29	29	29	30	30	30	30	30	30	30	30	30	30	30	30	
