300
20	4
231	22
26	26	31	29	28	28	26	29	28	30	30	26	27	28	28	31	26	31	28	30	28	28	31	27	27	29	29	27	31	28	28	27	26	28	31	31	27	26	30	31	27	31	28	28	28	28	28	27	26	26	31	30	31	26	29	30	27	29	26	28	28	27	29	28	29	31	27	27	26	31	26	27	28	31	27	27	27	27	26	29	26	29	29	31	30	29	26	31	31	29	28	26	31	29	28	29	26	29	29	31	30	30	26	29	30	29	29	27	27	27	27	26	31	28	26	30	29	27	31	26	29	28	28	31	31	28	27	26	26	31	28	30	28	27	31	27	31	28	31	27	28	29	27	26	31	28	30	29	28	27	28	28	30	31	31	26	27	26	31	30	26	26	26	28	26	31	26	31	28	29	28	26	31	28	31	30	28	28	29	31	26	26	27	30	28	27	31	27	31	27	30	27	26	26	29	27	31	31	29	27	28	28	27	29	27	30	26	26	31	29	27	27	26	28	27	31	26	30	31	27	26	29	29	26	28	27	31	27	31	30	30	26	31	27	30	31	26	31	30	31	29	30	28	29	29	27	28	26	27	28	26	29	30	30	31	29	27	29	31	30	31	26	28	26	31	31	29	26	30	26	28	26	29	26	31	31	27	30	30	28	30	26	28	29	26	31	27	31	27	30	28	31	28	26	31	30	28	26	30	28	
85	94	79	76	83	76	92	82	79	88	79	81	91	77	76	90	82	89	85	91	79	86	78	94	82	83	93	93	86	84	90	92	78	81	92	78	85	85	78	92	83	82	90	88	91	89	80	85	93	91	83	84	84	89	79	78	92	93	80	86	77	78	81	86	79	83	87	94	84	91	80	85	94	91	84	93	93	83	85	90	77	77	81	88	87	91	82	83	76	90	76	81	84	84	76	89	88	92	78	91	92	86	79	82	93	80	78	92	83	90	80	93	76	91	83	76	85	91	94	92	93	90	86	92	89	87	86	83	84	86	92	79	86	90	84	89	92	86	86	85	80	83	85	94	93	86	79	80	81	89	88	85	82	88	84	84	83	90	82	92	82	93	82	91	94	93	85	83	92	81	90	91	83	77	76	94	81	78	90	88	79	85	83	83	92	94	91	91	89	90	83	92	80	81	84	81	83	82	84	94	83	82	78	86	85	78	77	79	87	93	76	85	93	81	94	78	90	80	92	91	94	80	91	79	86	82	80	87	79	87	90	94	89	84	78	83	76	93	85	77	85	81	94	89	92	78	76	86	85	76	85	79	82	80	92	88	79	82	86	89	93	80	84	82	90	76	80	91	80	81	86	88	86	79	82	91	77	86	87	80	76	93	85	81	83	77	91	84	76	80	87	80	76	82	93	93	76	80	76	82	
22	29.7	12.1	13.2	18.7	31.9	30.8	13.2	25.3	19.8	13.2	11	27.5	26.4	27.5	27.5	13.2	12.1	22	26.4	11	17.6	12.1	29.7	30.8	12.1	19.8	19.8	11	11	25.3	31.9	25.3	13.2	28.6	33	28.6	20.9	20.9	22	24.2	19.8	26.4	17.6	13.2	13.2	30.8	20.9	33	11	31.9	14.3	14.3	29.7	27.5	24.2	14.3	33	24.2	33	25.3	14.3	19.8	15.4	20.9	27.5	16.5	18.7	17.6	14.3	29.7	20.9	23.1	30.8	11	14.3	24.2	33	26.4	23.1	27.5	20.9	28.6	12.1	24.2	19.8	26.4	14.3	29.7	25.3	16.5	17.6	28.6	19.8	11	33	13.2	31.9	28.6	23.1	20.9	33	19.8	33	30.8	27.5	31.9	11	11	26.4	16.5	26.4	31.9	12.1	26.4	31.9	31.9	23.1	23.1	30.8	29.7	13.2	29.7	14.3	12.1	17.6	29.7	18.7	13.2	12.1	12.1	18.7	17.6	26.4	14.3	28.6	27.5	11	17.6	31.9	31.9	15.4	22	18.7	27.5	14.3	12.1	25.3	11	15.4	11	30.8	11	29.7	19.8	33	19.8	22	22	29.7	25.3	17.6	17.6	19.8	16.5	17.6	24.2	13.2	30.8	29.7	13.2	24.2	14.3	27.5	18.7	20.9	18.7	33	15.4	17.6	30.8	12.1	11	30.8	13.2	24.2	30.8	33	13.2	20.9	23.1	15.4	14.3	15.4	28.6	24.2	14.3	28.6	17.6	30.8	19.8	25.3	17.6	29.7	13.2	26.4	24.2	23.1	11	33	22	17.6	15.4	27.5	13.2	27.5	33	23.1	13.2	33	11	22	27.5	17.6	15.4	20.9	17.6	14.3	25.3	25.3	12.1	20.9	29.7	28.6	31.9	15.4	11	31.9	26.4	19.8	27.5	28.6	15.4	25.3	31.9	18.7	11	24.2	14.3	12.1	25.3	33	12.1	16.5	28.6	29.7	20.9	25.3	26.4	20.9	33	30.8	22	24.2	13.2	12.1	30.8	29.7	25.3	24.2	33	26.4	23.1	24.2	16.5	24.2	12.1	15.4	11	33	30.8	23.1	15.4	30.8	29.7	25.3	27.5	12.1	30.8	23.1	12.1	31.9	14.3	11	25.3	15.4	14.3	20.9	30.8	16.5	
16.5	15.4	29.7	14.3	17.6	31.9	17.6	15.4	17.6	28.6	26.4	11	22	20.9	16.5	12.1	16.5	22	16.5	24.2	14.3	22	15.4	31.9	31.9	17.6	14.3	25.3	23.1	18.7	23.1	22	13.2	11	20.9	11	27.5	28.6	20.9	17.6	24.2	24.2	12.1	18.7	12.1	14.3	27.5	25.3	20.9	29.7	14.3	30.8	22	28.6	20.9	33	16.5	16.5	25.3	13.2	20.9	11	25.3	19.8	33	29.7	23.1	31.9	14.3	27.5	24.2	18.7	14.3	22	33	24.2	18.7	30.8	20.9	33	22	18.7	26.4	13.2	25.3	33	22	27.5	23.1	15.4	20.9	19.8	18.7	19.8	18.7	23.1	33	25.3	18.7	26.4	12.1	27.5	20.9	30.8	33	33	29.7	11	24.2	26.4	23.1	27.5	13.2	13.2	31.9	25.3	20.9	26.4	28.6	33	19.8	23.1	11	26.4	23.1	33	33	17.6	20.9	26.4	30.8	29.7	17.6	31.9	27.5	17.6	11	24.2	11	29.7	22	23.1	17.6	12.1	31.9	11	19.8	26.4	12.1	27.5	31.9	16.5	12.1	15.4	22	30.8	28.6	29.7	26.4	13.2	30.8	14.3	19.8	27.5	24.2	14.3	19.8	11	24.2	16.5	19.8	17.6	13.2	26.4	19.8	12.1	22	23.1	26.4	27.5	33	30.8	25.3	11	18.7	18.7	22	31.9	23.1	17.6	33	30.8	19.8	17.6	12.1	13.2	14.3	16.5	25.3	14.3	16.5	12.1	19.8	14.3	22	23.1	14.3	19.8	15.4	19.8	20.9	28.6	18.7	26.4	12.1	30.8	26.4	14.3	11	20.9	22	26.4	17.6	23.1	20.9	18.7	17.6	31.9	25.3	17.6	20.9	19.8	11	20.9	20.9	14.3	19.8	24.2	23.1	14.3	20.9	20.9	24.2	30.8	20.9	24.2	30.8	23.1	24.2	18.7	12.1	12.1	33	30.8	16.5	33	23.1	14.3	11	23.1	15.4	33	11	28.6	14.3	17.6	31.9	18.7	17.6	28.6	26.4	11	17.6	13.2	27.5	16.5	17.6	27.5	33	16.5	20.9	22	31.9	30.8	33	23.1	31.9	20.9	26.4	17.6	22	28.6	26.4	20.9	22	15.4	28.6	12.1	24.2	16.5	
31.9	27.5	33	30.8	11	22	31.9	31.9	31.9	33	28.6	15.4	23.1	25.3	14.3	18.7	33	18.7	30.8	30.8	
13	12	11	16	16	11	10	14	12	11	18	18	15	11	20	11	20	14	12	14	10	17	19	16	17	20	16	13	16	15	17	13	17	19	19	11	14	13	16	20	11	10	16	13	10	17	18	14	11	14	15	19	13	17	20	17	18	18	16	16	12	20	12	18	10	20	13	11	19	17	19	14	13	10	20	14	15	15	13	15	11	13	17	19	14	13	14	16	19	14	16	14	17	18	17	12	17	13	12	11	16	13	13	14	12	16	14	10	10	13	18	14	17	14	13	11	13	19	13	18	16	20	15	18	17	10	14	11	14	13	14	18	11	10	13	16	11	16	17	17	14	18	19	12	15	15	11	14	14	18	14	17	12	12	13	18	12	14	11	20	17	15	20	17	14	15	16	14	18	11	14	10	13	12	12	20	18	20	11	15	13	19	11	15	15	11	12	10	20	16	11	10	17	15	10	19	10	12	13	18	20	17	18	14	18	16	16	20	11	17	10	18	20	18	10	10	16	20	13	11	10	19	20	11	11	19	17	11	14	19	12	13	20	17	20	18	11	15	13	10	11	19	16	16	18	10	12	14	12	13	19	10	11	13	13	17	20	19	17	16	20	19	10	20	11	19	13	15	20	19	17	12	13	11	14	13	20	11	19	10	14	13	18	17	11	19	16	18	15	12	10	16	14	14	19	19	19	17	19	11	
1	1	1	1	1	1	1	1	1	1	1	1	1	1	1	2	2	2	2	2	2	2	2	2	2	2	2	2	2	2	2	2	2	2	3	3	3	3	3	3	3	3	4	4	4	4	4	4	4	4	4	4	4	4	4	4	4	4	4	4	4	4	5	5	5	5	5	5	5	5	5	5	5	5	5	5	5	6	6	6	6	6	6	6	6	6	6	6	6	6	6	6	6	7	7	7	7	7	7	7	7	7	7	8	8	8	8	8	8	8	8	8	8	8	8	8	8	9	9	9	9	9	9	9	9	9	9	9	9	9	9	10	10	10	10	10	10	10	10	10	10	10	10	10	10	10	10	10	10	11	11	11	11	11	11	11	11	11	11	11	11	11	11	11	12	12	12	12	12	12	12	12	12	12	12	12	12	12	12	12	13	13	13	13	13	13	13	13	13	13	13	13	13	14	14	14	14	14	14	14	14	14	14	14	14	14	14	15	15	15	15	15	15	15	15	15	15	15	15	15	15	16	16	16	16	16	16	16	16	16	16	16	16	16	16	16	16	16	16	17	17	17	17	17	17	17	17	17	17	17	17	17	17	17	17	17	17	17	18	18	18	18	18	18	18	18	18	18	18	18	18	18	18	18	19	19	19	19	19	19	19	19	19	19	19	19	20	20	20	20	20	20	20	20	20	20	20	20	20	20	
