300
10	2
468	23.1
28	26	26	26	29	28	27	29	28	30	26	30	28	29	29	29	26	28	31	30	30	30	31	26	28	31	27	30	31	27	26	27	30	26	27	29	30	26	27	27	31	27	28	27	26	28	29	31	30	29	29	28	26	31	26	30	28	31	31	30	29	27	27	31	30	31	31	31	27	29	28	28	29	30	26	30	28	30	26	26	27	27	29	27	31	27	30	31	31	30	28	29	30	29	30	27	31	26	27	31	26	29	26	26	30	28	26	27	26	30	27	30	27	28	31	31	27	27	28	28	31	27	31	30	28	29	28	26	29	29	26	31	28	31	27	31	27	31	30	26	30	26	30	30	29	31	29	30	26	26	26	27	26	29	29	30	30	27	29	26	28	26	28	27	27	29	31	29	30	30	29	30	27	30	31	26	30	26	31	29	30	29	27	28	28	29	26	29	29	27	30	27	31	28	26	28	31	31	29	28	29	28	29	30	29	30	26	28	27	29	30	30	30	27	28	26	28	30	26	29	31	29	28	27	31	26	30	26	31	31	30	31	29	26	30	30	30	28	29	30	28	30	29	29	30	31	31	27	26	28	30	31	31	27	30	27	29	28	26	28	31	29	29	31	27	30	26	31	31	29	28	26	29	31	27	31	26	30	26	30	27	31	31	28	29	29	30	28	27	27	26	30	26	28	30	29	26	26	30	28	
94	82	94	84	76	78	76	84	94	83	81	90	77	92	88	79	87	79	78	91	92	82	87	90	90	87	89	88	82	92	78	82	81	78	87	91	87	78	89	92	76	79	85	93	86	85	82	89	78	93	87	80	76	91	94	81	85	88	89	78	79	92	80	94	90	82	89	92	83	90	94	79	91	87	94	78	92	91	88	83	94	89	88	91	76	86	85	88	79	88	79	91	90	91	85	79	85	82	81	78	77	88	80	93	76	88	90	76	80	85	94	92	88	87	84	91	82	84	84	85	84	83	94	82	86	79	86	80	82	78	76	81	93	94	81	87	78	90	86	88	92	85	88	79	89	83	79	78	92	80	82	80	84	82	87	82	77	83	87	84	88	80	82	82	77	88	91	93	92	80	82	83	90	94	76	81	94	92	82	79	88	92	87	90	91	87	85	87	92	87	87	78	81	85	76	81	91	89	83	82	93	88	81	85	86	77	78	88	76	87	84	94	80	79	90	94	94	79	83	83	84	80	94	90	94	82	84	93	86	90	93	87	93	92	92	76	87	77	77	85	88	94	86	88	79	94	85	90	90	77	91	94	77	83	94	76	85	94	82	79	85	89	94	77	82	87	76	88	78	82	78	78	84	91	81	79	86	87	88	94	83	91	85	87	89	82	90	88	87	85	87	78	84	89	79	91	80	84	85	88	
14.3	30.8	13.2	19.8	11	23.1	15.4	29.7	28.6	24.2	19.8	30.8	25.3	20.9	18.7	14.3	20.9	26.4	14.3	17.6	29.7	27.5	31.9	23.1	13.2	23.1	22	30.8	33	30.8	27.5	12.1	15.4	20.9	27.5	15.4	33	11	15.4	22	16.5	28.6	15.4	11	16.5	26.4	19.8	24.2	26.4	15.4	29.7	16.5	23.1	15.4	14.3	11	26.4	11	15.4	25.3	18.7	12.1	17.6	31.9	27.5	22	18.7	27.5	24.2	20.9	12.1	18.7	29.7	26.4	30.8	17.6	26.4	33	16.5	25.3	19.8	12.1	28.6	31.9	27.5	19.8	20.9	27.5	14.3	30.8	16.5	17.6	17.6	17.6	19.8	30.8	14.3	14.3	19.8	18.7	27.5	27.5	22	17.6	33	14.3	12.1	12.1	13.2	33	13.2	13.2	22	14.3	25.3	33	22	17.6	19.8	19.8	20.9	29.7	12.1	20.9	26.4	13.2	24.2	14.3	12.1	25.3	23.1	23.1	29.7	20.9	30.8	30.8	12.1	26.4	30.8	24.2	19.8	29.7	23.1	15.4	14.3	20.9	19.8	33	20.9	14.3	31.9	17.6	28.6	15.4	33	16.5	29.7	29.7	18.7	12.1	20.9	15.4	22	19.8	15.4	14.3	29.7	31.9	22	13.2	14.3	26.4	15.4	15.4	11	11	26.4	22	17.6	23.1	28.6	16.5	22	22	22	25.3	28.6	17.6	18.7	33	13.2	20.9	22	20.9	16.5	18.7	14.3	22	12.1	27.5	22	16.5	23.1	14.3	25.3	12.1	23.1	16.5	28.6	24.2	24.2	31.9	14.3	15.4	28.6	16.5	12.1	13.2	25.3	20.9	12.1	14.3	23.1	13.2	30.8	18.7	31.9	18.7	22	28.6	17.6	26.4	18.7	33	23.1	25.3	22	30.8	30.8	12.1	30.8	25.3	25.3	11	30.8	24.2	18.7	24.2	23.1	25.3	28.6	17.6	25.3	11	28.6	22	28.6	19.8	13.2	31.9	26.4	27.5	24.2	27.5	24.2	13.2	24.2	24.2	14.3	18.7	27.5	25.3	12.1	28.6	20.9	20.9	27.5	22	29.7	30.8	33	28.6	13.2	24.2	33	11	27.5	12.1	31.9	11	23.1	16.5	13.2	27.5	17.6	30.8	11	30.8	23.1	31.9	
23.1	33	17.6	29.7	25.3	14.3	11	16.5	17.6	30.8	26.4	25.3	19.8	17.6	27.5	13.2	22	13.2	29.7	27.5	33	19.8	18.7	33	19.8	18.7	31.9	27.5	22	17.6	18.7	13.2	19.8	30.8	27.5	33	18.7	15.4	14.3	28.6	30.8	12.1	18.7	15.4	23.1	26.4	16.5	31.9	29.7	12.1	33	30.8	16.5	15.4	16.5	31.9	22	18.7	23.1	25.3	23.1	33	16.5	30.8	33	33	19.8	20.9	22	11	29.7	30.8	12.1	24.2	19.8	31.9	33	19.8	25.3	12.1	11	18.7	11	14.3	13.2	11	30.8	14.3	14.3	18.7	24.2	16.5	14.3	22	11	31.9	11	30.8	11	23.1	18.7	14.3	18.7	23.1	19.8	12.1	15.4	17.6	24.2	29.7	16.5	19.8	13.2	16.5	24.2	26.4	11	15.4	24.2	15.4	12.1	23.1	17.6	20.9	20.9	25.3	33	24.2	25.3	20.9	19.8	25.3	16.5	27.5	28.6	23.1	28.6	16.5	13.2	17.6	17.6	30.8	13.2	19.8	25.3	18.7	27.5	17.6	26.4	20.9	28.6	25.3	12.1	24.2	22	30.8	30.8	25.3	25.3	33	18.7	24.2	26.4	12.1	23.1	18.7	28.6	14.3	29.7	31.9	16.5	28.6	31.9	12.1	17.6	26.4	28.6	14.3	22	31.9	13.2	13.2	28.6	30.8	33	18.7	30.8	19.8	24.2	11	24.2	25.3	18.7	16.5	31.9	33	27.5	11	17.6	16.5	29.7	16.5	19.8	22	27.5	15.4	12.1	16.5	30.8	22	12.1	23.1	17.6	28.6	18.7	26.4	14.3	16.5	20.9	16.5	18.7	27.5	11	27.5	20.9	11	20.9	30.8	23.1	30.8	27.5	17.6	17.6	31.9	26.4	30.8	28.6	15.4	16.5	14.3	29.7	31.9	11	20.9	15.4	16.5	13.2	16.5	29.7	23.1	29.7	30.8	15.4	15.4	25.3	33	24.2	19.8	16.5	23.1	31.9	29.7	18.7	26.4	29.7	20.9	20.9	25.3	20.9	28.6	14.3	24.2	18.7	30.8	11	25.3	24.2	24.2	13.2	16.5	33	11	22	27.5	13.2	24.2	14.3	24.2	24.2	11	19.8	27.5	17.6	29.7	15.4	24.2	26.4	30.8	33	30.8	
22	23.1	30.8	13.2	31.9	19.8	16.5	28.6	17.6	14.3	
15	17	11	10	16	14	10	12	11	15	16	17	14	11	13	19	15	10	15	12	12	10	13	12	19	11	11	20	16	17	15	10	19	20	15	10	19	18	10	10	17	17	17	17	14	18	14	15	19	16	16	17	14	20	18	13	17	13	17	10	17	17	20	20	19	15	12	13	15	10	15	14	14	13	19	20	11	16	19	12	19	17	15	17	15	20	18	15	14	15	20	20	16	16	17	11	11	14	20	20	17	17	10	12	16	11	10	10	16	20	18	10	15	11	18	19	11	20	17	15	19	12	16	10	10	10	13	20	10	19	19	19	10	20	11	13	20	17	16	13	14	15	20	18	14	11	20	12	13	15	14	16	17	15	17	13	11	19	15	10	12	16	20	20	17	13	11	18	19	14	18	11	16	13	18	12	14	14	19	11	17	15	16	11	18	14	14	16	18	16	16	17	19	12	19	14	17	10	17	16	19	19	14	11	16	13	17	20	13	10	18	15	15	11	11	20	15	13	15	14	14	14	11	18	15	20	20	13	20	10	13	18	16	20	10	16	19	16	15	13	17	10	16	20	17	20	15	15	16	16	15	16	15	13	12	10	20	10	17	16	20	17	17	14	16	11	14	10	14	17	20	18	14	11	20	19	13	20	16	17	16	19	11	10	14	20	10	11	13	16	15	20	15	19	15	15	14	17	18	16	
1	1	1	1	1	1	1	1	1	1	1	1	1	1	1	1	1	1	1	1	1	1	1	1	1	1	1	1	2	2	2	2	2	2	2	2	2	2	2	2	2	2	2	2	2	2	2	2	2	2	2	2	2	2	2	2	2	2	2	2	2	2	2	3	3	3	3	3	3	3	3	3	3	3	3	3	3	3	3	3	3	3	3	3	3	3	3	3	4	4	4	4	4	4	4	4	4	4	4	4	4	4	4	4	4	4	4	4	4	4	4	4	4	4	4	5	5	5	5	5	5	5	5	5	5	5	5	5	5	5	5	5	5	5	5	5	5	5	5	5	5	5	5	5	5	5	6	6	6	6	6	6	6	6	6	6	6	6	6	6	6	6	6	6	6	6	6	6	6	6	6	6	6	7	7	7	7	7	7	7	7	7	7	7	7	7	7	7	7	7	7	7	7	7	7	7	7	7	7	7	7	7	7	8	8	8	8	8	8	8	8	8	8	8	8	8	8	8	8	8	8	8	8	8	8	8	8	8	8	8	8	9	9	9	9	9	9	9	9	9	9	9	9	9	9	9	9	9	9	9	9	9	9	9	9	9	9	9	9	9	9	9	10	10	10	10	10	10	10	10	10	10	10	10	10	10	10	10	10	10	10	10	10	10	10	10	10	10	10	10	10	10	10	10	10	10	10	10	10	10	
