300
10	2
471	24.2
29	29	26	28	27	31	28	28	28	27	30	30	26	29	31	27	30	29	27	27	28	28	27	29	28	31	26	28	29	29	29	30	31	29	26	28	27	30	29	26	30	28	28	27	26	29	27	28	31	27	29	29	29	31	26	28	28	31	28	31	31	31	31	26	26	31	30	28	29	28	30	27	29	31	26	31	31	29	26	27	29	30	31	26	30	27	31	27	27	26	30	30	30	28	27	31	26	31	30	28	27	30	30	31	29	27	31	29	26	30	30	29	31	26	31	26	26	31	31	31	30	27	26	31	31	30	30	29	31	28	31	26	29	28	27	28	27	31	30	27	28	28	27	28	30	27	31	29	28	30	28	26	26	27	27	26	29	28	30	31	30	30	29	26	30	28	31	30	27	28	28	30	29	27	28	30	31	26	26	31	29	29	26	31	28	26	27	28	30	30	30	31	31	27	28	28	26	27	31	27	28	27	28	27	26	26	29	26	28	29	31	28	30	31	31	28	31	28	28	30	27	29	31	29	30	31	27	31	27	26	30	30	26	28	27	27	27	26	27	31	28	26	28	31	26	31	31	30	28	29	27	28	31	29	31	29	27	26	30	27	29	26	29	31	31	28	30	30	30	27	28	29	28	31	30	31	28	28	27	31	27	28	27	30	27	30	28	26	27	26	31	30	31	31	27	31	26	31	27	31	
93	87	88	78	91	90	91	91	84	86	78	81	93	85	91	94	82	88	76	89	82	87	85	90	90	83	77	91	89	78	87	80	88	77	78	83	76	82	90	81	76	77	86	87	93	83	92	88	84	77	94	84	85	88	81	83	83	89	90	89	84	82	88	87	88	81	88	84	90	89	88	87	94	85	87	87	90	85	94	78	93	79	83	78	89	79	85	86	93	85	94	89	83	90	77	77	81	90	88	91	92	80	80	94	87	81	80	88	82	82	85	93	79	79	80	87	91	77	79	80	92	93	94	89	85	89	93	84	80	87	84	83	94	90	92	87	76	78	77	79	81	76	88	82	83	94	85	77	77	85	90	78	83	81	82	90	79	77	81	87	86	83	78	94	82	87	82	91	76	91	90	89	92	89	81	91	76	92	93	81	76	83	84	87	76	86	84	82	82	76	88	77	81	94	85	81	87	85	93	77	93	91	78	85	85	80	84	79	83	79	78	87	86	77	89	87	91	81	84	82	89	90	93	86	93	79	86	79	94	86	88	88	87	86	80	90	91	85	92	79	85	94	83	89	80	87	88	84	78	77	91	83	91	93	88	77	76	94	80	94	88	88	76	89	94	80	81	92	80	80	85	90	82	90	84	86	91	76	84	91	76	88	81	82	93	79	82	89	88	76	87	89	84	89	81	93	76	85	90	77	
33	28.6	24.2	11	24.2	13.2	15.4	28.6	18.7	14.3	31.9	11	25.3	29.7	16.5	23.1	16.5	18.7	25.3	19.8	13.2	33	13.2	13.2	15.4	18.7	29.7	22	24.2	18.7	22	26.4	15.4	16.5	29.7	13.2	31.9	25.3	17.6	30.8	24.2	26.4	12.1	16.5	14.3	11	33	14.3	26.4	33	33	33	15.4	19.8	19.8	12.1	33	22	27.5	24.2	22	25.3	28.6	18.7	18.7	20.9	33	23.1	13.2	31.9	33	31.9	23.1	12.1	23.1	27.5	33	28.6	23.1	26.4	18.7	17.6	18.7	15.4	13.2	20.9	13.2	15.4	29.7	27.5	19.8	33	19.8	29.7	13.2	33	15.4	26.4	26.4	11	23.1	29.7	27.5	29.7	31.9	26.4	20.9	33	22	26.4	22	25.3	25.3	27.5	17.6	26.4	28.6	26.4	33	11	28.6	16.5	30.8	18.7	18.7	23.1	19.8	23.1	20.9	19.8	13.2	17.6	31.9	31.9	17.6	28.6	29.7	29.7	24.2	18.7	27.5	30.8	17.6	23.1	18.7	18.7	31.9	16.5	18.7	29.7	15.4	14.3	27.5	27.5	13.2	28.6	29.7	14.3	25.3	11	18.7	23.1	29.7	15.4	22	23.1	26.4	28.6	27.5	23.1	23.1	33	19.8	30.8	14.3	17.6	27.5	22	18.7	15.4	14.3	23.1	11	18.7	24.2	30.8	30.8	16.5	18.7	13.2	25.3	18.7	28.6	28.6	16.5	19.8	22	15.4	30.8	31.9	11	17.6	28.6	16.5	33	24.2	15.4	19.8	24.2	30.8	17.6	22	11	19.8	11	22	18.7	26.4	16.5	23.1	23.1	33	27.5	16.5	13.2	33	24.2	26.4	31.9	30.8	31.9	18.7	20.9	28.6	30.8	13.2	26.4	23.1	22	16.5	11	20.9	24.2	28.6	30.8	18.7	22	23.1	14.3	24.2	14.3	29.7	26.4	30.8	11	30.8	29.7	20.9	25.3	28.6	28.6	16.5	26.4	19.8	13.2	33	12.1	24.2	14.3	28.6	25.3	23.1	23.1	25.3	13.2	25.3	14.3	22	17.6	19.8	19.8	28.6	17.6	13.2	17.6	22	22	29.7	33	25.3	13.2	14.3	28.6	20.9	28.6	29.7	27.5	15.4	30.8	16.5	
20.9	29.7	19.8	18.7	31.9	26.4	17.6	23.1	23.1	30.8	27.5	23.1	15.4	26.4	20.9	24.2	19.8	12.1	28.6	26.4	29.7	24.2	12.1	23.1	24.2	31.9	27.5	11	17.6	33	17.6	12.1	13.2	28.6	33	13.2	25.3	14.3	26.4	12.1	16.5	25.3	29.7	11	12.1	25.3	31.9	33	28.6	25.3	13.2	22	16.5	26.4	22	28.6	14.3	13.2	26.4	17.6	28.6	25.3	30.8	14.3	22	24.2	19.8	17.6	33	23.1	30.8	28.6	11	33	19.8	29.7	16.5	18.7	18.7	29.7	12.1	29.7	18.7	22	31.9	17.6	23.1	13.2	31.9	22	12.1	24.2	24.2	33	33	33	30.8	29.7	18.7	31.9	29.7	27.5	11	33	22	27.5	27.5	25.3	29.7	26.4	17.6	24.2	23.1	26.4	14.3	30.8	12.1	29.7	12.1	28.6	26.4	33	22	25.3	30.8	12.1	16.5	25.3	22	16.5	19.8	12.1	14.3	17.6	13.2	15.4	24.2	11	17.6	19.8	15.4	29.7	17.6	31.9	23.1	15.4	14.3	30.8	27.5	24.2	33	14.3	28.6	12.1	18.7	11	19.8	11	26.4	19.8	15.4	16.5	22	12.1	33	20.9	23.1	20.9	12.1	22	26.4	16.5	17.6	29.7	27.5	11	20.9	22	33	14.3	14.3	31.9	17.6	11	22	31.9	18.7	15.4	23.1	23.1	24.2	24.2	17.6	28.6	29.7	13.2	27.5	26.4	31.9	14.3	27.5	24.2	25.3	30.8	14.3	29.7	12.1	15.4	33	29.7	24.2	12.1	12.1	30.8	11	26.4	19.8	28.6	18.7	15.4	26.4	22	26.4	25.3	31.9	18.7	27.5	17.6	14.3	12.1	15.4	28.6	18.7	12.1	28.6	14.3	12.1	26.4	22	25.3	24.2	27.5	19.8	15.4	25.3	16.5	16.5	16.5	31.9	16.5	26.4	11	11	23.1	23.1	15.4	30.8	29.7	17.6	16.5	17.6	22	31.9	27.5	30.8	33	17.6	25.3	20.9	33	18.7	31.9	33	18.7	15.4	33	26.4	26.4	18.7	27.5	16.5	20.9	29.7	27.5	27.5	24.2	20.9	12.1	13.2	11	24.2	29.7	22	14.3	16.5	11	28.6	11	19.8	16.5	
28.6	23.1	29.7	18.7	31.9	13.2	28.6	16.5	27.5	33	
14	11	18	12	11	10	19	19	13	16	13	18	13	17	12	10	10	16	14	17	10	16	20	17	19	13	15	14	10	18	14	12	16	17	15	18	12	20	12	20	16	15	15	20	11	10	19	14	12	18	11	14	14	11	12	12	14	20	16	13	17	19	17	11	19	20	17	17	15	20	16	17	13	10	16	15	17	18	11	10	12	15	14	17	14	17	11	19	15	14	10	15	19	20	20	19	12	20	20	14	10	18	17	14	12	14	10	11	15	14	16	12	11	11	17	19	15	20	13	18	17	15	14	15	18	14	15	18	19	11	19	16	11	12	16	13	15	11	16	15	11	11	16	13	16	19	11	13	15	20	15	17	10	11	11	11	16	18	14	20	18	16	10	14	20	12	15	14	10	20	18	20	19	17	15	12	12	19	18	12	10	20	16	15	11	17	11	13	15	13	16	16	17	19	17	14	15	20	18	15	18	18	10	13	20	15	14	12	16	19	17	14	16	15	19	16	14	12	16	14	13	19	15	15	20	14	12	13	19	18	12	12	18	12	20	17	12	14	16	20	13	14	17	16	11	17	10	17	13	18	20	12	13	19	19	14	19	19	11	16	10	13	10	16	15	15	16	15	10	11	10	15	20	16	18	20	18	16	16	11	15	18	16	16	13	15	15	18	16	13	14	11	11	18	19	15	16	18	18	17	
1	1	1	1	1	1	1	1	1	1	1	1	1	1	1	1	1	1	1	1	1	1	1	1	1	1	1	1	1	2	2	2	2	2	2	2	2	2	2	2	2	2	2	2	2	2	2	2	2	2	2	2	2	2	2	2	2	2	2	2	2	3	3	3	3	3	3	3	3	3	3	3	3	3	3	3	3	3	3	3	3	3	3	3	3	3	3	3	3	3	3	3	3	3	4	4	4	4	4	4	4	4	4	4	4	4	4	4	4	4	4	4	4	4	4	4	4	4	4	4	4	4	5	5	5	5	5	5	5	5	5	5	5	5	5	5	5	5	5	5	5	5	5	5	5	5	5	5	5	5	5	5	5	5	5	5	5	5	5	5	6	6	6	6	6	6	6	6	6	6	6	6	6	6	6	6	6	6	6	6	6	6	6	6	6	6	7	7	7	7	7	7	7	7	7	7	7	7	7	7	7	7	7	7	7	7	7	7	7	7	7	7	7	7	7	7	7	7	8	8	8	8	8	8	8	8	8	8	8	8	8	8	8	8	8	8	8	8	8	8	8	8	8	8	8	8	9	9	9	9	9	9	9	9	9	9	9	9	9	9	9	9	9	9	9	9	9	9	10	10	10	10	10	10	10	10	10	10	10	10	10	10	10	10	10	10	10	10	10	10	10	10	10	10	10	10	10	10	10	10	
