100
10	2
162	26.4
27	27	27	31	31	28	28	29	27	28	30	31	30	27	30	27	29	31	26	29	28	26	30	29	29	29	28	31	31	29	30	26	26	27	26	29	31	28	29	29	26	26	29	30	31	26	31	29	27	30	26	27	29	27	26	31	27	26	27	28	30	28	27	27	30	27	30	26	28	27	28	28	29	26	28	30	31	29	31	31	29	29	31	28	30	31	27	31	30	28	28	27	28	31	27	30	28	27	31	31	
82	82	87	77	94	92	88	77	81	92	80	77	82	82	88	84	82	85	82	92	92	87	85	91	94	83	93	84	89	93	92	87	77	83	80	86	86	93	87	94	80	86	82	80	84	79	81	90	78	89	94	93	85	77	92	77	89	92	84	92	78	93	93	89	90	78	83	93	78	83	82	85	91	92	76	77	90	85	76	90	76	85	91	76	81	88	81	81	76	92	91	91	77	83	88	90	79	89	86	84	
11	14.3	16.5	17.6	22	12.1	15.4	29.7	18.7	31.9	13.2	30.8	23.1	27.5	27.5	13.2	18.7	30.8	31.9	28.6	11	30.8	17.6	12.1	26.4	20.9	26.4	26.4	25.3	33	29.7	18.7	16.5	15.4	12.1	27.5	16.5	25.3	28.6	11	25.3	14.3	11	24.2	11	18.7	17.6	16.5	17.6	24.2	20.9	13.2	11	22	12.1	14.3	24.2	20.9	11	29.7	31.9	24.2	29.7	12.1	29.7	19.8	23.1	16.5	13.2	12.1	31.9	20.9	14.3	11	18.7	26.4	25.3	20.9	16.5	28.6	15.4	18.7	30.8	12.1	31.9	26.4	28.6	11	13.2	22	27.5	17.6	18.7	16.5	25.3	18.7	30.8	15.4	13.2	31.9	
11	27.5	30.8	17.6	31.9	31.9	30.8	15.4	28.6	15.4	23.1	13.2	29.7	20.9	24.2	28.6	22	17.6	17.6	13.2	17.6	13.2	31.9	12.1	31.9	15.4	18.7	24.2	20.9	31.9	17.6	26.4	31.9	17.6	33	22	16.5	12.1	27.5	15.4	12.1	15.4	15.4	17.6	11	25.3	23.1	31.9	30.8	13.2	30.8	28.6	27.5	17.6	19.8	31.9	29.7	15.4	30.8	24.2	29.7	29.7	15.4	15.4	29.7	13.2	22	15.4	20.9	19.8	22	33	11	31.9	23.1	13.2	31.9	26.4	24.2	20.9	25.3	22	25.3	11	11	14.3	26.4	15.4	23.1	14.3	22	29.7	30.8	14.3	25.3	24.2	20.9	13.2	27.5	28.6	
14.3	15.4	16.5	18.7	11	29.7	13.2	19.8	12.1	33	
16	14	17	10	14	16	10	11	11	11	20	18	11	11	15	19	20	13	10	14	15	14	19	17	18	17	16	20	10	20	17	12	15	15	18	19	10	18	12	19	18	14	10	13	10	10	12	14	20	14	19	13	15	20	13	18	19	14	14	19	12	10	17	15	18	14	13	12	16	12	15	14	17	18	16	12	19	18	13	14	13	17	17	10	11	11	12	17	13	18	19	13	12	14	20	11	16	19	10	18	
1	1	1	1	1	1	1	1	1	1	1	1	1	1	1	2	2	2	2	2	2	2	2	2	2	2	2	3	3	3	3	3	3	3	3	3	3	3	4	4	4	4	4	4	4	4	4	4	5	5	5	5	5	5	5	5	5	5	5	6	6	6	6	6	6	6	6	6	7	7	7	7	7	7	7	7	8	8	8	8	9	9	9	9	9	9	9	9	9	9	9	9	10	10	10	10	10	10	10	10	
