100
10	2
148	33
30	29	29	30	28	31	29	26	27	29	31	27	31	26	28	29	30	29	29	26	29	30	29	30	31	26	28	29	29	29	28	29	29	26	26	29	29	29	31	31	30	30	29	28	29	26	31	29	29	28	30	29	28	26	30	29	30	27	28	27	31	31	27	26	26	27	28	31	27	31	31	30	30	31	29	27	28	29	28	27	30	30	29	30	26	30	27	27	26	30	26	28	31	31	29	31	27	28	29	30	
92	94	79	87	94	88	77	93	87	80	77	79	90	83	78	76	90	82	87	91	94	78	88	86	77	82	87	83	86	91	90	92	93	80	90	91	93	76	93	80	77	90	79	93	79	80	79	80	88	94	76	78	84	80	93	78	81	85	87	80	78	86	77	93	92	83	79	80	81	77	77	92	87	90	79	80	92	87	79	87	81	92	81	77	78	94	80	82	83	87	85	80	77	78	84	87	90	79	85	89	
19.8	11	26.4	25.3	20.9	17.6	33	15.4	22	14.3	24.2	29.7	25.3	16.5	17.6	29.7	16.5	31.9	20.9	31.9	11	28.6	16.5	13.2	33	33	20.9	25.3	14.3	24.2	20.9	14.3	33	12.1	28.6	30.8	27.5	29.7	28.6	26.4	16.5	19.8	12.1	19.8	15.4	28.6	14.3	27.5	16.5	23.1	31.9	22	16.5	20.9	19.8	17.6	12.1	16.5	22	31.9	13.2	20.9	31.9	33	27.5	27.5	28.6	20.9	28.6	24.2	25.3	16.5	30.8	22	22	14.3	29.7	18.7	15.4	23.1	11	16.5	25.3	18.7	13.2	25.3	14.3	17.6	12.1	30.8	14.3	24.2	23.1	18.7	13.2	30.8	26.4	30.8	12.1	30.8	
15.4	26.4	27.5	11	12.1	29.7	33	15.4	17.6	33	26.4	17.6	27.5	29.7	26.4	29.7	13.2	17.6	13.2	23.1	19.8	20.9	13.2	11	22	31.9	25.3	13.2	29.7	12.1	12.1	26.4	31.9	12.1	33	29.7	16.5	26.4	30.8	27.5	15.4	28.6	11	22	24.2	22	17.6	14.3	20.9	30.8	19.8	11	17.6	26.4	17.6	23.1	33	17.6	27.5	24.2	11	22	12.1	14.3	11	16.5	13.2	31.9	27.5	14.3	13.2	31.9	24.2	25.3	29.7	17.6	17.6	23.1	29.7	31.9	22	22	26.4	22	30.8	22	30.8	13.2	26.4	20.9	23.1	13.2	12.1	29.7	33	26.4	11	25.3	26.4	30.8	
22	18.7	26.4	28.6	22	31.9	20.9	16.5	15.4	28.6	
15	13	15	12	14	17	11	15	13	17	16	14	16	12	19	16	16	12	20	15	14	10	18	18	10	20	14	18	12	11	12	13	17	18	11	14	10	10	19	10	11	15	16	10	10	19	19	13	13	11	13	13	20	17	15	12	17	10	10	20	15	14	18	18	15	14	16	18	18	16	11	15	18	15	12	10	18	15	20	11	13	15	14	18	12	10	17	19	17	19	18	16	19	20	19	10	10	11	14	20	
1	1	1	1	1	1	1	1	1	1	1	1	1	2	2	2	2	2	2	2	2	2	2	2	3	3	3	3	3	3	3	3	3	3	3	3	3	4	4	4	4	5	5	5	5	5	5	5	5	5	5	5	5	5	5	5	5	6	6	6	6	6	6	6	6	6	6	6	6	6	6	7	7	7	7	7	7	7	7	8	8	8	8	8	8	8	8	8	8	9	9	9	9	9	9	10	10	10	10	10	
