500
10	3
786	18.7
30	30	29	27	31	30	31	31	26	31	28	30	31	27	30	31	29	27	27	30	27	27	29	27	26	27	31	27	30	31	26	28	31	27	30	31	27	27	31	26	29	27	29	29	28	29	28	30	31	29	27	26	28	31	27	31	30	27	31	31	26	29	26	26	30	27	30	27	30	28	26	29	30	29	28	31	26	27	28	30	26	30	29	29	29	31	30	29	31	27	26	26	28	31	31	31	31	27	31	28	26	29	28	27	29	27	29	31	29	27	27	27	27	30	29	28	30	28	30	30	28	27	27	30	31	29	28	30	27	30	26	30	29	29	29	26	27	28	29	28	27	26	27	29	31	27	31	28	31	27	27	28	30	26	27	27	26	26	27	27	30	26	30	26	29	27	31	28	31	29	26	31	26	31	30	31	29	27	28	30	26	28	26	29	26	31	29	29	29	29	26	26	29	29	31	26	29	30	26	30	31	27	27	30	31	31	30	28	27	30	28	28	29	29	30	30	30	27	29	30	30	28	28	31	31	29	29	29	28	26	29	26	28	28	30	26	31	31	28	26	28	27	28	28	28	26	27	26	27	30	27	31	26	30	26	28	31	28	26	26	30	28	27	30	28	26	28	31	28	31	26	27	27	27	27	30	30	28	28	28	26	28	27	29	26	31	31	26	28	26	26	30	27	28	28	26	30	31	30	28	28	26	27	27	28	26	30	29	26	30	28	26	29	27	28	26	29	30	29	28	28	28	27	26	29	29	30	26	30	30	30	26	26	28	30	26	30	28	30	29	26	30	28	30	26	30	28	28	26	31	31	31	26	30	26	28	31	29	26	27	28	29	31	28	30	26	26	28	30	26	29	30	26	29	31	28	30	27	29	31	28	28	28	26	29	28	27	26	26	31	26	26	28	30	31	31	27	29	27	29	31	27	29	30	31	28	29	30	29	31	26	31	29	26	29	31	30	28	27	26	26	28	27	29	30	26	29	30	27	26	29	27	30	31	31	30	28	30	26	28	29	26	28	26	28	30	31	27	26	30	31	27	29	29	28	27	28	27	26	31	30	26	31	27	29	29	26	29	27	30	31	31	28	28	28	29	28	27	27	30	30	28	27	31	31	28	29	31	29	31	31	29	27	30	27	30	28	31	29	28	
89	76	78	76	80	81	77	93	89	92	78	78	93	87	92	92	85	93	76	92	85	79	90	89	91	80	79	81	85	79	76	81	81	79	82	86	85	85	89	81	86	87	89	94	85	92	87	92	92	88	88	83	78	82	86	89	88	93	94	78	91	90	90	86	79	92	91	77	93	94	84	84	92	84	78	85	82	79	82	94	83	85	86	79	81	93	93	82	82	79	91	77	79	85	88	83	84	90	91	82	87	93	80	81	78	92	86	82	79	89	87	94	82	83	82	77	77	88	94	85	84	82	94	86	87	90	92	81	79	76	78	86	83	78	90	76	93	77	79	81	81	78	83	90	83	91	93	87	89	89	76	78	88	78	82	89	88	83	78	80	85	93	77	84	92	76	92	83	81	94	86	84	77	82	79	92	77	78	93	86	89	80	86	80	87	78	81	89	80	89	82	78	78	89	90	91	85	86	77	85	76	89	89	93	83	76	76	84	94	78	78	92	80	79	89	91	85	88	84	76	80	94	79	78	87	80	83	91	88	90	94	89	87	78	92	93	80	84	86	86	83	82	93	91	76	85	87	92	86	84	90	88	91	77	89	91	77	79	89	92	93	88	94	79	90	86	84	83	78	80	80	81	88	85	84	82	90	90	91	84	78	83	91	87	83	82	92	93	88	78	86	88	80	84	92	87	79	81	90	88	87	91	84	90	90	94	81	89	84	79	93	78	79	88	87	88	93	77	79	89	81	88	87	91	93	84	81	83	80	92	83	88	79	78	88	81	85	76	93	79	78	90	84	81	81	90	93	89	90	86	90	90	85	84	94	78	78	84	80	93	93	79	88	90	82	82	85	87	81	92	84	93	76	81	83	83	85	91	79	84	93	78	77	80	77	89	85	88	82	77	94	90	89	87	90	82	90	93	84	87	90	86	81	93	93	88	81	88	77	86	88	92	91	80	78	79	81	88	80	83	80	80	82	89	90	84	91	91	83	79	92	84	79	80	91	93	83	83	79	76	83	83	85	82	93	86	82	77	81	94	77	92	77	78	82	79	78	92	90	77	81	78	81	90	90	88	94	88	81	89	94	94	86	86	94	80	81	92	94	89	86	79	91	92	92	76	92	81	92	87	92	87	81	88	81	84	90	94	78	77	
24.2	12.1	33	11	25.3	22	26.4	20.9	20.9	18.7	24.2	11	11	20.9	23.1	24.2	26.4	25.3	24.2	11	31.9	33	26.4	33	19.8	28.6	20.9	27.5	27.5	22	12.1	28.6	33	23.1	19.8	11	23.1	15.4	17.6	24.2	26.4	17.6	25.3	13.2	30.8	11	22	24.2	17.6	17.6	17.6	31.9	11	30.8	19.8	17.6	26.4	25.3	18.7	17.6	23.1	11	20.9	33	20.9	15.4	24.2	12.1	25.3	31.9	30.8	15.4	28.6	17.6	24.2	30.8	31.9	11	27.5	15.4	25.3	14.3	24.2	23.1	17.6	16.5	16.5	31.9	22	17.6	20.9	28.6	26.4	20.9	11	25.3	25.3	23.1	26.4	11	24.2	30.8	18.7	27.5	33	15.4	15.4	26.4	17.6	17.6	22	16.5	25.3	12.1	30.8	13.2	23.1	20.9	20.9	27.5	25.3	30.8	12.1	31.9	28.6	16.5	25.3	26.4	27.5	24.2	19.8	13.2	31.9	15.4	28.6	29.7	22	23.1	24.2	28.6	15.4	26.4	30.8	20.9	14.3	27.5	29.7	12.1	30.8	29.7	28.6	14.3	17.6	26.4	12.1	11	25.3	23.1	24.2	12.1	22	33	13.2	25.3	11	30.8	30.8	28.6	12.1	12.1	19.8	11	14.3	30.8	17.6	22	16.5	20.9	18.7	12.1	27.5	12.1	29.7	14.3	27.5	26.4	28.6	13.2	20.9	24.2	20.9	15.4	33	20.9	20.9	24.2	20.9	29.7	17.6	31.9	27.5	28.6	30.8	29.7	13.2	25.3	27.5	24.2	18.7	24.2	29.7	18.7	30.8	15.4	23.1	22	19.8	14.3	29.7	20.9	24.2	13.2	22	28.6	19.8	27.5	15.4	28.6	17.6	15.4	33	24.2	31.9	11	19.8	33	30.8	25.3	31.9	13.2	33	15.4	27.5	29.7	31.9	24.2	14.3	18.7	11	14.3	25.3	22	33	22	25.3	31.9	26.4	17.6	31.9	28.6	28.6	29.7	17.6	24.2	16.5	19.8	25.3	29.7	23.1	27.5	16.5	19.8	16.5	15.4	11	26.4	26.4	20.9	31.9	33	29.7	14.3	30.8	25.3	18.7	19.8	26.4	30.8	19.8	22	31.9	22	11	17.6	17.6	16.5	25.3	13.2	25.3	19.8	14.3	13.2	28.6	16.5	15.4	18.7	15.4	11	14.3	28.6	23.1	20.9	26.4	29.7	30.8	14.3	20.9	30.8	29.7	30.8	15.4	30.8	13.2	22	19.8	16.5	20.9	22	12.1	27.5	24.2	30.8	15.4	14.3	14.3	12.1	20.9	25.3	24.2	22	30.8	23.1	29.7	22	15.4	12.1	14.3	28.6	17.6	31.9	24.2	26.4	14.3	29.7	27.5	29.7	30.8	33	31.9	33	24.2	11	11	22	17.6	22	18.7	17.6	26.4	30.8	19.8	31.9	24.2	12.1	25.3	16.5	20.9	31.9	18.7	28.6	29.7	28.6	24.2	23.1	16.5	11	14.3	22	25.3	25.3	27.5	23.1	31.9	17.6	29.7	22	13.2	29.7	26.4	33	13.2	29.7	25.3	19.8	20.9	33	13.2	11	20.9	20.9	22	18.7	25.3	26.4	19.8	28.6	26.4	30.8	17.6	17.6	26.4	30.8	23.1	33	14.3	11	16.5	24.2	25.3	14.3	33	27.5	33	14.3	29.7	33	12.1	24.2	28.6	12.1	25.3	12.1	16.5	28.6	29.7	25.3	17.6	19.8	13.2	18.7	29.7	27.5	28.6	15.4	23.1	27.5	19.8	19.8	17.6	33	13.2	27.5	24.2	25.3	14.3	28.6	31.9	16.5	24.2	11	22	24.2	27.5	20.9	18.7	19.8	11	23.1	25.3	28.6	17.6	19.8	12.1	26.4	13.2	14.3	28.6	22	15.4	12.1	25.3	33	19.8	28.6	16.5	18.7	30.8	19.8	19.8	30.8	
33	28.6	14.3	26.4	20.9	23.1	11	27.5	12.1	23.1	19.8	27.5	12.1	31.9	31.9	31.9	14.3	25.3	27.5	16.5	11	27.5	20.9	12.1	19.8	33	19.8	30.8	13.2	19.8	30.8	15.4	29.7	19.8	19.8	23.1	14.3	15.4	30.8	24.2	20.9	26.4	19.8	33	23.1	17.6	25.3	31.9	17.6	29.7	13.2	24.2	24.2	33	33	19.8	27.5	11	13.2	24.2	31.9	20.9	31.9	12.1	20.9	28.6	13.2	23.1	31.9	16.5	13.2	12.1	14.3	18.7	19.8	22	15.4	14.3	14.3	30.8	18.7	14.3	27.5	17.6	15.4	29.7	16.5	28.6	14.3	13.2	17.6	18.7	25.3	30.8	30.8	20.9	26.4	12.1	28.6	22	24.2	26.4	29.7	12.1	14.3	29.7	18.7	20.9	11	17.6	24.2	27.5	27.5	18.7	19.8	16.5	24.2	16.5	22	18.7	25.3	22	16.5	11	25.3	29.7	11	27.5	28.6	20.9	12.1	19.8	11	19.8	11	13.2	33	17.6	23.1	26.4	24.2	15.4	15.4	11	22	31.9	16.5	28.6	18.7	15.4	11	24.2	22	28.6	20.9	33	23.1	15.4	31.9	15.4	17.6	33	22	17.6	12.1	29.7	14.3	16.5	20.9	33	11	13.2	22	12.1	16.5	30.8	24.2	25.3	33	26.4	23.1	20.9	11	16.5	24.2	22	25.3	28.6	23.1	30.8	20.9	30.8	24.2	20.9	25.3	20.9	24.2	24.2	14.3	24.2	19.8	24.2	14.3	19.8	22	19.8	20.9	29.7	17.6	24.2	27.5	12.1	24.2	22	28.6	16.5	30.8	18.7	29.7	17.6	29.7	25.3	22	28.6	16.5	26.4	33	24.2	14.3	16.5	23.1	33	31.9	29.7	33	12.1	22	30.8	25.3	29.7	20.9	19.8	15.4	26.4	33	16.5	29.7	19.8	31.9	27.5	23.1	23.1	28.6	24.2	24.2	20.9	17.6	22	14.3	19.8	31.9	18.7	23.1	18.7	26.4	31.9	30.8	31.9	14.3	12.1	14.3	22	33	19.8	19.8	25.3	13.2	25.3	18.7	25.3	18.7	31.9	18.7	13.2	20.9	26.4	28.6	33	33	15.4	26.4	17.6	20.9	27.5	24.2	30.8	27.5	29.7	11	16.5	33	31.9	20.9	30.8	13.2	19.8	25.3	27.5	18.7	30.8	17.6	20.9	29.7	17.6	14.3	19.8	18.7	12.1	18.7	23.1	16.5	31.9	27.5	15.4	29.7	15.4	31.9	29.7	24.2	18.7	22	19.8	15.4	18.7	29.7	18.7	12.1	30.8	22	16.5	28.6	27.5	18.7	14.3	27.5	22	17.6	26.4	11	25.3	27.5	18.7	11	12.1	31.9	31.9	17.6	28.6	12.1	18.7	12.1	31.9	27.5	16.5	11	28.6	25.3	15.4	33	11	29.7	18.7	31.9	18.7	31.9	12.1	18.7	25.3	11	18.7	15.4	22	15.4	12.1	14.3	12.1	18.7	33	26.4	33	12.1	15.4	27.5	20.9	17.6	17.6	29.7	24.2	30.8	28.6	30.8	16.5	11	33	22	23.1	23.1	12.1	31.9	23.1	29.7	29.7	27.5	26.4	19.8	33	28.6	29.7	25.3	14.3	15.4	28.6	19.8	27.5	12.1	33	24.2	11	17.6	24.2	17.6	16.5	25.3	12.1	30.8	31.9	17.6	19.8	23.1	24.2	12.1	19.8	25.3	16.5	25.3	30.8	30.8	17.6	28.6	12.1	30.8	33	22	31.9	27.5	23.1	20.9	24.2	13.2	31.9	25.3	27.5	28.6	23.1	30.8	25.3	16.5	33	25.3	11	12.1	12.1	25.3	26.4	16.5	11	29.7	25.3	23.1	25.3	23.1	22	29.7	28.6	26.4	28.6	13.2	20.9	31.9	15.4	16.5	12.1	26.4	33	28.6	33	15.4	23.1	25.3	12.1	
15.4	16.5	23.1	31.9	27.5	33	11	26.4	17.6	18.7	
17	18	14	18	18	20	12	17	13	18	10	15	16	15	17	10	18	19	15	10	12	13	18	16	15	20	20	18	12	16	11	18	10	10	10	16	13	18	13	12	13	19	14	14	10	19	12	13	13	15	20	17	12	10	12	18	10	16	17	10	19	17	20	14	10	19	19	19	10	18	17	19	13	13	12	16	12	12	10	10	15	16	10	20	10	11	11	20	15	16	14	16	17	20	14	10	20	19	11	12	10	20	12	10	16	14	17	11	12	16	16	13	11	19	17	11	13	20	19	19	14	18	12	18	13	17	18	12	19	19	18	14	18	16	14	14	14	14	15	13	15	16	12	16	11	19	19	11	19	11	19	10	16	13	20	13	19	10	11	14	20	20	17	18	12	10	17	15	16	15	14	13	12	15	18	12	11	17	12	11	17	16	17	19	12	13	19	16	17	16	13	10	19	10	20	13	16	11	12	17	20	11	16	13	17	10	15	11	15	20	17	20	15	16	13	17	18	11	13	17	12	16	14	19	15	10	15	18	20	20	15	15	15	11	18	17	16	11	12	18	17	19	14	12	12	11	16	11	20	18	19	16	16	20	19	17	18	14	12	16	10	13	13	15	16	20	13	18	15	19	11	19	18	14	17	10	19	14	14	12	19	15	11	19	10	15	16	18	19	18	12	16	18	17	15	13	14	19	19	13	13	15	12	19	18	12	19	13	15	14	15	15	11	10	10	16	19	16	16	20	10	19	11	18	14	14	18	19	19	20	10	17	17	11	15	11	13	17	18	10	20	16	17	12	18	13	11	18	14	14	17	14	19	11	16	20	15	11	12	17	19	15	12	11	15	10	12	11	12	16	17	14	14	19	17	10	12	18	16	11	18	13	11	10	19	11	16	20	18	10	15	17	12	13	11	15	15	15	12	10	15	14	14	17	12	20	12	12	10	17	11	19	11	14	15	17	20	20	15	10	14	10	10	17	10	16	11	13	18	13	10	10	10	10	10	19	14	15	14	13	10	13	17	20	17	16	14	12	11	10	14	14	15	11	14	11	12	18	17	11	13	13	12	18	15	11	17	20	17	15	11	10	14	16	11	17	16	12	15	10	12	15	16	18	10	13	10	13	17	16	10	13	19	20	15	12	11	10	11	19	
1	1	1	1	1	1	1	1	1	1	1	1	1	1	1	1	1	1	1	1	1	1	1	1	1	1	1	1	1	1	1	1	1	1	1	1	1	1	1	1	1	1	1	1	1	1	1	1	1	1	1	1	1	1	1	1	1	1	1	1	1	2	2	2	2	2	2	2	2	2	2	2	2	2	2	2	2	2	2	2	2	2	2	2	2	2	2	2	2	2	2	2	2	2	2	2	2	2	2	2	2	2	2	2	2	2	2	2	2	2	2	2	2	2	2	2	2	2	3	3	3	3	3	3	3	3	3	3	3	3	3	3	3	3	3	3	3	3	3	3	3	3	3	3	3	3	3	3	3	3	3	3	3	3	3	3	3	3	3	3	3	3	3	3	3	3	3	3	3	3	3	3	3	3	3	3	3	3	3	3	4	4	4	4	4	4	4	4	4	4	4	4	4	4	4	4	4	4	4	4	4	4	4	4	4	4	4	4	4	4	4	4	4	4	4	4	4	5	5	5	5	5	5	5	5	5	5	5	5	5	5	5	5	5	5	5	5	5	5	5	5	5	5	5	5	5	5	5	5	5	5	5	5	5	5	5	5	5	5	5	5	5	5	6	6	6	6	6	6	6	6	6	6	6	6	6	6	6	6	6	6	6	6	6	6	6	6	6	6	6	6	6	6	6	6	6	6	6	6	6	6	6	6	6	6	6	6	6	6	6	6	6	6	6	7	7	7	7	7	7	7	7	7	7	7	7	7	7	7	7	7	7	7	7	7	7	7	7	7	7	7	7	7	7	7	7	7	7	7	7	7	7	7	7	7	7	7	7	8	8	8	8	8	8	8	8	8	8	8	8	8	8	8	8	8	8	8	8	8	8	8	8	8	8	8	8	8	8	8	8	8	8	8	8	8	8	8	8	8	8	8	8	8	8	8	8	8	8	8	8	9	9	9	9	9	9	9	9	9	9	9	9	9	9	9	9	9	9	9	9	9	9	9	9	9	9	9	9	9	9	9	9	9	9	9	9	9	9	10	10	10	10	10	10	10	10	10	10	10	10	10	10	10	10	10	10	10	10	10	10	10	10	10	10	10	10	10	10	10	10	10	10	10	10	10	10	10	10	10	10	10	10	10	10	10	10	10	10	10	10	
