400
20	5
305	26.4
27	31	30	28	31	29	30	26	28	30	30	27	31	29	30	31	30	27	30	26	29	29	28	26	27	28	30	31	31	26	30	29	27	26	28	29	28	27	26	29	28	29	30	29	31	28	28	31	28	31	29	29	29	31	30	30	29	29	30	30	28	27	29	31	31	29	29	26	26	26	27	30	29	29	30	26	28	29	26	28	26	28	27	30	26	27	26	27	29	30	28	30	29	30	29	28	30	29	29	28	29	31	31	30	31	29	30	29	30	28	31	26	31	28	30	26	29	31	27	29	27	30	27	29	31	26	29	30	28	26	27	31	30	31	31	31	26	26	31	27	26	30	28	30	29	31	26	31	27	26	28	29	30	31	26	29	29	29	29	29	31	29	27	28	30	29	26	27	30	29	28	29	31	27	26	26	27	29	26	27	26	28	29	29	27	30	29	30	31	30	26	31	31	26	27	30	31	31	29	26	28	26	31	30	28	29	26	29	29	28	29	30	27	31	31	29	26	29	28	26	30	31	26	29	30	29	30	28	30	30	30	27	29	30	28	29	30	31	28	28	28	26	30	30	26	28	29	30	30	31	30	28	29	26	31	30	26	29	30	28	27	28	29	31	29	28	28	28	27	27	28	26	26	29	26	29	26	28	27	28	26	28	26	30	27	28	26	30	27	26	28	27	26	28	27	30	30	30	27	29	28	29	30	27	28	30	31	26	28	29	27	31	26	31	28	26	30	28	28	27	30	29	27	29	26	30	28	28	29	26	31	30	30	28	27	28	31	27	31	29	27	27	29	31	31	31	28	30	31	30	27	27	31	26	29	31	26	29	31	28	30	28	30	29	29	30	29	28	31	29	28	27	29	28	29	27	29	27	27	26	31	30	29	30	31	31	29	30	31	29	30	31	26	31	31	29	27	27	26	27	
91	81	80	86	85	83	85	80	92	80	83	79	84	79	90	81	80	78	94	93	93	89	77	94	89	81	88	79	82	86	88	88	81	76	93	86	91	89	82	80	84	93	76	90	78	81	79	90	83	81	87	81	76	90	84	78	92	91	79	90	92	81	86	81	86	87	84	77	87	82	76	92	94	89	78	83	85	92	85	79	81	78	79	76	81	78	80	91	78	81	89	93	90	83	81	91	84	88	93	80	87	92	89	83	94	85	90	79	81	77	86	93	80	81	90	85	87	84	93	93	77	76	79	93	84	88	86	88	83	86	76	86	82	80	87	78	90	92	84	92	80	92	78	78	84	77	79	79	77	90	79	77	88	78	94	88	89	91	78	89	85	87	83	92	84	90	89	88	91	93	89	79	92	80	83	83	85	93	85	77	94	82	85	86	86	80	82	86	93	90	88	93	78	94	92	85	84	92	83	80	81	92	78	84	77	91	77	77	82	88	82	81	81	90	80	93	82	92	92	83	82	92	81	86	85	88	85	77	92	82	89	84	78	87	92	93	81	90	92	82	94	78	94	82	82	91	81	94	83	91	81	80	92	88	78	82	89	84	93	90	76	88	93	90	81	90	91	79	93	94	94	84	80	84	90	83	83	78	90	91	83	76	94	76	90	81	85	83	78	81	85	86	78	80	91	80	83	77	85	86	83	94	78	83	93	83	82	89	85	89	94	76	92	86	94	81	76	91	94	78	77	91	91	81	93	90	81	77	85	83	87	85	79	81	86	94	85	79	76	81	76	88	87	80	86	81	76	79	93	81	85	86	76	94	91	89	91	81	89	86	90	85	88	90	78	79	79	79	85	76	92	82	93	78	84	76	87	89	79	80	90	87	89	92	82	84	84	83	85	88	91	77	81	92	87	93	89	86	92	77	
31.9	27.5	15.4	13.2	28.6	29.7	19.8	28.6	26.4	16.5	28.6	26.4	22	26.4	33	27.5	18.7	30.8	29.7	30.8	28.6	24.2	15.4	20.9	18.7	16.5	15.4	11	27.5	12.1	24.2	13.2	27.5	17.6	16.5	18.7	20.9	18.7	22	12.1	31.9	17.6	11	19.8	19.8	27.5	13.2	29.7	17.6	30.8	19.8	17.6	22	13.2	11	24.2	15.4	31.9	15.4	22	20.9	23.1	11	17.6	26.4	24.2	22	15.4	17.6	30.8	29.7	18.7	16.5	24.2	26.4	33	26.4	20.9	13.2	12.1	25.3	12.1	26.4	22	27.5	29.7	15.4	15.4	11	20.9	20.9	31.9	15.4	19.8	22	17.6	26.4	33	11	30.8	30.8	28.6	16.5	29.7	31.9	11	14.3	20.9	25.3	31.9	11	23.1	23.1	27.5	26.4	27.5	26.4	15.4	30.8	28.6	11	22	14.3	30.8	24.2	25.3	11	25.3	20.9	23.1	11	29.7	16.5	22	14.3	22	24.2	15.4	19.8	27.5	13.2	19.8	17.6	15.4	12.1	23.1	22	15.4	23.1	13.2	13.2	15.4	22	24.2	15.4	28.6	12.1	25.3	16.5	31.9	19.8	31.9	29.7	20.9	27.5	25.3	13.2	27.5	24.2	31.9	26.4	19.8	31.9	20.9	16.5	11	31.9	27.5	12.1	14.3	18.7	23.1	15.4	29.7	24.2	17.6	11	33	29.7	29.7	19.8	24.2	33	20.9	17.6	29.7	25.3	27.5	31.9	25.3	17.6	27.5	11	16.5	33	22	14.3	25.3	27.5	17.6	23.1	15.4	24.2	26.4	24.2	28.6	28.6	20.9	33	14.3	15.4	14.3	11	26.4	23.1	26.4	18.7	31.9	33	26.4	11	20.9	17.6	23.1	16.5	15.4	22	24.2	20.9	33	14.3	14.3	31.9	30.8	16.5	31.9	33	19.8	13.2	18.7	20.9	30.8	13.2	11	30.8	31.9	22	22	12.1	25.3	19.8	23.1	29.7	17.6	20.9	12.1	11	11	33	31.9	25.3	11	19.8	24.2	33	25.3	29.7	26.4	25.3	29.7	12.1	23.1	19.8	29.7	33	13.2	33	25.3	26.4	17.6	17.6	15.4	22	17.6	25.3	23.1	13.2	28.6	22	29.7	19.8	23.1	16.5	12.1	15.4	25.3	31.9	30.8	26.4	12.1	15.4	30.8	15.4	18.7	24.2	15.4	18.7	15.4	27.5	33	24.2	33	19.8	27.5	28.6	19.8	30.8	12.1	14.3	24.2	31.9	12.1	15.4	13.2	16.5	12.1	14.3	17.6	26.4	14.3	18.7	16.5	33	30.8	23.1	27.5	13.2	25.3	22	15.4	13.2	31.9	18.7	28.6	23.1	28.6	20.9	14.3	27.5	33	15.4	16.5	22	30.8	13.2	11	31.9	23.1	11	12.1	13.2	11	18.7	31.9	28.6	15.4	30.8	27.5	25.3	16.5	29.7	12.1	13.2	26.4	11	13.2	26.4	12.1	25.3	19.8	24.2	26.4	18.7	15.4	16.5	22	12.1	30.8	22	17.6	
11	28.6	16.5	14.3	33	17.6	11	25.3	31.9	22	12.1	29.7	18.7	30.8	23.1	27.5	24.2	12.1	25.3	20.9	20.9	13.2	12.1	23.1	11	18.7	13.2	27.5	11	24.2	27.5	14.3	15.4	16.5	33	12.1	29.7	14.3	18.7	29.7	13.2	22	28.6	28.6	27.5	28.6	19.8	14.3	27.5	22	25.3	24.2	16.5	12.1	20.9	11	27.5	29.7	33	19.8	12.1	16.5	20.9	18.7	17.6	11	15.4	28.6	16.5	24.2	15.4	30.8	15.4	23.1	31.9	23.1	19.8	33	20.9	20.9	14.3	31.9	22	13.2	28.6	17.6	22	28.6	25.3	15.4	12.1	26.4	25.3	13.2	12.1	13.2	11	23.1	29.7	31.9	30.8	23.1	18.7	22	29.7	25.3	17.6	24.2	14.3	13.2	15.4	24.2	28.6	12.1	30.8	16.5	15.4	11	18.7	25.3	12.1	26.4	26.4	20.9	13.2	12.1	24.2	16.5	27.5	31.9	31.9	33	17.6	33	23.1	24.2	23.1	20.9	22	24.2	22	20.9	20.9	23.1	11	16.5	33	18.7	27.5	17.6	26.4	26.4	27.5	22	17.6	30.8	31.9	24.2	19.8	15.4	23.1	33	12.1	19.8	12.1	33	17.6	12.1	24.2	31.9	26.4	12.1	31.9	24.2	31.9	30.8	17.6	12.1	22	31.9	15.4	18.7	29.7	15.4	14.3	19.8	19.8	30.8	13.2	23.1	28.6	23.1	19.8	25.3	19.8	14.3	23.1	26.4	17.6	13.2	23.1	23.1	29.7	25.3	33	15.4	27.5	17.6	31.9	27.5	19.8	14.3	30.8	30.8	17.6	29.7	30.8	24.2	20.9	28.6	20.9	12.1	29.7	23.1	15.4	11	18.7	27.5	28.6	23.1	30.8	25.3	31.9	12.1	15.4	26.4	12.1	23.1	25.3	20.9	33	23.1	18.7	18.7	33	17.6	31.9	18.7	17.6	28.6	11	25.3	31.9	17.6	30.8	11	15.4	27.5	17.6	31.9	30.8	13.2	11	20.9	31.9	15.4	11	28.6	28.6	24.2	29.7	14.3	23.1	24.2	16.5	14.3	29.7	28.6	33	27.5	11	29.7	30.8	19.8	26.4	12.1	15.4	22	31.9	30.8	26.4	30.8	24.2	16.5	18.7	31.9	13.2	25.3	28.6	12.1	16.5	22	33	23.1	28.6	31.9	14.3	15.4	22	16.5	31.9	33	11	22	16.5	23.1	26.4	14.3	15.4	27.5	22	26.4	24.2	31.9	12.1	29.7	22	18.7	14.3	33	15.4	30.8	15.4	11	17.6	30.8	28.6	30.8	20.9	23.1	16.5	23.1	30.8	22	25.3	25.3	12.1	12.1	13.2	12.1	31.9	16.5	24.2	30.8	17.6	20.9	22	22	28.6	29.7	20.9	31.9	27.5	18.7	20.9	16.5	27.5	33	27.5	27.5	25.3	24.2	13.2	24.2	18.7	17.6	13.2	13.2	14.3	30.8	30.8	12.1	23.1	29.7	16.5	27.5	19.8	23.1	11	14.3	24.2	18.7	28.6	28.6	11	20.9	30.8	24.2	24.2	22	
20.9	26.4	27.5	31.9	18.7	19.8	16.5	31.9	20.9	28.6	14.3	14.3	28.6	11	17.6	33	15.4	12.1	27.5	28.6	
11	20	15	20	12	15	17	20	19	16	10	13	11	17	19	15	14	12	20	11	15	10	17	17	15	19	12	19	17	15	20	16	15	14	14	15	12	12	18	18	20	19	13	18	16	18	13	12	15	18	17	16	17	20	13	12	19	16	13	17	10	20	15	15	16	20	13	13	13	12	15	13	20	16	15	13	12	15	16	20	19	15	18	11	15	11	10	19	17	12	14	11	12	15	11	13	19	10	16	19	14	10	11	11	12	17	10	20	16	14	20	14	12	17	20	19	10	12	11	13	10	12	15	15	11	12	13	16	14	20	15	12	11	18	18	20	14	15	13	14	14	13	11	20	15	14	17	15	17	12	16	20	10	12	20	13	19	19	16	16	15	12	11	10	18	12	17	18	16	15	18	16	17	14	12	18	16	16	17	16	19	16	12	14	11	16	20	20	10	17	12	11	10	15	16	11	17	16	20	10	11	15	10	10	19	14	11	19	14	17	14	16	15	10	17	17	14	11	11	15	15	11	15	16	10	20	20	13	17	16	15	18	10	10	11	14	12	10	11	17	16	13	10	10	18	19	20	15	19	15	20	11	20	19	16	16	19	16	13	14	13	15	13	10	11	19	20	18	18	16	14	15	11	11	11	15	15	17	19	14	13	19	17	11	13	18	19	16	12	16	15	13	12	16	10	14	10	19	19	18	16	14	13	18	12	17	20	18	17	13	18	20	10	17	17	18	18	17	17	18	12	11	14	16	11	18	14	13	15	14	18	19	12	17	12	13	11	20	13	13	18	16	14	11	18	11	15	18	16	14	15	18	10	14	19	20	17	15	12	15	16	11	15	14	18	19	10	12	13	19	17	12	20	19	12	16	13	18	13	12	13	18	20	10	15	17	13	20	10	12	20	13	11	19	17	13	16	19	15	12	
1	1	1	1	1	1	1	1	1	1	1	1	1	1	1	1	1	1	1	1	1	1	1	1	2	2	2	2	2	2	2	2	2	2	2	2	2	2	2	3	3	3	3	3	3	3	3	3	3	3	3	3	3	3	3	3	3	3	3	3	3	3	3	3	4	4	4	4	4	4	4	4	4	4	4	4	4	4	4	4	4	4	4	4	4	5	5	5	5	5	5	5	5	5	5	5	5	5	5	5	5	5	5	5	5	6	6	6	6	6	6	6	6	6	6	6	6	6	6	6	6	6	6	6	6	7	7	7	7	7	7	7	7	7	7	7	7	7	7	7	7	7	7	7	7	8	8	8	8	8	8	8	8	8	8	8	8	8	8	9	9	9	9	9	9	9	9	9	9	9	9	9	9	9	9	9	9	9	9	9	9	9	9	10	10	10	10	10	10	10	10	10	10	10	10	10	10	10	10	10	10	10	10	10	10	11	11	11	11	11	11	11	11	11	11	11	11	12	12	12	12	12	12	12	12	12	12	12	12	12	12	12	12	12	12	13	13	13	13	13	13	13	13	13	13	13	13	13	13	13	13	13	13	13	13	13	14	14	14	14	14	14	14	14	14	14	14	14	14	14	14	14	14	14	14	14	14	14	14	14	14	14	14	14	14	15	15	15	15	15	15	15	15	15	15	15	15	15	15	15	15	15	15	16	16	16	16	16	16	16	16	16	16	16	16	16	16	16	16	16	16	16	16	16	16	17	17	17	17	17	17	17	17	17	17	17	17	17	17	17	17	17	17	17	18	18	18	18	18	18	18	18	18	18	18	18	18	18	18	18	18	18	18	18	19	19	19	19	19	19	19	19	19	19	19	19	19	19	19	19	19	19	19	19	19	19	19	20	20	20	20	20	20	20	20	20	20	20	20	20	
