500
10	3
802	27.5
28	26	28	27	26	30	27	28	26	27	30	26	26	31	29	27	31	30	28	31	31	28	30	28	28	28	26	27	28	30	28	26	26	29	30	27	29	31	31	31	28	28	26	29	31	30	31	29	28	28	30	29	30	28	31	30	29	31	29	30	28	29	30	28	26	26	26	31	26	28	27	31	31	31	29	26	31	30	27	29	26	28	30	29	30	28	28	26	30	28	29	27	31	26	31	30	28	29	31	28	30	26	27	29	31	27	28	29	30	30	26	31	27	29	30	27	27	28	28	30	29	30	30	28	26	30	31	28	30	27	26	28	26	27	30	28	27	28	31	28	27	26	26	30	29	28	29	26	26	26	30	27	29	30	30	26	27	31	26	26	26	30	28	27	30	31	30	27	29	26	27	29	28	30	30	28	28	31	31	29	30	31	28	31	26	30	31	27	27	30	28	26	29	30	29	31	27	29	28	29	27	31	26	30	29	27	30	30	30	30	29	30	30	27	28	31	26	30	31	30	28	27	27	27	31	30	26	26	30	31	30	29	27	29	28	31	30	26	27	29	27	27	27	28	31	31	29	28	29	28	29	27	30	30	28	27	30	26	29	31	29	27	28	31	28	28	29	30	27	28	26	30	30	31	28	28	29	27	31	27	29	30	31	27	29	31	31	29	31	26	26	27	29	28	27	26	26	28	29	30	26	27	28	28	28	27	27	27	28	26	26	30	30	30	26	26	29	30	30	26	28	31	28	26	26	30	30	30	31	29	26	27	29	28	28	26	31	29	27	30	30	26	29	28	27	30	30	29	31	27	27	28	27	30	29	30	30	26	26	27	31	26	28	27	31	28	28	29	29	31	31	28	27	26	31	31	27	27	27	26	27	26	29	30	27	28	27	27	27	31	27	26	28	29	27	30	29	31	28	31	30	29	27	31	31	30	27	31	28	28	29	31	31	30	27	31	29	28	28	30	30	26	30	26	30	29	27	31	29	31	27	26	31	28	30	26	27	26	28	26	31	28	28	26	30	29	26	30	29	31	28	28	26	27	27	26	29	31	30	28	26	27	26	30	29	29	29	29	28	27	30	30	30	31	30	27	26	27	29	26	31	28	26	30	27	27	27	31	28	27	30	31	29	30	27	28	28	26	27	27	
81	91	84	91	88	82	76	77	90	77	85	87	76	86	84	86	87	79	78	76	90	89	78	79	85	79	92	80	85	80	76	85	78	92	89	85	85	78	94	78	87	78	89	78	89	93	84	91	82	83	79	88	81	85	76	79	92	76	91	78	83	90	87	86	85	87	81	83	88	89	82	90	78	88	92	76	80	87	85	88	82	87	90	93	88	85	91	86	86	92	77	88	81	90	91	94	78	94	88	77	94	86	90	88	81	84	92	94	92	78	86	85	90	93	84	85	78	86	77	82	85	87	92	91	76	77	80	85	93	88	77	82	76	90	92	92	83	87	88	85	80	82	92	80	94	90	91	77	80	88	93	93	78	85	83	85	79	81	83	83	76	84	77	76	90	85	87	92	84	80	81	76	81	89	91	83	89	91	85	86	78	78	76	84	91	92	77	76	76	89	89	88	94	84	85	87	76	86	88	81	83	94	89	92	78	85	85	81	91	78	78	78	82	94	76	82	94	83	82	80	79	92	94	83	77	82	77	78	77	82	93	85	94	94	76	88	77	90	77	81	83	87	85	84	78	90	85	77	78	85	89	87	85	78	78	80	93	89	88	84	82	86	78	85	93	80	80	82	86	93	91	89	78	90	94	90	89	77	93	94	83	88	91	78	83	94	87	87	83	79	94	78	83	90	86	93	83	77	88	86	77	89	77	76	92	91	77	87	82	81	81	87	87	89	89	77	92	87	83	80	78	79	86	76	89	84	77	81	82	93	81	76	81	83	80	92	83	80	92	90	87	85	92	76	93	90	88	84	81	91	77	82	76	78	83	80	77	90	90	81	83	81	92	88	80	84	90	88	94	94	87	76	88	83	84	89	77	76	84	88	80	92	85	88	86	77	90	90	89	76	88	91	92	87	81	80	92	83	82	78	93	89	84	84	84	90	91	90	90	92	80	84	94	90	80	79	80	88	92	92	91	81	91	85	77	85	78	84	82	94	91	79	82	78	76	93	94	80	80	85	91	94	94	81	79	94	82	77	90	82	84	80	91	94	90	78	76	79	77	84	83	80	83	87	86	84	94	80	89	77	82	86	93	89	78	83	81	79	76	92	87	82	78	81	79	76	87	94	81	88	87	88	94	78	89	84	88	76	86	94	
33	31.9	23.1	16.5	18.7	11	11	23.1	25.3	12.1	14.3	15.4	29.7	14.3	23.1	14.3	11	24.2	23.1	29.7	31.9	27.5	26.4	25.3	14.3	28.6	27.5	18.7	33	27.5	33	11	33	13.2	15.4	26.4	16.5	27.5	26.4	33	17.6	14.3	14.3	18.7	29.7	31.9	23.1	15.4	17.6	16.5	17.6	17.6	26.4	14.3	24.2	11	25.3	16.5	23.1	24.2	26.4	11	30.8	26.4	13.2	15.4	13.2	28.6	26.4	13.2	17.6	23.1	13.2	24.2	19.8	30.8	15.4	27.5	25.3	11	17.6	11	15.4	28.6	16.5	12.1	29.7	12.1	33	17.6	31.9	14.3	22	15.4	29.7	25.3	15.4	16.5	27.5	29.7	15.4	24.2	17.6	14.3	31.9	14.3	23.1	31.9	20.9	25.3	26.4	12.1	17.6	25.3	20.9	29.7	27.5	26.4	15.4	14.3	22	30.8	11	26.4	23.1	24.2	12.1	11	30.8	27.5	17.6	19.8	19.8	22	13.2	15.4	11	16.5	30.8	16.5	19.8	18.7	24.2	16.5	31.9	27.5	17.6	20.9	30.8	30.8	18.7	29.7	24.2	28.6	27.5	16.5	19.8	19.8	12.1	33	12.1	13.2	24.2	16.5	14.3	15.4	27.5	23.1	13.2	33	30.8	26.4	31.9	25.3	29.7	33	17.6	14.3	13.2	15.4	16.5	18.7	11	17.6	13.2	12.1	17.6	16.5	24.2	26.4	16.5	33	24.2	30.8	20.9	17.6	14.3	19.8	28.6	14.3	11	23.1	27.5	23.1	11	29.7	12.1	12.1	29.7	31.9	31.9	27.5	23.1	15.4	25.3	31.9	29.7	20.9	33	28.6	33	33	15.4	24.2	23.1	11	17.6	25.3	33	16.5	18.7	30.8	30.8	14.3	15.4	11	25.3	33	24.2	31.9	12.1	13.2	20.9	31.9	15.4	23.1	14.3	14.3	26.4	18.7	28.6	25.3	24.2	30.8	16.5	25.3	16.5	17.6	20.9	12.1	22	30.8	26.4	13.2	19.8	27.5	19.8	22	20.9	14.3	23.1	18.7	11	31.9	31.9	17.6	20.9	25.3	17.6	11	31.9	25.3	15.4	19.8	29.7	19.8	13.2	18.7	30.8	13.2	19.8	14.3	25.3	19.8	26.4	33	16.5	26.4	11	17.6	25.3	16.5	12.1	12.1	20.9	26.4	28.6	14.3	20.9	25.3	19.8	18.7	30.8	19.8	33	30.8	24.2	18.7	22	15.4	28.6	28.6	14.3	12.1	12.1	27.5	25.3	25.3	11	19.8	31.9	18.7	12.1	16.5	31.9	28.6	13.2	23.1	13.2	23.1	16.5	33	24.2	13.2	19.8	13.2	18.7	13.2	13.2	26.4	11	17.6	29.7	11	22	27.5	16.5	12.1	15.4	12.1	25.3	22	30.8	11	18.7	22	24.2	25.3	18.7	26.4	25.3	24.2	30.8	26.4	13.2	13.2	23.1	28.6	31.9	17.6	18.7	24.2	26.4	24.2	14.3	25.3	30.8	18.7	29.7	24.2	33	12.1	20.9	12.1	11	20.9	18.7	15.4	31.9	17.6	17.6	17.6	31.9	14.3	33	12.1	23.1	29.7	16.5	23.1	17.6	14.3	20.9	29.7	19.8	18.7	30.8	33	24.2	16.5	11	23.1	24.2	27.5	25.3	13.2	33	20.9	31.9	30.8	24.2	23.1	25.3	11	25.3	11	24.2	19.8	23.1	17.6	28.6	14.3	25.3	13.2	20.9	12.1	33	16.5	28.6	22	33	16.5	23.1	17.6	20.9	20.9	12.1	13.2	16.5	33	20.9	15.4	14.3	13.2	33	29.7	16.5	11	19.8	18.7	25.3	27.5	28.6	27.5	18.7	30.8	33	20.9	33	31.9	24.2	22	24.2	13.2	29.7	16.5	22	25.3	27.5	25.3	18.7	11	16.5	26.4	12.1	14.3	25.3	20.9	14.3	14.3	
18.7	15.4	27.5	27.5	19.8	28.6	22	22	24.2	12.1	11	22	23.1	18.7	20.9	16.5	22	23.1	29.7	23.1	24.2	33	15.4	27.5	27.5	27.5	30.8	22	31.9	30.8	20.9	26.4	28.6	17.6	12.1	23.1	33	12.1	28.6	33	28.6	22	15.4	17.6	14.3	17.6	23.1	33	16.5	33	16.5	18.7	18.7	31.9	27.5	20.9	24.2	28.6	14.3	33	30.8	29.7	18.7	25.3	19.8	16.5	30.8	12.1	30.8	22	23.1	23.1	19.8	24.2	14.3	29.7	20.9	31.9	11	25.3	16.5	23.1	16.5	28.6	33	13.2	26.4	24.2	22	22	25.3	23.1	13.2	29.7	28.6	17.6	14.3	33	11	13.2	18.7	31.9	24.2	24.2	28.6	22	16.5	31.9	33	13.2	16.5	13.2	27.5	16.5	20.9	12.1	31.9	18.7	33	12.1	14.3	28.6	33	22	14.3	33	13.2	14.3	12.1	30.8	23.1	11	16.5	12.1	23.1	14.3	29.7	26.4	27.5	22	22	15.4	18.7	22	28.6	16.5	26.4	27.5	17.6	26.4	18.7	31.9	14.3	33	26.4	15.4	19.8	20.9	19.8	27.5	15.4	28.6	14.3	31.9	26.4	33	18.7	33	23.1	22	11	25.3	24.2	26.4	20.9	24.2	20.9	30.8	19.8	29.7	23.1	11	16.5	15.4	11	18.7	24.2	31.9	18.7	29.7	22	17.6	24.2	13.2	29.7	22	25.3	31.9	33	33	15.4	17.6	28.6	15.4	13.2	28.6	20.9	11	28.6	12.1	20.9	31.9	33	18.7	26.4	28.6	25.3	12.1	12.1	12.1	22	20.9	22	29.7	19.8	18.7	17.6	29.7	33	12.1	20.9	24.2	26.4	33	26.4	19.8	28.6	24.2	27.5	15.4	24.2	14.3	11	13.2	15.4	27.5	31.9	11	12.1	23.1	11	18.7	12.1	28.6	11	27.5	19.8	33	33	12.1	31.9	23.1	24.2	18.7	13.2	31.9	18.7	28.6	20.9	25.3	27.5	24.2	22	16.5	28.6	31.9	28.6	29.7	16.5	26.4	27.5	14.3	11	29.7	14.3	28.6	13.2	19.8	27.5	18.7	23.1	26.4	29.7	30.8	11	16.5	11	28.6	17.6	12.1	24.2	28.6	33	20.9	16.5	28.6	26.4	13.2	30.8	24.2	16.5	28.6	33	17.6	17.6	16.5	31.9	30.8	23.1	29.7	31.9	23.1	17.6	16.5	19.8	30.8	31.9	11	25.3	26.4	14.3	27.5	28.6	24.2	20.9	18.7	27.5	29.7	25.3	15.4	17.6	25.3	14.3	30.8	24.2	26.4	19.8	33	11	22	17.6	28.6	22	30.8	14.3	26.4	30.8	25.3	22	26.4	26.4	30.8	16.5	24.2	29.7	20.9	12.1	25.3	30.8	19.8	18.7	26.4	33	22	15.4	25.3	19.8	27.5	28.6	18.7	13.2	14.3	26.4	18.7	13.2	13.2	25.3	16.5	16.5	25.3	17.6	28.6	33	27.5	22	11	27.5	15.4	23.1	14.3	18.7	13.2	23.1	15.4	33	15.4	12.1	31.9	16.5	23.1	13.2	14.3	25.3	16.5	23.1	31.9	31.9	33	31.9	20.9	12.1	14.3	26.4	18.7	27.5	12.1	25.3	24.2	28.6	31.9	28.6	24.2	11	12.1	24.2	18.7	23.1	13.2	17.6	23.1	17.6	13.2	20.9	33	24.2	14.3	11	11	23.1	23.1	16.5	23.1	26.4	12.1	19.8	33	24.2	23.1	23.1	18.7	23.1	17.6	27.5	31.9	13.2	30.8	17.6	23.1	24.2	24.2	27.5	12.1	20.9	26.4	30.8	30.8	25.3	12.1	25.3	14.3	23.1	11	33	13.2	24.2	26.4	20.9	30.8	26.4	18.7	26.4	25.3	20.9	17.6	28.6	19.8	16.5	27.5	27.5	33	
33	19.8	18.7	33	12.1	14.3	16.5	16.5	30.8	26.4	
11	12	16	13	10	16	15	20	20	19	13	16	16	15	10	16	14	18	13	10	13	19	14	18	18	16	18	18	20	11	18	20	14	20	10	19	17	18	17	10	13	20	10	20	17	11	18	18	18	14	17	10	10	11	15	20	20	16	18	14	14	17	18	18	15	11	12	12	10	16	19	14	11	12	15	15	17	17	17	10	13	10	19	19	11	20	15	15	13	13	14	16	17	15	20	16	20	11	11	13	17	17	14	11	13	17	11	19	15	13	10	14	14	20	11	12	15	11	15	12	13	16	12	13	17	19	15	15	17	16	16	15	20	18	19	19	13	17	12	11	13	15	12	16	18	12	15	16	19	10	14	18	12	16	13	19	18	16	13	11	10	19	17	16	12	10	13	15	20	15	20	13	13	15	17	16	10	15	10	19	12	14	16	19	19	14	12	17	19	19	13	16	11	17	19	16	20	15	11	17	11	10	17	19	11	15	15	13	15	11	15	11	17	11	12	12	15	15	18	11	19	14	14	11	14	16	11	10	12	14	11	17	16	19	18	16	19	10	14	17	13	11	13	18	10	20	19	15	14	17	13	10	13	17	17	13	11	15	13	17	19	15	12	14	14	13	16	12	13	16	12	13	10	10	14	16	20	15	17	14	20	15	19	10	12	19	16	11	12	19	10	16	18	12	11	12	17	15	20	18	10	19	11	17	20	19	16	19	15	20	10	18	18	18	15	12	11	16	11	17	17	11	14	14	14	10	13	13	17	20	13	12	11	10	20	16	17	12	17	15	10	19	10	11	12	18	11	20	18	19	15	19	15	14	19	20	19	11	13	14	18	18	10	16	13	14	10	20	16	19	18	14	15	10	10	13	15	19	12	17	12	15	18	15	14	19	14	18	13	10	14	13	17	12	12	16	12	15	15	13	11	13	15	15	16	20	20	11	17	18	11	10	10	18	19	15	16	16	20	10	20	11	20	11	18	16	20	12	13	14	20	18	10	17	20	19	10	11	10	16	10	10	16	16	17	12	20	15	14	16	11	10	18	16	12	15	20	17	15	15	19	14	17	17	19	18	10	11	17	15	13	17	18	10	17	16	11	17	19	16	12	12	13	17	16	19	17	11	15	17	10	10	14	11	15	13	14	20	16	18	
1	1	1	1	1	1	1	1	1	1	1	1	1	1	1	1	1	1	1	1	1	1	1	1	1	1	1	1	1	1	1	1	1	1	1	1	1	1	1	1	1	1	1	1	1	1	1	1	1	1	1	1	1	2	2	2	2	2	2	2	2	2	2	2	2	2	2	2	2	2	2	2	2	2	2	2	2	2	2	2	2	2	2	2	2	2	2	2	2	2	2	2	2	2	2	2	2	2	2	2	2	2	2	2	2	2	2	2	2	2	2	2	2	2	2	2	2	2	2	3	3	3	3	3	3	3	3	3	3	3	3	3	3	3	3	3	3	3	3	3	3	3	3	3	3	3	3	3	3	3	3	3	3	3	3	3	3	3	3	3	3	3	3	3	3	3	3	3	3	4	4	4	4	4	4	4	4	4	4	4	4	4	4	4	4	4	4	4	4	4	4	4	4	4	4	4	4	4	4	4	4	4	4	4	4	4	4	4	4	4	4	5	5	5	5	5	5	5	5	5	5	5	5	5	5	5	5	5	5	5	5	5	5	5	5	5	5	5	5	5	5	5	5	5	5	5	5	5	5	5	5	5	5	5	5	5	5	5	5	5	6	6	6	6	6	6	6	6	6	6	6	6	6	6	6	6	6	6	6	6	6	6	6	6	6	6	6	6	6	6	6	6	6	6	6	6	6	6	6	6	6	7	7	7	7	7	7	7	7	7	7	7	7	7	7	7	7	7	7	7	7	7	7	7	7	7	7	7	7	7	7	7	7	7	7	7	7	7	7	7	7	7	7	7	7	7	8	8	8	8	8	8	8	8	8	8	8	8	8	8	8	8	8	8	8	8	8	8	8	8	8	8	8	8	8	8	8	8	8	8	8	8	8	8	8	9	9	9	9	9	9	9	9	9	9	9	9	9	9	9	9	9	9	9	9	9	9	9	9	9	9	9	9	9	9	9	9	9	9	9	9	9	9	9	9	9	9	9	9	9	9	9	9	9	9	9	9	9	9	9	9	9	9	9	10	10	10	10	10	10	10	10	10	10	10	10	10	10	10	10	10	10	10	10	10	10	10	10	10	10	10	10	10	10	10	10	10	10	10	10	10	10	10	10	10	10	10	10	10	10	10	10	10	10	10	10	10	10	10	10	
