200
10	3
323	29.7
31	28	29	27	31	26	31	26	31	30	29	27	27	29	27	30	29	31	29	28	27	30	26	31	26	30	27	31	27	31	29	27	30	31	28	27	27	28	31	30	26	27	28	27	26	27	26	26	30	27	29	26	28	27	29	28	28	29	31	28	31	29	31	27	30	30	28	27	26	28	28	26	28	30	27	30	27	29	29	29	29	29	29	28	29	26	29	30	29	28	28	31	26	30	30	31	29	29	27	26	28	26	29	26	27	29	29	30	26	29	29	30	29	26	26	31	29	27	31	29	27	31	27	30	30	27	31	26	31	30	27	26	31	29	29	29	29	26	26	29	31	28	31	28	28	29	27	29	30	29	27	31	31	27	31	27	29	30	28	30	31	30	30	31	31	31	27	28	30	31	31	29	30	29	30	26	26	31	28	27	27	30	29	28	28	30	30	27	31	26	28	28	27	29	30	30	26	29	26	31	
78	78	91	76	89	89	77	93	90	77	84	80	86	77	92	93	80	83	88	92	93	79	81	81	88	84	77	90	89	94	88	92	89	93	87	89	82	77	79	84	79	88	91	94	84	86	84	91	83	82	84	80	76	81	87	83	86	83	79	79	83	79	78	78	88	77	86	89	87	84	78	83	84	87	80	88	83	76	92	93	88	82	80	92	85	93	80	84	83	92	86	79	85	79	81	83	78	92	88	89	90	82	91	81	89	90	80	81	88	82	79	89	87	79	81	82	89	81	93	80	91	82	89	80	81	94	82	84	90	77	86	77	82	80	91	94	82	91	90	85	76	77	83	87	94	79	77	84	85	85	89	86	76	84	85	89	81	92	91	89	91	83	94	91	88	86	79	93	88	87	79	85	87	77	90	94	85	92	86	83	86	88	81	79	77	76	85	87	86	76	87	80	85	92	86	89	76	79	93	93	
16.5	22	28.6	29.7	17.6	20.9	27.5	18.7	28.6	31.9	16.5	16.5	14.3	17.6	20.9	20.9	29.7	16.5	20.9	33	16.5	23.1	29.7	17.6	29.7	29.7	23.1	29.7	31.9	20.9	33	27.5	17.6	17.6	14.3	16.5	16.5	31.9	29.7	33	25.3	13.2	15.4	17.6	28.6	18.7	33	28.6	16.5	27.5	25.3	13.2	30.8	12.1	16.5	28.6	26.4	18.7	29.7	30.8	17.6	26.4	18.7	11	22	18.7	24.2	22	11	13.2	33	17.6	22	18.7	23.1	30.8	29.7	22	30.8	31.9	26.4	20.9	28.6	15.4	18.7	23.1	26.4	12.1	23.1	18.7	17.6	11	30.8	11	19.8	29.7	14.3	22	33	20.9	24.2	27.5	20.9	23.1	25.3	18.7	14.3	30.8	20.9	29.7	25.3	17.6	29.7	30.8	14.3	28.6	25.3	18.7	28.6	16.5	23.1	11	33	12.1	14.3	24.2	12.1	29.7	25.3	19.8	26.4	15.4	26.4	29.7	13.2	20.9	23.1	23.1	27.5	11	18.7	11	12.1	12.1	27.5	27.5	19.8	24.2	30.8	19.8	19.8	26.4	31.9	19.8	20.9	24.2	25.3	26.4	16.5	22	20.9	15.4	23.1	23.1	11	16.5	11	30.8	12.1	12.1	19.8	30.8	31.9	20.9	28.6	12.1	24.2	12.1	28.6	33	22	16.5	26.4	12.1	28.6	29.7	15.4	33	23.1	24.2	33	22	28.6	26.4	11	17.6	29.7	22	24.2	26.4	
27.5	19.8	30.8	30.8	23.1	27.5	22	31.9	16.5	12.1	14.3	28.6	17.6	20.9	13.2	23.1	20.9	12.1	11	23.1	12.1	15.4	26.4	22	19.8	26.4	15.4	11	30.8	17.6	18.7	28.6	15.4	22	12.1	12.1	29.7	23.1	22	20.9	17.6	15.4	27.5	28.6	24.2	12.1	16.5	16.5	18.7	14.3	28.6	13.2	15.4	16.5	18.7	14.3	20.9	33	14.3	18.7	12.1	24.2	12.1	11	18.7	25.3	27.5	17.6	14.3	26.4	15.4	25.3	11	19.8	14.3	33	26.4	30.8	27.5	19.8	12.1	31.9	31.9	12.1	12.1	15.4	22	28.6	30.8	14.3	25.3	11	18.7	29.7	20.9	11	27.5	20.9	14.3	16.5	31.9	18.7	15.4	19.8	23.1	27.5	27.5	27.5	29.7	22	15.4	27.5	29.7	27.5	20.9	33	26.4	16.5	30.8	12.1	15.4	22	18.7	25.3	17.6	19.8	22	25.3	11	17.6	12.1	26.4	19.8	33	33	24.2	29.7	22	25.3	28.6	25.3	18.7	20.9	16.5	30.8	29.7	29.7	19.8	31.9	33	24.2	11	18.7	27.5	30.8	29.7	15.4	15.4	14.3	29.7	19.8	17.6	18.7	20.9	14.3	33	17.6	17.6	31.9	31.9	17.6	15.4	26.4	19.8	28.6	24.2	24.2	16.5	20.9	33	29.7	23.1	13.2	31.9	11	14.3	23.1	22	20.9	17.6	33	31.9	22	31.9	28.6	12.1	16.5	22	33	27.5	
11	28.6	24.2	28.6	22	18.7	16.5	13.2	12.1	26.4	
19	15	16	15	12	12	15	15	12	14	16	14	19	16	11	20	20	18	10	17	14	13	17	11	10	13	16	12	11	14	16	17	12	11	10	17	15	13	12	20	11	13	13	18	10	17	17	12	15	15	16	11	15	20	10	13	15	10	12	15	17	12	19	17	14	12	14	16	20	20	13	15	14	17	12	20	20	13	16	10	13	12	14	14	19	17	19	13	13	15	20	10	11	17	11	13	20	19	18	12	14	17	16	15	20	10	12	16	10	10	15	19	20	20	19	11	15	14	20	12	12	20	16	15	16	16	11	19	20	12	13	20	10	19	19	20	14	18	16	20	20	16	18	20	17	19	14	11	19	12	20	14	10	20	19	16	20	15	15	20	13	16	18	10	17	20	12	10	13	11	15	15	10	19	14	17	14	12	20	19	12	15	17	15	10	18	16	11	16	16	20	10	14	10	19	10	16	10	10	16	
1	1	1	1	1	1	1	1	1	1	1	1	2	2	2	2	2	2	2	2	2	2	2	2	2	2	2	2	2	2	3	3	3	3	3	3	3	3	3	3	3	3	3	3	3	3	3	3	3	3	3	3	3	3	3	3	3	4	4	4	4	4	4	4	4	4	4	4	4	4	4	4	4	4	4	4	4	4	4	4	4	4	4	4	5	5	5	5	5	5	5	5	5	5	5	5	5	5	5	5	5	5	5	5	5	6	6	6	6	6	6	6	6	6	6	6	6	6	6	6	6	7	7	7	7	7	7	7	7	7	8	8	8	8	8	8	8	8	8	8	8	8	8	8	8	8	8	8	8	8	8	8	8	9	9	9	9	9	9	9	9	9	9	9	9	9	9	9	9	9	9	9	9	9	9	10	10	10	10	10	10	10	10	10	10	10	10	10	10	10	10	10	10	10	10	10	10	10	10	10	
