200
20	2
156	11
28	31	27	27	30	30	31	30	30	31	27	26	26	27	31	27	29	28	28	26	31	30	29	31	26	27	28	27	30	28	29	29	29	26	27	31	30	31	27	28	30	29	29	26	31	26	27	30	27	28	31	28	31	30	28	28	27	27	31	30	28	31	26	27	31	28	27	28	28	28	28	31	31	31	27	26	28	29	29	29	27	29	29	30	31	28	29	26	31	26	29	31	27	26	29	31	27	29	30	30	31	26	31	31	28	26	27	27	30	30	28	28	28	28	26	27	26	31	28	31	26	29	30	26	31	27	31	26	27	29	30	26	26	28	31	30	31	26	27	31	30	28	26	28	30	28	29	27	28	27	31	29	29	30	27	27	31	28	29	28	26	26	29	30	30	26	30	27	29	30	28	27	27	28	26	26	31	26	30	31	29	30	31	26	27	26	28	28	26	29	27	27	28	29	28	27	26	26	27	31	
88	90	91	93	84	85	80	80	77	88	83	80	88	91	92	88	88	82	89	90	90	82	81	83	90	84	82	91	91	77	78	85	85	91	81	80	79	91	91	80	90	76	80	89	78	87	85	78	86	83	82	90	83	91	82	82	86	84	87	92	79	79	90	86	86	79	86	82	87	91	80	78	87	89	79	86	91	83	77	80	84	85	94	85	82	76	78	82	78	93	80	87	90	84	87	76	79	81	84	85	78	81	79	93	79	93	80	82	90	79	92	85	93	77	85	94	85	94	78	85	91	94	92	81	89	94	77	77	90	94	77	79	79	76	79	93	83	87	76	83	88	79	90	82	88	90	93	80	78	80	83	90	77	77	93	77	85	94	78	85	85	87	85	94	85	83	89	91	82	81	87	78	76	94	84	88	86	89	76	82	83	91	94	93	82	86	77	77	88	86	86	89	82	78	89	84	94	85	90	94	
25.3	24.2	11	14.3	25.3	12.1	13.2	27.5	20.9	30.8	28.6	12.1	11	20.9	19.8	26.4	29.7	14.3	12.1	23.1	13.2	22	19.8	15.4	23.1	28.6	19.8	11	33	15.4	28.6	11	24.2	13.2	22	14.3	26.4	30.8	31.9	11	18.7	13.2	19.8	15.4	30.8	18.7	27.5	15.4	22	25.3	30.8	33	15.4	18.7	19.8	11	28.6	16.5	33	24.2	11	19.8	19.8	28.6	28.6	14.3	18.7	33	29.7	22	12.1	25.3	19.8	23.1	24.2	12.1	29.7	17.6	15.4	30.8	12.1	24.2	16.5	11	20.9	28.6	30.8	25.3	19.8	20.9	11	14.3	25.3	27.5	20.9	26.4	26.4	20.9	22	30.8	25.3	20.9	13.2	17.6	28.6	20.9	18.7	13.2	15.4	14.3	33	15.4	23.1	20.9	11	15.4	25.3	30.8	13.2	12.1	19.8	22	14.3	33	15.4	25.3	14.3	33	15.4	28.6	12.1	13.2	19.8	17.6	18.7	28.6	13.2	24.2	26.4	29.7	26.4	12.1	24.2	24.2	18.7	30.8	19.8	24.2	14.3	29.7	26.4	29.7	27.5	18.7	33	15.4	31.9	26.4	19.8	16.5	29.7	27.5	29.7	28.6	33	16.5	14.3	13.2	25.3	19.8	24.2	18.7	30.8	23.1	22	17.6	12.1	20.9	31.9	16.5	31.9	26.4	20.9	29.7	24.2	16.5	11	26.4	31.9	23.1	12.1	20.9	13.2	12.1	15.4	22	20.9	13.2	19.8	18.7	
18.7	26.4	17.6	29.7	26.4	30.8	11	30.8	24.2	33	26.4	28.6	14.3	20.9	14.3	31.9	12.1	27.5	25.3	33	13.2	15.4	25.3	31.9	12.1	12.1	23.1	22	25.3	33	30.8	18.7	31.9	30.8	31.9	13.2	31.9	17.6	12.1	14.3	22	26.4	29.7	24.2	23.1	17.6	27.5	19.8	23.1	12.1	11	28.6	13.2	13.2	23.1	25.3	18.7	27.5	18.7	33	31.9	27.5	15.4	12.1	26.4	19.8	16.5	30.8	15.4	26.4	33	11	30.8	24.2	19.8	24.2	17.6	19.8	14.3	24.2	11	16.5	18.7	24.2	11	12.1	17.6	12.1	15.4	16.5	12.1	18.7	33	13.2	27.5	22	13.2	24.2	27.5	18.7	29.7	13.2	19.8	18.7	33	15.4	33	16.5	15.4	22	16.5	29.7	27.5	33	30.8	24.2	23.1	18.7	23.1	29.7	31.9	22	16.5	18.7	26.4	15.4	29.7	29.7	13.2	20.9	30.8	18.7	28.6	18.7	33	22	30.8	16.5	19.8	19.8	11	24.2	11	14.3	20.9	20.9	33	25.3	17.6	11	31.9	17.6	16.5	27.5	33	15.4	15.4	29.7	17.6	29.7	17.6	23.1	24.2	16.5	23.1	18.7	26.4	29.7	16.5	27.5	11	16.5	25.3	31.9	13.2	27.5	19.8	25.3	19.8	11	30.8	19.8	20.9	20.9	18.7	24.2	13.2	19.8	13.2	18.7	15.4	25.3	26.4	20.9	18.7	28.6	26.4	33	27.5	16.5	
24.2	11	33	24.2	24.2	13.2	19.8	17.6	14.3	25.3	29.7	15.4	22	13.2	11	13.2	29.7	12.1	19.8	18.7	
18	18	17	11	17	12	10	17	20	10	13	19	18	10	17	20	16	17	11	14	16	19	13	14	17	15	10	20	16	12	19	11	20	16	13	15	16	12	17	18	19	18	13	18	17	11	16	14	14	11	17	16	13	15	15	12	16	16	17	13	20	13	18	20	17	15	11	14	17	14	14	11	10	13	14	15	18	11	13	14	13	18	10	13	12	20	19	16	19	16	10	15	16	15	19	11	20	16	13	12	16	18	15	18	19	19	17	13	20	18	12	13	14	14	12	19	10	17	17	16	17	13	10	18	16	14	13	15	13	12	20	20	16	19	15	14	19	18	19	19	14	20	13	10	10	14	14	10	15	15	11	13	18	11	18	19	15	18	16	15	17	13	14	19	16	16	17	10	10	20	20	15	12	14	10	19	19	13	17	14	10	12	18	13	19	10	15	14	17	12	17	19	19	15	20	20	16	12	17	17	
1	1	1	1	1	1	1	1	1	1	1	2	2	2	2	2	2	2	2	2	2	2	3	3	3	3	3	3	3	3	3	3	3	4	4	4	4	4	4	4	4	4	4	5	5	5	5	5	5	5	5	5	5	5	5	5	5	6	6	6	6	6	6	6	7	7	7	7	7	7	7	7	7	7	7	8	8	8	8	8	8	8	9	9	9	9	9	9	9	9	10	10	10	10	10	10	10	10	10	10	10	10	10	10	10	10	10	10	11	11	11	11	11	11	11	12	12	12	12	12	12	12	12	12	13	13	13	13	13	13	13	13	13	14	14	14	14	14	14	14	14	14	15	15	15	15	15	15	15	16	16	16	16	16	16	16	16	16	16	16	16	17	17	17	17	17	17	17	17	17	17	18	18	18	18	18	18	18	18	18	18	18	18	18	19	19	19	19	19	19	19	20	20	20	20	20	20	20	20	20	
