500
10	3
809	18.7
30	26	30	26	30	31	26	26	27	29	27	29	27	29	26	31	31	29	28	28	28	27	27	31	29	27	30	26	31	27	29	29	26	31	27	29	29	26	27	29	28	26	30	27	29	31	29	30	26	28	29	28	30	31	26	27	29	30	30	30	31	31	27	31	26	27	27	31	26	30	26	30	30	27	26	29	29	28	26	26	31	30	31	31	26	28	31	28	26	29	30	28	31	30	28	28	29	31	30	26	29	31	29	26	27	30	26	29	31	28	31	29	27	27	28	30	29	31	31	30	30	26	28	31	27	29	30	30	31	29	28	26	27	27	27	28	27	31	29	26	26	28	26	31	26	31	26	29	31	29	30	30	30	27	26	27	27	29	26	29	30	30	30	29	28	31	31	30	29	27	30	26	29	27	28	26	29	29	28	31	28	27	26	27	26	27	30	30	28	31	29	30	27	31	31	29	29	29	30	31	27	30	28	27	30	26	27	26	26	27	27	28	26	31	27	27	27	26	29	26	31	31	29	31	26	28	29	31	27	26	26	30	30	28	28	31	31	26	26	26	31	30	28	28	28	27	26	29	31	30	26	27	30	26	28	28	27	31	29	27	30	31	30	30	29	28	29	28	26	29	29	26	28	28	31	27	28	31	30	29	27	27	28	31	30	27	26	26	26	26	31	29	27	30	28	30	26	26	31	27	28	28	31	28	28	26	31	31	28	27	28	29	28	27	27	28	28	30	29	27	26	28	29	26	27	29	27	26	26	27	27	28	30	29	27	31	28	27	31	28	27	29	27	28	30	30	26	28	29	27	30	28	27	30	31	31	30	28	30	28	30	27	27	29	28	31	29	31	29	27	29	30	30	30	31	27	31	29	26	31	28	26	28	26	30	27	30	28	31	28	29	29	31	27	29	29	30	30	26	31	28	29	29	31	27	28	26	26	29	30	26	30	26	29	28	31	28	26	29	31	31	28	31	27	28	27	30	29	27	28	28	29	28	29	29	28	26	28	26	29	31	27	28	26	27	27	31	26	27	28	27	29	31	26	31	27	30	27	30	27	29	27	31	31	27	26	26	30	29	31	31	31	28	28	28	27	27	31	31	26	30	29	31	26	31	30	26	27	31	29	28	29	28	31	27	31	31	28	29	29	
90	93	91	77	94	85	88	89	80	76	76	88	83	92	88	94	87	82	79	76	84	89	76	89	79	79	84	85	85	76	83	77	86	84	91	85	90	89	82	80	93	81	80	93	78	84	77	87	84	86	92	91	76	79	84	89	94	84	87	86	92	80	89	92	78	85	91	85	88	86	85	83	77	84	94	84	84	93	78	83	82	79	88	79	79	85	88	85	94	78	86	90	77	87	94	93	89	84	91	79	94	78	84	84	86	81	82	77	88	82	84	88	80	94	91	80	77	91	91	79	92	91	83	77	76	80	88	86	81	78	81	77	91	83	77	88	82	81	91	90	90	94	90	76	88	83	86	89	90	77	91	81	86	88	91	85	92	88	89	76	80	86	85	88	83	93	81	80	81	82	82	85	80	80	82	76	86	84	87	92	85	82	79	91	88	94	91	88	80	91	84	76	78	83	81	85	94	79	92	86	93	84	88	85	81	81	82	85	85	91	77	76	94	80	88	86	94	77	81	85	84	83	89	80	77	88	86	85	77	94	87	93	83	91	79	79	92	91	83	89	94	88	88	86	79	94	93	90	86	92	89	77	76	80	91	91	94	92	94	77	93	85	86	90	78	78	93	94	82	76	79	81	81	85	89	87	80	90	85	77	90	88	79	78	92	79	82	89	79	76	92	77	93	92	88	85	84	90	87	91	87	81	84	81	91	77	79	79	91	84	86	85	93	84	85	87	81	83	92	81	79	94	91	85	80	92	86	83	93	87	91	76	78	81	88	80	80	92	85	78	91	76	81	79	80	87	82	79	87	77	87	76	89	92	76	88	80	85	89	91	81	89	79	87	85	91	78	77	84	91	78	85	93	86	81	78	80	78	81	78	81	91	83	94	87	86	91	91	77	92	88	89	81	85	83	85	86	82	80	89	93	76	89	91	77	86	77	86	86	81	94	94	89	82	83	87	78	90	82	88	87	88	90	83	80	85	92	92	79	88	86	91	93	92	83	89	92	85	79	76	84	92	88	77	90	81	77	76	76	93	78	88	90	80	94	84	76	78	88	82	76	82	89	85	94	78	80	79	89	82	86	86	90	91	83	87	78	81	83	89	93	94	88	86	90	79	80	84	94	86	82	79	92	83	91	93	84	92	88	85	
20.9	12.1	15.4	23.1	13.2	18.7	27.5	33	31.9	24.2	14.3	30.8	31.9	27.5	22	17.6	26.4	28.6	13.2	30.8	14.3	27.5	19.8	15.4	23.1	27.5	33	20.9	16.5	22	11	23.1	17.6	30.8	14.3	18.7	12.1	31.9	11	29.7	23.1	20.9	13.2	22	14.3	22	24.2	19.8	18.7	13.2	29.7	17.6	11	23.1	17.6	29.7	15.4	22	26.4	11	16.5	13.2	23.1	15.4	31.9	11	26.4	28.6	12.1	14.3	19.8	14.3	25.3	33	20.9	17.6	22	28.6	29.7	29.7	26.4	19.8	30.8	19.8	17.6	12.1	27.5	17.6	18.7	11	33	24.2	25.3	16.5	33	13.2	13.2	26.4	16.5	18.7	33	26.4	12.1	17.6	17.6	30.8	13.2	26.4	27.5	24.2	30.8	23.1	22	26.4	13.2	33	12.1	28.6	29.7	25.3	19.8	27.5	27.5	20.9	23.1	24.2	15.4	14.3	14.3	11	31.9	24.2	20.9	22	16.5	20.9	16.5	13.2	11	24.2	16.5	15.4	29.7	19.8	20.9	27.5	27.5	14.3	30.8	13.2	14.3	31.9	14.3	18.7	28.6	33	11	30.8	14.3	13.2	30.8	33	19.8	33	33	20.9	18.7	30.8	13.2	26.4	17.6	28.6	29.7	28.6	17.6	12.1	14.3	22	26.4	15.4	24.2	15.4	31.9	11	28.6	20.9	28.6	25.3	30.8	14.3	13.2	22	31.9	30.8	19.8	25.3	30.8	14.3	20.9	28.6	23.1	18.7	13.2	33	19.8	17.6	23.1	20.9	30.8	24.2	22	20.9	13.2	24.2	29.7	16.5	14.3	15.4	23.1	11	15.4	33	11	19.8	13.2	26.4	29.7	18.7	11	27.5	14.3	28.6	15.4	26.4	23.1	22	25.3	15.4	29.7	20.9	24.2	23.1	13.2	23.1	11	26.4	11	25.3	33	12.1	29.7	26.4	13.2	24.2	30.8	16.5	11	17.6	14.3	24.2	23.1	27.5	11	14.3	31.9	12.1	17.6	16.5	26.4	19.8	23.1	31.9	23.1	12.1	17.6	24.2	25.3	25.3	18.7	12.1	19.8	20.9	26.4	26.4	24.2	28.6	23.1	19.8	29.7	17.6	18.7	26.4	20.9	30.8	13.2	30.8	28.6	15.4	17.6	29.7	28.6	31.9	30.8	12.1	20.9	13.2	30.8	12.1	17.6	22	17.6	26.4	12.1	12.1	12.1	26.4	29.7	12.1	11	30.8	18.7	22	19.8	25.3	23.1	25.3	26.4	25.3	14.3	14.3	16.5	14.3	26.4	22	17.6	28.6	22	11	26.4	15.4	12.1	19.8	22	30.8	24.2	29.7	23.1	16.5	22	13.2	15.4	22	12.1	29.7	20.9	24.2	19.8	20.9	25.3	27.5	25.3	23.1	33	15.4	15.4	25.3	29.7	28.6	24.2	24.2	12.1	13.2	31.9	33	22	31.9	24.2	20.9	13.2	15.4	23.1	23.1	19.8	12.1	17.6	27.5	20.9	13.2	25.3	23.1	31.9	29.7	30.8	23.1	13.2	31.9	31.9	20.9	33	24.2	26.4	25.3	18.7	28.6	28.6	33	28.6	19.8	28.6	22	18.7	24.2	24.2	13.2	31.9	30.8	31.9	11	26.4	11	33	31.9	26.4	20.9	28.6	31.9	13.2	13.2	33	17.6	31.9	11	25.3	24.2	25.3	11	33	13.2	30.8	28.6	13.2	33	28.6	27.5	11	15.4	23.1	19.8	33	29.7	29.7	33	20.9	20.9	19.8	20.9	28.6	30.8	28.6	20.9	29.7	29.7	19.8	33	18.7	25.3	30.8	26.4	25.3	14.3	27.5	12.1	22	16.5	31.9	13.2	17.6	26.4	15.4	30.8	11	27.5	25.3	29.7	18.7	33	17.6	15.4	14.3	19.8	20.9	27.5	22	17.6	17.6	30.8	11	12.1	23.1	28.6	
25.3	11	24.2	22	13.2	23.1	19.8	30.8	23.1	11	20.9	15.4	22	20.9	29.7	15.4	11	16.5	13.2	25.3	31.9	18.7	18.7	19.8	13.2	18.7	27.5	33	28.6	33	26.4	23.1	15.4	27.5	27.5	27.5	11	24.2	24.2	24.2	11	24.2	16.5	31.9	11	23.1	25.3	25.3	20.9	25.3	16.5	15.4	13.2	15.4	29.7	11	22	31.9	13.2	24.2	26.4	15.4	19.8	24.2	18.7	14.3	11	26.4	30.8	24.2	28.6	22	26.4	11	11	26.4	31.9	30.8	26.4	16.5	17.6	26.4	27.5	16.5	18.7	17.6	20.9	11	33	13.2	14.3	22	26.4	25.3	14.3	28.6	27.5	31.9	18.7	30.8	27.5	15.4	19.8	14.3	11	19.8	30.8	33	22	22	19.8	20.9	14.3	23.1	20.9	14.3	26.4	11	14.3	20.9	15.4	20.9	18.7	26.4	20.9	14.3	13.2	20.9	14.3	23.1	16.5	31.9	28.6	25.3	26.4	27.5	11	28.6	28.6	26.4	22	14.3	23.1	23.1	16.5	22	24.2	33	33	25.3	31.9	15.4	18.7	24.2	13.2	24.2	31.9	16.5	23.1	30.8	11	19.8	22	22	18.7	14.3	14.3	19.8	26.4	28.6	25.3	31.9	18.7	26.4	11	30.8	14.3	24.2	15.4	11	27.5	31.9	22	18.7	24.2	26.4	11	24.2	12.1	12.1	22	12.1	11	29.7	24.2	23.1	18.7	16.5	17.6	31.9	22	29.7	30.8	12.1	11	18.7	30.8	17.6	25.3	27.5	18.7	17.6	29.7	28.6	12.1	15.4	16.5	14.3	27.5	24.2	33	12.1	29.7	18.7	31.9	13.2	19.8	33	24.2	28.6	11	16.5	22	26.4	31.9	31.9	20.9	23.1	17.6	15.4	11	17.6	31.9	12.1	11	17.6	12.1	31.9	25.3	27.5	27.5	22	11	33	13.2	15.4	19.8	23.1	17.6	28.6	17.6	29.7	29.7	16.5	15.4	14.3	23.1	16.5	25.3	14.3	12.1	23.1	27.5	23.1	33	17.6	24.2	26.4	14.3	14.3	33	15.4	14.3	30.8	22	11	24.2	24.2	30.8	12.1	16.5	31.9	16.5	15.4	13.2	14.3	14.3	22	33	18.7	17.6	26.4	18.7	12.1	25.3	24.2	18.7	12.1	17.6	22	25.3	16.5	19.8	27.5	33	17.6	23.1	15.4	14.3	12.1	12.1	31.9	19.8	28.6	27.5	24.2	22	33	16.5	11	17.6	19.8	24.2	22	27.5	33	14.3	16.5	22	23.1	18.7	18.7	16.5	24.2	25.3	17.6	27.5	20.9	23.1	31.9	31.9	23.1	30.8	26.4	12.1	17.6	14.3	23.1	18.7	15.4	24.2	20.9	16.5	31.9	14.3	14.3	18.7	12.1	31.9	14.3	13.2	29.7	15.4	33	26.4	22	18.7	33	24.2	26.4	11	22	15.4	13.2	33	31.9	33	15.4	27.5	18.7	26.4	15.4	13.2	25.3	13.2	30.8	31.9	29.7	16.5	16.5	25.3	24.2	22	16.5	19.8	18.7	17.6	31.9	16.5	19.8	22	29.7	24.2	20.9	24.2	24.2	26.4	12.1	22	19.8	25.3	30.8	11	11	31.9	33	19.8	14.3	19.8	33	23.1	11	29.7	18.7	23.1	15.4	15.4	24.2	14.3	30.8	22	12.1	27.5	14.3	12.1	18.7	25.3	11	24.2	20.9	25.3	19.8	22	29.7	18.7	12.1	17.6	33	29.7	25.3	12.1	25.3	18.7	30.8	12.1	20.9	30.8	19.8	29.7	12.1	15.4	31.9	18.7	24.2	15.4	23.1	23.1	18.7	27.5	18.7	14.3	11	23.1	22	11	27.5	29.7	15.4	14.3	11	23.1	28.6	25.3	25.3	19.8	12.1	19.8	27.5	17.6	19.8	
26.4	15.4	27.5	18.7	11	19.8	14.3	19.8	16.5	22	
18	19	15	14	19	12	19	17	20	10	15	20	12	14	17	20	13	16	15	15	17	12	19	14	15	10	14	16	16	17	11	19	12	18	11	16	20	10	16	11	17	14	12	20	20	11	13	11	12	12	20	17	11	19	10	13	10	13	15	18	11	10	11	16	11	15	17	20	19	17	10	17	19	19	20	16	12	10	19	17	13	17	11	10	20	18	14	16	12	19	14	12	16	20	13	15	10	20	14	17	10	17	14	16	14	15	16	13	16	14	10	11	17	10	19	19	14	14	20	14	12	20	20	10	10	10	16	15	19	15	16	13	14	20	17	14	15	12	14	13	18	18	14	14	18	17	12	20	15	17	19	20	12	12	17	11	14	18	18	13	13	19	12	20	12	13	15	12	13	10	11	14	20	17	12	14	14	14	15	18	13	12	15	19	15	14	16	17	14	10	19	20	12	10	10	19	10	11	17	11	17	18	11	13	17	14	17	12	16	15	18	13	15	19	20	14	18	15	15	12	13	10	16	18	17	10	20	17	18	18	11	20	18	15	19	16	20	16	13	19	15	11	13	14	17	10	18	14	17	15	20	16	18	17	16	15	15	18	13	19	17	10	14	19	19	20	20	18	10	18	17	10	16	18	15	20	18	16	10	19	14	12	13	15	17	11	14	16	13	14	12	15	12	16	12	10	12	18	14	12	13	16	18	11	17	15	11	13	20	13	10	17	20	18	12	11	11	11	14	12	11	17	18	12	15	20	10	11	16	16	14	16	15	10	13	13	11	14	14	19	12	16	10	15	17	15	10	12	16	15	11	14	13	19	13	17	13	16	18	12	14	11	15	19	18	16	16	10	19	20	11	15	14	17	20	16	13	18	16	19	18	10	10	14	19	10	19	16	17	15	18	15	16	13	10	14	14	20	12	18	16	12	12	17	12	14	19	17	15	12	20	10	12	20	10	11	14	11	13	15	10	12	15	16	16	10	14	15	18	14	19	17	19	13	19	18	14	11	15	15	11	16	15	17	20	20	12	11	13	20	17	17	14	14	16	17	20	10	11	19	12	11	13	12	20	17	19	19	19	16	10	10	14	20	18	10	18	20	17	12	17	16	13	15	11	13	13	14	20	16	12	12	18	20	16	19	18	13	10	19	
1	1	1	1	1	1	1	1	1	1	1	1	1	1	1	1	1	1	1	1	1	1	1	1	1	1	1	1	1	1	1	1	1	1	1	1	1	1	1	1	1	1	1	1	1	2	2	2	2	2	2	2	2	2	2	2	2	2	2	2	2	2	2	2	2	2	2	2	2	2	2	2	2	2	2	2	2	2	2	2	2	2	2	2	2	2	2	2	2	2	2	3	3	3	3	3	3	3	3	3	3	3	3	3	3	3	3	3	3	3	3	3	3	3	3	3	3	3	3	3	3	3	3	3	3	3	3	3	3	3	3	3	3	3	3	3	3	3	3	3	3	3	3	3	3	3	3	4	4	4	4	4	4	4	4	4	4	4	4	4	4	4	4	4	4	4	4	4	4	4	4	4	4	4	4	4	4	4	4	4	4	4	4	4	4	4	4	4	4	4	4	4	4	4	4	4	4	4	4	4	4	4	4	4	5	5	5	5	5	5	5	5	5	5	5	5	5	5	5	5	5	5	5	5	5	5	5	5	5	5	5	5	5	5	5	5	5	5	5	5	5	5	5	5	5	5	5	5	5	5	5	5	5	5	5	5	5	6	6	6	6	6	6	6	6	6	6	6	6	6	6	6	6	6	6	6	6	6	6	6	6	6	6	6	6	6	6	6	6	6	6	6	6	6	6	6	6	6	6	6	6	6	6	6	6	6	6	6	6	6	6	6	7	7	7	7	7	7	7	7	7	7	7	7	7	7	7	7	7	7	7	7	7	7	7	7	7	7	7	7	7	7	7	7	7	7	7	7	7	7	7	7	7	7	7	7	8	8	8	8	8	8	8	8	8	8	8	8	8	8	8	8	8	8	8	8	8	8	8	8	8	8	8	8	8	8	8	8	8	8	8	8	8	8	8	8	8	8	8	9	9	9	9	9	9	9	9	9	9	9	9	9	9	9	9	9	9	9	9	9	9	9	9	9	9	9	9	9	9	9	9	9	9	9	9	9	9	9	9	9	9	9	9	9	9	9	9	9	9	9	9	9	9	9	9	9	9	9	10	10	10	10	10	10	10	10	10	10	10	10	10	10	10	10	10	10	10	10	10	10	10	10	10	10	10	10	10	10	10	10	10	10	10	10	10	10	10	10	10	10	
