300
30	4
164	28.6
29	26	31	27	31	30	31	26	31	29	29	28	26	30	26	31	28	30	30	30	28	26	28	30	28	28	27	30	28	29	30	26	28	31	28	31	29	26	28	31	27	27	27	31	28	28	30	30	30	28	28	28	27	26	31	27	30	28	31	27	31	29	28	30	30	26	27	27	28	29	28	31	29	29	30	28	28	28	28	29	30	27	29	26	29	31	27	26	30	28	28	29	31	28	31	28	31	27	30	29	30	26	27	26	31	31	27	29	27	31	26	30	30	26	27	30	27	28	30	31	30	26	29	30	31	28	29	31	26	28	26	27	31	28	31	29	29	31	31	30	30	30	31	29	27	27	29	30	29	26	27	26	27	28	29	31	31	28	30	31	29	30	31	30	26	27	30	31	31	30	27	30	31	30	31	28	28	29	31	29	26	30	29	29	27	30	29	30	30	29	27	31	27	31	26	29	31	31	28	28	29	27	31	28	26	30	31	29	29	26	27	26	31	26	29	30	26	30	28	27	30	26	29	31	27	27	28	27	29	29	26	30	30	31	29	28	30	31	30	27	31	30	26	31	26	27	31	29	30	31	30	29	29	31	28	31	27	29	27	30	29	28	31	26	29	28	30	30	29	30	26	28	31	26	29	30	31	29	27	30	27	26	28	29	30	27	31	30	28	31	28	30	31	27	31	29	31	29	28	27	
83	80	77	89	87	89	83	84	84	94	90	93	77	92	94	91	81	83	90	82	87	93	84	93	80	83	92	77	91	90	85	82	82	81	89	87	83	90	88	77	93	93	84	77	91	94	92	82	93	82	91	89	86	89	86	84	83	82	90	89	84	84	82	90	76	92	82	88	91	78	93	80	77	94	85	77	89	76	94	85	80	79	94	81	76	91	83	86	82	83	93	93	80	80	84	88	86	93	76	87	86	82	90	90	79	76	89	84	88	79	87	86	90	89	90	78	89	93	88	90	89	93	86	77	80	94	94	88	85	76	89	90	93	82	77	81	83	79	84	85	88	94	89	92	94	93	78	89	79	83	89	93	91	76	82	90	91	84	88	83	90	94	78	94	86	76	89	77	77	90	93	90	85	78	92	91	83	83	83	87	79	91	85	85	88	76	91	76	93	79	80	85	81	78	86	82	88	91	84	89	85	81	94	94	87	86	85	84	90	79	79	82	88	87	86	78	79	77	90	76	81	76	93	80	78	88	85	76	80	90	82	91	79	89	94	83	85	87	90	85	79	77	77	82	76	94	85	94	77	86	87	93	80	81	81	82	85	76	93	90	80	83	86	94	83	81	86	81	84	80	81	87	78	93	92	78	83	94	94	92	88	76	86	83	93	78	80	91	90	90	76	90	79	81	78	89	89	84	86	91	
16.5	26.4	31.9	30.8	24.2	22	17.6	19.8	15.4	14.3	20.9	29.7	33	22	29.7	14.3	12.1	24.2	27.5	27.5	17.6	26.4	15.4	33	22	16.5	11	25.3	31.9	17.6	31.9	25.3	19.8	12.1	15.4	13.2	30.8	23.1	12.1	16.5	12.1	11	29.7	14.3	17.6	22	33	33	18.7	22	11	23.1	26.4	27.5	24.2	24.2	11	17.6	15.4	12.1	18.7	16.5	11	12.1	13.2	26.4	19.8	12.1	25.3	12.1	15.4	27.5	29.7	31.9	25.3	17.6	16.5	27.5	31.9	19.8	18.7	18.7	13.2	26.4	20.9	13.2	12.1	27.5	24.2	23.1	25.3	13.2	12.1	25.3	33	11	23.1	14.3	20.9	19.8	29.7	15.4	30.8	24.2	24.2	18.7	17.6	16.5	16.5	29.7	22	30.8	12.1	30.8	23.1	14.3	17.6	19.8	27.5	26.4	20.9	19.8	17.6	12.1	13.2	17.6	13.2	14.3	24.2	29.7	29.7	11	11	13.2	31.9	29.7	30.8	28.6	22	13.2	20.9	33	18.7	26.4	20.9	13.2	19.8	24.2	26.4	23.1	18.7	26.4	22	26.4	25.3	16.5	13.2	23.1	28.6	20.9	31.9	11	18.7	18.7	19.8	11	26.4	33	15.4	20.9	18.7	12.1	18.7	23.1	33	29.7	23.1	33	29.7	25.3	13.2	11	19.8	12.1	26.4	23.1	30.8	30.8	33	28.6	31.9	29.7	31.9	24.2	16.5	15.4	30.8	12.1	27.5	30.8	33	12.1	14.3	26.4	26.4	27.5	25.3	26.4	28.6	20.9	15.4	27.5	27.5	16.5	18.7	24.2	25.3	25.3	12.1	26.4	11	18.7	19.8	13.2	24.2	17.6	20.9	18.7	28.6	19.8	22	19.8	16.5	20.9	29.7	28.6	12.1	12.1	18.7	25.3	18.7	15.4	31.9	22	27.5	13.2	15.4	33	11	14.3	14.3	33	29.7	23.1	29.7	17.6	24.2	19.8	18.7	13.2	22	25.3	23.1	12.1	19.8	22	22	26.4	28.6	16.5	20.9	17.6	12.1	16.5	22	30.8	12.1	18.7	13.2	25.3	18.7	20.9	33	29.7	25.3	28.6	29.7	27.5	22	20.9	15.4	14.3	13.2	17.6	31.9	27.5	12.1	30.8	12.1	29.7	
29.7	13.2	16.5	15.4	15.4	22	27.5	24.2	33	27.5	18.7	15.4	25.3	27.5	12.1	27.5	25.3	28.6	23.1	30.8	33	18.7	25.3	29.7	27.5	19.8	17.6	23.1	12.1	11	29.7	24.2	23.1	14.3	27.5	16.5	22	12.1	26.4	16.5	30.8	27.5	25.3	28.6	24.2	12.1	16.5	33	11	30.8	20.9	20.9	19.8	30.8	29.7	30.8	20.9	18.7	17.6	11	27.5	31.9	16.5	26.4	14.3	17.6	28.6	26.4	11	18.7	20.9	13.2	33	17.6	22	22	33	17.6	33	24.2	17.6	24.2	31.9	33	15.4	25.3	27.5	11	29.7	12.1	25.3	11	11	26.4	20.9	18.7	17.6	26.4	30.8	27.5	27.5	26.4	26.4	31.9	15.4	24.2	31.9	19.8	25.3	17.6	25.3	33	11	29.7	24.2	26.4	14.3	30.8	28.6	19.8	12.1	31.9	33	12.1	11	25.3	11	28.6	23.1	11	31.9	11	23.1	18.7	25.3	29.7	25.3	28.6	19.8	15.4	20.9	33	25.3	33	12.1	13.2	18.7	31.9	11	22	26.4	16.5	22	22	27.5	19.8	13.2	20.9	13.2	24.2	17.6	29.7	22	29.7	19.8	13.2	11	28.6	12.1	19.8	28.6	16.5	24.2	29.7	17.6	31.9	14.3	27.5	20.9	22	33	31.9	19.8	17.6	13.2	15.4	22	17.6	17.6	25.3	19.8	20.9	19.8	25.3	24.2	27.5	19.8	12.1	29.7	11	13.2	14.3	13.2	22	31.9	17.6	18.7	16.5	17.6	19.8	16.5	30.8	20.9	28.6	16.5	25.3	30.8	15.4	25.3	13.2	24.2	31.9	15.4	25.3	22	28.6	16.5	28.6	12.1	24.2	25.3	18.7	26.4	29.7	13.2	30.8	19.8	12.1	14.3	33	20.9	17.6	31.9	22	25.3	25.3	24.2	13.2	30.8	13.2	14.3	11	19.8	13.2	15.4	29.7	27.5	22	18.7	16.5	13.2	23.1	20.9	27.5	31.9	17.6	16.5	13.2	20.9	25.3	16.5	15.4	25.3	13.2	11	24.2	31.9	17.6	24.2	27.5	31.9	23.1	28.6	13.2	33	20.9	14.3	27.5	17.6	19.8	11	25.3	16.5	33	24.2	19.8	31.9	30.8	14.3	30.8	
12.1	12.1	29.7	25.3	30.8	27.5	33	17.6	31.9	29.7	33	28.6	20.9	11	18.7	19.8	27.5	17.6	12.1	11	15.4	33	12.1	27.5	16.5	13.2	13.2	18.7	18.7	26.4	
14	15	11	19	11	13	16	11	17	19	15	15	17	13	20	16	11	13	17	12	10	10	11	20	11	18	15	11	14	16	15	15	19	12	10	12	14	17	14	14	17	12	12	18	10	13	20	11	17	19	12	19	20	20	19	13	16	11	15	12	15	12	15	19	18	13	17	13	18	20	11	15	18	15	11	10	14	11	18	19	20	11	15	11	17	10	11	11	15	12	12	20	11	14	10	18	11	17	19	14	20	15	20	20	20	19	20	15	18	11	19	11	13	12	15	18	15	11	13	16	16	11	15	20	15	12	16	11	18	11	17	15	10	10	14	20	16	13	19	19	16	13	13	20	13	10	11	17	19	17	11	10	18	18	19	20	18	13	12	18	14	13	18	17	12	10	14	15	16	13	20	13	19	10	10	13	19	15	20	19	12	19	17	19	11	19	15	10	14	12	14	19	10	16	14	14	13	18	17	11	10	20	13	11	14	12	13	14	18	14	13	20	13	11	19	18	17	20	17	11	11	15	16	13	13	13	12	20	19	14	18	17	13	18	17	17	15	17	10	18	19	15	17	15	20	18	18	17	16	14	20	15	17	20	18	14	20	14	12	20	18	16	18	15	18	18	20	12	14	20	12	19	17	17	17	14	14	11	17	19	14	15	16	20	13	18	19	12	12	12	15	11	19	19	16	13	14	19	14	17	
1	1	1	1	1	1	1	1	1	1	1	1	2	2	2	2	2	2	2	3	3	3	3	4	4	4	4	4	4	4	5	5	5	5	5	5	5	5	5	5	5	6	6	6	6	6	6	6	6	6	6	7	7	7	7	7	7	7	7	7	7	7	7	7	8	8	8	8	8	8	8	8	8	8	8	9	9	9	9	9	9	9	9	9	9	9	9	9	9	10	10	10	10	10	10	10	10	10	10	10	10	10	10	10	10	11	11	11	11	11	11	11	11	11	12	12	12	12	12	12	12	13	13	13	13	13	13	13	13	13	13	14	14	14	14	14	14	14	14	14	15	15	15	15	15	15	15	16	16	16	16	16	16	16	16	16	16	17	17	17	17	17	17	17	17	17	17	17	18	18	18	18	18	18	18	18	18	19	19	19	19	19	19	19	19	20	20	20	20	20	20	20	20	20	20	20	20	20	20	21	21	21	21	21	21	21	21	21	21	21	21	21	21	22	22	22	22	22	22	22	22	22	22	23	23	23	23	23	23	23	23	23	23	23	23	24	24	24	24	24	24	24	24	24	24	25	25	25	25	25	25	25	25	25	26	26	26	26	26	26	26	26	26	26	27	27	27	27	27	27	27	27	27	27	27	27	28	28	28	28	28	28	28	28	28	28	28	29	29	29	29	29	29	29	29	29	29	30	30	30	
