400
20	3
315	22
30	28	27	28	27	26	28	30	29	27	30	26	31	28	26	30	28	29	29	28	30	31	27	27	28	31	30	29	30	28	28	28	27	26	30	29	27	31	27	26	31	26	26	29	29	31	26	27	27	30	26	29	27	30	31	29	31	29	31	30	28	28	31	29	27	27	31	26	28	31	27	30	29	26	31	31	30	31	29	27	28	30	31	30	30	28	31	31	27	29	26	31	31	31	26	26	29	28	29	28	30	28	29	28	28	26	26	29	26	31	27	27	26	31	28	26	30	30	28	30	30	30	26	28	31	30	28	27	28	30	27	28	27	30	28	26	29	26	30	29	29	30	29	29	27	27	27	30	27	26	26	31	30	26	26	31	28	29	31	29	26	27	28	30	27	30	28	26	26	27	29	30	28	30	31	29	28	30	31	31	31	26	27	28	30	27	26	30	27	31	26	30	28	28	27	28	30	31	26	30	26	29	30	31	27	29	31	27	26	28	27	30	27	29	30	30	31	31	29	30	27	27	27	31	28	31	28	29	30	26	31	26	29	31	31	31	30	30	31	27	26	30	29	28	27	28	29	27	28	31	30	26	29	31	27	30	26	30	31	31	31	29	28	26	29	28	29	31	28	31	26	26	28	26	29	29	31	26	31	28	26	31	31	31	31	26	29	30	30	30	28	31	26	31	29	29	29	31	29	30	28	31	27	31	29	29	26	27	26	29	31	26	26	26	30	26	28	29	31	27	29	26	26	27	26	28	30	27	30	27	28	28	27	30	31	27	26	31	29	31	26	30	28	31	28	26	29	29	27	29	28	27	26	29	28	31	30	26	31	26	28	27	26	30	30	31	29	31	29	27	29	27	30	31	28	31	31	26	29	29	31	30	28	31	27	29	27	31	27	28	31	27	30	30	28	27	31	26	30	28	
77	83	85	81	83	80	78	94	84	85	84	79	87	81	83	81	86	87	82	81	84	84	94	92	87	91	81	82	89	85	90	86	91	76	87	91	81	87	80	94	85	81	84	83	87	83	93	84	90	82	76	90	78	84	85	76	93	84	85	89	76	93	89	83	82	89	82	92	85	82	85	85	84	86	87	76	88	85	94	82	90	78	89	92	81	79	87	76	87	81	91	78	87	92	90	76	82	85	93	93	80	81	83	83	76	92	89	77	78	79	82	93	89	77	86	91	85	91	93	83	80	84	80	80	77	94	79	94	85	81	80	79	91	86	83	86	76	87	87	87	91	81	79	94	76	90	81	84	82	91	77	84	91	94	81	76	78	88	80	83	88	90	82	80	87	92	91	82	94	94	92	90	94	78	94	84	77	76	91	89	93	79	77	82	84	85	79	79	81	90	76	86	89	91	79	77	90	86	94	84	82	91	77	92	77	86	92	80	89	87	77	82	78	86	92	78	94	93	90	93	90	90	78	86	93	82	79	86	83	76	90	92	80	78	93	77	82	83	86	79	92	90	92	76	78	93	86	84	87	81	76	84	89	86	93	92	78	93	76	91	80	77	78	77	89	90	79	81	76	88	79	80	77	90	92	91	79	79	86	76	79	82	77	85	87	87	81	83	78	87	85	81	88	78	85	76	86	80	91	77	80	93	86	81	77	93	79	77	83	81	92	82	87	80	94	83	80	88	86	93	90	94	91	86	94	93	85	88	76	87	94	87	92	87	92	86	87	91	89	90	80	85	78	78	79	90	93	91	78	88	76	83	84	88	85	87	76	88	84	82	86	83	91	82	79	87	83	78	88	81	93	83	79	87	89	94	92	77	86	81	91	81	85	93	81	87	86	88	79	87	92	87	77	82	89	94	87	81	83	86	
11	23.1	11	23.1	28.6	11	27.5	19.8	18.7	26.4	28.6	11	13.2	11	11	28.6	29.7	26.4	26.4	16.5	23.1	22	29.7	20.9	22	12.1	24.2	31.9	22	33	13.2	15.4	26.4	20.9	25.3	12.1	11	23.1	20.9	30.8	13.2	29.7	20.9	20.9	25.3	25.3	14.3	20.9	28.6	13.2	12.1	13.2	22	30.8	13.2	29.7	17.6	24.2	24.2	31.9	12.1	11	27.5	30.8	27.5	23.1	24.2	23.1	24.2	22	33	27.5	14.3	26.4	16.5	33	20.9	25.3	27.5	27.5	15.4	22	22	22	18.7	25.3	14.3	23.1	30.8	24.2	24.2	19.8	22	20.9	29.7	11	12.1	18.7	25.3	16.5	24.2	26.4	27.5	17.6	33	11	15.4	11	23.1	17.6	11	23.1	14.3	33	33	33	12.1	13.2	13.2	33	13.2	26.4	12.1	29.7	31.9	17.6	13.2	24.2	23.1	28.6	23.1	28.6	14.3	14.3	16.5	18.7	15.4	16.5	14.3	18.7	17.6	27.5	15.4	18.7	12.1	19.8	19.8	17.6	25.3	12.1	16.5	19.8	29.7	30.8	14.3	31.9	30.8	19.8	28.6	27.5	22	17.6	23.1	12.1	17.6	33	25.3	15.4	20.9	29.7	29.7	27.5	20.9	14.3	26.4	16.5	24.2	17.6	28.6	18.7	13.2	17.6	31.9	24.2	24.2	24.2	13.2	22	15.4	26.4	26.4	22	24.2	19.8	17.6	28.6	26.4	14.3	24.2	33	19.8	25.3	29.7	29.7	27.5	23.1	11	15.4	20.9	23.1	33	28.6	30.8	24.2	15.4	11	26.4	25.3	11	23.1	13.2	14.3	29.7	22	22	26.4	25.3	29.7	22	30.8	11	16.5	19.8	20.9	26.4	11	11	24.2	23.1	18.7	22	17.6	24.2	33	14.3	23.1	30.8	19.8	29.7	31.9	31.9	24.2	29.7	22	19.8	31.9	25.3	31.9	26.4	16.5	33	20.9	25.3	28.6	13.2	19.8	17.6	29.7	11	14.3	12.1	13.2	13.2	13.2	33	33	31.9	12.1	16.5	27.5	17.6	15.4	14.3	25.3	27.5	17.6	13.2	26.4	28.6	16.5	27.5	22	19.8	16.5	18.7	23.1	14.3	19.8	29.7	16.5	24.2	29.7	14.3	29.7	29.7	24.2	24.2	17.6	28.6	28.6	12.1	27.5	30.8	28.6	33	25.3	17.6	17.6	30.8	17.6	17.6	14.3	14.3	30.8	11	11	23.1	30.8	12.1	12.1	15.4	11	18.7	17.6	14.3	16.5	29.7	14.3	28.6	16.5	27.5	15.4	31.9	11	14.3	15.4	24.2	23.1	18.7	25.3	19.8	17.6	15.4	12.1	31.9	13.2	22	29.7	17.6	23.1	18.7	33	20.9	17.6	30.8	14.3	25.3	24.2	20.9	16.5	28.6	29.7	15.4	22	13.2	25.3	22	13.2	12.1	18.7	13.2	15.4	30.8	16.5	20.9	33	11	28.6	27.5	17.6	23.1	33	22	28.6	33	27.5	15.4	31.9	33	24.2	
30.8	30.8	33	23.1	30.8	24.2	13.2	14.3	11	27.5	16.5	14.3	29.7	24.2	18.7	14.3	26.4	13.2	19.8	13.2	26.4	19.8	18.7	14.3	23.1	31.9	12.1	17.6	20.9	20.9	33	17.6	17.6	19.8	26.4	30.8	28.6	31.9	25.3	12.1	16.5	30.8	12.1	11	20.9	16.5	24.2	25.3	19.8	22	20.9	15.4	31.9	12.1	18.7	28.6	26.4	18.7	22	17.6	28.6	31.9	15.4	24.2	19.8	25.3	15.4	17.6	14.3	19.8	18.7	24.2	31.9	19.8	14.3	25.3	14.3	22	26.4	12.1	14.3	26.4	24.2	18.7	12.1	24.2	27.5	24.2	27.5	16.5	26.4	20.9	19.8	25.3	19.8	19.8	17.6	12.1	14.3	11	14.3	17.6	25.3	22	19.8	25.3	13.2	13.2	18.7	12.1	24.2	20.9	16.5	15.4	23.1	30.8	20.9	33	23.1	29.7	12.1	30.8	26.4	20.9	25.3	16.5	24.2	25.3	27.5	29.7	22	28.6	20.9	23.1	33	13.2	16.5	11	13.2	33	16.5	18.7	16.5	16.5	20.9	19.8	20.9	17.6	31.9	30.8	22	15.4	24.2	14.3	15.4	11	26.4	29.7	30.8	11	17.6	28.6	15.4	13.2	19.8	31.9	25.3	25.3	18.7	22	12.1	26.4	28.6	16.5	33	15.4	17.6	13.2	25.3	30.8	18.7	11	26.4	15.4	20.9	30.8	30.8	30.8	24.2	11	29.7	33	27.5	27.5	18.7	11	33	26.4	27.5	31.9	23.1	14.3	26.4	22	28.6	16.5	29.7	20.9	28.6	18.7	16.5	33	23.1	20.9	18.7	13.2	20.9	31.9	20.9	19.8	33	28.6	19.8	30.8	27.5	24.2	19.8	31.9	16.5	22	26.4	16.5	16.5	28.6	29.7	30.8	17.6	14.3	17.6	29.7	33	30.8	23.1	33	22	23.1	11	11	17.6	31.9	20.9	14.3	33	26.4	33	27.5	15.4	23.1	17.6	13.2	16.5	28.6	30.8	23.1	19.8	33	17.6	14.3	11	14.3	22	27.5	17.6	13.2	30.8	18.7	28.6	25.3	23.1	13.2	16.5	16.5	22	11	23.1	12.1	17.6	11	23.1	29.7	22	18.7	13.2	22	29.7	18.7	11	31.9	29.7	31.9	17.6	27.5	31.9	24.2	30.8	30.8	29.7	17.6	17.6	24.2	33	33	27.5	16.5	12.1	27.5	14.3	30.8	26.4	26.4	18.7	11	30.8	29.7	33	23.1	30.8	16.5	13.2	24.2	17.6	23.1	27.5	29.7	33	28.6	20.9	31.9	28.6	29.7	16.5	15.4	23.1	27.5	24.2	12.1	24.2	30.8	17.6	12.1	12.1	24.2	11	16.5	18.7	26.4	28.6	25.3	29.7	31.9	26.4	31.9	23.1	23.1	15.4	27.5	33	23.1	15.4	30.8	20.9	26.4	26.4	18.7	22	18.7	25.3	24.2	11	31.9	23.1	29.7	12.1	29.7	19.8	31.9	29.7	29.7	24.2	13.2	12.1	27.5	27.5	25.3	22	31.9	13.2	16.5	27.5	28.6	
19.8	27.5	14.3	31.9	17.6	18.7	18.7	15.4	25.3	23.1	22	23.1	17.6	16.5	28.6	22	33	12.1	26.4	17.6	
12	16	20	14	14	20	11	19	17	15	19	17	15	15	10	16	15	18	14	14	10	14	14	13	14	18	10	12	16	14	17	17	12	14	16	20	14	20	16	13	18	14	14	13	11	12	20	17	15	19	20	15	18	18	19	13	20	11	10	13	15	19	17	10	20	16	15	13	12	19	15	16	20	13	20	11	12	12	11	19	16	14	11	14	18	17	16	18	20	11	12	14	15	19	12	18	12	10	19	20	19	11	11	20	19	12	18	12	16	17	20	12	10	20	20	17	16	14	12	19	14	17	11	13	16	19	20	12	17	14	14	15	13	20	10	11	19	11	20	16	19	16	13	17	12	19	17	11	18	15	20	12	10	12	13	11	14	13	12	19	14	14	20	12	18	11	18	20	12	13	10	16	14	10	11	17	16	10	12	14	13	19	13	20	10	16	10	10	15	16	14	10	18	12	16	10	13	15	19	19	16	16	14	20	16	16	12	16	19	17	15	20	13	17	14	13	12	11	16	14	15	16	13	10	18	20	10	18	20	15	17	12	14	20	20	17	18	16	17	16	20	16	18	17	10	10	12	20	13	15	20	15	16	13	10	19	16	11	17	13	14	19	19	17	19	14	20	18	12	15	14	19	13	16	12	19	20	14	20	11	18	13	11	15	20	14	19	13	17	17	20	10	18	20	15	14	15	14	10	11	19	20	13	18	10	17	11	12	16	11	19	14	10	12	19	20	19	13	12	13	20	19	11	17	10	10	17	18	18	15	15	13	12	20	18	20	16	18	14	13	19	16	18	19	15	18	18	18	17	20	10	14	10	11	19	11	20	19	19	20	13	17	19	17	18	20	10	11	19	13	19	17	19	17	14	12	14	13	14	17	12	20	13	19	13	17	15	14	13	10	19	13	10	12	15	17	10	19	18	13	
1	1	1	1	1	1	1	1	1	1	1	1	1	1	1	1	1	1	1	1	1	1	1	1	1	1	2	2	2	2	2	2	2	2	2	2	2	2	2	2	2	2	2	2	2	2	2	2	2	2	2	2	2	3	3	3	3	3	3	3	3	3	3	3	3	3	3	3	3	3	3	3	3	4	4	4	4	4	4	4	4	4	4	4	4	4	4	4	4	4	4	4	4	4	5	5	5	5	5	5	5	5	5	5	5	5	5	5	5	6	6	6	6	6	6	6	6	6	6	6	6	6	6	6	6	6	6	6	6	6	6	6	7	7	7	7	7	7	7	7	7	7	7	7	7	7	7	7	7	8	8	8	8	8	8	8	8	8	8	8	8	8	8	8	8	8	8	9	9	9	9	9	9	9	9	9	9	9	9	9	9	9	9	9	9	10	10	10	10	10	10	10	10	10	10	10	10	10	10	10	10	10	11	11	11	11	11	11	11	11	11	11	11	11	11	11	11	11	11	11	11	11	11	12	12	12	12	12	12	12	12	12	12	12	12	12	12	13	13	13	13	13	13	13	13	13	13	13	13	13	13	13	13	13	13	13	14	14	14	14	14	14	14	14	14	14	14	14	14	14	14	14	14	14	14	14	14	14	14	14	14	14	14	14	15	15	15	15	15	15	15	15	15	15	15	15	15	15	15	15	15	15	16	16	16	16	16	16	16	16	16	16	16	16	16	16	16	16	16	16	17	17	17	17	17	17	17	17	17	17	17	17	17	17	17	17	17	17	18	18	18	18	18	18	18	18	18	18	18	18	18	18	18	18	18	18	18	18	18	19	19	19	19	19	19	19	19	19	19	19	19	19	19	19	19	19	19	19	20	20	20	20	20	20	20	20	20	20	20	20	20	20	20	20	20	20	20	20	20	20	
