400
30	5
213	33
28	30	29	26	28	28	29	27	31	30	27	27	26	31	29	30	29	26	27	28	28	28	31	31	31	29	27	28	30	27	27	26	28	31	27	30	28	31	27	28	27	31	27	31	26	27	31	29	27	28	26	29	27	26	26	30	29	31	27	30	26	30	28	31	27	26	26	26	28	31	28	30	27	27	31	31	31	31	31	28	28	29	26	27	28	26	26	28	29	29	30	27	29	29	31	31	28	29	28	26	27	26	29	26	31	31	29	26	29	28	28	30	27	29	31	30	31	31	30	28	26	29	26	26	31	26	30	31	29	26	26	31	29	28	31	31	27	30	26	27	28	27	30	26	26	26	29	27	28	26	31	26	29	27	27	27	28	29	27	30	31	30	27	27	30	26	30	29	29	28	31	30	26	28	28	28	29	30	31	26	28	30	28	31	30	29	30	29	26	30	27	28	29	27	26	29	30	29	28	28	29	31	29	31	30	31	28	31	30	27	29	31	27	26	28	31	29	26	27	30	30	26	28	31	28	29	29	28	31	27	30	29	28	26	27	30	31	28	29	27	31	26	31	31	29	31	30	31	28	27	30	29	30	31	31	28	29	27	28	30	31	30	31	26	31	26	26	30	30	31	26	26	29	27	31	29	29	28	29	29	29	28	26	30	27	28	28	26	30	28	30	27	29	31	27	30	28	31	26	28	30	30	28	27	26	29	29	30	29	29	30	27	28	29	30	31	31	29	30	31	30	27	28	31	29	31	29	27	29	31	28	30	29	31	26	28	27	26	27	29	30	28	27	28	29	26	28	28	27	28	28	26	28	31	30	28	27	30	27	29	28	27	29	30	29	29	30	30	29	30	30	26	27	28	27	26	26	28	26	31	31	27	31	31	30	28	26	26	27	26	31	28	30	30	31	30	30	30	31	27	
94	87	92	86	79	83	78	82	79	80	79	93	76	78	79	93	92	81	82	89	87	82	94	90	81	94	79	80	92	83	82	93	90	88	89	76	89	94	78	84	84	80	84	90	93	82	86	91	88	87	81	79	82	93	81	89	84	89	79	81	78	93	78	79	90	84	76	85	91	81	86	78	92	86	79	79	93	79	79	92	77	76	83	78	81	87	78	92	76	92	78	93	89	90	84	88	88	76	88	82	83	92	85	94	81	82	85	84	78	81	79	90	94	77	88	84	93	92	93	84	76	81	78	84	76	91	77	86	92	90	86	76	93	82	84	88	77	86	85	80	78	78	87	79	77	85	82	82	81	84	77	86	92	81	94	83	92	92	94	79	83	90	83	82	79	81	80	90	85	76	82	76	87	79	87	91	79	88	91	91	89	84	81	83	81	92	93	92	78	89	90	83	86	81	80	91	88	78	89	93	83	85	76	93	92	94	90	86	78	93	77	81	84	91	86	88	93	93	92	87	88	90	80	91	80	94	91	83	94	91	81	88	94	81	94	82	91	91	80	85	83	91	81	92	94	88	81	90	89	87	92	94	93	85	77	80	76	87	79	88	77	81	90	87	90	92	89	77	87	91	80	76	82	79	86	78	84	88	84	86	76	89	87	94	93	91	86	81	91	77	85	92	88	90	81	90	84	79	93	76	90	88	90	81	94	82	93	77	80	89	76	83	76	91	92	79	77	86	81	87	92	86	80	80	87	91	77	94	88	90	88	94	78	80	87	81	83	90	81	92	76	88	83	91	77	78	91	84	87	91	93	87	93	86	88	77	76	88	80	87	78	91	80	77	91	84	89	84	93	86	84	93	86	78	92	78	94	88	92	83	86	83	94	93	92	79	78	84	82	81	91	83	93	80	76	91	86	81	94	88	
28.6	23.1	19.8	11	22	29.7	18.7	15.4	20.9	11	30.8	23.1	26.4	31.9	15.4	16.5	23.1	13.2	15.4	16.5	13.2	23.1	20.9	19.8	22	23.1	12.1	12.1	29.7	12.1	17.6	11	15.4	29.7	16.5	24.2	30.8	27.5	28.6	24.2	26.4	11	23.1	13.2	28.6	11	20.9	15.4	31.9	23.1	22	33	15.4	16.5	19.8	22	11	26.4	26.4	19.8	25.3	26.4	14.3	28.6	20.9	13.2	33	11	22	23.1	24.2	17.6	29.7	11	17.6	24.2	25.3	19.8	28.6	13.2	30.8	12.1	27.5	24.2	19.8	25.3	31.9	11	16.5	20.9	26.4	16.5	24.2	20.9	14.3	26.4	23.1	29.7	22	24.2	19.8	11	28.6	18.7	19.8	16.5	24.2	23.1	22	14.3	20.9	14.3	20.9	18.7	22	17.6	12.1	27.5	25.3	14.3	14.3	22	22	25.3	31.9	33	31.9	27.5	25.3	18.7	25.3	28.6	17.6	24.2	14.3	18.7	19.8	20.9	31.9	25.3	23.1	12.1	12.1	17.6	24.2	27.5	31.9	27.5	31.9	16.5	29.7	29.7	30.8	17.6	16.5	15.4	19.8	28.6	14.3	31.9	15.4	30.8	17.6	11	11	13.2	18.7	15.4	25.3	33	27.5	28.6	30.8	27.5	16.5	26.4	26.4	11	20.9	31.9	12.1	19.8	14.3	30.8	26.4	25.3	31.9	24.2	25.3	33	25.3	30.8	23.1	14.3	15.4	15.4	33	11	23.1	28.6	28.6	26.4	31.9	11	18.7	20.9	28.6	23.1	15.4	30.8	17.6	25.3	29.7	26.4	24.2	30.8	20.9	30.8	17.6	13.2	15.4	17.6	16.5	31.9	29.7	15.4	31.9	11	11	17.6	33	23.1	15.4	12.1	16.5	26.4	27.5	28.6	28.6	25.3	30.8	16.5	31.9	20.9	14.3	25.3	33	20.9	16.5	26.4	30.8	22	30.8	24.2	28.6	29.7	25.3	13.2	18.7	20.9	23.1	14.3	33	19.8	15.4	30.8	13.2	29.7	13.2	30.8	13.2	24.2	13.2	16.5	26.4	18.7	18.7	12.1	16.5	14.3	12.1	13.2	20.9	31.9	15.4	29.7	18.7	16.5	33	22	16.5	19.8	28.6	14.3	15.4	11	16.5	12.1	24.2	26.4	23.1	26.4	14.3	11	31.9	13.2	22	27.5	29.7	27.5	23.1	12.1	24.2	19.8	28.6	15.4	13.2	22	18.7	16.5	27.5	33	22	24.2	27.5	13.2	16.5	31.9	11	16.5	23.1	26.4	20.9	18.7	11	12.1	11	19.8	22	28.6	24.2	16.5	28.6	12.1	26.4	26.4	13.2	19.8	29.7	22	22	12.1	31.9	18.7	16.5	18.7	17.6	30.8	12.1	11	19.8	24.2	22	24.2	15.4	16.5	33	16.5	19.8	17.6	18.7	25.3	16.5	24.2	11	19.8	15.4	13.2	14.3	14.3	25.3	17.6	18.7	14.3	30.8	13.2	26.4	20.9	13.2	24.2	28.6	27.5	22	25.3	11	24.2	12.1	19.8	18.7	18.7	
29.7	12.1	12.1	12.1	29.7	27.5	22	16.5	33	31.9	13.2	23.1	26.4	25.3	30.8	11	26.4	29.7	18.7	26.4	11	14.3	18.7	13.2	30.8	24.2	25.3	16.5	29.7	12.1	20.9	13.2	24.2	11	22	29.7	18.7	31.9	28.6	22	22	20.9	19.8	27.5	18.7	22	15.4	20.9	23.1	18.7	31.9	16.5	22	11	12.1	18.7	13.2	29.7	17.6	31.9	31.9	31.9	29.7	14.3	14.3	23.1	15.4	19.8	17.6	22	33	28.6	18.7	15.4	28.6	19.8	15.4	26.4	22	20.9	18.7	27.5	12.1	28.6	11	25.3	18.7	12.1	25.3	24.2	14.3	18.7	28.6	23.1	22	19.8	18.7	23.1	20.9	13.2	20.9	19.8	27.5	23.1	19.8	20.9	30.8	26.4	14.3	14.3	12.1	28.6	25.3	33	20.9	11	11	25.3	12.1	33	13.2	20.9	23.1	17.6	22	26.4	23.1	16.5	33	17.6	31.9	13.2	12.1	12.1	16.5	29.7	23.1	23.1	26.4	20.9	13.2	17.6	28.6	15.4	22	12.1	14.3	18.7	33	24.2	31.9	17.6	25.3	20.9	31.9	31.9	23.1	33	19.8	14.3	11	17.6	24.2	31.9	19.8	14.3	28.6	12.1	30.8	28.6	33	23.1	13.2	23.1	17.6	14.3	14.3	16.5	23.1	26.4	17.6	13.2	33	33	30.8	27.5	20.9	22	23.1	23.1	12.1	23.1	25.3	22	27.5	31.9	16.5	24.2	19.8	16.5	24.2	26.4	16.5	19.8	15.4	26.4	17.6	17.6	28.6	31.9	18.7	12.1	27.5	24.2	11	12.1	23.1	15.4	24.2	17.6	23.1	25.3	14.3	29.7	22	27.5	17.6	14.3	27.5	31.9	31.9	23.1	15.4	22	12.1	31.9	26.4	31.9	31.9	26.4	28.6	11	17.6	19.8	19.8	16.5	30.8	18.7	27.5	17.6	15.4	31.9	23.1	20.9	14.3	19.8	29.7	33	16.5	31.9	27.5	25.3	24.2	15.4	22	29.7	27.5	31.9	15.4	11	22	31.9	22	19.8	16.5	20.9	15.4	19.8	33	23.1	17.6	28.6	14.3	31.9	33	15.4	27.5	14.3	28.6	20.9	25.3	29.7	13.2	22	23.1	18.7	23.1	33	31.9	13.2	15.4	26.4	22	11	31.9	24.2	26.4	28.6	11	26.4	17.6	24.2	25.3	12.1	31.9	23.1	13.2	13.2	31.9	23.1	20.9	11	16.5	12.1	22	12.1	11	20.9	28.6	12.1	22	25.3	26.4	22	26.4	11	25.3	29.7	29.7	33	17.6	31.9	33	15.4	20.9	28.6	23.1	26.4	22	26.4	12.1	11	13.2	19.8	16.5	24.2	14.3	18.7	28.6	12.1	20.9	33	22	24.2	12.1	28.6	33	33	18.7	17.6	26.4	19.8	19.8	23.1	31.9	28.6	24.2	24.2	28.6	20.9	29.7	26.4	29.7	13.2	13.2	31.9	33	25.3	13.2	14.3	12.1	19.8	12.1	31.9	16.5	33	24.2	22	28.6	12.1	
26.4	20.9	25.3	23.1	27.5	22	25.3	17.6	28.6	14.3	19.8	18.7	31.9	24.2	19.8	29.7	26.4	16.5	23.1	17.6	29.7	20.9	12.1	18.7	19.8	31.9	18.7	30.8	14.3	25.3	
12	10	15	18	12	13	12	18	19	19	13	16	19	13	16	19	18	13	19	12	16	20	14	15	18	10	10	12	14	13	19	12	16	15	20	18	17	17	13	13	19	11	13	19	16	20	12	20	19	19	18	11	16	13	10	13	16	19	10	11	14	16	18	10	14	14	13	16	15	11	16	18	20	14	10	10	17	15	10	14	10	11	17	19	10	12	19	15	13	10	10	17	14	17	18	20	13	15	14	17	12	18	17	15	12	11	17	16	18	15	18	10	15	15	19	18	14	19	11	18	16	17	16	17	18	10	18	16	18	20	17	18	18	20	12	17	17	13	18	12	16	16	19	20	18	19	11	14	18	11	18	16	18	11	10	14	11	12	13	13	16	12	14	17	15	19	16	16	10	15	18	12	14	19	20	15	16	12	13	14	15	10	16	14	10	15	11	17	17	16	14	16	19	17	15	16	13	12	17	16	16	20	16	19	14	18	12	10	14	20	12	11	11	16	11	11	18	14	12	10	13	16	10	13	15	10	14	10	13	20	19	20	10	10	12	17	12	12	16	19	11	11	19	11	11	15	11	10	12	11	14	18	20	16	14	12	13	12	16	20	20	13	11	15	16	14	20	14	16	18	17	11	11	20	20	15	20	18	12	20	13	14	20	19	12	16	18	12	13	20	14	14	18	19	18	20	13	13	12	14	10	16	18	15	12	15	10	16	11	18	15	15	11	18	18	13	14	16	15	18	20	12	10	19	17	12	13	20	15	17	18	18	16	15	14	17	15	10	15	12	18	14	14	12	11	15	13	12	10	18	19	15	20	14	12	18	13	12	14	17	13	19	10	10	11	17	11	12	18	17	20	15	20	16	18	20	15	12	10	18	12	12	19	19	10	17	15	18	17	19	11	20	20	20	14	10	14	10	13	11	
1	1	1	1	1	1	1	1	2	2	2	2	2	2	2	2	2	2	2	2	2	2	3	3	3	3	3	3	3	3	3	3	3	3	3	3	3	3	3	3	3	3	4	4	4	4	4	4	4	4	4	4	4	4	4	4	4	4	4	4	5	5	5	5	5	5	5	5	6	6	6	6	6	6	6	6	6	6	6	7	7	7	7	7	7	7	7	7	7	7	8	8	8	8	8	8	8	8	8	8	8	8	8	8	9	9	9	9	9	9	9	9	9	9	9	10	10	10	10	10	10	10	10	10	10	10	10	10	10	11	11	11	11	11	11	11	11	11	11	11	11	12	12	12	12	12	12	12	12	12	12	12	12	12	12	12	13	13	13	13	13	13	13	13	13	13	13	13	13	14	14	14	14	14	14	14	14	14	14	14	15	15	15	15	15	15	15	15	15	15	15	15	15	15	15	15	15	15	16	16	16	16	16	16	16	16	16	16	16	16	17	17	17	17	17	17	17	17	17	17	17	17	17	17	17	17	18	18	18	18	18	18	18	18	18	18	18	19	19	19	19	19	19	19	19	19	19	19	19	19	19	19	20	20	20	20	20	20	20	20	20	20	20	20	20	20	20	21	21	21	21	21	21	21	21	21	21	21	21	21	21	22	22	22	22	22	22	22	22	22	22	22	22	22	22	22	22	22	23	23	23	23	23	23	23	23	23	24	24	24	24	24	24	24	24	24	24	24	24	25	25	25	25	25	25	25	25	25	25	25	26	26	26	26	26	26	26	26	26	26	27	27	27	27	27	27	27	27	27	27	27	27	27	27	27	28	28	28	28	28	28	28	29	29	29	29	29	29	29	29	29	29	29	29	29	29	29	29	29	30	30	30	30	30	30	30	30	30	30	30	30	30	30	30	30	30	30	30	30	30	
