500
10	2
786	11
30	28	29	29	31	30	28	28	28	28	26	27	31	31	31	31	26	30	27	27	30	29	26	27	31	30	27	29	29	27	27	26	28	30	29	30	27	30	31	29	27	26	26	31	26	26	28	30	31	28	28	27	27	27	27	30	28	31	27	28	31	29	27	30	27	26	27	27	31	31	30	26	26	28	26	29	26	29	31	26	29	27	31	27	29	26	29	29	29	31	30	26	27	31	30	29	31	29	30	26	26	31	30	29	29	29	29	30	29	26	31	31	26	26	28	29	27	28	31	30	29	31	31	29	28	30	29	30	30	30	31	26	31	26	30	29	28	26	31	29	30	31	29	30	29	27	29	27	30	31	30	28	28	30	27	31	28	30	28	26	26	28	27	30	31	28	29	31	29	29	26	27	29	26	27	30	26	30	27	30	30	29	26	26	31	28	26	30	31	29	29	26	30	31	29	29	26	31	27	31	28	31	26	30	26	27	27	30	27	29	31	28	31	29	27	28	29	26	29	27	27	27	29	29	31	26	30	27	28	28	27	26	26	28	31	30	26	28	26	26	30	26	28	31	27	27	26	26	29	26	30	27	28	27	26	27	28	28	26	27	26	29	28	27	30	30	30	30	27	26	28	30	29	29	31	28	27	31	26	26	27	31	26	30	27	27	30	26	30	27	28	29	27	27	31	29	31	27	28	30	28	29	31	30	31	27	27	26	28	30	27	28	29	29	29	28	27	31	26	27	30	27	30	30	26	28	26	27	28	30	30	31	27	28	29	31	27	30	26	31	30	27	31	31	26	28	27	29	26	31	30	26	27	29	26	27	28	27	27	30	28	26	26	29	31	29	30	28	28	31	29	29	26	30	31	28	28	26	30	26	31	27	27	27	28	26	26	28	27	31	28	28	28	26	30	30	31	31	26	27	30	28	31	31	31	30	28	30	28	28	27	26	29	31	29	27	27	30	26	27	30	31	29	31	31	30	27	26	31	29	27	27	29	29	27	31	31	28	28	28	26	30	26	29	27	27	29	30	27	29	29	26	27	28	29	29	31	27	26	30	28	30	28	31	30	26	27	31	27	26	27	27	27	29	26	26	31	31	31	26	28	27	30	31	28	31	26	26	28	26	26	28	26	26	28	30	30	31	26	26	
76	78	83	84	78	80	87	85	78	88	82	84	88	90	94	93	80	88	94	87	88	86	93	82	78	83	77	82	82	83	83	90	87	77	80	92	77	81	83	90	90	78	84	76	81	81	79	88	88	79	88	82	87	88	79	78	89	91	94	82	79	79	84	93	84	84	92	90	89	80	93	83	89	76	94	85	82	80	92	80	78	94	80	86	84	90	85	82	77	94	77	78	89	81	78	81	76	84	87	91	83	77	86	79	77	77	76	77	86	76	84	82	93	90	93	77	90	85	77	80	82	94	87	77	77	81	89	94	82	78	82	82	87	86	81	94	92	77	78	85	77	88	87	79	94	94	91	94	92	78	83	93	77	83	88	84	85	88	80	86	82	86	89	81	86	87	83	94	94	90	82	78	80	89	91	80	90	90	81	85	82	86	87	86	94	92	77	91	83	83	86	93	82	85	79	78	92	79	80	77	81	89	80	88	82	86	86	87	91	88	76	83	86	91	85	86	86	76	85	85	83	87	87	92	89	83	84	80	80	81	93	77	81	77	80	79	84	91	81	77	86	94	90	78	85	79	82	88	89	77	93	91	90	87	84	76	91	79	94	77	82	93	80	83	84	84	91	87	87	85	77	86	85	87	94	88	94	86	76	94	84	90	90	92	89	84	93	92	87	93	89	84	94	83	76	79	92	87	81	90	94	90	85	82	77	93	82	80	87	76	82	76	88	92	85	80	81	76	81	81	83	76	78	91	86	83	92	88	79	80	82	92	91	83	92	90	79	89	91	87	80	83	93	79	87	94	80	80	84	88	76	80	90	91	90	78	78	83	78	94	86	76	77	83	91	84	91	86	88	76	88	82	76	94	88	86	83	84	89	94	78	78	86	88	84	84	89	83	81	92	86	92	80	92	77	82	83	80	87	77	88	92	89	83	86	88	78	89	79	88	84	88	92	82	85	84	80	76	87	80	84	91	84	92	80	84	87	85	83	76	89	92	76	82	94	84	89	91	78	86	79	92	80	83	87	91	83	86	82	92	79	79	90	78	80	83	94	77	80	76	86	79	86	87	82	85	88	81	90	82	81	84	82	89	83	86	77	90	93	88	86	82	85	88	77	86	84	91	83	88	86	83	92	78	77	92	89	87	82	85	
24.2	25.3	26.4	25.3	22	26.4	18.7	17.6	25.3	22	24.2	17.6	23.1	14.3	15.4	12.1	24.2	17.6	33	17.6	29.7	13.2	11	16.5	14.3	26.4	22	18.7	20.9	12.1	23.1	23.1	27.5	11	23.1	16.5	30.8	22	19.8	23.1	23.1	31.9	23.1	30.8	24.2	28.6	12.1	17.6	28.6	13.2	33	25.3	14.3	18.7	33	24.2	11	22	29.7	20.9	18.7	28.6	24.2	24.2	30.8	11	12.1	14.3	29.7	33	30.8	30.8	18.7	19.8	29.7	31.9	11	26.4	29.7	24.2	28.6	31.9	25.3	18.7	25.3	19.8	14.3	20.9	24.2	14.3	16.5	13.2	15.4	14.3	19.8	11	24.2	17.6	24.2	20.9	11	14.3	30.8	20.9	28.6	27.5	17.6	25.3	11	12.1	19.8	11	16.5	28.6	19.8	33	28.6	17.6	33	17.6	16.5	27.5	26.4	27.5	30.8	33	23.1	15.4	23.1	12.1	31.9	23.1	26.4	26.4	26.4	12.1	13.2	16.5	30.8	25.3	24.2	16.5	29.7	27.5	24.2	30.8	16.5	18.7	18.7	22	31.9	17.6	27.5	15.4	11	19.8	26.4	33	14.3	23.1	33	18.7	29.7	16.5	11	12.1	25.3	27.5	17.6	19.8	14.3	29.7	20.9	25.3	14.3	14.3	17.6	20.9	23.1	28.6	19.8	24.2	26.4	30.8	28.6	30.8	17.6	30.8	13.2	26.4	20.9	15.4	24.2	22	23.1	20.9	18.7	14.3	23.1	11	18.7	16.5	26.4	23.1	33	18.7	20.9	30.8	14.3	29.7	20.9	11	33	25.3	23.1	18.7	18.7	20.9	31.9	22	14.3	31.9	28.6	15.4	11	31.9	22	24.2	23.1	20.9	27.5	17.6	15.4	23.1	30.8	18.7	28.6	22	19.8	26.4	14.3	15.4	15.4	20.9	25.3	12.1	27.5	27.5	15.4	24.2	20.9	27.5	26.4	26.4	12.1	17.6	29.7	25.3	20.9	25.3	27.5	15.4	22	23.1	19.8	28.6	25.3	13.2	25.3	33	17.6	18.7	14.3	14.3	25.3	23.1	27.5	24.2	26.4	14.3	23.1	27.5	12.1	19.8	13.2	27.5	28.6	11	24.2	27.5	13.2	15.4	17.6	12.1	11	20.9	18.7	15.4	30.8	14.3	23.1	19.8	11	11	27.5	18.7	19.8	17.6	31.9	22	12.1	20.9	30.8	18.7	18.7	33	16.5	19.8	11	33	19.8	12.1	25.3	17.6	31.9	17.6	29.7	27.5	16.5	24.2	31.9	23.1	23.1	27.5	33	31.9	17.6	15.4	12.1	17.6	18.7	19.8	17.6	11	18.7	30.8	30.8	18.7	24.2	23.1	25.3	18.7	29.7	25.3	14.3	16.5	23.1	22	17.6	29.7	16.5	33	15.4	33	18.7	28.6	30.8	19.8	15.4	12.1	19.8	27.5	23.1	25.3	19.8	30.8	22	17.6	17.6	20.9	23.1	33	29.7	25.3	30.8	31.9	22	31.9	11	18.7	20.9	31.9	22	30.8	19.8	17.6	11	20.9	28.6	25.3	28.6	25.3	17.6	22	24.2	19.8	25.3	27.5	20.9	14.3	18.7	11	17.6	26.4	16.5	12.1	25.3	12.1	12.1	25.3	26.4	14.3	31.9	25.3	20.9	11	15.4	11	29.7	33	31.9	29.7	12.1	14.3	31.9	15.4	14.3	13.2	29.7	30.8	17.6	30.8	20.9	19.8	13.2	28.6	25.3	25.3	22	29.7	16.5	16.5	13.2	33	16.5	12.1	13.2	24.2	23.1	16.5	16.5	19.8	16.5	25.3	29.7	17.6	22	16.5	17.6	15.4	14.3	29.7	31.9	27.5	19.8	24.2	13.2	33	14.3	18.7	30.8	31.9	25.3	12.1	12.1	22	20.9	23.1	22	12.1	30.8	19.8	27.5	33	31.9	16.5	30.8	22	12.1	20.9	
16.5	12.1	23.1	27.5	27.5	20.9	18.7	28.6	28.6	22	25.3	31.9	31.9	22	27.5	17.6	12.1	30.8	19.8	12.1	15.4	29.7	33	15.4	15.4	28.6	17.6	18.7	20.9	27.5	31.9	33	23.1	22	19.8	16.5	30.8	26.4	28.6	16.5	12.1	27.5	15.4	25.3	23.1	25.3	15.4	27.5	18.7	20.9	23.1	15.4	28.6	29.7	23.1	25.3	20.9	26.4	28.6	12.1	20.9	17.6	28.6	16.5	30.8	28.6	16.5	28.6	18.7	13.2	22	14.3	14.3	28.6	15.4	15.4	17.6	28.6	27.5	29.7	28.6	29.7	11	23.1	30.8	29.7	17.6	27.5	12.1	23.1	31.9	13.2	23.1	30.8	20.9	27.5	22	25.3	14.3	24.2	25.3	18.7	20.9	23.1	16.5	27.5	26.4	33	17.6	13.2	24.2	12.1	31.9	17.6	19.8	23.1	26.4	27.5	18.7	13.2	11	26.4	12.1	27.5	11	31.9	13.2	28.6	29.7	25.3	30.8	15.4	15.4	31.9	19.8	17.6	33	19.8	24.2	15.4	19.8	27.5	23.1	22	15.4	15.4	33	29.7	29.7	14.3	33	29.7	18.7	29.7	11	25.3	18.7	14.3	20.9	29.7	33	27.5	29.7	12.1	14.3	33	13.2	11	11	33	14.3	20.9	14.3	16.5	28.6	25.3	33	11	33	20.9	17.6	27.5	30.8	23.1	11	15.4	16.5	27.5	18.7	19.8	18.7	28.6	13.2	14.3	16.5	19.8	22	26.4	23.1	30.8	23.1	28.6	18.7	13.2	16.5	28.6	26.4	26.4	16.5	14.3	18.7	27.5	16.5	25.3	30.8	22	11	23.1	15.4	13.2	18.7	27.5	23.1	25.3	28.6	26.4	23.1	19.8	15.4	24.2	31.9	27.5	19.8	14.3	13.2	11	24.2	27.5	23.1	13.2	14.3	31.9	15.4	14.3	31.9	11	30.8	25.3	25.3	26.4	14.3	11	18.7	17.6	12.1	27.5	24.2	22	31.9	23.1	26.4	19.8	26.4	11	24.2	27.5	25.3	23.1	29.7	30.8	11	17.6	16.5	17.6	26.4	33	33	17.6	22	19.8	23.1	29.7	22	33	30.8	33	17.6	27.5	20.9	27.5	27.5	33	18.7	18.7	13.2	18.7	22	29.7	20.9	27.5	16.5	14.3	17.6	20.9	13.2	20.9	24.2	24.2	27.5	29.7	30.8	20.9	30.8	23.1	23.1	25.3	26.4	24.2	18.7	14.3	25.3	14.3	28.6	16.5	26.4	15.4	28.6	23.1	15.4	19.8	13.2	20.9	16.5	16.5	15.4	24.2	12.1	26.4	15.4	15.4	14.3	28.6	22	23.1	23.1	13.2	25.3	23.1	22	17.6	31.9	24.2	11	27.5	18.7	16.5	27.5	28.6	19.8	14.3	18.7	12.1	33	11	12.1	26.4	19.8	28.6	22	17.6	26.4	26.4	13.2	13.2	33	31.9	13.2	11	17.6	13.2	17.6	12.1	14.3	14.3	22	24.2	18.7	18.7	24.2	29.7	11	12.1	16.5	12.1	24.2	11	28.6	12.1	30.8	26.4	13.2	12.1	16.5	19.8	19.8	15.4	14.3	15.4	28.6	30.8	15.4	23.1	18.7	31.9	12.1	25.3	30.8	20.9	17.6	19.8	33	19.8	33	33	12.1	18.7	30.8	16.5	13.2	14.3	13.2	20.9	14.3	26.4	13.2	28.6	24.2	27.5	20.9	31.9	25.3	25.3	27.5	25.3	14.3	11	18.7	22	25.3	14.3	24.2	29.7	16.5	23.1	31.9	29.7	24.2	18.7	29.7	33	22	14.3	24.2	16.5	28.6	11	14.3	15.4	29.7	31.9	13.2	17.6	28.6	20.9	29.7	25.3	11	29.7	19.8	25.3	18.7	20.9	33	25.3	16.5	17.6	16.5	27.5	18.7	28.6	20.9	28.6	13.2	15.4	20.9	25.3	11	11	33	31.9	
27.5	24.2	25.3	20.9	26.4	17.6	28.6	16.5	13.2	13.2	
18	17	11	16	19	20	11	18	13	20	11	17	11	11	14	15	16	13	14	18	17	12	18	11	18	15	13	12	13	15	18	18	11	10	17	11	18	16	14	15	10	18	20	13	15	18	14	15	17	10	17	13	10	19	17	17	16	13	16	13	20	11	19	10	17	17	20	15	18	13	16	11	10	20	20	20	13	12	16	14	18	13	11	16	11	20	14	15	20	12	20	16	14	16	15	10	13	15	11	11	15	12	11	16	17	10	16	20	11	10	16	11	16	17	15	12	11	15	12	19	19	10	12	16	13	10	12	17	19	18	11	13	13	17	16	18	12	11	20	10	12	15	12	16	11	12	16	13	15	17	15	17	13	19	19	19	12	20	10	14	18	15	12	17	16	15	19	19	20	19	11	20	13	20	17	10	20	19	11	19	12	18	16	19	14	12	13	20	11	15	16	18	16	19	13	16	13	20	19	10	19	10	16	11	12	15	10	10	18	14	18	10	16	20	18	19	17	18	11	16	11	16	10	15	19	16	19	11	12	11	20	10	19	10	16	14	20	12	18	16	17	11	10	19	19	13	17	13	16	16	10	19	11	17	12	10	16	14	20	16	14	13	20	20	14	18	18	13	16	11	18	10	11	11	15	10	18	18	15	17	11	11	12	15	19	13	20	13	11	12	18	18	14	12	15	15	14	19	19	13	14	11	14	20	14	16	19	10	18	17	14	10	20	15	16	19	18	12	14	16	20	15	12	15	15	14	19	19	10	17	17	17	11	15	13	12	15	16	18	16	18	11	13	10	20	12	12	10	19	11	13	19	18	10	12	20	14	10	12	10	14	20	11	12	14	17	16	10	12	15	10	12	19	12	18	16	17	19	18	14	17	11	16	10	18	11	17	11	12	15	19	12	17	12	13	11	19	14	13	18	13	13	14	15	11	12	13	10	15	15	16	20	14	18	20	18	10	20	13	14	13	16	20	20	10	19	11	14	14	15	19	19	12	13	16	15	17	17	14	16	12	11	20	13	17	16	15	10	11	20	12	17	16	14	17	18	17	15	16	20	18	17	14	15	10	17	12	19	18	14	18	13	19	17	16	10	13	14	10	13	15	10	18	11	18	13	11	17	14	14	13	12	15	12	17	13	11	10	17	14	
1	1	1	1	1	1	1	1	1	1	1	1	1	1	1	1	1	1	1	1	1	1	1	1	1	1	1	1	1	1	1	1	1	1	1	1	1	1	1	1	1	1	1	1	1	1	1	1	1	2	2	2	2	2	2	2	2	2	2	2	2	2	2	2	2	2	2	2	2	2	2	2	2	2	2	2	2	2	2	2	2	2	2	2	2	2	2	3	3	3	3	3	3	3	3	3	3	3	3	3	3	3	3	3	3	3	3	3	3	3	3	3	3	3	3	3	3	3	3	3	3	3	3	3	3	3	3	3	3	3	3	3	3	4	4	4	4	4	4	4	4	4	4	4	4	4	4	4	4	4	4	4	4	4	4	4	4	4	4	4	4	4	4	4	4	4	4	4	4	4	4	4	4	4	4	4	4	4	4	4	4	4	4	4	4	4	4	5	5	5	5	5	5	5	5	5	5	5	5	5	5	5	5	5	5	5	5	5	5	5	5	5	5	5	5	5	5	5	5	5	5	5	5	5	5	5	5	5	5	5	5	5	5	5	5	5	5	5	5	5	5	6	6	6	6	6	6	6	6	6	6	6	6	6	6	6	6	6	6	6	6	6	6	6	6	6	6	6	6	6	6	6	6	6	6	6	6	6	6	6	6	6	6	6	6	6	6	6	6	6	6	6	6	6	6	6	6	7	7	7	7	7	7	7	7	7	7	7	7	7	7	7	7	7	7	7	7	7	7	7	7	7	7	7	7	7	7	7	7	7	7	7	7	7	7	7	7	7	7	7	7	7	7	7	8	8	8	8	8	8	8	8	8	8	8	8	8	8	8	8	8	8	8	8	8	8	8	8	8	8	8	8	8	8	8	8	8	8	8	8	8	8	8	8	8	8	8	8	8	8	8	8	8	8	8	8	8	8	9	9	9	9	9	9	9	9	9	9	9	9	9	9	9	9	9	9	9	9	9	9	9	9	9	9	9	9	9	9	9	9	9	9	9	9	9	9	9	9	9	9	9	9	9	9	9	9	9	9	9	9	9	9	9	9	9	9	9	9	9	9	9	9	10	10	10	10	10	10	10	10	10	10	10	10	10	10	10	10	10	10	10	10	10	10	10	10	10	10	10	10	10	10	10	10	10	10	10	10	10	10	
