300
10	2
480	20.9
31	30	27	28	31	28	29	30	27	26	27	28	30	26	30	30	26	26	31	28	27	27	31	30	26	29	28	27	27	28	26	26	30	28	30	30	28	26	27	31	29	26	31	28	30	30	26	30	28	31	31	26	28	30	27	28	29	29	29	31	31	27	30	27	30	31	29	26	26	27	30	28	29	27	30	27	27	26	26	26	26	28	29	31	27	31	28	30	31	26	29	28	31	29	28	26	30	27	30	29	27	30	31	26	29	27	29	28	29	26	26	28	31	26	29	27	27	27	30	29	27	28	29	28	26	27	27	29	30	26	26	28	26	27	26	27	30	27	28	30	27	29	27	31	31	26	26	29	26	26	30	31	26	26	31	28	28	31	27	27	27	27	30	28	27	31	26	30	30	30	28	28	26	28	28	28	28	27	28	28	27	31	29	29	27	29	28	30	30	29	30	28	30	27	28	29	28	27	26	27	30	29	26	28	30	30	27	27	31	29	29	28	27	29	26	30	29	30	31	27	30	29	28	28	27	26	29	29	29	28	29	28	30	29	26	29	31	31	29	30	28	30	31	27	29	27	28	26	27	30	26	26	26	27	26	30	27	26	29	28	26	29	31	26	30	31	28	28	31	27	30	29	29	31	30	30	26	31	26	27	26	29	29	28	29	26	30	30	31	29	26	27	29	28	27	29	31	27	29	29	
81	93	88	82	93	89	77	91	83	78	77	81	81	86	84	76	83	85	86	83	93	85	85	85	83	77	91	84	91	89	86	87	83	78	94	79	92	84	88	81	87	77	86	91	94	91	80	93	76	83	92	87	89	81	79	89	91	85	81	94	80	82	80	91	84	89	79	84	88	80	83	94	79	89	84	91	91	80	79	77	85	78	80	79	80	91	86	79	81	92	88	76	90	81	86	81	93	85	83	81	85	82	78	77	84	93	82	81	83	89	81	77	87	79	90	80	94	89	92	83	83	92	84	94	93	94	77	85	89	94	89	80	94	76	84	92	83	85	92	89	88	81	89	88	85	93	78	81	92	90	76	87	80	76	82	93	77	83	81	93	80	93	91	84	77	93	80	81	86	90	90	78	78	77	87	78	80	78	84	76	89	94	82	86	80	81	91	81	93	90	89	83	84	83	89	91	82	78	88	79	82	90	91	76	90	86	79	86	81	84	77	79	89	76	79	86	94	90	87	83	90	87	81	86	82	82	82	79	89	76	89	78	90	78	80	93	79	89	92	78	86	78	86	94	83	94	87	94	82	79	88	77	89	82	83	80	77	83	78	93	88	93	94	93	82	79	78	84	76	76	88	91	78	77	82	87	77	85	93	80	84	76	76	87	77	89	84	88	85	80	79	87	76	90	85	84	82	88	92	81	
25.3	17.6	18.7	25.3	28.6	26.4	31.9	13.2	23.1	29.7	29.7	20.9	26.4	22	19.8	24.2	22	26.4	31.9	17.6	11	23.1	16.5	28.6	18.7	15.4	33	26.4	14.3	30.8	29.7	17.6	15.4	27.5	23.1	31.9	16.5	24.2	19.8	20.9	17.6	27.5	30.8	25.3	13.2	29.7	26.4	18.7	12.1	28.6	12.1	13.2	17.6	30.8	25.3	11	25.3	11	27.5	31.9	14.3	16.5	24.2	19.8	30.8	20.9	18.7	29.7	24.2	30.8	33	30.8	15.4	27.5	15.4	18.7	24.2	24.2	11	23.1	24.2	19.8	22	22	13.2	29.7	15.4	14.3	16.5	15.4	20.9	29.7	24.2	29.7	33	18.7	33	27.5	27.5	16.5	12.1	13.2	31.9	18.7	11	15.4	28.6	33	13.2	31.9	18.7	17.6	25.3	30.8	28.6	18.7	31.9	27.5	20.9	33	17.6	15.4	14.3	16.5	16.5	13.2	14.3	28.6	28.6	14.3	25.3	17.6	14.3	17.6	27.5	27.5	14.3	27.5	18.7	19.8	16.5	13.2	12.1	13.2	17.6	15.4	27.5	20.9	20.9	17.6	24.2	17.6	13.2	16.5	29.7	31.9	12.1	20.9	12.1	27.5	19.8	27.5	27.5	20.9	18.7	20.9	11	33	31.9	25.3	11	20.9	29.7	31.9	16.5	28.6	22	19.8	27.5	25.3	18.7	12.1	25.3	13.2	14.3	28.6	23.1	14.3	16.5	15.4	13.2	23.1	24.2	23.1	33	26.4	16.5	28.6	30.8	33	26.4	29.7	26.4	13.2	15.4	17.6	22	17.6	17.6	20.9	20.9	18.7	17.6	26.4	22	18.7	24.2	24.2	23.1	16.5	29.7	15.4	33	13.2	28.6	11	19.8	25.3	33	11	24.2	12.1	13.2	13.2	20.9	28.6	33	12.1	30.8	30.8	13.2	12.1	28.6	15.4	18.7	14.3	16.5	33	26.4	30.8	19.8	25.3	15.4	22	23.1	27.5	31.9	12.1	31.9	23.1	24.2	22	16.5	13.2	20.9	15.4	26.4	19.8	23.1	13.2	30.8	16.5	19.8	18.7	19.8	33	14.3	16.5	17.6	25.3	11	11	12.1	30.8	26.4	31.9	20.9	15.4	19.8	13.2	24.2	25.3	12.1	20.9	31.9	19.8	31.9	30.8	25.3	20.9	
29.7	26.4	31.9	28.6	25.3	13.2	19.8	22	13.2	13.2	23.1	31.9	27.5	19.8	14.3	28.6	15.4	20.9	13.2	33	28.6	13.2	24.2	16.5	33	26.4	18.7	23.1	12.1	19.8	31.9	12.1	29.7	29.7	11	14.3	22	24.2	27.5	14.3	27.5	12.1	24.2	13.2	20.9	31.9	11	13.2	14.3	27.5	23.1	15.4	19.8	13.2	16.5	28.6	27.5	17.6	24.2	23.1	19.8	18.7	15.4	16.5	31.9	29.7	29.7	26.4	26.4	27.5	23.1	15.4	19.8	29.7	27.5	19.8	11	24.2	29.7	27.5	31.9	29.7	14.3	26.4	11	24.2	20.9	28.6	16.5	13.2	17.6	33	23.1	23.1	25.3	15.4	27.5	12.1	29.7	11	33	31.9	16.5	24.2	31.9	18.7	19.8	20.9	23.1	24.2	16.5	15.4	31.9	12.1	31.9	25.3	29.7	15.4	17.6	22	24.2	17.6	20.9	11	31.9	28.6	16.5	27.5	33	24.2	15.4	22	13.2	30.8	12.1	27.5	30.8	11	27.5	31.9	33	13.2	22	16.5	33	26.4	24.2	22	24.2	19.8	14.3	33	18.7	15.4	15.4	22	13.2	26.4	33	13.2	24.2	19.8	16.5	12.1	18.7	25.3	22	16.5	24.2	33	11	23.1	14.3	13.2	15.4	24.2	29.7	17.6	24.2	17.6	17.6	29.7	23.1	17.6	20.9	24.2	19.8	19.8	11	19.8	19.8	22	27.5	15.4	18.7	19.8	17.6	18.7	16.5	14.3	15.4	26.4	28.6	18.7	19.8	29.7	18.7	19.8	15.4	16.5	29.7	14.3	18.7	15.4	17.6	16.5	13.2	12.1	25.3	14.3	26.4	31.9	20.9	11	29.7	33	11	11	16.5	17.6	31.9	22	28.6	29.7	29.7	27.5	16.5	11	22	25.3	16.5	16.5	33	16.5	16.5	19.8	25.3	13.2	11	24.2	20.9	16.5	14.3	28.6	25.3	20.9	14.3	15.4	18.7	24.2	23.1	16.5	17.6	26.4	17.6	12.1	26.4	28.6	29.7	27.5	19.8	24.2	19.8	31.9	28.6	24.2	11	14.3	26.4	33	29.7	13.2	27.5	17.6	27.5	22	22	29.7	11	13.2	11	19.8	26.4	28.6	29.7	26.4	24.2	13.2	29.7	18.7	
30.8	33	22	26.4	27.5	28.6	15.4	30.8	19.8	13.2	
11	16	11	12	15	19	14	13	19	10	13	19	16	18	14	10	10	19	14	14	14	15	17	11	18	11	15	14	11	13	12	20	12	19	16	18	13	10	13	13	18	17	11	16	13	20	11	10	14	13	10	17	16	12	19	12	19	19	11	19	16	11	20	18	20	17	20	17	14	19	10	17	18	15	20	20	18	12	10	10	12	20	14	17	12	14	18	12	13	12	14	11	10	13	16	10	13	10	16	15	15	10	17	10	11	16	14	17	19	20	18	13	19	13	20	11	15	20	12	10	14	19	20	19	12	10	20	15	17	11	16	20	16	10	18	19	16	15	17	20	10	11	16	20	19	12	14	19	14	16	20	18	14	13	14	15	13	16	17	16	13	10	14	19	11	13	11	17	19	11	12	17	20	16	15	20	10	18	20	19	18	15	14	10	18	11	15	16	19	13	20	14	12	11	13	15	16	14	14	15	13	15	15	11	13	19	18	19	10	20	12	10	11	10	20	14	19	18	14	17	10	19	16	11	13	11	17	15	19	17	19	13	11	12	14	16	18	14	16	17	17	20	15	10	12	16	18	10	15	15	17	10	10	12	15	16	10	17	17	20	14	14	13	11	18	12	16	11	12	17	19	13	17	12	10	18	18	10	16	11	16	20	15	13	17	20	19	15	11	15	10	14	12	11	11	20	18	17	17	16	
1	1	1	1	1	1	1	1	1	1	1	1	1	1	1	1	1	1	1	1	1	1	1	1	1	1	1	1	1	1	1	1	1	1	1	1	1	1	1	2	2	2	2	2	2	2	2	2	2	2	2	2	2	2	2	2	2	2	2	2	2	2	2	2	2	2	2	2	3	3	3	3	3	3	3	3	3	3	3	3	3	3	3	3	3	3	3	3	3	3	3	3	3	3	3	3	4	4	4	4	4	4	4	4	4	4	4	4	4	4	4	4	4	4	4	4	4	4	4	4	5	5	5	5	5	5	5	5	5	5	5	5	5	5	5	5	5	5	5	5	5	5	5	5	5	5	6	6	6	6	6	6	6	6	6	6	6	6	6	6	6	6	6	6	6	6	6	6	6	6	6	6	6	6	6	6	6	6	6	7	7	7	7	7	7	7	7	7	7	7	7	7	7	7	7	7	7	7	7	7	7	7	7	7	7	8	8	8	8	8	8	8	8	8	8	8	8	8	8	8	8	8	8	8	8	8	8	8	8	8	8	8	8	8	8	8	8	8	8	8	9	9	9	9	9	9	9	9	9	9	9	9	9	9	9	9	9	9	9	9	9	9	9	9	9	9	9	9	9	9	9	10	10	10	10	10	10	10	10	10	10	10	10	10	10	10	10	10	10	10	10	10	10	10	10	10	10	10	10	10	
