100
30	5
55	17.6
26	31	31	31	27	31	29	28	31	29	26	26	30	27	26	27	28	31	27	30	27	28	29	29	27	30	28	26	26	29	29	29	30	26	27	27	31	31	30	30	29	28	30	27	30	30	29	30	28	27	31	28	26	28	26	28	26	27	28	30	27	28	26	31	29	26	28	26	31	28	28	28	29	27	31	27	29	30	27	28	30	29	26	26	30	27	28	27	27	28	31	26	30	27	29	31	28	29	30	26	
84	78	91	81	80	82	87	78	87	88	81	86	84	82	88	80	79	86	89	76	86	77	90	92	87	87	90	79	83	83	92	90	93	93	88	78	79	94	82	83	90	80	84	86	82	93	91	77	88	85	84	85	80	85	93	81	89	92	88	76	91	76	82	94	81	91	86	87	85	84	91	82	77	87	83	90	88	86	80	89	91	80	86	88	77	79	81	87	77	82	76	87	88	79	87	79	93	79	86	81	
29.7	22	14.3	16.5	19.8	26.4	28.6	12.1	13.2	23.1	11	27.5	19.8	29.7	31.9	27.5	18.7	29.7	12.1	18.7	12.1	13.2	17.6	16.5	28.6	22	25.3	16.5	26.4	24.2	13.2	26.4	33	22	28.6	30.8	11	14.3	28.6	22	26.4	33	29.7	27.5	20.9	14.3	31.9	17.6	19.8	19.8	20.9	23.1	22	12.1	25.3	20.9	27.5	14.3	11	27.5	14.3	12.1	28.6	20.9	22	12.1	12.1	23.1	29.7	31.9	33	26.4	11	33	31.9	14.3	15.4	26.4	17.6	26.4	16.5	20.9	33	12.1	25.3	26.4	18.7	16.5	25.3	19.8	31.9	26.4	29.7	26.4	15.4	31.9	27.5	26.4	30.8	26.4	
25.3	33	19.8	13.2	28.6	31.9	16.5	26.4	31.9	19.8	26.4	11	16.5	20.9	23.1	15.4	27.5	22	23.1	30.8	22	25.3	23.1	28.6	20.9	14.3	31.9	31.9	19.8	18.7	11	19.8	12.1	11	29.7	27.5	14.3	11	26.4	13.2	18.7	30.8	17.6	12.1	26.4	29.7	22	27.5	33	20.9	25.3	29.7	30.8	28.6	29.7	12.1	14.3	26.4	22	33	30.8	14.3	19.8	30.8	19.8	24.2	19.8	20.9	23.1	22	25.3	19.8	11	33	28.6	11	28.6	30.8	26.4	14.3	19.8	11	26.4	27.5	17.6	29.7	15.4	20.9	15.4	16.5	24.2	20.9	11	27.5	33	28.6	29.7	12.1	12.1	33	
20.9	29.7	23.1	11	18.7	17.6	14.3	31.9	26.4	23.1	24.2	17.6	30.8	24.2	33	30.8	26.4	27.5	12.1	23.1	28.6	31.9	31.9	17.6	16.5	27.5	30.8	20.9	22	14.3	
14	16	19	20	15	17	16	18	11	15	18	16	20	12	15	13	17	14	17	12	16	10	15	14	11	14	13	20	14	16	10	10	12	17	17	10	13	15	20	20	10	18	12	13	20	13	17	20	19	11	13	14	11	20	13	11	11	14	17	19	20	11	12	18	13	11	10	11	11	16	12	16	19	17	12	19	11	16	18	10	11	10	18	14	20	15	11	13	20	13	15	20	18	19	15	20	11	11	10	10	
1	1	1	1	2	2	2	2	3	3	3	3	3	3	3	4	4	4	4	4	5	5	5	5	6	6	6	6	7	7	7	8	8	9	10	10	11	11	11	11	12	13	13	14	14	14	14	15	15	16	16	16	16	17	17	17	17	17	17	19	19	19	19	19	20	20	20	20	20	21	21	21	21	21	21	21	21	22	22	22	23	25	25	25	26	26	26	26	26	26	27	27	28	29	29	30	30	30	30	30	
