300
10	3
458	14.3
30	29	28	31	26	26	28	29	29	30	27	27	29	26	30	31	30	29	29	26	31	30	26	29	26	26	31	26	28	29	31	31	31	30	31	30	29	30	31	27	30	28	26	30	31	27	30	30	29	29	28	30	29	26	31	28	31	28	26	31	27	27	27	28	26	26	30	26	27	30	28	28	30	26	30	28	30	31	26	31	26	31	29	26	28	31	28	26	29	30	31	29	30	29	28	31	30	31	31	26	29	31	26	29	27	29	26	29	30	29	29	30	31	26	30	29	28	29	28	26	31	28	27	29	26	31	29	26	29	27	28	28	30	29	30	29	27	30	29	27	28	29	30	30	28	28	29	30	26	31	31	29	29	28	30	31	28	29	31	26	26	29	27	26	28	29	29	27	29	28	30	31	29	26	29	26	31	28	27	30	29	28	30	27	26	30	30	28	31	30	26	31	30	28	31	29	28	27	29	26	30	29	26	31	26	27	29	30	28	31	29	29	30	28	30	26	26	29	28	26	27	30	31	30	26	26	26	30	29	27	31	28	29	31	29	27	31	29	26	26	28	29	31	28	30	27	26	28	27	26	27	26	29	31	27	27	28	26	29	30	26	28	31	30	27	27	29	31	31	30	30	30	26	28	26	28	30	27	29	28	28	28	30	30	31	29	28	31	30	30	26	30	30	29	30	29	28	28	30	31	
80	78	84	92	76	82	86	89	90	93	94	82	85	82	93	86	88	89	79	81	86	86	81	81	92	77	78	89	92	76	92	83	80	91	78	89	81	82	88	87	94	83	93	82	89	87	86	94	85	80	82	77	91	92	84	88	90	84	93	85	89	83	78	93	91	84	79	90	80	90	92	81	87	82	77	85	77	92	76	88	91	93	82	93	86	78	86	77	94	82	91	77	90	88	80	78	92	81	77	79	87	80	78	89	80	85	84	90	93	86	78	92	90	94	83	86	89	82	85	82	79	84	89	86	92	81	94	83	90	91	84	89	80	83	76	76	78	79	77	85	86	94	89	91	85	88	94	84	86	76	90	80	93	82	82	76	77	85	76	86	91	92	83	81	80	94	77	94	90	85	83	93	94	77	83	89	81	78	91	91	87	77	78	84	77	79	83	84	80	89	76	84	92	84	87	78	90	88	83	78	86	93	76	91	78	86	76	89	89	84	78	94	94	78	83	82	92	79	83	78	85	84	86	80	84	80	87	86	79	89	92	83	93	76	92	76	86	76	80	93	79	79	76	78	88	86	92	83	93	80	77	87	94	88	79	93	88	78	82	85	82	89	89	88	91	86	80	78	79	92	83	79	80	93	77	89	78	82	92	83	76	86	76	76	89	80	82	91	91	82	83	79	87	94	88	80	81	91	86	89	
29.7	28.6	17.6	26.4	12.1	22	14.3	13.2	30.8	30.8	31.9	29.7	31.9	20.9	12.1	24.2	27.5	18.7	31.9	14.3	17.6	18.7	22	11	15.4	29.7	12.1	30.8	28.6	18.7	11	25.3	29.7	11	22	27.5	11	25.3	27.5	29.7	16.5	22	12.1	28.6	28.6	24.2	29.7	13.2	16.5	11	33	25.3	27.5	30.8	31.9	16.5	18.7	13.2	18.7	25.3	18.7	15.4	30.8	22	15.4	14.3	24.2	26.4	30.8	16.5	25.3	28.6	28.6	33	29.7	26.4	29.7	18.7	16.5	13.2	25.3	23.1	33	11	29.7	27.5	20.9	12.1	29.7	13.2	25.3	20.9	13.2	15.4	29.7	12.1	13.2	30.8	11	18.7	16.5	25.3	26.4	11	23.1	29.7	16.5	29.7	11	15.4	14.3	25.3	23.1	33	12.1	27.5	17.6	16.5	33	22	30.8	25.3	23.1	18.7	14.3	11	12.1	25.3	27.5	24.2	26.4	20.9	33	22	25.3	18.7	15.4	25.3	19.8	16.5	26.4	11	20.9	20.9	15.4	30.8	11	11	13.2	27.5	27.5	15.4	25.3	23.1	20.9	11	12.1	25.3	26.4	26.4	11	25.3	33	15.4	20.9	27.5	18.7	15.4	17.6	25.3	12.1	31.9	22	25.3	11	18.7	12.1	28.6	15.4	16.5	30.8	14.3	18.7	16.5	27.5	18.7	15.4	27.5	16.5	13.2	16.5	27.5	16.5	25.3	29.7	17.6	27.5	25.3	30.8	29.7	27.5	23.1	25.3	17.6	22	16.5	22	25.3	22	25.3	19.8	20.9	13.2	13.2	28.6	11	15.4	11	20.9	13.2	27.5	30.8	24.2	31.9	26.4	18.7	27.5	16.5	28.6	19.8	14.3	28.6	19.8	26.4	20.9	24.2	33	15.4	26.4	28.6	23.1	30.8	18.7	33	28.6	20.9	15.4	26.4	17.6	22	17.6	16.5	17.6	27.5	29.7	17.6	22	19.8	13.2	29.7	12.1	17.6	11	14.3	15.4	27.5	23.1	18.7	27.5	30.8	17.6	19.8	33	25.3	23.1	12.1	20.9	25.3	30.8	11	17.6	17.6	19.8	31.9	23.1	17.6	33	33	18.7	23.1	29.7	27.5	31.9	24.2	11	33	12.1	11	23.1	20.9	
19.8	18.7	19.8	27.5	18.7	12.1	28.6	20.9	25.3	11	30.8	24.2	17.6	30.8	11	17.6	30.8	26.4	22	23.1	22	33	11	20.9	31.9	33	29.7	28.6	23.1	28.6	11	31.9	19.8	28.6	25.3	15.4	30.8	27.5	22	24.2	13.2	31.9	12.1	17.6	12.1	11	22	30.8	33	25.3	22	16.5	17.6	17.6	14.3	26.4	20.9	27.5	28.6	17.6	16.5	33	26.4	23.1	24.2	23.1	29.7	28.6	17.6	28.6	30.8	16.5	13.2	33	26.4	28.6	23.1	29.7	20.9	15.4	23.1	22	30.8	23.1	29.7	24.2	19.8	20.9	12.1	26.4	17.6	18.7	28.6	18.7	18.7	29.7	12.1	29.7	23.1	19.8	31.9	25.3	28.6	27.5	15.4	31.9	29.7	23.1	29.7	28.6	28.6	29.7	25.3	24.2	11	20.9	23.1	25.3	22	29.7	16.5	16.5	11	25.3	18.7	30.8	26.4	22	30.8	19.8	25.3	27.5	26.4	33	11	29.7	13.2	19.8	23.1	14.3	33	33	27.5	11	14.3	14.3	25.3	28.6	13.2	14.3	25.3	12.1	19.8	14.3	27.5	19.8	30.8	31.9	33	13.2	23.1	26.4	15.4	13.2	23.1	17.6	16.5	17.6	23.1	29.7	14.3	13.2	24.2	16.5	29.7	11	17.6	23.1	26.4	16.5	28.6	24.2	11	15.4	26.4	27.5	17.6	26.4	29.7	33	26.4	11	28.6	26.4	17.6	12.1	27.5	20.9	27.5	26.4	11	16.5	19.8	26.4	18.7	22	14.3	23.1	17.6	19.8	28.6	29.7	13.2	20.9	12.1	14.3	24.2	26.4	22	31.9	12.1	19.8	28.6	22	18.7	31.9	17.6	20.9	20.9	28.6	16.5	27.5	13.2	19.8	29.7	33	26.4	11	23.1	23.1	23.1	13.2	16.5	25.3	13.2	29.7	11	28.6	30.8	31.9	29.7	12.1	27.5	28.6	20.9	16.5	33	16.5	16.5	33	16.5	29.7	15.4	26.4	24.2	13.2	23.1	26.4	14.3	18.7	27.5	15.4	25.3	15.4	12.1	31.9	20.9	28.6	12.1	12.1	29.7	27.5	14.3	11	20.9	22	20.9	15.4	20.9	24.2	23.1	16.5	29.7	24.2	20.9	14.3	25.3	22	15.4	13.2	
30.8	13.2	25.3	25.3	26.4	24.2	18.7	22	22	24.2	
20	18	11	15	10	14	16	12	20	10	19	11	20	15	16	13	19	14	10	10	15	20	13	13	11	14	15	13	10	17	16	10	10	14	18	12	15	10	14	13	14	18	18	17	10	11	16	17	13	12	17	16	13	11	10	10	19	19	11	17	17	10	20	20	16	12	14	20	13	17	10	11	10	20	17	10	12	14	16	11	19	11	14	11	19	17	20	12	11	12	20	15	15	15	16	17	12	14	19	10	19	19	14	19	16	15	15	14	12	14	13	14	15	16	12	14	17	15	14	10	10	17	18	10	20	18	10	11	13	11	18	12	13	12	18	12	12	12	17	14	18	18	14	19	14	19	10	20	20	10	14	15	16	18	20	20	10	13	11	16	16	20	11	19	20	18	19	14	14	13	11	10	12	17	18	10	19	13	11	17	17	13	14	19	19	13	12	17	17	16	20	12	16	10	12	12	17	14	16	15	13	12	14	18	12	20	13	20	11	13	19	20	19	11	20	10	18	17	18	12	14	16	12	20	20	15	13	16	12	14	15	14	14	18	11	13	13	16	12	18	19	18	14	16	14	14	18	10	10	19	17	12	13	11	12	17	20	17	11	13	13	15	13	15	15	17	19	10	16	12	11	14	10	13	16	16	13	15	17	10	15	20	15	18	14	20	14	16	16	19	14	16	11	11	11	15	14	12	10	18	
1	1	1	1	1	1	1	1	1	1	1	1	1	1	1	1	1	1	1	1	1	1	1	2	2	2	2	2	2	2	2	2	2	2	2	2	2	2	2	2	2	2	2	2	2	2	2	2	2	2	2	2	2	2	2	2	2	3	3	3	3	3	3	3	3	3	3	3	3	3	3	3	3	3	3	3	3	3	3	3	3	3	3	3	3	3	3	4	4	4	4	4	4	4	4	4	4	4	4	4	4	4	4	4	4	4	4	4	4	4	4	4	4	4	4	5	5	5	5	5	5	5	5	5	5	5	5	5	5	5	5	5	5	5	5	5	5	5	5	5	5	5	5	5	5	5	5	5	6	6	6	6	6	6	6	6	6	6	6	6	6	6	6	6	6	6	6	6	6	6	6	6	6	6	6	6	6	7	7	7	7	7	7	7	7	7	7	7	7	7	7	7	7	7	7	7	7	7	7	7	7	7	7	7	7	7	7	7	7	8	8	8	8	8	8	8	8	8	8	8	8	8	8	8	8	8	8	8	8	8	8	8	8	8	8	8	9	9	9	9	9	9	9	9	9	9	9	9	9	9	9	9	9	9	9	9	9	9	9	9	9	9	9	9	9	10	10	10	10	10	10	10	10	10	10	10	10	10	10	10	10	10	10	10	10	10	10	10	10	10	10	10	10	10	10	10	10	10	10	10	
