100
30	7
56	17.6
31	30	29	27	31	29	29	27	31	31	28	29	27	30	30	31	27	31	28	30	29	30	26	31	26	28	31	30	26	28	28	30	28	26	28	26	27	27	26	28	27	27	31	30	31	31	29	27	28	31	26	29	28	29	31	26	31	29	29	26	29	30	29	26	30	27	27	30	31	26	27	26	30	27	31	31	29	30	29	27	26	27	31	27	30	27	27	26	31	31	26	28	28	30	31	29	26	27	31	26	
84	81	89	91	76	84	79	84	87	90	89	89	92	78	80	78	93	93	93	80	84	78	86	92	91	92	85	91	77	92	84	76	88	90	77	78	85	92	93	77	82	89	80	89	88	79	83	82	80	77	83	82	85	83	94	89	81	93	82	94	90	78	90	83	93	84	77	91	88	94	79	85	92	80	92	80	80	89	91	77	76	89	85	85	86	89	89	87	76	81	81	83	78	89	78	89	77	86	86	81	
17.6	15.4	33	22	27.5	25.3	27.5	31.9	33	11	26.4	16.5	13.2	25.3	28.6	29.7	30.8	27.5	26.4	24.2	24.2	33	14.3	28.6	17.6	20.9	25.3	19.8	31.9	24.2	14.3	17.6	25.3	13.2	16.5	25.3	11	29.7	26.4	24.2	33	17.6	20.9	29.7	23.1	18.7	29.7	28.6	26.4	17.6	16.5	17.6	24.2	28.6	22	30.8	14.3	14.3	26.4	17.6	27.5	31.9	11	15.4	25.3	31.9	16.5	27.5	33	13.2	26.4	23.1	11	28.6	14.3	23.1	17.6	23.1	31.9	25.3	30.8	29.7	24.2	17.6	18.7	23.1	28.6	20.9	28.6	20.9	12.1	24.2	18.7	28.6	20.9	11	16.5	24.2	31.9	26.4	
26.4	12.1	19.8	22	15.4	33	27.5	25.3	14.3	11	29.7	23.1	23.1	17.6	22	16.5	15.4	15.4	33	27.5	18.7	33	11	19.8	33	13.2	29.7	24.2	17.6	15.4	19.8	17.6	16.5	11	30.8	13.2	27.5	12.1	14.3	28.6	17.6	17.6	31.9	25.3	13.2	14.3	13.2	31.9	30.8	24.2	13.2	15.4	20.9	15.4	24.2	30.8	29.7	31.9	17.6	19.8	25.3	18.7	33	27.5	28.6	31.9	20.9	29.7	13.2	22	23.1	22	20.9	11	30.8	23.1	20.9	14.3	13.2	25.3	25.3	19.8	15.4	25.3	26.4	18.7	26.4	23.1	25.3	30.8	16.5	15.4	31.9	16.5	29.7	26.4	12.1	29.7	30.8	25.3	
24.2	14.3	13.2	29.7	11	19.8	29.7	26.4	23.1	18.7	11	26.4	26.4	28.6	13.2	33	11	13.2	31.9	31.9	26.4	25.3	16.5	25.3	13.2	12.1	28.6	20.9	23.1	24.2	
18	13	17	12	14	16	11	13	12	16	20	15	15	10	10	18	10	17	12	18	20	15	13	10	19	10	10	13	19	18	20	20	18	18	16	12	11	19	16	15	10	15	17	14	11	10	17	18	15	19	16	17	15	15	18	13	12	16	15	15	19	13	12	18	13	10	15	17	19	17	19	15	14	13	11	20	16	13	10	16	19	14	11	12	19	13	12	10	14	10	15	18	12	17	10	11	20	10	11	20	
1	1	1	1	1	1	1	1	1	2	2	2	2	3	4	4	4	4	5	5	5	6	6	6	7	7	7	7	7	7	7	7	7	8	8	9	9	9	10	10	11	11	11	12	12	13	15	15	15	15	15	16	16	16	17	17	17	17	17	18	18	18	19	19	19	20	21	21	21	21	21	21	21	22	22	23	24	24	24	24	25	25	25	25	25	26	27	27	28	28	28	28	29	29	29	29	29	30	30	30	
