100
10	2
153	33
29	30	26	29	26	30	30	27	27	29	30	31	30	27	28	31	30	29	26	28	31	27	29	30	31	29	30	31	28	28	29	31	29	29	28	30	29	26	26	29	28	30	27	29	28	30	29	27	26	29	28	29	29	29	27	30	29	30	30	26	28	30	31	28	30	27	31	30	27	27	27	28	31	29	27	30	27	27	26	30	26	27	31	31	29	31	27	26	30	30	28	27	29	26	31	28	26	31	28	31	
93	88	91	87	93	84	93	94	94	91	82	93	91	88	79	80	79	93	94	78	92	80	89	89	80	81	88	92	88	90	83	89	84	93	78	90	93	79	82	89	79	91	77	76	93	89	94	85	84	84	82	86	79	80	77	84	94	92	91	90	78	91	80	79	79	77	82	89	88	88	83	80	86	82	84	80	90	86	77	94	84	87	76	92	91	93	88	79	88	91	94	84	87	76	79	91	92	93	76	91	
22	14.3	28.6	26.4	13.2	30.8	12.1	30.8	28.6	19.8	31.9	20.9	11	23.1	29.7	31.9	30.8	12.1	25.3	27.5	13.2	19.8	30.8	25.3	22	33	28.6	12.1	19.8	17.6	19.8	16.5	23.1	25.3	18.7	33	20.9	13.2	23.1	18.7	24.2	30.8	16.5	16.5	29.7	31.9	12.1	15.4	28.6	20.9	14.3	24.2	22	23.1	16.5	22	14.3	29.7	14.3	13.2	27.5	11	20.9	24.2	22	28.6	27.5	15.4	19.8	31.9	16.5	23.1	14.3	11	26.4	17.6	26.4	11	18.7	22	26.4	30.8	16.5	17.6	14.3	30.8	27.5	26.4	16.5	26.4	25.3	29.7	19.8	29.7	31.9	22	26.4	25.3	17.6	26.4	
25.3	28.6	24.2	16.5	30.8	14.3	16.5	22	18.7	27.5	18.7	28.6	33	24.2	24.2	19.8	22	25.3	23.1	26.4	11	11	25.3	20.9	12.1	26.4	28.6	28.6	13.2	22	24.2	22	20.9	20.9	33	23.1	17.6	28.6	24.2	29.7	25.3	14.3	12.1	33	15.4	30.8	16.5	18.7	31.9	11	18.7	23.1	29.7	17.6	15.4	31.9	25.3	13.2	12.1	13.2	17.6	33	31.9	20.9	31.9	30.8	27.5	19.8	28.6	30.8	33	12.1	27.5	24.2	20.9	29.7	25.3	18.7	12.1	24.2	25.3	28.6	25.3	25.3	28.6	29.7	20.9	12.1	16.5	14.3	29.7	17.6	31.9	33	27.5	24.2	12.1	28.6	19.8	26.4	
25.3	15.4	15.4	25.3	12.1	27.5	14.3	15.4	11	26.4	
20	13	14	11	17	11	11	17	12	19	11	20	14	13	20	14	11	20	10	14	19	20	20	17	15	20	20	17	15	17	19	18	16	19	14	19	13	14	13	18	12	11	20	18	19	16	19	14	20	10	17	14	10	19	10	12	18	17	14	14	19	10	11	13	20	15	15	10	10	19	10	16	16	18	13	17	13	11	13	14	11	14	16	10	11	14	18	12	19	12	15	13	10	18	10	18	12	17	20	20	
1	1	1	1	1	1	1	1	1	2	2	2	2	2	2	2	2	3	3	3	3	3	3	3	3	3	3	3	3	3	3	3	3	3	3	3	3	4	4	4	4	4	4	4	4	4	5	5	5	5	5	5	6	6	6	6	6	6	6	6	6	6	6	6	7	7	7	7	8	8	8	8	8	8	8	8	9	9	9	9	9	9	9	9	9	9	9	9	10	10	10	10	10	10	10	10	10	10	10	10	
