200
30	6
102	27.5
26	29	31	30	28	27	27	30	26	29	31	31	27	30	29	30	26	27	26	28	27	31	30	28	29	29	27	31	27	29	31	29	29	28	29	26	31	28	27	26	28	31	30	31	28	28	28	27	27	30	31	28	31	28	28	26	28	31	30	27	29	28	29	31	28	30	30	28	28	26	30	30	30	29	30	29	30	26	30	27	28	26	28	26	29	27	31	27	26	30	26	27	26	30	30	28	31	28	31	27	29	28	31	30	30	28	30	28	29	28	28	31	26	29	26	28	29	29	28	31	29	31	26	30	31	28	27	27	31	29	31	31	28	30	30	31	30	31	29	27	31	31	30	28	26	27	29	29	30	29	28	28	31	26	31	28	29	26	28	26	29	30	28	26	30	27	28	26	29	27	27	30	29	26	27	26	28	31	28	26	28	29	27	27	27	31	31	31	28	26	27	26	31	28	31	31	31	27	26	31	
80	83	92	88	94	94	89	81	77	88	89	85	81	83	76	79	76	76	85	78	82	93	84	86	87	85	84	85	89	77	82	84	78	90	93	92	91	91	80	86	88	94	82	78	80	86	80	83	92	83	88	88	87	77	76	79	80	86	86	88	81	87	90	87	81	91	91	78	90	89	94	84	85	78	81	83	94	91	76	85	77	86	94	83	87	80	87	86	83	84	92	84	93	90	88	89	81	94	94	89	84	80	84	85	78	94	92	86	77	91	83	78	86	90	90	85	90	89	88	84	80	90	83	86	81	86	82	80	78	92	85	80	90	88	85	87	89	91	77	81	85	80	80	78	85	92	89	77	94	88	78	86	91	91	93	80	80	89	80	84	88	79	77	94	79	88	92	79	88	81	89	91	85	79	82	82	91	89	88	88	80	82	87	81	93	76	94	80	83	82	89	76	79	83	81	86	89	77	83	93	
26.4	31.9	24.2	29.7	16.5	25.3	11	16.5	18.7	14.3	23.1	23.1	23.1	22	20.9	14.3	18.7	19.8	12.1	29.7	16.5	13.2	27.5	24.2	22	19.8	18.7	13.2	14.3	12.1	27.5	26.4	19.8	31.9	23.1	11	17.6	14.3	15.4	13.2	31.9	27.5	30.8	33	30.8	18.7	30.8	23.1	29.7	28.6	19.8	20.9	29.7	25.3	20.9	25.3	18.7	16.5	19.8	22	24.2	24.2	12.1	17.6	22	25.3	15.4	12.1	26.4	13.2	16.5	29.7	14.3	12.1	26.4	20.9	31.9	18.7	31.9	27.5	16.5	33	18.7	11	23.1	13.2	28.6	28.6	16.5	27.5	31.9	33	19.8	14.3	18.7	14.3	13.2	27.5	25.3	15.4	31.9	28.6	17.6	15.4	28.6	14.3	24.2	25.3	11	14.3	11	20.9	30.8	16.5	19.8	25.3	24.2	15.4	18.7	14.3	29.7	13.2	13.2	20.9	14.3	17.6	14.3	24.2	13.2	26.4	16.5	23.1	28.6	31.9	20.9	17.6	15.4	14.3	28.6	24.2	23.1	30.8	17.6	20.9	27.5	29.7	19.8	13.2	28.6	11	17.6	29.7	26.4	25.3	29.7	24.2	26.4	19.8	12.1	18.7	27.5	23.1	31.9	25.3	12.1	20.9	26.4	11	19.8	28.6	25.3	22	23.1	13.2	18.7	12.1	20.9	16.5	25.3	33	11	27.5	29.7	30.8	20.9	24.2	15.4	13.2	24.2	20.9	19.8	33	23.1	18.7	17.6	25.3	15.4	27.5	24.2	15.4	
13.2	30.8	26.4	33	23.1	13.2	27.5	11	24.2	26.4	24.2	19.8	20.9	30.8	26.4	18.7	13.2	19.8	25.3	27.5	20.9	33	22	11	31.9	30.8	15.4	33	15.4	16.5	24.2	23.1	27.5	18.7	18.7	12.1	23.1	14.3	15.4	17.6	27.5	26.4	15.4	31.9	30.8	16.5	29.7	13.2	24.2	13.2	29.7	15.4	27.5	25.3	17.6	16.5	14.3	25.3	22	13.2	11	24.2	30.8	16.5	31.9	15.4	26.4	28.6	31.9	29.7	16.5	26.4	23.1	23.1	22	17.6	25.3	18.7	29.7	14.3	33	29.7	16.5	29.7	31.9	30.8	19.8	18.7	29.7	16.5	24.2	17.6	16.5	26.4	11	28.6	13.2	16.5	19.8	18.7	20.9	24.2	29.7	19.8	29.7	30.8	11	26.4	25.3	29.7	23.1	24.2	33	13.2	11	20.9	24.2	14.3	15.4	33	30.8	18.7	16.5	20.9	11	12.1	28.6	33	25.3	25.3	30.8	18.7	19.8	15.4	15.4	23.1	24.2	19.8	19.8	22	19.8	26.4	25.3	25.3	20.9	11	25.3	18.7	18.7	17.6	11	31.9	15.4	25.3	15.4	31.9	30.8	19.8	13.2	23.1	14.3	17.6	33	15.4	28.6	29.7	22	31.9	24.2	17.6	19.8	23.1	29.7	12.1	26.4	17.6	13.2	29.7	29.7	31.9	30.8	22	31.9	26.4	29.7	30.8	28.6	31.9	25.3	12.1	17.6	23.1	33	11	24.2	33	28.6	14.3	33	31.9	
23.1	23.1	27.5	12.1	33	15.4	22	23.1	28.6	20.9	16.5	23.1	25.3	16.5	18.7	19.8	28.6	25.3	23.1	12.1	16.5	11	28.6	20.9	30.8	20.9	29.7	14.3	20.9	15.4	
11	20	14	12	17	13	14	18	18	13	17	13	12	15	16	14	17	11	13	17	10	14	13	11	18	14	12	15	13	17	12	20	15	18	20	20	20	17	10	15	11	18	10	19	13	19	19	11	17	10	17	18	12	13	19	10	13	13	18	14	13	18	17	15	17	14	20	14	20	10	14	10	18	11	10	16	11	19	11	10	11	13	20	17	14	18	12	17	13	14	15	10	20	20	18	15	14	14	15	17	10	18	18	15	10	16	19	10	20	18	19	20	17	20	11	17	13	14	10	12	12	11	12	18	15	18	11	12	20	18	18	12	14	12	18	19	10	16	15	12	12	12	20	11	12	13	14	13	13	14	17	12	16	16	17	19	10	20	12	13	16	16	19	12	16	11	11	13	16	10	10	13	18	17	11	14	13	15	15	12	16	10	15	14	20	14	20	14	12	20	12	17	16	17	13	11	19	19	17	11	
1	1	1	1	1	1	1	2	2	2	2	2	2	2	3	3	3	3	4	4	4	4	4	5	5	5	5	6	6	6	6	6	7	7	7	7	7	7	7	7	7	7	8	8	8	8	8	9	9	9	9	9	9	10	10	10	10	10	10	10	11	11	11	11	11	11	11	11	12	12	12	12	12	12	12	12	13	13	13	13	13	13	13	14	14	14	14	14	14	14	15	15	15	15	15	15	16	16	16	16	16	16	16	16	16	17	17	17	17	17	17	17	17	17	17	17	18	18	18	18	18	18	18	19	19	19	19	20	20	20	20	21	21	21	21	21	22	22	22	23	23	23	23	24	24	24	24	24	24	24	24	24	24	25	25	25	25	25	25	26	26	26	26	26	26	26	26	27	27	27	27	27	27	27	28	28	28	28	28	28	28	28	28	28	28	28	28	28	28	29	29	29	30	30	30	30	30	30	30	30	
