100
30	7
53	16.5
30	29	30	30	28	30	30	31	30	28	27	29	26	29	28	30	26	27	30	28	31	28	27	28	26	31	27	27	26	31	26	30	31	31	27	27	28	26	27	28	27	29	29	26	27	28	26	26	28	27	29	27	29	27	30	31	28	29	27	26	26	27	30	26	30	30	28	26	28	29	31	30	27	28	30	28	28	28	30	26	27	27	29	26	30	28	30	27	26	28	27	30	31	31	31	27	26	31	28	29	
92	86	89	88	81	90	86	83	92	90	94	85	89	86	87	78	84	86	78	87	89	89	91	85	83	78	89	87	84	80	87	89	94	92	82	94	82	77	83	84	88	89	88	80	94	88	83	76	93	86	77	94	93	81	83	82	90	76	91	81	81	91	79	90	79	81	94	82	76	85	92	80	79	79	83	81	89	91	94	85	84	79	88	85	81	85	78	94	93	91	78	89	80	88	79	92	87	86	91	81	
27.5	15.4	20.9	19.8	17.6	29.7	27.5	11	18.7	33	22	23.1	16.5	13.2	31.9	24.2	25.3	24.2	13.2	25.3	30.8	24.2	13.2	26.4	19.8	18.7	33	25.3	31.9	26.4	16.5	31.9	24.2	22	20.9	12.1	28.6	16.5	28.6	29.7	26.4	27.5	13.2	20.9	14.3	17.6	30.8	24.2	30.8	33	23.1	24.2	27.5	18.7	22	23.1	11	23.1	11	17.6	17.6	12.1	15.4	22	17.6	12.1	26.4	30.8	22	13.2	15.4	29.7	31.9	33	25.3	15.4	14.3	16.5	25.3	22	22	17.6	24.2	26.4	23.1	16.5	12.1	17.6	11	31.9	29.7	29.7	11	11	14.3	11	16.5	29.7	19.8	25.3	
29.7	18.7	19.8	27.5	18.7	19.8	15.4	16.5	30.8	27.5	16.5	12.1	30.8	14.3	18.7	19.8	25.3	33	18.7	24.2	17.6	33	12.1	30.8	24.2	28.6	20.9	24.2	18.7	23.1	20.9	14.3	20.9	33	11	27.5	11	31.9	29.7	12.1	11	13.2	16.5	17.6	29.7	33	28.6	16.5	20.9	27.5	28.6	27.5	29.7	23.1	11	19.8	33	31.9	18.7	13.2	29.7	18.7	25.3	30.8	30.8	29.7	15.4	30.8	29.7	12.1	16.5	29.7	24.2	24.2	20.9	27.5	24.2	33	16.5	24.2	20.9	29.7	29.7	12.1	30.8	23.1	19.8	12.1	26.4	23.1	22	19.8	26.4	31.9	29.7	19.8	16.5	25.3	25.3	20.9	
11	16.5	22	19.8	25.3	26.4	23.1	27.5	20.9	28.6	12.1	28.6	22	12.1	16.5	20.9	14.3	14.3	29.7	20.9	31.9	31.9	20.9	30.8	33	30.8	26.4	18.7	19.8	18.7	
20	15	14	12	11	15	18	15	19	15	13	18	10	16	13	12	12	10	15	17	10	10	13	11	13	11	11	13	14	19	14	14	12	17	12	10	12	11	18	16	15	20	13	11	16	11	13	18	15	12	11	15	12	20	10	19	12	15	10	20	19	17	17	19	13	12	18	18	12	17	14	13	20	15	15	11	12	19	11	10	18	18	11	19	18	12	14	11	16	11	20	19	18	15	19	16	13	19	11	15	
1	1	1	1	1	1	1	2	2	2	2	3	3	3	3	3	3	4	4	5	5	6	6	6	6	7	7	7	7	7	7	8	8	8	10	10	10	10	10	11	11	11	11	12	12	12	12	12	12	12	13	13	13	13	14	14	14	14	15	15	15	15	15	15	16	16	16	17	18	18	18	18	19	19	20	21	21	21	22	23	23	23	23	24	24	24	24	24	25	25	25	27	28	28	29	29	29	30	30	30	
