300
30	4
156	17.6
27	28	31	26	27	27	30	29	31	29	28	30	27	26	28	31	29	26	28	27	26	28	28	30	26	26	28	30	30	28	29	27	31	31	28	29	28	28	28	27	26	26	28	31	26	26	29	29	28	31	26	31	28	28	27	26	27	26	27	29	26	26	26	31	29	31	28	29	29	28	27	31	27	27	29	31	26	26	30	27	31	29	26	30	31	26	28	31	31	27	28	30	29	26	31	28	29	30	27	29	29	31	26	31	27	29	31	28	26	27	28	31	31	26	31	31	29	26	28	31	29	28	28	29	29	31	31	31	26	31	31	30	31	27	26	27	30	26	29	29	30	31	27	31	28	30	30	31	31	29	29	26	28	30	30	27	30	31	28	27	31	27	29	28	26	26	29	29	31	30	28	28	31	31	28	30	29	30	28	30	27	31	26	26	27	26	31	28	27	27	27	31	28	27	30	29	27	30	28	30	30	31	27	31	30	29	28	31	26	30	31	26	27	27	26	28	26	26	30	31	31	31	27	30	28	29	28	28	27	30	30	28	28	31	26	31	30	30	28	28	27	27	29	31	29	27	30	26	26	27	30	27	28	31	29	28	26	27	29	27	26	29	30	31	27	26	30	29	31	29	26	30	26	29	31	27	29	28	27	29	30	27	28	29	27	29	26	28	29	30	28	28	26	30	28	31	31	26	30	27	
76	80	76	93	87	93	89	77	80	93	82	85	88	79	91	88	88	81	81	94	86	85	94	86	87	77	80	77	84	82	78	90	94	91	93	80	82	93	94	92	79	89	88	76	88	94	76	85	82	91	94	82	81	85	79	93	93	82	76	78	94	91	94	86	83	76	85	90	88	85	82	88	88	94	87	81	92	89	83	77	87	91	94	92	92	90	83	84	93	89	79	84	79	76	86	89	83	82	88	93	93	78	89	86	79	94	84	81	87	87	85	87	81	94	90	76	90	88	78	89	82	77	94	91	84	89	89	84	92	89	92	84	85	76	78	82	89	79	88	87	85	90	89	94	87	79	80	87	89	84	92	88	91	89	80	92	84	77	89	77	83	90	91	91	84	79	84	76	91	76	81	86	86	79	84	89	85	87	77	90	85	93	84	84	87	82	80	84	86	84	82	82	81	89	94	78	79	85	92	90	90	88	80	90	76	83	93	90	89	94	89	85	88	88	94	77	83	90	83	78	77	94	94	94	79	85	76	91	93	80	82	76	82	85	80	91	86	83	90	79	93	88	84	77	79	93	87	89	85	93	79	81	87	82	90	77	80	91	81	78	86	88	94	85	81	91	80	90	86	92	84	86	79	89	83	94	81	93	77	77	81	76	84	88	81	94	78	82	85	76	89	93	91	92	89	83	81	89	76	92	
20.9	20.9	11	12.1	31.9	24.2	24.2	19.8	31.9	26.4	20.9	31.9	25.3	29.7	19.8	16.5	33	23.1	28.6	27.5	24.2	18.7	27.5	18.7	24.2	15.4	12.1	27.5	15.4	23.1	26.4	14.3	24.2	14.3	12.1	33	16.5	27.5	27.5	16.5	12.1	13.2	14.3	29.7	18.7	24.2	16.5	13.2	19.8	18.7	14.3	12.1	23.1	26.4	18.7	24.2	13.2	29.7	15.4	23.1	16.5	29.7	11	26.4	16.5	18.7	30.8	16.5	12.1	26.4	13.2	26.4	20.9	19.8	27.5	23.1	13.2	25.3	17.6	18.7	31.9	25.3	20.9	30.8	11	25.3	12.1	13.2	19.8	30.8	33	14.3	27.5	18.7	27.5	31.9	27.5	31.9	19.8	28.6	14.3	31.9	11	11	15.4	12.1	19.8	30.8	22	23.1	15.4	22	18.7	19.8	26.4	27.5	30.8	33	17.6	16.5	29.7	19.8	29.7	31.9	25.3	28.6	23.1	24.2	29.7	20.9	23.1	23.1	12.1	33	25.3	11	25.3	33	15.4	20.9	15.4	15.4	12.1	28.6	15.4	33	17.6	14.3	14.3	30.8	29.7	20.9	11	30.8	12.1	27.5	22	22	17.6	14.3	25.3	26.4	28.6	23.1	16.5	17.6	25.3	14.3	22	16.5	15.4	33	33	28.6	19.8	27.5	18.7	22	28.6	24.2	11	18.7	25.3	19.8	12.1	25.3	24.2	29.7	30.8	24.2	29.7	11	31.9	28.6	12.1	19.8	24.2	16.5	28.6	12.1	26.4	30.8	29.7	11	30.8	24.2	27.5	33	19.8	14.3	19.8	27.5	24.2	29.7	26.4	28.6	19.8	31.9	16.5	11	18.7	24.2	15.4	31.9	28.6	24.2	17.6	13.2	27.5	30.8	20.9	18.7	12.1	27.5	26.4	17.6	13.2	26.4	16.5	25.3	23.1	13.2	16.5	23.1	33	30.8	25.3	19.8	20.9	29.7	31.9	18.7	23.1	17.6	27.5	13.2	15.4	12.1	29.7	22	27.5	24.2	15.4	25.3	27.5	29.7	28.6	27.5	13.2	15.4	15.4	15.4	18.7	13.2	14.3	13.2	27.5	17.6	16.5	22	24.2	28.6	12.1	22	25.3	30.8	33	25.3	30.8	18.7	29.7	33	19.8	17.6	15.4	24.2	11	19.8	22	27.5	
17.6	33	13.2	23.1	15.4	27.5	28.6	13.2	18.7	13.2	33	19.8	18.7	20.9	15.4	28.6	19.8	12.1	12.1	17.6	25.3	11	26.4	16.5	27.5	12.1	14.3	31.9	19.8	30.8	31.9	24.2	14.3	12.1	24.2	13.2	25.3	30.8	29.7	18.7	18.7	29.7	31.9	26.4	17.6	18.7	20.9	17.6	27.5	20.9	14.3	17.6	28.6	27.5	11	29.7	23.1	15.4	26.4	29.7	20.9	16.5	24.2	12.1	19.8	23.1	16.5	16.5	17.6	25.3	30.8	28.6	25.3	23.1	12.1	29.7	13.2	22	23.1	18.7	30.8	20.9	18.7	30.8	17.6	23.1	30.8	28.6	31.9	17.6	28.6	27.5	16.5	30.8	16.5	26.4	17.6	16.5	31.9	33	11	15.4	28.6	25.3	24.2	11	17.6	23.1	22	18.7	20.9	17.6	31.9	33	26.4	31.9	18.7	33	16.5	31.9	22	28.6	20.9	28.6	33	26.4	16.5	19.8	25.3	22	27.5	17.6	30.8	19.8	30.8	30.8	28.6	30.8	31.9	16.5	20.9	25.3	12.1	19.8	23.1	13.2	13.2	24.2	25.3	11	26.4	22	20.9	13.2	20.9	31.9	22	17.6	15.4	24.2	23.1	24.2	24.2	16.5	19.8	30.8	27.5	24.2	31.9	30.8	29.7	25.3	11	17.6	18.7	13.2	12.1	19.8	20.9	28.6	23.1	22	18.7	17.6	17.6	30.8	14.3	20.9	25.3	29.7	13.2	15.4	24.2	24.2	13.2	27.5	33	20.9	14.3	12.1	12.1	30.8	20.9	19.8	23.1	12.1	28.6	23.1	29.7	14.3	25.3	30.8	19.8	13.2	29.7	18.7	14.3	27.5	27.5	15.4	15.4	20.9	30.8	29.7	25.3	31.9	16.5	17.6	28.6	25.3	13.2	19.8	26.4	19.8	15.4	20.9	30.8	30.8	18.7	23.1	31.9	18.7	17.6	15.4	11	11	33	25.3	18.7	25.3	29.7	28.6	17.6	29.7	33	16.5	19.8	28.6	20.9	20.9	30.8	14.3	16.5	12.1	24.2	25.3	20.9	23.1	14.3	16.5	33	12.1	28.6	27.5	15.4	13.2	29.7	11	23.1	19.8	17.6	25.3	25.3	20.9	15.4	22	29.7	23.1	24.2	20.9	26.4	19.8	20.9	20.9	27.5	20.9	14.3	26.4	22	17.6	
29.7	29.7	28.6	18.7	24.2	30.8	25.3	11	31.9	25.3	14.3	11	22	30.8	15.4	26.4	26.4	33	18.7	33	24.2	24.2	22	25.3	23.1	27.5	17.6	25.3	15.4	16.5	
17	14	16	15	16	20	16	13	18	16	14	19	20	10	13	20	16	10	15	18	15	19	12	16	20	10	13	12	16	15	14	10	15	18	19	13	19	20	17	14	15	19	16	13	10	15	18	14	12	14	10	18	19	17	18	20	15	11	12	10	20	17	12	20	19	15	20	14	11	19	19	16	16	12	20	11	19	16	14	16	17	14	15	18	18	17	18	18	12	15	10	17	10	20	13	14	12	14	17	17	19	17	10	15	15	15	12	12	12	14	12	10	15	13	16	16	11	10	18	14	16	14	11	16	12	19	13	10	12	20	13	18	18	19	20	18	15	10	15	14	13	15	19	14	15	16	16	16	15	11	18	14	19	17	17	18	11	15	19	13	19	11	19	16	15	16	18	13	18	16	12	18	20	18	13	18	15	19	15	15	15	20	18	19	17	11	18	11	11	16	14	12	10	15	17	16	17	18	19	16	14	17	18	15	11	15	13	11	16	14	18	13	17	10	13	15	20	17	18	20	15	14	11	19	11	15	14	13	16	19	17	15	15	18	10	10	14	11	19	18	13	18	18	12	20	15	10	12	10	11	17	11	14	19	15	19	13	20	10	12	10	10	19	16	12	13	20	17	18	20	12	10	12	11	13	10	11	12	15	17	14	11	17	11	10	20	19	20	19	18	20	18	15	12	20	15	16	18	18	15	
1	1	1	1	1	1	2	2	2	2	2	2	2	2	2	2	2	2	2	2	2	2	2	3	3	3	3	3	3	3	3	3	3	3	3	3	4	4	4	4	4	4	5	5	5	5	5	5	5	5	5	6	6	6	6	6	6	7	7	7	7	7	7	7	7	7	8	8	8	8	8	8	8	8	8	8	8	8	8	9	9	9	9	9	9	9	9	9	9	9	10	10	10	10	10	10	10	10	11	11	11	11	11	11	11	11	11	11	11	11	12	12	12	12	12	12	12	12	12	12	12	12	12	13	13	13	13	13	13	13	13	13	13	13	13	13	14	14	14	14	14	14	14	14	14	15	15	15	15	15	15	15	16	16	16	16	16	17	17	17	17	17	17	17	18	18	18	18	18	18	18	18	18	19	19	19	19	19	19	19	19	19	19	19	19	20	20	20	20	20	20	20	20	20	20	21	21	21	21	21	21	21	21	21	22	22	22	22	22	22	22	22	22	22	22	23	23	23	23	23	23	23	23	23	23	23	23	23	24	24	24	24	24	24	24	24	24	24	24	24	24	24	25	25	25	25	25	25	25	25	25	25	26	26	26	26	26	26	26	27	27	27	27	27	27	27	27	27	27	28	28	28	28	28	28	28	28	28	28	28	28	29	29	29	29	29	29	29	29	29	29	29	30	30	30	30	30	30	30	30	
