500
20	2
413	20.9
27	31	30	26	31	27	28	28	30	26	28	27	30	28	26	31	29	26	29	26	29	26	30	26	29	30	30	31	26	31	26	31	31	28	31	29	30	30	31	30	30	28	27	28	27	29	28	30	31	26	26	29	30	31	28	30	29	29	29	31	31	29	27	27	31	28	26	30	27	31	28	26	31	28	26	30	28	27	31	30	30	30	26	30	26	30	27	30	30	28	26	31	26	28	26	30	26	31	30	29	27	27	29	29	26	31	26	26	28	27	30	27	28	28	26	26	26	31	30	28	28	30	27	30	26	26	29	30	29	30	26	30	31	28	27	29	28	26	28	27	30	26	28	29	26	29	29	27	26	28	31	26	30	29	27	27	28	31	28	28	31	27	31	30	30	30	31	28	30	29	27	31	27	31	27	28	30	30	29	28	26	26	28	31	27	26	27	29	30	27	27	29	30	29	31	30	26	28	31	27	26	29	27	28	27	29	30	27	30	27	29	31	31	31	29	31	31	29	28	28	27	29	31	27	31	30	26	30	28	28	27	29	28	30	30	27	29	26	27	28	26	30	28	27	28	30	28	29	30	28	26	30	30	31	26	26	28	31	27	28	30	29	26	29	30	27	31	30	28	27	29	26	30	28	26	29	31	30	29	30	26	28	29	31	31	30	30	29	30	28	30	26	29	31	27	30	27	31	30	26	31	28	31	29	27	31	28	28	26	27	27	31	31	30	27	29	26	30	29	27	31	29	26	28	29	30	26	29	31	29	31	31	30	27	27	26	31	28	30	28	27	27	30	28	27	29	29	28	30	29	29	26	29	27	31	27	26	26	28	31	29	28	30	30	29	27	31	31	26	30	27	28	28	31	31	26	27	28	29	31	27	28	31	30	28	26	29	26	29	30	29	26	31	30	26	31	27	29	28	29	26	29	29	26	28	28	29	31	30	26	26	30	28	27	31	28	31	26	29	28	26	27	30	26	27	29	31	30	30	30	28	30	27	29	27	31	28	31	28	26	31	30	28	26	27	27	31	29	26	27	29	29	29	28	31	27	29	31	31	30	29	27	31	27	27	26	27	30	28	26	28	29	27	28	31	29	30	28	29	31	29	31	28	29	29	28	26	28	29	31	27	26	26	26	30	29	27	29	29	26	
82	93	79	81	79	94	83	93	81	78	81	86	89	78	85	90	88	88	87	81	85	94	85	85	81	77	93	89	84	80	91	79	85	76	82	91	91	89	80	76	79	89	77	79	88	83	76	77	94	92	78	89	80	86	93	86	94	86	92	84	83	76	76	82	78	87	81	76	79	89	77	94	92	76	79	86	86	80	79	76	86	87	91	81	87	86	78	83	77	81	77	90	77	88	84	94	94	77	92	86	86	79	78	78	84	91	91	94	92	81	88	78	79	94	81	82	94	92	80	89	80	85	92	89	88	79	88	77	80	80	79	90	93	86	83	93	92	85	92	92	84	86	88	78	84	92	86	91	85	84	85	90	76	90	84	87	81	87	92	81	91	87	83	90	88	82	81	85	82	80	82	77	76	89	91	82	76	94	91	90	85	78	82	86	82	91	94	84	85	82	87	92	85	82	83	80	92	89	94	86	92	77	91	88	81	87	76	87	85	90	82	78	91	93	77	89	77	84	91	78	91	82	88	90	87	85	81	87	84	91	93	80	90	80	84	84	80	77	94	82	92	94	86	81	87	78	78	87	86	83	90	93	83	83	81	91	84	84	86	85	81	90	83	93	85	93	91	83	77	93	86	86	81	94	91	86	90	79	87	89	93	93	86	93	79	92	84	92	87	91	78	90	89	83	83	78	85	92	77	94	84	92	94	76	93	81	92	93	91	86	89	86	94	85	89	83	88	94	93	88	93	93	76	89	81	78	76	88	93	80	77	86	89	80	78	87	79	85	81	83	79	82	77	79	83	76	94	93	91	84	81	83	91	94	88	80	88	85	83	81	89	88	87	78	85	87	80	79	81	84	84	86	77	91	83	81	90	86	94	86	83	88	94	92	87	93	91	89	94	84	92	77	78	87	89	93	91	81	82	85	76	93	78	92	83	90	91	78	79	80	86	94	89	80	90	91	86	93	88	89	76	76	93	94	83	80	87	80	83	77	87	76	84	85	88	88	80	79	92	89	81	90	93	85	89	89	77	90	81	80	78	89	93	79	76	80	92	77	94	87	82	94	77	94	91	90	93	81	80	90	88	92	92	91	89	87	86	90	77	83	81	82	85	81	91	83	85	82	84	80	79	82	89	76	93	89	77	84	78	94	
33	29.7	25.3	25.3	17.6	27.5	19.8	12.1	26.4	16.5	29.7	17.6	33	12.1	29.7	20.9	19.8	31.9	20.9	30.8	29.7	18.7	17.6	30.8	33	26.4	26.4	13.2	30.8	20.9	15.4	22	33	25.3	30.8	11	23.1	14.3	19.8	29.7	19.8	13.2	17.6	14.3	16.5	33	15.4	18.7	19.8	25.3	17.6	14.3	26.4	14.3	13.2	22	27.5	24.2	16.5	29.7	25.3	16.5	27.5	31.9	33	16.5	12.1	31.9	26.4	30.8	25.3	29.7	26.4	24.2	31.9	31.9	13.2	12.1	25.3	18.7	11	26.4	23.1	18.7	18.7	30.8	19.8	13.2	17.6	15.4	13.2	20.9	23.1	15.4	17.6	13.2	23.1	23.1	16.5	23.1	26.4	17.6	19.8	27.5	15.4	28.6	14.3	19.8	31.9	24.2	13.2	24.2	18.7	20.9	26.4	33	33	17.6	30.8	22	15.4	20.9	11	23.1	23.1	28.6	12.1	27.5	28.6	17.6	13.2	24.2	28.6	31.9	11	25.3	31.9	33	11	23.1	20.9	26.4	28.6	33	30.8	27.5	25.3	15.4	18.7	17.6	16.5	24.2	26.4	26.4	14.3	22	31.9	23.1	26.4	31.9	13.2	20.9	22	20.9	22	30.8	33	15.4	16.5	20.9	29.7	24.2	25.3	19.8	14.3	33	33	29.7	31.9	33	19.8	16.5	28.6	16.5	22	30.8	13.2	14.3	15.4	20.9	19.8	26.4	31.9	14.3	17.6	18.7	13.2	19.8	26.4	25.3	29.7	22	33	19.8	13.2	33	20.9	27.5	17.6	15.4	27.5	20.9	25.3	29.7	18.7	11	24.2	24.2	15.4	23.1	19.8	33	28.6	28.6	28.6	29.7	11	13.2	14.3	14.3	22	11	24.2	26.4	33	11	30.8	17.6	12.1	15.4	20.9	17.6	33	30.8	14.3	23.1	18.7	30.8	33	26.4	29.7	15.4	14.3	23.1	12.1	27.5	24.2	30.8	26.4	30.8	11	18.7	11	29.7	20.9	13.2	14.3	29.7	22	20.9	16.5	29.7	18.7	31.9	33	28.6	28.6	22	18.7	18.7	11	13.2	11	30.8	12.1	20.9	15.4	24.2	24.2	30.8	31.9	27.5	29.7	15.4	31.9	22	25.3	28.6	25.3	13.2	16.5	15.4	15.4	15.4	33	25.3	11	23.1	28.6	17.6	15.4	15.4	16.5	33	23.1	13.2	27.5	19.8	22	16.5	14.3	17.6	14.3	29.7	24.2	30.8	30.8	27.5	12.1	11	20.9	31.9	17.6	17.6	18.7	31.9	23.1	12.1	29.7	27.5	22	16.5	26.4	30.8	26.4	12.1	24.2	28.6	11	33	26.4	26.4	17.6	15.4	28.6	19.8	26.4	22	23.1	28.6	19.8	12.1	24.2	29.7	15.4	25.3	23.1	19.8	15.4	30.8	31.9	30.8	16.5	16.5	11	20.9	22	33	14.3	12.1	29.7	13.2	22	25.3	27.5	18.7	17.6	19.8	25.3	19.8	22	26.4	31.9	22	33	15.4	33	15.4	20.9	33	17.6	30.8	12.1	20.9	22	28.6	18.7	11	28.6	33	25.3	28.6	11	24.2	33	29.7	18.7	33	24.2	29.7	12.1	20.9	12.1	15.4	19.8	20.9	30.8	14.3	25.3	18.7	11	11	18.7	18.7	16.5	20.9	14.3	17.6	25.3	11	18.7	15.4	15.4	11	29.7	31.9	14.3	23.1	15.4	20.9	30.8	25.3	31.9	27.5	25.3	18.7	19.8	23.1	31.9	15.4	19.8	30.8	27.5	17.6	28.6	25.3	19.8	25.3	25.3	30.8	24.2	25.3	16.5	11	11	13.2	19.8	22	16.5	17.6	13.2	26.4	22	13.2	30.8	12.1	26.4	26.4	19.8	25.3	20.9	16.5	23.1	28.6	19.8	29.7	18.7	13.2	31.9	23.1	
24.2	29.7	18.7	30.8	26.4	25.3	23.1	20.9	23.1	24.2	13.2	31.9	24.2	11	30.8	24.2	15.4	19.8	28.6	33	30.8	18.7	13.2	28.6	30.8	31.9	20.9	23.1	29.7	26.4	16.5	26.4	28.6	27.5	12.1	33	22	19.8	23.1	25.3	28.6	16.5	24.2	20.9	25.3	33	31.9	24.2	19.8	15.4	12.1	18.7	14.3	12.1	12.1	26.4	24.2	19.8	20.9	16.5	15.4	20.9	13.2	12.1	11	33	16.5	30.8	16.5	31.9	23.1	19.8	13.2	31.9	29.7	20.9	31.9	23.1	31.9	20.9	26.4	12.1	23.1	26.4	25.3	12.1	24.2	30.8	24.2	16.5	17.6	13.2	24.2	27.5	23.1	20.9	16.5	29.7	11	33	23.1	26.4	18.7	33	30.8	13.2	22	11	29.7	23.1	16.5	17.6	22	28.6	27.5	26.4	19.8	31.9	29.7	24.2	11	17.6	11	27.5	13.2	29.7	12.1	26.4	31.9	12.1	22	19.8	13.2	16.5	27.5	24.2	26.4	29.7	24.2	17.6	15.4	22	27.5	23.1	28.6	17.6	17.6	30.8	11	18.7	33	13.2	13.2	23.1	16.5	22	28.6	13.2	25.3	17.6	33	22	29.7	29.7	24.2	13.2	26.4	12.1	11	26.4	23.1	15.4	11	33	16.5	20.9	14.3	27.5	22	24.2	26.4	19.8	11	23.1	18.7	26.4	27.5	23.1	25.3	22	23.1	28.6	11	15.4	11	33	27.5	17.6	16.5	12.1	24.2	22	26.4	33	11	16.5	28.6	13.2	14.3	22	27.5	25.3	27.5	22	18.7	30.8	31.9	27.5	24.2	27.5	12.1	17.6	17.6	26.4	12.1	13.2	22	22	11	23.1	29.7	20.9	26.4	20.9	23.1	24.2	22	14.3	28.6	18.7	33	27.5	15.4	14.3	17.6	25.3	11	26.4	12.1	24.2	20.9	12.1	13.2	12.1	12.1	11	11	12.1	23.1	17.6	13.2	31.9	23.1	20.9	24.2	12.1	31.9	18.7	27.5	24.2	11	14.3	14.3	28.6	15.4	16.5	20.9	12.1	24.2	28.6	30.8	30.8	24.2	31.9	16.5	27.5	30.8	31.9	14.3	22	30.8	33	17.6	12.1	22	31.9	24.2	12.1	23.1	24.2	16.5	26.4	33	12.1	27.5	24.2	22	25.3	12.1	31.9	17.6	14.3	28.6	31.9	24.2	16.5	18.7	16.5	26.4	18.7	28.6	27.5	33	23.1	23.1	31.9	27.5	18.7	31.9	28.6	27.5	28.6	19.8	17.6	26.4	28.6	19.8	19.8	29.7	31.9	16.5	26.4	23.1	19.8	12.1	11	19.8	31.9	13.2	30.8	23.1	22	18.7	11	18.7	14.3	33	29.7	15.4	26.4	18.7	26.4	31.9	27.5	28.6	14.3	13.2	16.5	29.7	19.8	25.3	11	12.1	25.3	30.8	24.2	27.5	28.6	16.5	33	24.2	28.6	22	29.7	26.4	31.9	26.4	26.4	12.1	19.8	23.1	11	13.2	19.8	11	18.7	29.7	33	15.4	25.3	15.4	20.9	19.8	25.3	31.9	13.2	33	15.4	25.3	24.2	31.9	30.8	13.2	17.6	16.5	22	20.9	25.3	15.4	12.1	13.2	28.6	16.5	18.7	31.9	25.3	22	18.7	15.4	19.8	17.6	12.1	22	17.6	22	22	24.2	11	14.3	17.6	14.3	19.8	15.4	29.7	15.4	26.4	18.7	12.1	19.8	13.2	28.6	25.3	23.1	29.7	28.6	33	29.7	23.1	29.7	22	24.2	23.1	22	24.2	15.4	33	19.8	18.7	29.7	30.8	26.4	13.2	24.2	26.4	15.4	12.1	20.9	28.6	26.4	16.5	24.2	30.8	14.3	15.4	14.3	31.9	27.5	25.3	18.7	31.9	26.4	14.3	23.1	14.3	25.3	13.2	27.5	30.8	25.3	12.1	
24.2	22	22	22	29.7	27.5	25.3	16.5	14.3	15.4	18.7	25.3	15.4	18.7	28.6	24.2	11	12.1	29.7	15.4	
19	14	16	15	13	16	12	15	12	12	18	11	20	15	10	15	13	14	16	12	19	18	19	14	12	13	10	16	19	19	14	18	18	13	10	19	14	11	13	15	12	17	13	10	13	13	12	13	20	17	11	12	19	18	11	14	18	15	15	18	15	16	13	16	15	15	18	20	16	19	12	16	11	17	20	15	13	17	18	14	18	15	10	10	15	11	15	14	17	15	11	12	14	10	12	16	14	18	20	12	20	18	16	14	17	15	11	16	19	18	16	19	18	11	15	18	16	11	19	19	12	10	10	16	14	10	15	19	14	15	12	15	14	12	15	20	15	14	12	14	10	10	18	15	13	19	13	11	15	15	10	20	18	17	20	18	14	20	15	10	14	13	16	19	14	10	14	14	18	11	18	10	13	19	16	18	14	18	14	19	16	20	15	18	11	17	19	20	13	15	11	19	13	10	10	19	18	19	10	18	17	14	16	18	14	15	11	13	16	11	11	13	11	20	16	19	15	10	13	11	20	13	10	10	18	11	20	19	13	20	20	14	18	16	15	17	19	14	12	16	10	19	17	16	20	13	18	20	10	17	12	19	18	11	12	10	20	11	19	13	16	10	18	20	16	14	12	20	10	17	10	16	18	18	17	15	17	18	19	14	15	17	16	15	19	10	16	20	11	10	19	18	17	19	17	10	20	20	17	14	19	16	17	12	17	18	15	14	10	17	18	13	20	14	17	17	17	12	11	15	20	10	15	17	10	16	19	10	14	11	17	19	16	15	20	20	13	10	12	18	17	18	10	11	20	17	13	18	10	13	18	17	16	16	20	20	17	16	19	16	16	15	11	18	14	10	12	10	11	19	12	14	10	19	11	13	19	10	11	19	19	13	15	17	18	11	12	14	17	10	17	11	20	20	20	16	16	18	11	20	15	17	13	16	14	19	10	17	12	11	12	19	12	19	15	20	16	16	14	17	17	14	12	17	17	10	12	20	10	10	11	15	13	12	12	18	10	19	16	14	15	11	19	15	14	12	13	11	20	12	12	18	16	17	19	15	17	20	17	12	10	20	20	15	20	20	17	10	19	11	19	12	17	18	12	16	18	15	13	15	18	15	13	16	11	18	10	17	14	17	19	10	16	12	10	16	15	17	14	16	
1	1	1	1	1	1	1	1	1	1	1	1	1	1	1	1	1	1	1	1	1	1	1	1	1	1	2	2	2	2	2	2	2	2	2	2	2	2	2	2	2	2	2	2	2	2	2	2	2	2	2	2	3	3	3	3	3	3	3	3	3	3	3	3	3	3	3	3	3	3	3	3	3	3	3	3	3	3	3	3	3	3	3	4	4	4	4	4	4	4	4	4	4	4	4	4	4	4	4	4	4	4	4	4	4	4	4	4	4	4	5	5	5	5	5	5	5	5	5	5	5	5	5	5	5	5	5	5	5	5	5	5	5	5	5	6	6	6	6	6	6	6	6	6	6	6	6	6	6	6	6	6	6	6	6	6	7	7	7	7	7	7	7	7	7	7	7	7	7	7	7	7	7	7	7	7	7	8	8	8	8	8	8	8	8	8	8	8	8	8	8	8	8	8	8	8	8	8	8	8	8	8	8	8	8	9	9	9	9	9	9	9	9	9	9	9	9	9	9	9	9	9	9	9	10	10	10	10	10	10	10	10	10	10	10	10	10	10	10	10	10	10	10	10	10	10	10	10	10	11	11	11	11	11	11	11	11	11	11	11	11	11	11	11	11	11	11	11	11	11	11	11	11	11	12	12	12	12	12	12	12	12	12	12	12	12	12	12	12	12	12	12	12	12	12	12	12	12	12	12	12	12	12	12	13	13	13	13	13	13	13	13	13	13	13	13	13	13	13	13	13	13	13	13	13	13	13	13	14	14	14	14	14	14	14	14	14	14	14	14	14	14	14	14	14	14	14	14	14	14	14	14	14	14	14	15	15	15	15	15	15	15	15	15	15	15	15	15	15	15	15	15	15	15	15	15	15	15	15	15	16	16	16	16	16	16	16	16	16	16	16	16	16	16	16	16	16	16	16	16	16	16	16	16	16	17	17	17	17	17	17	17	17	17	17	17	17	17	17	17	17	17	17	17	17	17	17	17	18	18	18	18	18	18	18	18	18	18	18	18	18	18	18	18	18	18	18	18	18	18	18	18	18	18	18	19	19	19	19	19	19	19	19	19	19	19	19	19	19	19	19	19	19	19	19	20	20	20	20	20	20	20	20	20	20	20	20	20	20	20	20	20	20	20	20	20	20	20	20	20	
