300
10	2
458	24.2
30	26	31	29	31	31	28	26	26	27	27	31	26	29	26	31	26	29	28	27	27	31	27	27	27	28	28	27	26	28	29	27	27	30	28	27	31	28	30	30	26	28	29	29	30	26	26	31	31	26	26	30	29	27	27	28	27	29	28	26	26	28	28	29	31	26	29	31	29	27	31	28	30	26	31	30	30	26	30	27	28	29	29	30	29	26	26	26	28	27	29	26	30	31	29	29	29	29	31	26	26	27	26	28	30	30	29	26	28	31	30	28	29	26	26	31	29	31	29	30	31	30	28	28	30	31	30	26	30	28	30	26	31	31	27	28	29	29	31	29	26	27	31	31	26	29	26	26	27	30	31	27	31	30	27	29	30	29	31	28	29	26	31	28	30	29	30	31	26	26	29	30	27	29	27	26	30	31	29	31	29	29	31	30	28	27	27	26	27	30	27	30	28	26	30	30	27	31	26	30	28	29	26	30	31	27	31	29	28	31	27	30	29	30	29	30	29	27	29	26	29	28	27	31	31	29	28	29	31	28	30	26	29	31	29	28	27	28	28	29	29	29	28	29	26	29	31	27	28	29	26	31	31	31	31	28	28	29	30	31	27	26	27	29	29	28	28	29	27	30	26	26	26	30	26	31	30	26	26	28	27	30	31	26	26	30	27	30	27	29	28	29	27	31	29	27	26	30	27	31	
85	82	77	83	83	82	85	76	85	86	89	80	79	89	77	80	92	89	76	79	83	89	84	90	86	90	80	79	92	76	83	83	81	78	83	86	78	92	87	77	79	89	87	77	77	94	87	81	82	76	83	94	92	77	87	89	83	91	76	78	81	86	90	79	81	80	84	91	77	88	90	90	85	85	87	77	78	81	93	76	77	84	78	89	93	83	91	93	83	80	89	94	94	89	82	92	88	93	90	83	92	82	89	93	80	78	79	92	89	81	82	90	83	86	92	90	78	88	83	89	83	86	83	84	94	78	76	84	86	89	89	80	85	89	93	89	79	87	80	93	80	83	91	93	87	77	82	79	76	87	84	92	89	89	92	77	93	85	86	78	82	92	92	87	88	89	94	77	76	88	77	78	84	91	79	76	88	89	90	81	81	84	86	94	90	94	86	92	83	87	92	86	78	83	84	87	88	84	77	77	83	85	87	94	85	93	77	77	81	80	88	82	82	82	76	89	87	92	91	86	76	87	93	84	88	93	83	76	84	77	86	78	93	76	78	91	84	92	81	77	93	93	80	92	77	91	78	86	91	90	85	87	87	83	78	85	82	94	91	93	88	81	92	90	81	90	88	82	76	88	85	76	94	89	87	91	86	78	90	85	87	94	84	89	82	79	91	84	89	93	84	80	79	88	92	85	86	83	77	94	
19.8	16.5	20.9	26.4	20.9	28.6	14.3	11	20.9	11	28.6	24.2	31.9	23.1	11	29.7	23.1	24.2	24.2	24.2	23.1	31.9	20.9	14.3	16.5	26.4	23.1	23.1	27.5	22	15.4	29.7	26.4	29.7	14.3	11	19.8	11	18.7	16.5	27.5	11	13.2	19.8	28.6	24.2	12.1	29.7	17.6	16.5	22	19.8	28.6	26.4	25.3	19.8	25.3	11	18.7	16.5	20.9	23.1	11	19.8	26.4	15.4	23.1	19.8	17.6	14.3	29.7	16.5	12.1	15.4	23.1	25.3	27.5	13.2	25.3	18.7	33	23.1	12.1	26.4	20.9	27.5	16.5	26.4	14.3	14.3	33	26.4	14.3	33	25.3	23.1	31.9	33	25.3	14.3	11	27.5	24.2	11	12.1	12.1	14.3	28.6	14.3	31.9	31.9	12.1	17.6	25.3	13.2	11	19.8	27.5	12.1	26.4	20.9	17.6	15.4	20.9	33	15.4	13.2	26.4	12.1	13.2	28.6	23.1	19.8	29.7	30.8	25.3	31.9	31.9	15.4	22	12.1	14.3	26.4	22	17.6	24.2	25.3	13.2	17.6	31.9	15.4	14.3	30.8	33	27.5	26.4	27.5	12.1	23.1	23.1	17.6	19.8	24.2	19.8	30.8	29.7	15.4	28.6	28.6	25.3	31.9	24.2	27.5	28.6	23.1	33	29.7	26.4	31.9	23.1	27.5	26.4	33	30.8	28.6	25.3	12.1	30.8	33	15.4	12.1	18.7	23.1	22	11	24.2	16.5	20.9	24.2	31.9	20.9	19.8	14.3	11	23.1	33	23.1	13.2	16.5	19.8	18.7	19.8	13.2	15.4	22	12.1	27.5	31.9	12.1	25.3	16.5	20.9	14.3	18.7	15.4	25.3	16.5	25.3	15.4	18.7	23.1	31.9	22	12.1	11	17.6	29.7	15.4	26.4	13.2	18.7	28.6	14.3	19.8	23.1	28.6	24.2	29.7	15.4	16.5	25.3	15.4	30.8	25.3	13.2	11	25.3	27.5	31.9	33	26.4	18.7	19.8	27.5	27.5	24.2	17.6	31.9	30.8	12.1	16.5	18.7	16.5	25.3	11	13.2	15.4	28.6	27.5	20.9	30.8	19.8	30.8	31.9	29.7	19.8	13.2	13.2	19.8	12.1	26.4	31.9	19.8	17.6	28.6	19.8	28.6	31.9	19.8	16.5	
24.2	13.2	20.9	16.5	33	15.4	27.5	28.6	14.3	20.9	18.7	26.4	13.2	18.7	13.2	11	31.9	12.1	14.3	14.3	13.2	30.8	28.6	23.1	25.3	17.6	15.4	11	25.3	15.4	11	13.2	24.2	29.7	16.5	24.2	24.2	14.3	28.6	29.7	22	26.4	29.7	28.6	22	12.1	18.7	11	25.3	19.8	28.6	25.3	30.8	11	11	28.6	23.1	25.3	14.3	15.4	23.1	28.6	12.1	12.1	13.2	14.3	29.7	12.1	16.5	15.4	24.2	30.8	13.2	20.9	22	19.8	16.5	30.8	23.1	16.5	26.4	27.5	13.2	28.6	22	28.6	26.4	27.5	12.1	23.1	13.2	29.7	22	13.2	14.3	28.6	20.9	17.6	13.2	20.9	30.8	33	17.6	33	13.2	31.9	20.9	15.4	15.4	23.1	18.7	16.5	16.5	17.6	11	23.1	19.8	20.9	18.7	20.9	26.4	12.1	16.5	20.9	23.1	33	25.3	12.1	16.5	25.3	31.9	31.9	11	15.4	18.7	22	12.1	23.1	22	33	11	31.9	31.9	26.4	14.3	25.3	24.2	31.9	20.9	26.4	24.2	29.7	23.1	22	23.1	13.2	18.7	15.4	18.7	13.2	11	28.6	19.8	23.1	14.3	17.6	14.3	31.9	29.7	13.2	24.2	12.1	16.5	13.2	15.4	27.5	11	23.1	13.2	25.3	31.9	22	24.2	28.6	25.3	20.9	20.9	28.6	31.9	16.5	24.2	11	27.5	33	33	17.6	29.7	27.5	15.4	13.2	20.9	33	19.8	26.4	31.9	29.7	22	30.8	14.3	17.6	31.9	22	13.2	14.3	29.7	20.9	25.3	24.2	15.4	18.7	12.1	24.2	17.6	17.6	33	20.9	31.9	15.4	16.5	15.4	29.7	12.1	31.9	17.6	15.4	26.4	18.7	15.4	14.3	16.5	12.1	17.6	33	24.2	11	20.9	14.3	31.9	26.4	16.5	19.8	17.6	18.7	31.9	33	31.9	24.2	11	28.6	15.4	23.1	13.2	30.8	18.7	13.2	30.8	28.6	29.7	11	12.1	27.5	26.4	25.3	22	11	29.7	14.3	11	16.5	28.6	11	29.7	29.7	15.4	27.5	20.9	14.3	15.4	27.5	31.9	18.7	17.6	17.6	18.7	20.9	23.1	27.5	15.4	33	14.3	
29.7	30.8	26.4	15.4	27.5	15.4	33	15.4	25.3	12.1	
10	14	18	13	16	14	18	13	19	15	13	17	18	19	20	19	15	20	20	18	18	18	10	20	13	17	19	14	18	18	18	20	12	11	14	13	12	14	19	20	20	14	20	10	13	12	16	16	16	13	14	20	17	16	17	14	13	20	18	13	15	18	13	20	15	16	16	11	15	11	16	17	18	18	18	18	11	10	19	13	20	10	14	13	14	15	12	18	11	11	18	14	11	11	20	15	18	19	18	14	20	14	11	16	15	14	15	16	17	11	12	20	15	20	12	13	13	18	16	19	11	16	11	18	11	13	12	17	10	19	10	10	10	15	20	12	20	19	18	11	17	15	15	14	10	16	17	10	19	18	17	14	13	16	20	17	20	10	18	10	16	14	19	17	15	18	15	18	20	10	15	20	10	17	13	20	17	11	20	11	11	17	12	14	19	15	13	15	11	18	11	15	12	18	16	11	16	19	15	15	10	17	12	20	20	16	16	19	12	16	11	14	16	12	11	13	18	11	20	17	10	20	11	10	13	10	10	14	13	10	15	10	17	16	17	13	17	18	15	12	11	14	20	12	12	15	18	13	12	14	12	19	13	14	11	11	15	13	17	17	17	11	10	13	18	17	11	20	14	15	18	11	11	20	16	18	16	15	12	19	20	17	13	14	12	18	17	16	15	19	17	20	19	17	17	12	10	13	14	14	
1	1	1	1	1	1	1	1	1	1	1	1	1	1	1	1	1	1	1	1	1	1	1	2	2	2	2	2	2	2	2	2	2	2	2	2	2	2	2	2	2	2	2	2	2	2	2	2	2	2	2	2	2	2	2	3	3	3	3	3	3	3	3	3	3	3	3	3	3	3	3	3	3	3	3	3	3	3	3	3	3	3	3	3	3	3	3	3	3	4	4	4	4	4	4	4	4	4	4	4	4	4	4	4	4	4	4	4	4	4	4	4	4	4	4	4	4	4	4	4	4	4	4	4	4	4	4	5	5	5	5	5	5	5	5	5	5	5	5	5	5	5	5	5	5	5	5	5	5	5	5	5	5	6	6	6	6	6	6	6	6	6	6	6	6	6	6	6	6	6	6	6	6	6	6	6	6	6	6	6	6	6	6	6	6	6	6	6	6	6	7	7	7	7	7	7	7	7	7	7	7	7	7	7	7	7	7	7	7	7	7	7	7	7	7	7	8	8	8	8	8	8	8	8	8	8	8	8	8	8	8	8	8	8	8	8	8	8	9	9	9	9	9	9	9	9	9	9	9	9	9	9	9	9	9	9	9	9	9	9	9	9	9	9	9	9	9	9	9	10	10	10	10	10	10	10	10	10	10	10	10	10	10	10	10	10	10	10	10	10	10	10	10	10	10	10	10	10	10	10	
