200
20	2
153	17.6
27	28	27	30	31	27	30	31	31	27	29	30	27	31	27	28	30	27	31	26	26	30	29	27	30	30	29	26	31	30	26	26	27	31	31	31	26	30	26	28	30	27	26	29	28	27	26	29	27	31	29	30	31	31	27	31	30	26	30	28	27	28	27	31	29	27	30	28	30	27	28	27	29	30	28	26	31	27	30	27	26	30	30	27	28	26	26	27	27	28	29	28	27	29	28	30	28	26	30	28	26	29	26	30	30	30	31	26	28	29	30	28	31	29	28	28	26	27	27	27	29	28	29	26	27	28	28	28	27	27	26	27	29	31	30	29	31	30	27	26	27	27	27	27	26	30	31	26	28	27	29	26	30	30	29	29	27	28	30	31	31	29	31	27	30	31	31	27	28	26	31	29	30	29	29	28	31	29	29	28	27	31	30	29	31	30	27	27	26	28	30	26	26	29	30	30	30	30	30	26	
88	83	79	78	84	77	77	79	80	82	80	94	90	83	79	91	87	93	76	83	93	80	90	93	85	89	84	77	94	91	88	92	86	81	83	81	88	80	81	86	84	91	92	77	86	84	85	83	93	81	81	82	78	92	87	92	91	84	78	87	94	78	90	86	78	92	79	83	84	94	91	82	94	76	79	90	94	79	77	91	80	93	85	84	91	91	82	88	78	89	77	85	88	82	81	92	87	89	91	81	81	76	87	88	93	86	82	88	89	78	83	82	76	91	79	91	79	90	90	91	94	93	77	79	88	88	92	76	80	84	76	88	89	89	77	78	94	77	83	92	84	76	80	77	91	85	77	83	77	80	90	88	78	83	81	85	87	90	92	80	85	90	83	94	80	86	86	78	88	81	92	92	92	93	94	78	89	90	91	82	88	78	91	91	84	76	82	92	80	80	92	87	81	93	83	82	90	80	90	92	
14.3	22	22	23.1	16.5	17.6	16.5	24.2	17.6	27.5	11	25.3	25.3	23.1	31.9	26.4	28.6	25.3	30.8	15.4	23.1	23.1	27.5	20.9	33	31.9	30.8	13.2	11	16.5	17.6	27.5	14.3	25.3	19.8	28.6	25.3	19.8	24.2	19.8	23.1	14.3	19.8	28.6	27.5	15.4	23.1	22	13.2	27.5	26.4	12.1	11	22	16.5	28.6	26.4	29.7	26.4	11	16.5	17.6	14.3	29.7	14.3	29.7	24.2	13.2	27.5	28.6	27.5	22	14.3	11	17.6	12.1	24.2	11	19.8	12.1	23.1	11	20.9	19.8	20.9	15.4	18.7	11	18.7	14.3	31.9	23.1	25.3	26.4	23.1	23.1	16.5	25.3	18.7	22	26.4	28.6	11	11	11	18.7	28.6	11	22	28.6	12.1	28.6	30.8	23.1	28.6	11	31.9	16.5	15.4	25.3	30.8	29.7	28.6	18.7	13.2	11	33	11	11	28.6	17.6	33	17.6	31.9	17.6	19.8	22	33	20.9	12.1	14.3	23.1	12.1	29.7	28.6	13.2	27.5	25.3	23.1	16.5	30.8	14.3	17.6	14.3	11	12.1	24.2	15.4	16.5	33	27.5	19.8	13.2	17.6	18.7	15.4	27.5	31.9	23.1	29.7	11	15.4	29.7	11	28.6	30.8	16.5	23.1	28.6	19.8	13.2	11	13.2	18.7	15.4	16.5	24.2	23.1	22	28.6	13.2	18.7	31.9	14.3	27.5	14.3	30.8	29.7	27.5	25.3	
13.2	11	31.9	18.7	18.7	11	28.6	27.5	14.3	13.2	15.4	15.4	25.3	27.5	12.1	26.4	33	31.9	29.7	15.4	12.1	31.9	24.2	31.9	22	14.3	25.3	23.1	23.1	23.1	33	13.2	18.7	16.5	16.5	15.4	22	29.7	24.2	28.6	16.5	19.8	24.2	12.1	20.9	22	33	16.5	14.3	18.7	19.8	33	28.6	15.4	30.8	30.8	25.3	24.2	19.8	25.3	20.9	13.2	17.6	12.1	17.6	16.5	27.5	15.4	24.2	29.7	23.1	12.1	25.3	15.4	20.9	26.4	11	18.7	30.8	14.3	16.5	11	20.9	30.8	23.1	18.7	22	20.9	25.3	22	16.5	20.9	23.1	14.3	26.4	11	29.7	23.1	24.2	11	28.6	25.3	30.8	31.9	30.8	12.1	23.1	17.6	16.5	14.3	27.5	31.9	11	26.4	25.3	16.5	20.9	13.2	19.8	16.5	26.4	22	20.9	13.2	27.5	25.3	12.1	17.6	15.4	28.6	13.2	25.3	23.1	28.6	14.3	14.3	23.1	29.7	17.6	20.9	26.4	14.3	17.6	12.1	25.3	29.7	22	17.6	11	27.5	11	29.7	33	26.4	27.5	17.6	23.1	15.4	17.6	22	18.7	28.6	23.1	29.7	29.7	18.7	15.4	25.3	29.7	33	33	26.4	23.1	11	15.4	18.7	28.6	19.8	27.5	19.8	15.4	15.4	25.3	33	17.6	26.4	27.5	33	23.1	15.4	25.3	31.9	14.3	29.7	19.8	17.6	19.8	25.3	33	33	
25.3	19.8	13.2	24.2	22	12.1	27.5	18.7	18.7	24.2	12.1	27.5	33	17.6	19.8	14.3	27.5	25.3	14.3	22	
15	13	14	16	15	19	16	20	15	12	17	17	14	17	11	14	18	10	17	10	19	16	12	13	14	18	18	15	11	15	17	13	19	20	14	10	10	16	19	12	19	11	10	18	11	19	12	19	20	15	10	15	15	14	18	14	20	17	18	19	11	15	13	12	19	14	19	16	13	18	12	17	13	16	20	20	10	16	13	10	13	14	20	18	15	11	12	14	12	12	20	20	11	15	19	10	11	14	19	12	17	10	17	12	18	11	10	18	10	12	16	19	11	12	12	20	16	17	15	11	20	12	16	16	10	18	15	17	12	10	20	17	15	12	18	19	17	17	18	19	13	10	10	15	14	20	19	19	12	19	13	11	10	17	13	20	19	12	15	17	11	14	12	15	16	20	12	15	17	13	16	19	12	16	19	12	12	10	20	11	20	19	18	13	17	14	12	16	13	17	20	13	18	10	16	13	17	19	18	13	
1	1	1	1	1	1	1	1	2	2	2	2	2	2	3	3	3	3	3	3	3	3	3	3	3	3	4	4	4	4	4	5	5	5	5	5	5	5	5	5	5	5	5	5	5	6	6	6	6	6	6	6	6	6	6	6	6	7	7	7	7	7	7	7	7	7	7	8	8	8	8	8	8	8	8	8	8	8	8	8	8	9	9	9	9	9	10	10	10	10	10	10	10	10	10	10	10	11	11	11	11	11	11	11	11	11	11	12	12	12	12	12	12	12	12	12	12	12	13	13	13	13	13	13	13	13	13	13	13	14	14	14	14	14	14	14	14	14	14	14	14	14	15	15	15	15	15	15	15	15	15	15	15	15	15	15	16	16	16	16	16	16	16	16	17	17	17	17	17	17	17	17	18	18	18	18	18	18	18	18	18	18	18	19	19	19	19	19	19	19	19	19	20	20	20	20	20	20	20	20	
