500
30	4
263	31.9
31	31	28	30	29	26	31	26	26	26	26	26	26	26	31	29	30	29	30	26	31	28	27	27	28	28	29	30	29	26	29	28	30	28	30	31	27	29	27	29	27	31	26	27	26	29	28	28	26	31	30	26	30	29	27	28	29	28	29	28	26	30	28	26	31	31	26	27	28	31	30	28	27	28	27	28	26	26	31	27	31	28	29	31	26	31	31	27	26	31	27	29	28	30	26	31	28	30	29	31	29	31	31	30	30	29	29	28	27	29	30	30	27	26	29	26	26	26	28	27	29	29	31	27	29	27	30	28	29	31	31	29	29	26	27	31	26	29	26	29	26	29	31	29	28	29	26	31	28	26	29	26	28	29	27	30	26	26	28	30	29	30	30	30	29	26	26	30	27	31	29	30	27	27	31	31	30	28	26	30	28	30	28	30	29	26	30	29	26	30	31	26	28	27	28	27	28	27	30	30	26	29	29	28	26	26	31	26	27	28	26	31	31	31	28	28	29	27	30	26	31	27	28	26	31	31	26	30	29	28	26	27	30	27	28	31	29	27	29	26	27	26	30	28	28	27	31	29	27	26	26	28	26	30	27	28	30	27	26	31	31	29	27	29	26	26	30	28	27	27	27	30	30	30	26	29	27	30	28	29	29	28	31	31	27	30	27	31	31	26	27	30	27	27	31	29	28	26	28	28	29	26	31	29	30	28	27	27	28	30	31	31	29	29	28	27	31	29	26	30	29	31	31	29	26	31	30	30	31	27	26	27	31	31	28	27	27	31	29	27	31	28	31	27	26	29	31	26	28	29	26	28	30	27	28	31	31	29	28	27	28	26	31	29	26	29	27	27	28	31	29	27	30	26	28	26	27	30	29	27	28	29	27	27	29	28	30	30	31	29	26	29	29	30	26	29	27	26	31	28	31	30	29	30	26	29	31	29	26	29	27	29	26	27	28	29	27	31	27	26	31	29	26	31	30	29	30	31	27	29	26	26	31	28	29	31	30	27	28	28	29	29	30	26	26	30	26	29	27	26	30	29	28	29	27	29	28	28	29	27	29	28	30	29	30	26	26	31	31	26	31	26	29	30	29	28	27	27	31	26	27	29	30	26	26	30	28	28	31	26	26	28	29	26	31	29	27	28	30	30	
89	82	86	87	79	82	80	78	91	92	82	77	77	88	81	76	92	89	87	88	90	84	84	78	85	83	83	93	76	79	79	90	81	86	89	78	94	92	83	91	93	77	91	92	86	84	89	78	79	92	90	83	81	78	77	85	86	78	77	78	85	82	78	91	85	86	91	93	79	90	77	88	89	82	76	86	80	90	86	86	91	93	77	82	91	87	81	83	86	86	80	88	85	93	93	87	90	86	94	93	88	82	86	77	79	87	76	81	86	89	80	79	76	90	78	81	86	86	76	92	77	86	83	79	92	82	77	92	79	86	92	85	85	89	88	89	80	86	89	87	84	83	92	88	91	87	82	80	81	89	79	79	84	91	81	89	86	87	84	81	84	78	78	82	87	85	86	92	92	76	92	79	94	78	88	76	79	93	80	94	84	83	88	89	77	80	79	78	82	94	81	83	83	80	89	81	83	79	89	81	82	92	79	78	78	86	83	77	91	85	85	84	80	88	80	93	87	93	79	81	85	86	84	93	80	78	83	77	88	76	94	86	89	81	86	94	82	90	90	82	79	94	90	81	86	87	86	81	89	90	86	85	81	80	85	79	85	87	85	83	87	93	88	90	83	87	93	78	83	79	87	94	79	91	86	83	91	88	83	92	77	76	91	80	89	88	94	91	84	76	90	78	85	91	82	87	78	80	78	83	93	81	77	82	86	84	78	76	85	90	83	88	85	94	78	91	82	78	94	83	87	80	76	91	79	92	88	93	89	80	91	93	77	92	92	90	89	86	89	81	86	94	91	85	78	87	91	78	93	80	86	79	78	79	87	85	91	80	93	83	90	83	78	92	81	88	89	92	76	76	92	79	93	89	80	79	85	79	84	91	94	81	93	79	78	94	77	84	83	93	87	78	80	77	84	92	85	87	90	76	84	79	94	82	88	78	76	90	81	86	86	76	93	94	77	85	82	89	81	88	83	77	77	92	77	80	84	76	82	94	82	76	84	87	91	78	87	90	84	93	88	88	91	79	88	87	84	80	91	84	87	92	80	82	93	91	87	83	89	92	79	92	93	80	80	91	87	88	94	88	84	90	87	82	85	82	76	93	94	89	78	78	82	83	87	85	77	85	84	78	84	76	77	86	82	82	77	85	83	81	
23.1	18.7	12.1	26.4	16.5	33	33	23.1	29.7	18.7	15.4	24.2	23.1	33	29.7	27.5	29.7	16.5	13.2	13.2	26.4	18.7	29.7	26.4	11	27.5	12.1	13.2	27.5	23.1	27.5	16.5	29.7	30.8	20.9	25.3	23.1	18.7	26.4	29.7	20.9	11	17.6	14.3	23.1	19.8	25.3	29.7	16.5	25.3	16.5	30.8	16.5	20.9	24.2	27.5	16.5	14.3	31.9	33	23.1	27.5	30.8	23.1	22	17.6	20.9	16.5	30.8	17.6	17.6	28.6	12.1	28.6	22	22	28.6	25.3	16.5	24.2	22	14.3	22	22	26.4	15.4	20.9	23.1	16.5	18.7	23.1	28.6	28.6	31.9	19.8	15.4	16.5	26.4	25.3	27.5	24.2	14.3	31.9	15.4	30.8	14.3	23.1	18.7	17.6	20.9	14.3	31.9	20.9	23.1	19.8	22	30.8	11	20.9	17.6	19.8	11	12.1	27.5	29.7	24.2	22	11	12.1	14.3	19.8	25.3	23.1	31.9	27.5	22	15.4	24.2	22	22	30.8	14.3	15.4	16.5	13.2	28.6	11	12.1	12.1	22	27.5	30.8	17.6	17.6	26.4	22	12.1	28.6	19.8	22	31.9	33	25.3	31.9	11	18.7	15.4	18.7	11	13.2	30.8	28.6	14.3	27.5	14.3	25.3	13.2	16.5	15.4	25.3	14.3	11	17.6	33	17.6	19.8	31.9	20.9	24.2	11	18.7	13.2	11	18.7	15.4	22	22	11	29.7	28.6	30.8	27.5	33	28.6	28.6	25.3	27.5	17.6	31.9	19.8	27.5	15.4	13.2	16.5	25.3	22	18.7	16.5	13.2	23.1	27.5	28.6	20.9	30.8	26.4	31.9	33	27.5	28.6	28.6	29.7	30.8	12.1	22	17.6	19.8	31.9	15.4	22	33	12.1	25.3	22	30.8	23.1	28.6	11	24.2	31.9	18.7	27.5	19.8	31.9	24.2	26.4	31.9	15.4	29.7	13.2	14.3	24.2	30.8	23.1	11	14.3	20.9	28.6	30.8	20.9	23.1	15.4	19.8	31.9	13.2	29.7	22	17.6	24.2	25.3	30.8	22	11	33	31.9	16.5	19.8	11	28.6	13.2	26.4	27.5	25.3	29.7	13.2	15.4	12.1	12.1	25.3	14.3	29.7	16.5	27.5	20.9	29.7	20.9	28.6	16.5	27.5	14.3	27.5	24.2	20.9	11	22	27.5	22	15.4	16.5	29.7	18.7	31.9	12.1	16.5	16.5	28.6	28.6	24.2	23.1	14.3	31.9	30.8	30.8	19.8	19.8	19.8	33	26.4	33	31.9	17.6	17.6	15.4	27.5	25.3	26.4	12.1	33	22	16.5	29.7	20.9	33	16.5	23.1	11	25.3	29.7	16.5	29.7	23.1	15.4	17.6	33	15.4	16.5	16.5	13.2	29.7	26.4	33	33	13.2	29.7	33	28.6	29.7	28.6	14.3	33	26.4	24.2	27.5	18.7	14.3	29.7	14.3	13.2	20.9	25.3	31.9	25.3	17.6	22	27.5	14.3	15.4	29.7	23.1	22	17.6	16.5	23.1	22	11	11	12.1	24.2	12.1	23.1	18.7	24.2	31.9	19.8	12.1	17.6	17.6	13.2	31.9	22	29.7	12.1	19.8	20.9	29.7	25.3	33	26.4	31.9	23.1	16.5	26.4	29.7	33	23.1	18.7	29.7	16.5	11	16.5	26.4	17.6	24.2	33	16.5	17.6	18.7	12.1	14.3	33	33	11	23.1	18.7	19.8	14.3	27.5	18.7	24.2	26.4	29.7	13.2	19.8	15.4	18.7	23.1	15.4	19.8	11	30.8	24.2	20.9	31.9	26.4	16.5	22	12.1	30.8	29.7	19.8	24.2	13.2	12.1	13.2	11	16.5	23.1	17.6	33	12.1	30.8	29.7	29.7	28.6	30.8	11	20.9	29.7	29.7	31.9	24.2	
20.9	27.5	33	33	12.1	33	20.9	13.2	26.4	33	14.3	24.2	27.5	23.1	26.4	12.1	28.6	29.7	28.6	18.7	14.3	15.4	33	33	31.9	15.4	24.2	29.7	29.7	13.2	17.6	29.7	19.8	24.2	30.8	23.1	23.1	13.2	15.4	16.5	24.2	17.6	25.3	16.5	18.7	24.2	16.5	24.2	25.3	13.2	18.7	20.9	24.2	14.3	31.9	13.2	26.4	30.8	20.9	14.3	18.7	19.8	13.2	14.3	33	29.7	22	22	22	26.4	11	23.1	26.4	25.3	30.8	19.8	30.8	31.9	12.1	11	31.9	28.6	23.1	33	19.8	27.5	30.8	19.8	16.5	23.1	13.2	27.5	30.8	33	20.9	11	26.4	29.7	19.8	15.4	15.4	27.5	11	13.2	28.6	17.6	19.8	17.6	20.9	33	18.7	31.9	12.1	13.2	15.4	30.8	11	26.4	17.6	27.5	20.9	11	28.6	20.9	25.3	29.7	18.7	24.2	20.9	28.6	25.3	12.1	16.5	20.9	23.1	20.9	29.7	20.9	31.9	22	14.3	12.1	19.8	25.3	20.9	28.6	11	30.8	14.3	23.1	24.2	22	30.8	18.7	31.9	15.4	31.9	11	31.9	33	14.3	15.4	15.4	27.5	14.3	13.2	31.9	28.6	15.4	17.6	29.7	15.4	33	25.3	23.1	25.3	15.4	16.5	29.7	13.2	27.5	24.2	24.2	22	15.4	13.2	19.8	29.7	13.2	11	31.9	28.6	19.8	14.3	29.7	20.9	19.8	25.3	24.2	15.4	27.5	22	13.2	20.9	28.6	20.9	22	16.5	14.3	23.1	25.3	19.8	14.3	28.6	14.3	33	28.6	22	22	30.8	26.4	16.5	27.5	13.2	14.3	19.8	19.8	22	15.4	30.8	24.2	19.8	20.9	24.2	12.1	20.9	15.4	15.4	20.9	15.4	20.9	29.7	27.5	18.7	11	13.2	30.8	11	19.8	24.2	17.6	11	29.7	20.9	27.5	23.1	17.6	30.8	24.2	24.2	17.6	16.5	22	15.4	13.2	15.4	25.3	27.5	31.9	16.5	14.3	31.9	16.5	19.8	20.9	27.5	31.9	26.4	33	22	27.5	17.6	31.9	13.2	22	30.8	33	12.1	33	28.6	28.6	17.6	31.9	18.7	15.4	22	11	20.9	20.9	33	17.6	26.4	26.4	27.5	25.3	20.9	26.4	16.5	28.6	33	14.3	27.5	29.7	29.7	28.6	23.1	13.2	30.8	31.9	23.1	28.6	14.3	16.5	29.7	14.3	24.2	29.7	11	28.6	14.3	31.9	12.1	20.9	22	18.7	16.5	25.3	16.5	23.1	17.6	22	11	17.6	30.8	28.6	29.7	26.4	25.3	25.3	29.7	31.9	20.9	20.9	17.6	29.7	20.9	25.3	13.2	26.4	31.9	27.5	26.4	16.5	26.4	22	30.8	33	17.6	15.4	11	25.3	23.1	17.6	25.3	29.7	15.4	16.5	22	17.6	17.6	27.5	11	16.5	20.9	29.7	30.8	12.1	15.4	11	16.5	30.8	23.1	30.8	28.6	30.8	30.8	19.8	22	30.8	25.3	22	20.9	31.9	13.2	23.1	30.8	31.9	15.4	30.8	24.2	18.7	22	31.9	12.1	20.9	27.5	25.3	11	27.5	26.4	26.4	22	27.5	31.9	28.6	15.4	17.6	17.6	24.2	17.6	24.2	18.7	13.2	33	20.9	11	22	19.8	25.3	33	33	25.3	31.9	14.3	22	22	15.4	26.4	19.8	19.8	12.1	26.4	26.4	12.1	22	19.8	29.7	24.2	23.1	22	11	19.8	24.2	31.9	31.9	27.5	17.6	14.3	19.8	28.6	27.5	28.6	30.8	17.6	20.9	20.9	29.7	12.1	25.3	17.6	26.4	20.9	26.4	17.6	19.8	29.7	17.6	24.2	16.5	14.3	19.8	12.1	30.8	27.5	28.6	16.5	28.6	20.9	16.5	26.4	
19.8	17.6	29.7	20.9	19.8	12.1	23.1	18.7	16.5	26.4	28.6	23.1	29.7	11	15.4	31.9	24.2	15.4	20.9	25.3	19.8	24.2	27.5	12.1	25.3	31.9	17.6	25.3	18.7	28.6	
19	19	15	18	17	13	20	14	10	20	19	12	17	11	11	18	17	18	12	10	10	17	19	14	16	13	15	13	15	15	19	16	11	11	12	17	13	14	11	19	12	10	15	13	16	15	20	18	11	16	15	15	18	15	12	11	12	16	15	11	13	12	12	12	20	11	20	11	13	12	14	10	14	15	16	13	12	17	10	10	17	14	14	11	11	15	20	11	10	14	19	19	13	20	11	18	18	13	20	17	19	17	10	18	17	20	13	14	19	16	20	19	12	11	11	17	10	11	14	10	12	18	12	20	13	16	12	10	15	20	10	15	12	18	18	11	17	19	13	16	16	19	12	19	16	19	10	12	17	15	20	20	19	10	15	20	14	20	14	18	10	12	13	18	13	12	15	15	14	12	10	16	18	16	16	19	18	18	13	10	19	14	11	19	20	11	18	18	19	10	19	12	10	20	14	13	13	19	20	19	18	14	12	19	13	18	14	18	16	18	14	19	10	13	20	16	17	12	17	19	18	14	15	13	18	18	20	15	13	13	12	10	12	14	15	13	10	17	12	11	15	18	10	14	20	11	16	10	14	15	15	11	16	17	10	20	16	15	10	13	10	17	17	14	16	15	13	11	11	13	19	16	14	15	14	12	14	15	15	13	14	15	13	13	11	15	15	19	11	11	14	13	15	10	18	15	14	12	10	11	16	13	14	11	13	20	10	12	12	19	15	12	19	17	15	17	17	16	16	16	19	20	19	11	18	12	17	16	18	16	18	19	14	16	11	19	17	19	13	15	18	12	18	11	12	19	15	19	13	11	19	11	16	15	13	20	13	20	19	15	18	12	19	15	13	16	19	11	11	12	20	10	12	16	12	16	12	18	11	11	17	16	19	12	20	16	12	16	16	19	10	19	11	12	11	17	15	12	14	15	11	14	11	13	12	17	14	10	10	14	18	13	15	12	14	17	19	12	17	15	13	13	14	19	18	11	14	16	12	20	20	10	12	19	15	10	10	11	20	18	17	10	20	18	11	14	14	19	15	12	15	20	18	17	13	18	11	17	13	12	10	16	20	18	12	13	14	18	16	13	18	16	14	12	15	11	16	13	10	19	14	13	11	20	16	18	11	16	19	13	13	18	20	10	17	14	20	15	13	13	
1	1	1	1	1	1	1	1	1	1	1	1	1	1	1	1	1	1	1	1	1	2	2	2	2	2	2	2	2	2	2	2	2	2	3	3	3	3	3	3	3	3	3	3	3	3	3	3	3	3	3	3	3	3	4	4	4	4	4	4	4	4	4	4	4	4	4	4	4	4	4	5	5	5	5	5	5	5	5	5	5	5	5	6	6	6	6	6	6	6	6	6	6	6	6	6	6	6	6	6	6	6	7	7	7	7	7	7	7	7	7	7	7	7	7	7	7	7	7	7	7	7	7	7	7	8	8	8	8	8	8	8	8	8	8	8	8	8	8	8	8	8	9	9	9	9	9	9	9	9	9	9	9	9	9	9	10	10	10	10	10	10	10	10	10	10	10	10	10	10	10	10	10	10	10	10	10	10	11	11	11	11	11	11	11	11	11	11	11	11	11	11	11	12	12	12	12	12	12	12	12	12	12	12	12	12	12	12	12	12	12	12	12	12	12	13	13	13	13	13	13	13	13	13	13	13	13	13	13	13	13	13	13	13	13	13	14	14	14	14	14	14	14	14	14	14	14	14	14	14	14	15	15	15	15	15	15	15	15	15	15	15	15	15	15	16	16	16	16	16	16	16	16	16	16	16	16	16	16	16	16	16	16	16	16	16	17	17	17	17	17	17	17	17	17	17	17	17	17	17	17	17	18	18	18	18	18	18	18	18	18	18	18	18	18	18	18	19	19	19	19	19	19	19	19	19	19	19	19	19	19	19	20	20	20	20	20	20	20	20	20	20	20	20	21	21	21	21	21	21	21	21	21	21	21	21	21	21	22	22	22	22	22	22	22	22	22	22	22	22	22	22	22	22	23	23	23	23	23	23	23	23	23	23	23	23	23	23	23	23	23	23	24	24	24	24	24	24	24	24	24	24	24	24	24	24	24	24	24	24	25	25	25	25	25	25	25	25	25	25	25	25	25	25	25	25	25	25	26	26	26	26	26	26	26	26	26	26	26	27	27	27	27	27	27	27	27	27	27	27	27	27	27	27	27	27	27	27	27	27	27	28	28	28	28	28	28	28	28	28	28	28	28	28	28	28	28	28	28	29	29	29	29	29	29	29	29	29	29	29	29	30	30	30	30	30	30	30	30	30	
