200
20	3
159	15.4
30	29	31	27	28	29	30	28	31	28	31	31	26	26	28	26	30	27	31	29	31	26	31	30	30	30	29	26	31	26	29	29	31	28	26	30	29	31	29	26	26	27	27	29	30	30	30	30	26	31	29	29	28	26	26	27	28	27	30	27	26	26	27	26	26	29	30	28	29	30	27	28	30	26	27	30	27	28	31	31	27	29	31	28	27	27	30	28	27	28	26	29	26	30	30	27	26	31	29	27	27	30	29	27	27	30	30	26	28	27	28	26	28	29	27	27	30	27	30	28	27	30	31	27	30	27	31	31	31	26	28	29	27	31	29	29	26	26	29	30	27	28	28	27	27	30	27	31	26	31	27	29	27	27	26	26	30	26	26	26	27	26	28	29	27	26	29	31	28	29	26	31	26	29	30	29	29	29	29	26	27	26	31	28	28	28	28	29	27	26	30	26	26	29	30	28	28	30	26	30	
89	94	94	89	88	91	89	91	92	76	92	76	77	81	79	88	77	80	87	93	81	88	90	80	83	88	83	80	94	87	83	87	91	78	90	80	86	94	90	91	91	84	78	77	93	87	92	81	92	91	82	81	83	80	92	79	86	89	92	79	88	76	93	85	83	86	91	76	84	91	81	94	76	94	78	80	82	89	81	93	85	92	80	78	80	94	88	88	80	86	83	88	82	87	87	91	90	81	80	83	90	87	89	83	76	94	90	85	78	92	86	76	92	81	91	89	87	83	91	78	78	78	82	76	83	81	83	89	86	79	93	87	86	77	89	82	83	85	84	89	93	83	77	92	89	79	94	76	85	87	91	94	82	91	81	82	88	89	93	83	93	87	84	87	89	80	83	93	77	76	82	82	86	86	85	81	93	92	78	87	83	92	77	84	94	76	93	83	83	76	84	93	77	76	83	83	89	78	79	93	
28.6	22	26.4	33	16.5	22	24.2	23.1	17.6	29.7	29.7	30.8	11	16.5	12.1	22	27.5	33	24.2	25.3	22	12.1	22	25.3	14.3	20.9	11	31.9	29.7	24.2	19.8	11	25.3	24.2	24.2	31.9	20.9	27.5	18.7	18.7	16.5	18.7	11	20.9	20.9	13.2	31.9	19.8	16.5	13.2	12.1	30.8	13.2	24.2	28.6	28.6	15.4	25.3	15.4	17.6	15.4	20.9	17.6	31.9	18.7	26.4	33	27.5	26.4	23.1	25.3	13.2	17.6	24.2	33	25.3	22	28.6	33	14.3	17.6	31.9	13.2	23.1	11	20.9	29.7	22	13.2	30.8	25.3	13.2	25.3	17.6	11	14.3	30.8	22	18.7	14.3	18.7	15.4	16.5	11	11	20.9	29.7	11	24.2	31.9	31.9	29.7	15.4	18.7	14.3	23.1	25.3	31.9	20.9	14.3	33	33	18.7	33	25.3	14.3	25.3	12.1	29.7	17.6	16.5	30.8	29.7	17.6	33	14.3	16.5	17.6	27.5	19.8	17.6	16.5	33	27.5	28.6	16.5	15.4	29.7	15.4	33	17.6	14.3	12.1	20.9	14.3	17.6	11	30.8	22	24.2	15.4	14.3	26.4	18.7	14.3	33	12.1	33	24.2	23.1	31.9	15.4	30.8	29.7	19.8	13.2	18.7	30.8	27.5	24.2	18.7	30.8	33	24.2	22	23.1	15.4	30.8	22	13.2	27.5	17.6	27.5	27.5	24.2	17.6	23.1	28.6	14.3	33	
27.5	31.9	13.2	20.9	16.5	12.1	24.2	18.7	20.9	16.5	17.6	29.7	24.2	28.6	14.3	27.5	23.1	13.2	15.4	26.4	25.3	15.4	27.5	30.8	18.7	31.9	25.3	13.2	31.9	23.1	26.4	27.5	20.9	13.2	27.5	16.5	23.1	16.5	33	31.9	22	27.5	22	24.2	20.9	16.5	29.7	33	23.1	23.1	11	17.6	23.1	14.3	12.1	18.7	25.3	26.4	18.7	13.2	31.9	30.8	14.3	20.9	14.3	25.3	23.1	13.2	27.5	30.8	19.8	20.9	23.1	11	30.8	23.1	16.5	27.5	27.5	27.5	14.3	13.2	17.6	25.3	14.3	26.4	20.9	25.3	20.9	28.6	19.8	27.5	13.2	11	33	28.6	27.5	25.3	33	22	28.6	16.5	18.7	11	33	14.3	16.5	24.2	19.8	22	22	33	15.4	24.2	31.9	22	12.1	29.7	28.6	12.1	29.7	24.2	11	17.6	11	17.6	20.9	11	20.9	27.5	17.6	18.7	25.3	22	31.9	16.5	23.1	27.5	26.4	23.1	31.9	19.8	14.3	29.7	16.5	31.9	16.5	28.6	20.9	26.4	24.2	24.2	25.3	30.8	12.1	17.6	22	24.2	19.8	11	33	22	26.4	28.6	22	29.7	13.2	13.2	33	24.2	14.3	13.2	14.3	29.7	33	11	31.9	14.3	24.2	17.6	25.3	23.1	29.7	18.7	14.3	24.2	15.4	24.2	23.1	12.1	23.1	20.9	17.6	31.9	22	29.7	22	15.4	33	24.2	
22	20.9	19.8	14.3	11	33	29.7	27.5	29.7	13.2	30.8	29.7	22	17.6	18.7	18.7	25.3	16.5	31.9	31.9	
10	10	15	16	18	10	13	17	11	15	14	10	10	10	15	15	16	18	19	15	17	20	10	15	19	19	18	11	20	11	19	11	16	10	18	15	17	13	10	15	10	14	17	10	16	17	19	11	13	14	18	18	11	19	18	18	14	17	19	13	19	14	16	16	11	14	17	13	20	19	18	12	19	15	16	11	11	15	20	18	17	11	18	15	15	16	13	17	18	13	20	18	17	17	17	12	16	20	20	13	19	12	16	11	17	15	10	13	20	18	18	10	10	10	20	15	18	20	19	15	13	12	19	13	19	13	17	14	15	16	13	13	11	15	13	18	14	19	16	17	13	12	17	16	10	13	18	12	17	13	19	18	18	17	15	10	11	13	18	16	13	15	17	12	13	12	12	20	16	20	14	10	12	15	10	16	20	18	20	18	20	10	20	18	11	11	18	14	13	10	13	14	15	15	16	14	12	15	18	17	
1	1	1	1	1	1	1	1	1	2	2	2	2	2	2	2	2	2	2	2	2	2	2	2	2	3	3	3	4	4	4	4	4	4	4	5	5	5	5	5	5	5	5	5	5	5	6	6	6	6	6	6	6	7	7	7	7	7	7	7	7	7	7	7	7	7	7	8	8	8	8	8	8	9	9	9	9	9	9	9	9	9	10	10	10	10	10	10	10	10	11	11	11	11	11	11	11	11	11	11	11	12	12	12	12	12	12	12	12	12	12	12	12	13	13	13	13	13	13	13	14	14	14	14	14	14	14	14	14	15	15	15	15	15	15	15	15	15	15	15	16	16	16	16	16	16	16	16	16	16	16	16	16	17	17	17	17	17	17	17	17	17	17	17	17	18	18	18	18	18	18	18	18	18	18	18	18	18	19	19	19	19	19	19	19	19	19	19	20	20	20	20	20	20	20	20	20	20	20	20	
