200
20	4
165	16.5
27	30	30	29	27	26	31	27	30	31	30	29	31	30	28	30	26	31	30	28	30	30	29	27	29	31	29	26	27	31	29	31	31	30	27	26	26	26	30	29	26	29	28	26	29	28	27	27	30	29	30	29	29	30	31	31	29	29	28	28	27	31	29	27	29	26	28	28	28	29	29	26	26	27	30	26	26	28	29	30	26	27	29	27	28	28	27	30	28	31	31	28	28	31	31	29	30	29	27	28	30	27	26	26	28	28	31	27	28	30	26	29	30	27	26	29	29	31	31	29	29	28	27	30	28	28	28	26	27	26	26	28	31	28	27	28	29	31	29	27	30	28	28	27	29	27	31	27	29	26	28	30	31	30	26	29	27	28	31	31	30	30	29	31	30	26	31	29	27	31	30	28	29	26	30	30	27	30	27	31	28	27	26	27	29	29	27	28	26	30	27	26	26	26	28	27	27	26	26	31	
81	82	86	80	85	84	88	77	90	78	87	79	83	88	87	83	89	92	82	81	76	82	92	77	84	76	76	86	78	91	81	92	77	80	92	77	94	83	94	80	91	80	78	80	78	78	82	89	89	90	94	84	77	90	87	82	80	81	77	94	87	94	93	81	84	85	92	78	78	91	84	91	82	80	93	89	93	77	78	90	91	76	85	89	92	82	91	94	86	93	88	91	77	82	91	91	76	94	86	93	89	82	90	78	82	91	85	83	79	80	76	82	88	86	84	85	90	79	90	82	89	80	88	82	85	84	76	88	86	91	94	91	84	85	79	90	76	86	82	93	85	86	84	89	81	82	81	92	81	93	78	88	86	92	80	76	88	76	81	87	79	81	77	84	92	83	81	77	84	77	83	89	79	83	83	80	88	86	87	81	76	91	92	77	86	88	94	86	94	82	80	86	82	88	87	92	80	86	92	80	
24.2	29.7	25.3	26.4	22	13.2	30.8	33	20.9	28.6	24.2	20.9	20.9	20.9	12.1	26.4	26.4	26.4	33	13.2	24.2	13.2	17.6	19.8	15.4	29.7	22	11	16.5	25.3	20.9	18.7	29.7	24.2	16.5	29.7	23.1	29.7	23.1	24.2	26.4	23.1	19.8	26.4	13.2	17.6	29.7	12.1	19.8	16.5	29.7	26.4	33	33	17.6	24.2	16.5	28.6	26.4	18.7	33	24.2	17.6	12.1	22	11	15.4	20.9	24.2	19.8	15.4	31.9	14.3	12.1	13.2	14.3	25.3	17.6	33	25.3	26.4	29.7	20.9	17.6	12.1	12.1	18.7	27.5	31.9	30.8	15.4	30.8	20.9	29.7	30.8	29.7	23.1	11	15.4	18.7	23.1	19.8	15.4	30.8	16.5	18.7	13.2	24.2	13.2	19.8	12.1	33	26.4	26.4	30.8	15.4	17.6	31.9	19.8	28.6	20.9	26.4	16.5	23.1	33	16.5	16.5	12.1	22	30.8	18.7	19.8	15.4	23.1	25.3	18.7	25.3	30.8	26.4	27.5	20.9	25.3	26.4	26.4	27.5	27.5	26.4	11	26.4	30.8	26.4	31.9	13.2	22	31.9	30.8	15.4	33	26.4	18.7	29.7	30.8	25.3	23.1	29.7	25.3	14.3	25.3	30.8	26.4	14.3	28.6	27.5	31.9	31.9	24.2	16.5	19.8	17.6	15.4	31.9	20.9	20.9	23.1	24.2	27.5	14.3	24.2	20.9	22	23.1	30.8	17.6	14.3	15.4	14.3	25.3	28.6	11	25.3	
17.6	22	16.5	27.5	28.6	24.2	26.4	19.8	16.5	25.3	26.4	25.3	17.6	15.4	15.4	23.1	30.8	30.8	25.3	15.4	20.9	19.8	28.6	14.3	25.3	16.5	30.8	26.4	31.9	15.4	24.2	12.1	16.5	33	26.4	23.1	29.7	31.9	16.5	30.8	12.1	30.8	14.3	26.4	15.4	20.9	26.4	14.3	31.9	27.5	12.1	19.8	31.9	14.3	13.2	31.9	19.8	14.3	16.5	22	22	12.1	17.6	15.4	24.2	15.4	15.4	26.4	22	23.1	26.4	25.3	11	33	33	26.4	13.2	23.1	28.6	15.4	25.3	30.8	18.7	18.7	28.6	15.4	19.8	22	19.8	11	19.8	30.8	22	16.5	15.4	31.9	20.9	19.8	30.8	28.6	17.6	26.4	13.2	11	24.2	27.5	20.9	11	17.6	25.3	23.1	31.9	20.9	15.4	17.6	31.9	17.6	30.8	30.8	19.8	33	30.8	30.8	19.8	20.9	12.1	27.5	27.5	22	22	26.4	14.3	13.2	22	18.7	14.3	28.6	14.3	11	13.2	33	18.7	12.1	31.9	15.4	18.7	30.8	28.6	20.9	31.9	26.4	12.1	14.3	14.3	27.5	26.4	31.9	13.2	22	23.1	18.7	29.7	18.7	27.5	15.4	12.1	27.5	28.6	14.3	22	23.1	11	28.6	31.9	28.6	20.9	19.8	22	13.2	17.6	31.9	11	20.9	25.3	20.9	11	28.6	22	26.4	14.3	19.8	31.9	31.9	14.3	22	14.3	19.8	28.6	17.6	31.9	
13.2	13.2	31.9	29.7	19.8	14.3	17.6	29.7	17.6	22	28.6	29.7	29.7	16.5	33	22	15.4	19.8	28.6	11	
11	18	19	18	12	16	19	19	18	14	10	20	18	11	15	11	16	10	17	16	11	18	11	11	16	19	16	16	20	12	13	10	17	13	19	12	16	10	10	16	20	16	16	16	14	11	16	17	17	10	16	11	13	17	15	16	20	17	10	18	11	20	17	10	17	12	11	18	12	13	14	13	13	13	14	10	11	12	11	16	14	20	13	17	12	15	10	20	19	19	19	12	15	16	12	14	20	12	19	10	12	16	16	15	17	14	11	16	17	11	17	20	16	19	19	11	19	13	20	19	14	12	14	12	12	12	14	15	20	16	17	16	20	20	14	10	17	15	15	18	13	20	16	20	16	17	10	14	20	11	17	17	14	18	19	10	20	18	14	19	17	10	20	13	16	19	17	10	13	19	18	10	20	14	14	11	10	15	10	13	13	19	11	16	19	18	20	12	13	13	16	10	16	12	20	18	15	16	17	16	
1	1	1	1	1	1	1	1	1	1	2	2	2	2	2	2	2	2	2	3	3	3	3	3	3	3	3	4	4	4	4	4	4	4	4	4	4	4	4	4	4	5	5	5	5	5	5	5	5	5	5	6	6	6	6	6	6	6	6	6	6	7	7	7	7	7	7	7	7	7	7	7	8	8	8	8	8	8	8	8	8	8	9	9	9	9	9	9	9	9	9	9	9	9	10	10	10	10	10	10	10	10	10	10	10	10	10	11	11	11	11	11	11	11	11	11	12	12	12	12	12	12	12	13	13	13	13	13	13	14	14	14	14	14	14	14	14	14	14	14	14	14	14	15	15	15	15	15	15	15	15	15	16	16	16	16	16	16	16	16	16	16	17	17	17	17	17	17	17	18	18	18	18	18	18	18	18	18	19	19	19	19	19	19	19	19	19	19	19	19	19	20	20	20	20	20	20	20	20	20	
