300
20	4
225	18.7
28	29	27	27	30	31	28	29	27	26	27	30	31	28	30	27	28	28	28	28	30	28	31	29	30	30	26	26	29	29	30	29	30	26	26	27	28	26	29	29	26	27	29	30	27	30	26	26	28	30	26	29	28	28	30	26	31	27	27	28	30	30	31	31	29	26	30	27	30	31	27	31	30	29	29	28	30	28	31	29	27	29	26	29	26	26	29	31	27	30	26	27	29	26	31	29	31	31	30	30	29	31	26	31	31	27	31	27	26	28	28	26	28	26	29	28	28	27	31	29	27	26	31	28	29	30	26	29	29	28	27	31	29	26	31	30	31	29	26	29	28	29	31	31	29	31	29	26	31	29	26	28	28	28	26	27	27	27	31	31	28	28	26	27	26	29	26	27	28	26	26	30	26	30	27	28	29	27	27	31	31	28	27	28	27	29	31	31	26	29	29	30	31	30	26	28	28	29	27	30	28	31	30	27	26	29	26	30	31	27	28	29	26	29	31	27	31	27	29	30	27	29	31	28	27	27	29	28	26	30	30	26	30	27	28	29	27	28	26	29	27	30	29	28	31	30	27	28	31	29	29	29	27	26	30	29	26	28	31	26	31	28	26	30	28	29	29	27	26	26	27	30	28	27	31	30	27	28	28	30	26	28	28	29	28	28	28	28	26	28	29	30	27	31	30	31	31	27	28	26	
84	93	79	80	91	77	82	78	90	76	85	94	82	78	78	79	88	90	80	92	93	83	86	93	93	81	83	81	83	88	80	86	91	80	87	78	81	80	87	81	87	84	90	80	89	76	91	93	93	82	80	83	76	84	94	85	89	92	79	77	94	81	87	94	81	78	77	81	83	78	85	82	86	84	80	76	90	92	76	86	89	76	86	89	83	77	88	83	84	89	81	91	92	83	84	93	76	83	83	89	90	88	89	81	89	93	92	94	81	77	87	78	84	93	90	86	82	77	83	91	80	93	77	87	80	80	93	88	86	84	86	94	77	94	87	76	88	88	89	76	80	79	84	77	94	81	81	90	86	82	77	88	89	90	80	84	85	91	89	81	94	77	84	93	83	84	86	78	90	94	88	82	88	78	80	94	87	84	86	84	84	87	93	77	91	90	77	94	78	87	94	84	77	89	84	79	83	93	78	77	92	79	91	86	84	88	80	85	77	86	77	93	76	88	83	77	83	93	87	85	91	76	81	89	78	85	84	85	84	77	85	78	91	93	84	86	77	82	83	77	94	92	88	78	89	86	93	81	87	90	77	93	86	76	94	92	93	85	78	88	84	79	88	90	87	77	86	94	83	92	76	83	77	84	92	86	82	79	85	94	83	90	78	86	92	92	76	87	79	77	80	89	89	94	78	82	79	82	93	91	
13.2	30.8	31.9	16.5	16.5	30.8	13.2	13.2	29.7	30.8	12.1	15.4	27.5	25.3	11	16.5	26.4	14.3	15.4	11	26.4	26.4	25.3	13.2	28.6	13.2	30.8	17.6	18.7	23.1	18.7	20.9	26.4	23.1	24.2	11	11	23.1	28.6	16.5	28.6	19.8	30.8	28.6	30.8	18.7	25.3	24.2	18.7	33	14.3	13.2	13.2	14.3	22	26.4	26.4	31.9	26.4	20.9	33	17.6	31.9	18.7	16.5	31.9	22	33	18.7	29.7	30.8	25.3	18.7	14.3	15.4	33	33	22	26.4	26.4	28.6	28.6	12.1	24.2	12.1	14.3	24.2	23.1	23.1	33	19.8	28.6	20.9	15.4	28.6	18.7	31.9	11	23.1	18.7	20.9	18.7	16.5	13.2	17.6	11	13.2	24.2	24.2	15.4	22	30.8	16.5	13.2	28.6	20.9	12.1	12.1	25.3	25.3	23.1	19.8	15.4	16.5	31.9	30.8	17.6	17.6	19.8	23.1	19.8	29.7	23.1	31.9	19.8	15.4	15.4	17.6	25.3	22	20.9	22	30.8	15.4	20.9	15.4	19.8	28.6	31.9	14.3	19.8	28.6	25.3	20.9	13.2	25.3	15.4	24.2	30.8	28.6	28.6	24.2	18.7	33	12.1	33	20.9	12.1	11	16.5	19.8	29.7	16.5	23.1	24.2	20.9	28.6	15.4	23.1	15.4	20.9	11	12.1	26.4	13.2	15.4	30.8	17.6	20.9	31.9	15.4	14.3	17.6	30.8	17.6	27.5	20.9	22	28.6	24.2	16.5	30.8	12.1	27.5	19.8	27.5	27.5	27.5	30.8	25.3	14.3	15.4	12.1	29.7	26.4	16.5	20.9	18.7	15.4	22	17.6	20.9	12.1	23.1	27.5	19.8	24.2	27.5	33	24.2	18.7	13.2	24.2	23.1	23.1	24.2	23.1	14.3	19.8	27.5	12.1	11	17.6	23.1	17.6	30.8	30.8	26.4	26.4	29.7	11	22	11	22	25.3	25.3	14.3	23.1	27.5	26.4	12.1	23.1	15.4	33	19.8	19.8	12.1	16.5	33	17.6	18.7	27.5	11	26.4	27.5	20.9	17.6	19.8	23.1	22	25.3	11	30.8	13.2	15.4	31.9	18.7	33	23.1	22	16.5	19.8	22	25.3	31.9	14.3	12.1	27.5	18.7	25.3	
25.3	14.3	29.7	26.4	18.7	25.3	22	13.2	11	27.5	29.7	33	15.4	27.5	14.3	23.1	30.8	29.7	30.8	24.2	11	33	11	23.1	30.8	13.2	30.8	17.6	33	17.6	29.7	24.2	28.6	16.5	31.9	17.6	23.1	13.2	14.3	19.8	33	22	28.6	19.8	30.8	19.8	19.8	28.6	19.8	17.6	28.6	12.1	25.3	24.2	26.4	12.1	33	12.1	16.5	20.9	28.6	18.7	28.6	23.1	30.8	28.6	23.1	13.2	30.8	13.2	14.3	16.5	13.2	25.3	26.4	11	20.9	28.6	29.7	20.9	29.7	22	25.3	15.4	27.5	11	15.4	33	25.3	27.5	13.2	33	13.2	26.4	31.9	24.2	23.1	18.7	12.1	28.6	22	17.6	15.4	24.2	19.8	25.3	33	22	17.6	33	29.7	26.4	33	26.4	20.9	12.1	16.5	29.7	24.2	22	11	13.2	24.2	30.8	30.8	26.4	24.2	15.4	26.4	29.7	30.8	17.6	13.2	31.9	26.4	13.2	25.3	18.7	33	29.7	31.9	27.5	33	22	29.7	19.8	25.3	30.8	14.3	15.4	15.4	23.1	31.9	22	19.8	18.7	24.2	27.5	30.8	23.1	24.2	23.1	23.1	15.4	27.5	18.7	29.7	27.5	30.8	27.5	19.8	26.4	12.1	33	12.1	28.6	14.3	26.4	19.8	22	23.1	15.4	33	29.7	19.8	16.5	19.8	29.7	25.3	11	25.3	30.8	11	33	28.6	20.9	22	25.3	14.3	25.3	26.4	16.5	14.3	17.6	30.8	15.4	19.8	25.3	14.3	29.7	28.6	28.6	20.9	16.5	16.5	13.2	26.4	30.8	23.1	11	14.3	13.2	16.5	26.4	19.8	13.2	26.4	31.9	26.4	28.6	26.4	22	27.5	30.8	25.3	18.7	17.6	19.8	29.7	18.7	31.9	18.7	29.7	19.8	16.5	27.5	22	14.3	11	31.9	18.7	33	18.7	18.7	31.9	30.8	22	17.6	20.9	23.1	26.4	31.9	11	31.9	24.2	31.9	11	30.8	11	12.1	20.9	30.8	26.4	22	11	22	20.9	23.1	24.2	25.3	12.1	16.5	25.3	13.2	17.6	27.5	31.9	22	33	14.3	28.6	12.1	13.2	12.1	23.1	18.7	18.7	26.4	11	24.2	
16.5	27.5	14.3	31.9	33	11	13.2	18.7	30.8	27.5	20.9	12.1	29.7	31.9	31.9	26.4	23.1	26.4	12.1	27.5	
14	10	20	15	11	12	15	20	15	18	15	13	19	20	12	12	17	13	11	15	16	12	19	11	15	18	13	15	16	11	12	18	18	14	10	15	18	12	12	14	14	11	20	11	18	19	12	15	15	19	14	15	20	20	20	14	12	12	14	20	13	16	15	16	19	11	16	17	11	20	17	18	15	14	16	10	10	14	13	11	20	16	17	19	18	12	12	20	18	18	15	19	10	13	18	14	13	13	15	15	17	13	15	18	14	16	13	17	12	17	13	18	18	15	15	17	14	11	19	11	17	12	16	15	11	16	10	11	14	16	12	12	14	19	13	17	16	18	13	19	20	11	20	16	18	18	20	17	14	15	10	10	12	15	12	16	12	11	18	15	17	10	14	16	15	13	10	13	17	15	17	14	12	19	10	17	19	16	17	13	14	13	13	12	19	13	14	11	12	18	20	10	20	12	18	12	19	13	12	17	15	19	16	13	12	10	14	17	16	13	12	10	11	19	15	13	15	12	14	10	16	16	13	13	11	16	13	18	19	15	16	15	19	12	17	16	16	18	12	13	14	19	12	12	20	11	19	10	12	14	11	10	17	20	19	14	16	14	12	17	17	10	14	13	18	16	11	15	12	11	18	19	13	20	13	15	17	10	16	17	15	10	11	14	15	12	17	16	11	17	15	17	18	11	15	12	14	12	15	12	
1	1	1	1	1	1	1	1	1	1	1	1	1	1	1	1	1	2	2	2	2	2	2	2	2	2	2	2	2	2	2	2	2	2	2	3	3	3	3	3	3	3	3	4	4	4	4	4	4	4	4	4	4	4	4	4	5	5	5	5	5	5	5	5	5	5	5	5	5	5	5	5	5	5	6	6	6	6	6	6	6	6	6	6	6	7	7	7	7	7	7	7	7	7	7	7	7	7	8	8	8	8	8	8	8	8	8	8	8	8	8	8	8	8	8	8	8	8	8	8	8	9	9	9	9	9	9	9	9	9	9	9	9	9	9	9	9	9	9	9	10	10	10	10	10	10	10	10	10	10	10	10	10	10	10	10	10	10	10	11	11	11	11	11	11	11	11	11	11	11	11	11	12	12	12	12	12	12	12	12	12	12	12	12	12	12	12	13	13	13	13	13	13	13	13	13	13	13	13	13	13	13	13	13	13	14	14	14	14	14	14	14	14	14	14	14	14	14	14	15	15	15	15	15	15	15	15	15	16	16	16	16	16	16	16	16	16	16	16	16	16	16	16	17	17	17	17	17	17	17	17	17	17	17	17	17	17	18	18	18	18	18	18	18	18	18	18	18	18	18	19	19	19	19	19	19	19	19	19	19	19	19	20	20	20	20	20	20	20	20	20	20	20	20	20	20	20	20	20	20	
