100
10	3
148	14.3
31	29	30	28	26	30	30	31	29	29	31	29	29	28	27	28	30	31	28	27	31	28	28	28	31	26	31	29	26	28	30	29	26	28	28	27	27	30	26	31	28	27	27	26	30	29	28	28	26	28	30	27	31	29	30	29	27	30	30	30	29	27	29	31	27	28	27	31	29	26	27	27	26	30	26	26	30	30	30	29	30	31	30	27	26	26	26	27	28	28	31	28	31	29	30	29	26	29	27	31	
84	90	85	79	92	89	82	81	76	86	93	82	77	85	93	81	90	77	90	85	84	90	77	86	87	83	82	80	78	91	82	84	86	84	91	83	85	77	86	89	90	77	85	87	83	77	80	91	84	77	84	90	92	93	90	81	82	85	85	90	94	82	90	94	82	87	85	80	92	87	85	86	89	86	93	90	94	89	87	87	90	76	89	78	82	81	83	90	87	93	92	76	81	90	91	82	91	79	80	79	
14.3	13.2	33	22	24.2	18.7	31.9	30.8	23.1	20.9	17.6	15.4	26.4	19.8	31.9	29.7	12.1	14.3	20.9	20.9	30.8	11	31.9	29.7	24.2	22	23.1	27.5	28.6	13.2	17.6	24.2	17.6	12.1	18.7	29.7	27.5	18.7	13.2	17.6	14.3	31.9	31.9	30.8	23.1	27.5	13.2	33	24.2	25.3	11	11	25.3	13.2	29.7	12.1	25.3	19.8	15.4	23.1	16.5	19.8	22	12.1	14.3	13.2	25.3	30.8	18.7	33	19.8	25.3	14.3	14.3	30.8	31.9	13.2	24.2	18.7	30.8	33	19.8	11	19.8	30.8	24.2	29.7	14.3	31.9	12.1	12.1	14.3	31.9	19.8	23.1	14.3	29.7	29.7	11	15.4	
27.5	23.1	18.7	16.5	30.8	30.8	20.9	30.8	30.8	28.6	15.4	26.4	24.2	28.6	16.5	14.3	16.5	14.3	19.8	31.9	26.4	31.9	18.7	25.3	33	24.2	22	29.7	13.2	11	13.2	19.8	12.1	27.5	11	33	15.4	33	27.5	28.6	24.2	25.3	15.4	20.9	11	30.8	19.8	11	27.5	12.1	12.1	19.8	14.3	11	29.7	20.9	24.2	12.1	15.4	19.8	20.9	25.3	31.9	29.7	18.7	23.1	18.7	11	22	20.9	22	27.5	28.6	28.6	30.8	17.6	16.5	33	12.1	26.4	22	25.3	24.2	30.8	31.9	33	22	14.3	11	31.9	33	19.8	33	13.2	28.6	22	23.1	14.3	25.3	12.1	
25.3	26.4	18.7	29.7	17.6	18.7	27.5	12.1	16.5	15.4	
17	10	20	14	10	16	20	11	15	16	19	17	11	19	16	17	15	14	18	14	13	18	17	14	15	17	12	12	10	20	16	14	16	18	11	10	16	11	15	15	10	13	12	13	10	13	18	14	19	17	13	18	13	20	12	20	11	18	11	18	17	17	13	13	16	14	10	12	12	10	12	16	16	18	20	10	17	19	11	12	20	13	15	12	11	12	20	19	10	12	11	20	10	10	11	12	15	18	15	16	
1	1	1	1	1	1	1	1	1	1	1	1	2	2	2	2	2	2	2	2	3	3	3	3	3	3	3	3	4	4	4	4	4	4	4	5	5	5	5	5	5	5	5	5	5	5	5	6	6	6	6	6	6	6	6	7	7	7	7	7	7	7	7	7	7	8	8	8	8	8	8	8	8	8	8	8	8	8	8	9	9	9	9	9	9	9	9	9	9	9	10	10	10	10	10	10	10	10	10	10	
