100
20	4
81	19.8
28	29	30	28	27	30	28	29	31	30	26	27	30	29	31	31	29	30	27	31	31	27	30	30	29	26	28	27	28	31	30	26	26	27	31	30	27	27	29	27	29	28	31	28	31	28	29	28	26	26	28	26	27	26	27	28	28	28	29	30	26	28	29	31	31	28	30	31	31	29	28	28	29	28	31	30	26	31	28	31	26	26	30	27	26	30	26	29	28	29	26	27	28	31	27	31	28	29	27	29	
82	93	79	79	76	94	86	80	80	87	78	84	77	87	78	81	79	77	78	83	85	77	92	89	93	92	79	94	80	78	86	86	91	76	84	94	89	77	86	82	84	90	88	87	82	80	83	91	92	82	81	88	81	88	90	92	87	87	94	81	92	93	83	79	91	86	83	90	88	80	83	82	84	79	76	76	84	83	85	90	90	76	85	85	90	79	84	84	80	87	84	87	79	92	83	76	94	87	90	82	
12.1	12.1	29.7	15.4	14.3	22	12.1	29.7	31.9	27.5	33	33	22	18.7	14.3	20.9	11	31.9	20.9	20.9	18.7	17.6	16.5	31.9	20.9	13.2	12.1	15.4	19.8	13.2	31.9	33	11	28.6	11	30.8	27.5	19.8	16.5	23.1	33	28.6	29.7	18.7	25.3	16.5	33	24.2	23.1	28.6	11	23.1	25.3	15.4	28.6	17.6	27.5	24.2	27.5	29.7	15.4	17.6	19.8	18.7	20.9	13.2	12.1	20.9	12.1	27.5	28.6	23.1	13.2	20.9	31.9	25.3	30.8	11	15.4	24.2	15.4	23.1	23.1	26.4	13.2	18.7	27.5	12.1	18.7	16.5	14.3	22	14.3	15.4	16.5	13.2	17.6	28.6	20.9	23.1	
25.3	19.8	13.2	26.4	11	16.5	17.6	31.9	26.4	18.7	31.9	14.3	17.6	22	23.1	30.8	16.5	12.1	24.2	30.8	24.2	12.1	20.9	11	11	33	11	14.3	14.3	31.9	13.2	14.3	13.2	28.6	22	27.5	14.3	26.4	22	18.7	27.5	27.5	24.2	25.3	14.3	22	22	14.3	20.9	30.8	19.8	14.3	28.6	23.1	17.6	25.3	18.7	15.4	16.5	29.7	23.1	14.3	30.8	30.8	13.2	17.6	14.3	26.4	33	14.3	13.2	27.5	31.9	29.7	23.1	28.6	31.9	14.3	25.3	30.8	15.4	28.6	28.6	15.4	25.3	20.9	24.2	12.1	31.9	30.8	11	31.9	16.5	23.1	28.6	19.8	18.7	27.5	16.5	18.7	
23.1	31.9	15.4	12.1	23.1	20.9	31.9	23.1	29.7	24.2	33	33	33	17.6	29.7	30.8	16.5	16.5	11	26.4	
12	11	14	10	11	15	19	13	17	12	15	14	18	13	14	11	11	11	16	17	19	15	19	12	20	19	13	14	14	18	11	10	10	13	20	18	14	17	20	14	15	10	10	19	16	20	16	18	15	12	19	17	16	12	10	14	12	19	11	20	10	13	12	13	12	20	13	10	15	15	10	13	15	17	15	19	13	17	15	13	18	20	16	12	16	15	19	10	11	14	12	14	20	11	13	10	13	10	12	12	
1	1	1	1	2	3	3	3	3	3	3	3	3	4	4	4	4	4	4	4	5	5	5	6	6	6	6	6	6	6	6	6	6	6	7	7	7	7	8	8	8	8	9	9	9	9	10	11	11	11	11	11	11	11	11	11	12	12	12	12	12	13	13	13	13	13	14	15	15	15	15	15	16	16	16	16	16	16	17	17	17	17	17	17	18	18	18	18	18	19	19	19	19	19	19	19	19	20	20	20	
