200
30	3
106	18.7
31	29	29	31	30	31	30	27	27	27	31	27	30	29	27	26	28	29	26	30	27	29	28	29	29	27	31	29	30	27	28	27	31	26	27	31	29	27	26	28	31	26	27	26	26	26	26	26	31	27	26	29	28	29	26	30	27	31	31	27	31	28	30	31	30	29	27	28	28	31	27	27	27	29	28	26	28	27	27	29	31	29	27	31	27	29	27	30	30	29	30	27	31	29	30	28	26	29	27	29	28	30	29	26	26	31	26	27	31	28	26	28	27	30	28	31	31	29	26	31	26	31	29	29	28	29	27	30	29	28	27	31	27	29	29	29	30	30	28	28	29	28	29	29	26	30	27	30	30	27	26	30	31	26	26	31	31	27	28	28	29	27	29	28	26	28	31	29	28	29	28	26	27	30	31	26	26	30	30	31	30	31	28	28	28	29	27	31	31	31	29	27	28	28	28	26	27	30	30	26	
93	76	78	77	86	78	83	76	85	87	84	88	86	94	77	94	77	82	80	77	78	90	77	77	87	87	82	82	88	84	92	77	92	83	88	86	82	76	81	80	83	94	94	76	90	82	77	87	93	90	82	86	92	84	80	76	94	89	85	90	77	94	80	90	77	88	84	87	81	81	91	80	86	88	80	90	85	85	86	77	92	82	80	89	80	77	78	92	84	77	78	78	80	78	91	93	81	85	78	82	77	83	81	78	81	94	79	83	90	87	81	87	80	90	82	83	92	90	79	94	81	85	81	89	82	77	87	89	81	86	86	90	94	92	84	80	88	89	93	83	81	86	93	77	81	91	90	85	81	84	89	93	92	80	76	76	87	93	76	77	89	83	78	90	88	80	80	88	88	86	94	90	88	84	89	78	78	81	87	93	84	81	83	87	94	81	91	83	93	86	87	94	91	76	88	85	79	91	86	88	
11	30.8	20.9	25.3	23.1	16.5	33	12.1	24.2	24.2	18.7	23.1	17.6	26.4	13.2	17.6	23.1	28.6	27.5	24.2	23.1	23.1	15.4	31.9	13.2	14.3	29.7	23.1	26.4	18.7	19.8	28.6	23.1	19.8	29.7	11	26.4	16.5	31.9	28.6	20.9	23.1	25.3	17.6	13.2	31.9	16.5	20.9	13.2	24.2	22	24.2	15.4	23.1	27.5	24.2	19.8	24.2	24.2	26.4	19.8	33	11	29.7	25.3	28.6	19.8	24.2	25.3	14.3	18.7	13.2	19.8	14.3	30.8	20.9	23.1	17.6	27.5	18.7	25.3	24.2	31.9	26.4	20.9	25.3	12.1	27.5	13.2	16.5	27.5	29.7	27.5	23.1	15.4	12.1	26.4	27.5	31.9	12.1	24.2	12.1	24.2	26.4	26.4	31.9	18.7	17.6	23.1	20.9	22	28.6	13.2	15.4	15.4	12.1	11	16.5	17.6	13.2	30.8	19.8	18.7	14.3	11	12.1	24.2	26.4	11	11	31.9	23.1	27.5	31.9	12.1	25.3	29.7	31.9	22	19.8	30.8	27.5	11	19.8	19.8	15.4	12.1	19.8	30.8	26.4	27.5	12.1	29.7	25.3	15.4	14.3	14.3	18.7	25.3	25.3	13.2	24.2	29.7	22	30.8	23.1	22	20.9	22	14.3	29.7	27.5	13.2	28.6	14.3	11	24.2	31.9	13.2	26.4	19.8	12.1	13.2	17.6	22	11	15.4	22	30.8	15.4	30.8	19.8	17.6	33	30.8	20.9	11	12.1	18.7	28.6	
24.2	33	18.7	15.4	12.1	33	25.3	16.5	25.3	15.4	33	33	22	15.4	18.7	11	33	27.5	12.1	18.7	15.4	12.1	31.9	25.3	28.6	20.9	15.4	31.9	27.5	19.8	31.9	24.2	18.7	20.9	28.6	12.1	18.7	28.6	17.6	22	15.4	16.5	27.5	29.7	13.2	20.9	26.4	14.3	31.9	27.5	11	13.2	24.2	18.7	12.1	23.1	28.6	24.2	24.2	20.9	15.4	11	31.9	20.9	17.6	11	17.6	30.8	31.9	13.2	18.7	31.9	26.4	14.3	17.6	31.9	11	22	26.4	24.2	24.2	33	11	31.9	28.6	24.2	17.6	22	20.9	29.7	17.6	25.3	22	22	18.7	16.5	11	29.7	14.3	13.2	29.7	19.8	20.9	30.8	16.5	30.8	18.7	15.4	23.1	12.1	19.8	19.8	33	11	15.4	28.6	33	24.2	26.4	17.6	15.4	30.8	30.8	13.2	25.3	22	24.2	15.4	18.7	29.7	23.1	18.7	30.8	29.7	12.1	12.1	28.6	17.6	22	12.1	28.6	22	19.8	22	31.9	14.3	22	26.4	13.2	14.3	17.6	25.3	19.8	11	24.2	26.4	12.1	12.1	31.9	12.1	16.5	20.9	29.7	14.3	12.1	29.7	16.5	15.4	29.7	15.4	22	31.9	19.8	23.1	14.3	27.5	26.4	31.9	14.3	11	14.3	18.7	11	15.4	19.8	13.2	18.7	30.8	13.2	28.6	28.6	23.1	26.4	23.1	23.1	31.9	26.4	23.1	19.8	31.9	
17.6	17.6	22	20.9	17.6	20.9	20.9	24.2	17.6	13.2	28.6	23.1	12.1	25.3	15.4	12.1	28.6	18.7	12.1	12.1	30.8	26.4	14.3	33	33	23.1	22	24.2	30.8	20.9	
12	18	15	19	20	16	15	11	16	12	20	11	10	15	12	10	20	18	16	20	15	11	10	13	13	12	14	16	16	19	15	17	15	20	14	18	14	18	15	12	14	13	14	16	18	10	19	12	14	13	14	13	17	10	14	16	13	12	16	11	10	12	13	13	19	14	18	20	20	16	16	12	11	16	16	20	11	13	11	11	16	15	20	14	11	12	15	13	13	12	17	10	10	19	14	11	19	17	11	19	20	14	20	16	11	16	12	10	17	19	12	14	20	16	12	13	17	19	10	11	15	10	12	12	12	14	15	18	18	11	12	19	12	17	19	18	12	14	16	15	19	18	14	14	10	12	13	16	15	12	18	11	18	19	10	11	11	19	16	12	17	14	17	13	19	10	20	19	12	17	11	17	19	19	11	16	18	12	12	13	10	14	20	11	15	20	13	11	14	14	20	20	16	12	19	13	12	11	11	20	
1	1	1	1	1	1	2	2	2	2	2	2	2	2	2	3	3	3	3	3	4	4	4	4	4	5	5	5	5	6	6	6	6	6	6	6	6	6	6	7	7	7	8	8	8	8	8	8	8	8	9	9	9	9	9	9	9	9	9	9	9	10	10	10	10	10	10	10	11	11	11	11	11	11	11	12	12	12	12	12	12	12	13	13	13	13	13	13	14	14	14	14	14	14	14	15	15	15	15	15	15	15	15	16	16	16	16	16	16	16	17	17	17	17	17	17	17	18	18	18	18	19	19	19	20	20	20	20	20	20	20	20	21	21	21	21	21	21	21	21	22	22	22	22	22	22	22	22	22	23	23	23	23	23	23	23	24	24	24	24	24	24	24	24	24	24	24	24	24	25	25	25	25	25	25	26	26	26	26	26	26	27	27	27	27	27	28	28	28	28	28	28	28	28	29	29	30	30	30	30	
