300
30	7
152	18.7
27	31	27	27	28	31	27	28	26	31	30	29	29	28	28	28	27	28	29	30	31	26	30	27	26	29	29	31	27	27	28	26	29	28	30	30	28	30	30	28	27	29	31	28	31	31	30	30	26	29	28	29	29	26	27	27	29	27	30	30	29	27	30	29	29	26	26	26	29	29	28	27	30	26	30	28	29	31	26	30	28	31	27	26	28	31	28	31	26	29	29	29	30	30	27	29	31	28	27	30	26	28	29	26	30	29	26	29	30	28	31	31	27	29	31	26	31	31	26	29	26	28	28	30	30	28	26	30	26	30	31	28	26	28	30	30	30	29	29	30	26	31	31	29	30	30	26	29	28	31	30	31	26	28	28	31	27	30	26	27	30	26	28	26	26	28	28	26	28	26	31	31	31	31	31	27	29	28	30	30	28	28	28	26	29	29	26	26	26	30	29	29	31	31	28	29	31	30	29	29	26	29	31	27	27	29	28	26	26	31	31	29	31	27	31	28	27	26	26	30	26	26	29	27	28	30	26	29	30	28	30	30	30	31	28	27	27	29	28	30	28	29	29	31	30	29	26	27	28	30	28	26	30	27	27	29	30	26	29	28	30	26	30	30	29	26	28	30	27	29	31	28	26	29	31	30	31	29	29	27	29	28	30	28	27	26	28	29	30	29	26	27	28	31	26	28	29	27	27	26	
80	87	85	92	77	91	89	79	93	91	84	81	79	84	80	83	85	93	81	93	81	80	93	90	84	89	76	89	82	84	88	92	84	89	82	79	86	93	80	83	85	85	92	89	93	86	76	79	81	83	86	91	76	76	94	88	86	94	79	80	81	80	77	90	86	76	88	93	83	78	92	76	79	93	92	92	94	77	86	91	91	82	84	80	77	88	88	77	94	87	87	93	86	78	87	88	93	92	80	93	80	82	78	81	92	94	94	81	78	86	88	80	76	94	83	89	87	92	94	78	79	89	85	85	94	78	77	80	85	78	81	90	77	80	76	88	91	77	82	87	76	88	85	89	85	92	85	93	77	85	94	87	83	87	86	91	78	78	93	83	88	78	83	90	79	81	79	79	93	80	77	79	82	77	76	83	90	89	87	85	85	83	90	78	76	88	80	80	77	85	77	80	85	94	92	93	78	82	85	85	93	89	90	83	86	85	91	85	94	92	81	94	90	81	87	78	88	83	79	92	85	76	80	91	81	77	92	84	92	89	91	83	77	76	90	81	80	94	79	88	84	84	87	78	89	94	88	93	89	87	82	82	80	76	88	93	80	91	90	87	84	77	94	76	90	89	82	83	91	77	89	89	83	86	77	82	80	86	86	93	83	90	81	89	83	87	90	86	90	79	92	94	87	93	91	83	87	93	89	79	
14.3	11	11	25.3	24.2	14.3	15.4	29.7	20.9	16.5	30.8	27.5	18.7	29.7	16.5	23.1	28.6	13.2	12.1	30.8	11	25.3	20.9	29.7	31.9	20.9	11	24.2	22	25.3	13.2	14.3	17.6	26.4	24.2	16.5	28.6	19.8	23.1	27.5	20.9	19.8	24.2	23.1	29.7	19.8	30.8	12.1	28.6	29.7	11	29.7	18.7	33	23.1	20.9	29.7	30.8	13.2	26.4	18.7	19.8	23.1	26.4	11	30.8	24.2	15.4	17.6	14.3	23.1	11	19.8	27.5	11	22	16.5	19.8	25.3	22	25.3	27.5	11	26.4	24.2	33	27.5	29.7	19.8	31.9	14.3	15.4	16.5	24.2	14.3	27.5	25.3	30.8	25.3	31.9	19.8	23.1	30.8	19.8	12.1	19.8	29.7	31.9	33	30.8	22	16.5	33	22	27.5	27.5	20.9	20.9	13.2	26.4	23.1	29.7	25.3	16.5	19.8	25.3	18.7	24.2	22	19.8	31.9	23.1	23.1	22	27.5	11	29.7	27.5	15.4	23.1	24.2	16.5	11	11	17.6	19.8	16.5	12.1	17.6	20.9	11	16.5	31.9	17.6	11	28.6	18.7	19.8	16.5	17.6	28.6	23.1	13.2	26.4	23.1	18.7	31.9	15.4	11	11	31.9	31.9	13.2	27.5	31.9	18.7	29.7	17.6	16.5	22	19.8	23.1	26.4	19.8	23.1	12.1	16.5	13.2	30.8	27.5	18.7	13.2	16.5	26.4	19.8	16.5	33	18.7	11	14.3	33	24.2	30.8	11	24.2	31.9	13.2	24.2	29.7	27.5	14.3	12.1	26.4	16.5	18.7	28.6	20.9	15.4	33	17.6	12.1	27.5	24.2	19.8	26.4	15.4	31.9	11	25.3	12.1	16.5	24.2	19.8	11	14.3	14.3	12.1	23.1	17.6	18.7	13.2	15.4	28.6	26.4	26.4	17.6	23.1	15.4	25.3	33	28.6	15.4	19.8	16.5	26.4	25.3	11	29.7	19.8	25.3	33	18.7	14.3	18.7	12.1	11	15.4	12.1	20.9	16.5	26.4	24.2	19.8	13.2	19.8	25.3	31.9	18.7	27.5	33	16.5	29.7	30.8	29.7	11	18.7	19.8	15.4	13.2	29.7	33	22	15.4	12.1	15.4	33	28.6	17.6	27.5	18.7	
22	15.4	23.1	24.2	12.1	15.4	14.3	13.2	25.3	30.8	22	31.9	26.4	27.5	29.7	18.7	19.8	16.5	11	17.6	17.6	11	23.1	15.4	22	12.1	33	13.2	27.5	13.2	24.2	22	33	11	11	30.8	26.4	17.6	27.5	20.9	23.1	30.8	11	17.6	27.5	23.1	31.9	30.8	14.3	12.1	25.3	13.2	31.9	31.9	15.4	22	18.7	22	12.1	19.8	12.1	26.4	30.8	25.3	29.7	13.2	29.7	17.6	29.7	18.7	25.3	19.8	27.5	18.7	27.5	24.2	15.4	33	14.3	31.9	23.1	25.3	17.6	15.4	20.9	15.4	33	19.8	13.2	14.3	12.1	24.2	14.3	24.2	14.3	20.9	33	11	11	20.9	26.4	22	25.3	23.1	17.6	31.9	20.9	22	30.8	29.7	13.2	20.9	16.5	22	12.1	24.2	25.3	19.8	14.3	30.8	18.7	16.5	17.6	24.2	30.8	11	23.1	23.1	22	30.8	16.5	24.2	24.2	27.5	18.7	24.2	22	11	13.2	16.5	17.6	27.5	20.9	23.1	13.2	22	22	16.5	22	16.5	14.3	11	13.2	18.7	30.8	18.7	33	15.4	18.7	11	17.6	31.9	19.8	18.7	19.8	27.5	26.4	23.1	31.9	26.4	29.7	13.2	33	15.4	25.3	27.5	30.8	22	19.8	24.2	30.8	31.9	13.2	12.1	24.2	12.1	18.7	12.1	14.3	33	14.3	13.2	27.5	12.1	17.6	28.6	19.8	24.2	14.3	30.8	16.5	14.3	19.8	11	19.8	12.1	31.9	24.2	20.9	19.8	31.9	11	33	30.8	26.4	29.7	15.4	23.1	26.4	30.8	33	28.6	23.1	19.8	31.9	20.9	22	11	33	20.9	12.1	15.4	23.1	33	22	27.5	24.2	11	22	16.5	20.9	14.3	22	31.9	11	28.6	27.5	25.3	19.8	18.7	15.4	31.9	13.2	13.2	27.5	11	33	14.3	20.9	33	31.9	15.4	26.4	17.6	31.9	22	29.7	23.1	28.6	28.6	13.2	25.3	23.1	29.7	27.5	30.8	15.4	16.5	33	13.2	20.9	33	23.1	15.4	30.8	25.3	33	24.2	14.3	17.6	12.1	29.7	12.1	22	27.5	17.6	22	25.3	22	24.2	
15.4	25.3	31.9	28.6	13.2	11	22	23.1	13.2	13.2	17.6	16.5	33	28.6	31.9	22	22	28.6	11	14.3	25.3	11	28.6	17.6	28.6	29.7	28.6	33	29.7	29.7	
17	18	10	16	16	10	20	11	15	13	17	10	10	17	18	15	11	10	15	10	20	10	11	20	11	19	13	17	19	15	16	10	14	19	19	18	19	18	15	15	13	13	17	11	16	12	20	13	17	10	19	10	20	11	16	17	13	15	20	16	17	20	18	11	16	17	17	13	19	13	17	12	20	18	17	15	10	17	18	19	10	16	18	18	14	17	11	11	19	14	12	19	16	10	15	17	13	18	12	16	11	16	18	13	17	18	17	15	13	12	14	19	17	17	17	10	17	16	14	10	14	13	17	16	16	15	13	11	11	16	17	19	13	11	19	20	15	20	12	16	20	16	12	20	12	14	17	10	17	10	19	16	11	20	14	19	20	16	19	17	12	18	12	17	10	18	18	17	10	14	18	19	20	11	17	10	10	10	11	18	13	14	13	18	20	13	20	15	13	15	13	14	14	12	19	11	14	14	10	17	17	13	19	12	18	13	12	19	14	20	10	17	13	15	13	17	10	20	12	15	13	13	12	17	11	19	16	18	18	11	18	16	11	20	13	14	14	20	13	13	14	13	13	16	12	11	16	16	13	11	18	20	11	19	19	15	16	11	15	19	11	16	19	17	12	19	14	13	19	10	17	19	16	10	14	13	18	13	18	11	15	12	14	13	19	12	14	12	14	10	11	19	17	16	19	13	15	11	12	13	
1	1	1	1	1	1	1	1	1	2	2	2	2	2	2	2	2	2	2	2	2	2	2	2	2	3	3	3	3	3	3	3	3	3	4	4	4	4	4	4	4	4	4	4	4	4	5	5	5	5	5	5	5	5	5	5	6	6	6	6	6	7	7	7	7	7	8	8	8	8	9	9	9	9	9	9	9	9	9	9	9	9	10	10	10	10	10	10	10	10	10	10	10	10	10	10	10	10	11	11	11	11	11	11	11	11	12	12	12	12	12	12	12	12	12	12	13	13	13	13	13	13	13	13	13	13	13	13	13	13	13	14	14	14	14	14	14	14	14	14	14	14	14	14	14	14	15	15	15	15	15	15	15	15	15	15	16	16	16	16	16	16	17	17	17	17	17	17	17	17	18	18	18	18	18	18	18	18	18	18	18	18	19	19	19	19	19	19	19	19	19	20	20	20	20	20	20	20	20	20	20	20	21	21	21	21	21	21	21	21	21	21	22	22	22	22	22	22	22	22	22	22	23	23	23	23	23	23	23	24	24	24	24	24	24	24	24	24	25	25	25	25	25	25	25	25	26	26	26	26	26	26	26	26	27	27	27	27	27	27	27	27	27	27	27	27	28	28	28	28	28	28	28	28	28	28	29	29	29	29	29	29	29	29	29	29	29	29	29	29	29	30	30	30	30	30	30	30	30	30	
