500
10	2
795	15.4
30	30	26	28	29	29	28	29	26	31	30	28	31	31	27	29	30	26	26	29	29	30	29	31	29	27	31	26	28	30	26	26	31	26	28	28	27	31	26	29	29	30	29	29	28	29	30	31	28	29	29	29	26	26	27	28	29	30	29	26	28	27	27	31	26	29	31	28	28	26	26	26	31	30	29	31	28	29	26	31	26	26	26	29	27	31	28	29	30	28	29	27	28	29	28	30	28	31	30	31	28	28	26	28	27	31	27	27	31	29	29	26	30	30	31	28	27	30	29	28	30	29	30	26	31	30	30	31	26	28	30	31	28	26	28	27	27	27	28	26	29	28	26	28	29	31	30	26	27	29	28	31	30	29	31	27	28	29	28	30	27	29	29	29	30	28	30	28	30	27	28	27	31	28	28	27	26	28	30	28	29	31	29	28	28	27	30	27	31	30	31	30	30	28	28	27	29	30	28	30	28	27	26	30	28	28	26	30	29	29	27	28	27	28	31	29	30	27	31	29	27	31	26	30	28	28	28	27	30	31	29	28	28	28	30	28	30	30	28	28	27	31	26	30	31	27	27	31	29	28	27	30	31	29	31	26	26	30	30	29	29	28	27	29	30	26	26	30	26	31	30	29	28	26	31	27	28	26	26	27	31	31	31	26	29	28	31	28	27	31	31	26	29	26	29	26	26	27	31	29	31	31	30	26	29	29	31	27	27	31	30	29	30	28	27	26	31	28	31	30	26	27	29	29	26	27	28	28	29	30	31	27	30	29	30	31	30	26	31	28	28	27	27	26	31	28	28	28	27	28	26	29	29	30	28	27	27	28	28	29	28	29	26	29	30	31	31	31	29	27	29	26	28	26	31	27	28	31	29	30	27	30	28	26	27	28	29	28	31	26	31	27	28	30	28	27	29	30	26	26	29	26	27	29	26	26	30	26	26	30	29	29	28	30	30	30	26	27	28	28	27	30	29	26	30	31	31	30	30	27	27	27	27	29	27	30	27	31	30	31	28	29	30	26	31	28	29	29	30	30	27	29	30	26	26	28	28	26	26	28	27	28	30	26	29	29	31	31	31	29	27	26	29	26	31	26	27	29	26	31	27	30	27	29	27	28	29	30	29	29	28	28	31	28	29	26	31	28	29	26	
84	88	94	93	88	93	82	76	84	94	76	90	92	90	92	85	79	89	87	85	94	81	92	78	86	87	76	89	86	80	78	94	86	77	84	94	87	77	90	94	79	85	83	91	82	81	78	82	77	85	84	78	76	94	82	90	81	90	76	86	85	93	79	85	92	85	76	85	83	93	91	78	90	77	83	92	91	79	90	91	82	81	92	90	93	81	88	78	77	83	76	80	78	93	78	79	78	79	76	79	84	92	92	78	93	89	88	77	87	80	78	81	89	89	84	79	79	87	93	79	87	94	94	85	86	91	89	86	76	78	92	89	78	88	77	86	78	86	78	77	82	76	80	89	82	76	80	82	82	76	87	86	94	90	87	92	89	82	86	88	83	88	84	91	89	80	78	87	91	78	87	79	77	88	82	76	81	86	92	92	76	82	87	85	94	76	88	84	89	85	91	92	84	85	91	82	84	81	94	93	92	86	80	87	88	87	82	77	79	90	86	88	76	89	94	90	89	82	81	76	76	92	80	86	94	84	90	89	94	82	77	78	89	87	78	87	86	80	93	88	76	77	84	87	77	94	86	77	93	91	76	89	87	93	89	87	80	87	82	88	78	93	80	86	89	85	92	83	80	94	92	77	85	83	89	86	88	79	83	85	84	80	82	89	79	77	80	91	85	79	86	78	85	86	80	93	94	91	94	81	91	83	84	90	89	76	84	77	93	80	86	88	86	93	78	88	76	82	84	80	77	83	82	93	94	89	94	79	86	84	88	92	79	90	85	89	79	83	78	81	76	94	92	89	86	78	88	83	77	90	92	88	81	81	92	78	80	79	87	77	83	89	80	82	93	89	90	82	88	77	93	93	86	84	90	88	86	84	89	77	94	89	78	76	94	87	92	91	85	79	85	92	80	82	90	77	77	81	78	77	83	86	94	89	79	91	89	80	82	86	82	90	91	91	85	79	82	91	87	84	92	89	94	92	78	77	80	86	81	94	81	80	76	88	92	87	94	89	83	89	87	82	85	86	78	76	79	88	81	92	94	90	89	87	93	92	77	91	90	91	87	94	94	93	90	88	76	90	93	88	90	88	90	93	80	85	92	93	94	83	91	81	89	90	91	87	84	89	88	91	87	78	76	78	80	85	78	80	92	78	
29.7	23.1	15.4	30.8	22	15.4	25.3	31.9	15.4	28.6	12.1	13.2	26.4	22	31.9	29.7	25.3	25.3	13.2	14.3	18.7	23.1	16.5	28.6	19.8	28.6	19.8	20.9	30.8	31.9	17.6	30.8	29.7	12.1	17.6	16.5	19.8	15.4	19.8	30.8	17.6	17.6	16.5	27.5	18.7	13.2	24.2	11	16.5	15.4	26.4	29.7	27.5	30.8	11	29.7	17.6	18.7	13.2	11	13.2	17.6	19.8	15.4	33	31.9	15.4	25.3	29.7	27.5	33	28.6	19.8	29.7	17.6	19.8	15.4	16.5	29.7	27.5	25.3	16.5	23.1	26.4	25.3	23.1	25.3	17.6	23.1	30.8	19.8	14.3	23.1	26.4	20.9	33	11	33	15.4	12.1	22	28.6	18.7	16.5	24.2	26.4	27.5	22	25.3	23.1	18.7	18.7	13.2	25.3	20.9	24.2	11	12.1	15.4	29.7	30.8	23.1	24.2	33	14.3	31.9	27.5	25.3	18.7	23.1	24.2	29.7	24.2	24.2	17.6	13.2	33	25.3	20.9	17.6	16.5	27.5	11	19.8	11	15.4	29.7	33	23.1	31.9	30.8	15.4	12.1	16.5	20.9	14.3	33	28.6	14.3	19.8	28.6	26.4	30.8	18.7	26.4	27.5	30.8	16.5	30.8	13.2	26.4	17.6	14.3	26.4	14.3	24.2	33	26.4	28.6	20.9	20.9	16.5	24.2	16.5	22	14.3	13.2	12.1	29.7	30.8	33	14.3	19.8	13.2	25.3	30.8	30.8	29.7	20.9	20.9	29.7	16.5	22	18.7	12.1	29.7	29.7	29.7	27.5	33	28.6	19.8	19.8	31.9	17.6	26.4	23.1	16.5	31.9	28.6	26.4	23.1	28.6	18.7	29.7	31.9	27.5	14.3	19.8	26.4	23.1	18.7	19.8	26.4	22	18.7	14.3	28.6	23.1	28.6	28.6	15.4	25.3	19.8	19.8	22	16.5	22	28.6	18.7	13.2	19.8	29.7	22	19.8	20.9	27.5	22	27.5	19.8	13.2	29.7	17.6	12.1	28.6	14.3	16.5	12.1	27.5	28.6	28.6	13.2	12.1	11	28.6	15.4	19.8	31.9	28.6	28.6	14.3	11	26.4	27.5	18.7	19.8	11	27.5	15.4	23.1	22	27.5	25.3	16.5	12.1	30.8	14.3	30.8	14.3	33	23.1	30.8	30.8	33	23.1	30.8	20.9	11	17.6	19.8	22	19.8	18.7	19.8	14.3	31.9	24.2	17.6	16.5	16.5	30.8	29.7	29.7	19.8	25.3	31.9	29.7	12.1	17.6	14.3	33	15.4	29.7	33	25.3	13.2	25.3	12.1	19.8	13.2	30.8	18.7	18.7	23.1	23.1	31.9	20.9	27.5	33	12.1	14.3	27.5	25.3	19.8	22	31.9	14.3	27.5	14.3	11	26.4	25.3	17.6	24.2	27.5	11	25.3	13.2	16.5	16.5	11	24.2	15.4	16.5	19.8	14.3	25.3	26.4	15.4	23.1	33	27.5	16.5	28.6	27.5	19.8	12.1	20.9	25.3	25.3	19.8	27.5	15.4	12.1	27.5	29.7	12.1	11	26.4	24.2	33	27.5	31.9	31.9	33	29.7	24.2	31.9	22	22	27.5	14.3	27.5	16.5	17.6	33	16.5	27.5	18.7	15.4	30.8	26.4	16.5	25.3	26.4	15.4	22	27.5	31.9	23.1	33	13.2	14.3	19.8	18.7	20.9	25.3	22	13.2	30.8	12.1	13.2	18.7	14.3	19.8	22	30.8	16.5	30.8	12.1	20.9	20.9	33	31.9	18.7	31.9	29.7	30.8	24.2	30.8	31.9	20.9	19.8	18.7	23.1	23.1	23.1	31.9	14.3	28.6	29.7	31.9	22	30.8	14.3	23.1	22	14.3	26.4	15.4	28.6	25.3	25.3	29.7	18.7	11	22	29.7	25.3	31.9	22	18.7	27.5	27.5	33	23.1	31.9	17.6	23.1	20.9	
25.3	26.4	26.4	24.2	23.1	17.6	20.9	22	16.5	18.7	15.4	15.4	13.2	18.7	27.5	14.3	23.1	15.4	12.1	22	23.1	24.2	29.7	25.3	20.9	14.3	22	23.1	15.4	23.1	27.5	30.8	19.8	24.2	14.3	23.1	24.2	18.7	17.6	29.7	23.1	25.3	22	25.3	25.3	25.3	16.5	18.7	13.2	30.8	15.4	20.9	27.5	25.3	20.9	33	17.6	25.3	30.8	28.6	20.9	25.3	20.9	28.6	24.2	19.8	25.3	31.9	29.7	33	30.8	18.7	14.3	29.7	23.1	25.3	12.1	20.9	16.5	22	17.6	31.9	24.2	30.8	18.7	16.5	20.9	29.7	24.2	31.9	29.7	16.5	14.3	19.8	17.6	15.4	22	27.5	31.9	17.6	29.7	22	22	28.6	18.7	28.6	11	33	33	13.2	15.4	22	33	19.8	20.9	25.3	22	19.8	33	12.1	11	14.3	13.2	17.6	23.1	13.2	28.6	18.7	30.8	27.5	29.7	23.1	17.6	13.2	18.7	16.5	27.5	15.4	33	17.6	24.2	29.7	30.8	16.5	24.2	15.4	19.8	31.9	18.7	27.5	27.5	13.2	26.4	11	27.5	28.6	33	15.4	23.1	26.4	25.3	20.9	30.8	25.3	31.9	31.9	14.3	15.4	27.5	25.3	28.6	13.2	19.8	26.4	14.3	25.3	19.8	27.5	20.9	14.3	18.7	14.3	29.7	33	22	18.7	27.5	31.9	12.1	25.3	23.1	13.2	25.3	19.8	23.1	23.1	33	20.9	20.9	26.4	17.6	16.5	18.7	23.1	26.4	11	14.3	33	29.7	26.4	18.7	19.8	29.7	28.6	20.9	30.8	11	25.3	18.7	16.5	15.4	29.7	14.3	20.9	13.2	28.6	16.5	23.1	25.3	29.7	14.3	19.8	25.3	30.8	18.7	14.3	13.2	25.3	23.1	26.4	22	30.8	29.7	18.7	20.9	22	28.6	33	17.6	18.7	30.8	24.2	30.8	13.2	14.3	17.6	24.2	25.3	19.8	25.3	15.4	24.2	23.1	15.4	29.7	29.7	27.5	14.3	30.8	13.2	29.7	19.8	12.1	18.7	17.6	12.1	24.2	31.9	17.6	24.2	27.5	30.8	25.3	27.5	16.5	16.5	25.3	29.7	31.9	24.2	22	16.5	14.3	24.2	14.3	14.3	25.3	29.7	27.5	18.7	19.8	14.3	16.5	24.2	30.8	13.2	23.1	23.1	31.9	15.4	28.6	28.6	15.4	29.7	20.9	33	12.1	33	15.4	26.4	27.5	19.8	30.8	29.7	15.4	12.1	14.3	25.3	17.6	23.1	17.6	13.2	22	12.1	27.5	13.2	15.4	30.8	30.8	20.9	27.5	24.2	12.1	27.5	29.7	33	28.6	15.4	31.9	27.5	26.4	33	15.4	12.1	17.6	18.7	13.2	12.1	22	22	33	31.9	31.9	27.5	18.7	18.7	15.4	23.1	25.3	12.1	28.6	33	31.9	20.9	20.9	24.2	11	24.2	11	13.2	12.1	22	25.3	15.4	29.7	16.5	23.1	23.1	16.5	11	33	11	13.2	30.8	20.9	33	12.1	28.6	16.5	24.2	31.9	22	33	25.3	27.5	17.6	22	12.1	16.5	19.8	13.2	30.8	27.5	25.3	24.2	23.1	33	30.8	24.2	16.5	13.2	27.5	29.7	25.3	23.1	15.4	29.7	25.3	11	29.7	27.5	30.8	20.9	16.5	20.9	14.3	23.1	25.3	11	28.6	16.5	18.7	16.5	13.2	26.4	30.8	16.5	29.7	29.7	24.2	29.7	25.3	20.9	29.7	20.9	17.6	29.7	27.5	16.5	16.5	13.2	29.7	11	20.9	31.9	19.8	19.8	20.9	17.6	24.2	31.9	26.4	25.3	27.5	12.1	18.7	25.3	18.7	24.2	16.5	26.4	19.8	30.8	30.8	13.2	12.1	31.9	23.1	28.6	33	30.8	18.7	28.6	12.1	27.5	18.7	24.2	30.8	16.5	31.9	
15.4	25.3	25.3	14.3	17.6	11	17.6	20.9	19.8	11	
12	14	11	19	15	12	12	13	19	18	12	12	16	19	19	17	17	18	17	18	11	19	17	18	20	11	13	11	10	13	16	12	20	10	14	19	20	18	16	10	19	10	12	14	11	16	10	17	19	10	11	11	17	16	13	20	12	13	16	11	11	11	20	20	13	10	12	14	14	12	19	10	15	19	15	17	18	15	20	18	20	17	19	10	18	12	10	20	20	11	12	19	20	20	17	11	11	16	16	14	13	17	20	16	10	19	17	16	19	17	20	16	16	10	17	13	10	17	15	17	18	19	19	13	18	18	17	19	16	13	16	13	11	15	15	19	17	18	15	10	18	13	14	11	16	15	13	15	12	11	14	13	11	19	13	15	11	19	17	15	19	17	12	10	20	13	13	16	13	13	17	15	15	17	20	15	19	19	11	14	15	14	19	13	10	10	14	16	12	12	11	16	20	10	12	18	15	20	16	18	10	16	18	19	13	19	15	17	17	16	14	16	18	15	12	14	10	14	20	12	15	10	14	10	17	17	12	19	14	16	14	14	10	16	10	14	13	14	12	18	17	19	15	12	16	10	13	11	10	10	11	20	13	18	17	13	10	10	11	18	13	20	18	16	13	11	17	13	10	16	19	17	14	18	19	13	20	19	19	11	13	13	17	10	17	16	15	11	19	15	12	18	18	12	13	17	13	18	19	16	19	18	11	16	20	20	13	12	10	20	18	14	15	19	18	20	20	14	10	13	10	17	14	14	17	12	13	20	20	10	11	15	12	10	12	19	16	12	13	18	15	15	15	20	10	13	19	12	10	18	10	19	14	15	12	19	14	17	15	11	11	18	18	17	19	16	17	18	10	16	12	20	15	15	13	16	12	18	19	10	19	17	12	17	16	12	19	10	17	18	17	11	17	17	14	19	13	20	10	18	15	17	19	16	17	18	18	15	19	14	18	17	18	14	12	17	15	15	10	18	14	12	12	19	11	12	11	10	17	10	20	11	10	11	11	19	19	20	17	15	19	14	15	16	19	12	19	15	18	15	19	20	15	13	19	13	10	15	20	15	18	19	18	14	10	20	16	11	14	16	15	19	14	16	16	16	11	20	13	13	11	17	15	11	10	18	10	11	17	20	20	20	18	15	16	13	12	20	15	12	
1	1	1	1	1	1	1	1	1	1	1	1	1	1	1	1	1	1	1	1	1	1	1	1	1	1	1	1	1	1	1	1	1	1	1	1	1	1	1	1	1	1	1	1	1	1	1	1	1	1	1	1	1	1	1	1	1	1	1	1	1	2	2	2	2	2	2	2	2	2	2	2	2	2	2	2	2	2	2	2	2	2	2	2	2	2	2	2	2	2	2	2	2	2	2	2	2	2	2	2	2	2	2	2	2	2	2	2	2	2	2	2	2	3	3	3	3	3	3	3	3	3	3	3	3	3	3	3	3	3	3	3	3	3	3	3	3	3	3	3	3	3	3	3	3	3	3	3	3	3	3	3	3	3	4	4	4	4	4	4	4	4	4	4	4	4	4	4	4	4	4	4	4	4	4	4	4	4	4	4	4	4	4	4	4	4	4	4	4	4	4	4	4	4	4	4	4	4	4	5	5	5	5	5	5	5	5	5	5	5	5	5	5	5	5	5	5	5	5	5	5	5	5	5	5	5	5	5	5	5	5	5	5	5	5	5	5	5	5	5	5	5	5	5	5	5	5	5	5	5	5	6	6	6	6	6	6	6	6	6	6	6	6	6	6	6	6	6	6	6	6	6	6	6	6	6	6	6	6	6	6	6	6	6	6	6	6	6	6	6	6	6	6	6	6	6	6	7	7	7	7	7	7	7	7	7	7	7	7	7	7	7	7	7	7	7	7	7	7	7	7	7	7	7	7	7	7	7	7	7	7	7	7	7	7	7	7	7	7	7	7	7	7	7	7	7	7	7	7	7	7	7	7	8	8	8	8	8	8	8	8	8	8	8	8	8	8	8	8	8	8	8	8	8	8	8	8	8	8	8	8	8	8	8	8	8	8	8	8	8	8	8	8	8	8	8	8	8	8	8	8	8	8	8	8	8	8	8	9	9	9	9	9	9	9	9	9	9	9	9	9	9	9	9	9	9	9	9	9	9	9	9	9	9	9	9	9	9	9	9	9	9	9	9	9	9	9	9	9	9	9	9	9	9	9	9	9	9	9	10	10	10	10	10	10	10	10	10	10	10	10	10	10	10	10	10	10	10	10	10	10	10	10	10	10	10	10	10	10	10	10	10	10	10	10	10	10	10	10	10	
