400
20	3
311	16.5
31	27	29	30	29	30	28	31	27	28	28	28	29	29	26	30	28	28	27	26	30	28	28	28	29	27	31	26	30	28	30	31	30	26	27	26	30	28	30	27	26	30	29	26	26	28	30	29	29	29	30	31	31	27	30	30	31	27	28	29	30	28	29	26	27	27	26	28	28	31	30	28	28	28	28	30	31	29	29	28	30	26	29	30	27	27	29	29	31	27	30	31	28	31	30	26	31	29	28	29	28	26	26	26	29	28	28	29	29	27	31	29	31	31	31	26	29	28	27	27	26	26	27	29	30	31	27	26	30	31	27	29	26	26	28	29	27	31	30	31	29	29	31	29	30	31	28	27	26	30	26	30	29	28	30	28	26	26	30	30	30	30	31	27	29	31	31	26	27	26	31	31	29	27	29	26	29	27	28	29	29	26	29	27	31	29	31	30	27	29	26	27	30	28	26	31	30	28	30	26	29	27	30	27	27	29	26	30	27	26	30	28	29	31	27	26	31	27	27	28	27	28	28	28	28	30	28	26	28	29	27	27	26	28	28	30	28	30	28	28	29	28	27	31	28	28	29	28	30	26	26	26	28	28	27	31	29	28	31	30	26	26	27	31	26	30	30	26	26	28	31	28	29	28	29	26	27	28	29	28	30	28	31	31	29	29	31	28	30	31	28	27	31	26	30	28	28	31	28	26	30	28	29	30	26	31	30	31	31	29	27	27	28	27	27	27	26	28	31	30	29	27	27	27	26	28	26	31	28	26	31	29	31	28	29	29	28	27	31	27	29	27	31	26	30	31	30	26	31	30	29	26	31	26	31	31	27	29	28	28	27	26	26	30	31	28	31	28	30	31	28	27	31	27	27	29	31	29	31	31	30	26	26	29	30	30	31	27	29	28	26	26	29	30	30	30	29	29	26	29	
85	89	85	82	93	83	88	84	91	93	86	87	89	90	77	84	91	92	83	93	93	82	78	85	89	80	92	83	82	77	94	92	89	87	86	76	84	90	78	76	88	89	94	87	77	83	89	84	79	88	84	86	90	79	83	93	93	85	85	93	89	88	93	79	77	89	76	80	82	93	86	92	91	84	84	88	89	82	76	93	92	92	81	86	88	88	85	77	93	81	93	80	84	92	80	86	81	78	81	85	84	80	86	87	88	84	92	86	82	79	91	82	83	89	90	92	92	89	89	87	86	82	77	93	86	82	93	87	94	86	91	93	94	88	94	82	94	76	89	92	91	81	79	77	81	79	84	82	87	85	86	94	83	76	93	85	87	82	82	92	93	82	94	89	81	76	81	77	87	92	87	76	85	84	94	83	86	91	82	77	83	94	81	80	81	87	80	91	77	81	85	88	80	77	92	88	89	91	91	78	85	82	91	85	87	92	93	76	80	80	83	80	78	89	93	83	85	88	91	93	79	87	90	89	78	80	76	92	80	94	82	93	82	80	85	77	76	80	88	85	87	93	85	93	87	80	78	77	78	93	83	84	86	84	83	82	89	80	87	86	80	80	89	76	85	91	91	86	80	94	90	79	93	76	82	81	87	77	90	78	93	78	92	88	80	80	89	81	94	77	93	79	86	81	91	79	91	79	94	86	87	87	77	93	86	88	86	82	79	82	80	93	84	94	87	92	82	83	77	77	80	89	87	88	76	78	80	94	91	79	91	91	86	94	91	87	78	83	77	80	93	94	91	79	77	80	94	89	94	85	81	90	76	94	92	91	83	81	80	88	76	87	83	82	91	81	90	91	89	85	79	87	83	85	87	76	89	80	76	90	78	83	81	89	79	76	77	82	76	88	91	93	82	84	91	91	92	80	88	84	
12.1	28.6	22	20.9	18.7	29.7	22	30.8	18.7	29.7	29.7	27.5	13.2	25.3	13.2	12.1	13.2	16.5	33	23.1	26.4	27.5	28.6	13.2	20.9	29.7	28.6	27.5	17.6	19.8	28.6	24.2	33	31.9	27.5	30.8	27.5	24.2	16.5	14.3	27.5	23.1	12.1	13.2	29.7	11	13.2	30.8	12.1	24.2	23.1	24.2	31.9	25.3	22	12.1	30.8	27.5	33	18.7	24.2	20.9	28.6	16.5	31.9	18.7	15.4	23.1	19.8	33	22	26.4	15.4	27.5	23.1	22	30.8	20.9	24.2	15.4	24.2	30.8	24.2	16.5	33	26.4	30.8	26.4	22	14.3	16.5	33	31.9	27.5	15.4	16.5	12.1	13.2	24.2	29.7	13.2	25.3	29.7	20.9	19.8	19.8	15.4	16.5	33	24.2	12.1	29.7	14.3	26.4	16.5	31.9	22	31.9	24.2	24.2	13.2	11	24.2	23.1	30.8	19.8	28.6	15.4	19.8	13.2	19.8	17.6	15.4	13.2	25.3	17.6	22	26.4	28.6	14.3	26.4	33	13.2	14.3	24.2	26.4	11	26.4	29.7	16.5	18.7	18.7	29.7	15.4	14.3	30.8	30.8	28.6	11	11	28.6	13.2	13.2	13.2	17.6	28.6	24.2	23.1	18.7	30.8	24.2	28.6	33	24.2	24.2	33	18.7	27.5	14.3	28.6	30.8	26.4	23.1	31.9	26.4	13.2	26.4	29.7	30.8	16.5	30.8	17.6	23.1	27.5	24.2	27.5	18.7	30.8	19.8	12.1	13.2	13.2	16.5	15.4	27.5	12.1	30.8	22	20.9	16.5	25.3	11	15.4	20.9	25.3	12.1	22	23.1	12.1	25.3	27.5	31.9	27.5	12.1	15.4	11	27.5	16.5	20.9	25.3	25.3	12.1	22	12.1	22	26.4	17.6	23.1	28.6	17.6	29.7	18.7	20.9	20.9	12.1	11	12.1	17.6	24.2	23.1	25.3	25.3	24.2	28.6	14.3	33	17.6	31.9	23.1	16.5	17.6	20.9	12.1	26.4	24.2	12.1	20.9	15.4	16.5	24.2	27.5	33	16.5	20.9	31.9	25.3	26.4	15.4	27.5	27.5	19.8	11	31.9	25.3	11	14.3	15.4	13.2	20.9	27.5	11	18.7	29.7	24.2	12.1	31.9	30.8	16.5	12.1	30.8	27.5	20.9	25.3	20.9	12.1	30.8	13.2	26.4	17.6	16.5	16.5	31.9	25.3	15.4	13.2	15.4	20.9	28.6	31.9	30.8	24.2	23.1	19.8	15.4	26.4	19.8	28.6	24.2	30.8	25.3	33	14.3	18.7	11	19.8	12.1	14.3	25.3	12.1	22	14.3	12.1	14.3	15.4	27.5	17.6	24.2	22	26.4	15.4	26.4	28.6	18.7	18.7	14.3	24.2	25.3	24.2	27.5	28.6	22	19.8	23.1	33	27.5	23.1	13.2	28.6	14.3	19.8	11	14.3	24.2	12.1	17.6	15.4	11	22	23.1	33	30.8	20.9	30.8	24.2	11	25.3	14.3	23.1	26.4	11	14.3	16.5	24.2	24.2	31.9	20.9	33	28.6	18.7	31.9	
23.1	25.3	18.7	31.9	31.9	14.3	30.8	12.1	25.3	19.8	25.3	26.4	28.6	20.9	15.4	22	12.1	20.9	22	33	23.1	20.9	11	19.8	16.5	12.1	25.3	11	11	29.7	15.4	30.8	19.8	33	22	29.7	17.6	17.6	14.3	26.4	28.6	16.5	13.2	28.6	27.5	27.5	11	13.2	26.4	22	24.2	20.9	26.4	16.5	14.3	25.3	11	15.4	18.7	28.6	17.6	18.7	28.6	30.8	28.6	20.9	16.5	15.4	29.7	12.1	14.3	33	14.3	17.6	11	26.4	16.5	19.8	20.9	24.2	15.4	17.6	29.7	25.3	26.4	20.9	14.3	29.7	28.6	14.3	25.3	14.3	28.6	27.5	12.1	11	27.5	11	33	17.6	28.6	19.8	22	14.3	12.1	27.5	23.1	11	26.4	29.7	14.3	28.6	30.8	27.5	11	20.9	22	14.3	31.9	28.6	15.4	23.1	11	25.3	25.3	17.6	20.9	23.1	13.2	23.1	15.4	15.4	28.6	12.1	17.6	29.7	13.2	20.9	31.9	11	23.1	31.9	11	16.5	29.7	26.4	24.2	28.6	16.5	17.6	11	24.2	17.6	19.8	16.5	28.6	23.1	28.6	29.7	27.5	31.9	30.8	26.4	28.6	14.3	27.5	28.6	13.2	17.6	29.7	29.7	14.3	14.3	30.8	22	22	15.4	29.7	31.9	16.5	23.1	31.9	24.2	17.6	25.3	27.5	25.3	12.1	29.7	18.7	27.5	22	31.9	16.5	24.2	17.6	29.7	27.5	20.9	20.9	26.4	11	20.9	28.6	31.9	11	19.8	27.5	25.3	18.7	27.5	13.2	22	12.1	30.8	28.6	26.4	18.7	17.6	15.4	14.3	14.3	30.8	19.8	25.3	14.3	17.6	25.3	13.2	31.9	31.9	23.1	30.8	22	16.5	19.8	26.4	20.9	26.4	12.1	33	18.7	12.1	12.1	12.1	31.9	16.5	31.9	27.5	30.8	23.1	27.5	12.1	12.1	29.7	25.3	18.7	24.2	28.6	16.5	31.9	27.5	29.7	22	18.7	29.7	18.7	16.5	33	31.9	11	26.4	17.6	13.2	16.5	18.7	16.5	18.7	15.4	29.7	26.4	22	12.1	11	30.8	13.2	17.6	16.5	23.1	33	26.4	30.8	18.7	16.5	31.9	30.8	15.4	11	27.5	27.5	15.4	19.8	24.2	25.3	30.8	30.8	23.1	26.4	18.7	31.9	16.5	14.3	25.3	22	18.7	15.4	29.7	24.2	29.7	20.9	23.1	23.1	17.6	18.7	30.8	33	27.5	27.5	13.2	33	26.4	18.7	20.9	30.8	29.7	22	11	12.1	18.7	12.1	19.8	20.9	33	15.4	30.8	25.3	11	18.7	18.7	20.9	14.3	29.7	19.8	31.9	25.3	24.2	12.1	30.8	26.4	13.2	20.9	19.8	15.4	31.9	18.7	18.7	12.1	28.6	11	12.1	29.7	31.9	18.7	23.1	24.2	14.3	11	15.4	31.9	28.6	27.5	17.6	11	14.3	22	14.3	29.7	25.3	11	30.8	26.4	16.5	13.2	15.4	14.3	29.7	31.9	23.1	33	24.2	
25.3	14.3	26.4	12.1	24.2	19.8	12.1	24.2	18.7	11	33	26.4	24.2	16.5	15.4	27.5	29.7	11	15.4	28.6	
17	12	19	13	11	19	15	17	14	17	19	20	11	15	18	18	18	19	12	17	20	15	19	10	13	19	18	12	12	13	10	17	18	19	11	15	14	18	10	14	10	16	13	18	20	18	10	17	19	19	20	12	17	16	11	13	10	17	20	19	14	17	15	20	13	17	20	12	16	15	18	15	18	19	20	18	20	13	17	11	16	15	18	13	10	15	19	12	15	14	13	10	11	12	16	15	11	19	13	15	11	10	11	16	14	17	15	11	14	12	17	15	11	10	11	15	12	10	14	14	14	12	18	17	15	13	17	19	19	10	12	18	18	16	12	11	17	19	18	15	20	13	20	19	11	18	11	13	12	19	14	18	14	14	12	13	18	16	20	18	14	15	17	18	16	12	10	15	17	15	20	10	11	15	12	15	14	13	10	19	20	11	13	15	18	18	12	20	12	13	14	20	20	20	13	20	15	15	10	15	19	18	18	12	20	10	10	16	17	18	19	10	14	18	10	13	18	14	14	14	14	18	15	13	13	16	15	10	14	14	19	13	10	14	19	11	14	17	11	16	16	19	19	13	12	10	13	10	14	14	10	11	12	19	10	16	12	13	16	11	15	15	17	16	18	19	18	13	10	18	17	18	10	20	17	12	12	14	15	13	20	16	17	12	15	17	15	10	12	14	14	11	11	20	20	15	13	12	16	11	19	20	14	17	13	11	11	17	10	11	12	18	11	10	20	14	10	14	11	17	13	20	16	15	18	13	14	17	11	15	11	11	18	10	15	16	16	13	19	17	13	10	17	11	10	19	19	17	16	20	14	12	20	15	14	14	20	10	14	15	20	17	17	17	12	16	16	19	10	13	11	19	18	12	13	17	10	18	12	19	11	18	15	20	12	12	12	18	18	18	16	18	19	12	20	13	20	11	20	16	
1	1	1	1	1	1	1	1	1	1	1	1	1	1	1	1	1	1	1	1	1	1	1	1	1	1	1	1	1	2	2	2	2	2	2	2	2	2	2	2	2	2	2	2	2	3	3	3	3	3	3	3	3	3	3	3	3	3	3	3	3	3	3	4	4	4	4	4	4	4	4	4	4	4	4	4	4	4	4	4	4	4	4	4	5	5	5	5	5	5	5	5	5	5	5	5	5	5	5	5	5	5	5	5	6	6	6	6	6	6	6	6	6	6	6	6	6	6	6	6	6	6	6	7	7	7	7	7	7	7	7	7	7	7	7	7	7	7	7	7	7	7	7	7	7	7	7	7	8	8	8	8	8	8	8	8	8	8	8	8	8	8	8	8	8	9	9	9	9	9	9	9	9	9	9	9	9	9	9	9	9	9	9	9	9	9	9	9	10	10	10	10	10	10	10	10	10	10	10	10	10	11	11	11	11	11	11	11	11	11	11	11	11	11	11	11	11	11	11	12	12	12	12	12	12	12	12	12	12	12	12	12	12	12	12	12	12	12	12	13	13	13	13	13	13	13	13	13	13	13	13	13	13	13	13	14	14	14	14	14	14	14	14	14	14	14	14	14	14	14	14	14	14	14	14	14	14	14	14	15	15	15	15	15	15	15	15	15	15	15	15	15	15	15	15	15	15	16	16	16	16	16	16	16	16	16	16	16	16	16	16	16	16	17	17	17	17	17	17	17	17	17	17	17	17	17	17	17	17	17	17	17	17	17	17	17	17	18	18	18	18	18	18	18	18	18	18	18	18	18	18	18	18	18	18	18	18	18	18	18	19	19	19	19	19	19	19	19	19	19	19	19	19	19	19	19	19	20	20	20	20	20	20	20	20	20	20	20	20	20	20	20	20	20	20	20	20	20	20	20	
