500
20	5
394	28.6
26	27	27	27	31	31	29	28	28	27	28	27	26	27	28	27	31	31	28	31	28	28	29	27	28	29	26	31	30	27	28	30	27	28	31	29	30	30	31	29	26	27	31	29	27	26	30	29	29	27	27	26	31	29	29	30	27	27	27	28	30	29	27	26	29	29	31	26	30	30	26	30	30	27	31	27	30	27	31	31	28	27	27	30	31	26	29	29	31	29	29	30	28	28	30	30	31	28	26	26	26	28	26	31	28	29	31	31	26	30	31	26	29	30	31	27	26	27	30	31	27	27	27	29	28	30	29	29	27	29	26	26	30	27	31	29	31	29	30	28	31	31	28	26	26	29	26	27	29	30	27	28	31	30	29	27	29	26	26	29	27	28	31	29	26	31	27	30	29	28	29	31	29	28	26	29	27	29	26	29	28	27	27	26	28	31	31	27	26	30	26	28	30	29	27	27	30	28	27	28	29	26	31	27	29	29	29	26	31	26	30	29	26	30	28	30	30	29	26	27	29	27	26	28	26	29	27	27	27	26	28	30	26	27	29	31	27	27	31	27	28	27	27	29	26	31	28	31	31	28	26	30	31	28	28	26	31	29	26	26	31	30	31	31	26	31	28	27	31	27	31	30	30	30	26	31	31	26	27	26	31	28	30	31	27	27	30	29	28	27	28	29	31	28	31	26	27	29	29	29	28	26	28	30	27	28	28	28	27	26	28	29	31	26	27	31	27	31	29	27	31	31	29	28	28	31	29	27	30	30	27	27	29	31	27	26	30	27	27	30	26	29	30	31	27	26	30	30	31	29	28	27	27	26	29	31	30	29	29	26	31	28	26	26	29	26	30	29	26	27	26	26	26	31	29	30	30	26	31	27	31	27	27	27	30	29	30	31	29	30	29	31	30	29	29	26	30	30	28	28	30	31	26	27	27	27	30	29	27	26	26	30	31	27	31	27	31	28	26	30	29	29	30	28	26	27	27	28	29	28	26	30	31	29	28	27	26	27	27	30	31	31	29	29	31	29	31	30	27	26	29	26	26	29	27	28	31	28	28	27	26	26	27	27	29	31	28	28	27	28	26	30	26	31	26	27	31	31	28	30	30	30	29	27	28	31	26	31	26	31	31	26	27	27	27	31	28	28	30	28	
92	85	81	78	94	90	84	86	80	80	79	94	84	76	80	82	92	86	89	84	83	85	83	87	89	82	89	93	87	81	81	87	77	80	91	82	93	91	89	79	86	90	90	91	93	83	92	90	82	85	90	79	86	85	76	84	80	86	94	86	94	88	76	79	77	91	85	90	86	85	81	94	81	79	83	76	91	77	92	84	82	83	89	93	77	76	81	78	80	86	82	80	92	81	89	90	90	76	87	93	88	76	84	78	77	87	82	77	92	92	78	87	91	86	86	90	81	87	85	86	86	80	77	76	79	89	89	79	82	81	81	86	76	89	78	92	94	78	87	78	89	89	78	76	92	92	78	88	79	91	79	77	91	91	88	88	77	87	76	94	76	79	90	94	92	82	76	86	86	85	78	85	93	92	83	87	81	76	90	82	92	79	77	87	77	80	87	77	93	78	76	93	90	84	94	94	78	83	93	94	80	86	91	82	89	94	88	79	81	81	85	89	79	90	91	77	80	80	80	94	89	83	82	88	90	80	88	88	81	88	76	84	82	76	82	91	88	76	91	76	88	86	78	82	78	80	89	86	76	80	93	84	79	83	76	86	84	83	93	92	87	78	90	94	89	80	80	83	79	92	94	80	77	90	81	89	77	82	86	86	81	85	91	81	85	78	93	79	91	93	80	88	93	80	87	76	77	91	91	78	91	85	90	78	85	89	82	76	79	88	84	83	79	77	78	83	94	81	77	86	85	82	94	78	88	82	82	80	89	94	84	76	79	85	93	90	92	90	94	87	78	78	90	85	92	86	93	83	90	79	77	93	78	80	91	86	92	93	91	90	79	89	76	84	81	83	77	87	93	85	91	77	82	83	94	85	91	76	86	92	76	82	90	81	85	83	88	86	82	83	82	86	88	91	84	88	86	93	94	88	83	89	81	82	89	86	87	79	90	82	90	83	81	84	94	90	79	86	82	87	93	84	94	94	80	93	86	91	82	91	83	80	77	84	83	83	80	84	80	78	85	93	80	78	92	89	91	81	80	81	84	84	94	79	83	94	80	92	92	92	76	76	93	92	89	90	89	79	77	84	83	90	91	84	90	82	87	89	83	90	87	81	87	89	84	77	85	76	87	90	85	93	77	81	83	83	78	90	86	83	
29.7	16.5	16.5	17.6	15.4	25.3	29.7	13.2	14.3	23.1	11	11	14.3	30.8	20.9	18.7	11	33	13.2	19.8	18.7	25.3	26.4	16.5	17.6	29.7	13.2	31.9	20.9	31.9	14.3	22	23.1	15.4	15.4	29.7	16.5	31.9	25.3	31.9	22	19.8	31.9	18.7	22	15.4	16.5	23.1	16.5	13.2	24.2	29.7	22	17.6	16.5	17.6	11	15.4	29.7	24.2	25.3	11	11	23.1	27.5	29.7	19.8	24.2	20.9	18.7	18.7	23.1	18.7	29.7	20.9	25.3	18.7	16.5	29.7	23.1	20.9	25.3	11	24.2	27.5	19.8	23.1	29.7	13.2	14.3	23.1	30.8	29.7	29.7	17.6	31.9	16.5	15.4	22	31.9	29.7	22	15.4	30.8	23.1	18.7	12.1	17.6	13.2	23.1	13.2	11	33	31.9	24.2	17.6	18.7	30.8	16.5	25.3	27.5	14.3	19.8	18.7	14.3	14.3	20.9	17.6	23.1	26.4	28.6	12.1	23.1	23.1	20.9	28.6	20.9	15.4	12.1	30.8	29.7	18.7	23.1	29.7	31.9	20.9	15.4	12.1	13.2	20.9	13.2	25.3	24.2	15.4	33	16.5	31.9	30.8	11	13.2	29.7	25.3	29.7	29.7	19.8	26.4	31.9	14.3	25.3	20.9	31.9	22	23.1	12.1	26.4	33	11	33	29.7	24.2	30.8	18.7	13.2	28.6	27.5	16.5	31.9	30.8	18.7	26.4	26.4	23.1	14.3	15.4	15.4	30.8	30.8	22	33	19.8	27.5	25.3	17.6	30.8	30.8	30.8	30.8	17.6	25.3	26.4	12.1	16.5	18.7	12.1	14.3	16.5	22	24.2	16.5	31.9	24.2	12.1	20.9	28.6	15.4	15.4	20.9	23.1	30.8	23.1	19.8	30.8	19.8	28.6	28.6	31.9	19.8	31.9	33	11	16.5	16.5	22	22	33	22	24.2	18.7	29.7	24.2	13.2	24.2	28.6	28.6	33	12.1	12.1	12.1	11	17.6	11	23.1	11	33	30.8	25.3	26.4	26.4	19.8	22	31.9	17.6	26.4	27.5	26.4	11	19.8	26.4	25.3	26.4	16.5	30.8	29.7	24.2	12.1	20.9	23.1	33	18.7	27.5	13.2	13.2	22	18.7	16.5	12.1	30.8	24.2	22	19.8	33	20.9	12.1	26.4	27.5	28.6	19.8	27.5	15.4	14.3	16.5	17.6	23.1	33	29.7	15.4	12.1	14.3	13.2	26.4	29.7	15.4	24.2	29.7	33	17.6	16.5	23.1	14.3	19.8	22	18.7	27.5	31.9	11	11	19.8	13.2	12.1	33	13.2	26.4	28.6	11	11	28.6	20.9	20.9	14.3	15.4	12.1	29.7	19.8	12.1	31.9	17.6	24.2	29.7	28.6	30.8	14.3	16.5	18.7	12.1	31.9	17.6	17.6	30.8	14.3	15.4	31.9	16.5	19.8	15.4	15.4	26.4	14.3	20.9	12.1	18.7	11	12.1	26.4	26.4	13.2	15.4	27.5	23.1	29.7	20.9	31.9	30.8	25.3	14.3	14.3	25.3	28.6	17.6	23.1	23.1	17.6	31.9	28.6	14.3	33	18.7	24.2	13.2	19.8	12.1	12.1	17.6	15.4	27.5	15.4	17.6	25.3	12.1	24.2	20.9	33	26.4	12.1	29.7	17.6	13.2	30.8	13.2	24.2	11	30.8	17.6	14.3	29.7	30.8	26.4	18.7	16.5	22	23.1	33	31.9	22	33	25.3	33	11	20.9	20.9	16.5	19.8	17.6	24.2	20.9	17.6	22	23.1	20.9	15.4	26.4	18.7	14.3	13.2	17.6	19.8	22	20.9	16.5	29.7	11	12.1	19.8	16.5	28.6	27.5	27.5	22	30.8	26.4	28.6	22	20.9	33	33	13.2	11	22	28.6	18.7	30.8	25.3	18.7	27.5	33	29.7	19.8	24.2	17.6	11	14.3	
22	11	15.4	16.5	33	28.6	16.5	31.9	22	26.4	18.7	26.4	25.3	26.4	12.1	22	26.4	12.1	14.3	30.8	25.3	13.2	11	25.3	24.2	30.8	19.8	30.8	12.1	15.4	20.9	11	33	25.3	27.5	18.7	25.3	33	17.6	24.2	12.1	16.5	18.7	30.8	12.1	25.3	18.7	31.9	16.5	16.5	28.6	29.7	20.9	22	23.1	28.6	15.4	20.9	33	27.5	25.3	18.7	12.1	12.1	25.3	20.9	12.1	15.4	30.8	16.5	24.2	15.4	20.9	12.1	28.6	29.7	16.5	24.2	33	23.1	27.5	13.2	15.4	31.9	12.1	17.6	31.9	20.9	20.9	22	26.4	15.4	23.1	22	33	18.7	12.1	15.4	11	24.2	28.6	33	27.5	11	33	24.2	19.8	33	19.8	28.6	33	13.2	16.5	24.2	31.9	23.1	22	26.4	14.3	33	26.4	30.8	14.3	13.2	14.3	18.7	33	33	24.2	17.6	16.5	23.1	33	18.7	22	18.7	12.1	11	25.3	14.3	28.6	20.9	14.3	16.5	16.5	18.7	29.7	30.8	30.8	22	22	27.5	19.8	33	27.5	11	29.7	17.6	31.9	31.9	12.1	33	26.4	26.4	17.6	28.6	23.1	33	27.5	26.4	23.1	33	31.9	18.7	31.9	14.3	23.1	13.2	23.1	20.9	17.6	14.3	13.2	20.9	30.8	13.2	22	29.7	31.9	11	17.6	24.2	15.4	11	24.2	17.6	18.7	31.9	13.2	29.7	23.1	28.6	19.8	14.3	31.9	23.1	23.1	33	18.7	25.3	29.7	30.8	29.7	25.3	25.3	20.9	18.7	14.3	12.1	14.3	20.9	16.5	11	27.5	33	14.3	11	26.4	22	15.4	18.7	33	11	25.3	15.4	33	31.9	30.8	29.7	19.8	25.3	30.8	16.5	30.8	29.7	24.2	14.3	33	26.4	29.7	28.6	28.6	17.6	19.8	28.6	13.2	25.3	29.7	18.7	24.2	18.7	26.4	13.2	16.5	19.8	28.6	17.6	33	14.3	23.1	16.5	29.7	18.7	25.3	18.7	28.6	19.8	27.5	23.1	16.5	23.1	31.9	13.2	30.8	24.2	22	19.8	20.9	13.2	18.7	22	24.2	25.3	25.3	12.1	31.9	11	16.5	25.3	28.6	18.7	20.9	12.1	14.3	13.2	12.1	11	24.2	16.5	12.1	26.4	28.6	12.1	24.2	14.3	26.4	22	27.5	28.6	11	25.3	19.8	31.9	26.4	15.4	15.4	28.6	15.4	13.2	17.6	20.9	25.3	31.9	15.4	12.1	13.2	24.2	27.5	17.6	29.7	15.4	11	29.7	27.5	18.7	25.3	28.6	11	18.7	26.4	20.9	17.6	17.6	23.1	22	16.5	24.2	23.1	30.8	22	24.2	23.1	17.6	27.5	15.4	31.9	11	15.4	12.1	11	14.3	15.4	14.3	24.2	30.8	33	33	31.9	33	15.4	19.8	13.2	29.7	23.1	22	16.5	12.1	13.2	22	13.2	29.7	23.1	29.7	14.3	29.7	26.4	13.2	11	11	27.5	18.7	18.7	11	28.6	28.6	28.6	23.1	19.8	17.6	16.5	13.2	25.3	18.7	18.7	23.1	19.8	24.2	25.3	29.7	24.2	19.8	11	25.3	26.4	16.5	33	29.7	30.8	28.6	31.9	14.3	13.2	31.9	26.4	24.2	26.4	17.6	13.2	26.4	33	31.9	24.2	19.8	12.1	31.9	31.9	18.7	27.5	20.9	31.9	29.7	23.1	20.9	24.2	28.6	26.4	11	12.1	29.7	15.4	14.3	15.4	31.9	12.1	29.7	14.3	29.7	23.1	13.2	16.5	33	14.3	30.8	14.3	22	13.2	17.6	14.3	26.4	28.6	12.1	27.5	28.6	30.8	30.8	33	33	18.7	22	13.2	26.4	11	11	18.7	11	31.9	22	13.2	30.8	15.4	
12.1	14.3	26.4	30.8	23.1	12.1	16.5	14.3	14.3	24.2	13.2	23.1	18.7	24.2	12.1	15.4	17.6	27.5	16.5	25.3	
17	10	20	18	19	16	18	12	11	17	11	18	16	20	11	15	10	14	15	12	16	17	11	17	11	10	11	16	18	12	11	10	13	18	19	10	16	19	18	19	18	19	12	10	10	14	15	11	16	16	12	20	14	10	20	20	19	15	19	10	15	14	12	17	16	15	13	15	14	11	16	14	12	10	11	19	19	15	16	13	11	15	18	17	13	10	15	17	16	10	20	13	19	18	15	20	10	11	19	18	17	18	10	17	10	18	18	14	13	13	12	10	15	19	15	10	18	12	16	12	20	11	14	18	11	11	13	14	20	16	16	20	13	13	17	20	16	18	12	13	16	12	12	19	18	14	10	19	10	16	18	14	13	18	18	20	19	12	19	13	11	10	11	20	19	18	10	17	18	18	10	15	13	14	18	15	10	13	13	18	13	15	17	11	10	19	19	15	11	10	17	15	17	19	20	11	10	17	16	19	15	18	10	15	20	14	20	19	20	11	10	15	13	17	20	12	15	11	17	19	15	19	19	19	14	17	18	15	13	15	15	11	20	20	14	13	16	19	14	15	17	10	14	16	14	12	10	20	11	10	19	14	12	13	17	10	15	12	19	12	11	10	13	15	17	11	18	20	15	13	14	11	19	12	20	13	18	19	16	12	19	11	16	14	18	14	12	15	10	12	17	14	17	19	11	20	20	11	13	11	20	15	11	11	10	11	13	16	12	10	16	12	13	10	16	14	19	18	13	10	15	18	17	15	20	11	10	12	12	15	10	15	14	11	12	16	13	14	16	19	14	14	10	16	20	19	14	13	10	11	12	13	16	19	12	19	13	11	10	10	11	20	10	17	18	18	14	17	12	14	11	19	10	19	11	11	13	18	10	12	16	13	14	18	12	14	13	19	19	20	15	20	10	19	12	20	16	17	14	14	18	16	10	12	15	15	16	16	11	10	15	20	20	17	20	13	15	18	20	19	15	14	17	15	14	13	16	10	14	19	17	13	17	17	18	12	17	20	19	15	16	16	15	18	17	12	10	14	16	16	13	16	10	16	17	18	14	12	18	10	15	20	14	19	18	16	11	19	14	12	19	15	16	13	10	18	19	20	15	19	20	14	18	12	19	15	12	20	15	13	15	20	18	11	10	15	12	15	16	20	
1	1	1	1	1	1	1	1	1	1	1	1	1	1	1	1	1	1	1	1	1	1	1	1	1	1	1	2	2	2	2	2	2	2	2	2	2	2	2	2	2	2	2	2	2	2	2	2	3	3	3	3	3	3	3	3	3	3	3	3	3	3	3	3	3	3	3	3	3	3	4	4	4	4	4	4	4	4	4	4	4	4	4	4	4	4	4	5	5	5	5	5	5	5	5	5	5	5	5	5	5	5	5	5	5	5	5	5	5	5	5	5	5	5	5	5	5	6	6	6	6	6	6	6	6	6	6	6	6	6	6	6	6	6	6	6	6	6	6	6	6	6	6	6	6	6	7	7	7	7	7	7	7	7	7	7	7	7	7	7	7	7	7	7	7	7	7	7	7	7	7	7	7	7	7	8	8	8	8	8	8	8	8	8	8	8	8	8	8	8	8	8	8	8	8	8	8	8	8	8	8	8	8	8	8	8	9	9	9	9	9	9	9	9	9	9	9	9	9	9	9	9	9	9	10	10	10	10	10	10	10	10	10	10	10	10	10	10	10	10	10	10	10	10	10	10	10	11	11	11	11	11	11	11	11	11	11	11	11	11	11	11	11	11	11	11	11	12	12	12	12	12	12	12	12	12	12	12	12	12	12	12	12	12	12	12	12	12	12	12	12	12	12	12	12	12	12	12	13	13	13	13	13	13	13	13	13	13	13	13	13	13	13	13	13	13	13	13	13	13	14	14	14	14	14	14	14	14	14	14	14	14	14	14	14	14	14	14	14	14	14	14	14	14	14	14	15	15	15	15	15	15	15	15	15	15	15	15	15	15	15	15	15	15	15	15	16	16	16	16	16	16	16	16	16	16	16	16	16	16	16	16	16	16	16	16	16	16	16	16	16	16	16	16	16	16	17	17	17	17	17	17	17	17	17	17	17	17	17	17	17	17	17	17	17	17	17	17	17	17	17	17	17	17	17	17	18	18	18	18	18	18	18	18	18	18	18	18	18	18	18	18	18	18	18	18	18	18	18	18	18	19	19	19	19	19	19	19	19	19	19	19	19	19	19	19	19	19	19	19	19	19	19	19	19	19	20	20	20	20	20	20	20	20	20	20	20	20	20	20	20	20	20	20	20	20	20	20	20	20	
