500
30	7
269	29.7
31	31	26	30	30	26	31	29	28	29	30	26	26	30	31	29	26	29	29	31	30	31	30	26	26	30	26	28	29	29	26	29	26	30	26	31	31	31	31	31	28	27	28	28	31	31	27	29	29	27	29	31	27	31	28	30	28	31	26	28	29	27	26	26	30	30	30	26	27	29	31	31	26	30	29	31	29	28	27	30	27	29	31	26	26	31	30	26	29	26	27	29	29	31	28	29	31	31	30	31	27	31	29	29	31	30	28	28	26	29	30	29	31	30	31	30	30	29	29	31	31	28	26	26	31	31	30	31	31	26	31	29	26	29	31	27	30	27	26	26	26	31	28	30	28	31	29	30	26	28	26	27	30	31	26	26	27	29	28	30	27	31	26	30	28	31	30	29	26	31	28	31	27	31	26	30	30	30	26	30	30	26	27	28	26	26	30	29	28	27	30	26	27	26	31	30	27	30	26	31	30	26	27	29	26	27	28	26	31	29	26	27	26	31	31	27	30	26	29	28	29	29	28	28	27	26	26	29	26	27	30	30	29	31	31	31	27	31	30	28	31	28	29	26	29	26	30	29	28	28	31	27	30	31	31	26	27	27	30	28	26	30	28	28	30	29	27	28	31	27	30	28	27	28	31	30	27	28	26	26	31	29	27	26	31	26	28	31	30	27	31	26	30	31	30	30	29	26	29	28	27	26	28	27	26	28	30	26	26	29	29	30	29	30	31	26	30	28	28	26	26	27	29	26	27	26	27	29	27	26	28	27	28	31	26	28	28	30	31	26	29	27	27	31	27	30	31	30	31	26	29	28	31	26	30	28	27	31	26	30	31	30	31	29	29	27	31	28	26	29	26	26	29	28	31	27	28	27	29	29	30	27	27	26	28	29	29	30	29	29	31	30	29	29	28	26	31	29	27	27	30	29	31	27	29	27	27	29	26	27	28	29	30	26	31	31	31	27	30	27	30	30	31	26	29	30	30	29	31	27	26	30	30	26	31	27	27	27	31	27	29	26	29	29	31	26	31	30	26	28	30	31	29	27	28	30	31	29	31	28	29	27	26	30	31	28	28	31	27	30	29	26	30	29	30	31	26	29	31	29	27	31	29	30	30	26	28	29	29	31	31	30	30	30	29	29	30	26	28	30	
93	79	93	91	93	94	79	80	86	91	90	79	81	76	85	83	82	82	76	79	89	89	81	93	94	88	91	81	78	81	79	89	84	89	81	85	94	80	90	93	82	93	80	84	84	83	84	83	92	85	88	85	83	93	82	94	92	85	90	80	82	84	83	81	94	89	82	87	92	87	89	79	89	85	86	85	93	79	84	87	89	76	80	86	81	82	80	89	84	94	79	85	84	81	88	85	93	78	93	87	90	83	86	89	91	88	91	79	89	88	85	81	79	92	90	81	81	78	88	81	92	81	92	80	83	91	76	76	94	82	86	81	83	80	88	94	93	77	90	85	91	87	91	80	89	85	87	84	83	80	79	79	88	88	78	93	89	94	87	82	81	90	86	84	76	77	77	80	76	94	78	83	91	86	88	88	77	80	88	80	93	88	82	88	87	92	87	84	88	81	86	87	86	78	93	80	94	86	77	93	86	89	92	82	80	91	87	85	83	94	81	79	88	84	93	79	93	77	93	92	80	78	81	77	79	83	89	77	78	76	84	82	80	90	76	90	80	90	81	77	86	92	93	78	81	87	80	93	79	82	80	79	89	94	88	80	86	81	79	87	94	90	83	83	79	77	90	94	93	76	89	89	87	87	91	81	91	77	81	77	89	81	79	88	93	82	92	78	93	93	90	83	85	85	86	79	91	90	86	86	76	81	81	94	90	85	90	94	79	92	85	91	84	85	91	83	92	91	86	87	93	88	82	82	77	82	90	93	81	83	89	78	85	88	86	84	92	91	77	81	82	79	78	82	82	79	85	79	79	90	91	86	79	93	80	77	76	86	88	87	82	76	94	86	87	87	85	85	82	76	84	86	89	84	76	92	88	92	92	88	88	87	85	80	89	76	82	85	83	83	84	93	80	92	82	86	78	91	90	79	93	81	76	84	93	76	83	77	77	77	78	85	90	79	78	94	89	85	80	92	92	79	77	83	90	84	88	82	81	76	79	85	84	79	86	86	87	76	87	83	91	87	85	89	88	78	81	78	88	87	82	89	94	85	87	77	84	90	86	79	90	89	91	94	92	79	77	85	83	86	94	76	81	83	92	90	88	76	84	84	88	91	91	87	94	94	88	81	80	78	83	76	79	92	93	87	92	80	79	86	
24.2	30.8	12.1	15.4	15.4	13.2	15.4	13.2	25.3	11	31.9	12.1	11	25.3	18.7	31.9	28.6	25.3	19.8	25.3	29.7	30.8	18.7	13.2	28.6	18.7	22	29.7	13.2	27.5	11	16.5	28.6	13.2	25.3	33	19.8	14.3	18.7	31.9	19.8	18.7	16.5	16.5	16.5	11	23.1	11	22	25.3	29.7	24.2	13.2	16.5	15.4	27.5	22	15.4	13.2	25.3	12.1	18.7	11	33	23.1	23.1	30.8	31.9	22	20.9	14.3	33	30.8	24.2	29.7	13.2	15.4	19.8	16.5	20.9	11	11	22	28.6	15.4	23.1	15.4	18.7	11	28.6	30.8	24.2	26.4	18.7	23.1	14.3	18.7	31.9	24.2	17.6	17.6	13.2	33	33	33	11	23.1	28.6	25.3	29.7	16.5	20.9	23.1	16.5	23.1	14.3	12.1	17.6	11	22	12.1	12.1	24.2	20.9	12.1	27.5	18.7	23.1	27.5	24.2	28.6	33	17.6	29.7	29.7	26.4	31.9	24.2	22	14.3	26.4	29.7	31.9	25.3	28.6	27.5	25.3	13.2	20.9	17.6	23.1	30.8	16.5	24.2	27.5	28.6	17.6	22	18.7	18.7	31.9	29.7	16.5	33	12.1	33	29.7	17.6	22	28.6	31.9	23.1	26.4	23.1	14.3	20.9	16.5	16.5	30.8	28.6	25.3	26.4	25.3	12.1	15.4	15.4	25.3	23.1	14.3	24.2	26.4	27.5	15.4	17.6	17.6	27.5	25.3	19.8	20.9	22	33	29.7	25.3	26.4	27.5	28.6	31.9	23.1	12.1	24.2	19.8	30.8	29.7	18.7	17.6	19.8	20.9	17.6	11	16.5	24.2	31.9	14.3	11	17.6	13.2	14.3	23.1	26.4	13.2	13.2	24.2	13.2	16.5	28.6	18.7	30.8	28.6	17.6	16.5	13.2	27.5	22	14.3	33	31.9	14.3	27.5	14.3	19.8	13.2	30.8	16.5	31.9	28.6	18.7	14.3	31.9	30.8	27.5	30.8	23.1	31.9	33	14.3	12.1	11	30.8	16.5	22	33	11	20.9	26.4	24.2	13.2	20.9	25.3	16.5	23.1	19.8	29.7	17.6	15.4	11	23.1	14.3	20.9	22	20.9	17.6	16.5	20.9	18.7	13.2	26.4	23.1	15.4	11	29.7	14.3	26.4	19.8	33	22	11	30.8	22	33	26.4	15.4	17.6	28.6	30.8	18.7	28.6	23.1	27.5	12.1	16.5	13.2	15.4	19.8	26.4	19.8	17.6	20.9	18.7	19.8	31.9	19.8	29.7	17.6	30.8	23.1	24.2	15.4	20.9	29.7	19.8	30.8	26.4	12.1	16.5	31.9	20.9	12.1	24.2	15.4	31.9	28.6	30.8	13.2	26.4	28.6	29.7	30.8	17.6	24.2	25.3	29.7	24.2	22	13.2	20.9	30.8	24.2	29.7	24.2	14.3	23.1	26.4	11	25.3	31.9	16.5	23.1	17.6	11	26.4	18.7	23.1	27.5	23.1	20.9	24.2	25.3	11	20.9	18.7	27.5	24.2	29.7	28.6	13.2	28.6	31.9	13.2	26.4	18.7	18.7	13.2	24.2	25.3	25.3	14.3	27.5	13.2	13.2	26.4	11	26.4	26.4	13.2	24.2	23.1	16.5	25.3	18.7	16.5	13.2	25.3	24.2	22	19.8	30.8	15.4	19.8	33	30.8	16.5	15.4	18.7	11	19.8	22	25.3	14.3	19.8	12.1	13.2	31.9	19.8	31.9	20.9	23.1	28.6	12.1	28.6	20.9	13.2	18.7	23.1	24.2	25.3	29.7	19.8	20.9	22	13.2	19.8	30.8	25.3	24.2	12.1	22	19.8	27.5	31.9	28.6	19.8	27.5	19.8	12.1	19.8	22	13.2	26.4	11	25.3	25.3	11	12.1	26.4	29.7	31.9	22	30.8	23.1	17.6	16.5	25.3	26.4	23.1	33	20.9	26.4	25.3	24.2	19.8	
20.9	23.1	28.6	29.7	22	22	23.1	15.4	27.5	15.4	17.6	25.3	31.9	24.2	25.3	18.7	28.6	27.5	18.7	19.8	13.2	19.8	25.3	12.1	33	30.8	29.7	22	19.8	16.5	29.7	33	11	30.8	23.1	19.8	11	27.5	25.3	17.6	18.7	23.1	19.8	29.7	19.8	11	14.3	25.3	23.1	25.3	24.2	16.5	33	17.6	31.9	28.6	29.7	12.1	31.9	18.7	18.7	26.4	24.2	15.4	15.4	18.7	14.3	27.5	26.4	14.3	27.5	23.1	27.5	29.7	14.3	19.8	19.8	26.4	17.6	30.8	33	12.1	17.6	17.6	28.6	26.4	25.3	24.2	17.6	20.9	18.7	17.6	28.6	26.4	18.7	13.2	27.5	22	26.4	22	33	22	11	29.7	29.7	29.7	23.1	18.7	15.4	18.7	19.8	17.6	13.2	20.9	12.1	26.4	28.6	28.6	14.3	22	33	26.4	26.4	16.5	29.7	12.1	24.2	12.1	27.5	23.1	16.5	14.3	17.6	33	27.5	27.5	28.6	26.4	12.1	26.4	24.2	11	33	20.9	24.2	25.3	29.7	15.4	25.3	16.5	30.8	19.8	29.7	14.3	23.1	17.6	12.1	28.6	24.2	13.2	12.1	30.8	15.4	28.6	15.4	17.6	24.2	31.9	18.7	15.4	12.1	30.8	22	13.2	12.1	13.2	14.3	24.2	19.8	12.1	30.8	17.6	20.9	11	28.6	12.1	29.7	17.6	15.4	28.6	18.7	24.2	20.9	22	19.8	29.7	12.1	19.8	29.7	15.4	14.3	15.4	25.3	27.5	28.6	25.3	19.8	19.8	33	33	27.5	19.8	26.4	14.3	31.9	13.2	19.8	13.2	30.8	31.9	26.4	12.1	19.8	23.1	14.3	18.7	27.5	31.9	22	20.9	29.7	25.3	22	22	20.9	31.9	27.5	30.8	11	19.8	18.7	33	33	26.4	17.6	25.3	13.2	26.4	28.6	30.8	19.8	27.5	27.5	24.2	15.4	31.9	23.1	17.6	28.6	19.8	33	20.9	27.5	20.9	11	30.8	33	16.5	27.5	31.9	28.6	27.5	22	26.4	30.8	12.1	30.8	24.2	33	11	17.6	30.8	30.8	25.3	11	26.4	12.1	33	23.1	24.2	27.5	17.6	15.4	22	14.3	12.1	23.1	11	28.6	19.8	22	24.2	27.5	23.1	29.7	19.8	13.2	33	20.9	16.5	11	26.4	11	20.9	31.9	28.6	31.9	31.9	31.9	16.5	11	12.1	24.2	23.1	30.8	29.7	12.1	30.8	15.4	23.1	13.2	29.7	12.1	17.6	22	25.3	27.5	18.7	27.5	15.4	18.7	12.1	18.7	23.1	18.7	11	18.7	14.3	33	30.8	16.5	28.6	11	16.5	15.4	14.3	20.9	28.6	20.9	28.6	23.1	26.4	33	24.2	17.6	23.1	27.5	14.3	30.8	19.8	24.2	23.1	28.6	23.1	23.1	30.8	22	29.7	27.5	27.5	20.9	24.2	19.8	18.7	31.9	16.5	33	19.8	19.8	28.6	28.6	27.5	23.1	25.3	14.3	24.2	26.4	16.5	24.2	15.4	33	17.6	27.5	26.4	16.5	22	15.4	24.2	25.3	26.4	24.2	11	26.4	26.4	26.4	29.7	23.1	27.5	23.1	15.4	29.7	23.1	16.5	29.7	25.3	30.8	16.5	24.2	18.7	28.6	22	26.4	29.7	13.2	33	22	28.6	29.7	27.5	20.9	26.4	27.5	15.4	33	30.8	14.3	16.5	28.6	23.1	19.8	31.9	13.2	26.4	26.4	29.7	16.5	22	28.6	27.5	33	19.8	31.9	16.5	26.4	13.2	30.8	12.1	23.1	23.1	27.5	30.8	23.1	29.7	28.6	18.7	28.6	33	27.5	25.3	18.7	29.7	25.3	27.5	30.8	26.4	24.2	22	26.4	33	14.3	16.5	23.1	15.4	18.7	17.6	15.4	16.5	29.7	19.8	15.4	
13.2	25.3	12.1	12.1	27.5	15.4	28.6	19.8	17.6	12.1	20.9	20.9	25.3	30.8	24.2	11	27.5	11	16.5	11	23.1	24.2	27.5	31.9	25.3	29.7	33	13.2	24.2	24.2	
16	18	20	16	12	17	20	16	12	12	12	18	19	14	11	14	14	11	12	17	13	11	10	16	20	16	10	15	20	20	15	18	11	18	14	16	17	15	16	15	14	19	12	18	12	17	11	17	16	18	12	11	15	12	19	10	20	20	12	10	12	12	20	18	16	15	16	16	15	13	17	17	12	18	15	13	16	15	15	20	17	13	16	13	13	11	17	10	12	18	10	19	16	14	11	19	16	15	12	10	18	14	15	17	14	15	20	13	19	16	14	10	11	15	17	16	10	10	19	11	16	19	10	20	19	12	15	11	19	15	16	13	20	19	18	11	18	15	16	17	15	12	15	11	14	14	12	19	13	12	20	10	17	15	17	14	10	11	13	15	14	11	20	12	12	17	19	16	13	17	15	17	14	16	14	18	12	10	11	12	11	13	14	15	14	15	19	18	11	15	11	11	19	20	11	10	15	10	20	11	16	16	16	11	16	12	11	12	17	13	12	20	15	18	16	18	18	20	15	10	16	13	10	13	19	20	16	20	20	11	18	16	20	20	15	13	11	13	15	11	19	17	14	11	13	12	13	17	17	11	10	19	10	18	18	19	14	15	12	11	15	19	11	11	11	19	11	11	10	17	15	16	14	15	20	15	18	11	10	12	12	14	17	11	18	12	13	10	15	20	12	15	18	18	10	10	17	18	20	15	20	13	16	14	14	18	20	19	12	17	13	20	13	11	15	17	14	17	16	17	19	15	14	18	11	11	12	20	12	16	15	10	13	16	17	14	12	15	11	17	18	16	14	17	15	15	15	10	19	14	12	17	15	14	18	17	12	11	14	20	13	11	12	13	13	12	17	16	19	18	16	16	20	13	19	20	12	13	17	20	14	20	14	13	19	17	10	16	15	19	19	10	19	16	18	20	11	15	12	14	15	19	16	14	14	14	20	11	19	12	18	18	18	17	12	12	14	12	19	10	16	12	13	14	17	19	18	16	17	15	20	11	10	17	20	10	20	15	11	12	17	19	14	17	12	10	20	10	18	10	16	12	17	12	16	14	13	20	12	12	17	17	17	10	12	15	11	16	17	19	14	12	10	19	13	12	15	14	10	17	12	16	15	20	15	19	15	15	10	10	13	20	20	16	10	15	11	12	10	16	
1	1	1	1	1	1	1	1	1	1	1	1	1	2	2	2	2	2	2	2	2	2	2	2	2	2	2	2	3	3	3	3	3	3	3	3	3	3	3	3	3	3	3	3	4	4	4	4	4	4	4	4	4	4	4	4	4	4	4	4	4	5	5	5	5	5	5	5	5	5	5	5	5	5	5	5	5	5	5	5	5	5	5	6	6	6	6	6	6	6	6	6	6	6	6	6	6	6	6	6	6	6	6	6	7	7	7	7	7	7	7	7	7	8	8	8	8	8	8	8	8	8	8	8	8	8	8	8	8	8	9	9	9	9	9	9	9	9	9	9	9	9	9	9	10	10	10	10	10	10	10	10	10	10	10	10	10	10	10	10	10	10	10	10	10	11	11	11	11	11	11	11	11	11	11	11	11	11	11	12	12	12	12	12	12	12	12	12	12	12	12	12	12	13	13	13	13	13	13	13	13	13	13	13	13	13	13	13	13	13	13	13	13	14	14	14	14	14	14	14	14	14	14	14	14	14	14	15	15	15	15	15	15	15	15	15	15	15	16	16	16	16	16	16	16	16	16	16	16	16	16	16	16	17	17	17	17	17	17	17	17	17	17	17	17	17	17	17	17	18	18	18	18	18	18	18	18	18	18	18	18	18	18	18	18	18	19	19	19	19	19	19	19	19	19	19	19	19	19	19	19	19	20	20	20	20	20	20	20	20	20	20	20	20	20	20	20	20	20	20	20	20	20	20	20	21	21	21	21	21	21	21	21	21	21	21	21	21	21	21	21	21	21	22	22	22	22	22	22	22	22	22	22	22	22	22	22	22	22	22	22	22	23	23	23	23	23	23	23	23	23	23	23	23	23	23	23	23	24	24	24	24	24	24	24	24	24	24	24	24	24	24	24	24	24	24	24	25	25	25	25	25	25	25	25	25	25	25	25	25	25	25	25	25	25	25	26	26	26	26	26	26	26	26	26	26	26	26	26	26	26	26	26	26	26	26	27	27	27	27	27	27	27	27	27	27	27	27	27	27	27	27	27	27	28	28	28	28	28	28	28	28	28	28	28	28	28	28	29	29	29	29	29	29	29	29	29	29	29	29	29	29	29	29	30	30	30	30	30	30	30	30	30	30	30	30	30	30	30	30	
