300
30	6
160	11
26	30	31	27	31	28	31	30	29	27	28	28	27	26	28	27	31	27	30	31	26	29	31	31	27	31	27	29	27	31	27	30	26	31	31	30	29	30	29	26	28	27	30	31	27	26	29	26	27	31	29	31	28	28	31	26	29	30	29	26	31	29	29	27	31	27	27	27	28	30	29	27	31	30	30	30	30	29	26	26	30	31	27	31	26	30	26	28	29	31	26	26	28	26	29	31	27	28	31	28	28	28	26	30	26	29	28	26	28	29	29	31	29	27	29	30	26	27	30	30	29	26	29	29	31	26	27	26	26	29	26	28	30	29	31	27	26	29	30	28	26	29	28	29	28	30	26	28	31	30	28	28	28	27	26	26	27	28	30	31	28	30	29	28	29	29	27	26	28	27	27	28	29	27	30	29	28	30	28	30	29	30	27	27	29	26	26	27	29	30	27	30	27	26	27	30	28	27	30	29	26	29	30	30	30	28	29	28	29	26	27	26	29	27	26	27	31	27	27	29	28	30	29	30	28	27	31	31	29	29	27	27	28	28	27	30	31	26	30	28	28	31	27	31	30	27	31	29	29	29	31	28	29	26	29	28	26	29	28	27	29	29	29	30	28	27	26	29	26	31	26	26	31	30	27	31	26	31	31	27	29	30	29	30	31	31	27	31	26	26	31	30	29	26	30	26	31	30	27	26	
77	76	83	80	81	81	84	93	78	94	93	93	76	83	88	85	81	83	76	83	81	89	81	91	86	93	79	91	79	80	78	90	76	83	92	94	91	83	84	90	89	84	85	80	86	94	88	80	79	78	87	86	94	94	84	86	90	83	85	86	81	86	92	80	86	90	92	91	82	82	89	88	91	80	85	81	80	92	79	81	82	91	90	80	87	80	88	83	82	89	91	91	84	88	83	93	76	90	94	78	89	81	92	79	92	94	94	88	91	81	84	84	93	85	85	78	92	80	91	88	82	76	94	81	81	76	90	92	91	87	91	92	86	86	90	79	76	84	89	77	80	93	90	83	79	79	82	93	78	79	76	93	94	86	94	81	82	78	78	82	92	83	90	78	77	79	78	77	89	86	89	92	91	92	83	78	84	92	83	85	93	77	94	78	91	84	90	93	93	77	88	88	81	87	84	90	84	84	93	89	76	91	86	91	93	94	82	83	89	78	88	90	81	86	93	90	88	88	85	78	94	91	93	87	93	90	88	85	81	80	85	84	94	82	85	94	78	94	79	77	87	83	92	77	93	90	77	76	76	76	85	78	86	84	89	89	83	86	77	91	93	87	91	83	78	76	90	80	86	87	93	82	85	80	87	87	93	79	90	88	77	92	87	90	85	93	86	84	89	81	82	81	79	89	93	85	80	91	82	79	
30.8	11	12.1	24.2	31.9	29.7	31.9	23.1	15.4	25.3	27.5	31.9	20.9	23.1	33	28.6	30.8	18.7	18.7	16.5	15.4	23.1	27.5	26.4	31.9	17.6	28.6	17.6	12.1	28.6	23.1	18.7	33	29.7	31.9	23.1	17.6	25.3	15.4	27.5	20.9	19.8	20.9	26.4	17.6	30.8	26.4	29.7	13.2	16.5	22	15.4	33	20.9	24.2	23.1	15.4	17.6	30.8	20.9	27.5	15.4	11	29.7	17.6	31.9	24.2	11	16.5	25.3	26.4	31.9	26.4	14.3	29.7	15.4	15.4	15.4	12.1	27.5	23.1	33	12.1	22	18.7	19.8	24.2	28.6	12.1	17.6	11	29.7	30.8	11	29.7	22	19.8	24.2	33	18.7	11	28.6	33	13.2	28.6	30.8	30.8	17.6	14.3	29.7	29.7	26.4	33	25.3	14.3	20.9	25.3	31.9	19.8	29.7	15.4	17.6	14.3	25.3	25.3	16.5	27.5	12.1	18.7	28.6	16.5	18.7	27.5	11	28.6	13.2	17.6	33	22	15.4	11	14.3	23.1	17.6	12.1	18.7	14.3	14.3	12.1	16.5	25.3	29.7	29.7	31.9	15.4	31.9	24.2	23.1	19.8	28.6	22	20.9	13.2	20.9	17.6	26.4	33	14.3	18.7	13.2	17.6	27.5	29.7	27.5	19.8	16.5	15.4	24.2	17.6	16.5	11	16.5	12.1	20.9	30.8	13.2	25.3	14.3	20.9	25.3	12.1	26.4	28.6	18.7	25.3	26.4	30.8	23.1	14.3	23.1	13.2	17.6	12.1	17.6	12.1	30.8	17.6	23.1	25.3	13.2	15.4	33	24.2	27.5	27.5	27.5	11	17.6	23.1	17.6	12.1	17.6	17.6	23.1	27.5	12.1	33	18.7	13.2	31.9	20.9	15.4	19.8	16.5	28.6	12.1	26.4	24.2	29.7	30.8	24.2	29.7	22	16.5	22	13.2	16.5	23.1	33	22	33	26.4	19.8	18.7	25.3	25.3	13.2	13.2	12.1	25.3	26.4	20.9	18.7	15.4	29.7	13.2	14.3	28.6	12.1	24.2	16.5	19.8	11	26.4	30.8	27.5	14.3	16.5	30.8	12.1	12.1	16.5	20.9	15.4	14.3	12.1	26.4	26.4	23.1	20.9	25.3	13.2	19.8	20.9	28.6	14.3	29.7	31.9	25.3	14.3	
16.5	30.8	12.1	26.4	18.7	19.8	29.7	20.9	19.8	17.6	27.5	11	20.9	29.7	14.3	20.9	20.9	13.2	25.3	30.8	22	29.7	20.9	13.2	24.2	18.7	26.4	20.9	13.2	31.9	16.5	23.1	13.2	14.3	31.9	28.6	15.4	22	30.8	33	16.5	13.2	19.8	20.9	19.8	25.3	15.4	31.9	17.6	26.4	14.3	27.5	26.4	31.9	16.5	11	25.3	27.5	11	33	25.3	31.9	28.6	27.5	14.3	26.4	14.3	23.1	31.9	18.7	22	15.4	14.3	28.6	24.2	27.5	24.2	15.4	24.2	24.2	33	26.4	20.9	13.2	17.6	15.4	30.8	19.8	13.2	15.4	20.9	12.1	14.3	23.1	25.3	15.4	25.3	33	14.3	15.4	13.2	16.5	23.1	27.5	16.5	23.1	31.9	22	15.4	18.7	30.8	26.4	27.5	27.5	18.7	18.7	24.2	33	15.4	23.1	27.5	11	20.9	19.8	19.8	17.6	12.1	30.8	30.8	28.6	18.7	31.9	12.1	26.4	14.3	18.7	20.9	22	17.6	30.8	31.9	12.1	13.2	23.1	12.1	24.2	28.6	29.7	29.7	29.7	33	29.7	22	17.6	23.1	16.5	24.2	24.2	19.8	17.6	11	18.7	28.6	30.8	30.8	13.2	18.7	17.6	26.4	20.9	27.5	22	17.6	23.1	27.5	14.3	18.7	24.2	26.4	31.9	27.5	29.7	22	26.4	33	22	27.5	25.3	13.2	13.2	13.2	20.9	23.1	29.7	13.2	22	22	14.3	30.8	24.2	22	17.6	15.4	18.7	12.1	13.2	25.3	33	25.3	29.7	29.7	13.2	27.5	12.1	26.4	31.9	28.6	12.1	27.5	11	24.2	22	31.9	27.5	22	19.8	27.5	33	28.6	27.5	30.8	11	25.3	24.2	29.7	25.3	12.1	25.3	11	19.8	13.2	14.3	25.3	20.9	16.5	12.1	16.5	30.8	19.8	20.9	18.7	23.1	22	24.2	19.8	14.3	19.8	33	12.1	11	16.5	28.6	14.3	17.6	13.2	16.5	26.4	26.4	24.2	27.5	23.1	26.4	28.6	22	29.7	33	29.7	27.5	14.3	25.3	12.1	27.5	28.6	15.4	22	11	18.7	33	18.7	15.4	26.4	24.2	31.9	19.8	24.2	29.7	13.2	27.5	26.4	15.4	
31.9	28.6	15.4	28.6	19.8	19.8	31.9	18.7	23.1	20.9	16.5	23.1	18.7	33	14.3	30.8	28.6	15.4	25.3	29.7	25.3	29.7	23.1	25.3	30.8	28.6	31.9	26.4	27.5	14.3	
11	16	17	12	10	12	15	15	15	17	12	11	15	12	11	11	17	13	18	11	19	20	10	11	20	19	19	20	10	14	11	15	19	10	18	20	11	14	13	16	10	16	12	10	14	19	20	15	20	10	19	12	11	11	10	12	18	17	13	17	11	10	17	14	20	14	11	19	10	14	14	12	15	13	14	18	14	10	11	17	14	20	14	12	14	10	15	18	14	18	19	10	15	14	19	17	18	18	16	12	11	13	14	15	14	13	19	11	13	18	18	14	19	17	16	17	12	18	16	16	15	18	16	10	16	12	16	11	14	10	12	12	17	10	11	14	11	16	11	20	11	15	19	11	13	16	12	11	18	10	12	12	17	16	15	12	10	10	12	13	11	18	17	10	12	20	12	11	14	16	17	12	11	14	14	14	16	17	15	19	17	18	12	15	19	18	11	18	11	13	11	18	15	17	15	17	19	14	11	20	20	16	18	11	14	19	16	13	16	16	11	13	17	19	13	12	14	18	20	12	11	17	13	19	12	13	20	10	20	10	13	19	19	20	16	20	17	12	14	20	20	17	20	18	20	12	19	13	19	20	15	12	16	14	18	14	13	14	18	19	11	12	16	15	19	15	18	12	19	20	16	10	14	14	10	17	13	12	13	14	14	20	18	20	13	11	12	13	18	10	14	20	11	13	19	17	17	19	17	11	
1	1	1	1	1	1	1	1	2	2	2	2	2	2	2	2	2	2	2	2	2	2	3	3	3	3	3	3	3	3	4	4	4	4	4	4	4	4	4	4	4	4	5	5	5	5	5	5	5	5	5	5	5	5	6	6	6	6	6	6	6	6	6	6	7	7	7	7	7	7	7	7	8	8	8	8	8	8	8	8	8	8	8	8	8	8	8	8	9	9	9	9	9	9	9	9	9	9	10	10	10	10	10	10	10	10	10	10	10	10	10	11	11	11	11	11	11	11	11	11	12	12	12	12	12	12	12	12	13	13	13	13	13	13	13	14	14	14	14	14	15	15	15	15	15	15	15	15	15	15	15	15	15	16	16	16	16	16	16	16	16	17	17	17	17	17	17	17	17	17	18	18	18	18	18	19	19	19	19	19	19	19	19	19	20	20	20	20	20	20	20	20	20	20	20	20	21	21	21	21	21	21	21	21	21	21	22	22	22	22	22	22	22	22	22	23	23	23	23	23	23	23	23	23	23	23	23	23	23	23	23	24	24	24	24	24	24	24	24	24	25	25	25	25	25	26	26	26	26	26	27	27	27	27	27	27	27	27	27	27	27	27	27	27	27	27	27	28	28	28	28	28	28	28	28	28	28	28	28	28	28	29	29	29	29	29	29	29	29	29	29	29	29	29	30	30	30	30	30	30	
