100
20	5
82	25.3
31	31	26	28	29	26	29	27	31	27	30	27	27	28	29	26	30	27	28	31	27	29	26	29	27	31	26	28	29	28	30	27	27	26	31	27	28	29	29	28	29	29	30	31	29	30	27	28	30	30	28	31	29	28	27	26	31	30	31	28	27	28	29	28	30	26	31	30	27	30	28	30	29	28	27	27	29	26	29	26	31	27	27	28	27	26	31	27	29	28	27	26	29	26	27	30	26	31	29	29	
81	76	89	79	83	92	82	82	80	93	86	83	94	80	76	76	90	80	89	92	89	85	80	91	79	82	76	93	90	92	80	85	94	89	92	86	85	93	92	82	90	82	94	80	81	94	78	87	77	79	82	92	84	78	77	86	83	81	77	93	94	87	92	86	92	86	79	86	83	92	87	76	83	91	85	90	90	78	94	84	88	79	85	83	86	79	90	92	76	78	92	78	94	78	84	84	85	90	86	82	
23.1	24.2	13.2	14.3	16.5	17.6	17.6	17.6	25.3	31.9	20.9	25.3	14.3	22	11	17.6	27.5	15.4	18.7	14.3	22	11	19.8	24.2	28.6	18.7	16.5	14.3	18.7	28.6	14.3	18.7	29.7	20.9	22	30.8	11	26.4	31.9	11	22	19.8	28.6	26.4	31.9	19.8	31.9	27.5	25.3	19.8	24.2	16.5	24.2	18.7	20.9	19.8	22	27.5	29.7	29.7	31.9	20.9	14.3	13.2	17.6	18.7	23.1	19.8	18.7	16.5	28.6	25.3	17.6	17.6	14.3	19.8	16.5	28.6	30.8	22	25.3	30.8	18.7	28.6	12.1	25.3	19.8	29.7	29.7	20.9	23.1	15.4	33	20.9	14.3	23.1	23.1	22	24.2	22	
33	25.3	14.3	20.9	26.4	15.4	20.9	19.8	31.9	19.8	14.3	20.9	15.4	16.5	19.8	26.4	33	24.2	23.1	27.5	19.8	11	13.2	18.7	12.1	22	17.6	29.7	30.8	20.9	27.5	28.6	19.8	17.6	33	24.2	17.6	13.2	13.2	28.6	28.6	13.2	24.2	16.5	17.6	30.8	20.9	23.1	23.1	19.8	20.9	24.2	25.3	30.8	14.3	22	27.5	18.7	33	27.5	16.5	24.2	24.2	22	13.2	28.6	17.6	24.2	12.1	27.5	18.7	18.7	30.8	16.5	14.3	15.4	22	30.8	18.7	33	22	14.3	23.1	29.7	25.3	25.3	13.2	11	12.1	17.6	31.9	15.4	13.2	15.4	18.7	26.4	17.6	24.2	28.6	12.1	
24.2	11	11	14.3	11	30.8	20.9	17.6	12.1	20.9	17.6	14.3	33	33	30.8	12.1	18.7	28.6	16.5	24.2	
12	12	11	14	13	15	18	15	14	11	12	13	16	11	14	18	13	12	18	12	20	15	14	19	17	18	16	15	11	10	15	17	19	18	16	12	19	19	12	12	15	10	12	16	20	12	14	13	17	13	12	18	14	10	10	11	17	16	20	20	17	11	20	12	14	16	14	15	12	15	19	10	15	15	16	12	11	15	15	10	19	19	11	10	12	16	19	10	18	20	20	13	13	16	20	14	13	14	10	20	
1	1	1	1	1	1	2	2	2	3	3	3	3	3	4	4	4	4	4	5	5	6	6	6	6	6	6	6	7	7	7	8	8	9	9	9	9	9	9	10	10	10	10	10	10	10	10	10	11	11	11	12	12	12	12	13	13	13	13	14	14	14	14	14	14	15	15	15	15	15	16	16	16	16	16	16	17	17	17	17	17	18	18	18	18	18	18	18	19	19	19	19	19	19	19	19	20	20	20	20	
