300
10	2
488	27.5
28	30	26	30	31	27	26	31	26	26	30	27	29	30	29	31	29	29	27	31	31	31	31	31	29	30	27	29	27	27	31	28	29	29	27	27	29	27	28	26	29	28	26	27	27	30	27	31	30	28	29	28	30	31	31	29	29	31	31	30	27	30	30	26	28	30	30	27	27	27	27	31	31	28	27	29	26	29	28	26	31	28	28	31	27	28	31	29	26	30	27	29	26	28	31	26	30	29	26	27	26	31	31	28	26	26	30	27	31	27	29	27	26	30	30	31	29	28	28	27	30	28	28	28	27	31	29	27	28	29	29	26	29	26	31	28	28	29	27	28	31	28	30	28	27	29	27	29	31	31	26	28	26	29	31	30	30	29	26	26	29	31	27	28	27	26	26	27	28	31	27	31	30	31	31	28	27	28	30	31	30	31	26	27	26	30	29	31	29	29	26	29	30	29	29	28	30	28	29	31	31	26	31	29	28	28	28	28	26	31	30	28	29	27	29	30	28	27	29	29	31	27	27	30	30	31	30	29	28	31	27	26	30	30	30	28	31	30	28	26	29	28	31	26	27	26	30	29	31	30	27	28	27	30	28	28	29	29	28	29	31	27	27	29	27	26	27	26	31	26	28	28	30	28	31	30	29	30	29	28	27	30	29	27	30	26	30	29	31	29	28	29	30	29	28	26	30	26	30	30	
92	89	76	81	78	77	77	78	77	83	82	79	90	81	78	83	92	92	94	93	90	91	82	87	89	89	84	78	77	91	87	82	79	90	87	93	76	94	89	93	89	79	85	80	84	85	76	79	78	91	93	89	89	91	88	84	84	86	81	83	77	86	81	79	77	77	79	93	83	78	76	92	85	77	79	82	91	82	88	84	94	91	87	83	79	86	90	77	87	91	94	92	82	77	91	83	80	82	86	84	93	93	79	84	86	94	77	77	80	92	81	78	93	87	88	79	81	76	77	82	88	80	87	76	89	83	87	94	89	93	93	82	93	89	77	94	78	86	93	92	91	78	89	76	86	93	86	82	87	92	83	94	92	85	79	77	93	90	94	93	94	90	86	91	93	78	84	91	94	83	84	80	90	79	93	82	83	88	88	84	78	92	80	78	85	81	91	93	84	91	87	90	88	78	90	85	87	86	81	77	94	93	83	84	91	86	86	84	76	89	83	90	91	83	82	78	93	94	94	80	80	86	82	81	92	80	76	91	77	94	85	86	93	85	79	91	82	76	91	77	78	94	89	83	86	83	77	76	84	86	82	92	87	94	80	80	83	78	91	88	85	85	77	93	91	77	77	77	76	77	86	82	80	81	89	91	81	86	93	80	76	87	93	91	76	77	92	91	86	83	77	85	79	88	84	90	78	83	85	81	
30.8	22	18.7	29.7	31.9	22	11	16.5	20.9	24.2	22	31.9	17.6	24.2	16.5	24.2	25.3	30.8	24.2	12.1	13.2	16.5	26.4	31.9	20.9	17.6	18.7	24.2	19.8	18.7	33	13.2	26.4	24.2	27.5	20.9	13.2	28.6	31.9	24.2	23.1	25.3	28.6	18.7	23.1	15.4	27.5	11	13.2	25.3	27.5	30.8	25.3	18.7	17.6	12.1	23.1	31.9	16.5	23.1	27.5	23.1	18.7	31.9	28.6	17.6	15.4	23.1	29.7	16.5	20.9	31.9	13.2	18.7	12.1	25.3	22	17.6	19.8	12.1	26.4	27.5	30.8	28.6	27.5	20.9	11	15.4	12.1	12.1	14.3	17.6	33	31.9	17.6	13.2	14.3	25.3	27.5	11	16.5	14.3	33	11	15.4	25.3	19.8	18.7	30.8	27.5	16.5	19.8	27.5	22	18.7	18.7	20.9	14.3	16.5	15.4	22	23.1	27.5	31.9	17.6	30.8	20.9	12.1	22	13.2	33	30.8	19.8	25.3	26.4	24.2	15.4	28.6	24.2	19.8	29.7	17.6	23.1	19.8	25.3	30.8	28.6	14.3	12.1	16.5	30.8	26.4	16.5	22	12.1	27.5	13.2	22	26.4	15.4	23.1	24.2	31.9	30.8	30.8	16.5	25.3	23.1	24.2	24.2	26.4	20.9	28.6	22	14.3	12.1	14.3	22	11	25.3	12.1	28.6	20.9	11	22	11	23.1	19.8	15.4	27.5	31.9	14.3	26.4	12.1	29.7	18.7	15.4	20.9	31.9	25.3	12.1	29.7	12.1	20.9	12.1	19.8	20.9	28.6	22	23.1	15.4	14.3	14.3	19.8	17.6	20.9	33	30.8	26.4	17.6	33	29.7	24.2	27.5	28.6	12.1	17.6	13.2	11	12.1	18.7	17.6	18.7	33	25.3	30.8	17.6	20.9	12.1	12.1	23.1	31.9	14.3	29.7	28.6	18.7	12.1	20.9	11	14.3	15.4	18.7	27.5	11	33	26.4	26.4	33	28.6	18.7	23.1	29.7	27.5	16.5	27.5	17.6	31.9	27.5	12.1	11	29.7	16.5	27.5	19.8	17.6	22	13.2	25.3	22	13.2	26.4	28.6	14.3	15.4	11	19.8	27.5	25.3	11	14.3	25.3	24.2	20.9	27.5	15.4	12.1	11	28.6	17.6	31.9	
19.8	17.6	30.8	24.2	28.6	33	18.7	19.8	20.9	22	30.8	24.2	15.4	29.7	27.5	15.4	20.9	13.2	27.5	29.7	29.7	18.7	17.6	23.1	28.6	23.1	22	15.4	33	22	15.4	23.1	29.7	25.3	13.2	15.4	19.8	17.6	11	17.6	16.5	15.4	31.9	17.6	28.6	15.4	14.3	23.1	28.6	22	30.8	33	15.4	24.2	14.3	31.9	29.7	24.2	20.9	11	16.5	27.5	26.4	26.4	29.7	18.7	20.9	24.2	13.2	29.7	12.1	14.3	20.9	22	17.6	24.2	12.1	30.8	25.3	17.6	27.5	25.3	27.5	20.9	20.9	31.9	19.8	12.1	20.9	18.7	17.6	20.9	26.4	29.7	13.2	33	25.3	23.1	15.4	14.3	16.5	14.3	28.6	12.1	14.3	11	31.9	16.5	14.3	14.3	26.4	15.4	20.9	16.5	27.5	23.1	12.1	26.4	18.7	30.8	22	26.4	30.8	31.9	29.7	24.2	15.4	15.4	26.4	25.3	22	31.9	24.2	22	25.3	13.2	24.2	12.1	27.5	33	25.3	16.5	27.5	31.9	17.6	12.1	26.4	15.4	31.9	17.6	31.9	14.3	18.7	31.9	11	11	12.1	28.6	31.9	22	27.5	13.2	23.1	26.4	28.6	31.9	28.6	28.6	18.7	28.6	25.3	30.8	31.9	25.3	14.3	13.2	27.5	15.4	19.8	20.9	25.3	12.1	27.5	26.4	31.9	18.7	12.1	15.4	25.3	24.2	17.6	14.3	31.9	15.4	16.5	13.2	24.2	18.7	18.7	31.9	26.4	25.3	14.3	28.6	18.7	24.2	20.9	30.8	25.3	18.7	20.9	16.5	16.5	15.4	22	23.1	15.4	13.2	30.8	14.3	31.9	25.3	14.3	28.6	18.7	18.7	16.5	29.7	31.9	17.6	16.5	22	22	17.6	15.4	12.1	33	33	14.3	13.2	14.3	27.5	31.9	31.9	25.3	16.5	17.6	16.5	29.7	17.6	19.8	17.6	16.5	28.6	18.7	15.4	16.5	28.6	27.5	29.7	19.8	26.4	25.3	14.3	14.3	26.4	12.1	31.9	28.6	26.4	23.1	17.6	24.2	19.8	28.6	25.3	11	11	24.2	29.7	33	19.8	28.6	20.9	20.9	18.7	26.4	28.6	14.3	13.2	25.3	26.4	20.9	30.8	33	16.5	11	12.1	17.6	17.6	
29.7	29.7	20.9	16.5	13.2	12.1	28.6	17.6	19.8	17.6	
11	18	11	20	19	20	19	18	17	12	11	16	19	20	17	11	13	12	11	13	16	12	20	11	16	12	11	11	16	19	19	17	20	17	17	18	19	17	14	10	12	17	12	11	18	11	10	15	19	11	10	20	14	20	10	15	12	17	19	10	15	17	20	13	14	20	12	14	18	20	11	14	15	19	13	19	12	12	19	18	13	12	19	19	18	11	20	19	12	10	13	20	11	16	18	10	12	13	16	16	14	17	20	11	20	18	18	19	15	11	17	19	15	13	16	11	19	18	17	20	17	10	13	10	18	13	11	19	10	11	17	14	15	11	20	20	20	14	16	14	13	15	20	20	12	20	19	12	16	15	16	16	13	13	16	16	13	10	17	19	11	17	19	17	11	14	19	18	16	20	18	16	13	18	17	20	10	12	17	14	16	20	12	14	17	19	12	19	16	11	18	18	10	14	14	13	14	18	15	10	12	19	12	15	11	20	19	10	11	14	18	12	13	19	14	17	16	15	15	14	13	11	15	20	12	17	16	11	16	15	13	11	10	19	12	16	13	18	17	16	15	10	15	16	20	20	12	11	11	19	16	11	17	17	10	18	12	12	15	12	14	20	14	17	20	15	11	10	18	19	12	10	20	14	16	19	13	11	13	12	19	13	16	11	10	11	19	20	10	17	11	20	14	14	12	14	16	18	17	14	
1	1	1	1	1	1	1	1	1	1	1	1	1	1	1	1	1	1	1	1	1	1	1	1	2	2	2	2	2	2	2	2	2	2	2	2	2	2	2	2	2	2	2	2	2	2	2	2	2	2	2	2	2	3	3	3	3	3	3	3	3	3	3	3	3	3	3	3	3	3	3	3	3	3	3	3	3	3	4	4	4	4	4	4	4	4	4	4	4	4	4	4	4	4	4	4	4	4	4	4	4	4	4	4	4	4	4	5	5	5	5	5	5	5	5	5	5	5	5	5	5	5	5	5	5	5	5	5	5	5	5	5	5	5	6	6	6	6	6	6	6	6	6	6	6	6	6	6	6	6	6	6	6	6	6	6	6	6	6	6	6	6	6	6	6	6	7	7	7	7	7	7	7	7	7	7	7	7	7	7	7	7	7	7	7	7	7	7	7	7	7	7	7	7	7	7	7	7	7	7	7	7	7	7	7	8	8	8	8	8	8	8	8	8	8	8	8	8	8	8	8	8	8	8	8	8	8	8	8	8	8	8	8	8	8	8	8	8	8	8	9	9	9	9	9	9	9	9	9	9	9	9	9	9	9	9	9	9	9	9	9	9	9	9	9	9	9	9	9	9	9	9	9	9	9	10	10	10	10	10	10	10	10	10	10	10	10	10	10	10	10	10	10	10	10	10	10	10	10	10	
