500
30	2
250	23.1
29	30	30	27	31	29	27	30	29	27	27	29	31	31	29	26	28	30	28	28	28	30	29	31	27	29	31	28	27	28	30	30	29	31	29	26	30	29	27	29	27	26	30	29	31	29	28	30	29	26	31	26	27	30	27	30	31	30	27	29	27	29	28	31	27	27	31	28	27	31	31	29	29	30	29	26	31	27	30	30	27	28	27	27	30	30	26	28	31	30	29	27	29	30	29	26	28	27	31	30	27	31	31	28	28	28	28	26	31	31	29	27	28	30	30	28	30	30	27	29	31	28	26	29	28	30	26	28	26	31	31	28	30	30	29	31	28	30	31	26	27	27	26	28	29	26	30	31	27	31	28	30	28	30	31	30	31	30	27	26	30	28	28	30	26	30	28	31	28	30	27	26	27	29	31	27	30	31	26	29	29	29	26	28	26	27	26	29	27	26	28	31	28	26	27	28	27	30	28	30	26	28	27	28	26	29	26	31	30	26	28	30	30	28	28	26	29	31	27	30	31	27	28	27	26	30	27	26	27	31	29	28	30	27	29	27	29	26	31	29	27	30	30	28	30	26	30	31	28	30	27	31	30	26	27	30	31	30	27	26	27	30	26	26	26	31	31	26	30	29	29	26	30	31	27	31	26	31	27	29	28	27	27	28	31	30	31	30	29	26	28	26	29	26	31	31	26	29	31	30	26	29	30	30	28	26	26	29	30	31	26	27	26	27	27	28	29	27	28	26	29	27	28	26	30	28	26	27	27	31	29	27	30	31	27	29	30	26	27	28	26	28	27	30	31	28	31	30	27	30	27	26	28	28	29	27	30	27	27	29	26	27	27	30	27	31	27	28	30	29	27	27	26	29	30	28	30	28	26	30	26	29	28	29	27	30	26	31	29	26	27	29	28	28	27	28	31	27	30	27	31	26	28	30	27	26	31	29	31	26	31	30	31	28	26	31	31	27	28	27	27	28	26	31	28	29	31	31	28	29	30	29	28	27	30	31	30	28	26	29	31	29	27	27	26	27	30	27	29	28	27	26	30	26	30	27	26	28	27	26	28	28	26	30	31	30	28	31	27	28	30	28	31	26	30	29	26	31	31	26	27	31	29	27	27	27	27	30	27	30	29	30	31	26	28	30	27	29	27	29	
77	84	77	93	87	93	84	87	84	87	88	87	89	93	93	94	89	87	84	81	78	76	92	81	93	83	76	82	82	86	78	85	85	90	78	86	93	80	83	80	94	86	80	91	83	83	87	88	92	86	91	78	89	83	88	91	87	84	79	80	89	80	85	93	78	86	80	85	81	85	83	92	82	76	88	84	80	85	78	92	91	91	78	80	90	76	90	76	76	93	91	79	91	78	79	84	87	89	84	90	88	77	79	89	81	82	94	78	80	94	90	89	83	89	79	92	91	81	90	89	94	93	89	85	84	89	92	80	88	94	82	94	90	94	88	78	89	79	83	83	80	85	87	88	84	79	86	79	82	83	78	83	76	83	90	76	85	92	88	91	92	78	87	85	88	90	81	91	83	88	86	78	91	81	82	88	88	79	89	79	85	94	90	78	80	76	92	82	85	82	81	80	90	85	85	91	87	82	85	93	84	94	86	82	94	90	94	89	91	90	83	90	82	86	81	93	94	84	87	86	79	91	87	82	84	86	87	85	80	87	92	90	80	93	83	81	87	81	84	91	80	87	79	79	78	79	93	78	78	79	86	81	76	89	76	78	77	76	81	79	94	84	82	88	79	79	82	94	84	92	87	80	79	76	91	93	92	86	94	93	86	79	88	89	82	82	80	94	83	85	87	78	76	86	79	90	79	85	87	77	77	76	89	87	93	93	85	93	80	81	79	76	77	87	82	91	92	88	90	78	92	88	79	76	91	88	85	87	93	84	92	82	87	77	79	80	88	79	79	87	81	78	87	94	94	79	81	84	77	76	87	76	81	86	90	92	80	77	86	89	76	86	93	93	93	78	77	76	87	85	88	93	89	94	92	89	90	92	89	86	81	90	79	86	85	91	78	89	83	76	80	78	83	83	91	78	76	86	83	85	86	78	80	88	85	90	81	85	80	92	83	90	93	83	80	76	88	85	86	94	86	85	91	86	82	83	91	92	79	93	94	91	89	80	78	86	93	76	82	90	80	82	94	86	83	83	78	93	85	79	90	78	77	88	88	93	90	77	81	77	84	84	90	90	82	86	90	85	88	87	78	94	86	81	93	89	88	88	81	89	86	83	90	86	81	76	89	87	86	92	91	88	76	78	94	84	81	87	91	84	
13.2	25.3	17.6	14.3	12.1	31.9	13.2	12.1	16.5	19.8	13.2	11	22	27.5	29.7	25.3	17.6	24.2	12.1	24.2	23.1	28.6	11	25.3	12.1	25.3	30.8	30.8	19.8	15.4	15.4	13.2	16.5	27.5	19.8	24.2	22	24.2	22	30.8	33	31.9	27.5	26.4	29.7	24.2	29.7	22	14.3	25.3	31.9	20.9	27.5	24.2	26.4	13.2	20.9	29.7	29.7	28.6	20.9	11	15.4	15.4	30.8	11	22	11	13.2	25.3	22	20.9	18.7	20.9	16.5	19.8	23.1	16.5	17.6	28.6	19.8	23.1	27.5	27.5	14.3	25.3	29.7	20.9	27.5	24.2	28.6	31.9	15.4	18.7	20.9	20.9	22	23.1	17.6	13.2	13.2	12.1	23.1	31.9	22	25.3	22	16.5	18.7	30.8	11	27.5	14.3	23.1	28.6	18.7	12.1	15.4	20.9	18.7	31.9	33	30.8	19.8	33	29.7	18.7	12.1	27.5	20.9	29.7	17.6	27.5	30.8	11	30.8	27.5	15.4	33	25.3	11	30.8	31.9	27.5	29.7	22	22	12.1	25.3	16.5	16.5	25.3	30.8	14.3	13.2	28.6	25.3	22	11	30.8	11	23.1	19.8	11	19.8	16.5	27.5	18.7	15.4	23.1	31.9	17.6	33	15.4	16.5	29.7	24.2	16.5	25.3	23.1	26.4	33	22	24.2	15.4	23.1	17.6	28.6	20.9	20.9	29.7	19.8	20.9	31.9	16.5	31.9	27.5	14.3	24.2	19.8	29.7	33	11	22	18.7	29.7	24.2	12.1	26.4	31.9	19.8	12.1	22	15.4	31.9	16.5	20.9	28.6	23.1	28.6	28.6	11	16.5	15.4	24.2	30.8	19.8	20.9	31.9	19.8	11	24.2	14.3	20.9	20.9	22	22	28.6	22	28.6	19.8	20.9	15.4	24.2	26.4	29.7	15.4	30.8	14.3	26.4	15.4	27.5	13.2	16.5	17.6	13.2	16.5	27.5	12.1	13.2	20.9	11	27.5	27.5	13.2	16.5	25.3	17.6	33	23.1	15.4	17.6	27.5	20.9	24.2	19.8	28.6	18.7	26.4	26.4	15.4	16.5	18.7	25.3	27.5	27.5	29.7	16.5	18.7	16.5	29.7	33	27.5	23.1	20.9	33	22	24.2	22	16.5	26.4	22	15.4	23.1	27.5	13.2	24.2	22	12.1	24.2	13.2	17.6	28.6	16.5	33	20.9	14.3	27.5	24.2	20.9	14.3	17.6	29.7	28.6	18.7	24.2	33	17.6	17.6	22	14.3	14.3	24.2	27.5	24.2	31.9	22	14.3	20.9	28.6	26.4	13.2	23.1	29.7	27.5	23.1	27.5	25.3	33	12.1	22	25.3	11	25.3	15.4	31.9	13.2	29.7	20.9	18.7	20.9	23.1	27.5	19.8	27.5	12.1	18.7	33	24.2	12.1	11	18.7	17.6	12.1	17.6	31.9	25.3	24.2	19.8	33	11	16.5	33	24.2	29.7	14.3	20.9	23.1	23.1	17.6	33	20.9	30.8	31.9	19.8	17.6	14.3	14.3	23.1	15.4	24.2	15.4	12.1	18.7	12.1	13.2	14.3	27.5	22	14.3	22	17.6	14.3	22	14.3	24.2	30.8	18.7	16.5	28.6	19.8	27.5	18.7	33	31.9	18.7	20.9	19.8	33	15.4	18.7	24.2	23.1	18.7	14.3	18.7	22	11	23.1	19.8	14.3	29.7	12.1	13.2	24.2	30.8	24.2	11	18.7	31.9	24.2	23.1	33	16.5	16.5	29.7	29.7	20.9	16.5	11	13.2	31.9	20.9	16.5	18.7	14.3	25.3	28.6	19.8	16.5	29.7	28.6	17.6	19.8	17.6	14.3	25.3	13.2	24.2	31.9	18.7	24.2	27.5	12.1	17.6	23.1	14.3	18.7	12.1	15.4	17.6	22	25.3	15.4	23.1	16.5	11	27.5	17.6	30.8	
33	16.5	29.7	29.7	20.9	16.5	23.1	26.4	24.2	26.4	17.6	27.5	25.3	26.4	27.5	25.3	12.1	31.9	11	25.3	22	29.7	27.5	17.6	15.4	17.6	19.8	30.8	24.2	26.4	24.2	27.5	33	26.4	27.5	20.9	15.4	26.4	16.5	12.1	17.6	24.2	18.7	27.5	33	24.2	24.2	16.5	11	30.8	28.6	19.8	20.9	13.2	26.4	17.6	24.2	16.5	12.1	33	14.3	17.6	19.8	22	20.9	12.1	26.4	29.7	20.9	30.8	15.4	22	17.6	22	28.6	12.1	20.9	29.7	18.7	20.9	25.3	15.4	15.4	18.7	18.7	33	17.6	12.1	22	11	14.3	22	30.8	18.7	12.1	19.8	11	19.8	16.5	19.8	30.8	23.1	20.9	17.6	16.5	14.3	11	12.1	25.3	29.7	17.6	16.5	20.9	13.2	20.9	27.5	27.5	13.2	31.9	31.9	33	33	17.6	26.4	15.4	29.7	12.1	17.6	24.2	27.5	22	18.7	30.8	26.4	22	13.2	25.3	18.7	27.5	14.3	20.9	12.1	22	27.5	17.6	18.7	23.1	13.2	24.2	11	13.2	26.4	33	20.9	33	19.8	15.4	30.8	33	18.7	19.8	23.1	16.5	11	15.4	28.6	11	13.2	25.3	15.4	23.1	11	27.5	29.7	20.9	24.2	25.3	31.9	19.8	13.2	19.8	28.6	23.1	30.8	18.7	18.7	24.2	15.4	30.8	19.8	14.3	15.4	18.7	26.4	25.3	14.3	29.7	18.7	11	12.1	24.2	19.8	11	20.9	14.3	20.9	31.9	30.8	12.1	24.2	14.3	17.6	28.6	28.6	33	16.5	29.7	33	14.3	13.2	12.1	24.2	20.9	17.6	31.9	30.8	28.6	24.2	18.7	13.2	23.1	24.2	27.5	31.9	14.3	25.3	12.1	13.2	13.2	11	33	26.4	26.4	22	23.1	14.3	26.4	14.3	23.1	19.8	27.5	26.4	24.2	13.2	11	14.3	27.5	18.7	31.9	27.5	33	28.6	13.2	30.8	16.5	31.9	17.6	18.7	18.7	19.8	20.9	14.3	15.4	23.1	29.7	11	14.3	25.3	18.7	18.7	29.7	17.6	27.5	26.4	25.3	19.8	18.7	23.1	30.8	13.2	20.9	11	14.3	25.3	22	19.8	11	20.9	15.4	29.7	17.6	33	12.1	12.1	12.1	24.2	28.6	15.4	12.1	16.5	17.6	23.1	29.7	27.5	12.1	28.6	33	16.5	33	11	12.1	13.2	29.7	23.1	13.2	33	30.8	16.5	30.8	13.2	18.7	28.6	22	29.7	12.1	24.2	15.4	15.4	29.7	22	33	25.3	27.5	13.2	28.6	14.3	31.9	19.8	33	12.1	19.8	15.4	23.1	28.6	33	27.5	28.6	22	15.4	24.2	30.8	27.5	23.1	11	26.4	17.6	12.1	26.4	25.3	30.8	12.1	26.4	16.5	22	16.5	16.5	33	17.6	15.4	19.8	16.5	14.3	19.8	31.9	25.3	17.6	12.1	33	23.1	12.1	11	15.4	26.4	14.3	20.9	23.1	24.2	31.9	14.3	11	24.2	20.9	19.8	31.9	17.6	19.8	14.3	20.9	29.7	17.6	14.3	26.4	22	12.1	14.3	14.3	26.4	13.2	20.9	20.9	29.7	23.1	19.8	19.8	25.3	22	20.9	14.3	12.1	13.2	29.7	25.3	26.4	25.3	30.8	15.4	28.6	13.2	26.4	31.9	25.3	33	24.2	11	22	16.5	13.2	13.2	23.1	12.1	14.3	13.2	14.3	30.8	33	19.8	16.5	26.4	33	16.5	14.3	20.9	25.3	12.1	15.4	19.8	23.1	19.8	18.7	16.5	16.5	13.2	18.7	11	19.8	23.1	26.4	26.4	26.4	13.2	18.7	18.7	31.9	33	12.1	14.3	28.6	13.2	29.7	31.9	18.7	17.6	28.6	17.6	29.7	12.1	22	19.8	18.7	15.4	
13.2	15.4	28.6	23.1	11	28.6	13.2	15.4	27.5	11	29.7	16.5	23.1	13.2	24.2	19.8	11	26.4	27.5	33	26.4	29.7	22	17.6	30.8	17.6	15.4	24.2	27.5	13.2	
17	12	18	11	13	13	14	15	19	19	10	18	11	12	13	18	19	17	10	12	20	20	11	19	17	18	18	16	11	14	14	20	17	11	20	14	10	10	13	16	13	15	17	20	12	14	18	11	11	13	18	15	12	17	10	12	12	16	10	19	15	12	11	10	20	10	13	10	12	11	14	18	15	10	16	17	14	12	15	15	11	20	19	14	10	17	12	15	12	12	19	10	20	18	14	10	15	16	17	15	20	16	11	19	13	17	10	15	10	14	15	20	16	12	17	16	20	14	10	16	11	14	16	17	14	17	10	10	11	11	17	20	20	20	11	12	11	15	10	15	14	16	16	16	16	20	14	10	16	20	14	20	11	19	16	20	19	19	18	10	17	11	12	10	10	17	18	19	10	13	11	11	12	13	14	17	14	12	20	17	10	14	11	11	19	17	15	16	12	13	15	20	14	19	20	18	19	20	14	18	19	11	10	16	17	15	12	13	11	12	13	15	12	15	20	12	10	15	11	13	12	11	17	15	15	16	15	17	13	11	15	20	18	20	17	11	10	17	17	12	17	16	16	14	14	11	19	20	19	16	20	17	13	15	15	12	10	16	10	14	15	14	13	16	20	16	16	14	14	14	20	16	18	12	11	14	14	20	18	10	12	18	14	14	10	20	19	10	16	13	20	14	10	16	12	18	15	11	10	10	14	14	13	17	10	14	12	10	15	16	15	19	13	17	18	17	10	16	16	20	17	13	13	18	10	19	14	12	10	16	19	20	12	18	17	16	10	14	17	13	15	17	15	19	10	10	20	20	19	10	15	11	13	18	16	11	16	20	11	16	19	15	15	12	16	14	18	17	12	17	16	16	11	12	16	19	10	16	20	15	11	19	19	20	16	18	13	17	17	16	20	19	10	18	12	15	20	19	20	15	18	14	16	16	11	12	15	17	11	20	16	16	12	11	13	12	16	17	17	16	14	14	11	17	16	20	12	13	10	16	10	18	19	17	17	15	15	19	16	14	18	17	17	18	14	20	15	13	13	11	12	14	15	20	12	10	13	13	19	13	14	11	16	12	14	11	18	10	11	18	14	17	15	12	12	11	14	20	18	11	17	13	18	10	14	10	20	12	10	12	18	11	16	16	18	13	14	15	20	10	
1	1	1	1	1	1	1	1	1	1	1	1	1	1	1	1	1	1	2	2	2	2	2	2	2	2	2	2	2	2	2	2	2	2	2	2	2	3	3	3	3	3	3	3	3	3	3	3	3	3	3	3	3	3	3	4	4	4	4	4	4	4	4	4	4	4	4	4	4	4	4	4	4	4	4	4	4	4	5	5	5	5	5	5	5	5	5	5	5	5	5	5	5	5	5	5	5	5	5	5	5	5	6	6	6	6	6	6	6	6	6	6	6	6	6	6	6	7	7	7	7	7	7	7	7	7	8	8	8	8	8	8	8	8	8	8	8	8	8	8	8	8	8	8	9	9	9	9	9	9	9	9	9	9	9	9	9	9	9	9	9	9	10	10	10	10	10	10	10	10	10	10	10	10	10	10	10	10	10	10	10	10	10	10	11	11	11	11	11	11	11	11	11	11	11	11	11	11	11	11	11	12	12	12	12	12	12	12	12	12	12	12	12	12	12	12	12	13	13	13	13	13	13	13	13	13	13	13	13	13	13	13	13	13	14	14	14	14	14	14	14	14	14	15	15	15	15	15	15	15	15	15	15	15	15	15	15	15	15	15	16	16	16	16	16	16	16	16	16	16	16	16	16	16	16	16	16	17	17	17	17	17	17	17	17	17	18	18	18	18	18	18	18	18	18	18	18	18	18	18	18	18	18	19	19	19	19	19	19	19	19	19	19	19	19	19	19	19	19	19	20	20	20	20	20	20	20	20	20	20	20	20	20	20	20	20	20	20	20	21	21	21	21	21	21	21	21	21	21	21	21	21	21	21	21	21	22	22	22	22	22	22	22	22	22	22	22	23	23	23	23	23	23	23	23	23	23	23	23	23	23	24	24	24	24	24	24	24	24	24	24	24	24	24	24	24	24	24	24	24	24	25	25	25	25	25	25	25	25	25	25	25	25	25	25	26	26	26	26	26	26	26	26	26	26	26	26	26	26	26	26	26	26	26	26	26	27	27	27	27	27	27	27	27	27	27	27	27	27	27	27	27	27	27	27	27	27	28	28	28	28	28	28	28	28	28	28	28	28	28	29	29	29	29	29	29	29	29	29	29	29	29	29	29	29	29	30	30	30	30	30	30	30	30	30	30	30	30	30	30	
