100
20	5
75	30.8
30	29	30	30	29	29	28	26	29	26	29	26	26	29	28	27	28	30	26	27	26	31	30	29	30	30	31	26	27	26	29	27	28	29	30	27	31	26	26	28	30	28	29	31	31	29	28	29	30	31	27	30	28	26	29	31	26	26	26	26	27	29	30	27	26	29	31	27	28	29	28	26	26	28	26	31	27	27	29	30	29	30	29	31	27	30	29	26	31	28	29	30	31	27	30	27	26	26	26	28	
92	90	84	78	92	85	90	80	92	91	83	78	76	87	82	85	78	84	92	91	83	93	88	82	76	80	94	87	93	86	87	91	81	79	92	83	84	79	78	86	79	79	84	89	82	91	76	81	91	85	87	88	81	88	93	88	88	92	91	81	77	94	90	94	86	90	85	90	77	86	89	82	77	85	82	94	78	79	81	94	92	83	93	82	84	78	79	86	89	84	93	83	77	79	76	91	77	76	84	76	
18.7	12.1	27.5	16.5	15.4	25.3	25.3	24.2	22	17.6	22	25.3	15.4	12.1	20.9	27.5	18.7	30.8	28.6	18.7	23.1	24.2	31.9	11	31.9	12.1	17.6	33	31.9	15.4	20.9	18.7	23.1	25.3	33	13.2	19.8	19.8	31.9	25.3	24.2	20.9	13.2	13.2	24.2	23.1	28.6	30.8	16.5	20.9	31.9	18.7	28.6	31.9	24.2	23.1	19.8	16.5	28.6	12.1	30.8	17.6	29.7	20.9	16.5	31.9	12.1	11	33	20.9	15.4	29.7	33	24.2	12.1	13.2	27.5	28.6	16.5	24.2	17.6	29.7	26.4	30.8	20.9	22	18.7	18.7	26.4	19.8	33	27.5	29.7	23.1	28.6	15.4	19.8	11	33	25.3	
28.6	31.9	16.5	17.6	17.6	29.7	25.3	27.5	18.7	22	25.3	13.2	16.5	25.3	26.4	30.8	29.7	27.5	18.7	25.3	30.8	33	25.3	26.4	13.2	20.9	31.9	12.1	31.9	16.5	18.7	24.2	27.5	11	24.2	22	33	20.9	31.9	33	33	29.7	16.5	33	23.1	20.9	31.9	17.6	22	27.5	33	23.1	17.6	17.6	26.4	15.4	30.8	27.5	12.1	30.8	26.4	30.8	12.1	19.8	15.4	11	15.4	31.9	24.2	23.1	15.4	25.3	19.8	29.7	30.8	20.9	26.4	18.7	22	31.9	23.1	16.5	23.1	25.3	16.5	16.5	33	19.8	20.9	16.5	14.3	11	31.9	25.3	24.2	17.6	17.6	17.6	27.5	25.3	
20.9	16.5	26.4	12.1	15.4	31.9	16.5	14.3	25.3	11	25.3	16.5	19.8	31.9	13.2	22	27.5	31.9	30.8	24.2	
13	13	11	17	13	20	18	13	16	16	18	13	18	12	12	10	15	12	17	11	10	14	11	14	17	11	10	11	10	15	18	14	10	17	17	14	20	13	11	16	14	19	12	13	15	19	17	10	12	18	19	16	19	19	15	17	14	13	16	20	13	13	16	14	15	18	19	20	14	15	20	10	15	18	15	16	16	16	16	17	17	17	11	16	11	16	19	13	14	16	18	13	13	13	11	18	17	13	20	14	
1	1	1	1	2	2	2	2	3	3	3	3	3	4	4	5	5	5	5	5	5	5	5	6	6	6	6	6	6	6	7	7	7	7	8	8	9	9	9	9	10	10	10	10	10	10	11	11	11	11	11	11	12	12	12	12	13	13	13	13	13	13	13	13	13	13	13	14	14	14	15	15	15	15	16	16	16	16	17	17	17	17	17	17	17	17	17	18	18	18	18	18	19	19	19	20	20	20	20	20	
