500
20	4
402	25.3
31	28	31	26	26	27	28	29	26	30	30	26	26	30	30	31	29	27	26	26	29	31	26	27	30	30	31	31	30	30	30	30	31	27	30	31	26	31	31	28	27	29	29	30	26	30	26	31	28	26	30	31	30	29	26	26	29	29	27	28	27	29	31	29	30	27	30	26	29	26	31	31	26	27	30	30	31	31	28	31	30	27	27	28	30	30	28	28	28	28	29	30	26	27	31	31	29	29	31	31	28	30	30	27	31	30	31	29	30	31	28	26	29	30	30	31	28	26	31	31	29	27	26	31	31	31	30	31	30	28	27	31	26	30	29	30	30	31	26	26	30	29	31	29	31	28	26	29	30	27	31	27	28	30	27	31	27	28	31	27	30	31	29	28	31	27	27	27	26	27	30	30	29	29	27	28	30	27	29	29	26	27	28	30	31	26	29	29	29	31	28	27	29	26	30	28	26	29	30	26	28	30	26	30	27	29	31	28	27	30	31	29	31	29	31	30	27	28	31	28	26	30	26	28	28	26	30	29	28	26	30	27	27	31	31	27	27	29	30	29	26	27	27	30	27	26	28	27	26	30	28	31	28	31	30	28	30	27	27	26	30	29	31	26	29	29	26	31	31	28	29	31	28	28	31	26	28	27	31	30	28	26	29	26	26	27	31	26	29	31	29	28	31	29	28	28	28	30	30	27	30	26	31	26	30	27	26	27	31	28	28	27	31	30	30	27	28	26	31	26	28	27	27	31	30	29	30	26	29	29	30	26	26	29	26	30	31	28	30	31	28	31	28	27	29	29	29	27	28	31	26	29	31	26	26	29	30	26	30	29	28	30	27	30	28	29	31	26	28	26	29	29	26	30	27	28	28	31	28	29	30	28	30	26	26	31	26	28	27	28	29	29	30	27	27	30	28	29	26	28	29	28	29	26	29	29	26	28	31	28	29	26	28	29	28	26	29	31	30	29	30	30	28	30	30	29	27	30	26	29	29	29	27	28	28	30	26	29	31	29	29	29	27	30	27	31	30	28	26	27	29	30	31	31	26	26	28	30	30	31	28	28	30	30	31	30	30	28	26	31	29	28	31	28	29	28	28	29	31	30	26	28	26	29	29	30	31	30	26	28	26	28	27	29	26	27	30	27	30	26	
78	84	93	81	89	76	88	93	84	85	79	76	77	94	84	91	86	91	78	79	83	92	85	94	76	85	85	89	76	79	86	90	93	79	79	89	78	88	89	78	76	87	80	78	84	94	88	82	88	84	84	82	85	86	84	90	92	94	88	80	83	78	91	81	85	76	86	81	92	90	88	77	85	85	91	82	90	76	83	81	84	89	81	89	92	79	90	83	78	84	84	78	83	80	85	86	78	79	88	83	94	92	77	80	83	82	81	91	84	90	91	80	80	78	88	94	83	87	77	91	83	82	90	80	88	92	92	84	88	94	87	81	77	77	94	90	85	79	91	90	80	82	80	84	92	91	92	80	90	91	81	84	82	82	87	81	93	92	76	79	79	88	90	82	78	82	80	77	79	90	76	87	87	90	81	86	91	89	91	91	93	86	77	78	85	86	84	92	84	88	77	76	92	84	79	80	83	79	87	91	93	85	76	76	78	85	78	93	87	80	93	94	82	77	80	79	89	77	82	86	79	92	77	80	92	80	77	76	93	83	77	94	84	84	94	90	79	84	78	79	83	82	94	84	82	84	87	79	81	93	84	80	90	85	81	88	87	90	92	84	86	92	91	79	94	86	76	89	81	87	81	82	83	89	83	91	84	87	85	78	76	77	78	79	79	88	79	94	90	83	92	88	79	78	94	93	77	84	84	90	86	82	77	90	80	82	80	86	81	77	79	79	81	87	90	81	94	91	81	79	80	78	94	87	93	84	87	86	82	93	92	93	76	82	86	89	80	85	76	82	80	84	87	76	89	93	92	93	90	77	88	87	77	84	83	85	87	91	92	83	93	92	87	84	82	77	77	90	85	94	83	89	91	77	93	78	87	93	83	76	85	83	94	94	91	89	93	77	85	85	93	86	76	82	79	88	91	84	76	78	89	83	85	92	94	88	85	91	77	85	90	89	78	82	92	80	83	79	87	87	77	79	76	88	94	87	78	77	91	92	79	91	78	76	89	85	89	92	89	86	86	84	81	85	81	91	82	76	92	93	79	87	80	86	83	88	91	82	79	89	83	83	83	81	89	81	91	87	90	93	80	81	93	86	91	85	87	83	77	91	79	78	82	80	84	93	90	76	88	84	84	82	78	91	87	92	90	79	94	84	
27.5	25.3	33	12.1	22	13.2	31.9	31.9	17.6	14.3	19.8	16.5	15.4	18.7	20.9	22	24.2	20.9	17.6	16.5	24.2	33	11	14.3	18.7	15.4	19.8	18.7	14.3	15.4	23.1	17.6	31.9	19.8	28.6	31.9	26.4	15.4	19.8	28.6	12.1	17.6	28.6	12.1	25.3	20.9	17.6	27.5	15.4	24.2	18.7	11	31.9	26.4	11	23.1	27.5	22	19.8	17.6	15.4	23.1	13.2	18.7	31.9	30.8	26.4	13.2	13.2	24.2	31.9	11	23.1	30.8	15.4	33	17.6	19.8	31.9	13.2	20.9	14.3	25.3	26.4	14.3	27.5	24.2	11	19.8	11	12.1	12.1	18.7	16.5	15.4	26.4	13.2	30.8	33	22	25.3	26.4	15.4	11	12.1	22	20.9	22	19.8	16.5	16.5	16.5	30.8	33	22	17.6	14.3	26.4	18.7	11	24.2	22	15.4	11	28.6	14.3	25.3	25.3	28.6	17.6	23.1	20.9	26.4	13.2	13.2	13.2	17.6	30.8	15.4	16.5	31.9	25.3	20.9	14.3	27.5	28.6	13.2	31.9	11	29.7	17.6	28.6	33	23.1	28.6	29.7	15.4	24.2	33	15.4	16.5	13.2	22	20.9	25.3	20.9	16.5	15.4	18.7	33	18.7	29.7	29.7	11	28.6	14.3	31.9	14.3	19.8	14.3	11	14.3	16.5	17.6	19.8	14.3	24.2	31.9	25.3	28.6	16.5	22	18.7	28.6	11	25.3	22	12.1	16.5	18.7	20.9	16.5	13.2	16.5	27.5	28.6	25.3	18.7	33	30.8	25.3	26.4	13.2	19.8	19.8	28.6	13.2	29.7	16.5	26.4	31.9	15.4	23.1	16.5	14.3	25.3	12.1	30.8	28.6	15.4	27.5	25.3	23.1	23.1	18.7	27.5	12.1	25.3	27.5	26.4	20.9	22	22	27.5	17.6	19.8	29.7	33	19.8	13.2	11	24.2	20.9	30.8	23.1	30.8	33	33	31.9	27.5	19.8	23.1	17.6	14.3	30.8	17.6	13.2	29.7	20.9	13.2	25.3	29.7	14.3	33	29.7	17.6	17.6	12.1	13.2	17.6	28.6	29.7	29.7	18.7	26.4	12.1	29.7	23.1	19.8	12.1	19.8	30.8	12.1	19.8	33	29.7	11	22	15.4	13.2	27.5	19.8	20.9	17.6	19.8	14.3	19.8	18.7	31.9	12.1	24.2	26.4	18.7	26.4	30.8	33	18.7	33	14.3	22	22	18.7	28.6	18.7	11	17.6	12.1	11	24.2	27.5	19.8	20.9	17.6	14.3	29.7	29.7	24.2	27.5	24.2	19.8	25.3	14.3	31.9	11	27.5	28.6	14.3	15.4	15.4	26.4	20.9	16.5	22	16.5	20.9	20.9	33	22	33	20.9	30.8	22	20.9	17.6	23.1	20.9	11	33	22	29.7	31.9	17.6	30.8	11	22	28.6	22	11	26.4	25.3	13.2	15.4	11	17.6	24.2	20.9	17.6	30.8	13.2	30.8	31.9	20.9	29.7	24.2	19.8	11	27.5	22	14.3	24.2	19.8	33	31.9	26.4	25.3	29.7	29.7	28.6	20.9	16.5	25.3	11	28.6	28.6	29.7	27.5	15.4	24.2	29.7	11	19.8	19.8	11	20.9	23.1	17.6	13.2	29.7	12.1	30.8	20.9	15.4	15.4	25.3	25.3	30.8	18.7	24.2	19.8	26.4	33	26.4	16.5	26.4	33	25.3	31.9	30.8	17.6	12.1	22	27.5	29.7	26.4	12.1	15.4	16.5	16.5	22	33	20.9	11	31.9	14.3	28.6	17.6	28.6	27.5	16.5	14.3	19.8	15.4	15.4	22	31.9	27.5	31.9	14.3	26.4	27.5	14.3	24.2	30.8	22	27.5	22	12.1	19.8	23.1	26.4	20.9	15.4	23.1	33	11	20.9	26.4	16.5	12.1	28.6	
30.8	25.3	12.1	20.9	14.3	13.2	28.6	24.2	22	13.2	23.1	25.3	27.5	27.5	26.4	28.6	17.6	33	23.1	26.4	29.7	23.1	15.4	31.9	24.2	29.7	15.4	28.6	20.9	17.6	11	15.4	30.8	31.9	23.1	30.8	31.9	24.2	26.4	28.6	33	16.5	29.7	33	20.9	28.6	19.8	12.1	19.8	13.2	26.4	11	13.2	24.2	31.9	26.4	11	27.5	14.3	30.8	23.1	19.8	23.1	25.3	12.1	11	26.4	18.7	33	18.7	24.2	14.3	26.4	15.4	14.3	33	20.9	16.5	30.8	15.4	24.2	24.2	29.7	15.4	29.7	17.6	12.1	31.9	29.7	17.6	20.9	14.3	22	20.9	33	31.9	28.6	23.1	11	18.7	29.7	11	11	33	29.7	31.9	26.4	17.6	13.2	22	26.4	33	16.5	17.6	26.4	11	31.9	15.4	28.6	26.4	18.7	16.5	14.3	24.2	23.1	20.9	17.6	17.6	27.5	17.6	14.3	15.4	31.9	33	25.3	27.5	27.5	12.1	11	31.9	16.5	14.3	31.9	29.7	13.2	26.4	24.2	17.6	15.4	27.5	29.7	27.5	15.4	30.8	28.6	31.9	27.5	12.1	33	29.7	29.7	24.2	30.8	13.2	11	30.8	20.9	28.6	19.8	25.3	19.8	14.3	20.9	29.7	20.9	12.1	33	25.3	20.9	26.4	20.9	14.3	31.9	20.9	23.1	24.2	26.4	23.1	25.3	23.1	29.7	17.6	17.6	23.1	29.7	12.1	15.4	17.6	18.7	12.1	11	24.2	14.3	18.7	17.6	30.8	27.5	30.8	22	15.4	33	14.3	26.4	22	19.8	13.2	31.9	23.1	11	24.2	17.6	17.6	27.5	20.9	13.2	19.8	17.6	29.7	18.7	23.1	16.5	13.2	14.3	30.8	20.9	24.2	14.3	12.1	30.8	20.9	24.2	23.1	26.4	23.1	30.8	11	17.6	26.4	28.6	25.3	29.7	30.8	15.4	33	24.2	13.2	16.5	27.5	14.3	33	12.1	11	25.3	19.8	33	25.3	20.9	19.8	25.3	22	23.1	18.7	29.7	16.5	24.2	25.3	30.8	19.8	17.6	28.6	27.5	22	30.8	30.8	20.9	15.4	29.7	28.6	24.2	18.7	24.2	27.5	29.7	16.5	13.2	16.5	16.5	23.1	19.8	25.3	29.7	28.6	12.1	27.5	22	14.3	20.9	15.4	22	20.9	24.2	14.3	24.2	22	24.2	11	30.8	16.5	20.9	11	28.6	14.3	27.5	13.2	14.3	15.4	19.8	23.1	17.6	27.5	17.6	16.5	11	15.4	30.8	11	31.9	20.9	12.1	12.1	15.4	24.2	29.7	27.5	25.3	11	27.5	12.1	23.1	25.3	13.2	27.5	25.3	11	20.9	23.1	17.6	15.4	11	18.7	25.3	33	19.8	13.2	28.6	26.4	26.4	27.5	30.8	28.6	18.7	20.9	30.8	19.8	29.7	13.2	28.6	23.1	11	28.6	13.2	19.8	22	16.5	15.4	19.8	18.7	20.9	14.3	17.6	16.5	25.3	19.8	17.6	22	18.7	28.6	25.3	14.3	26.4	24.2	23.1	16.5	30.8	12.1	31.9	19.8	19.8	19.8	16.5	17.6	11	13.2	27.5	25.3	27.5	17.6	25.3	16.5	16.5	29.7	11	16.5	18.7	26.4	28.6	33	23.1	26.4	16.5	18.7	14.3	33	16.5	31.9	31.9	31.9	27.5	31.9	30.8	22	28.6	31.9	12.1	13.2	23.1	22	33	16.5	24.2	19.8	15.4	11	13.2	11	16.5	16.5	11	30.8	15.4	25.3	15.4	20.9	22	22	18.7	30.8	22	29.7	14.3	16.5	29.7	18.7	18.7	27.5	26.4	13.2	29.7	22	20.9	18.7	13.2	26.4	18.7	24.2	15.4	15.4	17.6	18.7	27.5	14.3	16.5	23.1	31.9	23.1	22	28.6	19.8	27.5	30.8	
29.7	17.6	17.6	13.2	33	17.6	31.9	12.1	33	16.5	26.4	25.3	31.9	33	29.7	12.1	11	15.4	20.9	11	
19	20	17	20	13	12	14	12	12	15	17	17	17	15	19	13	14	12	15	13	14	17	14	14	12	18	15	11	20	17	18	11	18	12	16	15	15	18	12	12	10	14	14	20	13	18	17	16	13	17	19	15	20	18	12	11	12	19	16	15	12	18	18	13	11	19	13	16	12	20	19	13	15	13	14	16	10	11	12	17	17	10	14	18	15	13	16	13	20	10	16	17	12	20	17	12	14	13	13	12	18	14	14	15	17	10	19	15	10	10	13	18	16	12	17	12	15	10	17	19	19	14	15	10	15	14	13	20	16	11	19	18	11	14	15	19	12	17	13	15	14	11	10	18	13	10	13	11	13	18	18	17	14	11	19	19	11	20	14	16	11	14	16	15	16	16	20	11	15	13	17	15	13	15	12	16	10	13	18	16	14	14	18	20	14	20	19	17	15	12	14	12	18	18	12	10	12	20	15	10	16	17	12	14	16	15	16	18	12	15	11	12	17	20	11	16	11	11	12	19	20	11	11	17	15	14	10	11	12	11	19	18	11	13	18	13	19	20	18	10	13	19	12	13	15	14	16	11	12	12	14	12	15	13	11	18	16	20	15	10	16	10	20	20	20	19	11	12	20	10	20	20	16	20	10	15	20	12	19	13	18	15	11	15	20	16	17	12	10	13	15	11	13	18	15	16	18	16	15	14	17	19	19	12	14	13	11	14	13	10	11	17	15	16	10	12	16	11	11	19	13	16	15	20	11	19	14	10	10	19	11	12	15	18	18	19	16	10	20	15	13	12	15	11	13	19	19	10	12	17	12	14	20	15	19	13	18	15	20	19	20	17	13	15	16	20	10	15	10	13	17	19	13	17	15	11	12	10	19	11	10	12	14	12	18	19	11	15	11	17	19	16	16	17	20	13	12	17	19	12	17	20	16	16	12	20	19	20	17	20	15	14	10	16	16	13	16	10	15	12	16	13	20	10	13	15	19	12	18	11	13	11	12	18	17	14	18	16	14	12	12	14	14	19	10	18	13	17	14	16	17	17	14	19	18	10	15	10	16	11	17	20	10	19	18	19	18	18	13	15	18	15	19	20	19	19	10	15	20	14	20	15	20	14	16	10	17	18	16	18	18	10	12	11	10	20	19	20	10	10	
1	1	1	1	1	1	1	1	1	1	1	1	1	1	1	1	1	1	1	1	1	1	1	1	1	1	1	1	1	1	2	2	2	2	2	2	2	2	2	2	2	2	2	2	2	2	2	2	2	2	2	3	3	3	3	3	3	3	3	3	3	3	3	3	3	3	3	3	3	3	3	3	3	3	3	4	4	4	4	4	4	4	4	4	4	4	4	4	4	4	4	4	4	4	4	4	4	4	4	4	4	4	5	5	5	5	5	5	5	5	5	5	5	5	5	5	5	5	5	5	5	5	5	5	5	5	5	6	6	6	6	6	6	6	6	6	6	6	6	6	6	6	6	7	7	7	7	7	7	7	7	7	7	7	7	7	7	7	7	7	7	7	7	7	7	7	7	7	7	8	8	8	8	8	8	8	8	8	8	8	8	8	8	8	8	8	8	8	8	8	8	8	9	9	9	9	9	9	9	9	9	9	9	9	9	9	9	9	9	9	9	9	9	9	9	9	9	9	9	9	9	9	9	9	10	10	10	10	10	10	10	10	10	10	10	10	10	10	10	10	10	10	11	11	11	11	11	11	11	11	11	11	11	11	11	11	11	11	11	11	11	11	11	11	11	11	11	11	11	11	11	12	12	12	12	12	12	12	12	12	12	12	12	12	12	12	12	12	12	12	12	12	12	13	13	13	13	13	13	13	13	13	13	13	13	13	13	13	13	13	13	13	13	13	13	14	14	14	14	14	14	14	14	14	14	14	14	14	14	14	14	14	14	14	15	15	15	15	15	15	15	15	15	15	15	15	15	15	15	15	15	15	15	15	15	15	15	15	16	16	16	16	16	16	16	16	16	16	16	16	16	16	16	16	16	16	16	16	16	16	16	16	16	16	16	17	17	17	17	17	17	17	17	17	17	17	17	17	17	17	17	17	17	17	17	17	17	17	17	17	17	17	17	17	17	17	18	18	18	18	18	18	18	18	18	18	18	18	18	18	18	18	18	18	18	18	18	18	18	18	18	18	18	18	18	18	19	19	19	19	19	19	19	19	19	19	19	19	19	19	19	19	19	19	19	19	19	19	19	19	19	19	19	19	19	19	20	20	20	20	20	20	20	20	20	20	20	20	20	20	20	20	20	20	20	20	20	20	20	20	
