200
10	3
304	15.4
27	30	29	30	29	28	27	30	26	29	31	27	27	29	27	27	31	29	30	29	26	29	29	27	31	31	26	26	28	27	29	29	27	29	26	29	27	26	31	26	26	27	27	29	31	29	30	29	28	31	31	26	28	28	31	26	31	30	27	27	29	29	27	28	27	27	28	27	26	31	29	28	31	27	27	28	31	30	29	29	27	30	29	29	31	26	29	28	28	28	28	26	27	31	31	31	30	27	30	28	29	28	31	27	29	29	26	29	28	27	26	28	27	26	26	29	31	27	28	31	29	26	31	31	28	30	30	28	30	29	29	30	28	27	27	29	27	29	31	26	27	29	28	31	26	31	28	28	28	27	27	31	31	26	30	30	28	27	27	31	29	27	28	28	27	30	28	26	29	30	30	31	29	27	28	30	31	27	31	29	30	29	29	29	29	27	28	30	31	26	26	31	27	29	31	28	28	27	26	30	
84	91	77	82	81	87	76	77	84	85	88	93	84	82	85	92	85	88	79	90	84	83	86	86	92	80	77	93	81	89	78	83	78	92	92	81	90	83	76	83	94	83	78	84	89	81	84	84	87	94	80	87	85	78	86	78	80	84	78	92	78	93	91	83	89	90	77	89	79	85	80	85	76	84	85	83	77	81	78	89	86	87	84	88	83	80	91	80	90	89	86	89	88	79	94	84	86	84	85	94	78	92	82	86	81	81	78	89	90	94	81	83	88	94	83	78	78	94	90	90	91	78	90	76	79	92	93	82	82	94	76	87	78	92	94	79	77	82	82	94	76	78	85	84	78	76	79	76	84	92	76	90	78	92	92	83	82	92	84	94	78	76	80	94	94	89	87	84	78	88	92	93	76	94	92	76	76	82	76	83	92	93	90	91	76	76	85	89	88	77	91	78	88	83	86	82	84	90	77	91	
28.6	25.3	30.8	27.5	15.4	27.5	27.5	20.9	30.8	20.9	30.8	26.4	16.5	14.3	31.9	11	22	27.5	28.6	23.1	15.4	25.3	23.1	24.2	22	20.9	31.9	18.7	33	14.3	22	14.3	29.7	20.9	23.1	20.9	16.5	33	23.1	23.1	11	22	18.7	23.1	31.9	29.7	22	18.7	12.1	22	33	31.9	26.4	31.9	19.8	33	22	12.1	29.7	11	12.1	24.2	16.5	15.4	25.3	26.4	25.3	12.1	24.2	22	26.4	33	17.6	28.6	30.8	19.8	19.8	18.7	26.4	20.9	29.7	14.3	16.5	30.8	26.4	17.6	27.5	23.1	25.3	23.1	12.1	25.3	27.5	19.8	31.9	20.9	17.6	30.8	30.8	13.2	15.4	22	26.4	24.2	33	14.3	11	22	19.8	14.3	17.6	31.9	24.2	15.4	15.4	12.1	29.7	13.2	20.9	20.9	27.5	13.2	11	17.6	29.7	23.1	11	20.9	33	13.2	19.8	24.2	27.5	14.3	13.2	29.7	23.1	12.1	23.1	22	30.8	13.2	26.4	23.1	20.9	30.8	17.6	30.8	27.5	12.1	22	13.2	25.3	12.1	33	22	28.6	17.6	11	29.7	30.8	15.4	26.4	23.1	23.1	29.7	26.4	25.3	23.1	26.4	12.1	15.4	13.2	13.2	18.7	23.1	30.8	22	20.9	19.8	26.4	26.4	14.3	29.7	11	17.6	26.4	33	13.2	20.9	29.7	31.9	24.2	23.1	33	19.8	16.5	26.4	11	22	
33	11	20.9	19.8	14.3	30.8	29.7	17.6	30.8	17.6	30.8	20.9	20.9	31.9	13.2	27.5	33	31.9	13.2	11	29.7	31.9	22	27.5	27.5	33	16.5	28.6	14.3	25.3	11	28.6	23.1	31.9	14.3	33	26.4	12.1	14.3	14.3	30.8	18.7	30.8	11	22	33	22	14.3	29.7	28.6	19.8	17.6	19.8	22	19.8	15.4	20.9	14.3	18.7	18.7	11	28.6	11	27.5	18.7	11	26.4	12.1	15.4	16.5	13.2	25.3	24.2	18.7	11	13.2	22	29.7	26.4	11	12.1	28.6	27.5	22	25.3	11	17.6	18.7	33	24.2	11	20.9	15.4	31.9	26.4	31.9	12.1	12.1	33	20.9	24.2	28.6	15.4	14.3	13.2	20.9	33	22	29.7	26.4	18.7	29.7	19.8	19.8	12.1	29.7	15.4	17.6	23.1	12.1	11	15.4	22	25.3	22	18.7	29.7	16.5	33	27.5	19.8	25.3	20.9	27.5	18.7	11	12.1	30.8	11	17.6	27.5	31.9	27.5	27.5	29.7	13.2	14.3	11	11	17.6	29.7	25.3	20.9	28.6	30.8	19.8	33	15.4	31.9	14.3	24.2	33	12.1	20.9	14.3	22	15.4	25.3	14.3	15.4	25.3	27.5	25.3	20.9	12.1	24.2	11	19.8	31.9	12.1	29.7	28.6	30.8	12.1	16.5	11	26.4	11	22	15.4	16.5	24.2	11	31.9	16.5	23.1	26.4	33	23.1	33	
33	15.4	31.9	20.9	24.2	20.9	11	18.7	14.3	12.1	
15	11	16	15	15	13	12	10	15	12	11	20	16	19	13	18	14	18	19	16	14	11	15	11	15	19	17	19	18	11	16	10	16	14	20	17	15	16	19	14	12	16	10	12	20	12	17	19	10	14	12	10	19	19	12	13	20	12	16	15	20	16	13	12	13	12	13	15	20	13	15	13	16	20	19	19	13	10	17	19	13	12	14	17	15	11	10	13	19	13	19	20	14	17	16	20	13	14	20	17	18	15	16	16	10	18	14	17	15	19	10	16	12	10	17	15	19	12	16	14	11	15	17	19	18	15	14	16	11	14	18	10	19	16	12	14	19	14	14	16	11	10	13	20	20	11	13	11	17	15	18	12	10	19	14	18	13	18	19	15	12	11	17	16	19	12	11	19	17	10	12	20	10	20	16	19	13	15	11	16	17	17	14	10	10	10	18	20	16	15	20	10	10	15	14	20	15	15	16	10	
1	1	1	1	1	1	1	1	1	1	1	1	1	1	1	1	1	1	1	1	1	1	2	2	2	2	2	2	2	2	2	2	2	2	2	2	2	2	2	2	2	2	2	2	2	2	2	2	3	3	3	3	3	3	3	3	3	3	3	3	3	3	3	3	3	3	3	3	3	3	4	4	4	4	4	4	4	4	4	4	4	4	4	4	4	4	4	5	5	5	5	5	5	5	5	5	5	5	5	5	5	5	5	5	5	5	5	6	6	6	6	6	6	6	6	6	6	6	6	6	6	6	6	6	7	7	7	7	7	7	7	7	7	7	7	7	7	7	7	7	7	7	8	8	8	8	8	8	8	8	8	8	8	8	8	8	8	8	8	8	8	8	8	8	8	9	9	9	9	9	9	9	9	9	9	9	9	9	9	9	9	9	9	9	9	9	9	9	10	10	10	10	10	10	10	10	10	10	10	10	
