200
20	2
155	23.1
28	31	28	28	30	28	28	26	30	26	26	26	28	27	29	26	26	27	26	29	27	28	28	29	31	30	26	26	26	29	26	30	27	28	29	29	26	31	28	28	27	27	26	31	28	31	30	27	26	29	31	30	31	30	30	26	27	29	27	28	29	28	31	30	28	29	31	30	29	30	29	26	31	29	28	31	26	27	31	29	26	29	28	27	26	27	28	31	28	29	29	28	27	28	28	27	29	29	30	31	29	27	29	27	27	27	28	28	31	27	28	29	26	31	31	30	26	26	27	26	27	29	29	26	28	31	27	29	27	29	27	27	31	28	31	31	31	30	28	31	27	29	29	30	27	30	28	29	29	27	28	28	29	29	26	26	29	30	29	27	26	29	26	28	30	30	30	28	30	28	27	31	28	28	31	29	28	27	27	29	26	31	30	27	31	29	26	31	27	31	28	27	27	29	31	27	31	31	26	29	
90	86	90	83	86	85	87	92	88	93	89	88	94	81	80	88	86	90	87	92	80	91	92	76	86	90	91	85	91	80	93	89	76	82	86	82	81	77	94	82	81	88	86	91	88	87	77	77	92	76	78	85	94	85	76	91	81	94	92	88	82	86	87	92	82	79	84	89	93	93	83	84	87	79	80	89	81	82	82	80	92	88	79	87	80	82	80	79	92	80	83	76	87	91	79	86	92	82	80	88	88	90	91	79	94	87	80	86	81	78	87	89	91	84	89	94	76	76	79	86	93	83	85	90	89	84	90	81	82	93	82	89	78	80	77	94	90	89	91	88	80	89	88	85	90	85	91	91	81	78	92	79	84	91	88	83	93	82	77	94	93	91	93	94	76	92	76	76	87	93	91	81	84	87	88	89	76	84	88	87	80	88	90	80	89	87	76	86	79	83	87	83	94	93	91	90	93	91	86	88	
12.1	31.9	19.8	13.2	33	28.6	27.5	26.4	30.8	33	26.4	29.7	15.4	29.7	27.5	31.9	14.3	18.7	24.2	11	29.7	31.9	26.4	23.1	26.4	11	25.3	22	19.8	18.7	13.2	11	20.9	11	15.4	27.5	23.1	28.6	16.5	23.1	22	16.5	22	28.6	22	20.9	11	28.6	22	19.8	29.7	23.1	23.1	28.6	19.8	31.9	20.9	13.2	12.1	11	26.4	25.3	18.7	27.5	11	24.2	20.9	17.6	27.5	31.9	30.8	33	33	11	17.6	13.2	23.1	19.8	22	27.5	24.2	12.1	33	11	13.2	31.9	29.7	20.9	14.3	12.1	30.8	19.8	18.7	16.5	24.2	33	14.3	24.2	23.1	26.4	28.6	17.6	23.1	24.2	19.8	16.5	29.7	24.2	19.8	33	13.2	19.8	12.1	27.5	16.5	23.1	20.9	22	19.8	13.2	22	31.9	16.5	33	11	29.7	23.1	26.4	26.4	14.3	18.7	18.7	33	11	14.3	17.6	27.5	23.1	16.5	30.8	20.9	29.7	27.5	17.6	19.8	25.3	12.1	13.2	25.3	11	25.3	31.9	16.5	27.5	14.3	26.4	22	12.1	25.3	33	14.3	19.8	19.8	31.9	22	14.3	29.7	14.3	30.8	33	16.5	20.9	25.3	29.7	11	30.8	24.2	31.9	17.6	17.6	22	20.9	26.4	14.3	25.3	17.6	27.5	33	11	33	30.8	25.3	13.2	26.4	15.4	16.5	20.9	14.3	18.7	18.7	
16.5	11	13.2	17.6	28.6	24.2	25.3	23.1	20.9	15.4	12.1	24.2	26.4	20.9	33	29.7	30.8	22	18.7	25.3	11	33	18.7	26.4	12.1	13.2	23.1	24.2	16.5	18.7	20.9	17.6	20.9	16.5	17.6	29.7	12.1	27.5	15.4	14.3	16.5	33	23.1	13.2	27.5	33	15.4	30.8	30.8	11	22	31.9	23.1	30.8	28.6	28.6	27.5	33	12.1	14.3	28.6	18.7	19.8	13.2	23.1	13.2	31.9	17.6	16.5	13.2	22	15.4	15.4	17.6	20.9	20.9	19.8	27.5	11	11	31.9	19.8	11	13.2	16.5	16.5	25.3	25.3	29.7	29.7	31.9	17.6	16.5	12.1	27.5	20.9	15.4	28.6	22	18.7	23.1	11	13.2	19.8	23.1	33	27.5	20.9	30.8	23.1	12.1	33	23.1	18.7	15.4	25.3	20.9	14.3	15.4	27.5	33	23.1	11	23.1	14.3	16.5	17.6	25.3	12.1	22	26.4	15.4	14.3	27.5	18.7	27.5	22	19.8	13.2	33	27.5	15.4	18.7	20.9	18.7	15.4	15.4	12.1	25.3	22	13.2	31.9	27.5	27.5	17.6	15.4	22	28.6	24.2	20.9	30.8	16.5	27.5	15.4	18.7	18.7	29.7	13.2	28.6	11	12.1	23.1	11	15.4	13.2	27.5	20.9	19.8	12.1	12.1	16.5	17.6	25.3	30.8	11	16.5	12.1	17.6	26.4	16.5	20.9	11	12.1	28.6	17.6	17.6	18.7	31.9	30.8	11	
24.2	23.1	14.3	31.9	14.3	23.1	20.9	16.5	24.2	29.7	24.2	26.4	25.3	22	24.2	11	17.6	28.6	27.5	11	
20	18	18	15	18	16	16	17	16	15	16	13	17	15	10	11	20	12	18	19	20	16	20	12	18	10	14	20	15	20	18	17	17	13	20	20	12	16	19	12	17	19	11	15	10	11	19	18	19	18	11	16	10	11	14	10	10	19	10	18	18	11	12	16	15	11	14	15	20	11	10	17	12	16	12	11	19	16	20	13	11	15	19	13	10	16	11	12	17	15	17	15	14	14	17	12	14	13	15	10	14	20	15	16	18	12	11	14	10	18	15	19	13	12	11	16	16	17	20	10	14	10	14	16	20	18	16	20	14	12	20	11	11	20	18	18	18	19	18	13	10	20	18	16	16	12	12	13	19	17	20	20	13	20	11	19	20	20	10	15	10	13	15	19	11	14	16	19	10	18	14	10	10	11	19	13	10	17	10	20	10	19	14	13	16	10	15	12	12	17	14	14	16	13	12	11	12	14	11	17	
1	1	1	1	1	2	2	2	2	2	2	2	2	3	3	3	3	3	3	3	3	3	3	3	3	4	4	4	4	4	4	4	4	4	4	4	4	5	5	5	5	5	5	5	5	5	6	6	6	6	6	6	6	6	6	7	7	7	7	7	7	7	7	7	7	8	8	8	8	8	8	8	8	8	8	9	9	9	10	10	10	10	10	10	10	10	10	10	10	10	10	10	11	11	11	11	11	11	11	11	11	12	12	12	12	12	12	12	12	12	12	13	13	13	13	13	13	13	13	13	13	13	13	14	14	14	14	14	14	14	14	14	14	14	14	14	14	14	14	15	15	15	15	15	15	15	15	16	16	16	16	16	16	16	16	16	16	16	16	17	17	17	17	17	17	17	17	17	18	18	18	18	18	18	18	18	18	18	18	18	18	19	19	19	19	19	19	19	19	19	20	20	20	20	20	20	20	20	20	20	
