500
20	5
413	29.7
27	27	27	30	26	26	30	30	30	29	26	31	26	28	26	31	29	29	29	28	26	28	31	31	30	27	29	30	29	28	28	28	28	29	28	27	29	31	31	30	30	28	27	29	26	29	29	30	28	27	27	28	29	30	26	30	29	26	31	26	28	30	28	28	29	31	26	27	27	28	26	30	28	26	26	28	31	29	27	26	31	26	27	26	28	27	29	26	27	27	28	30	28	26	29	27	31	26	31	29	30	30	28	27	31	31	26	28	27	29	31	28	29	26	30	28	30	26	28	27	26	30	29	26	31	30	30	29	26	26	29	31	26	27	30	26	26	27	30	30	27	31	31	28	26	31	29	29	28	31	27	29	26	29	27	26	26	30	28	26	26	30	27	27	27	29	30	31	28	26	27	29	28	27	31	27	29	27	29	30	28	27	26	30	27	29	29	31	27	28	26	28	30	28	30	29	31	28	30	27	29	31	28	30	26	29	26	28	30	28	30	31	28	30	27	28	31	26	26	28	30	31	31	26	26	31	29	31	27	26	29	31	31	29	31	27	30	28	28	26	28	28	30	26	30	27	29	28	28	29	26	27	28	26	26	31	28	26	28	30	30	29	30	30	30	26	26	30	29	30	31	26	29	29	30	28	29	31	26	28	28	26	28	31	29	26	31	26	30	29	28	30	30	29	29	29	28	27	28	31	31	31	28	26	31	27	30	28	30	26	26	26	30	31	29	30	31	30	26	28	26	26	29	29	29	26	29	31	28	29	28	31	30	26	26	27	30	27	27	27	30	31	30	31	27	29	29	29	28	26	30	26	26	31	29	30	26	29	27	31	31	30	27	27	28	27	28	28	30	27	27	29	26	30	29	27	29	31	31	28	30	26	29	30	29	30	29	31	29	31	27	30	31	28	29	27	28	26	30	31	28	28	27	28	30	31	31	31	27	31	30	26	28	29	31	31	26	26	27	31	27	29	28	27	31	31	31	29	28	31	30	26	29	26	26	28	28	26	26	30	30	26	26	28	30	30	31	27	26	30	31	30	29	31	27	30	29	28	29	28	31	29	30	26	26	26	26	29	26	27	28	29	29	26	29	30	29	27	28	27	27	31	27	31	30	27	31	26	26	31	31	29	27	26	26	31	27	26	28	29	
91	80	79	90	93	79	92	81	92	93	88	76	93	89	91	93	82	78	91	79	89	90	90	79	79	79	79	82	86	90	78	84	85	87	90	89	82	91	92	91	81	91	79	76	79	79	82	76	91	93	76	81	91	79	76	83	86	87	89	80	78	86	92	77	76	83	94	81	78	83	83	81	84	94	81	83	93	83	83	77	91	81	77	80	83	89	83	88	84	86	79	79	82	89	83	87	93	89	91	92	80	78	91	79	87	87	82	82	94	90	91	85	89	88	84	78	78	90	80	86	79	84	93	92	78	92	81	79	85	79	92	85	92	87	94	82	77	92	83	87	92	78	89	81	86	92	83	77	89	88	77	77	84	76	94	76	93	76	82	82	81	94	93	78	76	91	81	92	83	88	82	90	82	84	88	79	83	89	77	79	80	76	80	77	92	91	82	86	92	87	94	84	83	94	86	88	82	85	87	81	80	78	87	84	77	94	85	92	91	77	93	86	79	78	93	87	79	77	86	85	92	80	81	94	89	85	83	85	77	84	82	87	84	92	89	78	79	83	84	89	80	81	87	94	77	91	87	87	85	78	82	80	84	82	84	87	87	85	94	87	87	88	87	92	93	92	90	90	94	93	84	85	79	89	85	92	83	79	88	87	76	80	81	89	76	87	90	82	81	83	80	91	82	82	87	81	82	78	80	89	81	90	76	76	92	94	76	88	93	80	85	86	83	93	84	77	78	84	85	78	83	82	91	89	91	85	78	83	89	79	91	94	81	92	81	92	83	94	89	85	94	87	85	89	76	83	77	94	79	91	91	82	79	84	93	94	79	87	90	89	78	79	80	78	90	86	86	77	78	80	81	90	84	87	91	88	79	78	78	88	86	91	77	88	78	86	76	89	82	76	89	85	94	91	89	78	77	94	82	89	91	77	90	88	78	82	80	87	84	94	91	87	81	91	82	86	85	93	87	86	78	81	83	88	88	92	91	83	91	92	89	82	86	78	80	77	76	91	91	78	82	82	90	87	94	81	93	80	88	79	77	84	88	76	86	79	85	81	78	76	94	92	82	85	90	78	76	91	77	86	83	90	77	79	91	91	81	84	80	89	90	80	77	77	76	79	92	82	92	91	80	90	82	94	88	78	77	85	92	87	
14.3	29.7	25.3	16.5	17.6	12.1	15.4	31.9	24.2	14.3	26.4	31.9	16.5	19.8	20.9	22	31.9	23.1	13.2	22	13.2	19.8	17.6	25.3	24.2	20.9	23.1	12.1	31.9	18.7	30.8	15.4	24.2	19.8	14.3	23.1	11	12.1	13.2	28.6	19.8	17.6	23.1	18.7	27.5	31.9	27.5	16.5	17.6	27.5	18.7	18.7	29.7	16.5	12.1	29.7	14.3	33	16.5	23.1	22	27.5	13.2	28.6	30.8	15.4	17.6	16.5	17.6	12.1	24.2	33	14.3	33	33	19.8	25.3	12.1	22	24.2	28.6	11	33	15.4	28.6	25.3	29.7	16.5	19.8	27.5	33	31.9	18.7	17.6	31.9	18.7	15.4	19.8	20.9	22	31.9	23.1	22	14.3	12.1	14.3	28.6	22	20.9	16.5	11	12.1	30.8	12.1	27.5	12.1	23.1	11	25.3	27.5	26.4	15.4	27.5	27.5	11	19.8	25.3	12.1	17.6	18.7	31.9	11	29.7	22	24.2	18.7	25.3	13.2	22	29.7	18.7	19.8	18.7	29.7	19.8	19.8	18.7	26.4	11	27.5	33	17.6	15.4	26.4	11	14.3	19.8	15.4	23.1	29.7	24.2	14.3	12.1	11	13.2	20.9	28.6	16.5	26.4	16.5	25.3	18.7	22	13.2	12.1	22	22	11	20.9	13.2	26.4	25.3	26.4	31.9	27.5	14.3	17.6	33	29.7	11	24.2	20.9	31.9	20.9	28.6	33	12.1	18.7	17.6	27.5	14.3	30.8	12.1	24.2	33	13.2	15.4	13.2	18.7	25.3	26.4	27.5	33	27.5	19.8	20.9	30.8	19.8	18.7	13.2	30.8	14.3	31.9	25.3	25.3	26.4	23.1	22	22	14.3	12.1	29.7	12.1	29.7	16.5	15.4	17.6	26.4	24.2	29.7	17.6	30.8	16.5	11	24.2	23.1	22	12.1	11	25.3	18.7	23.1	30.8	28.6	22	26.4	17.6	22	30.8	17.6	14.3	24.2	18.7	28.6	18.7	31.9	18.7	14.3	25.3	28.6	15.4	17.6	12.1	14.3	23.1	26.4	18.7	23.1	23.1	24.2	24.2	16.5	25.3	25.3	16.5	14.3	33	16.5	27.5	27.5	28.6	19.8	19.8	14.3	16.5	18.7	15.4	26.4	24.2	11	20.9	23.1	33	22	33	11	33	30.8	18.7	22	31.9	33	29.7	23.1	11	33	13.2	27.5	19.8	19.8	27.5	11	17.6	26.4	12.1	25.3	15.4	31.9	13.2	28.6	31.9	18.7	29.7	25.3	17.6	13.2	30.8	15.4	25.3	31.9	24.2	26.4	17.6	22	16.5	30.8	24.2	20.9	17.6	24.2	16.5	12.1	18.7	29.7	29.7	23.1	29.7	29.7	31.9	14.3	12.1	24.2	29.7	33	29.7	25.3	31.9	28.6	23.1	11	14.3	33	14.3	19.8	14.3	20.9	28.6	29.7	33	15.4	33	20.9	30.8	17.6	29.7	20.9	29.7	20.9	27.5	30.8	15.4	19.8	11	33	28.6	17.6	29.7	13.2	22	11	17.6	24.2	24.2	18.7	33	24.2	23.1	27.5	16.5	31.9	18.7	28.6	20.9	25.3	33	27.5	26.4	28.6	29.7	26.4	18.7	12.1	33	25.3	23.1	29.7	33	30.8	13.2	26.4	18.7	13.2	26.4	14.3	29.7	23.1	24.2	24.2	33	16.5	25.3	16.5	26.4	17.6	20.9	20.9	28.6	27.5	18.7	16.5	11	11	19.8	13.2	24.2	13.2	26.4	13.2	19.8	15.4	27.5	13.2	19.8	12.1	29.7	19.8	29.7	15.4	20.9	19.8	30.8	12.1	12.1	27.5	27.5	24.2	11	17.6	27.5	22	23.1	25.3	20.9	30.8	19.8	30.8	20.9	29.7	13.2	26.4	22	23.1	19.8	20.9	24.2	28.6	33	30.8	26.4	31.9	
13.2	19.8	16.5	11	26.4	27.5	24.2	33	30.8	17.6	26.4	16.5	16.5	31.9	23.1	14.3	13.2	18.7	11	16.5	16.5	14.3	23.1	12.1	22	17.6	23.1	15.4	33	17.6	19.8	33	22	29.7	15.4	19.8	26.4	12.1	11	31.9	18.7	30.8	27.5	27.5	14.3	25.3	24.2	15.4	27.5	19.8	22	20.9	24.2	18.7	23.1	11	33	29.7	22	12.1	20.9	14.3	28.6	28.6	24.2	20.9	29.7	16.5	28.6	24.2	23.1	26.4	15.4	27.5	29.7	33	19.8	24.2	33	13.2	24.2	33	18.7	14.3	30.8	17.6	23.1	16.5	24.2	14.3	26.4	30.8	15.4	12.1	15.4	11	19.8	22	31.9	19.8	14.3	26.4	31.9	16.5	11	22	13.2	23.1	18.7	15.4	20.9	20.9	15.4	33	11	17.6	16.5	29.7	27.5	24.2	13.2	16.5	25.3	11	26.4	15.4	29.7	15.4	28.6	11	26.4	23.1	12.1	29.7	11	22	14.3	22	27.5	28.6	11	14.3	31.9	31.9	25.3	23.1	17.6	22	27.5	19.8	24.2	24.2	18.7	18.7	13.2	15.4	11	14.3	26.4	31.9	30.8	24.2	17.6	29.7	17.6	24.2	19.8	17.6	14.3	31.9	19.8	13.2	12.1	15.4	11	17.6	18.7	11	30.8	11	23.1	28.6	18.7	25.3	26.4	13.2	22	11	13.2	20.9	22	20.9	25.3	33	11	22	27.5	16.5	31.9	23.1	13.2	30.8	19.8	28.6	28.6	23.1	22	20.9	16.5	30.8	16.5	15.4	16.5	23.1	28.6	14.3	28.6	22	18.7	33	19.8	30.8	16.5	22	18.7	19.8	16.5	13.2	16.5	27.5	31.9	28.6	13.2	22	15.4	16.5	26.4	12.1	28.6	24.2	14.3	17.6	33	11	30.8	27.5	19.8	33	16.5	17.6	14.3	29.7	17.6	24.2	19.8	25.3	27.5	26.4	13.2	24.2	16.5	29.7	11	25.3	20.9	17.6	16.5	27.5	19.8	14.3	13.2	26.4	31.9	29.7	19.8	14.3	11	23.1	20.9	20.9	29.7	19.8	30.8	11	14.3	27.5	24.2	24.2	33	17.6	30.8	15.4	15.4	27.5	24.2	12.1	33	28.6	30.8	12.1	25.3	22	17.6	18.7	14.3	27.5	26.4	25.3	30.8	22	31.9	14.3	31.9	16.5	14.3	27.5	29.7	12.1	11	27.5	18.7	13.2	23.1	11	29.7	29.7	23.1	11	33	16.5	33	20.9	18.7	24.2	16.5	25.3	15.4	11	20.9	16.5	27.5	18.7	11	18.7	26.4	18.7	27.5	17.6	25.3	19.8	19.8	25.3	24.2	11	29.7	30.8	20.9	24.2	26.4	16.5	25.3	33	17.6	30.8	16.5	22	11	24.2	23.1	20.9	14.3	11	25.3	33	17.6	29.7	24.2	19.8	24.2	19.8	26.4	20.9	15.4	12.1	18.7	31.9	26.4	13.2	16.5	18.7	31.9	14.3	18.7	33	33	20.9	18.7	27.5	11	33	19.8	15.4	31.9	14.3	23.1	11	23.1	31.9	13.2	14.3	20.9	15.4	12.1	24.2	18.7	20.9	29.7	13.2	31.9	18.7	33	33	13.2	31.9	14.3	29.7	31.9	14.3	25.3	33	29.7	27.5	19.8	22	18.7	27.5	19.8	12.1	29.7	31.9	16.5	17.6	23.1	14.3	24.2	23.1	14.3	20.9	22	28.6	25.3	25.3	22	12.1	23.1	31.9	13.2	29.7	13.2	17.6	29.7	25.3	25.3	26.4	19.8	17.6	29.7	22	14.3	29.7	15.4	15.4	25.3	16.5	29.7	23.1	31.9	12.1	13.2	25.3	25.3	19.8	15.4	19.8	12.1	24.2	30.8	17.6	31.9	18.7	23.1	30.8	11	16.5	22	30.8	15.4	23.1	31.9	12.1	
25.3	14.3	24.2	25.3	20.9	15.4	29.7	27.5	16.5	29.7	27.5	31.9	27.5	20.9	31.9	25.3	11	26.4	13.2	20.9	
18	13	18	17	15	14	18	10	12	10	10	17	16	13	14	20	13	13	18	10	17	19	19	19	16	12	15	20	12	16	10	18	13	17	15	10	19	13	20	15	15	12	19	16	11	19	14	15	15	14	10	11	11	11	17	14	19	20	14	16	18	10	17	12	19	18	14	13	11	16	20	20	10	19	16	11	13	13	11	14	20	13	16	12	10	15	13	20	17	14	20	11	17	14	19	18	14	19	11	18	20	18	15	17	12	15	18	20	19	20	12	17	19	15	20	18	19	10	16	10	15	14	17	18	11	19	18	15	20	13	14	19	18	20	14	19	17	13	11	17	19	20	10	20	12	18	11	20	16	20	16	14	13	19	18	14	19	13	14	16	20	10	16	15	12	18	16	15	19	16	10	17	17	12	15	14	20	14	16	11	11	18	12	15	10	18	16	17	19	12	18	11	19	10	18	19	19	18	16	11	13	14	11	20	16	16	14	11	18	17	19	12	16	18	14	10	18	20	14	18	18	18	20	19	19	14	17	13	10	18	16	19	15	16	13	18	13	20	10	15	11	10	17	18	14	13	11	11	11	11	11	19	14	10	18	16	20	12	12	19	16	12	15	10	10	16	14	17	15	16	17	11	16	18	15	15	15	18	18	14	19	18	11	19	13	11	15	12	20	20	17	20	11	12	13	16	11	11	13	14	20	15	10	20	13	17	19	16	18	11	10	17	10	14	10	15	13	13	11	15	20	14	13	15	20	15	18	12	16	20	19	16	18	11	15	10	20	20	19	14	12	18	20	14	20	20	11	14	17	11	17	18	16	11	14	10	11	18	12	16	10	12	18	19	18	16	18	11	15	20	17	17	17	10	12	12	18	18	19	11	12	10	10	20	16	10	16	13	16	12	19	17	17	20	16	17	19	14	20	16	13	20	14	11	16	19	17	19	18	19	16	12	18	12	17	12	16	20	15	20	14	12	11	19	12	10	10	13	13	20	20	13	13	18	19	13	19	17	10	16	17	16	16	20	10	19	12	20	16	18	13	12	16	19	16	18	16	16	14	13	17	20	17	20	17	16	10	12	16	17	13	13	14	16	14	11	16	12	18	10	15	14	14	17	10	16	17	16	12	15	13	17	11	19	14	12	18	20	18	17	
1	1	1	1	1	1	1	1	1	1	1	1	1	1	1	1	2	2	2	2	2	2	2	2	2	2	2	2	2	2	2	2	2	2	2	2	2	3	3	3	3	3	3	3	3	3	3	3	3	3	3	3	3	3	3	3	3	3	3	3	3	4	4	4	4	4	4	4	4	4	4	4	4	4	4	4	4	4	4	4	4	4	5	5	5	5	5	5	5	5	5	5	5	5	5	5	5	5	5	5	5	5	5	5	5	6	6	6	6	6	6	6	6	6	6	6	6	6	6	6	6	6	6	6	6	6	6	6	6	6	6	7	7	7	7	7	7	7	7	7	7	7	7	7	7	7	7	7	7	7	7	7	7	7	7	7	8	8	8	8	8	8	8	8	8	8	8	8	8	8	8	8	8	8	8	8	8	8	8	8	8	8	9	9	9	9	9	9	9	9	9	9	9	9	9	9	9	9	9	9	9	9	9	9	9	9	9	9	10	10	10	10	10	10	10	10	10	10	10	10	10	10	10	10	10	10	10	10	10	10	10	10	10	10	10	11	11	11	11	11	11	11	11	11	11	11	11	11	11	11	11	11	11	11	11	11	11	11	11	11	11	11	11	12	12	12	12	12	12	12	12	12	12	12	12	12	12	12	12	12	12	12	12	12	12	12	12	12	12	12	12	12	12	13	13	13	13	13	13	13	13	13	13	13	13	13	13	13	13	13	13	13	13	14	14	14	14	14	14	14	14	14	14	14	14	14	14	14	14	14	14	14	14	14	14	14	14	14	14	14	14	14	15	15	15	15	15	15	15	15	15	15	15	15	15	15	15	15	15	15	15	15	15	15	15	15	15	15	15	15	15	15	15	16	16	16	16	16	16	16	16	16	16	16	16	16	16	16	16	16	16	16	16	16	16	16	16	16	16	17	17	17	17	17	17	17	17	17	17	17	17	17	17	17	17	17	17	17	17	18	18	18	18	18	18	18	18	18	18	18	18	18	18	18	18	18	18	18	18	18	18	19	19	19	19	19	19	19	19	19	19	19	19	19	19	19	19	19	19	19	19	19	19	19	19	19	19	19	19	19	19	19	19	19	20	20	20	20	20	20	20	20	20	20	20	20	20	20	20	20	20	20	20	20	20	20	20	20	20	20	
