1000
15	4
1033	20.16
8	8	8	7	7	8	7	7	7	7	7	7	7	7	8	7	7	7	8	7	8	7	8	8	8	7	8	7	7	7	7	7	8	8	7	8	7	8	7	8	7	7	8	7	8	7	8	7	8	7	7	7	8	7	8	7	7	8	8	7	8	8	7	8	7	7	8	8	8	7	7	8	7	8	7	7	7	8	8	8	8	8	7	7	8	8	7	7	7	7	7	8	8	8	8	8	8	7	7	7	7	7	7	7	7	8	8	7	8	7	7	7	7	7	8	8	8	7	8	8	7	8	7	8	7	8	7	8	7	7	8	8	8	7	8	8	7	7	7	7	8	8	8	8	8	8	8	8	8	7	8	7	7	8	8	8	8	8	8	8	7	8	8	8	7	7	8	8	8	7	7	7	7	7	7	7	8	8	7	8	8	7	7	8	7	8	7	7	8	7	7	8	8	7	7	8	8	7	8	7	8	8	8	7	7	7	8	7	7	7	8	8	7	7	7	7	8	8	7	8	8	7	7	8	7	7	8	7	7	7	8	8	7	7	8	7	8	8	7	8	7	8	7	8	8	7	8	7	8	8	7	8	7	7	8	8	7	8	7	7	8	8	8	8	8	7	7	7	8	7	7	8	7	7	7	8	7	7	8	7	8	8	8	8	7	7	8	8	8	8	8	8	7	7	7	7	7	7	7	7	7	8	7	8	7	8	7	8	7	7	8	8	8	8	7	8	8	8	8	7	8	7	8	8	8	7	7	7	8	7	8	8	7	8	8	8	8	7	8	8	8	7	7	7	8	7	8	8	8	7	8	7	7	8	8	7	7	7	8	7	8	8	7	8	8	7	7	8	7	8	8	8	7	7	8	7	7	8	8	7	7	7	8	7	7	8	7	8	8	8	8	8	7	8	8	8	7	8	7	8	7	7	8	7	8	7	7	7	8	7	7	7	7	8	7	7	7	7	8	7	7	8	7	7	7	8	8	8	8	8	8	8	7	8	8	8	7	7	7	8	8	7	7	8	8	8	8	7	8	8	7	8	8	7	8	8	8	8	7	8	7	8	8	8	8	8	7	7	7	7	7	8	8	8	8	7	7	7	8	8	7	7	7	8	7	7	7	8	7	7	8	7	8	7	8	7	8	8	7	8	8	7	8	7	7	8	7	7	7	8	7	8	7	8	8	8	7	8	7	7	8	8	8	7	7	8	8	8	7	7	8	7	8	7	7	7	8	8	7	8	8	8	7	7	8	7	7	8	8	7	8	7	7	8	8	7	7	8	8	8	8	7	8	7	7	7	7	8	8	7	8	7	8	7	8	7	8	7	7	8	7	7	8	7	7	8	7	7	7	8	8	7	7	8	8	8	8	7	7	8	7	7	8	8	7	8	8	8	8	8	8	8	8	8	8	7	8	8	7	7	7	8	8	7	8	7	7	8	8	7	7	8	7	7	7	7	7	8	7	7	7	7	8	8	8	8	7	7	8	7	8	7	7	7	7	8	7	8	7	8	8	8	7	8	8	8	8	8	7	8	8	8	8	8	8	7	8	7	7	7	7	8	7	7	7	8	8	8	7	8	8	7	8	7	8	7	8	7	8	7	8	8	7	7	8	8	7	8	7	8	8	7	7	8	8	8	8	8	8	8	7	7	8	7	8	8	7	7	8	7	8	8	8	7	8	7	7	8	7	8	8	8	7	7	8	7	8	8	7	8	7	8	8	8	7	8	8	7	7	8	7	8	8	7	8	8	8	8	7	8	8	7	7	7	7	7	7	7	7	8	8	7	8	8	7	8	7	8	8	8	8	8	7	7	7	7	7	7	7	8	8	7	7	7	8	7	7	7	8	8	7	8	8	7	7	8	8	7	7	7	8	8	7	8	8	8	7	7	7	8	8	8	7	7	7	7	8	7	7	7	7	7	8	8	8	7	7	7	8	8	7	8	7	8	7	7	8	8	8	8	7	8	8	7	8	8	8	8	8	7	8	7	7	8	8	8	7	7	8	8	8	8	8	7	7	8	7	8	8	8	7	7	8	7	7	8	7	8	7	7	7	8	8	7	8	8	7	7	7	8	7	7	8	7	8	8	7	7	8	8	7	8	7	8	8	8	7	8	8	8	7	7	7	8	8	7	8	8	8	8	7	8	8	7	8	8	7	8	7	7	7	7	7	8	8	8	7	7	8	7	7	7	8	8	8	8	8	8	8	7	7	8	7	8	8	7	7	7	7	7	8	8	7	7	8	7	7	7	7	7	7	7	7	7	8	7	7	8	8	7	
1	3	4	6	9	10	11	13	
2	3	4	5	6	7	9	10	
0	2	4	5	6	7	9	10	
4	5	7	9	10	11	12	
1	4	5	7	8	9	13	
1	2	3	5	8	9	10	12	
3	5	7	9	10	11	12	
0	2	6	9	12	13	14	
1	4	6	7	9	12	14	
1	2	3	8	10	11	12	
2	4	5	9	10	12	14	
1	3	7	9	11	13	14	
1	2	3	11	12	13	14	
0	2	3	4	7	12	13	
0	1	2	3	4	5	12	13	
1	3	4	6	8	10	13	
0	2	5	8	10	11	12	
1	3	4	6	7	8	12	
1	4	5	6	10	11	13	14	
0	1	2	3	6	7	10	
1	3	5	6	8	10	11	12	
1	2	3	6	10	12	14	
3	4	7	8	9	10	11	14	
2	5	7	8	9	11	13	14	
2	3	4	6	8	10	13	14	
1	3	5	6	12	13	14	
2	3	5	6	7	8	12	14	
0	4	6	7	8	9	14	
0	1	7	9	11	12	14	
0	3	7	9	11	13	14	
0	2	3	7	11	12	13	
0	1	3	4	5	8	12	
0	4	5	6	8	9	12	14	
0	1	7	9	10	11	12	13	
0	1	6	7	9	10	14	
0	3	5	7	9	12	13	14	
0	3	4	5	6	9	13	
1	2	4	5	7	10	11	14	
2	3	6	7	8	11	14	
2	3	5	6	8	9	13	14	
2	4	5	9	10	11	12	
0	3	6	8	12	13	14	
1	3	4	6	7	8	10	13	
1	2	4	6	7	8	9	
1	5	6	7	9	10	11	13	
4	6	7	8	9	10	12	
0	2	5	7	10	11	13	14	
0	1	7	8	10	11	12	
1	3	4	8	9	11	12	13	
0	2	4	5	8	12	13	
1	2	4	5	9	12	14	
1	2	4	5	11	12	14	
1	2	3	6	8	10	12	13	
4	7	8	9	12	13	14	
2	4	6	8	10	11	12	13	
2	4	6	7	8	11	14	
0	3	6	7	9	10	13	
0	1	3	4	5	9	12	13	
0	4	5	6	9	10	12	13	
0	2	3	5	10	11	13	
0	1	2	3	5	9	11	12	
2	4	5	7	8	10	11	13	
2	3	4	6	10	12	13	
0	2	7	9	10	11	12	13	
2	4	7	9	10	11	14	
0	3	4	5	9	12	13	
0	1	2	4	5	9	10	11	
0	3	4	6	7	10	12	13	
0	5	6	8	10	12	13	14	
1	2	3	5	7	10	12	
0	3	4	6	9	11	14	
2	3	4	5	7	10	11	14	
1	2	3	4	6	10	13	
0	1	5	6	7	11	12	14	
0	5	6	8	11	13	14	
1	4	5	7	10	11	13	
1	2	3	5	8	13	14	
1	4	5	6	7	9	10	14	
1	2	4	6	7	9	11	13	
1	2	5	6	7	9	11	14	
0	3	4	5	6	8	10	12	
0	2	7	9	10	11	12	14	
2	3	5	7	10	11	13	
4	5	6	9	10	13	14	
0	2	5	9	11	12	13	14	
1	3	5	6	7	10	11	13	
1	2	7	10	11	12	14	
2	3	5	7	8	13	14	
4	5	8	10	12	13	14	
2	3	4	5	7	8	11	
3	4	7	9	10	12	13	
1	3	8	9	10	11	12	13	
0	4	5	6	8	9	10	11	
1	2	4	6	8	9	11	13	
0	1	2	3	4	5	8	9	
0	2	4	5	7	9	12	14	
0	3	6	8	9	10	12	13	
0	2	9	10	11	13	14	
0	4	5	7	8	11	14	
4	7	9	10	11	12	14	
0	1	4	5	8	10	13	
0	1	5	6	7	10	13	
0	1	4	8	9	10	14	
2	6	7	8	9	13	14	
2	3	8	10	11	12	14	
3	4	5	7	8	9	10	13	
0	1	5	7	8	11	12	13	
2	5	6	8	9	10	14	
2	3	4	6	7	8	10	12	
1	4	6	7	8	9	12	
0	1	2	3	4	6	10	
0	4	5	6	8	10	11	
0	1	2	5	8	12	14	
1	4	6	7	9	11	12	
0	1	2	3	7	8	9	12	
1	2	3	4	5	11	13	14	
0	1	4	5	7	8	11	14	
4	5	8	9	11	12	13	
1	3	4	5	7	10	11	12	
0	2	4	6	7	8	11	12	
1	6	8	9	11	12	14	
0	1	3	5	7	9	11	13	
0	1	4	5	6	11	14	
2	3	5	6	8	10	11	13	
0	3	6	9	10	11	14	
0	2	3	4	6	7	11	12	
1	2	9	10	11	12	13	
0	1	2	6	7	12	13	14	
1	3	5	10	11	13	14	
1	3	4	6	8	12	13	
2	3	5	6	8	11	13	14	
3	5	6	7	11	12	13	14	
0	1	2	4	5	7	9	13	
1	3	7	8	11	12	14	
0	1	3	4	7	10	11	14	
2	5	6	7	8	9	11	12	
0	2	7	8	10	13	14	
3	4	5	9	10	12	13	
5	8	9	10	11	12	13	
2	5	6	7	12	13	14	
0	2	3	4	5	6	9	11	
1	4	5	6	7	10	12	14	
1	3	4	6	10	12	13	14	
0	2	3	5	8	11	12	13	
1	2	3	5	8	11	12	14	
3	4	8	9	11	12	13	14	
0	2	4	8	9	11	12	13	
0	1	2	3	4	5	6	10	
1	2	5	8	10	11	12	13	
0	4	6	9	10	11	12	
0	1	3	4	6	7	9	14	
0	5	6	9	10	11	13	
0	1	2	3	5	8	13	
0	1	2	3	4	9	11	13	
2	3	4	6	7	10	13	14	
1	4	6	8	9	10	12	14	
1	3	4	5	6	8	13	14	
1	2	4	5	6	8	11	12	
3	4	6	7	8	10	11	12	
0	1	2	4	5	12	13	14	
0	2	5	7	11	12	14	
0	1	3	4	6	7	8	11	
1	3	4	6	9	10	12	14	
1	2	3	4	5	6	7	8	
1	3	5	6	11	12	13	
2	3	6	7	9	11	14	
3	4	8	10	11	12	13	14	
0	2	5	6	7	8	11	14	
0	1	2	3	4	9	12	13	
0	2	3	4	7	11	13	
0	6	9	10	12	13	14	
1	4	5	8	12	13	14	
0	1	4	6	8	12	13	
2	5	7	8	9	12	14	
0	2	3	7	11	12	14	
0	4	5	6	9	10	11	
2	3	6	8	9	10	11	14	
0	2	6	7	9	10	12	14	
0	2	10	11	12	13	14	
0	2	3	4	6	7	9	12	
2	3	4	5	8	9	13	14	
3	5	7	9	10	11	12	
1	2	4	6	8	9	11	
1	5	6	7	8	10	13	14	
2	5	6	10	11	12	14	
3	4	6	7	8	11	13	14	
2	4	5	7	9	11	13	
0	5	6	8	9	11	13	
0	1	4	8	9	10	12	14	
2	5	6	7	10	11	13	
0	3	5	6	10	12	13	
0	2	3	5	6	9	10	14	
0	4	5	6	7	8	12	13	
0	3	5	6	9	13	14	
0	1	3	7	11	13	14	
0	3	6	7	8	9	11	12	
1	2	6	7	8	11	12	14	
2	4	9	10	11	13	14	
0	2	5	6	8	10	11	14	
2	3	4	5	9	10	13	
3	5	7	8	9	11	12	13	
0	1	3	7	8	9	11	13	
0	2	5	7	8	10	12	13	
0	3	4	5	6	11	14	
5	6	7	8	9	12	14	
4	5	8	10	11	12	14	
0	6	7	8	9	10	11	13	
0	1	3	6	7	8	13	
1	5	6	8	9	12	14	
3	4	5	7	12	13	14	
0	1	4	5	6	11	13	14	
1	2	5	7	8	9	11	12	
0	2	3	4	5	12	14	
0	1	2	3	4	7	13	
0	1	4	5	7	8	10	
1	3	4	6	9	11	14	
1	2	3	5	6	7	12	13	
3	4	5	6	8	12	13	14	
2	5	6	9	10	13	14	
0	3	4	5	7	10	11	12	
0	1	2	3	4	5	10	11	
1	3	5	7	9	12	13	
0	2	3	7	8	12	14	
0	1	3	6	9	10	12	14	
2	3	7	11	12	13	14	
0	1	2	6	7	12	13	
0	1	4	8	10	11	12	14	
0	2	4	6	7	8	10	
2	5	6	7	9	10	11	
1	2	5	8	9	10	13	
0	1	2	3	4	5	6	10	
0	4	6	7	8	10	11	14	
0	1	2	3	4	6	7	
2	3	7	8	9	12	13	
1	4	5	8	9	11	13	14	
1	2	5	7	12	13	14	
1	2	3	5	7	9	10	11	
2	5	7	9	10	11	12	13	
2	3	4	5	8	13	14	
0	1	3	7	8	11	12	14	
2	4	5	6	11	12	13	
2	3	4	9	10	12	13	14	
0	7	8	9	10	11	13	
0	2	5	6	10	11	12	14	
1	2	3	4	6	10	12	14	
1	3	6	7	10	11	14	
1	3	4	5	8	10	11	12	
1	2	3	6	8	10	12	
1	2	4	5	7	9	12	14	
1	2	3	4	5	8	10	13	
1	4	6	8	9	12	14	
0	2	3	5	6	11	12	14	
0	1	3	10	11	13	14	
0	5	7	9	10	11	13	
0	1	2	5	6	9	11	14	
0	3	4	5	8	9	12	13	
5	6	7	8	10	11	12	
1	2	3	4	8	9	11	13	
0	2	5	7	9	13	14	
1	4	8	10	11	13	14	
1	2	4	5	6	8	9	13	
1	2	4	6	7	8	9	10	
2	4	7	8	9	11	12	14	
0	1	2	3	4	8	9	14	
0	1	4	5	7	9	10	12	
0	2	4	5	8	9	13	
4	5	6	7	8	10	14	
0	3	4	5	6	9	13	
0	2	6	7	8	12	13	14	
1	4	6	7	8	9	14	
2	4	6	7	9	10	12	
1	2	3	6	7	9	13	14	
1	4	6	8	9	13	14	
1	4	7	9	10	11	13	
1	2	3	6	8	9	13	
0	1	3	4	10	11	12	14	
2	7	9	11	12	13	14	
0	4	5	6	11	12	13	
1	4	5	6	9	10	11	14	
0	3	4	5	7	10	11	
2	3	5	6	8	10	12	13	
0	1	3	4	5	9	12	14	
0	1	2	4	8	10	11	12	
0	1	3	6	7	9	13	14	
0	2	4	5	6	8	12	
1	2	3	5	10	11	14	
0	1	3	4	5	11	12	14	
1	4	5	6	7	8	10	11	
0	1	2	4	8	11	12	13	
0	3	4	5	6	8	13	14	
2	4	5	8	9	10	12	13	
0	1	2	3	4	5	10	12	
0	1	3	4	6	8	10	
1	2	5	6	7	9	14	
0	1	2	8	10	11	13	
1	2	7	9	10	12	14	
1	2	3	8	9	11	13	
0	2	5	7	8	12	14	
3	4	6	9	10	11	14	
4	6	7	9	11	13	14	
1	3	4	9	10	11	12	
0	1	3	5	9	10	12	14	
2	4	5	7	8	9	11	
0	1	2	7	8	10	12	14	
2	3	4	6	10	13	14	
0	2	3	6	7	11	12	13	
0	5	6	7	8	11	14	
0	2	3	5	9	10	11	14	
0	3	5	6	7	11	12	
0	1	2	3	4	9	13	
3	5	6	9	10	11	13	14	
0	2	3	4	5	9	13	14	
0	1	2	3	8	11	13	14	
2	4	5	8	10	11	13	14	
1	2	3	7	8	11	13	
2	5	6	7	8	9	13	14	
1	3	6	8	9	10	11	12	
0	2	3	6	8	9	10	14	
1	2	4	5	6	8	12	13	
1	4	5	6	8	11	12	
0	3	4	7	8	11	12	13	
2	7	8	11	12	13	14	
0	3	4	5	6	9	10	11	
1	2	3	6	7	10	13	14	
3	4	5	7	8	9	11	13	
0	2	5	7	10	11	12	
0	5	6	7	8	10	11	
3	4	6	7	8	10	14	
1	3	6	8	9	10	11	14	
2	3	4	8	9	10	11	
0	2	3	5	6	8	9	14	
2	3	5	7	9	10	12	13	
1	3	4	8	11	12	14	
2	3	4	8	9	11	12	14	
3	4	5	6	10	11	12	13	
0	2	4	5	10	11	12	14	
2	6	8	9	10	11	13	14	
0	1	2	3	6	8	11	
0	1	3	5	6	8	11	14	
0	1	3	4	5	10	11	13	
0	1	3	5	7	12	13	14	
0	1	2	4	5	12	13	
0	3	5	6	7	9	14	
4	5	7	8	9	11	13	
0	1	4	6	7	10	11	14	
0	2	3	4	8	9	10	
0	1	2	4	5	8	9	13	
1	2	4	5	7	10	12	14	
0	2	3	4	7	9	13	14	
3	5	6	8	9	10	11	
0	2	3	4	6	10	12	13	
0	3	4	5	7	9	13	
2	4	5	9	11	12	14	
0	1	4	7	8	9	10	12	
0	2	3	4	5	6	11	12	
0	1	3	4	8	9	13	
0	1	3	5	8	12	13	
1	2	5	7	11	12	14	
2	3	4	6	7	8	10	11	
0	1	2	3	4	11	13	
0	1	3	4	5	6	10	14	
1	3	5	7	9	12	13	14	
1	2	4	5	7	10	11	
0	1	3	5	8	9	12	13	
0	1	5	6	10	12	13	14	
4	5	6	7	10	12	13	
3	4	5	10	12	13	14	
2	3	6	8	9	11	12	14	
0	1	7	9	11	13	14	
0	1	4	5	8	10	12	13	
2	3	5	7	9	10	12	13	
0	3	4	6	7	8	9	11	
1	2	4	6	9	12	14	
0	2	3	5	7	9	14	
0	2	4	7	8	9	10	13	
3	6	7	9	11	12	14	
3	4	5	6	8	11	14	
0	1	4	5	9	11	13	14	
0	3	6	9	11	12	13	14	
0	1	4	5	9	12	14	
1	4	5	8	9	10	11	
0	4	5	8	9	10	12	
0	2	5	6	7	9	11	12	
5	7	9	10	11	13	14	
1	3	7	9	10	11	14	
0	1	4	5	6	7	10	14	
0	1	2	4	9	11	12	
1	4	5	6	7	8	13	14	
3	4	6	7	10	11	12	14	
2	5	6	8	10	11	12	13	
1	3	5	6	7	8	12	14	
0	1	3	4	6	7	11	14	
2	8	9	10	11	13	14	
0	2	3	4	5	7	8	14	
0	1	2	3	4	7	9	13	
1	2	3	4	6	7	10	11	
0	1	5	8	10	11	12	
0	1	2	5	6	7	9	14	
1	3	4	5	7	8	10	
1	2	4	5	7	8	9	11	
3	4	5	7	9	11	12	
2	4	5	8	10	11	12	
2	3	4	5	8	9	11	14	
2	3	4	7	8	12	14	
0	1	2	3	4	7	10	12	
0	1	5	6	7	10	12	
2	5	7	8	10	11	14	
3	4	5	7	8	10	12	
0	2	4	5	7	8	9	14	
2	3	4	7	11	12	14	
1	2	3	4	6	9	11	
1	2	3	6	7	8	10	
0	2	3	4	8	9	10	
1	3	4	5	7	11	12	13	
1	3	4	5	6	10	14	
0	5	6	7	8	10	11	
0	2	3	7	9	10	13	
0	3	5	7	8	13	14	
0	1	2	5	7	9	12	14	
0	1	4	6	11	12	14	
2	3	6	7	11	13	14	
0	1	2	3	5	6	8	11	
2	5	7	9	11	12	13	
0	3	6	9	10	12	14	
1	2	6	8	11	13	14	
1	4	5	6	10	11	12	13	
1	2	5	7	9	10	12	14	
2	4	5	8	10	11	12	13	
2	4	5	6	8	9	11	14	
0	2	3	5	8	11	13	14	
0	3	5	7	9	11	12	13	
0	2	4	6	8	9	12	14	
4	7	8	10	11	12	14	
1	2	3	4	6	9	10	13	
0	3	4	5	8	10	11	12	
0	3	5	7	8	9	10	12	
5	6	7	8	9	12	14	
0	1	7	8	10	11	12	
2	3	6	8	10	11	13	
3	5	7	8	9	10	11	13	
1	3	4	5	7	10	11	13	
1	4	5	6	9	10	14	
0	4	5	6	7	8	14	
0	1	3	6	9	12	13	14	
0	5	7	8	9	10	12	14	
0	3	4	6	9	10	12	13	
0	1	2	3	4	8	10	13	
0	2	4	10	11	12	14	
0	1	3	6	9	11	13	14	
1	2	6	7	8	10	12	14	
0	1	5	9	10	11	13	
0	1	4	8	9	11	12	14	
1	4	5	6	8	9	10	14	
1	3	5	6	10	13	14	
0	1	3	6	9	10	12	13	
0	2	3	4	5	8	9	12	
0	1	2	3	5	6	12	14	
0	1	5	6	9	11	12	14	
3	4	7	8	11	12	14	
1	2	3	4	5	7	11	13	
3	4	5	6	8	13	14	
0	1	2	3	4	5	10	11	
2	4	5	6	9	11	12	14	
2	3	4	5	8	9	11	13	
2	5	6	7	8	9	12	13	
0	2	3	5	6	7	8	14	
0	1	3	5	6	12	14	
0	1	2	9	11	13	14	
0	1	3	5	7	11	12	
0	1	2	4	5	9	10	
0	1	2	3	4	12	13	
0	3	5	6	8	9	10	12	
0	1	5	6	7	9	11	12	
1	2	5	6	8	10	13	14	
2	4	5	6	10	12	13	14	
0	6	7	11	12	13	14	
0	1	3	8	9	10	12	
0	1	2	3	10	11	13	
3	4	8	9	11	12	13	14	
2	3	6	9	10	11	12	14	
1	2	5	10	11	13	14	
0	4	5	8	9	10	14	
1	2	7	9	10	11	14	
1	2	3	4	5	8	9	13	
1	4	6	7	8	13	14	
0	1	3	5	10	11	13	
0	7	9	10	12	13	14	
0	1	2	8	10	11	13	14	
0	2	3	5	8	11	12	
1	5	7	8	11	13	14	
2	4	5	7	9	11	12	14	
2	4	5	6	8	9	12	
0	1	2	3	5	7	8	12	
3	5	7	8	12	13	14	
0	1	3	6	7	8	9	12	
0	2	3	7	9	10	13	
1	2	3	4	6	7	13	14	
0	1	2	4	5	9	12	14	
0	3	4	5	6	10	11	
1	2	3	4	7	8	13	14	
1	2	4	5	6	7	8	11	
0	3	5	6	9	10	12	
0	1	5	6	8	9	13	14	
0	3	7	10	11	12	14	
3	7	8	9	10	13	14	
1	2	5	7	8	9	12	13	
1	4	5	8	9	11	14	
1	4	7	9	12	13	14	
1	5	7	8	9	12	14	
0	2	4	5	10	12	13	14	
1	2	4	6	8	9	14	
0	3	4	5	7	8	10	13	
1	2	3	5	6	9	12	
0	5	6	7	8	12	13	14	
0	3	4	5	7	8	12	13	
1	3	4	5	6	11	12	14	
0	2	3	7	8	10	13	
0	1	4	5	6	9	11	14	
2	3	5	9	10	11	12	
2	6	8	9	12	13	14	
2	5	6	7	9	10	13	14	
1	2	3	4	5	8	10	13	
1	3	5	6	9	11	12	13	
0	2	4	5	7	9	14	
0	2	5	8	9	10	14	
1	4	5	6	8	10	11	13	
0	6	8	9	10	11	13	14	
3	5	6	8	10	11	12	14	
2	4	8	9	10	12	14	
1	3	4	7	10	12	14	
0	2	3	4	7	8	12	13	
3	6	7	8	9	12	14	
3	6	8	9	10	11	12	13	
1	3	5	6	9	12	14	
0	1	5	6	8	11	14	
1	2	7	10	11	13	14	
0	1	2	3	4	6	11	12	
1	3	6	7	10	11	12	13	
0	2	4	10	12	13	14	
2	3	4	6	8	9	10	12	
0	1	5	6	8	10	12	13	
1	2	3	4	6	7	10	11	
1	2	3	6	9	10	12	
1	4	6	8	9	12	14	
2	3	4	5	7	8	9	12	
2	3	6	7	9	10	14	
1	3	4	7	11	12	13	
0	3	5	6	10	11	12	14	
3	6	7	8	9	10	11	13	
1	2	4	5	6	7	12	
0	3	4	5	6	7	9	10	
2	3	6	9	12	13	14	
4	6	7	8	10	12	13	
2	3	5	7	8	11	13	14	
2	4	5	6	7	8	9	14	
0	2	5	7	8	11	14	
0	1	4	7	8	10	13	
1	2	3	4	6	8	9	12	
0	3	5	6	7	8	9	14	
1	2	3	4	7	8	10	14	
3	5	7	9	10	11	12	13	
0	2	3	4	5	11	14	
0	1	2	3	7	10	12	13	
0	1	2	3	5	6	12	
1	2	3	5	7	8	10	
0	1	2	10	11	13	14	
1	2	6	8	9	12	13	
2	3	5	8	10	11	12	13	
0	3	4	7	8	10	12	14	
0	2	4	7	8	11	13	
0	2	7	9	10	11	12	14	
0	1	2	4	5	6	14	
1	2	4	7	11	12	13	14	
1	5	6	7	11	12	13	
0	1	2	7	8	10	12	13	
1	5	7	9	10	11	13	
2	3	4	7	8	9	10	13	
1	3	5	11	12	13	14	
1	5	6	7	11	12	14	
0	1	6	7	9	12	13	14	
2	4	5	6	8	10	11	
0	4	5	6	7	9	13	
1	3	5	6	9	10	12	13	
0	2	4	5	9	10	13	
1	3	5	6	7	8	12	
0	1	4	5	8	9	10	11	
1	2	4	7	11	12	14	
2	3	4	5	7	9	10	
1	3	5	6	7	9	12	
0	2	3	4	6	8	9	14	
0	2	3	4	9	10	13	14	
1	4	6	7	8	13	14	
0	1	5	6	9	12	13	
1	3	4	10	11	12	13	14	
1	4	5	6	8	12	13	14	
0	5	6	7	8	11	12	14	
0	2	3	6	7	9	11	13	
0	1	3	6	7	12	13	
1	2	3	7	8	12	14	
4	5	6	7	9	11	12	14	
0	1	3	4	5	10	11	
0	2	3	4	5	6	10	
0	2	4	5	7	8	9	14	
0	2	3	5	6	7	10	13	
1	3	4	5	6	11	12	
0	5	7	8	9	10	12	14	
0	1	4	6	10	12	13	14	
0	1	2	3	5	8	11	14	
1	2	4	8	9	10	11	13	
0	1	4	7	9	11	13	14	
0	5	8	9	10	11	12	13	
6	7	8	9	10	11	13	14	
0	2	3	4	5	7	9	14	
5	7	8	9	10	11	12	14	
2	3	4	5	7	8	13	14	
2	6	7	8	11	13	14	
0	1	7	8	9	10	12	14	
0	1	6	7	9	11	12	14	
0	2	4	6	8	11	14	
0	2	3	4	7	9	13	
3	4	5	7	11	13	14	
0	2	6	8	10	11	12	13	
0	2	4	5	6	9	10	13	
0	6	8	9	12	13	14	
2	3	4	7	8	9	10	11	
0	3	4	10	11	12	14	
2	4	6	10	11	12	13	
1	5	6	7	8	10	11	14	
0	2	3	4	7	8	12	13	
0	2	5	6	11	12	13	
1	2	4	5	9	11	14	
1	3	4	9	10	11	12	14	
1	3	6	9	12	13	14	
0	4	8	9	11	12	13	
0	4	6	8	11	12	13	
4	6	9	10	11	13	14	
0	3	5	7	9	11	14	
0	2	4	7	8	9	10	14	
0	5	6	7	10	12	14	
1	2	5	6	9	13	14	
3	4	5	6	8	10	12	
1	3	4	5	6	11	14	
0	1	3	7	9	11	13	14	
1	2	3	5	6	8	10	11	
0	5	6	7	8	9	12	14	
2	6	7	9	10	12	13	14	
0	3	6	7	9	11	13	
0	1	2	5	9	11	13	
1	3	5	6	8	9	11	13	
1	3	4	6	8	10	13	
0	1	2	3	4	6	12	14	
1	4	5	8	11	12	14	
5	6	7	8	10	11	13	
1	2	3	4	6	7	8	
2	3	7	8	9	10	12	
3	5	7	8	9	11	12	13	
2	4	5	8	9	12	13	
0	3	5	6	7	8	10	13	
1	2	4	5	6	12	13	
1	7	8	9	10	12	13	14	
2	4	7	8	10	11	13	14	
0	1	7	8	9	10	13	14	
2	4	5	7	8	12	14	
0	1	2	4	5	6	9	10	
0	2	5	7	8	10	11	13	
1	4	5	6	7	8	10	14	
1	2	4	5	7	12	13	14	
1	5	7	8	9	10	12	13	
1	2	9	10	12	13	14	
0	1	2	3	4	6	9	10	
2	4	9	10	11	12	13	14	
0	1	2	3	5	7	9	10	
0	1	3	5	10	12	13	14	
1	2	4	5	6	9	10	14	
1	2	3	4	6	7	9	13	
0	4	6	7	8	11	14	
1	4	5	7	8	10	11	14	
0	1	2	3	4	10	14	
2	4	5	11	12	13	14	
0	2	3	8	10	11	12	
3	6	8	10	11	12	13	
0	3	5	7	8	9	12	14	
0	3	4	8	9	10	13	
0	1	6	7	11	12	14	
0	3	4	5	8	12	13	
2	3	4	8	9	10	13	14	
0	2	7	8	9	11	12	14	
0	1	4	6	7	9	10	13	
2	3	9	10	11	13	14	
3	4	6	9	10	11	12	14	
0	1	3	4	7	8	12	13	
2	6	8	9	10	11	12	
1	3	4	6	7	8	9	10	
1	5	6	7	8	11	14	
2	3	4	5	6	8	13	14	
1	3	5	6	8	9	10	
1	3	5	9	10	11	12	13	
0	1	2	5	7	10	14	
2	4	7	8	9	10	11	14	
0	1	2	8	9	11	13	
1	2	4	5	6	7	8	9	
0	1	2	4	6	7	8	10	
1	2	3	4	7	9	10	
1	3	4	6	7	11	14	
0	3	6	8	9	10	11	13	
2	3	5	8	9	10	12	13	
0	2	3	5	11	12	14	
1	2	4	6	8	9	11	14	
0	1	4	7	8	13	14	
0	1	4	5	6	7	9	11	
0	4	5	6	7	8	10	12	
0	1	2	4	9	11	12	
3	9	10	11	12	13	14	
0	1	4	5	8	11	12	13	
0	1	2	3	4	6	8	9	
0	5	8	9	10	11	12	13	
1	3	6	7	9	12	13	14	
1	3	4	6	9	10	11	13	
0	1	2	3	6	7	8	10	
1	6	7	8	9	10	11	13	
2	3	4	6	9	12	13	
0	1	9	10	11	13	14	
3	5	7	8	9	11	13	14	
0	1	3	7	8	10	14	
1	2	3	4	7	9	11	14	
1	2	4	6	7	9	10	13	
0	2	6	7	10	12	14	
3	5	6	7	10	12	13	
1	2	3	5	7	11	12	14	
0	3	4	8	9	10	11	
1	2	4	9	10	11	12	14	
0	1	2	4	5	6	7	13	
2	3	4	5	6	7	8	14	
0	1	3	4	5	6	9	
0	3	4	6	8	9	12	14	
2	5	6	8	9	10	13	
2	3	7	8	9	10	12	
0	2	4	8	10	11	12	14	
3	6	7	9	11	12	14	
0	2	3	6	7	8	9	11	
0	2	4	6	9	10	11	13	
0	5	6	7	9	10	12	13	
1	5	8	10	12	13	14	
0	3	5	7	10	12	13	
0	2	5	7	8	9	11	12	
2	3	5	10	11	12	14	
0	5	6	7	10	11	12	13	
0	1	2	4	11	12	13	14	
0	1	5	6	10	11	12	
3	4	8	9	10	11	12	14	
2	5	6	8	9	11	14	
1	2	6	8	9	11	12	13	
4	5	8	9	10	11	13	14	
0	1	3	4	8	10	12	14	
0	1	3	7	9	11	13	
2	5	6	8	9	10	13	14	
2	5	6	7	10	11	13	14	
1	3	4	5	9	10	12	
5	8	9	10	11	12	13	
0	5	6	7	8	9	10	12	
1	3	4	10	12	13	14	
0	2	5	6	8	10	11	12	
0	2	3	5	9	12	13	14	
0	2	3	8	9	12	13	
1	3	4	7	8	9	12	13	
0	2	3	4	7	9	11	14	
0	3	5	7	8	10	12	13	
1	4	5	6	7	11	12	14	
2	5	7	10	11	13	14	
2	3	5	7	8	11	12	14	
0	2	6	8	9	10	12	13	
0	4	7	8	9	11	14	
0	2	6	9	11	12	13	
0	3	6	7	8	12	14	
0	1	2	4	6	10	14	
0	3	5	9	10	11	13	
3	4	5	9	10	11	13	
0	1	4	5	11	12	14	
0	2	3	4	6	12	14	
1	2	3	5	7	9	12	14	
1	7	8	9	10	11	12	13	
1	2	4	7	9	10	12	
0	4	6	7	11	12	13	14	
0	1	3	8	10	11	13	14	
2	6	7	9	11	12	14	
0	3	5	6	7	8	11	14	
0	3	4	5	9	11	12	
0	1	2	3	6	9	10	13	
1	3	4	5	6	9	10	12	
1	5	7	9	11	12	13	14	
1	3	4	5	6	8	12	14	
0	1	2	4	5	8	12	14	
0	1	6	8	10	13	14	
0	2	3	5	6	10	12	
1	3	6	7	9	10	12	
0	1	2	4	7	11	13	
2	6	7	10	11	12	13	
0	2	5	8	12	13	14	
2	3	4	7	9	13	14	
0	1	2	5	6	10	11	12	
2	4	6	9	10	11	12	14	
0	1	5	6	7	11	13	
0	1	2	4	7	10	14	
1	3	6	9	11	13	14	
0	1	3	6	7	9	11	14	
2	3	5	6	9	11	13	
1	2	3	7	10	12	14	
1	2	5	6	7	8	9	
1	5	6	7	8	9	10	11	
0	1	4	5	6	7	8	9	
0	4	5	7	11	13	14	
1	5	6	7	8	9	11	13	
1	2	3	4	6	8	10	13	
0	1	5	6	9	11	12	
1	2	5	6	7	10	12	
0	1	3	4	6	7	9	10	
3	4	5	8	9	11	12	14	
0	2	5	7	9	13	14	
1	3	9	10	11	12	13	
0	1	3	4	8	11	14	
1	2	6	7	9	11	12	13	
0	2	4	5	6	9	11	13	
1	2	3	7	8	10	11	
0	1	4	8	9	10	11	13	
0	3	6	7	9	10	13	14	
0	1	4	6	11	12	13	14	
3	5	7	8	10	11	14	
0	1	2	8	10	11	14	
1	4	6	7	10	13	14	
0	2	3	4	5	6	8	12	
1	2	3	4	5	9	10	14	
0	1	2	3	4	6	12	14	
0	3	6	8	10	11	12	
0	1	4	10	11	12	14	
2	3	4	5	11	12	14	
0	2	6	7	8	9	12	
3	5	8	9	11	12	13	14	
0	3	7	8	11	12	13	
0	1	5	8	10	11	14	
0	2	7	9	11	12	14	
3	4	8	9	10	12	13	
0	1	3	8	9	10	12	
0	1	2	4	7	11	13	14	
0	2	7	8	9	10	12	14	
0	2	5	7	8	9	10	12	
1	3	5	6	9	11	12	
1	2	5	7	8	9	12	
1	4	5	6	9	10	12	
0	1	2	6	10	11	12	14	
0	2	4	5	6	7	9	11	
1	3	5	10	11	13	14	
1	6	7	8	9	10	11	12	
1	2	3	6	8	13	14	
0	1	5	6	8	9	11	14	
2	5	6	7	11	12	14	
1	5	6	9	10	11	13	
0	1	4	5	6	11	12	14	
0	1	3	7	8	10	12	14	
1	2	4	5	8	10	11	13	
2	3	5	7	8	9	11	14	
4	5	8	9	12	13	14	
0	3	4	5	10	12	13	14	
0	3	4	5	6	9	11	12	
0	4	7	10	11	12	14	
2	7	8	9	11	12	13	14	
0	3	4	6	7	8	9	12	
0	1	2	6	9	11	13	14	
0	1	2	4	10	11	13	14	
0	3	4	5	7	8	10	13	
1	2	3	4	5	7	8	
0	1	2	4	7	8	9	11	
0	1	3	4	6	12	13	
3	4	5	6	9	12	13	
1	6	7	8	11	12	13	14	
0	1	2	3	4	8	11	12	
4	5	6	7	8	10	12	14	
0	4	6	8	10	12	14	
0	4	8	10	11	13	14	
0	1	4	6	8	9	12	14	
0	1	2	3	8	9	10	13	
0	2	3	6	9	10	11	13	
0	2	3	4	8	9	10	12	
0	1	2	6	7	9	10	12	
1	5	7	8	9	11	12	
0	3	5	7	8	10	11	
3	4	7	8	9	11	13	14	
0	1	4	9	10	11	13	
0	1	2	3	10	11	12	14	
1	3	5	7	8	9	11	12	
0	1	2	6	7	8	12	14	
1	4	6	8	10	11	12	
3	4	8	10	11	13	14	
2	3	6	7	8	10	11	12	
1	2	6	7	10	12	14	
0	1	6	7	10	13	14	
0	1	3	4	7	9	10	11	
1	4	6	9	11	13	14	
0	2	5	6	8	10	12	13	
0	1	6	10	11	12	14	
0	2	4	7	8	13	14	
0	3	4	8	10	12	13	
0	1	3	5	7	8	10	11	
0	2	3	5	6	8	10	14	
2	3	4	6	8	10	12	
2	5	6	7	9	11	12	14	
0	3	4	7	8	10	11	13	
1	3	5	6	7	8	14	
1	2	3	6	10	11	12	
5	7	8	10	11	12	14	
1	2	5	6	8	11	12	14	
0	5	6	7	9	10	13	
0	1	4	6	7	11	12	
0	1	2	3	5	9	10	11	
1	2	3	4	10	13	14	
1	3	5	7	8	12	13	14	
0	2	3	4	7	9	10	14	
0	2	4	6	8	9	11	
0	4	7	9	11	13	14	
0	2	3	10	11	12	13	14	
1	2	4	5	8	9	13	14	
0	6	7	8	11	12	14	
3	4	5	7	9	11	12	14	
0	3	7	9	10	12	14	
1	3	4	5	6	7	12	14	
0	1	3	6	7	8	12	14	
0	1	2	4	7	9	10	12	
0	1	2	3	6	9	12	
3	4	5	8	9	10	11	14	
2	5	6	7	8	10	12	14	
1	3	4	6	7	10	13	14	
2	4	5	6	8	13	14	
1	3	5	7	8	10	11	
0	1	2	4	6	8	9	
0	1	4	5	7	9	11	13	
2	4	7	9	10	12	13	14	
3	5	6	7	10	13	14	
1	2	3	4	5	6	7	11	
0	1	4	7	8	10	12	13	
3	4	5	6	9	10	12	13	
0	1	4	5	7	8	9	13	
1	3	4	9	12	13	14	
1	2	4	5	6	7	8	9	
0	2	3	6	8	10	13	14	
2	4	6	8	9	10	12	
1	3	4	5	6	8	12	14	
0	1	2	3	7	10	12	13	
1	2	7	9	10	12	14	
1	3	4	9	11	12	13	14	
3	4	5	7	9	11	12	
3	4	7	10	11	12	13	
1	3	4	5	8	11	13	
0	1	2	4	6	8	10	
0	1	2	3	4	7	8	
0	1	2	4	6	8	10	12	
2	4	5	7	9	10	12	14	
0	1	4	5	6	7	11	14	
1	2	3	7	8	9	10	
1	2	3	4	7	12	13	
2	4	6	7	8	9	11	14	
1	3	7	8	9	12	14	
2	6	7	8	9	10	13	
0	1	4	5	7	9	13	
3	4	6	7	9	10	13	14	
4	5	6	7	9	11	12	14	
1	5	6	7	8	9	11	12	
2	4	5	7	9	10	13	14	
0	1	2	5	7	12	13	14	
0	2	6	8	10	11	12	14	
0	1	3	7	8	9	13	14	
0	3	4	5	6	9	11	
2	3	5	6	9	11	14	
1	3	6	8	9	10	13	14	
0	5	6	8	9	12	14	
0	1	2	6	8	9	11	12	
0	1	3	5	8	9	13	14	
0	2	5	8	11	12	14	
2	5	6	7	8	9	13	
0	1	2	4	5	6	10	
3	5	8	9	10	11	13	
0	2	3	4	7	8	10	
0	1	2	3	4	6	9	11	
0	2	5	7	10	11	12	14	
0	1	2	6	7	8	14	
1	4	5	7	9	13	14	
0	2	5	6	7	8	11	13	
2	5	6	7	10	12	14	
2	3	4	6	7	10	11	
3	6	7	8	10	11	12	
0	2	3	6	10	11	13	
0	2	8	10	11	12	14	
0	6	9	10	11	12	14	
4	5	9	10	11	12	14	
3	5	7	9	10	11	12	
2	6	7	10	11	12	13	
0	2	4	5	7	8	11	13	
0	1	2	4	7	11	13	
1	7	8	9	10	13	14	
0	1	2	4	5	6	12	14	
0	5	6	7	8	9	12	13	
3	7	8	9	11	12	13	
120	92.2	65.8286	47.2286	39.5714	34.8286	32.3143	32	
114	96.2502	79.3447	62.8895	46.6407	37.4281	34.0507	33	
114	90.8275	70.6325	51.3437	42.0229	36.9418	35.1618	35	
111	91.0781	71.5469	56.7868	49.3371	41.9989	36	
106	88.9047	71.829	58.7089	46.9595	35.7389	31	
112	89.4431	74.3009	60.242	49.0478	44.185	39.6832	36	
108	82.0654	65.508	52.9694	44.0745	35.7958	31	
110	79.821	60.6321	46.7114	38.8614	34.3258	33	
111	82.0911	62.3086	48.2876	42.4242	39.1611	36	
119	96.928	74.9003	53.8698	41.9695	36.1191	31	
118	87.8418	64.2617	51.4091	42.7394	36.2288	31	
117	91.996	71.4388	54.8965	39.828	36.1943	35	
101	75.1203	49.7769	45.0301	40.605	36.8505	35	
113	88.2709	65.1236	50.015	38.8449	31.3551	31	
108	86.5142	73.5927	61.6477	49.7529	41.5392	35.7045	33	
111	84.5846	58.712	45.3234	36.5484	31.5126	31	
116	88.7318	67.8138	48.9933	38.0458	36.3505	35	
113	88.7838	69.6486	55.8108	46.1081	36.6216	34	
107	86.8	68.3429	49.9143	43.0571	36.7429	35.3429	34	
101	79.5261	64.921	51.9789	43.3026	38.9283	36	
110	93.1072	78.4586	67.9158	57.7557	48.7613	40.7585	35	
103	77.3459	64.85	53.2755	42.1328	38.7641	36	
123	102.904	82.8563	67.2395	55.1198	45.8982	37.0838	35	
102	84.499	69.943	56.1286	43.0558	35.174	32.6103	31	
122	98.3292	76.7612	56.614	40.5303	37.5182	34.5345	33	
101	75.3069	60.7488	48.9843	39.2657	37.6132	36	
108	84.581	69.4655	55.7422	42.1433	36.7733	32.3232	32	
123	96.7588	72.1097	56.7736	43.0029	36.1309	33	
108	88.2632	69.2986	54.26	40.5515	33.7294	33	
107	90.0353	73.2622	57.5864	43.8439	37.2601	32	
121	98.2577	79.7221	65.288	54.3244	43.387	35	
105	84.5464	68.8308	56.2033	43.7027	36.5112	33	
102	84.2329	68.5979	58.985	50.2137	42.153	36.6172	36	
108	88.5151	71.5221	57.8044	45.4631	37.6786	34.6171	34	
102	80.4675	62.0884	47.0538	39.2499	34.9816	31	
103	83.8071	65.5599	55.5081	46.6121	38.2065	36.7355	36	
115	92.8532	70.9335	57.7306	46.0609	36.6343	33	
102	83.2516	68.1929	57.7233	48.2453	41.5807	37.4759	36	
116	91.1433	70.097	55.4807	45.1213	38.989	35	
121	98.0868	78.0659	60.7496	50.5326	40.879	35.2446	31	
120	98.0125	76.9554	59.3246	43.2141	37.7002	35	
109	89.1057	70.3053	51.8611	37.6654	32.9335	31	
115	97.1357	80.2308	64.3756	51.7602	43.5611	37.0995	31	
116	85.6599	68.008	55.7851	46.4784	37.73	35	
123	99.4846	80.529	63.7881	51.6722	44.7348	37.8951	32	
102	81.8915	63.609	49.0953	37.4141	32.1002	31	
106	86.0682	67.1644	50.3832	42.9544	37.5154	35.7246	34	
112	83.5396	63.5656	44.4195	38.0375	34.4497	31	
112	92.5922	74.3859	56.8516	47.3615	39.6839	35.7128	35	
114	94.9311	78.9223	64.4054	50.2902	36.481	33	
103	81.7445	60.8734	50.9015	44.3213	39.8215	36	
106	80.8969	57.4335	42.9143	38.4422	34.6857	34	
112	92.7943	75.8249	59.758	46.7907	39.2968	36.2168	34	
107	91.0539	75.7331	63.2503	51.7537	42.9268	36	
120	93.1843	75.7573	65.2069	55.2844	45.7388	38.8622	35	
106	86.2421	71.1394	60.0699	49.1719	41.2774	36	
110	85.6554	69.4536	57.3652	48.271	39.3446	34	
119	89.1081	69.3017	57.5758	46.8523	41.2628	36.5542	33	
109	90.6562	72.8683	59.677	48.6879	41.0125	37.3566	34	
109	91.1925	74.0634	59.8551	50.6593	42.2549	35	
103	88.5589	74.5116	62.2179	49.9421	39.3663	36.1453	35	
109	81.0734	62.1615	52.3903	46.4016	40.6334	37.8282	36	
113	79.6726	59.8341	49.0717	40.8565	34.9013	33	
102	87.0427	72.1064	60.6844	50.3712	41.1668	33.6149	31	
118	93.5051	69.7724	50.9282	43.9372	36.9724	36	
104	83.3418	66.6646	54.6139	44.2041	39.443	36	
112	93.6296	78.4444	63.3086	49.9506	42.6173	38.2716	36	
101	84.0916	67.7046	57.278	48.1548	41.7773	36.5118	35	
108	87.2601	66.5758	52.5729	42.9963	37.4286	32.696	32	
109	93.3803	79.1768	66.2683	54.2095	43.304	36	
106	88.3269	70.9752	54.2077	44.597	38.1997	33	
102	88.7447	75.8092	64.376	53.3043	45.5013	40.0629	35	
109	83.636	65.7113	55.3431	45.9707	36.8326	32	
120	93.5168	69.5408	49.984	39.0146	36.2252	34.9402	34	
110	89.8053	71.7291	55.2762	44.3534	37.3376	32	
103	79.9062	59.4955	46.6221	40.3512	35.1656	32	
121	100.576	81.2847	64.5313	49.3548	36.9622	31	
109	92.3986	76.7034	66.5034	57.6725	49.4778	42.1894	36	
114	80.7155	68.6894	58.6879	50.063	42.1266	37.0651	35	
103	80.0039	65.8872	53.5393	46.637	40.0122	33.4221	32	
102	84.5508	68.2625	56.2662	46.8556	42.0184	37.7792	35	
106	86.7902	70.9703	57.8772	46.7492	37.0215	35.3511	34	
120	92.5926	71.7037	56.563	44.8296	36.7704	32	
106	90.0853	74.4541	60.2243	49.5477	39.8554	34	
103	81.7311	62.6453	53.2861	44.9428	40.1659	37.5505	35	
102	90.0973	78.3404	66.9605	55.5805	46.0608	38.3769	34	
105	79.4537	64.6032	55.3111	46.1593	37.7656	31	
115	93.9596	73.2422	53.6547	39.0448	34.4709	31	
112	94.4289	80.2835	66.977	54.7658	43.4401	33	
113	85.7596	64.7392	48.6893	42.5803	37.3322	34	
119	93.0488	69.9371	56.6739	44.2734	39.0616	35	
113	93.6253	74.5285	56.1663	42.6476	36.8313	34.6476	33	
122	102.216	84.2407	66.5481	50.41	40.2353	35.6285	33	
102	88.1352	74.4351	62.7264	51.377	42.2436	38.74	36	
113	95.0252	77.9452	65.4782	54.1246	43.646	35.8914	31	
108	79.555	61.854	49.4662	37.1958	34.5245	32.3816	32	
112	89.4539	70.8906	54.5705	40.9284	37.6781	35.1831	35	
105	87.1974	69.5832	54.8702	45.1117	37.7458	32	
123	93.5957	72.2042	53.9248	42.4064	36.7544	34	
123	97.3838	75.1812	55.086	40.3634	36.8311	36	
107	78.4785	57.5875	39.2741	35.3061	34.0513	33	
102	81.7209	66.9546	57.0666	48.8194	40.7471	36	
101	76.6955	61.7713	50.1577	42.6167	37.8083	33	
101	79.5251	61.5347	46.8223	39.1047	31.955	31	
105	86.8661	69.4053	54.8267	44.1819	37.387	34	
112	84.1479	58.7919	47.342	41.1219	36.4865	33.515	33	
123	97.2064	79.0953	61.2619	43.8913	39.5101	35.9311	33	
120	99.4464	82.6044	67.8633	53.2272	43.9483	36	
110	90.6618	71.4035	57.1543	47.9542	42.5658	37.8759	36	
107	88.1655	69.4572	55.5964	42.695	33.8332	33	
112	92.2239	75.8208	60.1606	45.8857	38.1158	34	
106	81.43	62.075	51.715	42.86	36.84	36	
101	79.2057	57.6878	48.7028	39.9713	34.0965	32	
122	100.454	79.7648	59.2709	44.842	34.4483	31	
110	93.6799	77.8424	65.9513	56.9554	47.9596	41.1179	35	
101	82.4028	66.6837	51.0595	37.7126	35.2772	34.0753	33	
102	87.8746	74.9919	62.1092	53.3162	45.9075	38.9864	34	
110	93.5245	77.1608	63.1613	49.8133	38.7552	36	
122	104.489	87.7651	73.9354	60.7131	50.0281	41.2192	33	
120	97.0539	79.8563	63.6168	51.3293	43.2096	38.6347	36	
113	89.8899	69.5324	58.9235	48.9742	39.6556	32	
123	100.93	81.6002	66.7348	55.1926	43.9547	37.3592	35	
120	97.7876	77.9174	62.2633	48.3268	35.2882	34	
107	86.5153	68.2752	54.9968	45.735	38.1034	35.3391	33	
103	80.7503	64.9308	49.4672	40.9011	35.5389	31	
118	102.428	87.1061	71.8784	58.3271	46.9377	38.2116	35	
117	89.9337	66.5117	45.6074	38.0871	36.0994	36	
103	85.6572	69.487	57.9125	48.2671	40.7967	33.6288	31	
116	91.2172	69.8283	56.4646	43.7727	37.6212	32	
109	86.8862	71.7426	57.9681	48.0936	38.3436	31	
121	103.549	87.0665	71.5524	56.7274	43.2248	33.4097	33	
123	93.499	72.2951	55.0332	46.3227	37.8984	33.416	31	
118	95.6993	80.0911	67.4854	55.4985	44.543	37.5296	34	
112	87.2386	71.6469	56.8539	42.668	37.9714	35	
120	99.2429	81.1026	65.3352	54.0696	44.0015	36.3507	34	
121	101.609	82.5557	66.0966	50.291	38.5458	35.1787	33	
116	90.5143	67.2805	55.0559	43.5105	35.1106	31	
111	91.5323	74.517	60.2069	50.5236	42.6354	35	
112	91.536	71.5522	53.9907	43.2367	35.3016	31	
119	102.232	85.9007	69.6028	57.1822	45.7519	36	
110	94.1119	78.9445	64.4814	52.8028	42.5001	37.2095	33	
113	94.0067	77.1477	65.8814	54.9123	45.24	36.2432	36	
109	93.8174	79.3484	67.9007	56.6352	45.4456	38.7197	35	
109	87.3394	72.9764	58.7762	50.2932	41.9497	38.5565	36	
121	98.4759	80.7734	63.2573	50.2133	41.9211	36.3076	33	
101	79.9651	67.5102	55.3875	43.7629	34.9615	33.4392	32	
107	88.0223	73.6641	61.595	50.3581	43.5953	38.1017	36	
108	86.4878	64.9756	47.9512	43.3659	38.878	35.561	34	
102	76.5715	58.7426	45.0422	37.1796	34.2081	31.8941	31	
123	93.0629	71.0402	50.3627	41.7601	34.9092	32	
102	84.8457	68.6733	58.3537	49.9402	41.7193	35.5968	35	
102	85.992	74.0517	63.5711	53.3201	44.168	36	
106	84.8223	66.2609	50.5874	41.1093	36.469	36	
108	75.9795	56.2011	46.365	38.298	35.0074	32.8845	32	
105	83.8395	71.8148	59.9136	48.0617	39.0988	31.4938	31	
109	75.7955	57.8636	49.75	42.8977	37.9205	34.0682	31	
103	76.9573	57.9909	44.7591	37.8669	35.3679	34.2631	34	
105	88.9605	73.0273	59.4522	46.6206	38.9939	35.956	35	
121	94.4232	69.4742	48.6685	40.1746	34.3147	32.4206	31	
114	89.9963	68.7855	50.4682	37.6361	34.6922	32.2013	32	
123	90.2562	71.1467	53.9952	42.8993	37.2425	33	
104	83.673	66.34	49.8829	41.9598	37.4586	34.6478	32	
123	101.354	80.5808	62.1717	48.2615	36.3942	32.01	31	
116	96.6644	81.4795	68.1027	55.4863	46.7945	40.5479	35	
113	93.1217	73.7567	60.0386	48.6307	39.8181	34	
122	98.9872	77.8822	60.8994	47.167	36.9679	34	
101	82.0135	63.8101	49.5798	41.0798	36.8393	33.5921	33	
113	90.1055	73.6671	58.1971	45.5331	37.5374	34.0362	32	
114	92.6747	76.7701	62.8467	49.3086	39.8979	36.596	35	
118	97.1548	78.0804	60.0179	44.7887	33.9613	33	
116	91.788	73.5904	58.7084	45.7157	37.5422	36	
114	95.5878	77.8605	61.2815	46.3543	38.8605	36	
101	84.7791	71.9752	59.4528	47.7565	36.2104	33	
110	91.0194	73.7873	58.1871	43.3057	34.1943	34	
104	81.7426	61.9458	44.207	35.2817	33.4026	33	
104	81.3285	60.7446	43.4376	35.6458	34.2622	33	
105	87.7949	73.675	64.1266	55.0286	46.1333	37.7109	31	
107	90.4637	76.4601	63.0438	53.8672	45.1127	38.5055	35	
115	90.8871	72.314	54.0352	43.0894	36.0777	33	
115	97.5915	82.4779	67.5297	54.3596	46.503	40.7553	36	
107	90.4091	74.6338	59.4518	49.0523	40.2471	34.0556	34	
107	88.2491	70.492	54.2368	42.0675	35.9497	35	
110	83.8162	64.8075	50.136	39.8285	37.3386	36	
120	101.022	83.1076	65.4023	52.2562	43.7645	37.6095	34	
106	88.9577	72.0593	60.5778	50.338	40.7821	32	
121	93.9494	79.366	65.6291	52.3154	40.2331	35.5387	35	
123	95.4768	73.4363	58.3109	48.7784	40.1275	32	
112	91.2558	75.0075	60.4949	49.4954	41.0263	34	
113	86.9761	70.1581	60.8148	52.4607	45.0685	39.2702	36	
120	101.452	84.2291	67.3708	54.2184	42.9283	34	
101	82.0966	64.0604	52.6914	45.1763	38.7403	34	
113	94.0413	75.8261	61.7587	50.7239	43.1326	35.8543	32	
103	82.1113	62.2204	44.5637	38.7938	35.8871	34.6724	34	
122	99.1148	80.0889	62.2183	45.6505	36.1867	31	
117	98.9926	83.7526	68.6113	54.9526	41.5113	34	
109	90.7033	73.0088	56.0828	47.0071	40.6936	36.9761	36	
107	87.3124	68.452	50.7497	39.148	32.5097	31.1034	31	
103	83.3519	64.2077	54.5952	46.1919	38.0707	34	
113	96.1142	82.4487	69.423	57.2025	45.0026	36.6629	34	
111	86.9278	68.0807	53.7309	41.0449	35.9237	34	
111	93.5208	76.1345	59.324	45.597	38.3713	35.1578	32	
102	87.1627	73.9621	62.3346	51.0471	41.8641	36.1248	33	
113	92.1677	71.3664	56.9012	46.3306	36.8417	33.2872	31	
123	94.2334	71.1671	54.8617	41.6383	31.6628	31	
103	87.8452	73.1107	59.0437	48.2401	40.6009	34	
111	88.331	69.6135	56.1213	47.4905	40.0035	36	
114	92.86	71.7201	55.4567	47.4364	40.2082	37.1634	36	
119	95.9382	78.7672	65.256	52.5219	41.5175	35	
122	94.6157	69.3731	56.2427	46.4826	38.3376	31	
101	85.8717	71.0354	56.2607	43.4385	35.8743	32	
120	93.8503	69.6871	56.8435	45.1701	37.932	36.7619	36	
111	86.4052	63.5556	51.3119	42.8809	37.3497	33.2148	33	
105	84.251	64.4865	47.6753	33.4388	32.6058	32	
104	83.1589	63.0373	45.5685	33.6079	32.1016	31	
107	82.1533	61.5274	48.0157	37.132	33.8404	31	
107	80.2547	61.1183	46.7016	40.1797	36.4039	33	
119	89.4951	64.3338	46.8625	40.0413	35.6976	31.5148	31	
103	80.8051	61.2084	46.9056	39.3292	34.0354	31.4857	31	
102	88.2666	74.8238	61.3963	48.1217	40.8879	35	
110	93.8427	80.0061	67.1815	56.7299	46.9064	37.903	33	
117	97.5719	81.1933	65.159	49.4936	41.3289	35.6972	31	
104	82.8175	66.2814	51.2715	39.0175	32.4805	31	
117	91.8752	69.1838	54.877	43.7658	36.4952	35	
111	95.4048	80.9356	67.0808	54.7274	42.9713	32.8019	32	
101	72.3778	59.3594	50.8035	44.3097	38.0005	36	
102	86.3209	71.0343	56.2435	42.1138	33.0864	31	
113	93.5237	77.9055	65.3821	53.7458	43.595	36.931	32	
117	89.9943	66.1303	44.5829	39.3785	35.1262	33	
107	85.9701	68.5317	53.6459	43.3681	35.9365	33	
119	91.8947	66.3032	46.2242	36.0276	34.171	33	
122	95.4151	73.2212	60.1549	47.8072	39.9036	34.741	32	
102	81.6642	64.6208	52.613	45.8989	40.971	36.3013	36	
107	85.1199	66.416	48.2855	37.963	36.5073	36	
103	84.9521	71.5017	59.761	49.3882	41.5041	34	
106	89.4467	73.8908	62.7969	53.5228	44.2663	37.092	32	
105	79.5034	59.8079	45.1495	34.9338	34.3396	34	
120	93.8282	71.1672	57.576	45.2348	40.1281	35.5002	33	
115	97.8497	82.8929	69.1623	58.5406	48.7651	41.114	35	
105	86.3886	69.3837	55.3626	41.8004	36.3964	36	
109	88.9201	74.5074	60.4209	48.1691	41.9719	36.5493	35	
122	93.8052	68.4012	44.896	37.9336	34.4524	31	
111	85.8062	64.1977	56.155	48.4354	41.0065	38.4548	36	
120	81.315	68.4808	56.4374	46.6445	38.798	36	
119	97.2177	79.3958	65.5343	53.5064	41.6496	38.2026	35	
111	95.6472	81.0675	67.6687	55.2577	46.5828	38.8528	34	
114	89.1772	66.5837	49.2634	40.689	33.7009	31	
112	92.6887	74.1398	57.2848	44.7494	34.5856	31.6211	31	
105	83.6763	66.0826	50.6019	40.2742	35.8974	34	
109	85.4358	64.3801	51.6098	43.3243	37.75	35.2922	34	
115	91.2898	68.7872	54.6646	45.2988	39.8025	36.278	33	
119	99.576	81.6876	64.0148	46.5843	40.3611	35	
105	81.3695	63.755	46.8992	42.184	38.4714	35.8156	34	
118	74.2923	58.1918	48.6921	40.3966	37.4084	35	
101	78.9552	62.78	51.2424	44.3198	38.1589	35	
118	100.203	83.9812	67.8212	57.7938	48.0149	39.9557	32	
116	97.3948	79.8741	64.161	51.4121	41.266	35.3133	35	
101	85.377	70.5527	57.5176	48.4441	40.6805	36	
106	90.2089	75.2885	61.6997	48.4181	41.214	37.8339	35	
122	89.4468	57.6013	48.568	41.0333	34.4977	32	
117	91.9295	68.8697	53.8274	40.0577	36.0362	34	
111	98.0763	85.5791	73.6722	61.7818	49.9077	41.0678	36	
119	99.3268	82.1991	66.65	54.337	44.1157	37.3475	32	
121	100.34	81.4226	66.5226	52.3241	40.3148	37.7217	36	
104	85.6232	73.3322	62.6573	52.9002	44.1608	37.1174	36	
111	91.5678	73.2954	55.6795	48.6988	42.3527	37.5384	35	
122	98.5884	76.8288	62.6213	49.2634	36.8024	36	
118	99.2373	82.2288	66.5424	51.5424	39.6186	31	
122	90.9165	73.7186	57.5399	43.8665	35.6286	31	
121	97.7073	77.5506	59.6448	45.5073	39.9686	36.5291	34	
121	94.5451	77.4462	62.5788	49.7546	37.1187	34	
114	97.1361	81.1725	65.6937	54.907	44.5705	36	
121	96.7347	78.7021	62.1475	49.5592	39.8777	36.3056	35	
107	87.5357	68.5416	50.8169	39.9799	34.1265	31	
114	83.472	64.6194	48.3136	33.8269	33.3307	33	
122	99.1583	77.1752	56.9096	42.7838	36.1288	36	
113	94.7414	76.6866	60.9491	48.3692	41.1117	36.859	35	
101	75.3143	60.4286	50.5143	44.4286	38.7143	35	
103	84.2467	67.5131	51.1345	41.3916	36.3982	35	
123	103.061	85.0359	70.5723	58.2648	47.9198	38.5439	36	
111	84.8295	65.8182	56.0606	47.2576	40.4962	34	
105	89.1204	73.2573	62.9553	53.0142	44.8611	37.84	32	
117	100.904	84.829	70.1148	56.6218	45.3309	35.6015	34	
103	77.5359	63.4115	50.1196	43.7177	38.4928	34.7033	31	
108	84.9474	67.7065	58.2958	49.566	42.0763	35.1216	35	
120	78.0554	43.0066	38.3403	33.9333	33.1555	33	
109	91.9141	75.3977	60.4832	48.9502	37.524	34	
106	85.0843	68.6182	53.5709	40.5873	33.9235	32.3972	31	
108	89.5193	73.1095	59.1533	48.1233	40.8751	37.5887	35	
105	88.527	75.1823	63.1443	54.6504	46.2357	39.0683	32	
108	90.5512	75.2881	63.0966	51.2253	42.4067	36.7349	36	
105	83.1824	67.0833	54.8479	44.7505	37.6154	33.2364	32	
107	88.716	72.2585	57.1999	48.5145	40.1011	34.9715	34	
104	85.3533	72.5494	59.8034	47.3658	38.6885	33	
113	87.7489	64.4817	52.247	42.387	35.2024	34	
120	89.2472	70.8315	56.4442	47.0205	37.7767	34	
106	83.6481	66.8974	50.1993	43.2307	38.4974	35	
114	82.9543	62.5446	48.8742	40.3462	34.7886	33	
119	88.9981	60.6298	51.3622	43.4141	36.0942	36	
115	93.0365	71.6232	51.3983	42.1331	36.3231	33	
122	101.313	81.8094	63.0732	46.6401	36.6599	35	
101	83.2457	65.5163	52.9197	43.1747	36.2069	34	
123	98.2406	77.8051	62.0281	51.2698	43.1883	36.8826	34	
119	96.0457	73.753	61.5124	50.0862	40.2123	31	
114	88.8697	69.6713	56.485	47.2265	39.3707	34.8016	34	
105	84.5963	65.8725	49.5007	42.9336	39.0239	36	
107	88.6753	70.9391	56.1048	42.3258	38.4092	36.5829	35	
109	85.2144	67.7155	54.6966	44.0042	33.7326	32	
122	97.955	76.0617	55.3945	45.6864	39.8065	34.1518	32	
123	99.7216	79.4139	60.0072	42.6215	38.6768	35	
120	97.5745	76.2307	59.868	49.3652	39.9442	36	
105	88.0719	72.1902	59.2979	47.9378	38.633	33.2519	32	
112	90.0456	69.0726	59.6245	51.5228	45.0415	39.3133	35	
123	99.2673	75.5605	55.3812	43.9946	34.0866	32.4266	31	
111	93.1521	78.3732	65.3115	55.7938	47.6645	40.1381	34	
111	91.75	72.9695	59.9014	49.6895	41.7861	34	
112	96.0612	80.7778	66.1303	54.6821	44.4482	36.951	33	
114	93.2177	73.7376	59.9182	49.7131	41.2089	38.5779	36	
108	91.4716	76.4489	63.0357	50.9553	41.3324	33.8211	31	
118	95.2592	79.5401	64.1667	51.4531	41.5589	37.4097	36	
115	93.2601	72.4815	53.5382	37.5665	33.8084	33	
101	84.0097	68.187	53.4098	41.7692	35.0951	31.2614	31	
103	84.5619	69.2227	54.2128	43.9479	36.104	35	
107	92.6305	79.1258	65.9523	52.8339	44.6832	37.8757	33	
114	96.5391	80.1762	64.6633	52.887	42.7575	35.9042	33	
110	82.2544	63.2616	50.2183	38.3764	36.746	35.3444	34	
110	81.4086	62.8016	49.5648	38.3703	35.0422	33	
123	101.698	84.9856	69.2317	54.8371	43.1386	33	
101	76.717	63.7906	53.6849	46.2038	39.3849	36	
117	97.0197	80.281	64.4598	53.7969	45.7843	39.8922	34	
119	97.0933	76.9022	58.7895	41.5677	32.165	32	
107	86.8301	71.0977	59.4529	48.857	39.3907	33.2052	31	
116	98.3449	81.6585	65.9805	50.3815	43.442	36.898	35	
104	83.3446	65.477	49.497	41.6168	35.2731	34	
109	88.1399	71.7087	57.4101	47.021	39.776	33.2965	31	
109	89.307	72.8824	57.7197	46.0528	40.0953	35.6892	33	
112	92.6514	78.4806	65.1902	53.6398	44.7096	36.4084	31	
118	93.2291	70.9405	54.7023	41.6705	35.4131	32.6206	32	
123	93.9733	71.2081	53.4074	39.4084	33.0126	31	
117	90.9632	73.3184	58.1021	46.5438	41.6254	38.3362	36	
103	83.1912	70.1	57.3123	45.6375	35.8444	33.295	32	
116	95.6448	75.6218	62.3544	49.242	40.7145	35.6645	35	
110	85.6458	71.5295	57.4987	47.4604	39.3614	34	
122	85.9946	56.4858	47.2497	42.4359	37.9744	35	
114	93.7837	74.6225	56.1577	41.5125	36.9544	34	
122	97.0917	73.7139	57.5385	45.0844	37.1317	33.7406	32	
108	87.5579	67.9273	51.8938	38.0098	34.7417	32	
108	88.397	73.6695	60.6948	50.9235	41.3537	34.2418	34	
106	88.967	72.2072	57.1052	46.4664	37.9225	33.9876	31	
113	94.3077	78.5945	63.9911	50.7118	38.2502	34.8038	32	
115	93.787	75.0087	59.5174	46.4	37.7261	31	
116	95.7902	76.6053	61.2122	47.2334	35.3043	31.3894	31	
119	101.515	84.1502	67.9708	52.2267	40.0619	33	
122	92.6788	70.7945	51.9887	36.9928	34.7678	33	
108	76.6705	58.827	50.4936	44.3232	39.743	35.4491	33	
121	99.1811	78.0993	60.3226	47.2134	37.6774	32.4516	31	
103	84.3807	70.3357	58.9295	48.4031	40.3103	36	
104	84.3348	66.315	50.4956	38.304	34.7952	32	
108	91.5211	75.3972	62.1127	50.4	39.7183	36	
102	84.2429	71.0082	58.4386	45.9687	38.2872	34.4631	33	
115	82.5223	61	49.8504	41.5367	36.4863	34	
102	84.1728	71.6854	59.2395	46.8353	38.3372	34.6388	32	
109	92.8249	77.1658	63.8199	54.1042	45.7764	38.623	33	
123	95.213	75.1015	57.2569	47.2821	39.1857	33	
110	94.8985	81.3216	68.2261	55.2591	45.9831	37.8306	33	
121	98.0261	79.3741	61.973	46.4676	36.4971	31.8719	31	
108	87.1219	69.9469	56.4326	46.1531	37.4912	31	
118	95.1733	76.715	62.1945	48.3815	34.6609	31	
109	90.0019	73.233	60.4204	51.3029	42.3862	38.6107	36	
115	90.9344	66.9836	45.1867	37.9497	31.8903	31	
107	90.0289	75.709	65.6831	55.8813	46.0982	39.9931	34	
107	86.8465	72.909	59.5737	46.8191	39.9579	35.7207	34	
101	82.3788	66.111	55.2934	44.8267	35.7638	35.289	35	
109	74.3555	46.7052	39.6386	35.761	35.3262	35	
113	91.422	74.4128	59.0275	47.0826	35.7156	35	
121	98.1152	81.519	67.8543	57.2867	46.8845	37.3571	34	
116	91.3381	68.308	54.1784	41.8661	36.3774	31	
104	88.7833	75.0635	62.779	51.1273	40.7564	35	
117	88.051	63.1414	49.1958	41.9506	38.36	35.7953	34	
111	93.7508	78.1138	65.3905	55.8141	47.1312	40.2742	34	
112	93.2609	74.6243	58.1814	48.5659	39.1348	32	
120	96.9807	76.2634	62.0145	49.1697	40.8367	34	
108	88.9753	70.3855	54.772	40.3718	34.8773	33	
113	94.8865	77.5204	61.5703	52.2874	44.6172	39.4251	35	
114	89.7307	68.4152	53.3799	40.5002	32.0112	31	
114	85.2523	68.0916	52.1807	38.094	31.0338	31	
122	98.1739	75.1315	58.5472	50.114	42.1511	36.4453	34	
109	74.095	57.4649	48.7661	41.3099	34.3655	34	
104	87.8208	73.454	60.9829	50.557	40.2309	35.1095	32	
109	88.099	71.6947	59.5926	47.9902	41.6339	35.8605	35	
115	96.7312	79.2435	62.3654	51.7737	44.2681	37.0863	32	
106	89.9412	74.1701	62.2654	50.99	39.7687	34.122	32	
111	90.7642	76.1523	61.7244	50.8706	42.6186	35.4966	33	
111	77.8935	60.458	50.149	43.2648	38.7329	36	
123	104.125	86.0588	70.8268	56.607	46.9415	39.7557	33	
101	86.6976	74.2327	61.8265	49.5821	41.0418	37.3523	36	
116	85.4503	61.0288	46.566	38.9668	33.2675	31.0919	31	
122	100.733	80.8	63.0889	47.3111	33.8444	32	
115	96.1969	80.8249	66.0397	52.5186	42.5415	34.8442	32	
103	79.4594	56.3206	45.3775	37.6961	34.5762	32	
120	98.098	80.1416	64.8269	50.5488	44.463	39.6145	35	
106	86.0607	67.4875	53.273	44.393	35.6431	32	
120	98.5633	79.763	62.5618	48.6669	35.4203	33	
107	88.5396	72.6668	59.4588	50.1321	41.2881	36.422	32	
115	86.9158	64.1752	53.5488	44.0154	38.2467	36	
114	91.5692	72.7154	58.0846	46.0154	40.8231	36.9	36	
121	93.807	68.9825	50.2398	39.1871	36.5556	36	
113	89.5462	68.5348	53.7548	40.5718	37.4404	36	
104	84.2362	68.749	54.4698	43.0416	34.9477	32	
123	91.4515	67.1721	47.6526	38.2065	35.9556	34.5904	34	
118	100.565	83.1545	66.1992	50.4821	34.8914	31	
108	91.3376	74.7719	59.1727	44.366	35.1843	33	
121	93.3845	66.089	46.0394	38.7354	36.4074	36	
112	88.3355	67.6795	52.5427	37.5244	34.2081	33	
115	95.4602	78.2309	65.6005	55.4345	45.9067	37.149	32	
118	92.2273	66.9539	49.2088	36.8793	34.7284	33	
105	88.1682	73.1295	59.9128	50.7161	42.011	34	
121	98.5627	77.9083	58.5321	45.4128	35.0856	33	
119	96.2144	74.9629	55.0695	42.9473	37.7162	35	
121	98.7314	77.0592	57.3008	43.5071	39.2572	35.4049	32	
113	95.5317	78.339	61.4218	48.8578	41.3819	36	
115	93.4893	72.9047	55.0717	38.3765	33.7463	32	
121	96.2702	71.9044	53.7795	42.3118	35.4467	33.2103	31	
116	99.0188	82.316	66.0201	51.4159	37.1971	33	
110	86.3448	62.7536	45.1483	33.8489	31.5122	31	
108	90.4995	74.5159	59.1244	46.3227	38.8859	36	
109	84.9482	62.9155	45.594	36.4905	33.6921	31.6376	31	
120	103.501	87.3498	71.6133	56.0261	43.6393	36.0115	35	
115	94.2892	75.5135	58.4638	43.7936	38.6944	33.752	32	
117	91.9925	69.3331	57.0935	46.9672	40.0696	34.4048	31	
111	95.3908	80.7632	66.3609	52.1195	40.8069	35.046	34	
104	89.9275	76.7513	64.5285	52.5726	43.6867	36.4789	34	
113	94.7314	80.1429	67.2341	56.5522	47.8897	39.3027	36	
122	83.8292	62.8686	46.5317	37.4385	36.6165	36	
122	99.3361	77.785	65.4623	54.1711	44.237	34.9814	33	
117	90.0822	73.2586	59.416	46.695	38.903	33.8559	33	
123	99.0488	75.1876	53.8744	42.873	38.2267	34.6895	34	
112	94.06	77.5129	65.2186	54.4657	43.8986	34	
116	97.8891	81.8194	67.5126	54.8943	43.408	34	
112	92.3483	78.0217	66.1906	54.6714	43.5309	36	
115	86.8703	72.8054	59.6444	47.1611	37.2197	35.1862	34	
123	103.139	84.8074	67.0132	53.7863	42.3988	35.0413	35	
116	94.6783	73.4522	57.4848	44.0512	31.5259	31	
115	88.0221	70.1134	54.0989	41.9302	36.8216	32	
122	96.455	75.5946	55.0649	45.7232	38.7238	32.496	32	
118	100.222	83.2363	67.8718	57.8029	48.2744	38.7639	33	
120	85.3069	63.1547	51.5784	42.6818	38.6801	35.0357	35	
121	96.5583	81.5363	67.6794	54.0456	43.7831	36.0986	33	
104	87.9978	72.574	60.1922	49.6312	40.7411	35	
120	98.3489	77.1971	60.0128	46.9276	40.6477	36.0232	34	
116	82.3154	71.2752	61.1745	51.2617	42.4295	36.1812	32	
110	92.2108	74.4676	58.1052	48.8309	40.8914	35	
108	87.7291	71.5376	57.9709	49.4009	41.0521	34.253	34	
108	90.2489	75.3679	62.7868	50.5989	41.3597	36.1111	31	
106	82.8664	60.8009	50.0677	43.5028	38.3967	36	
116	99.68	83.8601	72.0076	60.8386	50.3532	41.4347	35	
113	88.2948	64.2417	46.2834	40.3391	38.4831	36.7775	36	
106	90.8243	76.0803	61.4226	52.2265	44.1313	38.2812	35	
107	91.2263	76.861	64.0356	52.1865	42.9477	34.1407	32	
113	94.3847	79.9221	66.871	55.0881	44.594	35	
108	92.0706	77.098	63.2667	52.5408	43.2249	37.4507	35	
106	70.7871	58.1104	47.1337	37.517	34.3599	33	
104	83.8267	64.1298	52.5933	43.6251	39.0686	35.1954	33	
120	98.027	80.056	66.2909	53.622	41.6159	33.2294	33	
115	96.8582	80.569	69.0469	57.8862	48.4425	40.6255	35	
104	85.6806	69.1152	53.5675	43.6283	35.5513	33.6674	32	
120	100.459	84.7706	69.2477	55.9817	46.4862	37.5138	36	
114	85.4606	59.179	47.4275	36.2838	32.0289	32	
119	96.9089	77.8961	61.7352	49.2411	40.9343	36	
105	85.9038	68.2692	51.25	42.4808	38.4038	36	
118	85.3336	53.8134	41.9933	34.1491	32.8596	32	
114	87.7991	64.5396	49.2254	40.4008	33.6383	31	
122	102.242	85.4068	68.9986	54.2546	44.6956	35.3286	32	
104	87.4818	74.3359	61.291	52.6078	45.1968	38.8965	33	
101	82.7173	67.8722	55.9611	48.7137	43.7435	38.8389	34	
116	92.8148	76.0646	62.2245	52.2643	43.0375	35.1593	34	
119	95.8567	73.0191	60.2009	47.9471	40.0681	34	
108	88.8281	70.5005	57.4823	47.4631	40.0432	36	
105	74.9752	56.1494	43.3092	33.0757	31.2414	31	
118	86.1284	69.5176	54.2978	45.0105	35.9686	33.1865	32	
114	94.9692	80.0132	65.4537	51.5991	41.5771	34.9912	34	
120	89.3208	71.5358	55.4951	46.0896	38.3599	36	
122	87.7137	60.7171	43.6612	33.6159	31.1395	31	
123	91.5789	63.3133	46.025	37.1291	34.9806	33	
119	97.0225	81.8672	67.7978	54.6018	45.7494	39.4701	36	
109	75.6426	59.2448	43.0928	39.5113	37.5099	36	
105	76.9332	56.5127	48.9279	41.466	37.5661	36	
112	87.7707	71.2866	57.0191	47.5414	39.3121	36	
102	72.1466	55.5647	48.276	43.6598	39.5599	36.1585	33	
115	90.8812	68.8905	47.5603	33.0303	31.8072	31	
114	89.2435	68.7777	53.8165	40.2103	35.2138	34	
117	100.93	85.6417	70.7803	57.4832	46.3371	35.6532	34	
106	86.0257	66.7865	53.6562	43.3142	39.1571	35	
119	95.7753	76.8887	59.695	47.4743	38.7452	34.0103	32	
115	90.8788	69.0805	49.3751	42.8152	37.4294	36	
105	88.8934	73.2386	57.8617	42.9887	38.2975	33.7279	31	
101	78.19	61.3228	50.4994	40.8393	34.9725	33	
106	79.913	54.6957	38.2554	34.6141	32.3043	31.2989	31	
114	99.0068	84.6078	70.4432	59.4055	48.7899	41.1604	34	
116	85.7016	63.8973	46.6465	40.473	35.8757	35	
117	97.3584	78.0551	59.5764	46.3411	39.7022	35.9388	33	
116	94.9703	76.7747	60.3892	50.172	40.1454	32.6433	31	
113	93.2381	76.4448	61.747	47.2821	36.7172	35	
110	88.633	71.5306	60.8803	51.9534	43.9546	36.9059	36	
116	86.7825	70.2038	57.5259	45.0431	34.8229	31	
101	82.7729	64.9971	48.9262	40.6777	33.6576	31	
114	96.483	80.7466	65.8115	52.9241	41.1719	32.7584	31	
102	81.3048	65.0367	54.4031	44.5109	36.5251	35	
110	93.6742	78.4766	63.6772	50.4208	40.549	33	
115	91.9969	72.2024	57.3624	43.2774	32.2123	32	
106	88.4702	73.3292	58.5078	48.652	43.2915	38.2508	34	
115	83.319	64.2297	50.2577	41.9756	36.3531	31	
123	95.42	72.5922	57.4585	44.9838	38.1666	33.4992	32	
114	93.9774	77.8054	62.6014	51.556	40.8846	36	
103	84.8124	71.7044	60.7843	50.9295	41.6645	35.4625	32	
120	98.7672	82.8103	68.0948	58.5776	50.1724	42.0776	36	
108	89.0766	70.4222	52.7475	41.3166	31.8069	31.1345	31	
122	95.7468	72.5334	58.2185	46.3078	39.0398	36	
105	84.4145	65.8981	55.9711	48.0086	40.4014	35.9708	32	
121	85.9173	55.8464	45.4372	40.0827	35.1994	34	
106	76.2349	58.5839	43.5839	31.2685	31.0671	31	
111	89.3644	72.9015	61.8712	51.6202	43.188	38.4405	34	
116	98.806	81.7736	67.085	54.6188	45.2035	38.9805	33	
113	90.848	76.4601	64.183	53.7985	43.7052	38.4886	34	
108	90.3669	73.6258	60.8898	48.6851	39.1378	35	
111	75.989	53.6932	45.6082	38.4849	33.5699	33	
115	96.052	78.1556	61.9376	49.036	37.4691	34.638	33	
116	96.2237	77.4035	61.172	46.5263	36.5215	34.306	33	
110	91.2529	73.969	60.6721	50.3442	42.7945	36.5171	32	
107	86.7176	67.5966	56.377	45.7795	37.567	34	
113	95.8102	79.0004	62.9681	51.0648	41.3038	36	
123	93.8454	73.2735	54.7388	44.0188	38.6754	34.4675	34	
107	86.1309	66.0549	48.9283	38.7664	33.1897	32	
115	81.0037	59.7108	45.5276	40.0781	37.4075	36.1083	36	
114	95.7061	77.5355	61.4203	51.9445	42.9003	34	
108	88.2676	72.2958	58.6901	47.7676	37.9225	33	
106	80.641	64.8462	55.4359	46.4359	38.0513	34	
119	100.746	83.6436	69.7521	55.9635	45.4883	35.5688	31	
120	100.797	82.2391	67.7247	54.2847	41.2744	38.4809	36	
103	84.0794	65.3591	46.6888	36.3025	34.7008	34	
112	91.5234	74.0245	61.2725	48.8657	39.7603	31.6473	31	
106	84.4058	65.9968	52.7597	43.0877	38.237	34.3214	34	
109	84.2515	68.4655	54.1417	46.3705	39.3034	36.7311	36	
119	91.0089	66.0376	42.138	37.4945	32.8834	31	
119	92.3915	66.4077	51.4863	40.4239	33.9923	33	
122	101.759	83.9451	68.7853	57.711	48.5654	39.6272	31	
103	81.1391	63.4444	47.5753	39.8748	34.6085	34	
115	89.8063	69.8033	56.7634	44.3881	36.7287	31	
112	83.1385	57.7522	46.5222	39.7183	36.0969	33.0974	32	
107	83.8318	61.257	49.5955	43.3261	37.5212	34.0382	32	
111	89.5186	69.5151	55.7924	44.8142	38.6918	36	
114	94.0093	75.1229	61.1068	49.2427	43.6645	39.0208	35	
104	86.3202	69.2032	55.6571	44.0129	36.9488	32	
109	92.2281	77.8336	64.1634	51.2734	42.321	34	
122	104.892	87.9187	71.213	58.2595	46.4003	39.5215	33	
109	93.8717	79.3963	67.1407	56.2841	47.9645	41.3237	35	
116	93.9256	74.7127	56.5627	41.8464	31.436	31	
119	97.7525	77.1031	61.4307	45.8061	37.264	32	
123	97.6635	73.9369	60.1247	46.7362	40.6774	36.9066	35	
115	89.282	64.8721	50.7703	38.6047	34.5756	34.0785	34	
123	103.233	85.3039	69.2849	54.5311	44.0507	37.0319	34	
118	94.4533	70.9302	53.0101	44.5228	36.8158	32.7495	31	
112	87.167	68.4252	49.7711	37.7354	32.9913	31	
101	85.7825	71.2274	61.031	51.7897	44.3811	37.866	34	
108	79.7425	65.4979	54.0328	43.7836	34.1714	32	
123	97.6224	77.0949	61.9298	49.2239	39.0455	33	
121	96.8159	76.295	61.7134	47.8787	39.1297	36	
111	87.0323	66.1385	51.6256	41.665	36.3345	34	
123	103.04	83.8149	66.0142	50.682	38.9573	33.9494	33	
113	98.2163	84.238	71.0149	58.2952	45.7937	36.363	32	
116	89.8969	68.5545	54.5134	44.9119	38.5734	34	
118	93.8161	75.6686	60.5775	50.0329	39.7557	35.5149	32	
112	94.7515	77.798	63.5341	50.1553	39.7264	34	
103	87.259	71.6598	57.6047	48.4816	41.9425	36.4592	32	
109	85.9575	69.6822	53.61	39.8724	35.0677	35	
108	85.7299	66.0159	53.5853	41.4698	33.5562	32.1205	31	
120	98.4121	76.8468	56.817	41.981	34.8227	32	
121	92.4623	76.5	62.3048	51.997	42.3372	34.7684	32	
108	82.6078	67.8659	54.4008	44.6212	36.6118	34	
121	98.3202	75.7432	53.911	43.3031	33.9538	31	
108	92.3904	77.2565	64.9063	53.3841	43.2713	37.8273	33	
123	94.6849	68.137	45.863	36.8219	36.411	36	
111	81.8787	66.659	53.1653	43.1234	36.8787	36	
111	87.6138	65.652	53.6611	43.3794	37.63	33.9524	31	
108	87.7452	74.68	61.8468	49.2198	41.0251	36	
114	91.2496	71.2794	51.9195	34.8991	32.8648	31	
114	95.744	79.0094	63.3614	51.0604	41.6933	36.8033	33	
102	81.6188	64.1114	53.1437	45.783	38.8622	32	
117	83.9391	61.2246	50.7197	40.4129	35.0217	33	
121	102.206	84.8183	67.9628	52.4519	38.098	32	
102	86.918	73.2217	60.9917	53.7729	47.4404	41.2368	36	
111	94.5178	79.1742	65.1624	55.4352	46.5957	40.6513	36	
123	99.728	79.5512	60.3379	42.1467	35.0512	34	
121	95.1056	73.3107	58.9625	47.9612	39.399	36	
116	97.2746	80.4439	63.7745	50.7735	42.9528	35.3336	31	
103	84.723	71.6338	59.2031	47.0117	37.2946	35.4988	35	
108	89.5297	71.287	55.0164	42.7092	37.8925	34.2895	33	
110	90.941	73.2569	58.934	45.2986	36.3229	33.2101	33	
109	79.3551	52.8427	40.8576	38.2699	37.0896	36	
108	90.9324	75.665	61.4363	47.5364	34.4674	34	
109	86.6227	72.2629	59.6382	48.6889	40.791	35.436	34	
110	86.3542	64.9618	48.632	38.5069	35.4817	34	
101	81.6117	68.1141	57.0241	48.2904	40.4275	33	
114	91.7265	71.716	57.3247	44.6878	36.4496	32.6102	32	
106	91.3216	78.9528	67.1614	57.1023	48.2587	39.9622	32	
105	82.2736	65.3518	52.7342	40.7069	32.9592	32	
108	83.0585	67.1661	55.5602	47.8396	42.5755	37.7627	33	
119	101.159	83.3437	66.5141	52.667	42.4947	36.2368	34	
113	93.7994	76.6006	61.3821	48.8113	41.4066	34.9059	32	
114	99.4292	86.0959	73.2157	60.7015	48.9891	38.4967	34	
122	92.6851	68.6139	53.172	41.9002	35.2527	31.289	31	
112	97.9925	84.1296	72.0591	60.538	51.1563	41.9336	33	
123	99.5759	78.6149	59.0649	50.7266	43.8764	39.1814	36	
111	88.419	72.9868	60.0607	47.6359	38.6668	36.3717	35	
109	94.6781	81.2257	68.9323	57.6304	46.7556	36.6433	31	
122	87.9279	73.2441	60.6987	50.5056	42.5222	39.172	36	
122	89.5341	64.6226	52.5006	41.9949	36.5488	33	
114	94.4561	77.716	62.8931	48.7918	38.69	33.536	33	
108	86.4353	69.3254	53.6782	46.4087	40.1809	36.0142	33	
115	81.6989	68.6856	56.238	45.8517	38.9409	33	
109	85.407	62.048	46.407	36.7009	31.497	31	
108	90.747	75.102	60.0022	47.3827	36.4803	34	
106	88.2451	72.1485	60.5005	51.1743	42.3358	34.7656	31	
114	93.6138	75.7248	62.1718	50.7528	42.5121	36.0193	33	
107	77.6711	50.626	41.4908	37.6845	35.9215	35	
105	85.9066	71.8104	58.2555	47.9071	38.2667	32.6241	31	
117	85.8014	62.6478	50.1389	41.9468	35.0792	34	
111	87.4065	66.1614	53.8185	42.6225	34.6761	32	
114	96.459	80.3813	65.7854	56.9871	48.2629	40.0203	32	
104	85.0707	70.6465	58.1414	48.4242	40.3232	36.3434	36	
113	89.1643	68.593	50.6904	34.3681	32.2695	31	
121	95.1664	75.3322	58.4977	47.1196	39.6979	36	
113	94.3361	76.4705	59.4033	46.673	38.8191	36.273	35	
113	86.8126	67.7269	52.9909	45.5341	38.8171	35	
102	84.7662	70.8233	57.1403	43.9118	34.0609	33	
111	89.015	68.8337	52.9658	40.1565	37.1502	36	
103	88.9414	75.0025	62.3812	49.9994	38.8453	31	
107	84.8036	68.0179	54.6447	43.1776	35.123	35	
112	95.0855	80.4887	66.1751	51.9676	43.3688	35.6193	35	
119	94.3862	75.2945	59.6373	46.1014	41.0507	36	
112	87.666	65.6122	44.4773	38.4193	34.6756	31	
122	87.4986	68.2403	53.4651	45.5902	38.3391	36	
111	80.2186	60.7434	50.338	42.0137	35.1493	34	
117	90.9492	66.9336	51.6139	38.5515	35.7022	34.148	34	
103	89.0062	75.5573	62.6064	52.6598	43.0867	35.6929	33	
102	80.9448	65.5937	53.1341	40.9373	37.4938	34.392	32	
117	95.2928	78.5853	66.0735	54.1898	43.5121	39.3164	36	
117	96.5417	77.3764	61.0264	47.325	37.6277	35	
113	85.8571	63.3922	48.8263	36.2773	34.4566	33	
117	91.3577	70.417	53.5902	41.5579	36.4232	32.7733	32	
113	88.1693	71.6621	59.2048	48.5072	39.5693	32	
111	93.1667	77.7698	63.2117	50.1712	37.65	33.1368	31	
123	96.1226	75.2548	56.8127	41.6787	36.4411	36	
108	91.9359	77.7867	64.0272	50.3524	42.5745	35	
116	87.4065	69.9816	52.603	41.8051	33.2317	33	
112	88.4016	73.9069	59.6664	45.5786	39.2467	35	
101	80.7203	63.7838	47.6092	41.0214	35.4906	33.352	32	
102	84.0049	66.0099	56.4933	47.4188	39.0365	32	
123	104.343	89.562	74.9072	61.6392	51.113	42.2886	34	
109	88.2374	72.0913	56.309	45.9163	35.6601	34	
106	89.2149	77.1168	65.0694	54.4941	45.9831	38.3181	36	
119	98.5026	81.4982	65.0541	52.3998	40.5363	36.4829	35	
115	93.5888	73.4327	57.2838	43.2591	36.6691	33.3138	33	
101	79.3297	58.6868	48.1941	40.13	33.0934	33	
115	101.059	88.8575	76.9426	65.38	53.9055	43.2899	36	
114	94.3924	75.8588	58.3573	49.1747	42.1615	35.5694	33	
106	89.1742	73.2864	57.8677	49.5623	42.2144	37.7002	36	
103	80.2875	57.6785	44.5373	37.9926	34.9919	33.3363	33	
114	95.414	79.0193	64.8158	52.6452	42.3754	35.0361	32	
107	83.4457	66.0088	51.1971	45.441	40.0461	36	
104	82.4121	66.0905	50.8141	41.206	34.0503	33.005	32	
102	87.98	74.9735	62.1819	50.9414	42.5263	38.4109	36	
119	99.5447	81.4063	64.3086	48.7826	42.517	36.9735	34	
117	96.2519	79.4198	63.2519	54	45.8015	38.7023	36	
110	92.7596	77.273	62.7008	48.4457	34.3212	31.653	31	
109	81.7969	62.3933	53.611	46.0334	40.8972	37.0608	35	
114	91.9583	73.6417	57.2575	41.0133	36.3641	36	
107	85.532	64.4736	46.8423	35.591	33.4572	32.0562	31	
104	87.0531	72.3188	58.2199	44.4741	38.0955	34	
117	97.3271	82.1988	67.7255	53.7641	41.9112	31	
118	87.8501	73.3436	61.072	51.1919	41.7431	33	
106	77.1073	55.7657	43.799	39.4155	36.6958	35	
117	94.759	73.0695	52.9653	43.1774	34.2396	31.7123	31	
111	91.5979	73.6598	56.2784	45.5979	39.3711	35	
118	91.8809	73.1303	54.5294	42.1288	37.576	35	
105	87.3165	69.9983	56.3972	46.4919	36.9088	31	
114	89.9753	67.2984	50.8932	41.926	36.8982	32.1555	32	
121	101.006	83.3026	70.6738	58.2339	47.2575	39.5858	33	
116	95.1822	80.4431	65.9331	53.6714	42.1175	35.081	32	
119	85.4641	62.8282	40.4831	36.8497	33.7614	31	
109	95.4126	82.1443	68.9774	55.9121	44.4998	35.3352	32	
123	96.6364	75.4843	54.4343	40.1285	35.7005	32.3625	31	
122	94.5197	70.9021	57.162	44.8566	40.0006	36	
113	99.0861	85.8812	73.7794	61.7879	50.4267	40.7042	35	
119	100.743	82.5249	66.7989	52.7923	41.5098	31	
117	100.618	85.6695	71.4284	58.0092	45.2018	37.7849	34	
112	82.3439	58.7433	40.7323	36.1675	33.6521	33	
115	91.8173	71.7938	58.9249	48.1001	41.6656	37.345	34	
113	73.1027	58.5982	46.9062	37.7054	32.4821	32	
121	98.1047	75.8779	57.2322	42.7645	37.3212	33.9072	33	
113	97.0299	81.0764	65.273	50.4198	39.6341	36	
114	94.6222	75.3294	58.887	43.8272	37.1268	35.5528	34	
109	92.0582	76.67	61.9265	50.4073	40.1778	34.1397	32	
119	100.639	82.7826	66.4558	50.7635	35.5003	33	
116	89.685	65.8417	50.1974	42.7822	37.1756	36	
118	100.519	83.5806	68.721	54.0602	44.3165	34.9524	33	
101	84.1371	67.879	55.0565	44.1694	36.6694	34.3226	32	
120	83.4094	66.0386	50.3221	42.3909	35.1409	33	
110	88.8336	72.1747	56.8634	42.0167	37.9972	35.2556	35	
115	94.4744	74.2466	61.961	49.7003	41.1872	36	
120	96.9001	78.4628	60.3912	49.6641	40.5521	36.7123	34	
118	99.102	82.275	66.0653	50.453	42.6667	37.7879	35	
104	86.1146	68.9201	55.5828	44.011	33.0342	31	
122	94.1205	74.3129	59.2413	47.9227	39.4635	33	
115	89.8071	70.9124	60.208	50.7218	44.5531	40.1211	36	
108	85.5117	66.7285	55.3551	46.8825	38.4961	33.5561	31	
112	98.1226	84.963	72.6952	61.5585	50.5958	42.787	35	
117	97.682	79.8054	63.1899	48.196	34.9236	31.9609	31	
101	85.6581	71.2564	58.3077	50.7863	44.8675	39.312	36	
104	84.342	66.0097	49.7938	42.8331	38.0397	36.9179	36	
109	86.5142	72.5102	59.4837	46.7744	38.8476	33.9593	31	
108	78.7808	53.082	45.2731	39.1605	36.9842	35	
103	85.6826	69.498	55.5254	44.8616	36.3378	34	
108	89.4007	74.2442	59.2065	48.8383	38.6681	35.2252	32	
115	92.1429	70.6416	52.6998	43.7893	35.5811	35	
109	90.3623	73.0761	60.7448	50.0746	41.1499	33.7174	32	
116	94.9892	78.8087	63.9495	50.3682	40.8592	34.5993	32	
115	78.3606	54.6965	40.6576	36.8288	34.7549	33	
123	98.9779	75.8571	57.1218	46.0609	36.1938	35	
123	100.074	81.3411	66.6067	53.8352	44.5534	37.9132	32	
110	87.8133	68.2973	52.4106	37.3456	31.3196	31	
117	99.7558	83.6833	68.9575	56.5753	45.2598	34.0668	33	
113	91.39	71.0045	52.2517	45.381	39.4172	35.2449	33	
117	96.12	79.8369	69.5077	59.3446	50.4831	42.6185	36	
104	79.9075	61.6555	44.4075	37.8368	34.0951	33	
108	77.3901	53.9213	47.282	40.8358	36.3196	33.0772	33	
113	89.0624	67.673	51.5971	39.4521	36.0634	33	
103	81.622	62.7858	49.2073	38.6052	34.3904	33	
119	97.8374	81.028	68.5402	58.1813	48.4579	40.1963	34	
117	96.7302	79.8424	64.0525	50.1953	40.6643	33	
121	101.591	82.3017	67.6542	53.0369	43.2116	35.7071	32	
118	99.0669	81.6713	65.3739	49.7354	39.3683	32.208	31	
117	99.5444	84.1109	69.803	56.4108	45.6704	36.685	31	
120	87.8951	69.1618	53.9037	40.8631	33.383	31	
115	95.432	77.5127	61.3402	48.4846	40.575	34	
116	99.8638	84.5489	70.8766	57.5666	45.078	35.2465	33	
101	80.4427	66.8133	56.9422	47.2069	38.0376	36	
114	91.411	72.2949	56.2135	40.8205	34.9386	34.0313	34	
109	91.6171	76.1195	65.241	55.1355	45.3129	39.7134	35	
113	83.588	69.7787	57.8226	46.5539	37.4075	34	
101	85.9914	71.0953	58.3594	48.3236	42.5182	37.0503	33	
117	96.9762	77.5453	59.0577	46.6068	35.773	32	
118	98.5988	81.142	65.9321	53.142	44.8457	37.8889	34	
106	87.8987	72.7478	58.7333	46.1342	38.1401	32.1794	32	
115	96.5408	80.516	65.1294	51.1137	39.2251	34.9471	31	
119	96.9497	82.8094	69.265	56.75	45.6707	36	
114	84.0392	69.6471	59.8824	50.6275	43.2549	37.4902	32	
120	98.9047	78.2995	64.554	52.8459	43.2266	38.0947	35	
118	89.7085	70.1791	52.7857	44.6775	39.6644	35	
114	91.0919	74.391	59.5405	46.236	38.8108	36	
110	90.022	72.7033	57.0989	47.4505	40.8791	35.7582	34	
120	95.2174	75.7304	58.8	46.487	36.0522	36	
101	83.5795	67.0247	53.4735	42.3074	32.6784	31.371	31	
107	89.7338	72.5215	59.1541	48.6255	40.0553	34.8629	31	
121	99.6545	78.5674	58.9791	40.7088	32.5685	32	
105	81.9996	59.7489	50.0929	40.4969	34.7393	33.5098	33	
114	80.4746	68.862	57.9561	49.1372	41.4291	37.9621	35	
116	97.2325	81.2516	67.9143	54.9342	42.4781	37.4528	36	
115	93.4917	78.5961	67.1091	55.7243	48.1231	40.931	35	
107	88.401	70.4894	52.807	42.0754	33.0623	31	
116	93.2783	72.9038	57.2553	43.4845	34.8465	33.5946	33	
117	98.2736	82.3593	66.4451	50.616	39.2822	36.7256	35	
114	95.1512	78.8193	64.0771	49.6944	39.513	32	
117	96.96	79.6237	62.7874	46.7917	34.0906	33	
108	86.2107	64.6577	50.1402	38.4843	33.8639	32	
110	92.6827	75.5558	58.5239	45.7739	38.8279	33	
117	89.4634	64.8112	51.0261	41.5677	37.0062	36	
102	82.6038	66.2306	51.379	43.5678	38.3332	36	
119	90.2802	72.2648	59.3393	49.1285	41.0463	35	
112	91.2791	73.8025	57.6046	45.3615	33.4736	33	
122	105.962	89.941	74.1621	58.435	48.5495	39.2861	35	
109	79.9422	56.963	47.9681	41.3976	34.8974	33.9135	33	
112	83.5085	63.8895	49.5099	41.1728	35.8187	31	
116	92.159	73.6986	59.2452	48.6269	39.8117	35.4328	33	
108	91.4401	77.238	64.7858	53.4756	44.597	36.271	35	
110	90.0661	72.5902	56.3094	46.0268	40.457	35	
122	95.2356	80.7056	66.6515	53.7452	42.9107	36.8355	33	
102	78.4305	62.8082	50.207	37.8507	36.7621	36	
103	85.4103	68.5264	53.3327	43.1355	39.2535	35.5015	35	
123	98.5686	81.3358	65.2809	50.273	44.2525	38.5809	34	
114	88.1893	68.4362	51.9424	46.214	40.9794	36.1728	34	
123	104.024	85.4423	68.8577	56.5427	45.0975	38.1592	33	
114	86.8734	71.1015	57.7309	46.1984	39.0536	36.2372	36	
108	86.801	70.6504	55.8625	41.5437	35.0209	31	
105	85.9529	69.4482	58.0491	46.65	36.5846	32	
110	90.0022	70.2608	52.5064	43.2553	37.6149	33	
102	80.2488	59.1347	51.8404	44.612	38.7677	34	
102	83.2772	66.3638	51.9134	45.0023	39.8503	35	
119	90.442	74.5688	60.9583	48.102	40.8682	36	
106	82.3745	60.836	52.1956	44.5569	39.4228	36	
120	95.375	72.964	54.64	44.32	38.2574	36.1117	34	
117	97.8727	81.9645	67.4893	53.3255	40.5325	33.866	31	
108	83.5284	59.2346	42.7029	37.5775	36.1258	35	
105	87.7393	72.4195	57.7026	43.2496	34.8831	32	
102	79.0017	58.1262	40.8126	31.802	31.0472	31	
106	79.7197	62.9362	47.3364	38.7341	34.2883	31.0526	31	
120	91.768	75.533	59.4284	44.3995	37.7491	34	
115	87.8351	60.706	44.8657	36.3722	33.7202	32	
109	91.7705	77.7992	65.5456	54.1242	42.933	35	
107	87.9255	69.3278	53.3827	42.8024	36.782	32.9075	31	
101	82.0417	65.3674	53.509	43.7252	37.539	34.6077	32	
103	83.4027	67.6913	56.811	45.9726	39.2511	34	
109	87.8005	66.7988	47.5984	42.7873	38.196	34.8128	34	
103	85.8213	68.8504	54.1852	44.0934	35.9104	33.9071	33	
118	93.7941	72.5669	57.0659	45.6136	37.6317	35	
115	92.1312	73.3599	55.8622	41.7976	31.6645	31	
114	95.6712	79.6752	64.228	55.0146	47.3695	40.5476	35	
121	100.407	80.3011	64.3581	52.8437	44.6065	37.8086	34	
103	81.9283	62.1771	50.5134	40.3076	34.5308	32	
110	92.511	77.092	63.9098	52.1315	42.2805	34	
114	90.8718	68.4526	50.3363	39.799	32.0244	32	
101	67.6657	53.0881	47.1702	41.7538	36.6717	35.535	35	
108	90.8604	75.362	61.5607	51.0979	41.2319	34.9094	32	
109	84.9496	66.7297	52.5844	42.6462	34.3975	34	
123	88.4732	58.0567	48.5493	42.6162	37.0047	31.4646	31	
109	88.0369	72.1068	59.2548	50.6045	42.1339	36.4718	36	
112	93.6022	78.1124	65.6275	54.4415	44.0891	35.4039	33	
118	94.9228	74.0016	55.9778	47.1849	39.3353	36	
111	89.9061	72.5696	57.635	44.1986	33.8537	31	
101	82.5997	68.8105	55.197	42.33	36.16	31	
107	91.449	78.65	67.5934	57.2532	47.2875	38.82	34	
101	85.0398	71.9583	61.4593	51.7646	43.7633	37.0532	35	
108	78.0089	63.6044	50.5689	39.3067	35.2311	32.2133	31	
107	86.4418	67.1271	52.2473	39.7093	33.2642	32	
102	83.6731	68.714	56.3981	44.8459	34.214	33	
113	67.5023	45.8821	41.8189	38.8593	36.3511	36	
110	91.9399	75.3459	59.1794	47.4312	37.9838	31	
113	91.3924	72.4658	54.0163	40.7473	33.9083	31.2727	31	
110	90.8596	71.7994	53.6621	41.6642	35.7455	34	
122	102.488	83.8961	65.5925	52.2964	39.2306	35	
101	83.0818	69.0924	55.2498	41.9396	35.9914	35	
119	93.5307	71.0618	55.5824	41.7738	34.9547	34	
119	93.2031	67.6368	51.9281	38.2082	35.4123	34	
118	99.2492	82.1279	67.1319	53.6946	44.3664	35.6759	31	
103	87.8598	73.257	62.0654	52.4159	44.8224	37.4159	33	
114	92.7791	74.3578	58.4281	48.9095	40.8187	36.3954	32	
102	86.0602	70.4421	56.915	47.6985	39.2541	32	
103	78.6705	54.7092	42.2223	38.4486	35.9022	34	
122	96.958	72.3335	51.3046	44.7552	38.7194	34	
110	90.9145	73.1923	61.1809	50.1275	40.29	35.9792	32	
112	92.5923	77.3627	62.1556	48.678	38.817	32.0333	31	
123	101.583	83.9411	66.363	49.9906	37.0767	32	
112	85.7901	65.128	55.7416	47.9746	41.2272	35.7693	34	
118	90.6033	63.5188	38.2296	35.1074	34.0147	33	
113	92.8337	75.6004	61.3809	48.557	37.7963	31.3236	31	
107	86.4634	70.9126	57.831	45.6515	35.0864	32	
102	81.4831	64.0932	53.2119	44.2373	36.8136	33	
123	103.277	84.9925	66.9234	49.284	41.6137	35.2111	31	
107	80.5759	61.3296	44.0889	36.8056	33.0759	31.2463	31	
123	100.579	81.6676	66.1238	53.0765	46.2231	39.8171	34	
112	90.0943	72.2411	56.5041	48.5343	41.8478	37.2551	33	
113	84.6587	68.0911	53.7095	40.7469	33.9204	33	
121	97.5152	78.7429	67.2723	56.2938	46.2214	36.5375	34	
103	85.6226	68.4029	56.5611	46.1381	36.8188	34.7868	33	
122	92.8514	70.2695	57.7305	45.8453	36.3668	35	
114	94.2651	75.72	57.7181	48.7171	39.7161	34.8535	34	
105	86.71	69.1163	58.7618	49.1952	41.0032	36.7514	36	
114	91.3305	70.4049	55.8095	45.8005	39.8286	35.3855	34	
105	89.577	75.7028	64.426	53.1653	42.4854	37.9521	36	
120	86.5974	69.6476	52.8635	41.5453	33.9814	31.0552	31	
111	91.8804	74.9185	59.1353	46.8684	36.5794	36	
108	90.4648	73.4643	59.2223	49.6421	40.7676	33.7535	32	
118	89.0733	70.0558	52.0768	44.1553	36.4712	33	
102	75.2276	51.4747	42.1576	37.7866	34.2495	31	
119	95.8275	73.0713	56.1984	44.8757	35.5512	32.7761	31	
110	95.175	80.9773	68.1499	56.0654	45.153	35.2311	35	
101	80.6594	64.5158	53.5248	45.8997	38.5239	34.4724	32	
108	83.319	62.8095	44.485	40.7854	37.1602	35	
101	80.911	63.5958	54.5179	47.1492	39.8925	33	
111	89.877	69.017	56.2424	43.928	35.6891	31.6135	31	
115	88.4212	66.9824	55.1647	46.1587	40.2279	35.659	35	
107	82.0837	63.848	48.6229	41.8276	37.7274	34.3727	34	
112	94.756	80.41	66.892	55.804	45.418	35.266	31	
118	96.6426	76.0878	57.3129	44.2611	36.0951	31.698	31	
122	95.0695	73.1474	56.48	43.6442	34.4484	31	
103	72.1084	57.4937	45.8898	37.9238	34.5681	33	
107	92.2357	78.0357	66.1083	54.4859	44.7091	39.8131	36	
114	86.6494	70.013	53.4935	42.2727	37.1299	33	
116	97.4471	79.3417	63.3177	53.3586	46.0404	39.7516	34	
105	85.5209	67.3748	50.5849	43.7334	36.9285	33.0234	33	
118	93.3951	69.1335	52.654	39.0354	36.1172	34.2861	34	
122	99.9384	81.6209	67.0188	53.7415	40.5506	36	
110	91.1914	72.9287	56.3418	45.3465	35.6692	31	
105	87.0164	72.8824	59.6867	48.5978	42.9097	37.5855	35	
109	81.8015	59.781	46.8081	37.3707	33.167	33	
115	95.535	76.0979	62.1109	50.988	41.8117	36	
113	90.5843	68.646	57.1397	45.8245	39.4268	34.0795	31	
120	94.8638	74.4962	58.7195	45.5554	33.0507	33	
122	100.917	81.4941	65.2253	49.834	39.5652	34.087	32	
110	94.0062	78.3214	63.5289	51.0187	38.5772	33	
107	86.9845	67.7398	52.8391	38.6158	37.2378	36	
108	88.2874	68.6416	50.709	37.4486	35.4684	34	
109	83.8571	62.4286	46.8095	39.254	34.0159	31.0635	31	
123	96.4413	71.0372	50.3266	42.2436	35.5014	33.5272	32	
117	88.2423	61.1371	42.103	38.3534	35.557	34	
101	86.0814	71.6155	59.3925	47.9309	40.379	36.14	34	
122	105.012	89.6408	74.8856	60.3218	48.0968	38.6782	35	
115	95.2081	81.8401	68.5761	56.5085	45.2731	35	
117	91.5663	73.2499	58.5968	45.06	33.3026	31	
118	93.5819	73.0507	55.1857	47.6609	41.4069	36	
112	96.9619	82.1266	68.9449	56.356	45.6858	40.0387	35	
109	80.9972	68.0605	57.8558	48.0127	38.6114	36	
117	84.7886	64.3577	45.2358	38.8049	33.3984	33	
118	94.3293	74.3454	56.3253	42.3365	35.48	33.2404	32	
110	87.9228	71.8952	57.6223	44.2136	36.4618	34	
123	104.947	89.3261	75.9727	63.0063	50.427	38.29	35	
111	94.0853	78.0324	65.0257	52.8407	40.9964	35.906	33	
112	91.9746	74.4091	57.047	40.7827	33.3215	32	
105	85.2031	70.0268	55.2407	42.0975	36.2858	33	
102	79.1576	64.7043	52.7677	41.742	35.558	34.1918	34	
111	87.2456	68.4844	50.5635	41.393	33.0382	32.4696	32	
115	84.641	66.6668	49.0948	40.4495	33.292	31	
116	91.6058	69.3668	50.3603	41.4407	36.2625	33.1796	33	
104	82.431	67.2527	55.1558	43.5534	35.0703	31	
117	97.3691	79.6309	68.1342	56.8993	46.3289	40.9329	36	
105	91.3874	78.4753	65.8929	55.522	47.2253	39.3681	35	
109	92.9437	79.1145	67.7369	57.4643	47.8478	38.4557	33	
108	87.0311	69.6713	53.0653	37.35	31.7081	31	
122	102.46	86.5193	72.7104	60.1924	49.6891	40.6918	35	
103	87.6999	73.1164	60.0502	49.9555	40.3877	32.9905	32	
110	88.271	74.8364	63.0763	53.1075	44.891	39.7897	35	
119	94.0453	75.1489	62.4841	50.627	40.0392	33	
120	82.8153	64.576	51.279	41.1591	35.55	31	
119	91.768	74.422	61.837	51.7691	43.2174	36	
106	82.9595	66.1524	52.3928	44.6357	39.8336	35.1471	33	
109	96.2032	83.563	71.0402	59.9849	50.0644	40.3397	34	
115	95.1333	77.7209	62.7627	51.0204	39.7224	32	
106	89.7296	74.1093	59.6893	48.8201	42.2352	37.8509	34	
105	83.6554	67.5122	56.5236	48.3466	40.8959	35.7179	33	
120	98.9793	80.7718	66.9278	54.28	43.1162	35.5408	31	
123	95.8839	77.3307	63.7726	52.0413	41.5374	37.8553	36	
110	89.2008	69.4291	57.4758	49.2563	41.8137	36	
123	101.85	80.9631	62.8347	46.5673	40.8091	35.2699	34	
107	88.6097	71.4387	54.3477	39.1757	33.0989	31.5997	31	
123	96.7222	75.3436	56.86	42.1304	34.4952	33	
109	90.8533	73.5785	58.0657	43.8971	34.742	31.1453	31	
109	87.9913	75.3861	62.9501	50.5423	40.2213	33.0022	31	
114	92.2973	71.6886	51.8432	42.6837	36.0177	35	
122	93.6321	70.1406	54.0022	45.6428	38.5218	35.8514	35	
115	95.9969	77.2528	62.0145	46.7761	33.1115	31	
106	87.2442	69.1495	53.5102	43.103	38.3621	35	
119	90.5944	69.9905	56.6462	45.531	38.9643	33	
115	90.9831	68.4839	52.8982	39.9142	35.1445	35	
112	77.1693	63.0763	54.9711	46.9023	38.9066	35	
119	102.892	88.2961	73.9303	59.7289	48.7491	38.3939	32	
101	83.0269	66.733	52.1804	46.0028	40.6959	36.5705	34	
104	86.0721	72.6353	60.2084	48.4489	37.0681	33.6593	32	
106	88.0508	71.2658	56.7512	43.2068	33.6598	33	
104	83.325	68.526	55.6546	43.6537	33.9536	31	
108	81.809	64.9303	51.7378	44.5041	37.4921	34.0554	34	
104	82.6886	64.5556	46.6055	40.2486	35.561	33	
102	79.0329	64.5992	54.7736	45.6793	36.829	36	
117	80.3051	67.6828	56.0973	45.4134	38.967	35	
112	90.3939	74.1667	62.2336	53.103	45.3736	39.1585	35	
117	94.9829	77.6792	64.8042	53.511	45.9821	38.9594	32	
109	88.9646	71.8045	57.4277	50.8259	44.7762	39.7616	35	
104	81.2323	66.7354	52.8889	45.5475	40.7152	36.7657	35	
103	86.3194	70.269	56.0739	42.4389	38.5882	35.1925	35	
105	88.1186	72.9957	60.4128	49.5688	40.2879	35.4619	33	
116	97.2223	82.2884	68.9928	57.7556	48.1778	40.9734	34	
103	83.8542	64.7689	47.6831	40.2308	36.0098	35	
112	90.8564	73.7839	57.0178	45.4172	33.9918	32	
114	90.4977	77.2148	64.9371	56.1058	47.5378	39.1133	31	
103	82.9769	64.5504	46.3857	38.2979	36.6228	35	
108	90.3205	76.4613	63.064	51.248	42.5949	35.1677	33	
106	91.7375	78.0666	64.7475	51.9241	39.3404	35.8388	34	
110	81.8605	57.1999	46.9786	38.82	34.0479	31	
120	85.9087	66.7958	48.8073	40.5746	34.3729	31	
121	87.1845	63.8386	52.4866	45.5871	38.7277	36	
119	83.7106	61.6239	41.6759	36.9871	36.2468	36	
112	88.0634	70.5822	58.7559	47.5751	38.9507	35	
123	97.5405	77.8649	62.0541	47.4595	37.3784	35.2162	35	
114	96.7594	79.7895	66.1956	53.4141	43.9182	35.8304	35	
114	94.2535	75.0342	57.5178	43.6102	33.6964	31	
121	98.9521	79.5499	62.2895	45.8271	40.4096	36	
113	96.0435	81.4461	67.6597	56.0359	45.1002	39.3006	35	
104	77.1609	59.1724	41.7011	37.6207	35.6667	34	
103	87.2011	71.551	59.6646	48.7139	39.8044	33	
106	75.8758	59.3511	48.4107	37.9261	33.8994	32	
112	91.8535	73.0235	61.7631	51.7016	41.9693	34	
120	91	62.4231	43.578	39.2817	34.9854	33	
109	91.9526	75.9679	60.2869	47.1434	38.1209	34	
104	85.8402	71.9929	60.3109	50.1938	40.8774	35	
116	90.2948	73.3965	57.0793	43.7126	33.6094	32	
120	91.4151	70.3161	53.3825	40.3729	37.5355	35	
119	96.3157	78.2136	60.8601	49.0643	43.2344	38.9698	35	
118	98.2811	79.488	64.1665	51.252	39.055	36	
107	82.7152	60.1491	44.8559	38.4547	34.9428	33	
122	97.2918	80.245	66.8101	53.5667	43.3058	39.3382	36	
109	93.6438	80.0095	67.176	55.0832	43.1307	36.9642	33	
102	77.3447	61.0047	51.7127	42.764	34.5016	34	
15.68	28	20.16	19.04	16.8	33.6	14.56	25.76	16.8	25.76	33.6	30.24	17.92	12.32	22.4	21.28	28	26.88	20.16	31.36	23.52	15.68	25.76	21.28	23.52	14.56	14.56	23.52	26.88	22.4	19.04	13.44	32.48	20.16	12.32	15.68	31.36	17.92	30.24	19.04	16.8	24.64	30.24	19.04	23.52	13.44	22.4	13.44	29.12	21.28	31.36	13.44	20.16	19.04	32.48	29.12	19.04	16.8	16.8	32.48	15.68	20.16	11.2	15.68	20.16	13.44	12.32	17.92	11.2	23.52	31.36	22.4	12.32	29.12	22.4	17.92	11.2	21.28	15.68	28	30.24	22.4	12.32	30.24	32.48	14.56	33.6	14.56	29.12	16.8	16.8	16.8	29.12	23.52	28	20.16	32.48	13.44	15.68	26.88	11.2	24.64	21.28	26.88	33.6	21.28	22.4	16.8	26.88	22.4	19.04	29.12	15.68	20.16	20.16	28	31.36	30.24	15.68	30.24	13.44	28	32.48	30.24	23.52	26.88	24.64	16.8	25.76	21.28	20.16	15.68	17.92	32.48	24.64	17.92	11.2	11.2	24.64	33.6	28	17.92	31.36	23.52	17.92	28	22.4	29.12	17.92	21.28	11.2	21.28	15.68	13.44	30.24	26.88	13.44	26.88	11.2	21.28	30.24	20.16	31.36	21.28	20.16	11.2	23.52	15.68	11.2	14.56	28	14.56	22.4	16.8	13.44	32.48	28	28	31.36	12.32	14.56	24.64	11.2	31.36	30.24	11.2	30.24	30.24	20.16	23.52	24.64	25.76	15.68	21.28	32.48	29.12	12.32	33.6	25.76	15.68	13.44	22.4	31.36	30.24	20.16	32.48	16.8	23.52	12.32	20.16	21.28	23.52	15.68	22.4	14.56	25.76	33.6	11.2	23.52	31.36	31.36	26.88	21.28	25.76	19.04	16.8	23.52	32.48	15.68	28	16.8	24.64	21.28	12.32	13.44	20.16	21.28	24.64	20.16	25.76	21.28	26.88	23.52	15.68	31.36	25.76	12.32	13.44	26.88	31.36	23.52	32.48	33.6	22.4	12.32	22.4	23.52	24.64	25.76	26.88	29.12	28	23.52	26.88	28	30.24	30.24	22.4	19.04	28	20.16	14.56	22.4	20.16	30.24	22.4	25.76	29.12	16.8	32.48	20.16	28	22.4	25.76	11.2	12.32	13.44	31.36	32.48	31.36	20.16	29.12	33.6	29.12	16.8	30.24	19.04	29.12	21.28	19.04	15.68	33.6	22.4	28	23.52	12.32	11.2	24.64	26.88	29.12	20.16	23.52	11.2	17.92	29.12	13.44	23.52	26.88	11.2	11.2	33.6	29.12	21.28	23.52	28	30.24	19.04	23.52	33.6	12.32	30.24	22.4	25.76	26.88	22.4	25.76	17.92	19.04	29.12	31.36	12.32	30.24	29.12	15.68	13.44	33.6	13.44	14.56	14.56	19.04	31.36	26.88	16.8	21.28	29.12	29.12	21.28	22.4	11.2	14.56	26.88	20.16	14.56	33.6	23.52	16.8	22.4	13.44	11.2	13.44	33.6	23.52	25.76	16.8	14.56	28	25.76	16.8	16.8	31.36	28	19.04	21.28	31.36	15.68	20.16	17.92	25.76	32.48	13.44	15.68	13.44	33.6	19.04	12.32	19.04	24.64	16.8	33.6	28	33.6	11.2	20.16	25.76	29.12	31.36	14.56	21.28	20.16	15.68	12.32	31.36	15.68	11.2	32.48	31.36	30.24	24.64	30.24	16.8	33.6	28	16.8	14.56	21.28	15.68	12.32	23.52	11.2	12.32	15.68	17.92	22.4	13.44	32.48	33.6	15.68	17.92	17.92	26.88	28	12.32	26.88	31.36	31.36	15.68	25.76	23.52	14.56	30.24	22.4	22.4	31.36	14.56	29.12	32.48	33.6	15.68	24.64	14.56	15.68	17.92	26.88	24.64	13.44	33.6	32.48	22.4	12.32	21.28	19.04	17.92	20.16	21.28	13.44	29.12	19.04	30.24	24.64	14.56	31.36	14.56	24.64	20.16	22.4	32.48	11.2	20.16	26.88	26.88	11.2	29.12	12.32	14.56	23.52	19.04	20.16	19.04	32.48	31.36	30.24	24.64	29.12	13.44	30.24	23.52	23.52	31.36	21.28	28	19.04	23.52	19.04	32.48	26.88	20.16	22.4	11.2	16.8	13.44	24.64	14.56	21.28	19.04	14.56	15.68	29.12	12.32	26.88	17.92	29.12	28	11.2	14.56	31.36	15.68	12.32	15.68	12.32	26.88	26.88	16.8	30.24	24.64	21.28	20.16	25.76	16.8	11.2	32.48	29.12	12.32	28	30.24	28	11.2	19.04	13.44	22.4	30.24	20.16	11.2	31.36	14.56	19.04	26.88	28	31.36	30.24	33.6	12.32	16.8	32.48	14.56	16.8	12.32	25.76	32.48	19.04	29.12	22.4	15.68	32.48	33.6	24.64	17.92	17.92	28	21.28	32.48	23.52	20.16	32.48	15.68	11.2	28	19.04	25.76	16.8	25.76	22.4	32.48	30.24	26.88	21.28	26.88	30.24	23.52	15.68	24.64	21.28	30.24	32.48	19.04	17.92	31.36	30.24	31.36	25.76	11.2	26.88	21.28	12.32	16.8	24.64	12.32	31.36	32.48	29.12	33.6	16.8	19.04	13.44	31.36	21.28	22.4	17.92	23.52	29.12	24.64	13.44	17.92	28	24.64	12.32	11.2	21.28	20.16	13.44	24.64	11.2	29.12	22.4	19.04	16.8	19.04	23.52	33.6	26.88	23.52	25.76	20.16	25.76	31.36	12.32	31.36	28	23.52	31.36	33.6	31.36	17.92	32.48	26.88	20.16	31.36	11.2	32.48	15.68	32.48	23.52	15.68	28	33.6	23.52	30.24	26.88	16.8	23.52	20.16	28	30.24	24.64	20.16	31.36	22.4	30.24	14.56	22.4	21.28	29.12	28	12.32	26.88	15.68	29.12	16.8	11.2	12.32	25.76	17.92	30.24	21.28	23.52	26.88	15.68	23.52	22.4	23.52	24.64	29.12	22.4	16.8	12.32	33.6	33.6	22.4	22.4	30.24	30.24	23.52	31.36	16.8	13.44	28	22.4	32.48	30.24	30.24	32.48	15.68	32.48	11.2	26.88	16.8	17.92	21.28	13.44	13.44	12.32	15.68	14.56	30.24	22.4	31.36	24.64	16.8	25.76	26.88	32.48	24.64	26.88	22.4	15.68	29.12	19.04	14.56	16.8	25.76	33.6	21.28	20.16	16.8	14.56	15.68	32.48	21.28	26.88	30.24	31.36	32.48	14.56	32.48	14.56	11.2	26.88	14.56	11.2	12.32	32.48	25.76	25.76	17.92	30.24	17.92	22.4	11.2	26.88	26.88	15.68	11.2	26.88	32.48	33.6	19.04	11.2	29.12	11.2	17.92	17.92	30.24	12.32	25.76	19.04	19.04	13.44	29.12	16.8	32.48	32.48	30.24	26.88	28	16.8	32.48	25.76	14.56	12.32	23.52	28	17.92	20.16	12.32	24.64	32.48	17.92	31.36	21.28	11.2	20.16	16.8	26.88	28	17.92	16.8	20.16	29.12	25.76	20.16	29.12	26.88	29.12	13.44	17.92	11.2	32.48	16.8	32.48	33.6	33.6	24.64	22.4	22.4	31.36	26.88	15.68	12.32	31.36	20.16	17.92	17.92	16.8	31.36	16.8	21.28	23.52	19.04	11.2	13.44	15.68	11.2	14.56	30.24	17.92	20.16	11.2	26.88	28	11.2	21.28	23.52	31.36	28	31.36	31.36	32.48	22.4	33.6	22.4	19.04	33.6	15.68	21.28	25.76	22.4	15.68	22.4	21.28	17.92	11.2	30.24	30.24	13.44	22.4	16.8	23.52	16.8	17.92	13.44	29.12	24.64	32.48	14.56	15.68	11.2	21.28	28	28	15.68	32.48	30.24	13.44	30.24	30.24	32.48	15.68	28	26.88	15.68	13.44	25.76	14.56	13.44	26.88	22.4	29.12	17.92	22.4	19.04	24.64	23.52	14.56	25.76	13.44	12.32	14.56	19.04	19.04	24.64	20.16	21.28	29.12	26.88	23.52	21.28	28	26.88	28	20.16	30.24	29.12	21.28	29.12	15.68	32.48	14.56	19.04	15.68	28	15.68	33.6	28	13.44	19.04	13.44	20.16	24.64	13.44	12.32	12.32	16.8	11.2	28	28	33.6	29.12	22.4	29.12	15.68	16.8	
26.88	31.36	14.56	23.52	17.92	26.88	29.12	28	28	12.32	26.88	33.6	31.36	31.36	25.76	14.56	31.36	31.36	24.64	32.48	14.56	22.4	17.92	17.92	31.36	13.44	16.8	25.76	15.68	28	14.56	14.56	19.04	11.2	28	33.6	15.68	25.76	16.8	24.64	11.2	32.48	25.76	24.64	20.16	11.2	17.92	33.6	32.48	26.88	17.92	24.64	31.36	32.48	22.4	20.16	20.16	23.52	31.36	22.4	33.6	14.56	28	15.68	14.56	16.8	11.2	20.16	14.56	25.76	21.28	26.88	14.56	17.92	17.92	32.48	13.44	22.4	29.12	16.8	14.56	23.52	14.56	33.6	20.16	25.76	17.92	32.48	25.76	22.4	22.4	14.56	25.76	11.2	16.8	12.32	22.4	15.68	32.48	32.48	16.8	28	28	12.32	12.32	33.6	25.76	13.44	21.28	25.76	12.32	16.8	23.52	17.92	23.52	32.48	22.4	23.52	29.12	30.24	30.24	33.6	11.2	20.16	21.28	32.48	12.32	23.52	16.8	24.64	29.12	11.2	22.4	15.68	15.68	30.24	16.8	21.28	23.52	29.12	25.76	13.44	25.76	33.6	32.48	23.52	24.64	16.8	32.48	32.48	23.52	24.64	16.8	17.92	16.8	11.2	14.56	31.36	21.28	31.36	23.52	24.64	30.24	30.24	33.6	14.56	29.12	23.52	25.76	26.88	31.36	21.28	11.2	14.56	26.88	32.48	26.88	25.76	20.16	13.44	24.64	13.44	20.16	25.76	31.36	28	25.76	28	28	31.36	13.44	12.32	25.76	24.64	24.64	29.12	25.76	26.88	32.48	32.48	30.24	17.92	28	12.32	11.2	20.16	30.24	25.76	20.16	12.32	32.48	26.88	15.68	11.2	21.28	15.68	30.24	17.92	19.04	32.48	19.04	17.92	29.12	13.44	12.32	22.4	16.8	30.24	13.44	33.6	25.76	24.64	24.64	12.32	16.8	21.28	31.36	15.68	21.28	11.2	20.16	12.32	33.6	11.2	32.48	31.36	12.32	25.76	11.2	24.64	17.92	29.12	11.2	24.64	11.2	21.28	23.52	33.6	32.48	11.2	29.12	31.36	24.64	28	13.44	25.76	19.04	16.8	26.88	16.8	30.24	28	13.44	24.64	31.36	28	25.76	15.68	25.76	20.16	25.76	22.4	30.24	15.68	29.12	16.8	11.2	14.56	22.4	25.76	12.32	25.76	33.6	16.8	28	29.12	32.48	29.12	14.56	33.6	30.24	33.6	20.16	22.4	20.16	24.64	20.16	20.16	23.52	24.64	23.52	22.4	13.44	13.44	11.2	19.04	20.16	31.36	24.64	12.32	25.76	15.68	15.68	25.76	30.24	29.12	22.4	23.52	16.8	19.04	14.56	19.04	12.32	31.36	25.76	11.2	25.76	13.44	28	21.28	22.4	22.4	31.36	28	14.56	30.24	12.32	12.32	29.12	23.52	11.2	19.04	29.12	16.8	33.6	16.8	32.48	19.04	31.36	13.44	17.92	17.92	26.88	28	14.56	29.12	17.92	19.04	30.24	21.28	33.6	14.56	14.56	20.16	31.36	29.12	32.48	32.48	13.44	24.64	13.44	19.04	12.32	30.24	30.24	16.8	32.48	29.12	13.44	29.12	30.24	16.8	17.92	23.52	30.24	29.12	14.56	28	28	15.68	17.92	30.24	16.8	33.6	19.04	19.04	13.44	14.56	22.4	28	25.76	33.6	30.24	24.64	20.16	26.88	15.68	24.64	12.32	22.4	21.28	24.64	12.32	15.68	24.64	19.04	12.32	22.4	28	23.52	16.8	17.92	28	31.36	19.04	29.12	11.2	23.52	31.36	13.44	30.24	16.8	20.16	20.16	19.04	17.92	16.8	14.56	19.04	32.48	14.56	33.6	32.48	20.16	17.92	31.36	33.6	25.76	13.44	23.52	29.12	20.16	25.76	12.32	15.68	11.2	16.8	19.04	16.8	25.76	12.32	16.8	14.56	21.28	14.56	31.36	28	31.36	26.88	26.88	30.24	15.68	19.04	19.04	33.6	24.64	21.28	28	28	11.2	26.88	29.12	15.68	30.24	33.6	29.12	31.36	16.8	32.48	23.52	31.36	29.12	11.2	30.24	17.92	25.76	13.44	25.76	25.76	12.32	11.2	23.52	19.04	11.2	21.28	12.32	17.92	33.6	20.16	15.68	31.36	32.48	21.28	16.8	21.28	31.36	20.16	28	31.36	28	22.4	20.16	26.88	20.16	11.2	31.36	31.36	33.6	31.36	22.4	29.12	30.24	19.04	13.44	11.2	21.28	31.36	22.4	20.16	14.56	32.48	33.6	12.32	25.76	32.48	16.8	33.6	25.76	33.6	12.32	21.28	12.32	28	31.36	20.16	13.44	16.8	31.36	15.68	13.44	20.16	11.2	12.32	12.32	24.64	32.48	12.32	13.44	16.8	31.36	23.52	20.16	13.44	12.32	24.64	24.64	23.52	30.24	25.76	25.76	15.68	26.88	13.44	28	29.12	31.36	17.92	32.48	24.64	13.44	13.44	31.36	30.24	25.76	12.32	24.64	26.88	11.2	31.36	22.4	22.4	14.56	26.88	17.92	30.24	25.76	30.24	20.16	15.68	12.32	28	15.68	19.04	32.48	15.68	28	33.6	12.32	28	21.28	17.92	21.28	33.6	24.64	13.44	19.04	33.6	30.24	19.04	22.4	29.12	24.64	24.64	29.12	32.48	13.44	23.52	16.8	15.68	22.4	32.48	17.92	24.64	21.28	32.48	11.2	25.76	22.4	28	12.32	16.8	26.88	26.88	33.6	13.44	17.92	32.48	13.44	24.64	22.4	20.16	20.16	31.36	28	20.16	11.2	24.64	26.88	11.2	24.64	26.88	22.4	24.64	16.8	30.24	24.64	19.04	11.2	20.16	19.04	31.36	32.48	20.16	13.44	28	20.16	15.68	16.8	28	15.68	30.24	21.28	19.04	26.88	26.88	11.2	13.44	16.8	23.52	32.48	11.2	19.04	22.4	12.32	24.64	17.92	12.32	24.64	12.32	30.24	14.56	31.36	21.28	30.24	12.32	22.4	26.88	16.8	19.04	17.92	31.36	30.24	28	19.04	20.16	29.12	22.4	12.32	13.44	26.88	26.88	28	17.92	14.56	12.32	31.36	26.88	29.12	14.56	20.16	23.52	20.16	19.04	17.92	14.56	29.12	23.52	15.68	31.36	28	23.52	26.88	28	13.44	14.56	21.28	20.16	24.64	23.52	13.44	28	24.64	14.56	15.68	16.8	29.12	28	19.04	16.8	31.36	23.52	32.48	15.68	14.56	16.8	28	11.2	26.88	26.88	32.48	20.16	32.48	26.88	25.76	19.04	13.44	32.48	29.12	15.68	31.36	15.68	30.24	28	26.88	13.44	29.12	13.44	29.12	14.56	22.4	26.88	33.6	25.76	11.2	33.6	29.12	14.56	25.76	31.36	17.92	20.16	24.64	16.8	22.4	19.04	12.32	30.24	26.88	14.56	28	22.4	11.2	33.6	25.76	20.16	15.68	33.6	16.8	25.76	30.24	29.12	31.36	17.92	13.44	14.56	20.16	33.6	15.68	33.6	25.76	17.92	32.48	16.8	22.4	28	24.64	25.76	32.48	19.04	22.4	17.92	19.04	14.56	15.68	11.2	16.8	31.36	23.52	11.2	15.68	13.44	24.64	12.32	11.2	29.12	11.2	16.8	29.12	15.68	30.24	13.44	26.88	33.6	26.88	23.52	25.76	17.92	20.16	22.4	22.4	15.68	12.32	19.04	21.28	19.04	17.92	25.76	29.12	32.48	15.68	15.68	25.76	30.24	32.48	28	15.68	28	16.8	23.52	15.68	26.88	19.04	16.8	19.04	24.64	21.28	20.16	28	25.76	26.88	19.04	13.44	32.48	21.28	29.12	30.24	31.36	33.6	22.4	16.8	16.8	33.6	33.6	26.88	30.24	33.6	26.88	19.04	12.32	20.16	23.52	12.32	12.32	12.32	33.6	25.76	14.56	22.4	20.16	11.2	11.2	32.48	16.8	22.4	23.52	22.4	21.28	21.28	12.32	20.16	20.16	13.44	15.68	17.92	21.28	30.24	21.28	22.4	25.76	23.52	30.24	29.12	19.04	31.36	32.48	32.48	19.04	30.24	20.16	12.32	15.68	23.52	16.8	11.2	14.56	16.8	21.28	26.88	33.6	29.12	12.32	30.24	20.16	23.52	22.4	32.48	28	23.52	19.04	21.28	
21.28	21.28	33.6	16.8	32.48	24.64	31.36	12.32	16.8	23.52	31.36	14.56	17.92	15.68	25.76	
14	19	14	20	19	15	12	14	11	10	10	16	15	16	20	20	12	11	17	12	11	11	13	20	15	20	13	19	10	14	12	17	13	18	20	12	19	20	13	11	13	12	17	13	12	13	16	11	18	15	10	11	11	11	13	14	19	19	20	18	11	20	17	12	15	17	11	16	12	18	14	14	17	12	15	20	15	16	12	15	15	19	15	16	11	10	12	16	16	12	17	13	14	10	15	12	12	19	19	19	18	18	15	11	11	15	20	20	16	10	12	11	13	18	16	16	16	19	13	10	14	10	13	10	14	19	13	12	13	18	15	18	19	17	12	20	18	16	20	19	13	20	17	12	14	16	14	14	16	20	15	10	20	17	10	13	20	12	18	17	12	16	10	17	20	12	18	17	11	19	17	10	14	12	14	14	18	20	10	12	11	13	18	20	14	12	19	13	17	10	16	19	15	20	14	15	10	10	11	18	19	17	20	15	16	11	15	10	19	16	16	20	12	14	10	12	15	16	20	14	20	13	12	16	14	18	19	20	12	15	20	15	12	13	20	15	18	16	13	20	19	10	20	12	15	16	14	16	13	10	11	13	11	17	14	14	18	20	20	13	10	16	10	12	16	18	15	11	20	19	20	14	16	13	11	20	18	16	16	13	16	19	10	10	13	16	14	14	16	13	17	16	12	14	10	20	13	17	19	20	10	11	11	18	20	19	20	16	15	12	16	10	13	17	17	20	12	12	19	14	20	19	16	13	17	17	16	15	19	20	14	13	17	11	19	10	19	13	14	16	20	11	20	17	11	14	11	18	15	11	15	20	16	12	12	13	14	14	20	17	10	18	14	19	19	13	13	20	14	13	16	12	13	12	15	12	18	18	12	19	19	19	12	12	17	11	19	20	17	17	20	15	20	13	12	14	13	15	14	16	12	14	19	15	20	12	17	14	16	19	17	17	19	10	19	16	20	15	16	19	12	16	15	14	18	18	17	20	16	14	10	20	15	12	12	16	10	10	19	13	16	17	16	18	19	14	18	11	12	20	14	14	12	12	20	17	16	19	16	13	17	20	16	20	10	18	15	10	16	10	16	15	11	18	15	15	17	19	13	16	19	14	16	13	19	14	16	14	14	10	20	10	13	20	15	16	15	19	14	16	13	19	13	10	13	11	19	15	20	12	14	14	19	12	10	17	16	10	10	17	18	17	10	17	11	17	17	17	15	10	17	16	17	17	11	12	17	18	18	12	12	14	15	20	13	13	11	14	13	18	16	10	16	18	13	17	18	16	15	12	16	10	11	12	13	16	14	19	16	13	18	15	12	18	16	15	18	20	18	12	14	11	20	11	15	16	15	10	14	20	12	13	16	15	16	11	17	11	14	20	10	11	19	20	17	11	20	13	18	17	15	20	12	16	10	11	13	18	17	10	13	14	12	20	11	10	14	12	18	14	15	11	16	17	13	14	15	15	12	20	13	19	20	10	14	17	17	16	14	16	19	19	12	12	12	13	16	17	14	11	13	18	12	20	18	12	13	17	13	15	14	20	11	19	15	10	18	11	12	13	17	16	10	19	13	20	20	16	16	20	11	10	20	17	17	14	11	11	17	15	17	14	18	14	14	11	16	13	14	10	16	14	18	16	14	16	14	11	14	15	18	17	14	18	16	11	16	15	14	10	12	16	14	17	11	20	17	19	19	12	14	16	16	13	18	14	16	11	14	14	13	14	10	19	18	10	20	18	20	19	17	16	10	17	20	15	10	20	19	18	17	11	12	18	14	15	15	17	11	10	18	15	11	10	10	14	11	13	16	12	13	19	17	16	12	14	14	11	17	19	10	20	13	13	12	18	19	20	16	15	13	10	10	18	14	14	15	19	17	20	13	19	14	13	16	11	17	14	11	11	13	14	19	18	15	17	11	15	13	12	16	18	20	20	13	11	15	13	14	16	15	12	10	10	17	17	13	17	19	12	13	10	13	19	16	18	13	20	11	20	11	17	14	11	13	13	14	15	15	18	12	10	15	17	17	20	12	16	16	18	11	11	10	14	13	10	13	20	14	16	13	17	12	10	14	19	15	19	18	17	18	17	13	19	15	20	20	10	20	13	14	15	20	16	15	13	16	10	19	10	15	13	17	10	14	10	19	11	15	20	13	17	16	20	12	17	18	10	18	14	14	11	15	19	17	10	11	18	12	17	14	18	16	16	14	15	18	11	20	15	16	11	19	15	17	16	19	10	16	19	20	12	13	19	20	15	14	13	10	16	16	16	15	17	17	19	13	17	11	14	
1	1	1	1	1	1	1	1	1	1	1	1	1	1	1	1	1	1	1	1	1	1	1	1	1	1	1	1	1	1	1	1	1	1	1	1	1	1	1	1	1	1	1	1	1	1	1	1	1	1	1	1	1	1	1	1	1	1	1	1	1	1	2	2	2	2	2	2	2	2	2	2	2	2	2	2	2	2	2	2	2	2	2	2	2	2	2	2	2	2	2	2	2	2	2	2	2	2	2	2	2	2	2	2	2	2	2	2	2	2	2	2	2	2	2	2	2	2	2	2	2	2	2	2	2	2	2	2	2	2	2	2	2	2	3	3	3	3	3	3	3	3	3	3	3	3	3	3	3	3	3	3	3	3	3	3	3	3	3	3	3	3	3	3	3	3	3	3	3	3	3	3	3	3	3	3	3	3	3	3	3	3	3	3	3	3	3	3	3	3	3	3	3	3	3	3	3	3	3	3	3	3	3	3	3	3	3	3	3	4	4	4	4	4	4	4	4	4	4	4	4	4	4	4	4	4	4	4	4	4	4	4	4	4	4	4	4	4	4	4	4	4	4	4	4	4	4	4	4	4	4	4	4	4	4	4	4	4	4	4	4	4	4	4	4	4	4	4	4	4	4	5	5	5	5	5	5	5	5	5	5	5	5	5	5	5	5	5	5	5	5	5	5	5	5	5	5	5	5	5	5	5	5	5	5	5	5	5	5	5	5	5	5	5	5	5	5	5	5	5	5	5	5	5	5	5	5	5	5	5	5	5	5	5	5	5	5	5	5	5	5	5	5	5	5	5	6	6	6	6	6	6	6	6	6	6	6	6	6	6	6	6	6	6	6	6	6	6	6	6	6	6	6	6	6	6	6	6	6	6	6	6	6	6	6	6	6	6	6	6	6	6	6	6	6	6	6	6	6	6	6	6	6	6	6	6	6	6	6	6	6	6	6	6	6	6	7	7	7	7	7	7	7	7	7	7	7	7	7	7	7	7	7	7	7	7	7	7	7	7	7	7	7	7	7	7	7	7	7	7	7	7	7	7	7	7	7	7	7	7	7	7	7	7	7	7	7	7	7	7	7	7	7	7	7	7	7	7	7	7	7	7	7	7	7	7	7	7	7	7	7	7	7	7	7	7	7	7	7	7	7	7	8	8	8	8	8	8	8	8	8	8	8	8	8	8	8	8	8	8	8	8	8	8	8	8	8	8	8	8	8	8	8	8	8	8	8	8	8	8	8	8	8	8	8	8	8	8	8	8	8	8	8	8	8	8	8	8	8	8	8	8	8	8	8	8	8	8	9	9	9	9	9	9	9	9	9	9	9	9	9	9	9	9	9	9	9	9	9	9	9	9	9	9	9	9	9	9	9	9	9	9	9	9	9	9	9	9	9	9	9	9	9	9	9	9	9	9	9	9	9	9	9	9	9	9	9	9	9	9	9	9	10	10	10	10	10	10	10	10	10	10	10	10	10	10	10	10	10	10	10	10	10	10	10	10	10	10	10	10	10	10	10	10	10	10	10	10	10	10	10	10	10	10	10	10	10	10	10	10	10	10	10	10	10	10	10	10	10	10	10	10	10	10	11	11	11	11	11	11	11	11	11	11	11	11	11	11	11	11	11	11	11	11	11	11	11	11	11	11	11	11	11	11	11	11	11	11	11	11	11	11	11	11	11	11	11	11	11	11	11	11	11	11	11	11	11	11	11	11	11	11	11	11	11	11	11	11	11	11	11	11	11	12	12	12	12	12	12	12	12	12	12	12	12	12	12	12	12	12	12	12	12	12	12	12	12	12	12	12	12	12	12	12	12	12	12	12	12	12	12	12	12	12	12	12	12	12	12	12	12	12	12	12	12	12	12	12	12	12	12	12	12	12	12	12	13	13	13	13	13	13	13	13	13	13	13	13	13	13	13	13	13	13	13	13	13	13	13	13	13	13	13	13	13	13	13	13	13	13	13	13	13	13	13	13	13	13	13	13	13	13	13	13	13	13	13	13	13	13	13	13	13	13	13	13	13	13	14	14	14	14	14	14	14	14	14	14	14	14	14	14	14	14	14	14	14	14	14	14	14	14	14	14	14	14	14	14	14	14	14	14	14	14	14	14	14	14	14	14	14	14	14	14	14	14	15	15	15	15	15	15	15	15	15	15	15	15	15	15	15	15	15	15	15	15	15	15	15	15	15	15	15	15	15	15	15	15	15	15	15	15	15	15	15	15	15	15	15	15	15	15	15	15	15	15	15	15	15	15	15	15	15	15	15	15	15	15	15	15	
