1000
15	2
1072	11.2
7	8	7	8	8	7	7	7	8	8	7	7	8	8	8	7	8	7	8	7	7	7	8	8	7	7	8	8	7	8	7	8	7	7	8	7	8	8	8	7	8	8	8	8	8	7	7	7	8	7	7	8	8	8	7	7	8	8	7	8	8	8	8	8	7	7	7	8	8	8	8	7	7	8	8	8	8	8	7	8	8	8	8	7	7	7	7	8	8	7	8	7	8	8	8	7	7	7	7	8	8	7	7	8	8	8	7	7	8	8	7	7	7	8	8	7	8	8	8	7	8	7	7	7	8	7	8	7	7	7	8	7	7	8	7	7	7	7	7	8	7	8	8	7	8	7	7	7	7	7	8	8	8	8	7	8	7	8	8	8	7	7	8	8	7	7	7	8	8	8	7	7	7	8	7	7	7	8	8	8	8	8	7	7	7	7	7	8	8	7	7	8	7	8	8	8	7	7	8	7	7	7	7	7	7	8	7	8	7	8	7	7	8	8	7	8	8	7	8	7	8	7	8	7	7	7	8	8	7	8	7	7	7	8	8	8	7	7	7	8	7	8	7	8	8	8	8	7	8	7	7	7	7	7	7	8	7	7	8	8	8	8	8	7	7	7	8	8	7	8	7	8	7	7	7	8	8	7	7	7	7	8	7	7	7	8	7	8	8	7	7	8	8	8	8	8	7	7	8	8	7	7	8	7	8	8	7	7	7	7	7	8	7	8	7	7	7	8	7	7	8	7	7	7	8	7	8	7	8	7	7	7	7	7	7	8	8	7	8	8	7	7	7	7	7	8	7	7	8	7	7	7	8	7	7	7	8	8	7	7	7	7	7	8	7	8	7	8	7	8	8	7	8	8	8	8	8	7	8	8	7	8	7	8	8	8	8	8	7	7	8	8	7	8	7	8	8	8	7	8	8	8	7	8	8	8	7	7	8	8	7	7	8	7	7	7	8	7	8	7	8	8	8	7	7	8	7	8	7	7	8	8	7	8	8	8	8	7	7	7	8	8	7	7	7	7	7	7	7	8	8	7	8	7	7	7	8	8	7	7	8	8	7	8	7	7	8	8	7	7	7	8	7	7	8	8	7	7	8	8	7	8	8	8	8	8	8	7	8	8	8	7	8	7	7	7	7	7	8	7	8	7	7	8	8	7	7	8	8	7	8	7	7	7	7	8	7	7	7	7	8	8	7	7	7	7	8	7	8	8	8	8	8	7	8	7	8	7	7	7	8	8	7	7	7	7	8	7	8	7	8	8	7	8	7	8	8	8	7	8	8	8	8	7	7	8	7	7	7	7	8	7	8	8	8	7	7	7	7	7	8	8	8	8	7	8	8	7	8	7	8	8	7	7	7	7	8	7	7	7	8	7	7	8	8	7	7	8	7	7	7	7	8	7	8	7	7	8	8	7	7	7	7	7	8	7	8	7	7	7	7	8	7	8	8	8	7	7	8	8	8	8	8	8	7	7	8	7	7	7	7	8	7	8	7	8	8	8	7	7	7	8	8	7	8	8	8	7	7	7	7	8	7	8	7	8	8	7	8	7	7	7	7	7	8	7	7	7	8	7	8	7	7	8	7	8	7	8	8	7	7	8	8	7	8	7	8	8	7	7	8	7	7	8	7	7	8	7	7	8	7	8	7	7	7	8	7	7	7	8	8	8	7	7	7	8	8	7	8	7	7	8	8	8	7	7	8	8	7	7	7	8	7	8	7	8	8	8	7	7	8	8	7	8	8	8	7	8	8	7	8	7	7	7	8	8	7	7	7	8	8	8	8	7	8	7	8	8	7	8	8	7	8	7	8	7	8	7	8	8	7	7	8	8	7	8	7	8	7	7	8	8	8	7	7	7	8	8	8	8	7	7	7	7	7	8	8	7	7	7	7	7	8	7	8	7	8	7	7	8	8	7	7	7	7	7	8	8	8	8	8	7	7	7	7	7	7	7	7	7	8	8	8	7	7	8	8	7	8	8	7	8	7	8	7	7	8	7	8	8	7	7	8	8	8	7	7	7	8	7	8	8	8	8	8	8	8	7	7	7	7	8	7	7	7	7	7	8	7	7	7	8	8	8	8	8	8	8	8	8	8	8	7	7	7	8	8	8	7	7	7	7	7	7	7	7	8	8	8	7	8	8	8	8	7	8	8	8	8	7	7	7	7	8	8	7	8	8	8	8	8	7	8	8	7	7	8	8	8	7	7	7	7	8	7	8	8	7	7	7	8	8	8	7	7	7	7	7	7	8	8	8	7	7	7	7	8	8	7	7	
0	2	5	6	9	12	13	
1	2	3	4	6	7	9	10	
0	1	3	6	8	10	12	
0	1	2	3	7	8	9	10	
0	1	2	4	5	9	11	14	
2	4	5	8	9	10	13	
0	2	5	8	9	10	13	
0	1	2	3	6	9	11	
3	4	6	7	10	11	12	14	
0	2	4	7	8	9	10	12	
2	3	4	6	9	12	13	
0	1	3	4	6	8	10	
2	3	4	5	6	8	9	11	
0	3	7	8	10	11	12	14	
0	2	3	5	6	11	12	14	
1	2	3	4	6	12	13	
3	6	7	8	9	11	13	14	
1	2	5	6	8	12	13	
0	1	4	8	10	11	13	14	
1	2	3	4	7	9	11	
0	1	4	8	9	10	13	
0	1	2	4	7	11	12	
0	2	4	6	9	10	11	14	
0	2	5	6	7	10	12	14	
4	5	9	11	12	13	14	
0	1	2	8	9	12	14	
0	1	3	5	7	8	11	13	
0	1	4	7	8	10	13	14	
1	6	7	9	10	12	13	
0	1	2	4	8	9	10	13	
0	2	3	9	10	13	14	
4	5	6	7	8	10	13	14	
3	4	5	6	7	11	12	
2	4	6	7	8	11	12	
0	1	3	4	5	10	12	13	
0	3	4	6	9	10	12	
1	4	5	6	9	10	12	14	
1	5	6	9	10	11	12	13	
1	2	3	6	8	10	13	14	
5	7	8	9	11	12	13	
0	2	5	7	8	9	10	13	
2	5	6	7	9	10	11	12	
0	3	4	5	7	12	13	14	
0	3	5	6	7	8	11	12	
0	3	5	6	7	11	12	14	
0	3	5	8	9	12	14	
3	4	5	6	7	10	13	
0	1	3	8	10	11	13	
3	4	5	7	8	12	13	14	
1	7	8	9	12	13	14	
0	1	3	6	12	13	14	
0	2	4	5	9	11	13	14	
0	3	4	5	9	10	12	14	
1	2	3	5	6	7	9	13	
0	1	8	10	11	12	13	
2	3	4	7	10	12	13	
0	3	4	5	9	10	11	13	
1	3	4	6	7	10	13	14	
1	2	7	11	12	13	14	
0	1	6	8	10	11	13	14	
0	2	3	6	7	8	10	14	
0	2	3	4	5	7	9	11	
0	1	2	3	5	7	9	11	
1	3	5	7	9	11	12	13	
2	3	6	9	11	12	14	
0	3	4	8	9	10	11	
0	4	5	6	7	9	14	
1	2	3	4	7	9	11	12	
0	2	3	4	5	7	12	14	
0	3	7	8	10	11	13	14	
4	5	6	7	8	9	13	14	
0	1	4	8	10	12	13	
4	5	6	8	9	10	12	
1	2	6	7	11	12	13	14	
1	2	4	5	6	7	9	10	
0	2	6	10	11	12	13	14	
1	3	4	5	6	7	12	13	
0	1	3	6	10	11	12	13	
0	2	4	5	7	11	14	
0	2	4	7	8	9	12	14	
0	2	3	4	6	7	11	13	
1	2	4	6	7	8	9	11	
0	1	2	4	5	6	11	12	
1	2	4	5	6	8	9	
1	4	6	9	11	13	14	
0	1	3	4	8	11	14	
0	1	2	4	5	8	13	
1	2	3	6	7	8	10	11	
2	3	5	6	7	8	11	12	
3	4	5	6	8	9	11	
0	1	2	3	4	9	12	14	
0	2	4	7	9	11	12	
2	4	5	7	8	9	10	13	
1	2	4	6	11	12	13	14	
0	1	5	6	7	9	11	12	
1	2	8	9	11	12	14	
0	2	3	4	7	11	13	
1	3	8	10	12	13	14	
2	4	9	10	11	13	14	
1	6	7	8	9	10	11	14	
0	1	3	4	7	9	10	11	
0	1	3	5	6	11	12	
0	1	3	5	6	9	12	
1	2	6	7	8	9	10	11	
2	3	7	8	10	11	12	14	
1	3	5	6	7	9	10	11	
1	3	6	7	8	10	13	
0	4	7	9	12	13	14	
1	4	5	7	9	11	13	14	
0	1	2	3	6	8	11	12	
2	4	5	6	9	10	11	
0	1	4	5	7	8	9	
0	1	3	4	7	9	10	
1	4	5	6	7	10	11	12	
3	5	6	7	8	9	13	14	
0	3	5	7	12	13	14	
0	2	4	5	7	10	11	12	
0	2	3	6	8	10	13	14	
1	4	5	6	8	10	11	12	
0	2	3	5	8	13	14	
1	4	5	7	8	10	11	12	
2	4	10	11	12	13	14	
3	5	8	10	11	12	13	
0	1	2	3	4	12	13	
0	2	3	4	5	10	11	12	
3	4	6	10	11	12	13	
1	4	5	6	7	11	13	14	
6	8	9	10	11	12	13	
3	5	6	8	9	13	14	
0	1	9	10	11	12	14	
0	1	3	6	9	10	13	14	
1	3	5	10	12	13	14	
2	3	6	9	10	12	14	
0	1	2	8	9	11	12	14	
1	2	4	6	9	11	13	
0	2	3	4	9	13	14	
0	2	6	8	11	12	13	
0	1	4	6	12	13	14	
0	6	7	10	11	12	13	
2	3	4	9	10	11	12	13	
3	6	7	8	11	12	13	
0	1	2	5	8	9	11	14	
1	3	4	6	8	11	12	14	
0	2	3	7	8	10	14	
0	1	2	8	10	11	12	14	
1	2	5	6	11	12	13	
0	4	5	9	11	13	14	
1	2	5	6	8	9	10	
4	5	6	8	12	13	14	
0	1	5	10	12	13	14	
0	3	6	7	8	11	13	14	
0	1	2	5	7	9	10	11	
1	2	4	6	7	9	10	12	
0	2	5	6	7	9	12	13	
0	2	5	6	8	12	13	
1	3	4	5	9	11	12	13	
0	1	5	7	10	13	14	
0	2	4	5	6	9	13	14	
0	4	6	8	11	12	13	14	
0	1	3	6	8	9	11	12	
1	2	4	6	7	8	10	
0	1	4	5	8	9	13	
0	4	7	8	9	11	12	13	
0	4	5	6	10	12	13	14	
0	2	4	5	7	11	14	
0	1	3	6	9	12	13	
1	3	8	10	12	13	14	
0	1	4	6	8	10	13	14	
2	3	5	6	7	9	11	12	
1	2	3	4	6	7	12	13	
1	3	4	5	6	9	13	
0	6	8	9	11	13	14	
0	2	4	5	6	11	13	
2	3	4	5	7	8	11	14	
0	1	3	4	9	13	14	
1	4	5	7	8	9	14	
0	1	7	8	9	10	14	
2	3	5	8	9	10	12	13	
0	5	7	9	10	11	12	13	
1	2	3	4	5	6	7	13	
0	1	2	3	4	6	7	9	
1	2	3	4	7	10	12	14	
0	3	6	9	10	11	13	
0	1	2	4	6	8	14	
1	2	6	9	11	12	13	
2	4	8	10	12	13	14	
1	7	8	10	11	13	14	
2	4	6	7	8	9	12	14	
1	2	3	4	5	6	8	10	
0	3	4	10	11	13	14	
1	7	8	10	12	13	14	
0	2	3	4	5	10	11	12	
2	3	10	11	12	13	14	
2	3	4	5	10	11	12	13	
1	3	7	9	10	11	12	13	
0	1	2	3	4	7	9	13	
0	1	3	7	8	10	14	
0	2	4	8	11	12	13	
0	2	5	6	9	11	12	13	
4	5	7	8	9	11	14	
0	3	4	6	7	10	11	
1	2	4	6	8	11	14	
0	5	6	7	9	10	14	
0	5	6	7	12	13	14	
3	4	7	8	10	11	12	
3	4	5	6	7	8	10	13	
0	3	5	8	9	13	14	
1	2	9	10	11	12	13	14	
0	1	4	10	12	13	14	
0	2	5	6	7	8	9	13	
0	4	5	7	9	10	12	
0	3	5	6	9	13	14	
0	2	4	6	8	11	12	13	
0	5	6	7	8	11	12	14	
3	5	7	8	10	12	14	
1	2	3	7	9	10	13	14	
0	1	2	4	6	7	9	13	
1	3	5	7	8	9	13	
0	1	2	6	7	9	10	14	
3	4	9	10	11	12	14	
0	1	2	3	4	6	7	8	
0	2	6	8	9	12	14	
0	1	4	5	7	10	11	13	
1	2	4	6	8	9	14	
3	4	7	8	9	13	14	
0	4	6	8	9	12	14	
2	3	4	7	8	11	12	14	
2	3	7	8	10	12	13	14	
0	1	5	8	10	12	13	
2	3	5	6	10	11	12	14	
1	2	3	4	7	12	14	
5	7	8	10	11	13	14	
1	2	4	8	10	11	14	
0	1	3	4	5	10	11	13	
0	2	4	5	6	9	13	14	
2	3	4	5	6	7	8	9	
2	4	8	10	11	13	14	
0	5	7	9	10	11	14	
0	4	5	9	10	11	14	
1	2	5	7	8	11	13	14	
2	4	6	7	9	10	13	
1	2	3	5	6	7	10	14	
0	3	4	10	11	12	13	
2	5	7	8	10	11	12	14	
0	2	3	6	9	11	12	13	
0	1	7	8	10	11	13	14	
0	2	3	4	5	6	13	14	
1	6	7	8	10	11	13	
2	3	4	9	10	11	13	14	
2	4	6	10	12	13	14	
0	6	8	9	10	11	14	
0	1	5	7	9	12	13	
3	4	6	8	9	12	13	
1	3	6	7	9	12	13	
3	4	5	7	10	12	14	
0	2	4	6	9	10	12	14	
0	3	5	6	9	10	12	
2	4	7	8	12	13	14	
0	1	4	7	9	10	12	13	
1	3	4	5	7	10	12	13	
1	2	3	5	6	7	10	13	
0	1	3	5	6	10	12	13	
0	1	3	4	5	11	12	14	
0	2	3	5	10	13	14	
1	2	3	4	8	13	14	
2	5	7	8	9	10	12	
3	6	8	10	11	12	13	14	
1	2	3	6	10	11	13	14	
0	1	2	6	8	9	10	
0	2	7	8	9	10	12	13	
2	3	5	6	9	11	12	
0	3	6	7	8	9	10	11	
0	1	2	3	7	9	13	
0	1	4	5	6	10	14	
0	5	7	8	12	13	14	
1	2	4	6	7	9	11	13	
1	4	6	9	10	11	12	14	
0	2	3	4	7	9	12	
0	3	4	6	12	13	14	
3	4	6	7	11	12	14	
2	6	7	8	11	12	13	
3	4	5	6	8	9	11	12	
0	1	2	3	4	6	11	
2	3	5	6	10	12	13	
0	3	8	11	12	13	14	
0	3	5	7	8	9	10	13	
4	7	8	10	11	13	14	
0	1	2	3	5	6	9	10	
0	2	3	5	6	7	8	12	
1	2	8	9	10	12	13	
1	2	3	5	6	9	11	
0	3	4	5	8	9	12	13	
1	3	4	5	6	8	10	14	
0	1	2	4	5	8	9	11	
0	2	3	4	9	10	12	13	
0	3	4	9	10	11	12	14	
0	2	5	9	11	12	13	
0	5	6	7	9	10	11	
1	2	3	6	7	10	11	14	
0	3	4	7	8	9	12	14	
1	5	8	9	10	11	12	
4	6	8	10	11	12	14	
0	4	6	7	10	11	12	14	
1	4	6	7	9	12	13	
0	1	2	5	6	7	9	10	
1	3	5	7	8	10	13	14	
0	1	4	6	8	9	13	
0	5	6	7	8	12	14	
1	2	3	5	8	9	11	
3	5	9	10	12	13	14	
2	5	7	9	10	11	14	
0	1	2	3	9	11	12	13	
0	1	5	9	10	13	14	
0	1	2	4	5	11	12	13	
0	2	3	5	6	7	10	
0	1	4	5	11	12	13	
2	3	6	8	9	10	13	
0	3	6	7	8	10	11	12	
0	2	3	6	7	12	14	
0	3	5	6	8	10	11	
1	2	3	4	7	8	9	11	
0	3	4	6	10	12	13	
1	2	5	6	8	9	13	
0	4	6	8	9	12	13	
1	2	3	5	6	7	8	12	
0	1	2	4	10	12	14	
0	3	7	8	9	10	11	12	
1	4	5	6	7	9	11	
0	3	6	10	11	12	13	14	
0	1	2	6	8	9	11	
1	2	4	7	11	13	14	
0	1	5	6	7	9	13	
0	4	6	7	10	11	13	
1	3	5	6	9	10	12	
0	1	2	3	7	9	14	
1	6	7	8	9	11	12	13	
1	2	6	7	8	11	12	13	
0	2	4	5	8	13	14	
1	2	3	8	9	10	11	13	
0	4	6	7	9	10	11	13	
5	6	8	10	12	13	14	
1	4	6	7	10	11	12	
3	5	6	8	10	12	13	
4	9	10	11	12	13	14	
1	3	5	7	10	11	14	
5	6	7	8	10	11	12	13	
2	8	9	10	11	12	13	
1	2	3	5	7	11	13	
0	1	2	9	11	12	13	14	
6	7	8	9	11	12	14	
1	2	3	5	12	13	14	
2	4	5	8	9	10	13	
0	1	4	6	9	10	12	14	
1	4	6	7	8	10	11	
3	5	6	10	11	13	14	
0	2	3	4	6	8	14	
3	6	7	8	10	12	13	14	
3	4	5	7	9	10	11	12	
0	1	2	5	6	11	12	
0	4	5	6	8	12	13	
1	3	5	6	9	13	14	
1	5	6	8	10	11	12	
0	1	2	4	7	10	14	
0	1	3	5	11	12	13	14	
1	4	5	6	7	10	13	
1	2	3	5	8	11	12	13	
1	4	6	9	10	12	13	
0	3	4	8	9	11	12	13	
0	1	3	4	8	9	12	
2	5	6	8	9	10	11	14	
0	2	4	7	8	11	12	13	
0	2	3	5	6	8	11	
1	2	3	4	6	9	10	14	
0	1	3	4	5	6	9	12	
0	1	3	6	10	11	12	14	
2	3	4	6	8	9	11	12	
2	3	6	7	9	10	13	14	
1	2	7	9	10	11	12	
2	3	4	5	6	9	11	14	
1	4	5	6	9	10	12	13	
1	7	9	10	12	13	14	
0	1	4	6	7	8	9	11	
0	2	4	7	12	13	14	
0	1	5	7	8	10	11	13	
0	1	2	3	4	8	11	12	
1	2	6	7	8	9	11	12	
2	4	5	7	8	9	12	14	
3	4	5	6	10	11	12	13	
0	4	7	8	11	12	14	
0	1	4	7	8	11	14	
2	3	4	6	7	11	12	13	
5	6	8	10	11	12	13	14	
1	3	4	5	9	10	13	
0	1	2	3	5	6	9	12	
1	6	7	8	11	13	14	
0	2	4	6	7	8	10	13	
3	4	6	7	8	10	12	13	
1	2	4	6	7	8	12	14	
2	4	5	6	7	8	10	
1	3	4	5	7	10	11	13	
1	2	4	5	9	11	13	14	
1	2	4	6	7	10	11	13	
1	2	5	7	10	11	14	
0	2	4	6	8	10	11	14	
1	2	3	5	6	10	12	14	
0	4	6	7	9	10	11	14	
1	2	4	7	11	12	14	
0	1	5	8	11	13	14	
0	1	2	3	4	9	10	12	
0	1	4	5	9	11	12	13	
2	3	7	9	11	12	13	
0	2	3	4	10	11	12	
1	2	3	4	5	9	11	14	
0	5	6	8	10	12	14	
5	6	7	8	9	10	12	
1	2	7	8	9	10	11	
1	2	3	4	5	6	9	12	
1	2	5	6	7	12	13	
3	4	5	6	8	10	11	14	
0	3	6	7	10	11	13	
4	5	6	7	8	9	10	14	
2	3	7	8	9	10	12	14	
0	4	6	7	10	11	13	14	
3	4	8	9	10	12	14	
0	4	6	8	9	12	13	
0	1	3	6	8	9	10	12	
1	4	5	6	11	13	14	
0	3	4	6	8	9	13	14	
0	1	7	9	11	12	13	
0	3	6	8	10	11	14	
1	2	4	8	9	10	12	13	
1	2	4	5	8	9	13	14	
1	3	4	5	6	8	14	
0	1	3	4	6	7	10	13	
3	4	5	6	9	10	13	14	
0	3	5	6	8	9	10	12	
0	1	3	6	7	10	12	13	
1	2	3	7	9	11	14	
0	2	3	5	8	11	14	
1	2	3	4	6	9	12	
3	4	5	7	8	11	13	14	
2	3	4	5	7	11	12	13	
0	2	3	6	7	13	14	
0	5	6	7	10	12	14	
0	3	7	9	10	13	14	
1	2	3	4	12	13	14	
0	1	3	4	7	10	14	
0	2	3	4	5	6	14	
0	1	2	7	8	9	10	
1	3	6	7	8	9	12	14	
2	3	5	6	7	10	11	13	
4	5	6	7	9	10	14	
0	2	3	5	9	10	13	14	
0	3	4	6	7	11	12	
1	2	4	6	11	13	14	
0	1	2	3	5	10	13	
0	1	4	7	8	9	10	11	
1	4	6	9	10	11	13	14	
1	2	3	5	9	10	11	
1	2	3	7	9	10	12	
0	3	5	7	8	10	11	12	
2	3	5	6	9	12	13	14	
0	2	4	5	9	11	14	
1	2	6	8	9	12	13	14	
0	4	5	7	8	10	13	
2	3	4	5	9	12	14	
1	4	6	8	10	11	12	13	
1	2	3	5	6	7	8	12	
2	3	5	7	8	9	11	
1	2	4	6	10	13	14	
1	2	4	9	10	11	14	
3	4	5	6	9	10	13	14	
3	4	6	10	11	12	13	
2	3	4	8	9	10	12	
0	1	3	5	6	7	12	13	
0	1	2	3	8	9	10	14	
2	3	4	6	9	11	12	
0	3	6	7	10	11	12	
0	1	2	3	5	7	9	12	
3	6	8	10	11	12	13	14	
0	2	4	6	8	11	14	
3	6	8	9	11	12	13	14	
1	2	4	6	8	9	13	14	
0	2	3	4	5	6	9	13	
2	3	4	5	7	8	12	13	
0	1	2	4	7	9	10	11	
0	2	4	5	8	10	11	14	
1	2	3	7	8	9	12	
0	1	2	3	7	8	9	11	
1	4	5	7	8	10	11	13	
0	3	4	5	6	10	12	13	
0	2	3	7	8	10	13	
0	1	2	5	6	7	9	10	
0	1	2	5	7	8	13	
0	1	4	5	6	7	13	
1	2	3	6	7	8	11	
2	3	4	7	8	13	14	
2	3	4	6	11	12	14	
0	1	3	4	10	11	13	14	
0	2	3	4	5	9	13	
0	1	4	5	7	8	11	13	
0	2	4	6	7	8	9	
0	4	6	7	11	13	14	
1	2	3	4	6	10	11	12	
1	2	4	6	7	8	13	14	
1	2	5	6	9	10	14	
1	2	4	9	10	11	13	
0	2	3	4	5	6	7	14	
1	3	5	6	7	10	13	14	
0	2	5	6	7	8	9	
0	2	4	5	8	10	11	14	
1	3	6	7	10	12	14	
4	6	8	9	10	11	14	
1	3	5	7	12	13	14	
0	7	8	9	10	12	14	
0	1	3	6	7	11	12	14	
0	3	4	5	7	8	9	
1	2	4	9	11	12	14	
1	4	5	7	9	10	13	
2	3	5	11	12	13	14	
0	2	7	8	9	11	12	13	
0	2	7	8	9	11	12	13	
3	4	5	9	10	13	14	
0	3	5	9	12	13	14	
0	1	3	9	11	12	13	
0	1	2	3	6	8	10	
3	4	5	6	8	9	10	13	
2	3	4	5	11	13	14	
0	2	3	5	6	7	8	12	
1	5	6	7	10	11	13	14	
0	3	4	5	6	7	12	13	
0	2	3	5	7	10	12	13	
0	2	4	7	8	9	13	14	
0	1	7	11	12	13	14	
0	1	3	4	7	11	13	14	
2	5	6	7	8	10	11	
0	1	2	3	6	10	11	12	
3	4	5	6	7	8	11	
2	3	6	7	8	10	12	
0	1	2	7	8	10	11	
1	5	8	9	10	11	13	14	
0	3	4	6	7	8	11	13	
0	1	6	7	9	12	14	
1	2	3	4	7	9	12	
3	4	5	8	10	12	14	
0	5	6	7	8	12	13	
1	5	6	7	8	9	12	13	
0	3	7	8	9	12	14	
0	2	3	5	7	8	11	13	
0	2	4	6	7	10	13	
0	2	3	4	6	9	10	12	
0	2	3	5	6	10	12	14	
0	4	5	6	7	11	14	
1	5	6	9	10	12	13	14	
0	1	5	6	7	10	12	
2	3	5	7	8	9	10	14	
1	2	4	5	7	11	12	13	
0	2	3	4	8	9	10	14	
1	3	4	5	6	9	11	
3	6	7	8	9	11	12	13	
2	4	6	7	8	10	11	12	
1	3	5	6	9	11	12	14	
0	1	2	7	8	9	10	12	
3	4	6	7	8	10	12	
4	5	7	9	12	13	14	
0	1	2	6	7	11	12	14	
3	5	8	9	10	13	14	
0	4	5	8	10	13	14	
0	2	6	7	9	11	14	
4	5	6	7	8	10	11	
0	1	3	6	10	11	13	14	
4	5	7	8	10	11	12	
2	3	5	10	11	12	13	14	
0	4	6	7	8	12	13	14	
1	4	5	7	8	9	10	14	
0	2	5	6	7	9	14	
0	1	3	5	11	13	14	
1	5	7	8	9	10	12	
0	2	4	8	9	12	14	
0	2	5	6	9	13	14	
1	2	3	4	6	9	10	13	
1	4	5	8	9	11	12	13	
0	2	3	4	8	9	10	11	
1	2	3	7	8	11	13	14	
0	1	4	6	11	12	14	
2	5	7	8	9	10	11	12	
2	4	6	7	8	9	11	14	
0	6	8	9	10	11	12	
0	1	4	5	6	7	8	11	
0	1	4	8	9	11	14	
0	3	6	7	9	10	11	12	
2	3	5	6	8	9	11	12	
0	4	5	6	7	11	12	
0	2	5	8	10	11	12	
0	1	2	3	5	9	13	
4	7	8	10	11	12	14	
3	4	5	6	7	10	11	14	
0	1	3	7	8	10	12	
2	4	5	9	10	11	12	
2	6	8	9	10	13	14	
2	3	7	8	9	10	12	13	
1	3	4	6	8	9	12	
0	3	5	6	7	11	13	
1	2	5	6	8	10	11	12	
2	3	5	6	7	8	13	14	
0	2	4	6	9	11	12	
2	5	6	8	9	11	12	
0	3	4	6	7	8	9	10	
1	3	5	6	7	12	14	
1	2	5	9	10	13	14	
3	6	8	9	11	12	14	
2	4	5	6	7	9	10	
0	5	6	7	9	10	11	13	
4	5	6	8	12	13	14	
0	2	5	6	7	10	12	14	
0	1	3	7	9	11	12	
0	1	2	3	7	8	11	
0	1	2	3	4	5	8	9	
0	2	5	7	8	10	11	14	
2	3	9	10	12	13	14	
1	2	6	7	8	9	14	
0	3	8	9	10	12	13	
0	2	7	10	11	12	14	
1	2	4	7	8	9	14	
1	4	5	6	8	10	13	14	
5	7	9	11	12	13	14	
0	1	3	7	9	10	12	13	
0	1	2	3	4	11	12	
0	2	4	6	7	11	12	
0	2	6	8	9	10	14	
3	4	5	6	8	11	13	
2	3	5	7	9	10	11	14	
0	3	4	5	6	8	12	
0	1	6	7	9	10	11	13	
0	2	8	10	11	12	13	14	
1	2	3	5	6	8	11	13	
0	1	2	4	7	10	14	
1	2	4	5	7	12	13	
0	6	7	8	9	10	11	14	
0	3	4	6	8	9	11	13	
0	1	3	5	6	9	10	13	
0	2	4	5	11	12	13	14	
0	2	3	5	6	7	10	13	
2	4	5	6	7	8	9	14	
3	5	6	8	10	12	13	
4	8	9	10	12	13	14	
3	6	7	8	10	11	12	14	
3	6	8	10	11	13	14	
1	2	6	10	12	13	14	
0	5	6	9	10	12	14	
0	2	6	8	10	11	13	
0	1	2	3	6	9	12	14	
1	6	7	8	11	12	13	
0	1	2	4	6	9	10	11	
0	1	3	6	7	9	11	
0	4	8	9	10	12	13	14	
1	5	6	7	8	9	11	14	
1	2	3	5	6	10	11	14	
2	3	4	7	9	10	14	
0	2	4	5	8	9	10	
0	1	2	3	4	5	11	
0	1	2	4	6	7	12	13	
1	3	5	6	7	8	10	12	
0	4	5	6	10	12	13	
0	1	4	6	7	8	9	13	
0	5	6	7	10	11	12	14	
1	3	9	10	11	12	13	14	
0	1	2	7	11	12	13	
0	1	2	3	9	11	13	
3	4	5	8	11	13	14	
0	2	3	5	10	12	13	
1	2	4	8	11	12	13	14	
0	3	5	8	11	13	14	
4	6	7	8	10	12	13	14	
0	2	6	7	8	9	13	
0	2	3	4	6	7	9	12	
0	1	2	4	5	8	13	14	
0	1	2	6	8	12	13	
2	4	6	10	11	12	13	14	
2	3	6	7	8	11	13	
0	1	2	5	6	8	9	
2	3	4	5	6	8	12	
2	4	5	7	9	10	14	
2	4	6	8	10	11	13	
0	3	4	7	10	11	12	14	
0	4	6	7	8	10	12	
0	1	5	6	7	9	13	
2	6	7	8	10	12	13	
1	2	3	4	5	6	8	11	
0	3	5	6	8	9	14	
0	1	2	7	8	9	12	14	
2	5	6	8	10	12	14	
0	1	4	6	7	10	11	
0	2	3	6	7	8	12	13	
0	1	3	8	10	11	14	
0	2	4	9	10	11	12	13	
0	1	3	5	7	11	14	
3	4	8	10	11	12	13	14	
0	1	5	6	7	10	11	14	
0	2	7	8	9	11	13	
3	4	9	10	11	12	13	
1	3	4	6	7	9	10	12	
1	3	4	5	6	8	10	12	
0	5	6	9	11	13	14	
0	1	4	5	7	8	9	12	
0	3	4	5	7	8	10	
1	4	9	10	11	12	13	14	
2	4	5	7	8	10	12	13	
3	4	5	6	9	12	14	
0	3	4	5	8	10	14	
2	3	7	9	10	11	12	13	
0	1	3	6	7	10	13	
0	6	8	9	10	11	13	
0	1	2	4	6	7	8	10	
2	3	5	7	8	11	13	
0	2	3	6	9	12	13	
2	5	8	9	10	11	12	13	
4	6	7	8	10	12	14	
4	6	8	9	12	13	14	
0	1	4	6	8	9	10	14	
2	3	4	5	6	9	11	
0	3	5	6	8	11	12	14	
2	3	4	5	6	7	10	
0	5	7	8	11	13	14	
2	6	7	8	9	13	14	
0	1	6	8	9	11	13	14	
0	2	4	5	10	12	13	
1	4	5	10	11	13	14	
0	1	2	3	5	8	9	
0	1	5	8	10	12	13	14	
1	2	3	4	7	9	13	14	
0	1	4	5	9	11	12	14	
0	1	6	7	10	12	13	
1	2	4	7	11	12	14	
0	1	4	5	6	9	10	
0	1	5	6	7	11	13	14	
0	1	2	7	8	11	13	14	
2	4	6	9	10	11	13	
0	1	4	8	10	11	12	14	
0	2	4	6	7	8	11	
1	2	7	10	12	13	14	
3	7	8	9	11	12	13	14	
0	3	4	5	9	10	12	14	
0	2	5	6	7	9	13	14	
2	3	4	8	9	11	14	
2	5	6	8	12	13	14	
0	2	5	7	8	9	10	13	
0	4	5	8	9	10	12	13	
0	3	4	8	9	11	12	
0	2	4	5	8	13	14	
1	4	8	9	10	12	13	
1	6	7	8	10	12	13	14	
1	3	4	5	9	11	14	
0	2	3	5	6	7	8	11	
0	2	3	4	7	11	13	
1	3	6	7	10	11	12	13	
2	4	5	7	8	9	11	12	
1	2	7	8	9	11	12	14	
0	2	4	6	7	9	13	
0	4	5	7	8	10	12	
1	2	4	8	9	10	11	12	
0	1	3	5	7	8	9	11	
1	3	4	6	8	9	10	
1	3	4	5	8	10	11	12	
0	1	2	3	5	6	8	14	
1	2	5	8	9	10	13	14	
4	5	7	11	12	13	14	
4	5	6	7	8	9	11	13	
0	2	3	4	5	8	9	14	
1	4	6	7	8	13	14	
4	5	7	8	9	10	11	14	
0	4	5	8	11	12	13	
0	2	4	10	11	12	14	
1	3	4	6	8	12	14	
3	4	5	6	7	9	10	12	
1	3	5	6	8	9	10	13	
0	2	6	7	8	12	13	
2	4	7	9	10	11	14	
1	3	5	9	10	11	14	
1	3	5	6	7	9	10	11	
1	3	4	6	9	10	11	13	
1	2	4	5	8	10	13	14	
0	1	6	10	11	12	13	14	
1	3	9	10	11	12	13	
0	1	3	6	8	9	10	11	
0	4	5	9	11	12	13	
0	1	3	4	5	10	11	14	
0	1	2	3	5	6	10	14	
1	2	5	7	8	12	14	
0	2	7	10	11	12	13	14	
2	4	5	6	8	10	12	14	
2	4	8	9	11	12	14	
0	1	6	7	8	10	12	13	
0	2	4	6	10	12	13	
3	5	7	9	10	11	12	13	
0	3	5	7	8	10	13	
0	1	2	6	8	9	10	13	
5	7	8	9	10	11	13	
0	1	4	6	7	9	13	14	
0	1	2	3	10	11	13	14	
0	2	3	5	7	9	11	
0	1	2	3	8	9	11	
2	4	5	6	7	8	11	14	
0	1	2	4	6	10	13	14	
2	3	5	6	10	11	13	
1	3	6	7	8	9	12	13	
0	3	4	5	8	11	12	
0	2	3	5	6	7	8	11	
1	2	3	8	10	12	13	
1	2	3	5	9	12	14	
2	3	4	5	6	8	13	14	
0	1	2	3	4	5	13	14	
2	3	4	7	8	12	13	14	
2	4	5	6	7	8	13	
1	3	6	9	10	12	13	
3	5	6	8	11	13	14	
0	2	4	5	6	10	11	14	
3	4	5	6	7	10	11	14	
0	2	3	4	7	8	13	14	
0	2	4	5	8	11	13	14	
4	6	7	11	12	13	14	
1	2	3	5	11	12	13	
1	2	3	8	9	10	13	
0	1	4	8	9	12	13	
1	3	4	6	8	11	12	
2	3	5	8	9	10	11	13	
0	1	6	8	9	10	12	13	
1	2	5	7	9	11	13	
1	3	4	6	9	10	12	
1	4	6	8	9	10	12	
0	1	3	6	7	10	12	
1	3	7	9	10	12	14	
2	4	5	7	8	9	10	14	
1	4	5	6	11	13	14	
1	3	5	7	9	12	13	14	
1	2	3	5	11	12	13	
0	1	6	7	8	10	13	14	
2	3	6	7	8	9	11	
0	1	2	4	6	9	12	
1	2	4	7	8	9	11	13	
0	1	4	6	7	11	12	14	
0	3	6	7	8	9	13	
1	4	5	8	9	12	13	
0	2	5	6	7	10	12	
0	5	9	10	11	12	14	
0	1	2	3	7	13	14	
0	3	4	7	8	10	11	14	
3	4	5	6	8	10	11	13	
1	3	4	5	6	7	13	14	
1	2	3	4	9	10	11	13	
0	2	7	8	10	11	12	13	
0	6	8	9	10	11	14	
1	3	4	5	9	10	13	
0	2	3	5	6	8	13	
1	2	5	6	11	12	14	
0	2	4	5	8	11	14	
4	6	8	9	10	13	14	
1	2	3	5	8	13	14	
0	1	5	6	11	13	14	
0	2	7	8	11	12	14	
0	1	2	8	9	10	12	13	
0	1	3	6	7	8	10	11	
0	2	5	7	9	11	13	14	
0	2	3	6	7	9	10	
2	6	7	9	10	12	13	
1	3	5	6	9	11	12	13	
3	5	6	7	8	9	12	13	
2	3	4	5	6	7	14	
0	2	4	6	7	8	9	14	
3	4	6	7	11	12	13	14	
0	1	3	5	10	11	14	
0	1	5	6	7	10	12	14	
4	5	6	7	10	11	12	
3	4	5	7	8	10	12	13	
0	2	4	6	7	12	13	
0	2	3	5	9	10	11	
0	4	5	6	8	11	13	14	
5	7	8	9	12	13	14	
1	3	6	7	9	11	12	14	
0	1	8	9	10	11	13	14	
2	4	5	7	8	11	12	
1	4	5	6	8	9	12	
2	3	5	6	8	11	12	14	
1	2	3	7	8	9	11	13	
0	3	6	7	9	10	12	14	
3	4	5	9	11	12	13	
0	1	8	9	11	12	13	
2	4	6	8	9	12	13	
0	1	4	5	7	8	11	13	
0	1	2	6	9	11	13	
6	7	8	9	10	11	12	14	
0	1	4	5	9	10	11	14	
2	4	5	6	7	8	12	14	
2	6	7	9	10	11	12	14	
1	2	4	5	8	10	13	14	
0	3	4	6	7	8	10	11	
0	1	3	4	8	11	12	13	
0	2	4	7	8	11	14	
0	1	2	3	7	10	11	
2	4	5	6	8	9	10	
4	5	6	7	8	9	14	
1	2	4	5	10	11	12	14	
0	1	2	7	8	13	14	
4	5	6	8	9	10	13	
0	1	2	5	8	12	13	
0	2	5	7	8	9	10	
2	3	4	6	9	12	13	
1	5	7	8	10	12	13	14	
0	2	3	5	11	13	14	
0	3	4	5	8	9	11	
0	2	4	8	9	10	13	
0	2	7	8	10	11	12	14	
1	2	3	4	8	9	10	14	
0	4	5	6	10	11	13	14	
0	2	3	4	5	6	11	12	
1	2	3	4	6	7	11	13	
1	2	3	4	5	7	12	13	
0	2	4	5	6	9	13	14	
0	1	4	5	7	10	12	13	
1	6	7	8	9	10	11	13	
0	2	3	6	9	11	12	14	
0	1	2	5	7	10	11	13	
0	2	3	8	9	11	14	
1	3	4	7	9	10	12	
1	4	5	8	9	10	12	
2	3	4	7	9	10	12	13	
2	6	7	8	9	11	12	14	
1	4	6	7	8	9	10	14	
3	5	7	8	9	12	14	
0	1	2	5	6	8	13	
0	1	7	8	10	12	14	
0	1	4	9	10	12	14	
0	5	7	8	9	10	14	
0	1	2	3	7	9	13	
0	1	2	4	8	9	13	
0	1	2	8	11	13	14	
0	2	3	6	7	9	13	14	
0	3	7	8	10	11	12	13	
0	3	7	8	9	10	12	14	
0	1	2	5	8	10	13	
0	1	3	4	5	6	9	12	
0	2	3	4	7	8	11	13	
0	2	6	7	9	10	12	14	
1	3	5	7	9	11	12	13	
0	1	2	3	4	5	6	
6	7	9	10	11	12	13	14	
0	1	6	8	9	11	12	14	
0	2	4	5	6	7	9	14	
2	6	8	9	11	12	13	14	
0	3	7	9	10	13	14	
3	4	6	7	10	12	14	
0	4	5	6	10	11	14	
1	5	7	8	10	11	14	
3	4	5	6	8	9	11	12	
0	1	4	8	10	12	13	14	
0	2	3	4	9	10	13	
0	1	5	7	8	9	10	11	
0	1	2	4	9	10	11	13	
1	3	4	5	6	7	9	10	
0	1	2	6	9	12	13	14	
0	1	5	6	8	9	11	14	
0	4	6	7	8	9	11	
0	1	3	4	6	10	11	13	
1	2	3	4	5	6	13	14	
0	3	5	6	7	8	11	
4	6	7	9	11	12	14	
0	1	2	3	4	6	8	11	
0	1	2	4	5	6	8	11	
0	1	3	4	6	7	8	11	
0	1	2	3	4	6	11	
1	2	7	10	12	13	14	
0	1	3	4	5	11	13	
2	3	5	6	7	8	10	
0	1	2	3	9	11	13	14	
0	5	6	9	10	13	14	
0	2	4	7	8	10	12	14	
0	2	5	6	7	9	13	14	
0	1	3	4	10	11	14	
1	2	4	5	9	11	12	
0	5	6	7	11	12	14	
0	4	5	6	7	9	13	14	
0	1	5	6	7	8	9	13	
0	3	4	6	8	9	11	13	
0	1	3	6	12	13	14	
0	2	4	5	7	10	11	
0	1	2	4	8	10	14	
3	5	7	8	9	10	13	
0	4	6	7	8	11	12	
0	2	4	6	9	12	14	
1	2	4	5	8	10	11	14	
0	2	4	5	6	7	9	12	
2	4	5	6	8	9	10	13	
3	4	8	10	11	12	14	
1	5	6	11	12	13	14	
0	2	7	8	9	12	13	
0	2	3	6	10	11	13	
0	2	6	8	10	11	13	14	
1	2	6	7	8	12	13	14	
0	1	2	3	5	6	11	
0	3	4	8	9	12	13	
108	86.2492	66.6186	54.0067	44.2463	35.4363	32	
104	88.0785	73.7839	60.9504	49.2458	38.5374	32.0459	31	
116	98.1612	80.915	64.5883	53.0431	43.0101	35	
118	97.9014	81.9274	68.7334	56.0864	44.7382	35.1675	32	
111	93.7048	77.8529	62.4199	50.0363	45.1015	40.1899	36	
111	91.8009	73.9981	59.3079	45.5195	39.1488	34	
105	83.3511	70.3848	57.4646	45.3735	36.3224	36	
109	85.5382	67.4428	49.5289	41.6737	34.7259	34	
108	91.3487	77.7702	65.3751	53.603	43.8655	37.8652	35	
101	87.7013	74.656	61.6774	51.2065	40.8023	37.2142	35	
110	84.7763	65.0811	53.466	42.2496	34.834	33	
108	77.4207	64.3757	52.0463	40.5628	35.3253	35	
101	84.0907	72.0823	60.6011	49.5886	41.0167	34.3389	31	
105	87.73	72.6884	62.3148	52.3831	43.8346	37.0534	33	
104	75.1901	62.6719	50.9622	43.0859	38.2943	36.0781	35	
103	85.385	71.2975	58.7827	49.3011	42.2012	36	
116	93.5359	72.3184	51.854	43.6734	38.9468	34.5579	31	
117	90.0173	69.6911	51.7719	43.1244	36.6759	31	
104	90.764	78.1627	66.4135	55.444	45.4717	38.4911	32	
105	79.2672	58.2105	43.6721	36.3887	35.5101	35	
101	79.4952	59.4327	39.8948	35.7861	32.8358	31	
110	88.0192	66.6518	49.4726	34.5876	32.3201	32	
121	102.853	87.1878	71.6906	57.3078	43.682	38.1728	33	
110	94.0762	78.6694	66.0958	55.1973	45.2914	37.8879	34	
122	99.2054	79.0149	60.4296	43.7707	37.314	31	
118	92.1798	71.0621	50.002	40.9433	32.4904	32	
123	100.533	82.9248	66.9516	52.1633	44.1293	37.304	31	
107	88.7496	74.0173	64.1469	54.9118	46.8249	40.1795	35	
116	87.8624	68.2088	49.2558	41.1998	36.8021	34	
101	86.6373	74.7682	63.1096	51.5644	44.2454	37.0722	31	
108	91.4702	75.2605	60.1123	45.4865	37.8535	36	
104	87.2123	70.8044	58.0806	47.6738	37.6277	33.3548	31	
109	87.0047	66.4667	48.1958	38.588	34.5668	34	
121	98.8533	76.9399	61.3042	49.0056	38.5974	34	
108	90.832	76.1985	62.9525	53.351	43.8235	37.552	34	
106	87.9342	75.6198	63.6887	52.141	41.9241	35	
123	96.7345	71.6132	56.6576	41.835	33.9846	33.1597	33	
123	103.054	88.7162	75.0766	61.5397	49.1326	37.1363	35	
120	101.911	85.034	68.7538	56.6509	45.8348	40.3335	35	
102	74.5482	58.4527	48.7434	42.2995	36.289	36	
120	101.011	82.0626	63.4448	45.921	37.0043	34.5687	33	
117	90.2227	69.1439	51.9868	39.3335	35.9633	33.0221	31	
102	80.569	64.4155	52.8977	43.3767	35.2465	33.5349	33	
109	86.6298	65.669	47.1408	38.1382	35.2055	33.364	32	
118	101.645	85.6376	69.9773	57.199	45.3409	33.9515	31	
110	85.063	65.8648	49.7134	36.2539	33.2367	33	
112	90.6099	70.7531	52.8568	43.7327	38.1024	33	
103	79.1749	62.3614	46.3587	32.9318	31.7393	31	
108	87.1496	69.5036	52.1283	39.6271	36.2423	33.6698	32	
115	92.8122	73.4341	54.2212	42.6109	37.8593	36	
122	100.821	82.9876	65.5307	53.9665	43.1777	36	
103	87.7661	74.1366	61.3341	51.327	42.8417	35.1337	33	
115	96.6971	79.5527	64.8216	52.6583	44.7232	38.1782	32	
117	86.6519	70.0034	54.3993	45.0922	38.8259	36.2457	36	
101	79.6889	62.6	48.5333	37.7111	34.3111	33	
121	88.1257	60.4049	45.5846	34.4019	31.3705	31	
105	84.2816	69.7679	57.7361	47.4309	38.5554	33.3219	32	
102	85.8834	72.3441	61.4182	51.2728	43.3778	35.7188	31	
119	75.7697	55.162	43.7068	36.6265	33.6332	33	
115	94.0685	79.1777	65.9024	53.2358	43.2384	35.512	32	
104	81.16	61.2351	53.3131	47.4488	42.3733	38.6352	35	
106	90.4915	75.1275	60.7035	46.3879	37.5672	33.7352	32	
122	89.6603	60.275	45.9781	40.7552	36.4292	33.3693	33	
120	96.6767	75.3719	54.1631	43.7189	36.9269	33.4669	31	
116	98.5852	82.7657	68.0097	53.4531	39.2953	34	
123	82.8505	68.3137	53.8201	43.0472	37.942	35	
123	104.28	86.1936	68.2734	53.4176	40.0608	32	
121	99.9428	83.5478	67.9556	55.109	47.3647	40.3715	34	
101	87.9488	76.0919	64.2633	53.2452	44.715	38.6017	36	
119	101.727	87.3442	73.026	59.8442	48.8701	38.9675	34	
104	87.5931	71.766	60.5097	49.9186	39.9584	34.5008	33	
110	89.245	73.8452	58.9726	44.5995	37.6627	34	
116	90.9709	67.5116	56.4942	46.3488	38.4128	31	
102	84.2679	68.9693	54.1358	44.3483	36.5469	33.4156	31	
106	89.6644	74.0239	60.5654	48.6709	43.2837	38.9584	35	
118	96.5726	78.0556	61.8721	47.6708	39.6669	35.828	35	
117	96.315	79.2193	64.6029	51.6886	39.6255	36.2581	35	
114	91.9901	71.6767	56.6792	42.6996	36.4337	32.837	32	
117	88.3828	65.8784	50.5206	40.4848	35.0411	32	
119	100.395	84.2018	69.2556	55.4735	43.978	36.0995	34	
119	97.7625	82.1612	68.7458	56.8306	45.0439	34.6501	33	
112	93.459	78.2141	65.6287	53.4365	41.4691	34.4086	31	
116	93.3151	75.8407	60.9602	52.6553	44.6234	36.6826	36	
110	85.4956	64.1194	47.7583	32.0676	31.4717	31	
104	80.9302	68.611	57.9257	47.8939	38.5157	31	
116	94.9247	76	59.5897	44.6352	36.8933	36	
113	90.0408	72.5108	56.7982	44.8815	39.4062	34	
120	101.317	84.2696	68.4837	56.8954	48.5787	41.1291	35	
109	91.6153	75.6402	61.6197	51.0762	41.3783	32.8833	32	
120	81.6042	63.434	49.2103	36.8776	34.0411	34	
117	96.7119	77.3656	61.7056	47.9022	36.1437	32.9687	32	
101	80.7682	63.1113	52.9954	43.3261	37.1252	33	
103	80.8895	59.6446	46.478	39.6587	34.99	32.3672	32	
117	96.0144	81.4003	67.5726	55.941	46.0989	36.2839	32	
110	95.3522	81.974	69.3893	56.8364	44.9817	37.2372	33	
103	78.7587	61.4626	51.3799	42.4503	33.6011	31	
122	88.1581	69.3769	53.3502	41.1872	37.109	36	
115	89.3742	70.6366	53.8782	41.7119	34.8502	32	
112	93.4331	75.5293	57.8149	44.0034	37.9786	34	
121	97.0006	78.9147	64.1307	53.1412	42.6445	35.2525	32	
118	97.8595	80.7295	64.3203	51.494	40.4061	37.5653	35	
104	84.222	65.0988	46.9238	35.0706	33.1289	32	
112	90.762	71.5856	57.8742	47.7624	40.6613	35	
112	91.4478	72.5407	56.0049	49.2966	43.3788	38.3583	34	
112	90.0123	70.6515	51.6798	36.5025	34.0702	33.2919	33	
116	85.1461	62.2599	47.0364	40.8995	35.8815	35.2712	35	
116	86.3371	64.1763	51.0389	41.013	37.8669	36	
111	89.9168	69.7571	54.6637	43.7659	36.9844	33	
101	81.5184	69.5413	57.9433	48.5436	42.075	36.5919	35	
110	91.2244	72.5873	61.31	50.4681	41.4463	35.5702	31	
121	99.4772	79.4151	60.3116	49.1279	41.9613	35	
118	92.3271	68.7069	49.3291	40.1602	37.6422	36	
117	97.0006	77.0817	61.4522	49.6563	41.5333	34	
101	82.3239	67.1008	56.9185	48.8028	41.0904	35.1675	33	
116	99.1832	85.9599	73.4883	61.4393	49.6018	40.0191	31	
121	97.1186	76.9521	59.2206	44.8293	36.5255	31	
104	84.7229	67.2235	51.8571	40.52	35.128	31.3753	31	
123	98.0573	73.406	56.1268	44.7336	39.8674	35.147	32	
105	87.6201	74.2525	60.9681	51.9455	43.006	36.5405	36	
101	82.1058	66.8705	55.2341	44.0375	38.2193	36	
113	96.2321	81.3216	66.9905	53.1536	39.9642	36.5561	34	
108	74.8165	49.9824	36.816	33.5334	31.2141	31	
101	77.178	64.0573	51.588	41.7242	32.2792	32	
120	95.8366	73.8129	57.1553	41.2219	37.3703	35	
111	89.3498	75.7245	62.5841	50.2437	42.5825	37.3457	34	
110	90.8444	73.1394	58.7925	46.3533	37.0338	33	
122	95.4753	79.2015	63.6578	52.4639	44.403	38.076	34	
105	86.0869	69.2582	58.1092	47.1705	37.2645	33	
117	95.1764	78.5536	64.0936	50.8488	38.0171	36	
101	87.6797	75.003	63.7481	52.9572	42.8248	36	
106	89.5034	73.3631	57.9354	43.2205	36.6177	32.5721	31	
116	94.8899	74.3094	53.7518	38.3279	35.128	34	
113	93.9278	78.4897	63.3866	50.8866	40.9897	33	
104	88.9691	75.752	63.3078	51.384	41.1794	32.347	32	
114	87.1964	70.0931	59.4567	49.2742	39.5455	36	
123	101.729	82.9358	66.5796	50.4713	34.5282	33	
102	78.5368	62.4	49.4473	41.4407	37.7621	36	
117	92.6198	71.7683	53.3869	45.0784	37.8285	36	
103	83.9463	66.1628	53.595	42.9711	32.6552	31	
108	91.7521	75.8594	60.8545	50.2712	41.7477	35.7636	35	
123	97.7765	77.5772	61.0691	48.7308	36.8368	34	
109	87.087	71.348	56.0533	43.5416	38.3499	34.9822	34	
123	102.166	81.682	66.6355	53.5325	40.9537	34.7735	32	
116	99.6963	83.4094	67.7083	54.8027	42.9013	31	
111	92.3749	74.7809	59.1203	49.1525	39.4211	34.3298	31	
104	81.6374	60.0623	49.016	41.7043	35.6974	35	
123	105.188	88.7951	72.4499	56.7777	43.3169	35	
120	96.2342	76.4889	57.3596	46.498	37.0954	31	
111	94.4828	78.3448	65.2069	53.7241	43.3621	36	
112	91.4933	74.7817	58.8464	46.7925	36.0755	32	
104	89.3763	74.9737	61.2513	50.7087	41.2033	36.3571	36	
116	98.8949	82.6433	68.8794	57.3671	46.3087	35.8495	32	
102	86.3915	72.7887	59.9007	48.8596	38.8113	34.661	32	
121	86.2409	73.2781	60.4589	49.866	40.4221	36.58	35	
102	81.6644	65.7696	52.5087	42.494	35.5113	33	
107	91.0224	75.4989	60.4128	47.4793	40.8528	37.8255	35	
123	85.3238	63.9564	48.7047	36.0956	34.0948	33	
108	89.3061	71.449	57.0612	44.7551	33.9796	32.5918	32	
104	89.3326	75.3337	63.3825	52.5595	44.2855	36.5131	32	
121	99.9203	82.2791	65.2145	52.5496	42.9601	34.6948	31	
108	80.4766	59.1423	44.6161	37.5532	33.4757	31	
111	91.4533	72.12	55	43.1067	37.1067	35	
106	90.2675	75.2327	62.228	51.6657	41.6901	33.808	32	
110	89.0018	71.2137	53.6016	41.9701	38.518	36.5831	35	
104	84.2815	68.1802	52.4759	44.4915	38.0289	33	
104	88.2834	72.8643	59.7702	51.2144	43.1608	36	
122	92.695	67.1381	46.2144	37.2724	35.059	35	
120	94.265	73.3619	52.984	43.7142	38.3046	34.7069	33	
105	83.1131	68.3438	54.9314	46.279	40.0065	35.5579	33	
119	93.8478	77.1987	63.2847	51.8087	44.2868	38.0731	34	
105	83.221	65.8159	48.932	38.3711	33.7479	33	
117	89.5094	68.5103	48.5556	38.4513	33.0604	31	
120	98.8898	79.5621	63.2052	51.9511	41.5008	35	
112	91.1287	72.7909	60.8954	50.7855	40.8445	33.0268	31	
119	95.9128	74.5577	57.8296	44.3522	36.2847	36	
111	83.0811	68.6668	54.7074	45.5527	39.497	36	
121	82.8826	65.3522	48.7208	41.6637	38.3374	36	
104	89.8764	77.2005	64.9483	53.4199	45.4401	38.1841	34	
111	93.4154	77.0318	60.8812	50.2695	41.6117	34.4775	31	
123	106.838	90.791	76.0482	62.3981	48.7806	35.4077	35	
121	99.6133	83.5804	67.6324	54.857	44.1212	35.5949	35	
120	102.124	84.4457	68.8672	54.7603	44.6379	39.2177	35	
121	95.3023	71.9211	52.1228	40.6639	38.0385	36	
117	87.3303	66.3642	47.2423	38.7329	32.5207	31	
115	94.0532	78.0474	66.3519	54.9192	43.8282	33	
107	90.0208	73.9222	59.3393	44.9408	38.9601	33	
112	86.1009	65.3761	52.8098	43.6657	38.1628	36	
111	98.106	86.0121	74.0756	62.5195	51.0683	42.621	35	
102	83.3576	68.0657	54.6638	43.4312	37.4175	36.494	36	
102	81.1406	61.3365	43.8676	37.1764	34.9984	33	
121	97.8484	75.654	53.968	43.2298	36.3501	33	
123	101.61	80.7535	63.3375	46.2949	37.5469	36.2934	36	
101	80.5385	63.1906	48.2308	36.1505	32.592	31	
111	84.8014	64.1453	47.004	42.597	39.8122	37.1355	36	
102	84.6364	67.4545	54.1636	43.7636	36.4545	33.1091	31	
123	104.128	85.6728	70.9618	57.3504	46.6218	36.6065	32	
116	91.9011	68.0885	56.1171	47.6591	41.3351	36	
116	74.5483	55.176	38.2992	36.2689	35.2538	35	
116	98.2242	83.402	69.6308	57.7078	47.9411	39.1891	36	
121	92.4446	68.3042	50.8875	38.9388	32.2556	31	
111	92.1903	76.971	63.1968	49.9419	40.7742	34	
110	89.3402	72.1986	58.0013	45.4008	39.163	33	
121	97.3107	74.5338	52.1972	39.1729	35.1145	32	
113	90.6842	72.7472	60.6878	51.2276	42.3762	35	
106	86.1644	66.6257	50.5989	42.5856	35.2152	32	
114	92.2051	70.8051	56.8638	44.3398	38.1359	34.3718	34	
110	89.4393	71.6799	57.5921	44.8368	34.6925	32	
110	92.8517	76.9567	63.0938	51.9274	43.6096	36.5452	31	
118	98.5538	81.3789	67.0087	53.3801	40.215	35	
119	102.656	88.9392	76.1266	64.9519	55.0226	45.3834	36	
118	92.0957	71.8541	52.4259	42.1331	38.4414	35	
108	82.7952	63.1272	49.5745	41.3933	34.5067	32	
113	97.2412	81.5854	67.3887	53.2436	43.5274	38.5663	34	
109	91.6582	76.4344	64.4188	54.3325	46.1334	38.0812	32	
113	96.1368	79.4146	62.8513	48.7927	36.0747	32	
106	85.4801	69.3887	54.7441	45.7776	37.7758	36.57	36	
101	80.0653	59.469	42.0987	37.6545	35.1279	34.203	34	
120	102.012	84.1768	67.0646	55.4915	45.4983	36	
109	95.8046	84.2718	73.1612	62.3277	52.7611	43.6166	35	
119	99.0071	80.0579	64.1578	48.3395	37.6371	36	
107	90.8703	77.9568	66.229	54.5337	44.073	37.4132	36	
102	80.0198	61.6145	46.9918	35.8979	32.0231	32	
107	79.6775	64.9735	50.5876	43.2356	37.9691	35.7069	35	
101	78.757	59.51	46.4593	40.263	34.2937	33	
113	94.2625	78.3651	62.868	47.9238	39.9751	35	
105	86.254	72.6556	62.6177	52.687	42.7563	36	
112	82.0874	67.2589	57.0963	47.0934	41.373	36.835	33	
117	97.5704	79.6792	63.9586	51.2514	38.9235	32.4541	31	
102	83.1637	68.659	55.4259	45.352	38.0798	35	
102	87.777	76.1455	64.8267	53.9696	43.3656	33.4021	33	
107	86.878	69.396	55.5805	45.4902	36.7198	31	
107	80.8807	63.3589	46.9618	38.2916	31.399	31	
111	92.3012	75.776	60.254	44.8435	33.0279	33	
110	92.9861	77.9838	63.7658	50.332	41.3306	37.3926	34	
106	89.0921	75.4495	62.7472	51.122	41.9414	34.214	31	
123	96.0914	73.2745	57.8453	50.2018	43.5528	38.8928	35	
115	85.7442	56.5851	44.8248	36.5764	34.611	33	
101	85.3957	70.2974	57.7821	47.1839	41.4855	36	
123	100.446	83.5673	67.2783	51.4315	38.1275	34	
109	83.012	66.8791	57.4799	48.2561	39.6636	36.0863	33	
123	99.0436	77.0835	57.1996	42.7992	37.3424	35	
106	87.6176	70.8186	55.4292	49.0764	42.9747	37.3557	35	
114	90.3459	72.9121	58.1283	44.4603	38.7978	34	
118	85.9762	67.2076	52.7011	44.2553	36.7088	32.5249	31	
115	96.3016	81.358	67.4954	54.543	41.6855	34.5171	33	
116	98.2917	80.8284	68.5105	57.3286	46.9041	38.3506	31	
101	88.5397	76.7618	66.7717	57.0409	47.9516	38.8896	35	
111	86.2009	63.3904	49.0023	39.9951	34.6141	34	
122	106.434	91.1033	76.5882	63.0698	51.5084	40.8532	35	
122	90.5666	65.6682	43.7106	36.6528	33.1892	31	
111	81.3621	56.7559	39.7133	36.597	34.0325	34	
110	87.2856	73.6366	62.585	52.2973	42.7736	36	
115	91.6435	72.297	56.3094	42.7173	32.2759	31	
101	76.6064	61.8528	52.8001	44.3834	36.1625	31	
114	86.4814	61.0455	43.718	36.6925	32.7772	31	
118	91.7844	78.6286	66.209	55.1658	48.2518	41.4979	35	
119	99.4489	80.3836	63.6661	47.2116	37.2337	31	
113	86.0155	63.8546	44.8335	38.8724	33.5938	31	
104	87.2192	73.7018	62.7247	51.8218	42.087	36.821	32	
107	87.7623	69.8259	60.8295	52.0593	44.0248	38.3383	35	
121	97.4364	77.7269	59.6062	48.2808	37.1583	35.0622	33	
111	95.5699	81.3218	67.2842	55.0437	43.0947	34.1249	31	
121	88.4661	75.7111	62.9911	52.5425	43.3868	35.1398	35	
111	91.1967	72.3091	55.3904	43.371	37.5101	33	
123	90.7127	62.7822	53.0893	43.8692	37.4185	36	
109	88.643	72.4203	56.2396	45.0327	34.8122	32	
111	86.9796	69.0407	54.9186	41.1781	34.9695	31.1272	31	
117	95.0538	73.7673	61.6145	50.1213	42.3069	38.146	35	
114	87.3297	69.6269	52.7657	43.2759	34.4825	31	
120	101.845	86.5535	71.8984	59.6952	48.3155	40.5856	36	
113	90.6924	71.6518	57.3331	46.8429	37.5524	35	
117	94.9447	75.7458	58.3732	42.4054	37.91	35.8731	34	
122	88.1396	55.5374	48.0992	42.9554	38.1817	34	
109	83.6396	65.9525	51.08	42.7252	37.6887	36	
123	87.6421	57.3532	38.9056	36.9112	35.3324	35	
104	86.7162	70.8494	57.1941	45.8576	38.665	31.8588	31	
113	94.8517	78.2458	64.5645	56.3717	48.6197	41.1881	36	
104	85.1936	71.0564	56.9192	43.1278	35.6917	35	
115	84.8797	65.9164	47.5403	40.4593	34.5527	34	
123	92.8618	73.5487	58.1106	45.471	38.2132	34	
101	83.9934	69.5825	57.9293	47.2225	38.5164	31	
123	98.1248	77.7586	64.1105	52.2781	40.93	35.1499	34	
109	79.0377	67.7495	57.855	48.1927	41.3641	35	
120	97.9594	82.3154	67.0307	52.7283	41.8997	35	
115	97.5494	80.9069	64.7069	49.1418	41.0995	34	
116	97.0785	80.8108	66.8731	53.4749	40.163	34.3161	33	
110	82.9387	66.8711	51.3821	41.7237	34.7358	33	
108	80.2307	68.1954	56.3877	47.0554	41.1942	36.1582	33	
115	91.5644	72.03	53.3719	42.064	35.7033	33.1591	32	
119	97.5745	78.4579	61.7742	49.0381	39.1074	33	
101	78.6601	58.5041	43.9444	32.6835	31.7052	31	
116	95.9521	79.0297	63.8933	52.061	42.3273	36.5674	34	
107	90.3525	74.4192	62.0206	50.0615	42.9373	37.9742	34	
103	84.2583	66.2478	56.8038	48.1747	39.5873	32.4417	31	
117	92.7374	72.0954	56.6408	43.4558	35.1882	32.2702	32	
117	94.1583	76.4766	60.8982	49.4938	40.9158	36.8405	35	
110	91.0928	73.1036	58.6106	45.1334	39.4495	34	
114	94.7564	76.2175	58.0463	41.6831	33.9918	32	
122	96.6857	80.6008	64.5693	55.1798	47.5241	39.8951	34	
107	93.491	80.9885	68.807	58.099	48.3101	38.6816	32	
102	86.7222	73.9413	61.8587	49.9159	41.7095	36	
109	82.9411	66.7375	51.3198	44.3365	38.0485	33	
119	99.3271	80.7472	63.4424	52.7732	45.1747	38.1227	35	
103	87.0387	73.0663	60.6354	48.9669	39.8177	34	
104	87.8655	72.1163	57.54	48.4926	40.7018	36.6472	34	
112	89.6851	71.0663	56.7441	43.8079	38.1714	36.2541	36	
114	96.1065	78.7319	63.9278	49.8897	39.9049	36	
107	82.7653	64.6242	47.4988	40.6697	34.646	33	
102	82.7542	64.2205	47.1754	39.257	35.2223	33	
122	100.411	79.706	64.6368	50.2841	42.26	35	
114	88.7073	72.9294	58.0755	43.9403	37.4375	36	
103	87.6391	73.4142	59.3314	49.6746	40.2071	37.1302	35	
121	101.032	82.0211	67.0961	52.3161	40.8398	36	
115	98.46	82.687	67.3642	52.9751	39.3196	33.9341	32	
116	85.6519	62.1865	46.1481	39.5214	36.7043	36	
107	83.1785	67.4761	52.5912	41.9914	35.2819	35	
104	81.4754	60.6888	52.5085	44.421	36.6579	32	
123	104.499	86.7172	71.2283	56.246	43.0232	32.6795	31	
112	91.3995	74.4018	60.2679	46.7498	33.7244	32	
114	94.4728	75.7357	63.1315	51.9946	41.0834	31	
109	89.7129	76.4696	63.2262	52.883	44.3853	37.6521	31	
110	89.5434	70.5402	59.3796	48.3013	38.4295	33	
105	88.3747	73.5633	59.7735	46.1949	35.5928	32	
111	91.3343	73.4866	57.9447	44.7973	36.9709	34	
109	93.4428	78.1517	65.5839	53.5169	45.8792	39.7126	34	
104	86.0045	70.1294	56.1389	45.9361	37.0924	32	
123	103.464	84.0486	64.8766	46.6766	38.7551	34.9645	32	
121	90.98	73.0544	59.7877	50.8711	42.6025	36	
109	93.6007	78.8601	64.4958	53.456	43.8902	35.1556	31	
107	90.6539	75.7313	60.9595	47.0419	38.9358	35	
118	96.8554	79.8056	63.5423	51.6976	41.1947	34	
107	88.4877	73.7046	58.9215	47.4852	37.4258	31	
110	91.4825	74.0973	59.5193	46.4509	35.5055	31	
119	86.2	66.0333	49.6667	37.3	33.1	32	
118	83.3515	65.703	51.3896	40.4578	35.3624	33	
110	90.338	71.6694	53.7873	39.4029	35.2015	32.2418	31	
118	97.7069	80.6097	65.7698	54.7292	44.2027	37.0062	32	
105	79.7845	57.507	42.171	32.0654	31.2583	31	
113	93.2348	74.511	55.9709	45.3737	37.6759	34.7764	33	
116	98.8815	83.1788	69.3516	56.0208	46.2756	37.8358	33	
107	86.2112	69.9902	54.1034	40.1996	35.0749	32	
116	92.7819	70.7074	56.9043	44.5904	34.7234	31	
106	90.4572	75.9558	61.6911	50.9611	40.6413	31	
112	89.0478	66.6738	49.5041	41.542	35.804	31	
117	95.6314	75.8855	60.2304	47.5235	35.4108	31	
103	88.6904	76.6693	65.7054	55.9725	47.2825	40.1567	36	
103	79.5198	59.9323	48.4393	41.1172	36.6374	35	
107	87.4398	70.6021	55.5654	42.7068	36.9895	35	
111	91.2524	72.0066	58.5004	49.329	42.7264	37.4082	35	
117	93.278	73.187	57.9909	46.2375	40.1053	34	
123	103.914	85.9334	68.0666	51.6461	35.2256	31	
111	87.1472	64.1716	50.3918	38.0835	33.3016	32	
104	90.0271	77.0885	64.3933	52.2456	40.1994	35.4944	33	
102	81.152	62.6912	46.1401	41.6576	37.5994	35	
104	87.1103	74.8288	63.6231	52.5393	43.1403	35	
118	93.1256	69.1558	51.8492	42.2915	34.9347	34	
123	97.0084	78.1574	59.8776	43.483	36.2853	35.4856	35	
111	95.2439	79.5791	66.5099	55.0676	45.124	36.9535	32	
105	83.4048	63.2619	48.9286	40.1905	33.6905	33	
102	84.5537	71.139	58.1995	48.5874	41.8095	36	
103	78.6109	61.9446	47.6698	37.954	34.6407	32	
104	87.4364	71.1843	58.1752	45.9174	39.0648	33	
121	97.9898	80.5447	63.8254	48.2675	37.1859	33	
110	94.3073	80.6688	67.8815	56.223	44.6941	34.1644	31	
112	86.1117	67.5265	54.2028	41.8214	35.67	33	
115	95.8984	77.9316	64.6118	53.8047	44.1864	38.5667	36	
102	86.5212	71.7425	57.6826	45.3916	34.5749	31	
121	100.857	81.7607	63.5492	51.4797	42.7092	37.3718	33	
115	97.5666	81.0841	68.2996	55.8673	44.9494	35	
118	100.923	85.9769	72.0391	60.25	48.6851	39.9786	34	
113	87.6006	63.3557	43.7026	37.3265	32.6822	32.3149	32	
118	91.3758	68.4096	46.6502	36.5059	32.961	31	
113	97.6376	83.0425	68.5101	55.7942	45.7718	39.868	36	
105	86.7215	71.9006	57.3628	44.1999	38.1138	36.2738	35	
106	84.5164	72.0499	60.1009	49.8518	42.7563	36.2521	33	
109	88.9942	69.3076	56.2985	48.5036	42.1454	38.3677	36	
111	94.4483	78.4286	63.9064	53.1872	44.3399	35.8867	31	
110	86.7422	70.7312	55.4527	46.0867	38.7876	34	
117	98.6489	83.4235	68.5006	56.0733	43.8476	32.0504	32	
114	94.1347	81.9612	70.348	60.6092	51.2152	42.5537	34	
117	95.9094	79.7662	63.7296	51.8941	42.2551	33	
117	100.515	84.0462	67.7096	52.9241	41.2574	35.6634	32	
109	47.7293	41.4276	37.1758	35.3536	33.987	33	
115	93.6817	76.3621	61.3668	50.4702	43.8472	37.8491	35	
122	97.747	77.0308	63.8938	52.5612	42.528	34.0105	33	
114	97.8181	82.1575	67.2222	55.0064	45.1931	37.0795	33	
106	88.9017	71.8733	57.2375	42.9511	40.506	38.0958	36	
123	99.0457	79.0628	64.8109	50.9863	37.9409	35.0503	35	
113	91.3933	71.3121	57.4078	45.5292	37.7518	32	
121	91.1	69.154	54.3305	44.2795	39.7239	36	
113	89.7372	72.8716	56.4946	46.9335	40.8619	37.1631	36	
106	76.6703	54.0276	41.349	37.4097	34.2648	34.0662	34	
111	94.2728	77.866	61.8939	48.5762	40.3385	34	
117	98.5971	80.5107	67.025	54.5313	43.6204	34.2712	31	
112	91.8247	71.7964	58.8686	47.2629	36.5387	36	
106	85.7065	67.6581	54.0128	44.8361	36.6838	33.1308	33	
105	88.836	72.745	59.3519	50.1883	41.8997	37.014	34	
104	88.6746	74.7988	63.3141	53.7687	44.6186	38.5186	34	
104	78.9396	55.1938	48.4812	42.0203	36.3425	35	
102	78.4305	67.0293	55.8926	46.2637	37.8782	36.8729	36	
121	89.0869	70.124	57.471	45.9744	39.301	35.601	32	
110	91.5223	77.0128	62.7759	49.9021	39.694	34.4839	32	
120	94.3772	72.8839	60.2905	49.1591	38.0533	31	
106	87.3768	68.9767	58.2856	48.2031	40.555	35.3414	31	
107	86.2772	67.2496	54.1548	43.7298	39.9158	36.9706	35	
123	96.603	76.4086	58.0317	41.2703	33.6541	31.8078	31	
116	98.7009	82.5706	67.0877	55.8307	44.5917	34	
121	99.1007	79.4615	62.0563	47.4828	35.6888	32	
110	91.2548	73.4789	63.457	54.191	45.9137	39.2259	35	
103	84.1954	69.0333	55.8291	48.2708	41.3045	37.5481	36	
109	87.5146	68.1733	49.6941	41.9576	34.641	34	
107	87.8303	69.1265	55.2443	44.9956	38.1942	33	
112	82.5031	60.7447	43.6488	39.99	36.9465	35.198	34	
106	80.0318	62.6819	51.654	42.6672	34.0206	33	
116	95.1688	79.1448	64.6366	53.2249	41.9648	33	
119	95.5021	77.2793	59.8357	50.0949	41.1333	34	
108	90.367	76.5253	63.5486	51.1572	42.4807	35.7379	35	
118	75	49.1122	41.4337	35.9051	32.9214	32	
105	86.5854	69.165	54.9866	42.7967	37.6094	34.1081	34	
109	84.6555	66.1388	49.3732	37.6316	34.3014	31	
106	86.464	72.208	59.008	48.904	40.912	33.616	31	
110	94.1867	79.8916	68.253	57.0663	46.6566	40.747	35	
109	91.4779	77.3186	64.9823	54.3982	46.5398	40.1504	35	
118	92.6619	70.548	51.9439	36.2788	31.2853	31	
111	85.7774	62.2834	49.0042	41.7753	37.1786	36	
101	83.3127	70.5994	58.0903	49.0704	41.6465	36.3199	34	
103	86.5569	71.6733	59.3193	47.1733	36.8465	33	
103	89.4534	76.6205	64.4205	52.2528	43.119	34.845	31	
108	81.6006	64.9717	53.9492	43.8794	37.9463	34	
121	94.4619	69.7626	54.0099	44.5692	36.0891	32	
114	93.8534	75.0791	60.1927	51.6891	44.2667	37.4057	32	
120	103.124	87.0105	71.2269	57.2298	45.158	40.0933	36	
116	94.0352	73.6783	56.2373	40.3224	34.1635	34	
114	91.2692	68.5978	52.6922	43.1666	37.4097	32.4244	31	
117	89.4434	73.638	61.6652	49.6923	42.0271	35.9774	33	
107	87.2908	68.7531	52.1678	42.6112	38.2131	36.0552	34	
112	89.4359	72.9295	57.5128	43.0256	36.2308	32.2244	32	
111	91.4299	73.0065	59.756	48.442	39.4469	33	
105	82.0207	62.5509	48.7777	39.5716	32.1442	32	
119	94.9585	78.3676	64.6698	52.2778	41.3196	32	
117	97.4835	78.3276	61.1233	45.0646	39.6976	34.5427	31	
101	86.5803	75.0124	64.7607	54.5675	47.5624	41.1569	35	
122	99.4254	78.4592	59.072	45.6501	37.8718	31	
101	77.4542	64.1013	52.4354	44.1908	36.0175	33	
119	79.6526	45.198	38.9074	35.4537	32.6167	32	
111	92.044	73.4227	55.0944	42.1851	33.4812	33	
116	74.5	53.9381	39.7286	35.215	33.5851	33	
106	82.4146	66.4634	51.2439	41.878	34.4146	32	
102	79.8602	60.9014	46.3006	38.6344	34.4037	31	
103	86.135	71.8627	57.6161	48.9141	41.1618	36.8237	34	
123	84.3734	63.7357	47.7333	40.4494	35.9798	33.0552	33	
121	101.999	83.3474	70.4663	57.896	45.4423	36	
114	89.4193	69.7152	54.8876	46.2484	39.7134	34.1933	31	
108	88.9277	75.7007	62.8529	51.182	43.5212	36	
108	85.4372	63.5907	44.4465	38.8791	33.8326	31	
114	93.3271	73.961	58.1939	45.7473	39.3634	36	
115	96.6453	80.8398	66.4152	54.0512	44.7464	37.311	32	
121	98.8329	77.8105	62.9544	50.674	42.8167	38.2635	36	
122	98.9541	76.8536	59.9296	46.5039	34.0236	34	
116	96.8753	78.2597	59.8886	44.2263	38.7272	35	
107	90.0782	75.2857	60.6239	49.6042	39.2009	33.7284	33	
116	97.0776	81.7549	66.7638	55.3961	46.2783	38.7472	36	
116	90.8187	71.1025	56.3889	46.0053	38.3121	36	
121	101.886	86.4483	73.0072	60.0207	48.6155	38.4555	33	
108	80.1989	56.8269	42.3131	37.8158	34.511	34	
118	87.9232	65.0572	49.8133	41.9066	34.2846	34	
109	87.0824	69.6808	56.5823	43.602	37.502	33.9791	31	
115	95.6014	79.3349	65.8367	52.7628	43.8516	36.0315	31	
116	82.3329	68.1572	56.206	44.2924	37.9963	34	
113	93.4109	76.159	62.2743	48.7659	36.9015	35	
102	82.8981	65.1467	52.7751	44.9558	37.1582	34	
111	93.0567	76.5295	62.5822	49.7406	41.8262	36.3171	33	
112	91.5108	75.4322	62.5272	50.1824	40.1011	31	
110	89.6747	71.8136	55.3782	40.0018	31.6313	31	
118	93.9181	73.1559	59.1494	47.4142	38.4454	34.3395	33	
112	94.1459	78.3222	63.2488	54.4872	45.7698	37.4497	35	
117	93.5236	74.9968	59.0136	44.5428	34.1966	31	
111	92.6968	74.7877	62.0412	51.4347	41.3162	33	
106	83.3822	67.2188	56.3689	46.1867	36.3106	33.8068	33	
109	87.1155	70.2918	57.6854	47.2903	40.5198	35.6413	34	
101	82.8414	70.1359	59.557	50.8322	43.2525	36	
122	103.805	86.2707	69.9315	54.934	42.381	37.9332	34	
117	97.0299	79.9783	65.4455	53.7512	44.6157	36.1399	36	
113	86.075	69.6859	55.6381	45.782	36.9077	34.6042	34	
103	85.3036	68.5904	54.8811	47.0161	40.389	36.238	35	
102	82.6756	64.1914	51.3004	41.8903	36.0329	32.072	32	
121	92.0095	75.3742	61.4405	47.7497	41.2534	35.4553	35	
107	87.4047	69.2415	53.2889	43.2149	36.6832	35	
106	86.0964	68.8509	53.8168	40.1012	32.765	31.1489	31	
122	96.6887	72.7097	58.373	47.8425	40.4838	33.6326	31	
116	96.155	77.7365	62.3204	49.2465	41.2191	34.8738	33	
115	95.5542	79.1798	62.8253	49.0038	41.6243	36	
120	101.747	84.0223	66.9018	54.6135	45.2321	36.9078	32	
120	93.6506	75.8243	58.1135	40.9806	35.0289	35	
118	94.6323	74.2477	57.8761	42.5344	36.7813	36	
112	92.4202	74.0371	56.4999	42.7383	34.1141	33	
122	100.308	82.7177	65.4563	48.4142	41.7904	36	
115	91.8067	71.164	56.7904	47.9707	39.5086	32	
123	92.8449	73.1858	58.7913	49.0617	40.1984	37.8993	36	
108	85.2422	64.9767	47.5597	42.9014	38.2727	34	
115	97.5932	83.2168	69.2984	56.1905	44.492	38.0085	36	
118	94.8369	73.2809	56.4073	41.5287	34.5742	31	
112	86.4429	64.0543	48.9293	37.6304	35.6875	35	
106	90.287	76.5503	62.927	50.3242	43.8446	39.3899	35	
111	91.7394	76.1114	60.8634	49.9449	41.4339	35.3516	34	
107	77.9173	64.3857	53.1767	43.4825	38.7363	35	
104	86.3313	70.4936	55.5164	41.3998	32.4098	31	
109	88.638	71.2935	54.7312	41.3652	35.4197	33.0282	32	
107	84.4878	70.1463	57.6585	46.4878	40.7561	36.1463	33	
116	84.1195	66.3569	51.547	42.2273	36.7371	33	
119	98.7029	78.4714	60.8835	46.3543	35.5176	33.7479	32	
114	93.5543	76.1777	59.433	47.0212	36.5501	34	
108	84.6981	64.926	52.6546	43.1684	33.9855	32	
115	89.4308	67	47.3385	39.3385	36.7231	35	
122	97.8272	75.9012	61.0617	49.5062	38.963	34	
110	87.5144	65.9803	53.4105	43.4948	35.5572	31.9515	31	
108	83.0169	67.4649	53.4366	41.2209	34.6533	32	
103	86.558	70.4626	58.2178	46.0307	36.0193	36	
112	88.7101	67.5681	50.6497	42.3474	37.7136	36	
103	83.4508	70.0028	57.4204	46.4213	38.2089	35	
115	96.2371	79.9973	66.0002	52.3836	42.1712	35.0825	33	
113	96.8829	83.0447	69.9827	57.0196	44.8823	36.5926	34	
121	100.054	81.2183	66.0849	51.0375	42.9865	35	
117	89.422	64.4691	50.0722	40.9532	34.0725	32	
117	89.3186	64.7876	53.3186	42.1327	36.469	33	
108	81.1033	64.7758	49.2818	40.7582	36.3259	35	
123	97.5716	77.1102	65.3957	54.2122	45.0592	39.9361	36	
115	83.2589	62.6568	43.1061	35.6473	33.2158	32	
107	85.157	66.1611	54.0728	42.0779	36.8272	33.0933	33	
116	97.6523	80.6622	68.8118	58.2415	48.2531	38.2646	32	
110	90.8722	75.6489	61.7505	49.6183	41.6	34.9529	34	
112	93.1918	76.4169	60.8765	48.4587	36.8639	35.3147	35	
115	93.7349	75.5039	60.4389	45.796	39.4112	34.6885	33	
111	88.4129	68.1393	49.7562	39.7811	37.3682	36	
114	93.0049	78.1792	63.6404	50.6321	40.5889	32.2674	31	
102	68.7519	57.9055	49.0795	40.9979	38.1976	36	
109	92.0568	75.3252	61.296	50.1102	41.1334	36.175	35	
117	96.5884	77.3894	58.9482	45.029	36.2126	35	
122	97.6806	82.7723	70.1645	57.7658	45.4567	35	
119	92.0294	72.4471	56.2887	43.4041	32.4717	31	
122	98.2846	77.6522	61.3182	51.9506	42.7609	33.8083	32	
108	78.1135	56.2886	47.5219	39.6748	32.1035	31.4291	31	
106	86.6281	68.5354	55.5142	44.1377	39.4089	35	
122	91.8576	73.6817	59.1229	47.3975	38.7466	31	
121	99.7513	79.3764	64.969	51.542	39.8414	33	
113	94.2941	75.6667	58.7843	44.2353	37.9608	34	
105	84.9976	73.2884	61.8261	52.7921	44.252	36.7614	36	
112	89.3816	68.6905	53.4063	39.6211	36.2485	34	
106	89.1754	73.7193	61.8772	51.4035	44.5789	39.1053	34	
111	88.0502	66.2384	55.5629	45.5918	38.276	36	
101	81.9344	71.9622	62.7674	53.9107	45.8653	37.8875	34	
115	98.7661	82.9277	67.0892	54.3947	45.912	37.884	33	
111	87.0953	68.7009	51.6109	38.78	36.5706	35	
103	86.6204	70.3879	57.2255	46.5815	37.8494	36.3052	35	
108	92.3102	77.5932	63.993	52.5724	43.2775	36	
106	84.5195	69.105	54.0319	43.0554	34.8361	32.8666	32	
103	88.7732	74.8409	61.8807	50.894	41.3211	35.5773	33	
117	92.3309	74.1152	61.6506	50.9814	42.5762	35.7844	33	
104	84.7482	67.3758	50.393	42.8986	38.6815	36	
121	90.4321	60.5522	39.2235	35.1281	33.2279	31.4587	31	
118	91.6847	72.7542	58.9215	46.0807	39.3297	33.1298	32	
117	99.2728	81.6331	64.1683	48.8903	40.814	36.4696	33	
104	82.3055	62.6352	50.0277	44.3951	39.7305	35.066	35	
117	93.3846	72.7271	54.4215	38.6859	31.0727	31	
121	87.2438	56.1302	47.1053	38.7285	34.5402	31	
110	85.0369	63.5231	47.0369	39.5538	36.3092	34.2338	34	
106	89.4575	73.5834	59.986	48.2893	36.885	33	
123	98.4531	79.8733	62.8758	46.6468	38.0576	32	
116	95.9012	77.0091	58.7412	44.5514	36.1456	36	
115	97.1247	79.955	62.8898	45.903	32.6272	32	
103	83.4918	66.7568	56.931	49.209	42.0608	35.6776	33	
106	74.5529	56.7952	47.529	39.877	35.0986	33	
102	86.263	73.2077	60.7698	50.4844	43.8156	38.2935	36	
113	92.2667	72.0773	54.4823	41.4899	37.7868	35.4645	34	
102	82.5462	64.3276	51.3584	43.1975	36.9335	34.4411	34	
102	79.6032	61.0577	51.2698	44.9899	39.2251	34	
112	90.7663	72.9435	58.3962	45.9044	35.5135	34	
120	91.9993	72.5727	57.1334	46.1909	35.3983	33	
103	84.2794	67.1319	51.5772	39.4442	35.295	35	
117	95.0601	81.5018	68.3692	56.4244	45.0847	35	
122	76.7965	65.2753	55.3909	47.7101	41.2255	38.2035	36	
109	92.1357	75.497	63.5396	53.0488	44.6166	36.7767	35	
119	92.6427	75.503	61.1044	49.1457	40.6511	35.0483	33	
106	84.1873	64.7651	50.9282	41.0907	37.1373	33.6895	33	
113	90.942	69.1527	55.8641	42.7221	35.7847	33	
112	88.5013	65.4962	50.538	43.1329	36.1475	34.8146	34	
117	88.0484	66.8802	46.5486	36.0736	34.1823	32.5819	32	
108	79.4123	61.9164	46.8719	36.0251	31.4903	31	
112	75.8153	48.3832	43.4576	38.5698	36.1448	33.7578	33	
120	96.1899	74.712	55.5316	41.3291	36.1076	32	
112	93.7275	75.6212	57.6443	45.0254	40.2771	35.6582	32	
105	86.6969	71.326	56.0486	45.0107	39.445	36.7743	35	
118	92.4702	70.3932	57.6691	46.0325	38.5557	36	
109	87.9538	68.6297	50.7723	34.5519	33.3189	33	
104	82.6806	63.804	52.5098	43.246	35.7905	31	
118	86.9276	58.8637	45.1685	38.972	35.0206	33	
121	101.117	81.8806	66.671	52.2751	43.2411	38.8389	35	
106	81.6562	61.4062	49.75	40.5938	33.5312	33	
112	91.3635	71.0498	51.2059	38.8181	36.2935	36	
106	78.8833	57.9089	48.8794	41.0671	34.6983	33	
108	83.0992	63.6104	53.3586	45.3186	39.4121	34.1561	34	
119	73.7414	52.3823	43.1543	38.5403	36.9332	36	
107	81.5308	59.0406	45.8149	40.708	35.8302	32	
105	88.5407	75.1824	64.2436	54.1908	46.1485	38.9753	34	
123	99.332	76.1538	65.1964	54.6515	47.2262	40.1362	34	
121	86.5425	63.3789	47.9845	39.4601	35.8992	35	
101	79.9517	59.9155	48.7358	37.671	34.0365	31	
111	94.9946	82.1773	70.761	59.6023	49.3453	41.6646	34	
118	93.3103	75.7586	58.7931	46.6552	35.6552	35	
119	88.9049	60.0805	51.1853	43.0958	36.3082	32	
116	77.4006	58.1215	46.3811	41.1905	36.8651	36	
121	92.6897	74.4576	58.241	47.9797	38.5429	33	
116	95.6919	76.0809	60.9776	47.0129	42.5981	38.2762	35	
113	87.8598	63.0882	48.4779	40.1856	37.7638	36	
111	83.2071	69.4915	59.5396	50.8543	42.8928	35.8722	32	
120	90.7147	62.6914	48.4385	40.1985	36.8951	34	
118	96.6541	76.1541	57.6561	48.9147	41.5268	36	
112	93.4508	76.8399	62.5162	50.8478	41.8155	34.547	31	
105	85.9884	68.3843	55.4588	45.6854	39.7975	35.8921	35	
123	90.5055	64.6411	54.105	45.3414	38.6455	33	
113	94.6095	77.3472	61.1191	47.3732	37.5574	35	
107	82.7897	64.9944	51.7295	39.5156	37.5947	36	
108	78.8608	63.6961	50.5592	42.8445	36.0116	32	
110	78.4428	62.2793	49.3046	42.2675	38.419	36	
104	84.9479	70.3121	59.73	52.028	44.4968	37.6696	34	
115	88.9343	65.8289	51.7613	42.5925	35.336	34	
114	96.2331	78.9157	62.0088	49.011	40.7432	36.6777	34	
123	88.8222	63.1976	52.2801	45.674	39.8329	35	
104	83.8122	63.9475	45.3011	37.221	33.1436	32	
113	91.7753	75.9827	60.3653	46.5879	38.8778	32	
103	84.9709	67.356	53.42	40.5073	37.9491	36	
121	94.4976	69.3728	54.1302	42.6908	38.0791	34.4556	32	
101	65.6889	50.3862	45.6445	41.0824	36.9155	33	
122	96.1115	76.669	59.7841	42.9514	36.1661	34.9917	34	
112	97.5615	84.1897	72.547	61.7502	52.5353	43.9642	36	
120	95.5981	73.1077	60.2967	48.5837	41.4665	36.0981	35	
111	86.3467	64.8983	49.6133	38.6425	33.7365	31	
105	86.4543	72.3675	59.8985	47.7255	36.6178	35	
106	87.2586	68.9748	59.4611	50.3477	44.304	38.6606	35	
102	86.2537	71.5211	57.181	43.8547	37.7393	34.1747	32	
109	89.7278	75.2446	63.0686	52.2692	42.0708	35.44	31	
106	85.7136	67.5135	53.3086	44.2308	36.4181	34.6424	33	
109	91.2736	80.2841	69.6522	59.1595	48.9052	39.7638	31	
105	83.7465	63.1205	45.9049	39.8208	36.083	33.4911	33	
107	79.7349	60.5558	45.2068	36.3548	34.2553	34	
110	88.8946	68.2118	54.3404	41.6374	35.348	35	
111	91.1984	75.1468	59.3532	50.4444	44.0357	37.9048	36	
119	100.041	81.8802	63.7846	51.217	40.8303	35	
104	83.1433	67.5566	52.3852	41.4298	37.4373	36	
122	86.1038	62.2967	49.3918	39.8616	34.4104	32	
116	93.249	70.8506	53.844	40.8938	33.2849	32	
121	71.6612	60.0879	53.443	47.4072	42.3127	37.6059	36	
116	96.1754	76.8825	57.9938	39.9346	35.1486	34	
112	84.6264	58.5406	43.7132	39.5557	36.8698	34.9934	34	
103	84.6383	66.4992	48.49	32.5951	31.5193	31	
123	102.101	85.844	69.9755	58.5329	48.8175	40.5054	35	
102	88.3902	76.2439	64.6829	54.0325	44.439	36.7154	36	
113	94.3948	76.5833	63.7908	53.7762	46.3761	39.1161	33	
106	76.2099	60.2726	45.5947	40.2967	35.0422	34	
121	82.8639	67.5672	55.3016	47.5475	40.2869	35	
108	86.3499	69.6134	53.276	36.9885	32.6984	32	
111	81.3085	56.0512	49.0629	42.5357	38.3853	34.8734	32	
108	90.9297	75.8345	60.8803	49.894	40.7945	35.222	33	
111	88.4457	70.2577	54.2398	42.6655	38.8677	36	
118	98.7014	79.5401	60.8888	50.3569	41.0411	33.6864	33	
114	90.3264	70.8538	59.9154	51.0114	43.2699	38.0649	35	
114	92.5791	73.114	56.7922	48.2239	40.8896	36.1863	36	
105	88.3609	73.6047	59.4396	46.4349	35.5101	31	
108	82.5624	59.1307	48.8585	39.0117	36.246	35	
101	77.4241	58.7532	49.5127	41.2848	36.6329	36	
101	79.9055	62.4611	52.0798	43.9976	36.7212	33	
103	83.9699	70.8043	59.5083	50.1212	42.5642	37.0933	33	
116	90.7152	65.9684	43.0148	35.893	33.4337	31	
121	96.1364	77.0186	59.4417	48.6553	40.4022	33.7684	31	
118	93.0178	69.1945	53.6128	41.1989	35.7647	31	
122	104.222	88.1699	72.7998	58.8343	44.9491	36.2408	36	
115	95.0064	76.7116	59.8106	46.1331	39.8606	35.4611	33	
115	91.69	72.5227	55.135	41.5107	33.9255	32	
114	95.916	78.1335	67.24	56.9925	47.7352	39.8558	34	
106	85.368	65.948	52.2215	42.6383	35.6201	35	
104	84.7961	66.056	48.6861	36.7127	33.8036	31	
108	85.0225	65.253	50.9542	37.1777	33.4227	33	
116	92.3866	68.9814	56.5204	45.1896	36.6245	36	
112	94.105	77.2465	60.9519	47.0032	38.2558	33	
104	86.5003	69.2551	54.3244	42.853	35.8073	31.4324	31	
108	86.2541	71.8895	59.0055	47.5801	39.0055	36	
106	86.7614	68.1421	51.8202	42.5105	36.4573	34	
109	90.4523	74.1245	59.1867	46.6971	37.9627	34	
105	73.886	55.8982	45.0985	37.9798	33.1877	31.2778	31	
111	90.9081	71.2728	54.4059	44.9592	37.7672	34	
115	96.7938	79.1463	62.4069	46.133	38.0776	31.9545	31	
119	87.7037	67.2831	47.1548	40.402	35.3375	33	
107	78.5536	63.3327	53.2627	46.6732	40.5477	36	
115	93.5606	72.8257	55.9493	46.9574	38.8044	34.6776	33	
111	91.5809	72.9636	56.0752	44.6241	37.8838	34	
104	80.7363	57.7156	48.1622	41.9148	36.3723	32.8475	31	
104	89.1789	74.4094	59.9498	47.7624	36.8403	34	
113	92.2504	74.2971	57.389	44.5316	39.3834	34.8101	34	
116	94.3237	74.2234	55.6992	45.6262	38.5454	34.5482	34	
105	81.7651	59.395	41.6661	34.834	31.3748	31	
118	86.1983	63.8523	44.4157	35.8895	32.8588	31	
117	93.9383	75.0018	57.2047	39.9575	35.4002	32.8465	31	
118	98.2607	78.9005	60.1801	49.7773	39.9194	33.0948	33	
117	93.0516	71.0131	49.9749	43.6999	39.4862	36	
120	89.7831	74.1308	60.1102	52.556	46.6637	40.7714	35	
113	90.2996	70.5267	56.5592	43.4351	37.605	35	
122	100.472	81.053	63.2451	48.3862	39.7884	36.363	36	
116	99.5235	83.6644	67.9464	54.857	44.1843	35.3815	33	
104	81.2043	64.0259	48.1528	36.4519	33.4451	32	
117	92.7403	68.5629	47.4043	37.662	35.8782	35	
104	78.0437	63.141	48.9404	42.6985	36.5605	35.1821	35	
110	87.1533	68.9783	53.4295	39.8563	33.3719	33	
118	90.7007	69.0888	55.1807	45.7707	39.3595	33	
115	97.5881	81.0242	66.4715	56.7698	47.9751	41.2706	35	
115	87.9014	68.6022	50.4131	42.0444	34.6435	31	
123	92.8601	66.1504	43.4106	38.0917	33.3511	31	
121	100.832	86.8215	73.4974	61.1422	50.1599	40.6513	33	
115	95.5441	79.1654	64.0276	49.3116	35.0671	34	
120	97.3204	76.1675	55.2368	37.1653	35.0555	35	
107	86.8827	72.8696	60.0732	48.1488	39.672	35.8594	33	
114	83.7	66.6429	53.7857	42.7714	35.3571	33	
110	94.434	81.1776	68.3604	56.1288	45.9304	36.4314	35	
107	88.5215	71.1367	58.4684	47.6456	38.4177	35	
120	101.186	82.9246	64.7967	52.7687	41.77	31	
109	89.285	76.2639	64.412	53.8897	44.2615	35	
114	94.7927	75.999	60.1411	48.4182	43.4148	38.7422	35	
106	87.8836	70.1143	55.1208	41.8622	38.4472	36	
121	97.0721	73.3204	52.3363	41.9701	33.1387	31	
121	89.5842	65.5582	46.7444	40.5327	34.7136	33	
121	86.4821	66.6018	50.8318	41.311	37.1169	33.6777	32	
112	92.8515	75.6154	60.7032	51.0442	43.2008	36.4226	31	
109	89.4655	71.6278	55.2386	45.0989	37.5251	33.5727	32	
102	82.151	65.4034	50.9598	41.722	34.2122	31	
122	86.7597	66.1391	51.157	36.1748	34.4833	34	
119	99.1421	84.5606	70.1543	56.2515	44.2536	33	
102	81.5127	64.8913	49.7377	37.9953	32.7029	32.124	32	
106	89.3309	72.7799	58.7091	45.2793	40.1504	37.9234	36	
114	84.9368	56.9869	35.3946	32.6993	31.7324	31	
111	93.3218	80.4598	68.5233	56.9645	48.0499	41.2506	36	
111	87.815	65.3335	48.1572	39.6863	36.8139	34	
110	90.6397	75.2517	60.0242	46.3215	33.9429	33	
109	94.6911	80.5648	66.6213	52.9517	43.0572	34.1522	34	
107	92.6404	78.7761	67.1399	58.5021	50.6897	43.2073	36	
114	91.1477	77.4831	64.0521	51.5553	43.2631	36.7228	31	
114	83.9514	64.3636	52.1125	44.6355	37.1935	36	
102	79.7371	64.0428	52.2518	43.3413	38.0111	34	
111	94.5959	78.7299	63.0202	49.463	36.5827	32.1736	32	
106	87.3046	68.9236	57.2705	46.8119	40.0422	34.1318	33	
118	92.9899	69.5265	51.3588	42.7599	37.4905	35	
105	69.6729	56.7932	45.9988	39.9065	36.9217	35	
105	76.6247	61.7571	51.5259	42.5311	36.8128	34	
110	93.5438	77.6933	62.3308	46.9851	32.2788	31.5048	31	
105	85.4661	67.4364	54.0042	46.0593	39.661	35	
113	98.6791	84.5079	71.7006	59.1095	46.8178	37.5367	31	
118	90.5726	69.4659	57.1349	47.3152	37.5802	36	
119	88.5951	60.3142	46.3901	39.5067	34.826	34.236	34	
105	85.3881	68.7156	54.9577	45.374	36.8525	35.741	35	
103	82.7966	67.8959	53.393	47.4009	41.5679	37.3787	36	
115	96.9469	78.9381	64.4469	51.6814	39.1593	35	
122	100.08	81.0587	62.0378	48.41	41.857	36	
110	89.1378	72.4947	58.6714	45.1873	34.311	32.4876	32	
108	90.3807	74.6863	63.4336	55.6287	48.6063	41.7321	36	
108	90.3822	72.7906	57.0052	44.623	37.712	33	
107	79.0483	56.8634	47.3992	39.4614	36.0692	34.6445	34	
103	86.0836	70.9153	56.48	42.5146	34.8834	34.4135	34	
120	96.2365	73.2206	60.8315	48.7095	39.9784	37.9224	36	
106	86.0141	71.0742	57.5194	46.2898	37.3852	36	
117	101.45	87.1269	72.8626	58.9297	48.2704	38.4491	35	
102	84.4893	70.653	57.8309	50.3482	43.8415	38.904	35	
119	99.0275	79.8626	63.5239	52.6495	42.4748	33	
120	102.505	85.1576	72.632	61.1041	52.0702	43.0363	35	
112	89.9623	70.9674	54.1204	43.3141	34.6556	33	
112	81.2284	63.0185	44.8704	39.8704	34.9012	32	
117	91.5767	68.4724	46.3988	36.407	34.4029	33	
112	88.7874	69.4564	53.3129	44.0844	39.0717	34.3161	31	
121	101.376	82.5132	66.08	51.1235	43.0498	37.4531	35	
123	93.9922	74.1843	58.3381	44.3907	35.911	31	
102	82.7517	68.0046	56.0676	45.6476	36.7695	31	
117	93.8378	74.6204	59.1079	47.4069	38.3979	34	
110	92.9821	76.8468	60.8649	47.8953	41.2953	37.7843	36	
103	88.6869	75.0179	62.3309	50.5778	39.4687	34.9123	31	
123	99.5899	81.749	68.1514	56.3137	45.344	36.5441	33	
115	95.8377	78.9737	67.7587	58.5929	49.5933	42.1443	35	
109	85.7446	68.0619	51.1294	40.3859	33.1788	32	
101	89.3543	77.7441	66.4173	56.0591	45.7244	35.4134	35	
111	89.6883	69.273	55.7151	43.2328	37.7873	34	
114	90.7278	70.8892	57.4189	48.6442	41.19	36.4065	34	
120	99.9565	85.587	71.3913	59.3696	48.8043	39.9565	34	
112	92.0362	74.0982	59.8594	47.4407	37.3414	31	
119	97.5564	77.3462	57.9799	47.0742	37.3369	35.4328	35	
115	93.3333	73.5556	59.2778	47.1667	40.3333	35.2778	31	
106	83.7841	65.3944	49.6113	37.9414	35.837	35	
121	91.9067	67.6032	55.5401	47.912	40.3725	34.341	31	
104	84.7566	68.499	55.6769	45.8405	38.2945	34	
112	88.146	70.6239	57.0044	45.0177	34.8628	31.6372	31	
112	90.2099	73.8616	60.7331	47.65	37.5145	34	
121	100.62	82.9254	65.8872	53.5033	42.1034	33.5741	33	
111	87.1524	67.498	53.4261	43.0844	37.5792	33	
110	88.0665	69.4469	51.3327	39.6779	35.2968	31.5898	31	
110	93.648	77.8599	64.0051	50.2845	44.1357	39.5443	36	
110	90.377	71.1518	51.9476	38.3979	35.3822	34	
106	88.5338	73.4055	61.7935	51.167	41.3519	36	
112	95.2858	79.5486	66.1667	53.7968	44.3754	36.3149	33	
109	94.6487	80.815	68.1174	55.5923	45.5838	37.7754	35	
111	90.783	70.8924	54.6395	43.5865	37.1274	33	
116	92.9582	73.1316	55.9173	39.6407	36.0906	32.909	31	
117	95.1213	73.8954	61.0653	49.9684	40.7173	35	
114	92.3318	70.9245	54.6462	47.083	39.8023	35.3035	32	
108	89.8508	73.5668	59.857	47.6767	41.1855	36	
122	88.0485	57.1699	45.3241	37.8399	32.7347	31	
113	90.7475	68.8171	54.0894	46.4495	41.1337	36.2322	34	
115	93.6443	74.1205	55.4403	42.545	36.6155	33.4821	33	
109	95.6766	83.3656	72.6879	62.3207	52.3585	42.7608	34	
105	81.8545	63.4713	47.0529	36.8622	34.1314	32	
115	93.6985	76.8744	62.2889	49.6935	38.9296	34	
117	92.4469	72.9497	57.2514	44.486	36.6369	32	
118	96.3275	75.0977	57.4321	43.4855	37.0878	31.7969	31	
120	92.9875	73.165	58.0461	48.7731	39.7354	31.3696	31	
120	98.9651	77.9764	58.3283	43.9044	35.7909	33.2945	32	
123	102.233	85.2594	68.895	54.6903	47.0757	40.4857	36	
104	76.9456	61.9705	52.0975	42.8036	36.1572	31	
103	85.8618	71.5292	57.3592	48.0277	40.5666	34	
121	85.6198	62.6531	48.2005	40.0441	36.0732	35	
103	88.4632	74.596	62.559	50.7004	41.3713	36	
101	87.4422	74.2721	62.5638	50.93	41.3098	36	
115	88.1096	64.6903	49.1361	41.5347	35.1636	33.1424	32	
103	85.5064	69.0318	54.192	43.0037	35.7006	35.276	35	
101	83.1489	67.9754	55.8804	46.8091	39.104	32	
122	102.059	83.5373	65.8672	48.5755	38.0491	31	
120	88.3652	70.8901	55.1702	40.1135	33.0922	32	
101	82.2802	68.5	56.7049	45.9947	39.5778	36	
123	100.933	83.5009	66.228	49.1138	34.8573	34	
110	86.0544	66.5602	47.4498	38.547	35.3491	32.9955	31	
123	97.0243	73.1791	52.7754	37.8346	35.0212	33	
116	97.9903	81.4935	66.6552	56.1228	45.9688	40.2953	35	
118	99.839	81.7995	64.7318	50.9744	42.2887	35	
117	93.6905	74.5035	57.8057	46.501	38.8003	37.3483	36	
116	93.6414	76.2514	60.4375	44.8639	37.3843	31	
110	89.0121	70.3563	54.0324	44.2429	37.1984	32	
111	93.4878	78.6497	64.0931	54.181	45.636	37.1111	35	
111	82.8741	69.246	56.6812	46.146	40.669	36.8029	34	
106	78.6307	59.3497	47.5033	39.3333	31.817	31	
108	82.2533	58.6149	38.1915	34.5285	33.0264	33	
101	83.2145	66.955	54.8194	43.9919	37.2701	34	
112	85.746	60.7873	44.4073	39.4847	35.3105	32	
106	86.0621	67.118	55.5652	44.9441	37.7391	36	
117	95.136	74.1947	54.7378	39.7339	37.0059	35.682	35	
102	86.15	72.225	61.775	52.425	44.825	38.5	33	
115	98.2909	84.1734	70.2775	57.166	45.8959	34.6428	32	
110	88.1678	69.3279	50.5987	43.3952	39.5386	35.7706	33	
120	100.09	83.951	68.76	54.6895	40.6836	34.7581	32	
107	79.6884	58.7304	45.2471	36.0761	33.8625	33	
109	85.6328	64.6499	44.6711	37.2166	33.4267	33	
122	100.452	79.1742	59.1654	46.8522	38.6435	33	
117	96.1787	75.3799	57.4529	41.8145	35.7117	31	
109	94.5609	80.6612	67.1621	53.6784	42.1364	34	
105	85.4206	66.9658	48.5512	38.3297	34.6548	31	
107	85.2469	65.7768	51.0298	37.3063	34.7872	34	
114	84.7268	69.4861	56.3828	46.9349	39.5933	36	
107	85.0865	69.1973	53.8079	42.9695	35.5774	31	
113	93.3366	74.8686	64.6085	56.779	49.089	42.1162	36	
116	99.6789	83.561	68.8049	55.3699	43.2154	34.252	31	
114	98.8406	83.9815	69.8394	56.1977	45.491	35.1013	33	
103	73.6252	55.7063	47.1604	38.7063	36.3477	35	
120	92.6278	71.7848	56.7175	41.6861	36.5919	32	
119	97.0018	76.4667	61	46.6306	38.1135	34.5081	32	
123	102.866	85.8847	71.3539	57.3344	44.295	36.9231	31	
123	96.2602	72.2404	51.0555	41.9379	38.6816	36	
106	85.3019	65.0245	48.9752	40.0983	35.8923	32.5274	31	
123	92.2699	68.9467	53.3391	41.0824	33.4549	32.1764	32	
122	99.6767	77.454	61.6165	45.8796	38.0865	36	
121	96.527	72.877	51.6689	44.947	38.8013	35.9754	34	
123	101.262	82.4148	64.1601	49.9072	39.2359	36	
117	96.4018	76.4896	59.0716	46.9954	41.612	36.9769	36	
114	92.5738	76.3793	63.4665	51.1482	41.2079	36	
110	89.0407	75.4119	63.721	52.62	43.0356	36	
105	90.0929	76.2265	63.8753	53.223	43.091	35.1171	31	
122	90.802	74.03	57.4077	44.579	34.7454	32	
114	94.5049	75.3515	56.7005	47.7368	39.9387	35.1554	32	
114	96	79.2318	63.2384	53.543	45.596	39	36	
106	88.4898	71.1263	59.6077	48.6027	38.0379	33	
103	84.7173	66.8081	51.9754	43.3175	36.2417	36	
114	89.7122	65.8259	52.5278	45.5777	39.2047	33.7349	31	
115	101.024	87.2236	73.5392	61.6454	51.2656	42.298	34	
117	101.009	86.3592	72.1747	58.6698	46.4171	36.6507	32	
105	83.4491	67.0582	50.8842	40.1954	35.5557	32	
104	89.3798	76.6533	65.2233	54.288	44.1545	36	
109	87.948	71.693	56.1837	40.7737	34.7092	32	
107	85.5391	72.1261	58.9943	47.723	39.2425	33.2283	31	
113	87.3332	66.0114	48.9194	40.805	35.5105	32	
106	90.7932	77.0478	63.9416	50.8964	38.6579	34.7002	34	
106	79.7836	63.6632	53.3472	45.1494	38.8773	32.9353	32	
108	89.997	73.3817	57.5165	45.0269	38.9696	34.2813	34	
102	83.7773	66.8104	54.0616	42.4265	37	32.4265	32	
117	96.7963	76.9143	57.4258	41.1913	33.7534	31.1073	31	
118	93.2215	72.8086	54.1118	36.1376	34.7527	34.3312	34	
118	96.7206	77	60.977	49.3042	37.9576	36.435	36	
116	87.7087	66.4743	53.7336	45.5273	38.3427	34	
106	50.4988	45.5496	42.1029	38.9213	35.7397	33	
107	88.0264	69.6249	57.8021	46.9329	37.6209	36	
102	84.0565	67.6357	54.4868	43.6631	37.1195	35	
118	96.2585	78.1287	65.3926	53.512	43.461	38.4949	36	
118	92.0084	71.4923	53.9566	46.1937	39.2973	35	
102	78.2555	61.5005	51.147	42.8511	37.658	34	
123	97.3632	78.7322	61.2561	49.6695	38.6603	31	
104	80.5833	67.4444	54.3889	43.4722	36.3611	31	
103	79.4966	57.6719	36.6517	34.7631	33.0842	32	
107	90.7524	74.5238	60.7305	47.1845	39.3081	35.9977	34	
115	91.7807	75.2909	63.2159	51.7375	40.4261	31	
110	87.1851	65.7726	51.7762	39.7216	37.5641	36	
107	61.5942	47.6154	41.3803	37.961	36.8548	36	
102	86.5505	71.1201	58.7111	50.4638	42.6345	34.8053	33	
116	101.339	88.9762	76.8726	64.8908	53.046	42.7846	34	
123	105.298	88.8385	72.7156	58.9872	47.7774	37.0465	36	
106	85.8504	66.2301	55.2555	49.327	43.8926	39.3052	35	
119	98.988	81.0198	63.3662	48.4751	39.8279	34.1455	33	
120	94.8366	77.4665	60.3159	44.4001	35.7288	34.247	34	
105	83.8905	68.4964	55.8613	47.6496	40.292	34.292	33	
115	98.8207	83.2654	67.895	55.5987	43.3949	35.3283	32	
109	94.8368	81.6868	69.0123	57.7024	47.6538	38.6597	35	
107	89.6272	72.6107	56.3905	48.469	43.3138	39.6254	36	
116	98.3265	82.2763	67.7186	53.5274	44.3896	38.6817	33	
101	78.9092	65.645	55.5816	46.755	39.7228	34	
104	80.0512	62.7479	49.9584	40.73	35.6895	31	
103	57.3336	47.0656	42.9397	39.0013	35.86	33	
109	93.454	79.5455	66.2485	53.4842	42.4166	32.0395	32	
103	84.1327	68.1728	52.9651	44.5684	38.7537	33.427	33	
122	97.5541	81.2656	68.9115	56.5574	45.4885	37.9082	34	
116	82.7533	62.6958	44.1973	37.9188	34.5478	34	
103	85.9514	68.9681	54.7065	40.5538	35.2629	34	
104	78.785	59.7122	50.6312	42.5789	35.5552	31	
118	94.8316	76.5097	60.177	51.1841	43.3399	36	
114	87.7319	61.5478	50.0223	40.0074	35.028	35	
107	89.0668	73.1367	58.1033	44.8251	35.5533	35	
116	95.0592	77.1191	61.705	46.7225	40.6778	35	
111	85.4486	70.6447	57.6765	47.1954	39.0533	31	
106	90.601	76.9476	63.3358	50.68	40.2893	33.3483	31	
115	94.0013	78.7319	67.6675	57.523	47.3784	39.0473	35	
106	88.332	72.1437	57.8265	44.7279	36.786	34.8277	33	
102	78.2019	61.5578	48.4761	41.1176	37.0588	33	
116	99.0941	82.5788	66.3611	51.3894	39.1889	36.083	34	
113	89.6844	66.7867	45.6996	40.1841	36.2563	34.3064	34	
122	106.903	92.5037	78.565	65.3931	52.4767	41.6904	33	
105	85.8247	70.4226	60.9607	51.5376	43.4882	38.0123	36	
111	80.0172	56.3698	44.5126	40.3257	37.2107	35	
110	94.169	80.1123	66.7447	54.2383	43.558	37.1843	31	
104	82.6578	61.8823	42.4288	37.4553	35.4092	35.1889	35	
113	93.685	75.4141	58.4192	46.2193	37.5382	34.4834	34	
102	86.7282	71.5027	57.909	46.5167	38.7577	33.8159	33	
110	87.0824	69.0549	54.2259	41.6701	33.5551	33	
118	90.8312	69.2375	51.014	38.5738	33.2482	32	
121	93.2271	74.1567	55.5262	41.1057	36.0475	33	
107	87.3238	68.3198	53.9508	40.7639	35.7116	33	
122	102.114	84.3577	71.8714	60.6222	49.8542	41.0107	34	
116	96.9825	78.1412	64.2051	50.3948	41.7917	34.245	31	
103	82.5586	64.8729	53.8091	44.7606	37.1722	36	
108	91.7083	76.17	63.5887	52.0621	45.1122	39.1983	34	
108	88.5576	69.7835	55.5055	44.1236	38.3922	34.2809	31	
117	93.5403	75.0476	58.7201	50.7474	43.5643	37.4255	32	
111	93.0708	76.6755	63.5274	53.1484	42.9885	35.1195	35	
110	84.8134	73.1444	61.6487	52.3482	43.5964	38.975	36	
108	80.7675	58.8741	46.9006	40.7717	36.7911	33	
101	81.0075	64.1605	51.747	44.1891	37.8979	35.1111	33	
113	92.3577	76.1333	64.976	53.8436	44.8578	36.1466	34	
107	87.2746	68.6841	53.1353	39.7428	35.2938	34	
111	92.4232	74.2979	57.5269	48.3852	41.275	35	
107	85.7617	73.5374	62.6713	52.1757	44.52	38.3461	36	
114	99.5914	85.3695	72.4883	60.6593	49.6619	39.6319	36	
105	84.4343	66.026	50.4552	38.6364	34.603	33.1491	32	
109	81.2519	58.9624	46.2669	37.9549	32.8684	32	
106	88.4739	71.4178	58.2193	46.1175	35.4648	31	
109	86.0418	68.8774	54.3445	44.6156	37.7354	31	
108	84.5506	62.24	41.8447	35.6071	32.5271	31	
118	102.845	87.8725	74.2279	62.4259	52.9976	44.1668	36	
116	95.5305	79.729	65.3763	53.3038	43.1898	36	
103	88.3034	73.9688	61.7111	52.2701	43.7889	36.6137	36	
122	104.243	88.5838	73.5506	60.0509	49.8	41.8496	34	
105	83.37	65.7984	48.3383	42.2283	36.4752	34	
114	93.1068	74.2399	56.5778	45.1317	35.5203	35	
118	87.7852	68.3726	55.483	42.9066	33.3568	32	
115	95.6463	78.4809	63.1165	52.2656	43.3524	35.8981	32	
113	90.7179	74.2305	61.6293	50.5227	42.5665	35.599	31	
111	85.4483	69.3448	54.8276	47.8276	42.3793	37.7931	35	
112	90.0876	72.4584	55.326	46.7599	38.7853	31	
101	84.2886	67.818	51.7809	39.2835	33.721	31	
116	87.6444	64.1114	44.7295	39.0523	37.0072	36	
119	87.6726	65.1745	50.9516	40.7185	33.921	32	
102	83.8773	69.4868	56.6189	46.3135	36.5837	33	
114	91.7087	69.7628	53.3667	41.369	36.7173	34	
123	100.032	80.1251	65.689	51.4154	43.913	38.8752	34	
119	100.057	82.7301	65.5847	50.6809	39.0487	35.5348	34	
110	89.3403	71.8905	57.823	47.0946	41.3426	36.8402	36	
104	81.1079	58.6299	47.3795	40.9605	36.336	33	
116	94.8426	75.631	58.2309	42.7543	38.7509	36	
120	87.5699	69.7611	52.5066	44.4683	38.3704	33	
111	92.9504	74.9431	58.9178	45.1908	35.8076	31	
123	97.8574	74.5316	51.8545	38.7804	34.0439	32.3893	32	
119	97.4854	77.4921	59.8893	47.1399	35.5254	32.821	32	
104	83.5859	63.274	51.1415	39.3838	33.7605	31	
108	84.3211	64.9734	49.8144	39.5564	35.9946	34	
32.48	23.52	22.4	23.52	24.64	26.88	23.52	24.64	20.16	28	14.56	26.88	33.6	32.48	31.36	26.88	13.44	11.2	24.64	28	11.2	11.2	11.2	22.4	23.52	12.32	19.04	33.6	22.4	22.4	20.16	32.48	22.4	11.2	11.2	26.88	17.92	22.4	19.04	31.36	11.2	14.56	31.36	31.36	30.24	19.04	14.56	32.48	15.68	19.04	31.36	32.48	15.68	14.56	15.68	24.64	11.2	19.04	15.68	13.44	25.76	12.32	28	26.88	25.76	32.48	30.24	17.92	12.32	28	15.68	32.48	15.68	17.92	16.8	33.6	12.32	19.04	22.4	30.24	14.56	32.48	30.24	30.24	22.4	30.24	12.32	33.6	16.8	29.12	12.32	13.44	33.6	22.4	24.64	13.44	24.64	33.6	17.92	17.92	11.2	31.36	17.92	19.04	28	25.76	20.16	31.36	14.56	32.48	16.8	19.04	20.16	16.8	26.88	12.32	15.68	32.48	26.88	15.68	13.44	17.92	17.92	31.36	20.16	22.4	21.28	11.2	16.8	20.16	20.16	26.88	23.52	23.52	19.04	20.16	28	30.24	11.2	25.76	30.24	11.2	17.92	33.6	14.56	24.64	17.92	14.56	22.4	24.64	14.56	11.2	20.16	21.28	25.76	31.36	11.2	33.6	26.88	23.52	22.4	23.52	22.4	13.44	17.92	26.88	19.04	14.56	21.28	15.68	30.24	15.68	32.48	11.2	24.64	28	17.92	31.36	31.36	33.6	19.04	14.56	26.88	32.48	31.36	12.32	31.36	32.48	22.4	12.32	29.12	14.56	13.44	15.68	22.4	23.52	31.36	15.68	24.64	28	15.68	14.56	29.12	33.6	14.56	29.12	30.24	14.56	15.68	12.32	22.4	12.32	29.12	29.12	14.56	12.32	19.04	12.32	17.92	24.64	20.16	13.44	31.36	16.8	24.64	15.68	19.04	25.76	26.88	24.64	31.36	30.24	11.2	17.92	33.6	23.52	25.76	14.56	15.68	29.12	32.48	19.04	29.12	23.52	22.4	20.16	12.32	14.56	12.32	25.76	28	30.24	28	16.8	22.4	31.36	25.76	23.52	23.52	16.8	31.36	22.4	15.68	26.88	15.68	13.44	24.64	16.8	19.04	16.8	21.28	21.28	33.6	32.48	31.36	26.88	24.64	32.48	28	12.32	12.32	31.36	15.68	30.24	33.6	28	16.8	13.44	20.16	17.92	32.48	26.88	19.04	30.24	25.76	29.12	19.04	16.8	24.64	29.12	22.4	33.6	26.88	29.12	32.48	33.6	15.68	13.44	11.2	33.6	24.64	28	32.48	30.24	20.16	19.04	32.48	32.48	32.48	31.36	19.04	25.76	20.16	17.92	30.24	12.32	14.56	25.76	24.64	14.56	15.68	30.24	21.28	19.04	17.92	30.24	28	14.56	30.24	22.4	14.56	13.44	19.04	11.2	25.76	25.76	25.76	32.48	33.6	16.8	25.76	31.36	28	17.92	30.24	19.04	31.36	24.64	22.4	13.44	14.56	17.92	22.4	20.16	23.52	17.92	16.8	23.52	21.28	26.88	20.16	13.44	26.88	30.24	25.76	23.52	26.88	31.36	13.44	20.16	32.48	20.16	30.24	32.48	17.92	21.28	25.76	32.48	21.28	15.68	31.36	16.8	33.6	11.2	20.16	23.52	15.68	14.56	12.32	16.8	15.68	29.12	16.8	11.2	23.52	14.56	16.8	11.2	31.36	20.16	16.8	16.8	11.2	12.32	23.52	19.04	11.2	30.24	32.48	13.44	22.4	11.2	12.32	23.52	31.36	31.36	22.4	13.44	24.64	19.04	17.92	16.8	16.8	30.24	28	26.88	17.92	33.6	14.56	14.56	30.24	11.2	30.24	20.16	13.44	32.48	29.12	30.24	22.4	19.04	33.6	17.92	12.32	20.16	21.28	24.64	23.52	13.44	16.8	28	15.68	13.44	12.32	20.16	12.32	25.76	12.32	20.16	23.52	15.68	20.16	21.28	24.64	15.68	12.32	14.56	11.2	21.28	32.48	28	19.04	26.88	21.28	23.52	31.36	20.16	22.4	26.88	19.04	33.6	30.24	19.04	19.04	11.2	30.24	22.4	16.8	33.6	32.48	21.28	32.48	13.44	16.8	26.88	12.32	21.28	17.92	23.52	12.32	12.32	20.16	24.64	26.88	12.32	24.64	13.44	32.48	30.24	25.76	12.32	26.88	30.24	15.68	23.52	28	29.12	16.8	29.12	22.4	20.16	31.36	13.44	12.32	16.8	13.44	21.28	23.52	16.8	33.6	24.64	28	33.6	24.64	12.32	32.48	28	30.24	22.4	22.4	20.16	26.88	14.56	29.12	17.92	33.6	14.56	19.04	13.44	21.28	14.56	30.24	25.76	21.28	23.52	15.68	32.48	16.8	20.16	15.68	15.68	24.64	32.48	30.24	16.8	23.52	11.2	24.64	20.16	30.24	11.2	24.64	19.04	20.16	31.36	15.68	22.4	19.04	25.76	22.4	31.36	30.24	23.52	19.04	24.64	28	15.68	23.52	26.88	11.2	19.04	16.8	19.04	31.36	15.68	28	22.4	28	15.68	30.24	32.48	30.24	25.76	22.4	33.6	21.28	30.24	17.92	23.52	21.28	13.44	15.68	22.4	15.68	19.04	24.64	23.52	11.2	24.64	28	33.6	22.4	22.4	22.4	32.48	21.28	17.92	16.8	31.36	32.48	31.36	14.56	23.52	11.2	16.8	13.44	23.52	19.04	14.56	17.92	29.12	19.04	25.76	21.28	12.32	26.88	21.28	25.76	33.6	20.16	12.32	28	11.2	14.56	28	15.68	30.24	13.44	22.4	23.52	25.76	24.64	11.2	32.48	31.36	21.28	21.28	29.12	31.36	30.24	17.92	25.76	21.28	33.6	30.24	12.32	30.24	32.48	17.92	19.04	16.8	22.4	33.6	31.36	33.6	25.76	29.12	12.32	24.64	17.92	24.64	26.88	15.68	33.6	16.8	24.64	25.76	31.36	33.6	31.36	23.52	29.12	14.56	29.12	20.16	17.92	31.36	17.92	24.64	29.12	28	30.24	16.8	30.24	21.28	20.16	29.12	16.8	26.88	24.64	12.32	28	19.04	21.28	14.56	17.92	21.28	12.32	14.56	14.56	31.36	12.32	13.44	20.16	23.52	20.16	28	11.2	25.76	15.68	24.64	33.6	25.76	22.4	21.28	31.36	26.88	23.52	24.64	22.4	25.76	16.8	28	15.68	32.48	29.12	11.2	15.68	13.44	32.48	30.24	31.36	25.76	16.8	33.6	33.6	13.44	24.64	28	28	32.48	17.92	16.8	19.04	11.2	16.8	12.32	20.16	20.16	15.68	12.32	23.52	25.76	14.56	22.4	33.6	26.88	11.2	32.48	17.92	28	28	25.76	16.8	31.36	31.36	31.36	15.68	16.8	20.16	16.8	30.24	28	21.28	33.6	30.24	32.48	24.64	26.88	13.44	25.76	22.4	31.36	14.56	21.28	14.56	13.44	12.32	29.12	31.36	21.28	19.04	11.2	28	24.64	20.16	11.2	17.92	29.12	11.2	30.24	17.92	13.44	21.28	22.4	13.44	15.68	32.48	25.76	24.64	23.52	22.4	22.4	28	14.56	12.32	15.68	14.56	26.88	12.32	11.2	32.48	17.92	33.6	17.92	11.2	15.68	14.56	31.36	12.32	16.8	31.36	33.6	25.76	33.6	19.04	22.4	21.28	20.16	11.2	29.12	32.48	31.36	23.52	22.4	14.56	32.48	23.52	20.16	22.4	25.76	22.4	15.68	33.6	32.48	20.16	12.32	17.92	26.88	11.2	21.28	31.36	15.68	31.36	11.2	29.12	14.56	32.48	28	20.16	28	16.8	17.92	29.12	23.52	23.52	29.12	23.52	13.44	11.2	29.12	32.48	25.76	21.28	17.92	21.28	31.36	11.2	13.44	19.04	28	17.92	32.48	29.12	15.68	24.64	26.88	21.28	12.32	14.56	25.76	20.16	12.32	30.24	14.56	26.88	11.2	21.28	15.68	29.12	25.76	25.76	25.76	17.92	17.92	23.52	11.2	31.36	20.16	19.04	17.92	11.2	19.04	16.8	21.28	15.68	31.36	16.8	29.12	28	11.2	32.48	17.92	26.88	21.28	12.32	33.6	13.44	11.2	32.48	33.6	33.6	25.76	24.64	30.24	13.44	25.76	25.76	23.52	23.52	32.48	22.4	30.24	31.36	31.36	25.76	29.12	21.28	20.16	15.68	17.92	
17.92	29.12	29.12	17.92	26.88	12.32	33.6	25.76	14.56	22.4	25.76	22.4	26.88	15.68	31.36	24.64	17.92	12.32	21.28	21.28	15.68	13.44	33.6	20.16	23.52	32.48	26.88	26.88	28	13.44	20.16	32.48	32.48	26.88	14.56	33.6	33.6	30.24	15.68	20.16	32.48	31.36	30.24	30.24	22.4	29.12	31.36	16.8	30.24	15.68	14.56	13.44	31.36	29.12	24.64	25.76	22.4	28	11.2	25.76	12.32	20.16	12.32	25.76	17.92	33.6	19.04	14.56	19.04	29.12	28	16.8	32.48	28	11.2	14.56	22.4	20.16	23.52	29.12	30.24	16.8	24.64	33.6	11.2	32.48	29.12	20.16	31.36	26.88	21.28	16.8	33.6	31.36	19.04	17.92	15.68	32.48	15.68	30.24	23.52	26.88	23.52	28	12.32	17.92	29.12	26.88	19.04	33.6	33.6	33.6	24.64	13.44	12.32	16.8	26.88	20.16	16.8	19.04	20.16	19.04	14.56	14.56	19.04	26.88	14.56	13.44	20.16	15.68	20.16	22.4	28	14.56	28	24.64	22.4	11.2	30.24	25.76	28	33.6	31.36	17.92	23.52	21.28	26.88	33.6	19.04	22.4	13.44	32.48	29.12	24.64	31.36	15.68	12.32	22.4	31.36	14.56	12.32	24.64	29.12	20.16	19.04	28	20.16	21.28	26.88	22.4	26.88	28	26.88	17.92	23.52	19.04	31.36	22.4	20.16	21.28	20.16	14.56	17.92	16.8	24.64	25.76	30.24	31.36	16.8	19.04	29.12	14.56	14.56	31.36	23.52	28	17.92	25.76	12.32	25.76	23.52	20.16	17.92	31.36	17.92	19.04	13.44	31.36	16.8	20.16	11.2	11.2	16.8	29.12	33.6	33.6	23.52	31.36	23.52	29.12	31.36	21.28	22.4	31.36	30.24	16.8	22.4	16.8	24.64	31.36	33.6	15.68	20.16	20.16	14.56	25.76	22.4	32.48	16.8	14.56	31.36	29.12	26.88	13.44	26.88	30.24	19.04	21.28	17.92	31.36	33.6	19.04	26.88	16.8	15.68	13.44	21.28	29.12	23.52	30.24	13.44	22.4	19.04	21.28	11.2	32.48	21.28	20.16	19.04	31.36	24.64	14.56	24.64	14.56	31.36	24.64	21.28	31.36	24.64	15.68	11.2	31.36	21.28	16.8	17.92	24.64	12.32	19.04	33.6	22.4	11.2	19.04	20.16	12.32	14.56	14.56	21.28	20.16	17.92	32.48	11.2	13.44	16.8	26.88	16.8	23.52	13.44	32.48	28	11.2	15.68	19.04	23.52	22.4	26.88	12.32	19.04	24.64	12.32	21.28	19.04	24.64	14.56	30.24	24.64	21.28	14.56	31.36	12.32	13.44	15.68	26.88	30.24	26.88	22.4	22.4	25.76	16.8	30.24	22.4	21.28	32.48	17.92	32.48	16.8	20.16	21.28	22.4	29.12	32.48	16.8	12.32	11.2	14.56	33.6	19.04	21.28	11.2	16.8	28	19.04	13.44	23.52	15.68	31.36	28	28	20.16	26.88	30.24	19.04	13.44	30.24	30.24	25.76	28	20.16	31.36	33.6	19.04	32.48	12.32	33.6	14.56	14.56	17.92	30.24	15.68	32.48	28	25.76	22.4	12.32	16.8	15.68	11.2	13.44	15.68	29.12	26.88	15.68	16.8	29.12	17.92	20.16	32.48	12.32	14.56	17.92	11.2	29.12	22.4	14.56	31.36	16.8	14.56	15.68	11.2	16.8	19.04	25.76	23.52	20.16	33.6	17.92	24.64	28	29.12	11.2	30.24	11.2	12.32	19.04	15.68	28	20.16	17.92	24.64	19.04	28	24.64	24.64	24.64	32.48	11.2	16.8	25.76	22.4	15.68	17.92	25.76	19.04	21.28	14.56	12.32	14.56	11.2	30.24	15.68	22.4	21.28	33.6	11.2	25.76	12.32	26.88	17.92	11.2	13.44	28	17.92	31.36	12.32	21.28	23.52	24.64	28	24.64	29.12	15.68	32.48	12.32	11.2	24.64	29.12	22.4	12.32	21.28	13.44	16.8	22.4	30.24	23.52	23.52	22.4	29.12	24.64	28	20.16	31.36	33.6	15.68	12.32	11.2	28	25.76	23.52	33.6	20.16	26.88	16.8	11.2	13.44	16.8	23.52	20.16	33.6	13.44	12.32	32.48	21.28	12.32	24.64	11.2	24.64	19.04	16.8	26.88	25.76	12.32	15.68	28	15.68	28	13.44	20.16	21.28	23.52	19.04	33.6	33.6	28	16.8	11.2	25.76	33.6	12.32	21.28	25.76	17.92	20.16	25.76	21.28	31.36	32.48	32.48	19.04	26.88	13.44	30.24	16.8	31.36	21.28	19.04	12.32	21.28	12.32	23.52	24.64	16.8	12.32	22.4	33.6	31.36	12.32	26.88	29.12	26.88	24.64	16.8	14.56	14.56	30.24	23.52	29.12	26.88	33.6	26.88	20.16	23.52	11.2	26.88	16.8	16.8	31.36	21.28	20.16	11.2	14.56	15.68	21.28	33.6	13.44	31.36	28	28	26.88	21.28	20.16	20.16	16.8	12.32	29.12	16.8	17.92	31.36	29.12	24.64	22.4	11.2	24.64	31.36	22.4	28	22.4	20.16	29.12	31.36	22.4	16.8	22.4	32.48	17.92	32.48	28	17.92	25.76	11.2	15.68	15.68	16.8	26.88	20.16	19.04	17.92	13.44	13.44	14.56	14.56	31.36	32.48	23.52	16.8	20.16	21.28	32.48	29.12	30.24	21.28	22.4	22.4	26.88	13.44	12.32	24.64	26.88	31.36	28	24.64	25.76	20.16	22.4	29.12	12.32	31.36	22.4	23.52	22.4	12.32	28	22.4	26.88	30.24	29.12	20.16	12.32	20.16	19.04	15.68	23.52	28	25.76	32.48	22.4	22.4	29.12	13.44	29.12	13.44	30.24	17.92	30.24	32.48	33.6	11.2	13.44	31.36	17.92	29.12	13.44	28	12.32	19.04	26.88	31.36	24.64	17.92	25.76	28	32.48	22.4	13.44	12.32	23.52	14.56	16.8	23.52	29.12	31.36	14.56	21.28	33.6	25.76	23.52	25.76	28	15.68	32.48	11.2	20.16	19.04	21.28	23.52	23.52	11.2	31.36	13.44	31.36	32.48	31.36	24.64	13.44	28	31.36	28	30.24	31.36	19.04	11.2	29.12	32.48	16.8	19.04	15.68	21.28	14.56	24.64	11.2	14.56	12.32	24.64	28	14.56	22.4	12.32	28	13.44	13.44	14.56	30.24	13.44	31.36	15.68	21.28	13.44	11.2	17.92	19.04	14.56	12.32	14.56	26.88	33.6	15.68	32.48	33.6	13.44	12.32	13.44	17.92	15.68	30.24	28	21.28	12.32	17.92	25.76	30.24	15.68	19.04	17.92	30.24	19.04	12.32	29.12	12.32	14.56	26.88	14.56	14.56	29.12	30.24	21.28	30.24	24.64	12.32	28	14.56	19.04	16.8	31.36	19.04	31.36	31.36	17.92	28	21.28	20.16	24.64	19.04	11.2	17.92	13.44	26.88	12.32	31.36	29.12	25.76	31.36	15.68	30.24	13.44	14.56	25.76	15.68	33.6	15.68	28	17.92	33.6	16.8	26.88	17.92	14.56	31.36	12.32	19.04	30.24	16.8	15.68	33.6	28	30.24	21.28	19.04	20.16	29.12	24.64	26.88	30.24	29.12	21.28	24.64	23.52	31.36	13.44	31.36	21.28	11.2	21.28	12.32	13.44	30.24	15.68	13.44	22.4	11.2	19.04	24.64	13.44	19.04	28	13.44	22.4	26.88	19.04	17.92	23.52	25.76	13.44	17.92	22.4	32.48	22.4	15.68	17.92	13.44	29.12	11.2	33.6	22.4	16.8	11.2	17.92	21.28	32.48	15.68	25.76	14.56	33.6	15.68	12.32	31.36	20.16	21.28	11.2	23.52	17.92	12.32	26.88	17.92	32.48	24.64	20.16	24.64	31.36	15.68	21.28	15.68	28	15.68	12.32	16.8	11.2	33.6	16.8	19.04	22.4	22.4	13.44	11.2	13.44	33.6	14.56	24.64	28	11.2	26.88	29.12	29.12	30.24	24.64	14.56	13.44	24.64	29.12	20.16	14.56	33.6	31.36	23.52	13.44	24.64	26.88	29.12	25.76	22.4	17.92	14.56	24.64	21.28	29.12	21.28	24.64	32.48	32.48	28	16.8	12.32	16.8	
28	32.48	11.2	21.28	33.6	32.48	24.64	17.92	12.32	24.64	16.8	24.64	11.2	16.8	16.8	
10	19	20	16	18	17	17	10	10	19	17	12	13	10	20	16	17	11	14	18	20	10	10	10	20	20	19	18	16	20	20	19	17	17	13	20	14	12	13	12	12	11	13	16	20	11	18	17	13	13	16	18	10	14	20	18	12	19	13	15	11	16	20	15	11	14	14	17	17	11	13	11	15	15	20	11	20	14	18	15	11	19	17	16	16	16	19	11	16	16	19	16	19	20	11	19	15	12	15	20	20	18	13	10	10	16	19	16	16	11	19	18	12	10	15	11	20	10	19	16	19	14	18	11	14	17	11	15	19	11	14	19	13	15	20	12	11	10	12	12	15	18	18	13	14	12	13	18	20	15	16	17	16	15	15	19	15	19	11	12	20	18	11	16	16	18	10	10	10	13	14	18	20	13	14	15	16	19	13	15	20	19	16	12	10	19	12	15	18	19	16	17	19	11	15	20	14	20	13	12	16	11	10	18	17	17	14	11	11	13	19	20	13	15	15	17	19	11	10	14	18	20	19	10	10	15	18	15	10	19	17	19	11	18	14	10	16	13	13	15	14	11	20	15	18	15	16	14	18	11	17	19	13	11	15	14	16	14	15	20	18	10	18	14	19	16	19	11	14	10	17	11	19	18	17	14	14	20	10	12	10	11	13	18	15	18	17	14	13	19	19	20	12	17	11	15	15	18	10	16	18	16	17	15	20	16	16	10	19	14	17	14	15	17	15	13	12	18	11	11	20	10	18	20	12	14	20	11	18	11	11	14	13	17	20	16	19	12	15	18	16	17	15	17	12	12	13	13	10	12	11	16	12	14	19	14	16	16	17	17	15	14	16	13	17	19	11	14	10	17	11	20	10	14	19	14	16	18	11	12	12	13	15	14	19	19	14	13	10	19	15	12	20	19	18	15	15	12	20	20	15	15	10	10	10	17	14	15	10	12	14	18	11	19	18	11	14	13	13	16	18	10	17	17	17	12	13	16	13	14	16	16	11	13	17	12	12	20	16	20	13	18	19	19	10	17	11	15	15	16	12	14	16	11	10	13	15	18	15	13	16	20	14	10	14	14	20	20	17	18	15	12	11	14	12	13	19	13	17	17	19	18	14	14	18	11	17	12	14	19	18	12	18	18	20	14	16	17	16	14	19	16	20	12	12	19	12	10	12	20	13	17	14	20	16	16	17	13	20	12	16	18	15	18	14	18	20	17	13	11	17	20	11	17	17	12	19	16	16	13	15	19	11	20	20	20	12	13	11	14	17	18	19	19	18	20	17	11	18	19	17	10	16	16	15	19	18	19	12	17	19	10	13	17	17	12	18	16	14	14	10	15	11	20	12	11	13	17	11	15	15	12	14	16	16	13	20	16	13	17	19	15	16	13	10	20	12	19	13	18	16	14	18	15	10	19	10	12	20	13	17	19	17	20	19	13	20	18	17	12	13	18	15	15	15	20	11	19	16	13	13	10	20	15	14	18	20	12	19	16	18	15	16	17	17	15	18	20	16	16	15	19	13	13	18	13	15	20	20	13	12	13	17	10	20	19	11	17	11	13	16	11	12	18	10	14	20	12	20	11	10	16	15	11	20	18	16	17	10	14	12	12	19	10	13	10	19	12	18	15	19	15	19	16	17	10	15	14	17	12	14	10	11	11	20	14	15	12	11	18	13	20	20	10	20	13	16	14	16	15	19	11	13	17	10	20	17	11	20	11	11	17	11	17	14	20	14	15	19	10	12	11	14	12	10	19	14	13	11	17	11	16	11	10	12	19	19	14	11	12	14	18	20	13	15	12	10	18	15	19	12	15	20	15	15	18	14	13	12	17	14	18	19	18	17	14	12	17	16	10	18	18	12	11	20	14	10	20	15	13	12	12	16	20	11	15	16	15	18	18	16	11	20	15	20	20	12	17	17	13	11	15	12	15	13	11	16	19	12	11	19	16	14	12	20	13	15	19	13	17	13	15	14	18	15	13	12	13	10	19	20	12	17	11	11	17	17	18	13	16	18	18	10	16	17	10	10	18	16	13	19	10	19	15	11	13	20	14	20	16	17	17	20	14	11	11	14	13	13	15	20	15	14	12	19	17	17	13	11	10	17	11	15	11	15	20	15	12	10	14	17	12	19	18	10	14	15	16	18	18	13	10	14	19	14	10	12	10	10	16	11	13	16	12	18	14	17	12	12	20	12	11	14	20	19	17	13	19	18	11	13	20	10	17	13	14	14	15	16	17	18	18	14	20	13	10	15	16	10	19	11	19	14	18	10	18	17	15	15	15	
1	1	1	1	1	1	1	1	1	1	1	1	1	1	1	1	1	1	1	1	1	1	1	1	1	1	1	1	1	1	1	1	1	1	1	1	1	1	1	1	1	1	1	1	1	1	1	1	1	1	1	1	1	1	1	1	1	1	2	2	2	2	2	2	2	2	2	2	2	2	2	2	2	2	2	2	2	2	2	2	2	2	2	2	2	2	2	2	2	2	2	2	2	2	2	2	2	2	2	2	2	2	2	2	2	2	2	2	2	2	2	2	2	2	2	2	3	3	3	3	3	3	3	3	3	3	3	3	3	3	3	3	3	3	3	3	3	3	3	3	3	3	3	3	3	3	3	3	3	3	3	3	3	3	3	3	3	3	3	3	3	3	3	3	3	3	3	3	3	3	3	3	3	3	3	3	3	3	3	3	3	3	4	4	4	4	4	4	4	4	4	4	4	4	4	4	4	4	4	4	4	4	4	4	4	4	4	4	4	4	4	4	4	4	4	4	4	4	4	4	4	4	4	4	4	4	4	4	4	4	4	4	4	4	4	4	4	4	4	4	4	5	5	5	5	5	5	5	5	5	5	5	5	5	5	5	5	5	5	5	5	5	5	5	5	5	5	5	5	5	5	5	5	5	5	5	5	5	5	5	5	5	5	5	5	5	5	5	5	5	5	5	5	5	5	5	5	5	5	5	5	5	5	5	5	5	5	5	5	5	5	5	5	5	5	5	5	5	5	5	5	5	5	6	6	6	6	6	6	6	6	6	6	6	6	6	6	6	6	6	6	6	6	6	6	6	6	6	6	6	6	6	6	6	6	6	6	6	6	6	6	6	6	6	6	6	6	6	6	6	6	6	6	6	6	6	6	6	6	6	6	6	6	6	6	6	6	6	6	6	6	6	6	6	6	6	6	6	6	6	6	7	7	7	7	7	7	7	7	7	7	7	7	7	7	7	7	7	7	7	7	7	7	7	7	7	7	7	7	7	7	7	7	7	7	7	7	7	7	7	7	7	7	7	7	7	7	7	7	7	7	7	7	7	7	8	8	8	8	8	8	8	8	8	8	8	8	8	8	8	8	8	8	8	8	8	8	8	8	8	8	8	8	8	8	8	8	8	8	8	8	8	8	8	8	8	8	8	8	8	8	8	8	8	8	8	8	8	8	8	8	8	8	8	8	9	9	9	9	9	9	9	9	9	9	9	9	9	9	9	9	9	9	9	9	9	9	9	9	9	9	9	9	9	9	9	9	9	9	9	9	9	9	9	9	9	9	9	9	9	9	9	9	9	9	9	9	9	9	9	9	9	9	9	9	9	9	9	9	9	9	9	9	10	10	10	10	10	10	10	10	10	10	10	10	10	10	10	10	10	10	10	10	10	10	10	10	10	10	10	10	10	10	10	10	10	10	10	10	10	10	10	10	10	10	10	10	10	10	10	10	10	10	10	10	10	10	10	10	10	10	10	10	10	10	10	10	10	10	10	10	10	10	10	10	10	10	10	10	10	10	10	10	10	10	10	10	10	11	11	11	11	11	11	11	11	11	11	11	11	11	11	11	11	11	11	11	11	11	11	11	11	11	11	11	11	11	11	11	11	11	11	11	11	11	11	11	11	11	11	11	11	11	11	11	11	11	11	11	11	11	11	11	11	11	11	11	11	11	11	11	11	11	11	11	11	11	11	11	11	12	12	12	12	12	12	12	12	12	12	12	12	12	12	12	12	12	12	12	12	12	12	12	12	12	12	12	12	12	12	12	12	12	12	12	12	12	12	12	12	12	12	12	12	12	12	12	12	12	12	12	12	12	12	12	12	12	12	12	12	12	12	12	13	13	13	13	13	13	13	13	13	13	13	13	13	13	13	13	13	13	13	13	13	13	13	13	13	13	13	13	13	13	13	13	13	13	13	13	13	13	13	13	13	13	13	13	13	13	13	13	13	13	13	13	13	13	13	13	13	13	13	13	13	13	14	14	14	14	14	14	14	14	14	14	14	14	14	14	14	14	14	14	14	14	14	14	14	14	14	14	14	14	14	14	14	14	14	14	14	14	14	14	14	14	14	14	14	14	14	14	14	14	14	14	14	14	14	14	14	14	14	14	14	14	14	14	14	15	15	15	15	15	15	15	15	15	15	15	15	15	15	15	15	15	15	15	15	15	15	15	15	15	15	15	15	15	15	15	15	15	15	15	15	15	15	15	15	15	15	15	15	15	15	15	15	15	15	15	15	15	15	15	15	15	15	15	15	15	15	15	15	15	15	15	15	15	15	15	15	
