1000
15	4
1071	20.16
8	7	8	7	7	7	8	8	8	8	8	7	8	7	8	7	7	7	8	8	8	8	7	8	7	8	7	8	7	7	7	7	7	7	8	8	7	8	8	7	8	8	8	8	7	8	8	8	7	7	7	7	7	7	8	7	8	7	8	8	7	7	7	7	7	7	7	8	7	7	8	8	7	8	7	8	7	7	8	8	8	8	7	7	8	7	7	8	7	8	7	8	7	8	8	7	7	8	8	8	7	8	8	7	8	8	7	7	7	7	8	8	8	7	7	8	8	7	8	7	7	7	8	7	7	8	8	7	8	8	8	7	8	8	8	7	8	7	7	7	8	7	7	7	8	7	8	8	8	8	7	7	8	7	7	8	7	8	7	7	8	8	7	8	7	7	8	8	7	8	7	7	8	7	7	8	7	7	8	8	8	8	7	8	7	7	8	7	7	8	7	8	8	8	7	7	8	8	8	8	7	8	8	8	7	7	7	7	7	8	7	7	8	7	8	7	7	7	8	8	8	8	7	7	7	7	8	8	7	8	8	7	7	8	8	8	8	7	8	7	7	7	8	7	8	7	8	7	8	7	7	7	7	8	8	7	7	7	8	8	8	7	7	7	8	8	7	7	7	7	8	7	7	8	7	8	7	7	7	8	7	8	8	7	8	8	7	8	7	7	7	7	8	8	7	8	8	8	8	7	7	8	8	7	8	8	7	7	8	7	8	7	7	7	7	8	7	8	7	8	7	8	7	8	7	8	7	8	8	7	8	7	8	7	7	8	8	7	7	7	7	7	8	8	7	8	7	8	7	8	7	7	8	7	8	8	7	7	8	7	7	8	7	8	7	7	7	8	8	8	7	7	8	7	7	8	7	7	8	7	8	7	8	8	8	7	8	7	8	8	8	7	8	7	7	8	7	8	7	8	8	7	7	7	7	8	7	7	8	8	8	7	8	7	7	7	7	8	7	7	8	7	8	7	7	7	8	7	7	7	7	7	8	7	8	8	7	8	8	8	8	7	7	7	8	7	8	7	8	7	8	7	8	8	8	8	8	7	7	7	8	7	7	7	8	7	7	7	8	7	8	7	7	8	7	7	7	8	7	7	8	8	7	8	7	7	7	7	7	7	7	8	7	8	7	7	8	7	8	8	8	7	7	7	8	8	7	7	7	8	7	7	8	7	8	7	7	7	8	7	7	7	8	7	8	7	7	7	8	7	7	8	7	8	8	8	7	8	7	7	7	8	8	7	8	8	8	8	7	7	7	8	8	7	7	8	8	8	7	8	7	8	7	7	7	7	7	7	8	8	8	7	7	7	8	8	7	8	8	8	8	7	7	7	8	8	8	7	8	8	7	8	7	7	8	8	7	8	7	7	8	7	8	8	7	8	7	7	8	7	7	7	8	8	7	8	7	7	8	8	7	8	8	7	7	7	7	8	8	7	7	8	8	8	8	8	8	7	7	7	8	8	8	7	8	7	8	8	7	7	7	7	7	8	8	7	8	7	8	8	7	7	8	7	7	7	8	7	8	7	7	7	7	8	7	8	8	7	8	7	8	8	7	7	8	7	7	8	8	7	7	8	8	7	7	7	7	7	7	7	7	8	7	7	7	7	8	7	8	8	8	8	7	8	8	7	7	7	7	8	8	8	8	8	8	7	8	8	7	7	7	7	7	7	8	8	8	8	8	8	8	8	8	8	7	7	7	8	7	7	7	8	8	8	7	7	8	7	7	8	7	8	8	7	7	8	8	8	8	8	8	7	7	8	7	8	7	8	7	8	8	8	8	8	8	7	8	7	8	8	7	8	7	7	7	8	8	8	7	8	8	7	8	8	7	7	8	8	8	7	8	7	8	7	7	8	8	8	7	7	8	7	8	7	8	8	7	8	8	8	7	7	8	7	8	8	8	8	8	7	8	7	7	8	7	8	7	8	7	8	8	8	8	7	8	8	7	7	7	7	8	7	8	8	7	8	8	8	8	8	7	8	8	8	7	7	7	7	8	8	7	8	7	8	8	7	8	7	7	7	7	8	7	7	8	8	8	8	8	8	7	8	7	7	8	7	8	7	7	7	7	7	7	7	8	7	8	7	7	7	8	7	8	7	7	7	8	8	7	8	8	8	8	8	7	8	7	7	8	8	8	7	8	8	8	8	8	7	7	8	8	8	7	8	8	7	7	7	8	8	7	7	7	7	7	8	7	7	8	7	7	7	8	7	8	8	8	8	7	8	7	8	8	7	8	7	8	8	8	7	7	8	7	8	7	8	7	8	7	7	
2	3	4	5	10	12	13	14	
3	4	7	8	9	11	12	
1	2	4	5	7	8	12	13	
1	2	6	8	9	10	13	
0	2	5	6	7	9	12	
0	1	2	3	4	5	11	
0	4	7	8	9	10	11	13	
1	4	5	6	8	10	11	14	
0	2	4	7	8	9	11	12	
3	4	5	7	9	11	13	14	
2	4	5	6	10	12	13	14	
1	2	5	8	10	12	13	
0	1	2	4	8	10	12	13	
2	3	5	7	10	12	13	
1	2	5	6	7	12	13	14	
0	2	3	6	10	13	14	
0	2	4	7	8	10	12	
1	2	3	7	12	13	14	
0	1	2	5	7	11	12	13	
2	5	6	7	8	9	12	13	
1	2	3	5	6	8	9	12	
0	2	3	4	6	7	9	14	
0	3	6	7	10	12	14	
0	1	3	4	6	9	10	13	
1	7	8	9	10	11	14	
2	4	5	9	10	11	12	14	
0	1	5	8	11	13	14	
0	3	5	8	11	12	13	14	
1	2	4	5	10	11	13	
0	1	3	4	8	9	11	
2	3	4	5	7	10	14	
0	1	3	5	6	10	13	
0	3	5	8	11	12	13	
1	2	4	5	7	8	14	
0	1	2	3	8	11	12	13	
0	2	5	6	10	11	13	14	
2	5	7	11	12	13	14	
0	2	4	5	10	11	12	14	
0	2	3	7	9	10	11	14	
7	8	9	10	12	13	14	
0	5	6	7	9	10	11	13	
1	2	3	5	6	7	8	9	
2	4	5	8	9	10	12	13	
0	2	3	4	7	9	11	14	
1	2	6	7	8	9	12	
1	3	4	6	7	8	12	14	
1	2	3	4	6	10	11	13	
0	4	5	7	9	10	11	12	
4	6	8	9	10	11	12	
0	1	2	3	4	7	11	
2	3	7	8	9	10	12	
3	5	8	9	10	11	12	
0	1	2	3	6	9	12	
6	7	8	9	11	13	14	
0	1	2	4	9	10	11	14	
3	4	5	6	10	13	14	
0	2	3	4	5	7	12	14	
1	2	5	9	10	11	13	
0	1	3	5	6	8	9	14	
0	2	3	4	8	10	13	14	
0	2	3	5	8	11	13	
0	5	6	8	9	10	11	
1	2	3	4	9	12	13	
4	5	7	9	10	11	13	
2	5	7	8	9	10	11	
4	5	6	7	8	10	12	
6	7	8	9	12	13	14	
0	3	4	6	9	10	11	12	
0	2	6	7	11	13	14	
3	4	8	9	11	12	13	
0	2	4	5	6	7	8	10	
1	2	4	5	9	10	12	13	
0	1	2	5	9	10	11	
2	4	5	7	8	11	12	14	
2	3	4	11	12	13	14	
2	6	7	9	11	12	13	14	
3	6	8	10	11	12	13	
0	2	5	7	9	10	12	
2	4	5	6	7	10	12	13	
1	3	4	8	9	12	13	14	
0	1	4	8	9	10	11	13	
0	2	5	6	8	10	11	12	
2	3	4	6	10	12	14	
0	1	6	7	8	10	11	
0	3	4	5	7	8	12	14	
0	1	3	4	8	12	13	
2	4	5	6	8	10	11	
0	4	5	6	8	9	11	13	
1	3	5	8	9	11	14	
0	1	3	4	6	9	11	13	
2	3	4	8	10	11	14	
0	1	3	5	6	7	8	14	
1	5	7	8	11	12	14	
3	5	6	7	9	10	13	14	
3	5	7	8	10	11	12	13	
0	1	3	5	9	10	14	
1	2	4	5	6	10	13	
2	3	6	8	10	11	12	14	
1	3	4	6	7	10	12	14	
0	3	4	5	6	9	11	14	
3	4	6	8	9	12	13	
2	3	4	5	6	10	12	14	
3	5	6	7	9	10	11	12	
1	2	3	4	7	9	10	
2	4	5	7	9	12	13	14	
0	4	5	7	8	9	11	13	
0	3	4	6	7	11	13	
3	5	6	7	9	10	11	
1	2	3	6	7	8	12	
0	4	7	10	12	13	14	
0	1	2	5	7	11	12	14	
0	2	4	5	8	9	12	13	
3	4	6	7	8	10	12	14	
2	3	4	5	6	12	14	
0	1	3	7	9	10	11	
2	5	6	10	11	12	13	14	
0	2	3	5	9	10	13	14	
1	4	5	10	11	12	13	
1	2	3	4	5	7	10	12	
0	2	3	4	5	6	9	
0	1	4	8	9	10	11	
0	3	5	6	9	12	13	
0	1	2	5	6	7	8	9	
0	1	3	4	7	13	14	
5	6	7	8	11	12	14	
1	4	5	6	8	9	11	12	
0	2	5	6	7	10	12	14	
1	2	3	5	7	8	14	
1	2	3	4	5	6	10	13	
0	3	6	7	8	10	11	12	
2	5	6	7	8	9	10	13	
1	2	4	6	7	9	12	
0	1	4	5	7	8	12	13	
0	1	3	4	5	9	10	12	
5	6	8	9	10	12	13	14	
0	2	3	4	5	11	13	
0	1	3	4	6	11	13	14	
1	5	6	7	10	11	13	
4	5	6	7	10	13	14	
3	6	8	9	10	11	14	
0	1	2	5	7	11	12	13	
0	5	7	9	10	11	12	
0	2	5	6	8	11	12	
1	2	3	5	7	11	13	
1	2	4	5	6	8	11	13	
0	3	7	8	9	10	11	
1	2	5	6	8	10	11	13	
0	1	3	7	11	12	13	14	
0	3	4	6	8	11	13	14	
1	2	5	7	8	9	11	14	
0	2	4	5	7	8	10	
1	4	8	9	10	12	13	
0	1	2	3	4	5	11	14	
3	4	5	7	9	13	14	
0	2	3	10	11	13	14	
0	1	2	3	6	7	11	14	
1	3	5	6	8	11	12	
0	1	2	4	5	7	12	13	
0	5	6	7	10	11	13	
0	3	7	9	11	13	14	
0	2	4	7	8	9	12	13	
0	1	2	4	5	9	10	13	
0	3	7	10	12	13	14	
0	5	6	7	9	10	13	14	
0	3	8	9	10	11	12	
3	4	5	6	7	8	11	
1	2	3	4	6	10	13	14	
0	2	4	5	7	8	9	11	
2	3	4	10	11	13	14	
3	4	5	9	10	11	12	14	
0	3	7	10	12	13	14	
3	4	6	8	9	11	12	
0	1	2	5	9	10	11	12	
1	3	6	8	10	13	14	
0	3	7	8	10	13	14	
0	2	3	5	8	11	13	14	
0	4	6	8	9	11	14	
1	2	5	9	12	13	14	
0	1	4	9	10	11	12	13	
0	2	3	9	11	12	13	14	
1	3	4	6	10	11	12	13	
0	2	3	4	5	10	11	14	
2	4	7	8	9	12	13	
0	4	6	8	10	11	13	14	
3	4	6	8	9	12	13	
1	2	5	7	9	11	12	
0	1	4	7	9	10	12	14	
2	4	5	8	12	13	14	
0	2	5	7	10	12	13	
1	2	4	5	6	9	12	14	
5	6	7	9	10	11	12	
1	3	4	7	8	9	11	14	
0	1	2	3	4	5	7	12	
0	1	3	4	6	7	8	10	
0	3	5	6	8	10	14	
0	6	7	8	11	12	13	
0	1	5	6	8	9	12	14	
4	6	7	8	9	11	13	14	
0	1	4	5	10	11	13	14	
1	2	3	4	5	8	9	13	
0	2	4	8	11	12	14	
0	1	2	3	9	11	12	14	
0	2	8	9	11	12	13	14	
3	5	6	7	8	10	13	14	
0	1	2	9	11	12	14	
1	4	6	8	9	10	13	
0	1	4	5	8	12	13	
2	5	6	8	11	12	14	
0	2	4	6	9	12	13	
1	2	3	6	7	9	10	14	
0	4	5	7	8	10	11	
0	1	6	8	9	10	12	
1	5	6	7	8	12	13	14	
0	2	4	11	12	13	14	
2	6	7	9	10	11	12	13	
2	4	5	7	9	12	14	
0	1	2	3	4	5	9	
0	1	5	8	9	13	14	
0	1	3	4	5	10	11	12	
0	2	6	7	8	10	11	14	
0	1	2	3	4	5	11	14	
1	2	3	4	5	6	9	14	
0	3	5	7	11	13	14	
1	2	9	10	12	13	14	
1	2	3	4	6	11	14	
0	1	2	6	7	11	14	
0	1	2	3	5	8	11	14	
2	3	5	6	9	11	12	13	
0	3	4	6	8	11	13	
1	2	3	5	7	9	10	13	
1	2	5	8	9	10	11	14	
0	3	4	5	9	11	12	
0	2	4	5	7	9	12	
0	3	9	10	11	12	13	14	
1	2	3	4	6	9	11	13	
0	3	4	9	10	11	13	14	
0	1	2	4	5	6	9	11	
0	4	5	7	9	12	13	
4	5	6	7	8	9	12	14	
0	1	3	7	9	10	13	
0	1	2	3	6	7	12	
0	1	3	5	6	11	14	
1	2	3	4	8	9	13	14	
0	2	3	5	10	12	14	
4	6	9	10	11	12	13	14	
0	1	2	3	5	7	12	
0	4	5	6	7	8	9	11	
0	2	4	6	8	9	11	
1	2	5	7	8	12	13	14	
0	1	5	7	11	12	14	
2	3	7	9	11	13	14	
2	4	5	6	7	11	12	
1	7	8	9	10	12	13	
1	2	3	7	10	11	13	14	
0	2	4	6	7	8	10	11	
1	2	3	7	10	12	14	
0	1	4	5	6	7	10	
2	4	7	8	10	12	14	
0	3	4	7	8	9	13	14	
1	2	3	4	7	8	13	14	
2	4	5	7	10	11	12	13	
1	2	3	5	10	12	14	
1	4	6	9	10	13	14	
0	2	3	4	6	9	12	
1	2	5	7	8	10	12	13	
0	1	2	8	9	11	12	14	
0	6	7	10	11	12	13	
1	4	8	10	12	13	14	
1	3	5	7	8	12	14	
0	5	6	7	8	11	12	
0	1	4	6	8	10	11	14	
2	3	6	8	9	10	12	
0	1	9	10	12	13	14	
0	3	4	5	7	8	10	13	
1	5	6	8	11	12	13	
0	4	6	7	8	9	10	12	
0	2	6	7	10	12	13	
2	3	8	9	11	12	13	
1	3	5	6	7	10	12	
0	1	4	5	7	9	10	13	
3	4	6	7	8	10	11	
2	4	5	6	7	8	12	13	
1	3	4	6	7	8	10	13	
1	2	3	6	9	12	13	
2	4	7	8	9	10	13	14	
1	3	6	7	9	10	11	12	
0	2	7	9	10	11	13	
0	1	5	6	7	8	9	12	
0	2	5	9	10	11	13	
3	4	6	7	8	10	14	
1	2	4	9	10	11	13	
0	1	2	4	5	12	13	
0	3	6	7	9	10	11	12	
2	3	5	7	9	10	13	14	
2	4	9	10	11	12	13	
0	1	2	6	10	11	12	14	
1	2	4	5	8	10	11	13	
0	1	3	4	6	8	12	14	
1	4	7	8	9	12	13	14	
0	1	3	4	5	8	12	
0	2	3	5	9	10	13	
0	1	3	6	8	9	11	13	
0	3	5	7	8	9	10	13	
0	1	4	5	7	12	13	
3	5	6	7	11	12	13	14	
0	1	3	5	8	10	13	14	
0	1	3	4	5	7	11	
0	4	7	8	10	12	14	
0	1	3	5	6	10	11	14	
2	6	7	8	10	13	14	
0	1	3	6	7	8	9	12	
1	3	5	8	12	13	14	
1	4	5	7	11	13	14	
0	1	2	6	7	10	11	
1	2	4	6	7	9	11	
0	4	5	6	7	11	12	14	
3	4	5	10	11	13	14	
0	1	2	3	4	5	6	14	
0	5	7	9	10	11	13	
0	1	3	4	5	6	9	13	
4	7	10	11	12	13	14	
1	2	3	7	10	11	12	13	
0	1	8	9	10	11	14	
3	6	7	8	9	11	12	14	
3	6	7	10	12	13	14	
2	3	5	6	9	11	12	13	
0	3	8	10	11	13	14	
1	3	5	6	8	9	12	13	
0	2	4	7	9	11	13	14	
1	4	5	6	8	11	12	
1	3	4	7	8	11	12	14	
1	2	3	8	9	10	14	
2	3	5	6	9	11	12	14	
3	5	8	9	11	13	14	
1	3	4	7	8	10	14	
2	3	4	5	8	10	11	12	
0	1	4	5	6	10	11	14	
1	3	4	5	7	8	12	
0	1	2	4	6	7	9	
0	1	2	3	4	6	9	
5	6	7	8	9	11	14	
4	5	8	9	12	13	14	
0	1	4	5	6	7	8	14	
4	5	6	7	8	11	13	14	
1	2	3	5	11	13	14	
1	2	3	7	8	10	12	13	
2	4	5	7	9	13	14	
1	2	5	6	8	9	10	13	
1	2	3	5	7	11	13	
0	3	4	5	8	10	11	14	
0	1	2	3	4	9	11	
1	3	6	8	11	13	14	
3	4	6	7	10	11	13	14	
0	4	5	7	8	10	13	
3	4	5	6	7	9	12	13	
1	2	5	6	8	12	13	14	
0	1	2	3	4	8	10	
0	1	6	7	8	9	14	
1	2	3	4	8	11	12	14	
3	6	7	8	9	10	11	
2	3	4	6	7	12	13	
2	3	6	7	9	12	13	14	
2	5	6	8	9	11	13	
0	1	3	4	9	10	12	14	
0	2	3	4	7	10	11	
0	4	5	10	11	12	14	
0	3	5	6	7	8	14	
0	1	3	5	6	9	11	13	
0	1	2	3	8	10	12	14	
0	1	3	5	6	10	12	14	
0	3	4	5	6	8	14	
0	1	3	4	5	12	14	
0	2	3	4	6	8	9	13	
1	2	4	5	9	11	12	
2	4	5	8	9	10	12	
0	1	4	5	6	9	10	14	
3	6	7	9	10	11	14	
0	3	4	7	8	12	13	
2	3	5	7	9	10	11	13	
3	5	6	7	12	13	14	
0	2	3	6	7	8	10	14	
0	1	2	5	6	11	14	
0	6	7	8	9	10	11	13	
0	3	4	7	8	9	13	14	
0	1	5	7	8	11	13	14	
3	4	6	10	11	12	14	
0	2	3	4	6	7	12	13	
1	2	3	6	7	10	12	
3	4	5	6	9	11	13	14	
0	3	6	8	10	11	12	14	
0	4	6	8	10	12	13	14	
0	1	3	7	10	11	13	
1	4	5	6	9	10	12	13	
0	1	2	3	8	11	12	
5	6	7	8	9	11	14	
0	1	2	5	6	7	8	9	
1	2	4	7	9	10	11	
3	7	8	10	11	12	13	14	
0	3	4	5	6	7	10	
0	3	7	8	10	11	12	14	
1	3	5	6	7	10	11	13	
3	4	7	9	10	11	14	
3	5	6	7	8	10	11	
0	2	4	7	8	13	14	
2	3	5	7	9	10	11	
1	2	3	4	6	7	8	14	
0	5	6	8	9	11	12	
2	3	7	9	11	12	14	
0	3	6	8	11	12	13	14	
1	3	4	5	8	10	11	14	
1	3	4	5	8	10	12	13	
1	3	6	7	8	9	13	
0	6	7	8	10	11	13	14	
0	2	4	7	8	9	13	
0	4	5	8	10	11	13	
0	1	2	3	4	8	14	
1	2	4	5	6	9	10	
2	3	6	7	8	10	11	14	
0	1	5	6	8	12	13	
0	3	5	6	8	9	14	
1	2	3	4	5	6	8	9	
0	1	4	8	9	11	14	
0	2	6	7	8	11	12	14	
1	5	6	8	9	11	14	
0	5	6	8	11	12	14	
0	1	2	5	6	7	10	
0	3	6	7	10	11	12	14	
1	6	7	8	9	11	13	
1	2	3	4	5	6	9	
1	2	3	4	5	10	13	
0	2	3	4	5	12	14	
2	4	5	8	10	12	14	
1	4	6	8	9	11	12	14	
2	3	4	8	9	11	12	
0	3	5	6	7	9	12	14	
0	4	5	6	8	9	10	13	
2	3	5	6	9	10	11	
5	6	7	10	11	12	13	14	
0	1	2	3	5	8	10	12	
0	1	2	3	4	6	12	13	
1	4	5	6	7	9	12	14	
0	4	6	7	8	9	12	
0	1	3	5	12	13	14	
3	4	9	10	11	13	14	
0	1	3	4	6	7	11	12	
2	3	4	7	11	12	13	
1	2	3	4	5	8	9	12	
0	2	4	5	7	10	12	
1	3	4	5	6	7	11	14	
0	2	5	6	8	12	13	
0	1	2	4	5	10	11	13	
1	2	3	4	5	10	13	
1	3	4	6	9	10	12	14	
0	5	7	8	10	12	13	14	
2	3	4	6	7	9	11	14	
0	2	5	7	8	11	12	13	
0	1	2	3	4	7	9	12	
4	5	9	11	12	13	14	
0	3	6	7	10	11	14	
0	2	4	5	7	9	10	
0	1	2	5	6	8	10	13	
2	5	7	8	11	12	13	
1	2	4	6	8	10	13	
0	2	3	4	5	6	8	
0	2	3	4	7	8	11	12	
1	2	3	4	5	7	9	
5	6	7	9	10	13	14	
0	1	3	7	8	13	14	
1	2	4	6	8	9	10	11	
3	5	9	10	11	12	13	
0	4	9	10	11	12	13	14	
0	1	4	5	6	10	12	
0	3	5	6	7	12	14	
0	1	5	6	7	8	11	13	
0	1	3	7	8	11	13	
0	2	3	5	10	13	14	
0	2	4	5	9	11	14	
2	3	4	5	10	11	13	14	
1	2	8	10	11	12	14	
2	4	7	9	10	13	14	
1	3	4	8	9	11	13	14	
1	3	4	5	8	10	11	14	
0	3	4	7	9	13	14	
2	3	4	6	10	12	13	14	
0	1	4	5	6	13	14	
0	2	3	4	10	11	13	
0	2	4	6	8	11	13	
0	1	2	3	8	9	13	
0	1	2	3	6	9	12	
0	2	4	5	6	11	12	
1	3	5	8	9	12	13	
1	2	5	8	9	12	13	14	
1	2	3	10	12	13	14	
3	5	6	7	9	11	13	14	
1	3	6	7	11	12	14	
0	3	6	9	10	11	13	
0	4	5	9	11	12	13	14	
0	1	3	4	8	11	14	
0	1	4	5	7	8	9	13	
0	1	2	3	6	8	9	12	
0	1	2	3	4	9	11	12	
1	4	5	6	8	11	14	
1	2	4	7	10	12	14	
1	2	5	6	11	13	14	
0	3	4	5	6	10	11	12	
0	3	5	6	7	8	9	13	
0	1	2	6	10	12	14	
0	3	4	8	9	10	11	
0	1	2	3	5	6	12	
0	1	4	5	6	9	13	14	
2	6	7	8	11	12	14	
0	3	7	8	9	11	13	
0	1	2	4	8	10	12	13	
1	2	3	7	11	13	14	
1	3	4	6	8	9	10	11	
0	3	4	5	9	10	14	
3	7	8	9	10	11	12	
1	3	7	8	10	12	13	
0	2	3	4	5	8	9	13	
1	5	8	9	10	11	14	
0	4	5	6	8	11	14	
0	1	2	3	4	12	14	
0	1	3	4	6	9	11	13	
0	5	8	9	10	11	13	
0	2	6	8	9	10	12	13	
1	3	5	7	8	9	12	
0	3	5	6	7	11	14	
3	5	6	7	9	13	14	
0	4	6	7	8	10	11	14	
1	5	6	7	9	13	14	
0	1	3	5	6	8	12	
0	1	2	6	7	11	12	14	
1	5	6	7	10	12	13	
0	3	5	8	9	12	13	14	
1	3	5	6	7	9	11	14	
0	1	2	4	5	9	11	14	
0	1	3	6	9	11	14	
0	2	3	4	5	9	11	13	
0	1	5	7	10	12	14	
2	3	4	5	11	12	13	
1	4	5	7	10	11	14	
0	1	3	4	6	7	9	14	
0	5	6	7	9	12	13	14	
0	3	6	9	10	12	14	
1	3	6	7	10	11	13	14	
0	3	4	8	9	11	13	14	
1	5	7	8	9	11	12	14	
2	3	5	6	7	10	11	12	
0	2	4	5	7	12	14	
0	4	6	9	12	13	14	
0	3	6	8	10	13	14	
0	2	3	7	8	9	10	13	
0	1	2	3	4	6	8	11	
1	2	5	6	8	9	10	
0	1	5	6	8	9	12	
0	1	3	6	9	11	12	13	
1	2	3	5	6	7	9	14	
0	1	4	6	7	8	9	14	
1	2	4	7	8	11	13	
1	3	4	5	6	10	11	12	
2	4	5	9	11	13	14	
1	3	5	6	7	9	11	13	
4	5	7	10	12	13	14	
1	2	3	4	9	10	12	
0	2	3	4	9	11	14	
2	3	4	6	7	9	14	
2	4	5	8	9	10	11	
0	1	7	8	10	11	13	
2	3	4	6	10	11	12	13	
1	3	5	7	11	12	13	14	
2	3	5	7	10	11	12	14	
1	2	3	6	8	12	13	
0	1	3	5	6	7	9	
1	2	4	8	11	12	14	
1	2	6	8	10	12	13	14	
1	2	4	7	8	10	12	14	
1	3	4	7	8	10	12	
0	1	2	4	6	7	8	13	
0	7	8	9	10	11	12	13	
3	4	6	7	9	10	11	13	
1	3	6	7	8	9	13	14	
1	3	4	8	9	11	12	
1	2	3	4	10	11	12	
1	3	7	8	12	13	14	
1	3	4	5	8	9	12	14	
1	3	5	9	10	11	12	14	
1	2	3	4	6	8	11	13	
1	2	4	5	7	13	14	
0	4	5	7	9	10	12	13	
1	3	5	7	9	11	13	14	
2	4	8	9	10	12	13	
4	5	7	9	10	12	13	14	
2	3	9	10	11	12	14	
0	2	4	8	11	13	14	
1	2	5	6	8	11	13	14	
0	3	5	6	8	11	12	14	
1	3	6	7	10	12	14	
0	1	2	4	5	6	10	11	
2	3	6	7	8	11	14	
2	4	5	6	10	11	13	
1	4	6	7	9	10	12	13	
4	5	6	7	11	12	14	
0	2	3	4	9	10	11	12	
0	3	5	6	9	11	12	13	
0	1	5	7	10	11	12	
0	1	2	4	9	10	11	12	
0	4	5	8	9	10	14	
2	5	7	8	9	11	13	
0	3	6	8	9	10	11	13	
1	2	8	9	10	11	13	
0	1	5	6	8	9	11	
2	3	5	8	9	11	13	
0	1	3	4	5	7	10	12	
1	2	5	6	7	9	10	12	
1	2	4	5	6	10	14	
1	2	3	4	5	9	11	12	
1	2	4	6	9	13	14	
0	1	3	4	9	10	13	
1	3	5	6	8	9	10	11	
0	1	2	3	4	5	8	10	
1	3	4	6	8	9	10	
4	5	7	10	11	12	13	14	
0	1	4	7	8	10	13	14	
0	1	3	5	9	10	11	
1	2	6	8	11	12	14	
3	4	5	7	9	10	11	
1	4	6	7	8	9	12	
0	1	2	3	4	5	13	14	
1	2	3	4	5	6	8	11	
1	4	5	6	8	9	12	
0	3	6	7	8	11	13	
1	5	7	8	9	11	13	14	
1	2	3	5	9	11	13	14	
3	5	7	8	10	11	12	13	
2	6	8	9	11	12	13	14	
0	1	3	5	6	9	10	13	
0	3	4	5	6	8	9	14	
4	6	8	10	12	13	14	
2	3	4	5	8	10	14	
0	2	4	5	7	10	11	
0	1	3	5	10	11	12	14	
1	2	3	5	7	9	11	13	
1	2	4	6	8	9	11	12	
0	3	4	5	7	9	14	
0	3	6	7	9	10	13	14	
1	4	7	9	10	11	14	
0	1	5	6	8	11	12	13	
1	5	7	8	11	12	13	14	
0	1	4	7	9	10	11	
3	4	6	7	12	13	14	
0	1	3	7	11	13	14	
3	5	7	8	11	12	14	
3	6	7	10	12	13	14	
2	3	4	7	8	10	12	14	
0	2	3	5	7	8	11	13	
0	1	7	9	10	12	13	
0	1	2	3	7	9	10	14	
1	5	7	8	10	11	14	
0	2	3	6	7	8	9	13	
2	6	7	8	10	11	13	14	
0	1	2	3	7	8	12	
1	3	4	5	7	10	13	
2	4	5	6	7	11	12	14	
0	1	3	7	8	9	14	
1	6	9	11	12	13	14	
0	1	3	4	10	11	12	
0	1	3	4	5	6	11	13	
0	1	3	5	8	9	11	
4	7	8	9	10	11	13	14	
0	1	2	6	8	9	10	
2	4	5	7	9	10	13	
0	1	6	7	8	11	12	
1	2	4	6	8	9	11	
0	1	3	6	8	9	11	14	
1	3	4	5	7	10	14	
2	4	5	6	7	9	11	12	
2	3	4	6	7	9	13	14	
0	4	5	7	9	11	14	
0	1	3	8	9	10	11	13	
3	4	5	7	10	12	14	
1	3	4	5	9	10	11	13	
0	1	3	4	10	11	12	14	
1	3	5	6	9	10	11	
1	4	6	9	10	11	14	
0	1	5	8	10	11	12	14	
3	7	10	11	12	13	14	
2	3	4	5	8	10	14	
0	1	2	3	7	9	12	14	
0	1	4	5	6	7	9	14	
2	3	6	7	8	10	14	
1	3	7	8	9	11	12	
0	1	3	4	6	9	12	13	
0	2	5	6	10	12	13	14	
1	2	8	9	11	13	14	
0	3	6	7	8	12	14	
0	2	6	7	12	13	14	
1	3	4	7	8	10	11	
0	4	5	7	8	11	13	
0	1	6	9	11	13	14	
0	2	6	7	9	12	14	
0	2	5	6	7	8	11	
1	2	3	4	5	9	12	13	
2	4	5	7	8	10	12	
3	4	6	8	10	11	13	
0	1	2	4	7	12	13	
1	4	8	9	11	13	14	
1	2	3	6	7	8	10	14	
1	3	4	5	8	10	12	
1	3	5	7	8	9	11	12	
4	7	8	9	10	12	13	14	
1	4	7	9	10	11	13	14	
0	1	5	8	11	12	13	14	
1	2	3	4	10	12	14	
0	2	4	6	9	11	12	14	
0	2	3	6	8	11	12	13	
1	2	4	8	11	12	14	
2	3	4	5	6	8	10	
4	5	6	7	12	13	14	
2	6	7	8	10	12	14	
0	5	7	8	10	12	13	14	
1	3	4	5	6	8	10	13	
0	1	5	6	8	10	13	14	
0	1	6	8	9	10	11	13	
1	2	4	6	8	9	11	14	
1	3	6	8	9	10	11	14	
0	1	6	7	9	11	14	
0	1	2	6	8	10	11	12	
0	1	2	5	6	7	8	10	
0	4	5	8	12	13	14	
1	3	8	9	10	11	12	
4	6	8	9	10	11	12	
0	3	6	8	9	10	14	
0	3	4	5	7	12	14	
1	2	5	8	9	10	11	
0	5	6	7	9	12	13	14	
1	5	6	7	8	9	10	13	
0	3	5	6	9	10	12	14	
3	4	5	6	9	10	11	13	
1	3	4	5	10	11	13	14	
1	2	4	5	6	7	11	14	
1	2	3	5	7	10	11	12	
0	1	4	5	9	11	12	13	
0	1	3	4	6	7	10	13	
0	1	2	4	5	11	12	13	
0	2	3	9	10	11	14	
3	5	8	9	11	13	14	
0	2	4	7	8	11	13	
0	2	4	7	9	10	11	12	
0	5	7	9	10	11	13	
0	1	6	8	9	11	14	
0	4	5	7	12	13	14	
2	3	8	9	10	11	12	13	
1	3	6	8	9	12	13	14	
0	3	5	6	8	11	13	14	
2	3	7	8	10	13	14	
0	3	4	6	7	8	14	
0	1	2	4	6	10	11	12	
1	8	9	10	11	12	14	
0	2	3	7	8	12	13	
2	3	6	7	9	10	11	13	
0	4	5	6	8	9	11	
1	2	3	4	5	7	8	10	
1	4	7	8	9	11	12	14	
2	4	5	6	9	11	14	
2	3	7	8	9	10	11	
0	1	2	8	9	10	11	14	
2	5	6	8	10	12	13	14	
1	2	3	7	8	12	13	14	
0	3	6	8	9	12	13	14	
0	5	6	8	9	10	11	14	
2	3	5	6	8	10	12	13	
0	1	4	7	9	13	14	
2	4	6	7	8	11	13	
2	5	6	8	9	10	11	13	
4	6	7	10	11	12	13	
0	1	4	6	7	10	11	13	
0	6	8	9	10	12	14	
2	3	4	5	8	10	11	13	
0	4	5	7	8	10	13	
1	2	3	5	10	11	12	14	
0	1	2	7	9	10	11	12	
3	6	7	8	9	12	13	14	
2	4	5	6	7	9	12	14	
2	3	5	6	7	8	9	10	
0	3	4	8	9	10	11	12	
1	6	7	9	10	11	14	
3	5	6	8	11	12	13	14	
2	4	5	6	7	10	14	
0	2	3	4	5	7	8	12	
1	2	3	5	8	9	11	12	
3	4	6	7	11	13	14	
0	1	2	3	8	11	12	14	
2	3	4	6	8	10	14	
0	1	3	4	10	11	13	
0	2	3	9	12	13	14	
1	4	5	6	7	8	13	14	
0	1	4	7	8	11	13	14	
1	2	5	8	10	11	12	13	
0	3	4	5	8	12	13	
2	4	5	7	9	10	11	13	
1	2	4	5	7	9	11	12	
0	1	2	5	7	8	9	
1	2	6	8	9	12	13	14	
0	3	4	5	7	9	10	14	
1	3	7	9	12	13	14	
0	2	3	7	10	11	12	
0	2	5	8	9	10	11	14	
0	1	3	7	9	10	11	14	
0	1	2	3	4	8	9	11	
0	1	3	5	7	12	13	
1	3	5	7	8	11	12	14	
0	1	4	5	10	13	14	
0	1	2	3	6	8	10	14	
1	3	5	7	8	9	11	
1	6	7	8	10	11	12	
0	1	2	3	4	7	9	14	
0	1	2	3	8	10	12	13	
0	2	4	8	9	11	13	14	
5	7	8	10	11	13	14	
1	2	8	9	11	12	13	
1	2	3	4	5	7	11	14	
2	3	6	7	8	9	10	
1	2	4	5	9	10	11	13	
1	2	9	10	11	12	14	
0	1	3	4	5	6	9	11	
2	4	5	6	7	8	11	14	
1	3	9	10	11	12	13	
0	3	4	8	9	11	12	13	
1	4	6	7	8	10	11	13	
1	4	6	7	11	12	13	14	
1	4	5	6	7	10	12	
0	1	3	6	7	9	11	
0	1	2	3	5	10	11	13	
0	4	6	7	9	11	12	
1	2	3	4	6	7	8	9	
0	2	4	8	10	11	13	14	
0	2	3	4	6	8	9	11	
1	3	5	7	8	9	10	13	
1	2	3	4	10	11	12	14	
1	2	3	4	5	7	8	
0	2	4	7	9	11	13	14	
3	4	6	7	8	9	13	
2	3	4	6	9	10	14	
0	1	3	6	7	10	11	14	
2	3	4	6	11	13	14	
0	2	5	6	7	8	11	14	
1	4	5	8	9	11	13	
2	3	6	7	8	11	13	14	
3	4	5	6	7	11	12	
0	4	6	9	10	11	12	14	
0	1	6	8	11	12	13	14	
1	3	4	5	7	10	11	14	
0	1	3	6	7	9	12	13	
1	3	6	7	11	12	14	
0	2	3	6	7	8	11	14	
0	1	2	3	5	7	9	12	
0	1	3	6	7	8	12	
1	4	5	6	9	12	14	
2	4	5	7	10	13	14	
2	3	6	8	9	11	14	
0	3	5	8	9	12	13	14	
1	6	8	10	12	13	14	
0	1	4	6	7	9	11	14	
2	3	4	5	6	7	10	12	
1	3	5	6	7	9	14	
0	3	4	6	8	9	12	13	
4	5	6	7	8	9	13	14	
2	3	4	5	7	8	10	14	
0	1	3	4	7	9	10	13	
0	2	5	6	7	9	11	13	
1	2	3	4	6	7	13	
0	2	3	5	7	10	12	13	
2	3	5	6	7	8	10	13	
0	1	2	3	6	7	9	10	
0	3	4	6	9	11	13	
1	3	4	6	11	12	13	
0	3	5	9	11	12	14	
0	1	4	6	7	10	14	
0	1	2	3	6	8	9	13	
1	2	4	6	7	8	11	14	
1	6	7	8	11	13	14	
0	1	2	4	7	8	12	14	
0	2	3	4	6	10	13	
1	5	8	10	11	12	13	14	
1	2	3	7	8	10	11	13	
1	3	4	7	10	12	14	
0	1	3	5	8	9	12	14	
4	6	8	9	10	13	14	
0	2	4	6	8	10	14	
0	1	2	5	9	11	12	
0	3	4	8	10	12	14	
0	1	3	7	8	9	10	12	
0	2	9	10	11	12	14	
2	3	6	10	11	12	13	
0	4	5	6	8	10	11	14	
1	2	3	4	5	6	10	13	
2	3	5	6	9	12	13	14	
0	1	4	5	8	9	12	13	
1	3	4	8	9	11	12	13	
1	2	3	5	6	7	10	12	
1	2	5	6	9	12	14	
3	4	5	7	10	11	13	14	
1	4	6	11	12	13	14	
0	1	3	4	5	6	9	
0	1	2	3	7	8	9	11	
1	2	3	4	7	9	10	
2	3	4	9	10	11	13	14	
0	2	3	4	8	10	11	
0	2	4	5	6	7	10	
1	3	5	7	9	11	14	
0	1	4	8	11	12	13	
2	3	4	7	9	10	13	
0	6	7	9	11	12	13	
0	1	3	7	8	9	12	
3	4	5	7	8	10	11	12	
3	5	6	9	10	11	13	
1	3	4	5	7	8	12	14	
0	1	3	4	6	9	12	
1	4	6	7	8	10	11	
2	3	5	10	11	13	14	
0	1	4	6	8	9	11	13	
1	2	5	8	9	10	11	
0	2	3	4	5	7	10	12	
0	1	2	3	4	8	10	
0	1	2	5	10	12	14	
0	3	4	6	7	8	13	
0	1	2	5	6	11	12	14	
2	4	5	6	11	12	13	14	
2	3	5	7	8	9	10	
0	3	5	8	9	10	11	14	
2	3	4	7	9	10	12	13	
1	2	3	5	7	8	9	14	
1	6	8	9	10	11	12	13	
1	2	4	6	7	8	13	14	
2	4	5	7	8	11	12	
0	2	5	7	8	9	12	14	
2	5	6	7	10	12	14	
0	2	5	6	7	10	11	
0	1	4	7	8	10	11	13	
0	2	5	8	9	10	12	14	
0	3	6	9	11	12	13	14	
0	2	4	5	6	10	13	
0	1	6	7	8	10	11	13	
0	1	3	6	8	9	10	14	
2	3	5	6	8	9	11	14	
0	2	7	8	10	11	13	14	
0	1	2	3	4	5	6	12	
0	3	4	5	7	8	13	
3	4	6	7	9	10	11	
1	2	7	10	11	12	13	14	
1	3	6	8	9	11	13	14	
1	2	5	6	8	10	11	14	
1	2	3	5	9	10	14	
1	3	5	7	8	10	11	12	
0	2	3	6	7	8	11	12	
0	2	6	7	9	11	13	
0	3	7	9	11	13	14	
1	3	5	6	7	10	12	
1	4	5	9	10	11	12	14	
1	2	5	7	8	9	13	14	
1	4	6	8	9	12	14	
1	2	3	4	5	9	11	
0	3	4	7	8	10	12	
0	2	4	5	6	11	12	
0	1	2	3	4	9	11	
0	2	3	4	8	9	10	11	
2	6	7	8	9	12	14	
3	6	10	11	12	13	14	
2	3	4	7	8	9	11	14	
0	1	4	5	7	9	10	
0	3	5	8	9	12	14	
0	1	3	4	11	12	13	
0	4	5	6	8	10	11	14	
3	4	5	8	9	12	14	
0	2	4	9	11	12	13	14	
0	1	3	5	6	7	8	10	
0	2	3	4	5	11	12	14	
1	2	4	6	7	8	10	11	
0	3	4	5	6	12	14	
1	2	7	8	9	10	11	14	
1	4	5	6	7	8	11	
0	1	2	6	10	11	13	14	
1	2	5	7	9	10	11	14	
1	2	3	4	9	10	13	
2	4	6	7	9	11	12	14	
0	1	4	5	6	8	9	
0	1	6	7	8	12	13	14	
0	2	4	6	7	9	10	11	
0	4	7	8	9	11	12	13	
3	4	8	9	10	12	13	
0	2	3	8	9	10	12	
0	1	2	3	6	10	12	13	
2	5	10	11	12	13	14	
0	3	4	10	11	12	13	14	
1	3	5	6	7	10	11	
1	2	4	6	7	9	11	13	
0	2	4	9	10	11	14	
0	3	4	5	6	10	13	14	
2	4	7	11	12	13	14	
1	4	6	8	11	12	13	
104	87.602	73.2726	61.4324	51.6945	42.2256	33.0259	32	
102	84.2927	67.0419	54.9327	45.5144	37.9942	36	
120	96.0755	75.3313	57.0688	43.5284	37.3124	32.6624	31	
114	91.7044	73.0786	57.5686	45.8668	36.3116	36	
121	94.2066	68.4664	52.2974	40.6199	33.6505	33	
104	82.922	67.4297	55.3942	46.5625	37.8783	34	
115	94.6918	75.0188	58.2894	44.8212	37.9812	35.3765	34	
108	87.535	72.0716	58.1682	45.9856	39.5387	36.0514	33	
112	91.4636	71.4906	51.5687	46.5755	42.8369	39.3801	36	
113	92.027	77.3069	63.2641	53.4159	44.2711	37.5494	32	
122	95.5944	70.4135	47.0548	38.9001	34.7182	32.4481	32	
107	87.975	69.4506	55.599	46.3535	37.108	31	
114	85.5661	58.6469	46.9389	40.6272	37.8501	35.2308	34	
106	82.8508	64.1999	49.6002	39.2882	37.2364	36	
115	96.6293	81.3305	66.1126	56.3108	46.9133	38.5666	36	
102	78.0055	58.0851	40.5528	35.0459	31.4776	31	
105	74.9052	54.1426	44.0901	37.1693	31.689	31	
112	88.4211	68.3228	48.8982	36.1544	32.1123	32	
108	89.1946	77.2427	66.7136	56.2556	46.8174	37.6163	31	
105	92.6868	80.4151	68.2262	58.3563	49.6736	41.4189	35	
106	89.6681	75.0401	60.8068	48.5268	39.5297	37.2649	35	
121	97.3616	74.1457	57.3479	47.5756	38.6485	36.1658	34	
104	78.6852	59.7978	46.5121	35.7039	33.0467	31	
109	88.8753	69.0183	55.7878	45.1676	36.9794	33.9005	31	
123	94.5235	75.5587	57.2963	42.2532	37.073	34	
108	92.9855	77.9875	65.4644	54.6353	44.9855	36.4817	36	
123	99.1876	83.434	67.7064	53.5906	40.5925	31	
106	85.5917	66.7146	50.3286	43.244	37.9876	33.3712	32	
117	98.3625	80.1403	66.0462	52.7825	39.5922	35	
112	87.0287	73.9644	61.5945	51.2819	41.9723	34	
118	87.7577	61.6153	51.3898	42.6113	33.9776	32	
121	95.5588	75.0826	56.0198	44.7488	39.4576	35	
111	91.6665	75.3207	59.8367	45.0422	32.1436	32	
114	89.4006	68.176	54.5184	45.6858	38.0661	31	
122	92.4986	72.391	55.0769	46.7576	40.8327	35.7982	35	
115	90.6114	67.5064	49.7876	41.5322	37.6814	34.1829	33	
116	72.0841	60.1552	48.9332	42.5711	37.181	34	
109	86.8381	72.1048	58.4238	48.3643	39.5738	34.6833	31	
109	88.7585	74.5251	62.9078	52.4656	42.4002	35.3501	33	
101	80.6954	60.8567	44.3208	40.4251	37.6726	36	
109	91.8207	78.4049	65.1632	53.873	44.5342	36.5195	33	
123	102.9	83.9225	65.8852	49.2982	43.2926	38.2266	36	
118	97.103	77.8306	63.6039	49.9187	42.3623	36.0859	32	
102	79.0586	63.1436	50.0041	40.7643	36.1619	34.4053	33	
115	88.0864	69.1049	55.2778	42.4691	35.9877	35	
103	82.5677	65.9916	54.5034	43.5777	35.3565	33.0536	33	
117	93.1266	74.9747	59.8354	49.3291	39.5316	36.2152	33	
121	98.0239	79.5985	65.4023	51.7997	42.2778	34.2399	31	
104	82.2707	67.5656	55.388	45.1142	36.6129	31	
114	88.1998	73.9199	60.9797	48.8967	37.296	31	
113	94.6821	76.5533	61.9098	47.4014	36.1621	36	
116	93.3279	72.3394	59.8529	49.2745	40.6041	33	
108	87.6882	69.603	53.5172	41.3619	37.4314	36	
104	78.2346	61.6315	50.6686	39.7323	33.6683	32	
104	82.9571	62.2786	48.3071	39.9929	36.6286	33.7571	32	
123	98.35	78.433	60.5679	43.7151	37.8877	36	
110	87	65.1795	53.4872	43.7436	35.3333	32.2821	31	
114	91.8103	76.653	61.6358	48.3556	38.2134	36	
102	82.9305	65.5635	48.9263	39.9024	34.2593	32.1189	31	
123	101.835	82.3065	66.9024	53.439	43.2505	35.5485	31	
102	84.9957	69.827	56.857	46.8924	40.5587	36	
117	95.3938	80.2048	66.1802	52.9318	40.1234	35	
121	95.6579	75.6842	61.3421	49.1842	37.2105	34	
122	95.5209	71.372	55.999	43.3495	36.3893	33	
109	93.3799	79.0778	65.1988	51.3685	39.8813	35	
114	90.141	67.9513	55.6554	44.9067	36.9265	32	
106	90.2675	75.4595	63.1338	52.1775	42.762	36	
108	90.72	74.8121	61.1512	49.956	41.2266	33.2329	32	
119	100.27	82.6745	66.9774	52.6463	43.2929	36	
121	97.2736	78.5422	62.5165	49.6647	40.273	32	
103	89.9675	76.9892	64.9885	54.0918	43.4124	36.2445	34	
104	83.8313	67.8601	53.8086	41.5231	36.8136	33.0768	33	
123	98.2122	77.8017	59.1217	45.2263	35.3519	31	
110	92.6749	77.2562	63.4448	50.6052	38.6253	31.8971	31	
119	90.5873	68.6451	47.3756	35.3954	33.4735	32	
120	93.3674	74.8329	62.5146	52.4775	44.8926	38.2772	34	
120	87.1344	58.5867	44.634	37.2473	35.249	34	
112	88.9594	70.5759	54.3739	41.4319	33.9069	33	
112	94.2529	77.7229	62.2101	51.7289	44.6265	38.6865	34	
113	97.6403	83.0383	70.0721	57.6741	46.7054	36.632	32	
104	86.8715	71.3048	57.5257	46.4884	39.703	35.9718	35	
113	94.2859	80.1405	66.305	52.4952	38.9178	32.7486	32	
113	82.829	65.4239	53.6061	42.0592	35.1852	34	
107	88.8919	75.0316	61.8304	48.6293	40.683	34	
116	95.3865	75.238	61.3923	49.6648	39.4872	36.4908	36	
104	79.2951	64.8797	52.8109	41.2837	35.5072	32	
114	96.4783	80.4434	65.9518	52.9093	41.2031	32	
118	100.849	84.4726	69.1754	56.4448	44.9974	36.422	33	
117	90.917	72.9668	55.888	44.9668	34.4523	33	
109	90.0666	71.3107	58.5257	47.0946	38.882	35.8411	33	
112	93.7744	78.5819	65.5978	55.0349	44.9775	35	
119	97.7457	76.9672	59.0702	46.5132	40.8031	35.9125	32	
119	96.3889	75.4074	54.9097	36.7801	31.1019	31	
111	88.0841	70.6283	58.1752	47.4434	40.4772	34.0221	33	
107	88.8071	72.1278	55.6859	42.6867	36.3652	35.2671	35	
110	89.4279	73.0367	59.968	48.5606	39.9773	33	
106	81.314	64.7179	50.6971	40.5002	37.4827	36	
101	87.9897	75.0729	64.9077	55.9982	48.1305	40.8506	35	
115	89.5576	74.0617	63.1501	54.9464	46.9839	39.3164	35	
108	91.4144	75.8319	62.8577	51.1207	40.5206	35.2372	34	
116	92.1548	73.729	55.3333	44.3742	37.7505	32	
118	90.8874	76.8411	63.2303	51.2528	42.3786	34.3755	31	
109	93.703	79.7731	66.786	55.6609	44.583	37.0641	34	
123	94.0225	66.3121	42.7033	38.1015	35.9674	34	
104	84.4572	71.7199	60.3639	51.6896	43.97	38.0584	33	
116	101.507	87.6939	74.093	61.3242	50.3104	42.5493	35	
116	93.5751	74.9376	56.9469	47.8476	41.4273	36	
101	84.0643	71.9165	60.1446	49.9159	40.5973	33	
102	83.8884	66.2338	54.5736	47.245	39.9345	35	
102	87.0025	72.4021	58.2466	46.2517	36.3063	31	
116	97.5377	81.6758	68.2098	57.3999	48.8931	41.1479	35	
123	101.213	79.4266	61.3659	44.3859	39.2379	35.967	35	
105	80.9644	59.4768	50.099	41.4829	36.308	33.8913	32	
114	88.2184	65.2978	53.7876	43.7411	34.9587	31	
105	74.3907	61.3261	48.9456	40.3955	35.9836	34	
123	98.0687	74.9249	56.1716	44.3175	39.1431	34.0941	34	
120	101.794	86.3876	72.5776	59.2654	50.3698	42.2414	36	
117	93.3753	71.0406	56.4965	43.1918	33.58	31	
111	88.0181	68.9807	57.9503	49.0693	43.8021	38.5586	34	
121	91.8501	68.7508	51.576	39.1598	35.4412	35	
104	82.9517	66.6259	54.7662	43.0133	37.1369	35	
104	87.2226	70.6815	55.3946	43.9431	35.0364	35	
123	92.9313	72.5878	54.2621	42.7837	37.5903	33.1247	32	
114	89.0975	67.9416	53.3798	42.4397	35.2711	31	
113	89.6971	72.179	58.8131	47.4532	36.0933	36	
120	101.365	84.8414	70.5873	56.6055	42.7373	36.0869	33	
119	97.8316	81.5533	65.5575	51.5394	43.1068	39.4339	36	
113	86.4368	65.4116	48.2972	40.0373	36.1576	35	
103	83.4071	70.9335	58.8367	51.182	43.9834	38.6687	35	
114	92.6262	72.9472	56.1636	45.2884	39.0505	32.9067	31	
115	88.9522	71.2193	58.2661	49.0178	39.8544	35.1878	34	
121	101.74	83.661	66.3273	52.3485	39.3844	34	
109	88.5609	68.568	54.3329	45.9405	41.4363	37.4632	34	
111	94.7433	79.9875	66.6989	53.5788	45.7709	38.1148	34	
108	88.0801	71.6386	58.2252	48.1401	38.3303	33.0501	33	
121	102.906	84.9175	68.5799	52.8772	39.6293	34	
114	88.5081	75.9216	64.8142	54.1998	44.5134	38.0462	33	
110	82.389	55.7522	41.3285	35.634	33.1239	32	
123	99.1071	76.2321	58.0446	46.3929	36.8304	33	
114	90.7687	72.7028	57.9094	43.711	35.246	31	
105	88.8679	74.6038	63.1245	53.2415	43.4264	37.7038	33	
108	92.3736	77.1774	63.2375	49.5558	40.0388	33	
102	86.8259	72.2354	58.177	44.771	33.0986	32	
111	88.0697	72.5779	58.4078	48.2951	38.3668	36	
109	92.0666	75.4628	60.4306	47.8573	40.9116	35.2587	31	
105	76.6805	63.0135	51.3834	43.2358	37.2565	32	
117	99.8721	86.4419	74.7558	63.314	53.2326	43.8488	36	
112	92.3214	72.6625	58.2052	43.7676	32.6131	32.0989	32	
108	82.4055	68.2013	58.6778	49.3436	42.228	36.4652	31	
120	100.576	83.455	67.8637	53.206	44.5861	38.2305	34	
112	77.5868	64.1806	52.1875	40.3472	36.6806	35	
123	99.7784	83.0487	69.9487	57.3607	44.8191	35	
120	94.1099	74.8538	59.8625	45.8621	39.6588	33.6278	31	
122	96.1515	77.1356	61.5497	48.9822	39.927	34	
121	98.2892	76.3346	54.6399	40.744	32.8744	32	
117	89.4084	66.129	52.35	44.332	39.447	36.9877	35	
121	95.4136	73.9268	52.8762	40.5773	34.7331	32	
107	93.5284	81.1665	70.5606	59.9828	50.023	40.5971	32	
115	89.5502	70.5078	55.4283	46.0101	37.3124	36	
116	90.5535	75.551	62.3856	49.3562	40.4771	35	
101	81.4098	64.3055	52.8798	42.0014	36.2771	35.1596	35	
101	87.9795	76.3033	64.8511	54.7563	45.5708	38.9683	34	
110	82.4399	58.7274	46.5574	39.8242	33.8857	31	
103	87.3852	72.4668	58.9253	50.47	42.7273	35.7784	31	
101	83.0674	65.2372	51.1674	43.8	37.1488	35	
122	98.6487	78.3494	59.0291	43.7399	33.3167	33	
110	92.5947	75.1894	63.0021	52.6019	42.2194	36.2509	35	
112	92.4868	75.58	62.7788	50.4158	41.9508	36.7612	36	
101	82.0706	65.0034	51.1286	40.7532	37.1515	34	
113	90.1964	69.1018	50.8636	40.6793	36.465	34.3579	33	
105	77.1549	62.7018	51.9766	45.1516	38.9	35	
102	81.8484	68.5681	56.345	44.2981	37.4488	33	
101	84.9628	69.3	58.879	49.7892	41.781	38.0161	35	
114	77.9172	51.9528	42.4071	37.6343	33.1955	31	
107	89.6337	73.5447	62.0045	51.4727	41.2321	32	
116	92.1842	73.5789	59.1053	47.8421	41.3947	35.1316	35	
106	84.8246	69.5439	54.7186	44.8267	36.6297	32	
122	98.0707	80.6026	63.6777	47.4961	37.3754	31	
108	86.8516	71.4827	57.4615	44.3214	36.7018	32.0626	31	
113	93.8889	81.1159	69.1353	57.4251	47.3961	39.628	33	
122	105.067	89.2063	73.8391	60.1737	48.9418	37.829	34	
111	93.9428	77.6881	63.2996	49.9188	41.3529	36.1835	34	
102	84.0518	68.4005	54.2127	43.8463	33.5205	31	
116	97.1661	79.966	64.7266	51.4775	41.4366	33.713	33	
103	76.843	64.65	52.7635	41.5922	36.1769	31	
101	77.5427	60.6534	45.8753	40.6853	37.0788	34	
104	83.9625	71.2414	60.3658	49.6879	40.3722	37.0546	36	
104	73.2178	48.7959	35.8285	32.988	32.4014	32	
103	83.4219	66.3393	50.4943	40.6545	36.8403	34	
105	87.7242	72.0189	56.523	45.9481	38.811	34.2739	33	
112	93.4777	76.9119	60.8795	46.4225	33.5662	31	
113	88.0266	72.1242	59.6375	49.1106	42.4752	37.7997	35	
106	83.0648	61.0499	45.5828	41.1585	38.6102	36.345	35	
113	94.1155	78.2282	62.5211	48.707	37.6873	33.338	33	
114	94.4472	75.5502	56.971	41.9686	32.9076	31	
123	102.785	83.2313	65.4408	47.7448	39.9674	36	
120	95.4608	73.2303	62.1539	51.1035	40.8312	31.2853	31	
104	84.4576	67.9025	53.9863	44.2773	37.9541	35.2405	33	
113	90.8274	70.7157	56.7157	47.0152	42.2538	38.0609	36	
118	91.7199	75.1804	60.5834	51.6476	42.9894	34.6641	32	
110	91.8517	77.6048	65.6289	53.7888	42.7252	35	
118	98.7811	83.8702	69.5101	56.5466	44.1733	37.9965	33	
110	92.415	76.1882	62.9245	49.6609	41.3182	33.7868	31	
112	96.2573	81.0866	69.2677	57.7824	46.9484	38.5608	32	
114	90.5648	69.7119	54.194	43.329	37.1657	33	
107	86.9294	68.8837	53.5377	41.8861	36.6998	34	
116	90.327	72.3638	56.6527	45.1541	35.9871	34	
122	96.7254	71.4789	47.8686	38.6445	33.7644	31	
107	87.1787	71.8351	58.9153	47.4744	36.9989	34	
101	82.0091	66.0128	51.9872	44.5905	38.0896	33.3547	31	
109	81.7896	56.1389	45.5277	37.6458	35.5849	35	
116	91.3514	69.0085	53.2257	45.348	39.3643	35	
118	95.1665	75.1404	59.3955	50.5756	43.5571	37.1001	32	
103	87.5063	72.2435	58.5205	44.99	35.5013	34	
103	76.6153	63.8305	51.9351	44.2272	37.8534	35.4076	35	
106	90.168	76.1515	64.0091	53.116	42.5939	35	
112	88.0746	64.2001	47.5618	39.2809	31.1784	31	
101	82.6345	66.971	55.6909	46.2059	38.5158	34	
114	95.6457	82.1957	70.1763	58.2125	48.2365	39.9696	32	
113	87.3122	70.9187	59.4291	49.8496	41.9808	36.1076	33	
118	94.3677	71.1368	54.1009	37.8393	36.2332	35.1147	35	
111	93.8162	77.8005	62.4777	48.0061	42.5817	37.6325	33	
108	87.1276	72.4679	59.2814	47.5683	39.7105	32	
122	98.1895	78.2586	61.2892	47.074	34.9615	32	
111	86.0554	64.2705	43.9823	37.4302	36.5987	36	
103	84.644	69.5667	57.95	47.2643	39.9583	35	
104	90.4996	77.2971	64.3923	51.7192	44.8201	37.9872	34	
107	90.3664	73.8157	58.8704	44.6999	37.8084	32.965	31	
104	85.0712	69.0105	56.3913	46.5254	37.9979	31	
107	85.9552	67.2939	50.4057	43.4586	38.5462	36.308	35	
102	84.3808	69.1187	56.4789	45.5479	38.624	35.3241	35	
117	92.6189	70.401	56.9125	45.4854	37.316	35	
123	100.715	78.8046	59.1675	43.4671	35.0779	34	
106	90.5309	75.4626	61.2965	49.2353	41.1833	36.4223	34	
103	82.9963	63.1003	48.507	39.5398	36.8238	34.7329	34	
123	99.9185	81.9135	64.2585	50.4546	38.4012	34.4251	34	
105	90.0756	75.1998	62.1733	52.002	43.3556	35.796	32	
111	91.5879	73.5735	57.5557	44.3777	33.1742	31	
106	74.3322	54.8741	42.4917	38.2636	35.2004	33.6472	33	
104	81.2533	59.094	42.7859	38.0627	34.0444	32	
123	94.6755	71.1211	52.271	43.7507	39.0464	35	
107	87.3283	70.7639	55.6247	42.6582	32.2149	31	
114	93.3324	75.5389	60.6405	47.8553	39.2121	36.0634	36	
122	102.097	83.8651	68.5867	53.6342	40.7596	32	
117	102.503	88.2022	74.8864	62.1614	50.5877	41.3015	33	
111	85.8554	65.0944	50.6043	41.0457	35.5358	31	
102	79.2279	60.1105	48.5328	39.4086	35.0126	31.3578	31	
106	89.161	74.4453	60.062	45.9742	36.096	31	
113	95.1986	77.9882	65.6005	53.4728	42.5272	36.3097	33	
123	97.7832	76.1801	60.1545	45.1763	34.6497	33	
119	98.3893	78.8889	62.2106	47.5679	38.7777	32	
106	85.3792	66.8032	55.1968	44.5696	38.32	34	
103	86.4049	71.246	56.7083	47.0036	38.9486	32	
113	92.0046	76.6782	63.0575	51.9202	41.2845	33.5837	31	
108	85.7676	65.6866	56.1151	46.9022	42.1578	37.441	33	
121	98.7064	77.4782	59.5528	45.303	32.6247	31	
103	82.1639	66.5154	53.2613	40.5202	35.19	31	
116	96.0303	78.6052	64.4439	51.5272	39.4126	32	
119	100.399	82.0599	65.0599	54.3476	45.2363	38.774	34	
102	82.9418	69.1572	58.4878	48.3682	38.4115	34.4411	31	
108	85.3848	67.672	53.482	43.0613	36.8039	33.9216	32	
120	95.6413	77.1185	61.8308	51.269	42.0711	33	
101	82.0015	66.3142	51.7776	37.5641	36.2316	35	
114	79.8681	59.4861	44.1042	38.5486	35.0764	34	
107	86.8693	67.2929	50.6208	38.0058	32.5963	31.2439	31	
118	97.4063	80.8756	68.1758	56.9386	47.0249	39.3167	34	
103	86.8099	71.0759	56.6479	43.0698	33.4096	32	
106	82.6987	69.3371	57.3333	47.5294	39.6265	33	
101	77.3051	58.7613	49.1903	40.4169	36.5952	35	
111	91.172	73.786	56.5093	41.7477	34.4579	33	
122	94.8312	78.2144	62.7671	53.4661	44.4098	38.2907	35	
114	92.6134	75.5256	60.614	46.1324	37.7228	32	
116	93.366	72.2076	57.3378	43.603	35.5664	34	
122	97.7494	82.5833	70.3192	58.1056	46.2453	40.7694	36	
114	84.0417	56.4167	47.75	40.5833	37.3333	35	
121	93.4814	73.6859	55.8141	43.4628	33.7045	32.0316	31	
115	87.0228	61.2678	42.2365	37.7635	35.4843	35	
118	94.0273	72.5432	56.7476	45.4723	40.4949	36	
108	89.796	71.6193	57.2735	45.4273	36.597	31	
110	93.0728	76.8791	60.8547	46.3537	39.7521	36.2538	33	
111	90.2504	70.9225	57.593	48.1957	39.8425	33	
104	86.328	69.4966	56.2938	43.1321	37.4533	33.1686	32	
120	97.8689	78.623	62.5574	51.3115	44.8525	38.3934	34	
117	96.2241	76.7194	57.3814	45.6494	36.4388	31	
113	90.6465	74.1297	59.3081	45.649	39.0616	34.1211	34	
103	88.692	74.6991	60.9286	47.8624	41.1532	37.8913	35	
104	78.5122	54.4096	41.05	32.5541	32.0923	32	
108	91.0757	75.0166	60.9995	50.9626	42.0678	34.7997	33	
123	102.977	83.5427	64.304	47.3518	33.3719	32	
122	89.3059	60.8355	48.0603	37.6837	34.1379	32	
106	84.3318	65.6459	49.2199	40.2731	35.4268	31	
111	94.7349	78.492	65.0893	51.9308	39.327	35	
103	86.0317	73.9251	62.7527	52.0569	42.0285	33.6968	32	
104	87.2386	71.1581	57.56	48.8827	41.1061	35.3066	33	
113	89.0861	66.9713	46.056	39.4216	33.6118	32	
101	83.686	67.2367	52.9592	41.9193	36.8518	33.4131	31	
122	101.7	84.6114	70.0223	57.0494	44.1843	35.0257	33	
108	85.5768	65.7956	51.7811	40.6844	34.5272	32.3676	32	
107	89.0591	74.7017	62.4365	52.7205	44.9526	38.363	33	
104	77.6027	56.3774	43.6027	38.7132	36.5653	36	
121	88.6274	63.7757	53.1483	43.9924	37.4525	35	
118	95.9646	76.1716	62.2593	52.6031	43.2901	34.5949	34	
123	105.94	89.028	72.2651	58.4766	45.6016	35.3187	35	
107	81.2582	63.7551	51.9261	43.1104	36.5708	35	
104	84.2644	65.3584	54.5737	46.4742	40.3396	35.4057	32	
108	86.4922	66.8149	55.026	45.9391	39.7722	36.9612	35	
107	91.4936	78.3163	65.3422	52.6964	40.16	31	
101	79.7542	60.7357	46.1965	38.5108	34.4966	32	
116	91.755	68.2802	53.0772	41.4966	31.2852	31.0856	31	
123	105.446	88.4361	71.9537	56.8419	42.345	35	
120	99.7417	80.5833	63.2583	47.5833	39.5472	35.3	32	
106	90.4943	75.3447	60.8263	47.5542	38.3447	32	
119	99.1033	79.3908	65.2666	52.1249	39.8123	31	
111	85.4119	61.9861	46.901	38.7921	34.2614	33	
123	93.4522	70.4303	54.8708	41.1846	32.7855	32	
122	105.099	89.2407	74.5177	62.1399	50.4322	40.0274	31	
106	87.9628	70.8554	54.6983	45.0909	39.7397	36	
121	96.925	82.175	67.525	53.25	40.025	35.5	33	
108	86.2735	69.0538	55.4215	46.4529	38.5157	33	
113	94.7324	78.9867	66.2547	53.6868	41.4675	33.041	33	
113	94.8887	78.2073	62.4337	47.2502	34.9264	31	
102	86.8694	72.169	57.8525	48.3748	39.9263	34.2427	32	
103	84.4775	68.36	56.4318	46.4238	37.2499	35	
112	86.8012	67.4875	49.0832	41.0046	35.8953	32.605	31	
121	95.4238	69.8748	58.2295	47.9718	39.8908	36	
117	85.8029	70.6896	56.131	43.0282	36.7541	31.0347	31	
115	84.4981	60.1304	38.7791	37.254	36.61	36	
115	96.2839	79.0551	64.2433	52.0964	43.42	36.2621	34	
114	89.6557	70.2609	58.6671	48.1224	42.3389	38.0081	34	
114	93.0481	75.4745	59.1353	43.0559	37.2089	35	
122	103.89	86.0122	71.8963	57.7804	44.8861	33.8144	33	
119	94.8675	78.6291	63.1589	50.6291	40.1391	31	
108	92.2277	77.1443	62.3258	49.6621	39.2415	33.3423	32	
108	87.2182	72.7091	59.5636	48.9818	41.1273	36	
122	96.6084	72.2299	60.532	50.2156	40.9432	36	
102	80.0152	61.0636	47.7552	40.9364	37.3389	35.0581	34	
119	102.676	87.91	74.3158	61.2639	48.7894	39.8491	36	
108	87.1428	66.8949	47.889	37.765	34.1092	32	
116	91.7997	70.3274	52.5553	42.4809	35.9447	34	
117	83.6317	61.6607	48.8215	38.6943	33.6821	32	
112	92.4726	74.0784	56.7769	43.1583	34.0725	33	
114	92.5905	71.9927	53.8554	37.4685	33.562	31	
112	93.8063	77.1661	61.3496	48.0786	41.153	36.2677	32	
119	101.247	87.8371	75.3188	63.9196	53.0324	43.3592	36	
105	85.0409	66.0429	48.5992	42.7096	37.2086	35	
101	80.2928	60.3241	48.331	39.5873	34.2407	33.4431	33	
104	87.5931	73.8966	60.8621	48.4897	36.8828	35	
102	87.235	73.3984	60.6549	51.9247	44.1379	37.8934	34	
110	90.6589	74.1988	59.8783	50.0065	40.283	32	
106	84.8443	64.9714	53.1107	45.0985	38.1217	33.7555	32	
102	80.2171	63.7236	50.3829	42.3316	37.5634	36	
122	95.1467	68.3802	57.2106	48.1824	39.9065	36	
106	86.7867	68.5405	58.8448	50.1161	41.6165	37.5957	35	
107	80.7379	62.823	51.5065	43.3243	38.2435	36	
119	87.0483	62.301	49.7982	42.1091	38.1999	35.26	34	
103	81.864	69.4014	59.1291	50.5871	42.746	36.8761	36	
115	95.5879	79.5441	65.2143	51.0638	38.727	35	
121	102.591	84.2226	66.2328	50.4768	41.3622	35	
123	107.164	92.1443	77.8266	63.9007	51.5095	43.3629	36	
117	95.3398	75.5437	62.0505	50.0663	40.6343	33	
107	86.62	66.6595	55.5532	45.8379	36.785	31	
121	94.0065	74.9604	61.4358	48.3294	41.832	38.1232	35	
109	91.9036	76.8675	62.2651	47.9337	38.5723	31	
114	95.3833	82.1331	69.4862	58.025	47.3541	37.3697	34	
104	81.8894	60.8077	42.7628	38.0696	34.7317	33	
122	103.247	86.3397	71.1414	57.333	43.8892	34	
109	85.8759	65.3096	52.9385	41.4026	36.522	36	
109	93.506	78.5462	65.3852	53.9873	46.08	40.1495	36	
109	88.6548	73.783	59.381	45.5596	40.1692	36.8521	35	
114	88.6368	73.7838	62.7853	53.0975	43.461	36.9339	32	
110	90.7811	74.5724	61.8601	50.352	41.113	35	
120	99.9157	80.9539	63.5921	49.1677	38.7315	33	
111	91.4466	72.1281	54.0623	42.5925	38.5214	34.6263	34	
118	97.8509	79.0843	62.0075	48.259	34.5361	33	
122	94.8244	69.2081	56.5432	44.6419	37.3866	35	
119	97.6794	79.0103	61.9495	49.7136	41.8026	37.2386	35	
123	94.1303	68.7935	49.2378	43.2426	38.6034	34	
123	95.0849	70.3079	59.3608	48.8516	39.9844	34	
120	93.9511	75.6072	60.2267	50.2398	40.9049	35.1854	34	
118	95.0232	73.0332	56.0473	42.4092	33.6696	33	
117	96.5886	80.04	63.9943	49.4343	39.1714	33.48	33	
112	73.1024	61.1339	50.7042	42.7537	37.8808	36	
111	94.821	78.8481	66.7912	55.3182	46.4386	39.2766	35	
107	92.5403	79.4959	66.8892	55.3769	44.0543	36.2335	36	
115	97.1661	79.7744	65.2462	51.6023	38.5058	36.0003	34	
122	91.245	65.3144	40.8913	37.5411	36.469	36	
101	83.5091	67.8825	53.827	42.9763	36.6293	32.2514	32	
119	98.0729	77.2569	60.7554	48.2124	38.5606	32	
113	89.2766	68.4681	49.1604	41.0217	38.078	36.5195	36	
104	83.214	65.8244	51.3784	37.4532	33.6039	32.0416	31	
120	102.356	84.984	68.8952	52.8786	41.6163	35.7593	35	
117	97.666	80.9835	65.7911	52.5148	43.6703	35	
107	91.2776	76.2417	63.8533	52.3476	44.47	36.9521	32	
123	102.492	84.4238	68.5757	53.8046	40.0887	34	
116	88.7506	69.9503	53.6443	42.888	38.4607	35	
116	82.4593	63.2202	48.578	44.4919	41.0441	37.7667	35	
115	94.1005	75.2195	56.801	40.4851	34.4297	33	
106	83.1322	64.4266	51.2465	42.8744	36.6073	34.3588	34	
107	90.6148	74.3087	61.1491	48.0686	35.0673	32	
104	70.6105	59.7351	50.3098	42.4108	38.2132	36.0763	36	
110	95.2818	80.6948	66.3044	54.225	42.5226	33.4753	33	
101	78.5397	59.2243	45.654	35.6497	33.2724	33	
119	86.4621	65.732	45.5326	36.9752	34.1559	32	
113	94.816	77.3861	62.5749	49.1254	41.1437	34	
101	71.0143	43.5404	38.862	36.8839	35.5338	35	
105	81.4349	66.1243	53.1834	43.3846	38.5385	34.3047	33	
120	93.2506	68.1798	50.8422	41.9808	36.8896	34	
109	80.1693	63.3665	49.5254	36.6513	31.9368	31	
123	104.375	86.3598	69.9719	53.9037	44.1117	36.7604	34	
118	98.5377	83.0858	69.1202	55.9281	45.3623	39.6213	35	
123	103.275	87.5441	72.9537	60.7986	48.8191	39.9332	33	
123	97.1144	79.2079	61.7818	47.7182	38.378	32	
105	82.3281	63.9835	52.0607	42.5776	35.9026	31.3683	31	
112	84.9434	70.0623	59.3846	50.1564	41.7495	36	
110	90.731	72.1135	54.5511	39.6261	32.4894	31	
116	87.7972	62.4238	42.0094	34.6469	32.5476	32	
121	99.3987	83.3704	68.4377	54.6481	42.6209	36	
102	78.1613	61.8674	48.3506	39.7736	34.072	31.811	31	
118	92.5637	70.517	55.2785	43.7771	36.7372	33	
118	99.3072	80.952	62.6693	47.3291	34.232	31	
110	94.7719	80.8573	68.4997	57.4232	48.1955	39.7949	36	
120	95.5496	80.3084	66.0636	51.8996	40.213	32	
116	96.6688	78.6209	63.4808	48.7217	42.4851	37.1309	33	
103	82.4043	63.1945	45.8085	36.8116	31.5106	31	
108	84.1336	65.425	51.8739	42.6534	35.5008	31	
103	87.0277	71.6076	56.4349	42.9374	34.7324	33	
120	97.2339	79.6528	62.6747	50.8334	43.8396	38.5339	34	
106	72.7692	59.0385	47.2308	37.0769	34.5769	33	
120	100.853	82.0973	66.0601	50.0228	37.9558	36	
102	84.8231	69.1293	57.9023	49.3483	42.4845	36	
105	84.5041	65.5585	54.4434	47.1121	40.2013	34	
122	96.1186	75.8964	62.0124	48.2417	35.5274	31	
111	86.889	67.9904	51.6313	41.5538	36.4215	33.989	33	
120	98.8466	78.2092	59.7323	47.5111	37.3858	34	
119	100.62	85.0232	70.7585	59.4525	48.6168	40.779	33	
112	89.5105	68.4429	50.4324	41.3087	36.0714	33.4883	31	
118	95.8085	76.167	61.8381	47.6914	37.7947	34	
121	95.4131	71.7773	57.9526	45.3264	33.8709	32.1706	31	
112	93.0207	74.45	59.5158	48.5858	43.1515	38.0645	35	
121	95.1304	77.1328	60.2775	47.7131	38.5137	34.5005	32	
110	83.9501	64.0017	50.787	41.0499	37.8253	35.8968	34	
122	91.1109	66.1211	43.3851	35.5634	35.232	35	
113	86.3777	61.461	41.2079	35.9314	33.4797	33	
110	84.8953	68.7488	55.365	42.6249	39.0576	36	
119	91.3936	70.0745	54.3723	42.5957	38.9255	35.4149	32	
121	98.217	78.0797	59.1495	43.7382	32.9504	32	
117	99.3642	81.8528	68.6695	56.7299	44.7903	37.5768	33	
119	94.9086	72.816	58.8249	45.4734	35.2398	35	
117	100.496	84.178	68.0078	52.5415	42.5023	33.9634	32	
106	90.0349	74.321	60.2215	47.0906	36.4712	31	
113	94.8998	77.0509	61.8626	49.9006	41.7722	35.8645	34	
116	97.3824	79.3445	63.6031	50.6042	41.5072	36	
117	86.5664	62.9536	52.5542	42.797	35.6092	32.9482	32	
108	79.3014	66.1586	53.4614	45.2194	39.8361	34.527	31	
119	98.8622	79.8967	64.344	50.2762	43.581	37.6152	36	
114	87.0956	64.0306	48.6728	39.8929	35.1218	31.3105	31	
122	87.6409	66.4382	50.1285	43.3509	38.7479	35.0148	34	
115	94.6615	74.7351	58.7233	46.8322	38.6792	35	
117	90.3032	71.1903	52.6472	43.9675	37.9618	32	
119	100.77	83.6124	68.1705	52.7763	43.2205	36	
117	92.0372	73.2404	56.0734	48.0332	40.7264	37.2767	36	
115	83.8203	60.6178	52.4262	46.5505	41.0179	36	
111	87.2477	69.4587	51.8458	38.5103	34.1574	33	
107	82.3307	62.5639	43.9446	40.1112	36.5125	35	
112	90.1844	70.6365	56.2268	44.1134	37.3104	34.0093	32	
116	93.6067	73.7917	61.9027	50.0615	42.04	36	
115	92.7722	71.1668	52.3491	39.5551	35.1991	35	
103	82.6736	64.5753	49.63	43.6603	38.1951	35	
123	103.069	84.4715	66.4188	49.4767	42.6313	35.9271	31	
109	89.7251	70.9855	53.3732	41.1432	35.789	35	
103	84.2743	69.5303	57.7429	50.0949	43.2748	36.5533	32	
121	101.908	84.5063	68.1421	53.6604	39.9029	33	
116	91.2885	74.4137	59.398	46.3272	36.0879	34	
114	90.8291	71.8776	54.1076	43.9567	37.1332	36.0964	36	
118	96.6513	76.6254	58.0137	43.7585	35.5702	35	
104	80.5337	64.23	48.8529	33.8515	33.1002	33	
113	88.9822	65.3547	46.0504	38.0645	32.8406	32	
105	84.5265	66.1507	48.1106	42.9083	38.7339	35.4405	35	
106	82.3018	62.0516	45.1673	40.7889	36.7389	36	
105	82.5634	65.3522	53.4844	43.0927	36.2732	34	
113	91.5834	70.9804	55.7243	42.3861	36.0512	33.0291	33	
102	78.7437	57.7986	43.0937	37.9224	34.4845	33.0689	32	
114	93.2424	73.8063	56.6032	41.6104	35.0481	34	
123	101.797	81.9037	64.016	47.6257	36.2353	34.6043	33	
115	90.8877	74.572	60.1828	46.9376	39.7731	33	
109	84.671	66.2834	52.4576	40.997	36.9704	33	
104	88.6368	74.215	62.1799	51.6913	41.438	33	
101	76.2267	57.7422	48.2502	41.3149	34.7028	31	
117	90.547	69.2492	52.7845	44.8583	37.7698	34	
119	93.3196	69.6529	51.414	42.6885	37.4649	33	
118	92.874	73.0505	59.1318	47.7739	39.5492	35	
123	103.49	86.4375	70.7971	56.9582	45.8625	36.7321	31	
123	93.5529	70.6841	54.89	43.8745	37.3272	35	
105	85.0384	69.5972	54.6483	46.9949	40.9527	36.2308	35	
119	95.3712	72.9198	55.1503	43.9793	38.0105	33	
104	81.2237	65.0243	51.2237	42.221	36.7224	34	
115	96.4591	80.6027	65.0327	51.1807	39.5479	34.7517	34	
103	85.0999	71.5339	58.8348	47.2409	40.1329	34	
112	96.7288	81.8716	68.1029	55.3616	45.0888	36.1653	35	
120	99.9676	80.6212	64.8051	53.2254	44.3289	36.4208	34	
106	90.7085	77.2089	64.2043	51.6605	39.3727	32.2048	32	
105	88.1871	75.2172	62.5931	50.7953	40.4002	36	
102	86.1837	71.9105	60.9338	50.0798	41.3125	35	
109	86.492	65.6359	49.7357	36.8412	33.8814	32	
108	91.6316	76.999	62.4597	53.2024	44.3183	36.666	32	
119	101.226	84.2555	70.0766	58.1241	48.5803	39.9124	34	
120	93.45	70.5164	48.9352	38.8797	32.6759	31	
123	97.2774	72.3113	51.6809	42.9806	35.5606	33	
111	86.9311	65.3639	51.7495	41.6374	34.185	33	
106	84.3365	73.7145	63.5646	54.8572	47.0678	41.3765	36	
103	86.6926	70.5131	55.3745	46.4447	38.4645	32	
112	88.2575	69.9381	56.4451	47.4671	40.2016	34	
114	93.2827	72.8292	55.6087	47.7133	41.6872	36.9367	33	
123	94.6563	77.0702	60.513	48.3055	37.9222	31	
116	94.4658	79.6164	65.2603	52.6301	41.589	38.274	36	
107	85.0785	68.1299	52.9066	40.6265	34.977	32	
103	75.4858	47.9716	40.2066	37.0198	35.9875	35	
112	94.8974	80.4113	65.9945	51.5777	38.5645	36	
113	90.6191	73.894	58.7445	49.4932	43.393	38.5855	36	
111	84.6919	64.694	45.3868	39.9556	36.8476	36	
110	90.3743	71.058	59.5654	48.3381	37.6633	33	
122	102.008	84.5635	67.282	50.1431	41.9915	36	
104	83.9826	67.2376	52.4316	45.4831	40.2313	36.5349	33	
102	84.9759	68.9725	54.7024	41.2218	36.9465	34	
118	103.558	89.442	75.3729	61.7546	48.7271	39.8503	35	
118	94.2154	74.2964	59.0309	45.3165	39.949	35	
123	98.6838	82.7124	67.0629	51.5867	39.4286	32	
112	86.555	65.5638	52.1659	40.0457	36.5046	33	
104	86.3196	69.9466	57.8596	49.2231	40.7365	36.2146	33	
105	85.4982	68.6439	55.9871	46.2362	38.5947	35	
123	105.926	90.5786	75.5769	61.0686	48.0408	36	
121	99.6243	80.9696	64.6696	52.2419	41.2008	35.2616	35	
104	86.8464	71.603	59.6367	47.7453	40.6667	34	
102	86.2186	72.1309	61.5901	51.0692	41.3851	36.5232	32	
101	75.0519	54.5756	40.6723	36.6459	33.1357	32.3097	32	
123	93.0636	72.2589	62.395	53.3495	46.673	40.3842	35	
119	96.095	75.8191	58.0833	43.1549	38.4313	35	
122	99.2042	80.2993	62.1039	45.9225	38.4384	34.1356	31	
107	88.4352	70.3393	56.2078	47.2771	39.1989	35	
119	99.8362	82.2478	64.7889	51.6677	39.3666	36	
101	83.7155	66.9749	52.8825	43.1408	38.2699	36	
123	102.94	83.8224	69.0558	56.4324	44.1733	35.3862	32	
117	96.0564	76.8133	61.4188	49.3583	41.7282	36.6713	36	
122	80.6013	64.4374	49.9624	37.8033	31.5308	31	
119	97.8885	81.9319	68.1309	54.4236	43.3173	32.867	32	
106	84.8913	67.3261	56.0652	45.5652	35.7174	31.2174	31	
112	92.6943	73.3885	57.6373	45.9739	40.02	34.4438	32	
113	94.9507	77.5871	60.8165	45.3986	38.0974	32.2786	31	
101	83.2893	65.8475	53.4384	45.5243	39.2237	33	
110	83.9192	62.2212	45.0955	38.0072	31.487	31	
122	96.4874	73.2197	53.5438	42.2929	35.1092	34	
101	83.1261	67.5578	54.3445	46.2381	38.9993	33.9172	33	
119	98.3216	80.9257	66.3735	53.2012	42.1615	33.7563	32	
112	87.8968	68.6093	56.914	47.1106	37.7985	32	
121	91.9481	72.4606	58.9907	46.278	37.1121	35	
116	98.4531	83.913	70.4039	57.1095	45.8125	35.0739	34	
106	87.3464	73.1769	59.685	47.7076	38.5801	34.9929	33	
109	85.6707	65.531	47.0784	38.0366	33.7662	32.5009	32	
106	85.6004	65.7617	51.6798	40.1368	35.1181	35	
106	92.0197	79.5677	67.1852	55.8967	46.2408	37.9395	32	
103	83.9403	70.1403	56.5301	46.824	40.3171	34	
114	89.0117	70.5911	53.5049	45.2888	40.7883	37.7008	36	
114	95.4849	77.112	60.9575	47.3343	35.2753	33	
116	94.84	79.1778	63.9546	52.7971	42.2171	33	
119	93.3871	75.0096	60.9239	48.2412	37.0166	33	
104	81.0542	64.9314	50.1986	39.9134	36.3502	34	
107	90.0848	75.414	60.871	48.3351	36.8576	36	
119	92.4603	72.8427	59.8671	47.452	37.0828	34	
108	94.183	80.7777	68.1793	58.3147	49.6688	42.4721	36	
117	96.2273	76.4439	57.5481	44.283	40.1234	36.8515	35	
112	91.9592	73.937	60.5973	51.2116	42.5543	38.1841	35	
112	87.2811	71.8394	56.73	46.093	39.2334	36	
109	84.0152	65.1677	49.2713	36.8628	33.9787	32	
105	85.2155	68.7111	57.7289	48.5944	40.3319	34	
105	82.2374	65.2144	49.1438	39.228	34.8318	33.806	33	
116	93.421	73.3116	58.469	47.1543	40.8795	35.4868	34	
102	81.7111	62.988	50.752	42.2965	35.6752	31	
121	90.8693	65.5425	52.6993	44.268	37.6993	36.5229	36	
102	81.6666	61.734	47.2133	37.2582	34.0957	31.2673	31	
112	90.2444	70.7556	55.4222	46.3111	37.4667	33.7556	33	
106	87.0097	68.3329	52.5181	38.1866	33.9248	32.149	31	
106	87.9054	69.9685	55.1656	41.1511	33.5821	31	
116	95.1598	74.6579	56.9302	39.3152	35.2103	33	
110	86.4353	69.9948	56.3987	44.4207	36.9572	35	
106	91.1662	78.4253	66.6721	54.9859	44.9404	36.3516	36	
115	95.0504	75.392	59.6965	47.1581	35.157	32.6941	32	
108	89.1516	78.4456	68.3617	59.8988	51.4735	43.1991	35	
121	99.5955	80.8529	65.0777	49.6953	36.7566	32	
107	77.7063	63.7631	50.6055	42.3902	35.8768	32.5056	31	
122	105.416	89.32	74.2383	60.0076	48.8909	41.848	36	
105	86.6963	68.9315	51.3897	43.1019	35.7247	35	
114	97.9799	82.59	70.446	59.2759	48.6213	40.7545	36	
122	99.3357	81.2365	66.7802	53.1539	39.8273	36	
114	95.0865	77.1195	60.8187	46.6193	35.5817	31	
109	86.7923	71.9355	57.4141	49.4699	42.9184	38.9205	35	
121	94.7203	70.0237	52.4512	43.9815	38.2296	34.5092	31	
122	91.1561	61.2029	51.4054	43.5873	38.1112	36	
115	95.2353	76.3142	59.3214	46.2654	34.4146	32.6471	31	
106	87.6971	69.6255	54.31	42.3184	34.8499	31	
101	84.4516	68.2487	52.3722	42.9461	37.9163	34	
112	95.5539	79.3931	63.9452	49.4241	35.3309	34.0238	34	
102	83.257	65.4121	53.1364	40.9404	31.9382	31	
117	92.8896	71.2025	58.4417	48.6258	40.5276	32.9816	32	
103	81.0503	68.3412	58.1688	48.0999	39.144	32.0518	32	
113	89.4755	70.644	54.6223	43.3234	39.4076	36	
123	99.6889	80.6687	64.5592	55.1243	47.2452	40.2444	35	
116	90.3076	70.9693	59.09	47.4594	38.3428	35	
109	89.6865	72.1995	57.5492	48.7668	40.0816	34	
114	93.6069	75.3557	61.3654	49.9499	39.1723	35.5266	34	
110	89.8186	73.447	58.2293	43.8389	35.9579	35	
121	100.586	80.4889	60.8953	47.0209	35.4236	35	
118	95.4438	74.0876	55.4745	47.3924	40.7799	35	
101	85.9786	71.2646	58.2925	46.9394	37.0003	33.414	32	
119	87.7166	69.2044	53.9728	45.5758	39.2489	34.406	33	
105	85.1647	68.6672	54.8593	46.4065	38.7221	35	
123	103.24	83.6276	66.3216	55.1298	46.8364	38.9661	33	
113	86.0776	63.3636	41.6297	37.7672	35.9224	35	
121	99.6204	78.8537	62.0835	48.9664	36.0945	32	
106	89.4357	75.4938	62.9793	50.8963	40.0747	36.4398	34	
119	93.0552	74.7086	62.2922	51.2965	41.8452	34.3089	34	
102	86.1773	71.6104	58.1834	49.5476	41.5493	35	
120	97.7894	80.5377	69.1064	58.1874	48.316	39.7251	36	
113	93.4719	75.3281	59.1669	49.8892	42.5194	36.7957	35	
103	85.227	68.2827	52.2778	41.1536	32.3499	32	
107	83.8572	66.7188	49.7459	38.73	34.6877	31	
105	84.6534	68.2059	54.3395	41.1596	31.9885	31	
103	76.7213	56.3326	48.5169	41.3431	36.6991	35	
113	96.0084	80.4778	65.4162	51.3286	41.6062	34.6797	31	
114	96.446	81.7118	70.0952	59.4715	49.4236	39.8325	36	
114	94.7667	76.6063	59.9956	47.6569	38.8151	32	
120	91.4284	64.6941	48.5862	40.8997	37.9293	36	
108	91.5613	78.0247	64.6302	54.422	44.5994	38.0645	35	
113	97.1104	82.0997	67.7267	55.9559	46.1499	36.9298	34	
102	84.1432	67.5633	55.3959	46.1765	39.5483	35.3986	32	
103	90.5204	78.2962	66.1259	54.2648	43.641	37.2129	31	
122	94.4335	70.5869	53.7916	39.3838	32.0272	31.4997	31	
120	99.9413	80.6532	64.9761	55.6624	46.833	39.4349	36	
105	88.8009	73.3221	58.265	45.7379	34.2299	33	
122	92.6407	69.0532	54.5468	46.9664	41.4255	36	
101	83.5453	69.7497	59.473	49.5464	40.2151	34	
104	85.3128	70.5608	55.9473	43.3903	34.3532	32.2768	32	
118	94.9173	75.2318	60.5957	47.7048	38.0482	36.4659	35	
114	95.4646	78.1493	62.7388	48.3557	41.421	35.8989	35	
113	93.363	74.6555	58.1233	43.6477	37.3591	32	
122	103.464	86.6479	70.2722	57.7755	47.1963	38.6448	36	
120	86.0102	60.4822	45.6978	38.7572	36.5705	36	
120	102.186	87.7795	73.5624	60.3864	47.6269	35.3029	35	
116	95.979	76.6953	57.7468	41.3233	33.1675	31.2905	31	
112	87.4145	70.037	55.6925	44.7022	35.9956	31	
109	91.6731	74.4627	57.4851	45.3	36.9955	31	
119	95.3737	73.6694	55.8387	40.4624	32.9812	31	
111	89.155	69.401	50.0652	36.9533	33.4846	31	
115	93.2559	72.8708	56.7138	43.8787	33.4345	32	
103	80.6626	62.093	45.0892	34.0796	32.9297	32.3181	32	
122	95.89	71.3124	53.277	37.835	33.3556	32.1473	32	
106	81.4892	62.4528	47.8454	40.0877	34.0907	32	
106	91.7989	78.458	65.1354	51.9408	41.7476	33.4392	33	
109	92.0686	76.4278	61.7551	48.1352	34.7531	31	
101	83.0552	71.0541	61.3434	52.2385	43.1525	36.2055	31	
108	92.5382	79.0332	67.2123	57.3642	50.0183	42.8167	36	
112	95.6693	79.5404	64.8649	51.2391	38.2189	34	
121	92.5849	66.0566	55.4906	46.3585	39.1132	33	
101	84.0255	67.1818	53.4145	45.1673	39.5818	37.0945	35	
121	88.4809	61.7786	42.9084	34.8473	32.4656	31	
109	87.9027	69.7672	57.1453	46.5511	37.6201	35	
118	98.1526	81.9439	66.4588	52.2968	41.3187	34	
113	92.6845	73.3133	58.8349	46.102	39.2062	35.8298	35	
111	84.7237	61.0721	51.419	43.8365	38.6163	35	
101	78.5615	60.1839	51.1213	44.353	39.1678	34.9233	31	
123	99.7958	77.3037	62.2251	50.4136	40.6963	35	
118	97.8935	78.5185	64.3896	51.7029	41.7333	34	
115	84.6569	55.0137	44.3393	38.5647	34.0499	33	
112	90.1135	73.4289	60.4243	48.1391	36.3796	34	
112	94.229	77.9609	61.9975	47.9838	35.6761	32.3046	32	
113	87.6062	67.5315	55.9327	46.1527	37.1276	35	
104	88.975	74.2683	61.6148	52.1605	43.3588	35.0823	34	
106	83.5518	64.3373	53.8162	45.404	39.7333	35.3046	35	
102	78.5026	62.585	48.1833	37.4295	34.8002	33	
119	100.502	82.0503	64.8117	49.416	37.8459	35.0467	35	
123	104.607	87.4458	73.1126	59.5874	47.178	36	
109	93.0201	79.1199	66.3656	55.2667	46.1626	38.6077	35	
121	97.6372	78.0124	62.1257	48.5752	38.7109	34.7652	33	
114	92.2478	74.5282	59.2518	47.8894	39.3498	31	
118	81.8236	54.3989	46.4135	40.2833	36.9359	35	
106	83.5468	67.8222	53.6996	44.9747	37.2849	31.764	31	
101	80.2657	63.6994	50.3068	38.649	35.6235	33	
116	86.1367	66.238	49.6506	40.4152	32.4557	32	
116	100.05	84.2587	69.1934	55.9206	46.8452	38.8815	36	
117	97.7502	80.4602	64.9154	50.4444	44.0815	37.7454	32	
115	74.5657	55.9617	44.9836	36.3521	33.7542	33	
116	92.0955	69.5562	52.3104	37.1264	33.3373	32	
123	102.175	82.8444	68.3635	54.963	43.6082	37.9997	36	
108	91.1047	74.6366	59.7026	48.7692	39.7778	32.8643	31	
115	86.2745	61.3504	49.6088	38.327	31.7358	31	
108	85.8029	69.1264	54.8527	42.0665	36.8891	34	
122	94.93	73.2477	51.5982	37.0776	31.6242	31	
121	96.5189	78.4213	62.4297	50.1562	40.1861	34	
121	97.9337	82.4701	68.1563	56.1187	45.0666	35	
122	94.1479	67.548	49.1327	34.5348	32.8856	32	
108	89.7989	76.9785	64.3573	51.8025	41.3291	34	
108	88.8355	71.5942	54.6401	42.7259	34.6799	33	
102	77.9043	61.7026	48.6052	38.6713	35.833	34.8278	34	
114	87.5521	64.845	52.3429	40.5628	36.0016	34	
105	70.5821	56.9875	45.2411	37.4786	36.2054	36	
115	95.0838	76.5354	61.4183	46.4932	38.8387	32	
107	85.9711	67.7175	53.9088	41.7699	35.4747	32	
107	91.096	76.088	61.304	49.416	39.432	35.256	35	
110	91.3379	73.7666	56.6911	44.5736	32.9718	32	
113	94.8519	78.5741	62.4259	48.3148	36.2037	33.2222	31	
122	105.701	90.0027	75.1506	61.692	49.8385	39.2727	31	
111	84.303	66.4545	54.7576	46.2727	38.3939	36.3333	36	
113	96.7212	85.2303	74.0516	63.1228	52.2772	42.5349	34	
115	93.8727	74.0703	57.731	41.9727	37.6264	35	
103	82.3569	68.7	56.0121	47.2455	40.2368	36.9916	36	
108	86.9142	69.9316	56.0264	46.2016	37.2657	32.1368	32	
102	85.4535	69.9146	54.7386	40.3687	36.6805	34	
123	99.3753	83.5278	69.0654	56.1477	43.6828	35	
120	97.9308	78.3522	61.8868	47.1509	36.0126	32	
109	90.8604	75.0613	60.0694	45.1178	34.0404	34	
118	94.5583	71.9133	61.4641	52.5471	44.488	37.5628	36	
119	99.4467	80.7596	64.3414	49.9445	41.2817	35.5064	32	
111	94.9287	79.1664	65.0847	54.8663	45.208	36.6315	33	
104	88.1393	72.5743	61.8156	51.7225	42.9602	34.5493	31	
107	88.0383	72.4321	59.7535	49.1917	39.9811	33.9008	33	
114	93.4061	75.5427	60.3057	45.9233	37.7941	35.2512	33	
120	99.3892	79.9936	64.6406	52.7695	41.9968	33	
106	90.099	75.5403	61.2707	49.4792	41.6113	34.2803	33	
119	98.8899	81.2021	66.6908	52.2481	45.1638	38.3767	36	
112	84.2933	66.0903	48.4355	38.0181	32.3159	31	
105	88.904	74.233	62.4921	51.8551	41.2984	36	
109	85.7026	62.7667	45.131	40.7944	36.6746	36	
118	91.7429	72.9597	56.2745	43.359	38.8353	35	
107	89.6813	73.1048	58.3051	44.2027	32.6194	31	
104	84.6105	66.8602	54.2839	42.3991	34.8175	32	
122	92.0169	64.1843	54.7532	46.1515	38.5943	36.6282	35	
111	89.814	73.2393	60.3841	48.7905	42.9828	38.1975	35	
117	92.1629	70.2588	60.742	51.2877	42.3638	35.468	35	
121	98.324	79.4196	61.0274	49.6661	40.9356	37.3969	36	
120	100.879	84.2685	68.4944	56.0917	45.7315	36.0112	32	
109	89.4724	72.7692	57.6767	47.2178	39.7157	32.8535	31	
116	99.1453	83.7684	69.6261	55.7644	42.7446	38.6291	35	
120	95.5014	77.8513	64.1265	52.2392	41.0756	33.3641	32	
119	95.4146	74.3728	60.4412	47.4924	39.4571	34.2834	32	
117	100.777	84.7208	71.232	59.2531	47.4588	41.2177	36	
115	93.8102	76.763	62.7521	50.4113	39.8923	31	
112	90.8856	72.4585	60.2378	49.9366	39.6566	32	
109	87.2902	67.4479	53.6491	43.7928	37.1528	35	
105	85.4548	67.1602	52.7787	42.0278	35.4119	34.6051	34	
115	93.1949	76.2696	60.6412	45.6282	34.6817	32	
120	99.4686	82.7053	66.3871	54.3709	42.5327	32	
116	88.936	67.7481	52.4081	39.0174	35.6555	33	
113	87.6585	64.5312	50.3706	43.7003	37.7408	34.515	32	
115	88.0444	65.6759	43.847	35.0777	33.2428	33.1079	33	
106	88.2991	72.3413	61.269	52.1608	43.7891	37.1604	35	
116	98.2656	81.6305	66.3878	51.5481	40.3359	32	
119	95.5345	73.253	57.9412	46.7198	39.2388	32	
106	89.9403	77.0958	65.2319	55.2971	46.166	37.453	33	
121	89.3465	57.9291	40.4826	34.847	32.3836	31	
108	93.0187	78.3186	64.7276	51.5429	40.4045	32	
101	85.6413	71.1427	58.0834	49.2719	42.9705	36.8095	32	
109	90.7089	74.1628	60.5934	48.4199	39.7567	36	
103	84.6591	69.2712	55.6913	46.8121	38.8369	36.5669	35	
101	82.9349	69.2812	57.651	46.5677	37.7083	32.4401	31	
107	86.4348	71.1304	55.913	46.6087	37.5435	33	
113	96.7049	81.6077	66.7768	53.0296	41.2979	32	
101	86.4761	72.053	60.2828	49.0499	38.5054	34.2238	31	
113	88.4452	73.3265	61.6518	50.4592	43.5714	37.4758	32	
120	101.142	82.5221	65.5084	48.8419	42.5702	37.21	33	
120	99.9904	82.4975	68.2639	55.763	47.326	40.0235	34	
120	98.086	76.8326	61.2286	48.4036	35.7609	32.4807	31	
105	83.3876	64.1853	50.386	42.3009	37.0921	33.5937	32	
101	75.8523	58.1116	47.6334	41.2019	36.3241	33	
102	80.9436	64.494	50.1977	42.5863	36.3771	35	
117	94.1055	73.0837	56.0416	41.9725	34.3175	32.7491	32	
108	91.3419	74.8612	60.1745	51.2836	42.6095	35	
104	86.796	72.1786	57.6307	43.5168	34.229	31.5382	31	
117	92.6527	69.8875	51.0579	33.4244	33.0386	33	
106	89.8454	74.0173	63.2643	53.9936	46.2304	38.7183	35	
106	83.9352	70.163	58.5885	47.4829	38.487	35	
106	85.6811	66.6056	52.1073	38.6936	36.2066	34.0901	32	
108	94.4212	81.4209	69.2055	58.5876	49.099	40.2852	33	
118	88.4299	75.8861	63.377	52.779	42.3547	37.1774	32	
105	85.4028	70.7637	57.7512	45.6206	38.2912	33.8231	33	
115	95.5184	79.0032	62.8866	47.0135	41.4347	37.162	33	
117	96.1397	76.0149	58.2733	48.2403	41.0907	34.4413	34	
111	93.1854	76.3689	63.4317	52.3964	42.5287	33	
112	96.1638	80.4107	64.874	53.0966	45.1785	37.8925	34	
103	88.5229	74.826	61.5341	48.8873	38.9709	33	
108	83.7437	71.6956	60.7049	50.0668	41.0307	36.5447	36	
107	88.0494	70.107	60.0864	50.4156	42.9465	36.3621	32	
121	91.6132	71.6531	56.6925	46.3499	36.3889	32	
117	92.6422	70.6484	57.0484	45.8391	38.0031	33.1422	32	
109	84.1118	64.7914	50.1408	41.0322	35.3105	31	
120	91.7551	71.5706	55.3155	43.4264	36.1049	31	
120	93.901	68.712	54.9637	41.2804	35.7876	34	
104	85.5504	70.7696	58.6667	48.9253	41.925	37.9398	36	
122	91.0872	67.6339	52.3039	39.2181	35.3935	32.1695	31	
106	86.7481	74.2816	62.5779	51.2155	40.4151	31.5219	31	
115	86.7219	60.7204	49.9364	43.8554	37.8942	34	
121	103.276	87.7003	74.8244	62.3748	51.3814	41.205	33	
115	98.8819	83.5237	69.2083	57.4201	47.0459	39.2519	36	
109	86.4098	66.9344	51.2951	37.4262	33.8852	33	
119	98.7657	81.1381	64.3576	51.2917	44.1234	37.6067	35	
113	97.42	81.9064	66.5758	53.0576	41.8173	38.2424	35	
114	93.2857	76.5668	60.0143	48.1232	37.4926	31	
106	85.6598	66.9747	53.2984	43.3679	35.3102	32	
107	88.5694	71.9994	57.3994	43.675	36.3859	35.0945	34	
122	100.086	78.2204	59.4157	45.6795	40.1948	36.9872	34	
109	84.6749	64.903	48.9546	41.7602	36.05	32.2012	32	
109	82.9723	64.0487	52.6271	43.6858	37.1942	36	
112	97.6038	83.5003	69.5595	57.3919	47.404	40.6044	34	
109	90.9209	76.3598	62.4695	48.7062	38.6784	34	
122	106.619	91.5436	77.194	64.9566	53.9123	44.303	35	
103	86.6093	72.7778	59.129	47.8262	37.1631	35	
107	86.3384	69.5779	53.8289	44.0038	37.1768	31	
114	94.0114	77.952	61.9612	49.1228	37.9292	34.5711	34	
123	98.091	81.7072	67.4338	53.6048	43.9411	37.9985	33	
116	84.9652	69.175	58.1025	48.6669	41.4458	37.1131	34	
122	97.1537	74.7636	61.8621	49.6846	40.1701	32	
102	80.9212	70.0525	59.5461	49.2043	38.8955	33	
117	101.185	86.1465	72.3756	58.7906	47.3684	38.3456	35	
111	75.6328	59.3062	45.485	40.6831	36.0064	33	
110	87.7484	70.2994	55.3049	44.8995	38.2294	33.6937	33	
119	91.643	68.7052	52.1858	39.5595	35.7015	35	
116	97.2392	78.8906	65.742	55.7317	45.9275	38.4827	32	
106	87.3976	70.2042	58.6466	47.5383	38.0431	34.0613	34	
115	89.1387	66.936	52.2299	43.9443	36.6629	32	
113	92.261	75.0924	59.8486	47.9578	36.3775	32.5588	32	
108	82.0897	64.1704	57.5112	51.296	45.4843	40.0762	36	
123	103.259	84.5155	67.2792	56.9417	48.1537	39.7691	32	
121	100.167	81.246	63.6411	50.7788	38.0406	33	
117	90.7667	72.3364	54.7797	46.569	40.5421	36	
111	94.9213	79.6506	64.9778	51.0967	41.4172	36.9249	34	
119	100.558	85.2878	70.1708	56.965	45.6129	36	
104	82.2555	63.61	50.6547	42.2211	36.2515	34.0161	33	
119	101.648	84.9507	70.7827	58.1889	46.4441	40.5717	35	
117	97.2797	79.6545	62.9605	51.3212	41.7437	35.392	32	
121	98.5445	83.4402	68.3596	57.0845	49.3315	41.8384	36	
110	89.6423	70.04	53.5619	43.8016	37.2676	33.6942	33	
121	93.2802	69.4944	53.9398	44.0139	37.659	32	
109	89.4264	71.2308	60.1628	49.8484	44.0775	38.3928	34	
101	85.2396	69.6364	54.3127	43.1476	33.5551	32	
112	93.1654	76.7419	63.3666	51.2878	42.3482	34	
102	75.7149	52.5167	40.3563	37.1448	34.588	32.4677	32	
113	91.6001	72.5042	53.955	43.177	37.085	34	
115	86.2382	71.167	59.2596	51.12	43.5844	36.2213	33	
110	88.6098	69.9467	51.8765	41.3237	34.4703	33	
118	88.8858	65.0956	43.6782	35.0687	33.1521	33.0304	33	
109	90.5752	72.7857	55.7049	47.0545	39.015	31	
123	99.2143	78.7418	63.511	50.9753	42.9643	37.2775	33	
101	84.5338	68.8982	54.8871	45.2511	38.4947	33.2521	31	
116	93.5985	75.3739	61.2407	50.7694	40.3268	32.0586	31	
117	98.551	81.0816	66.5714	55.7959	45.3061	37.449	34	
114	94.1515	76.9844	59.8481	44.5303	31.3082	31	
115	98.2464	81.6588	66.7736	55.7499	45.2036	37.2939	32	
116	92.1293	71.7625	54.2427	45.7018	41.0299	36.577	33	
102	86.5272	71.6669	58.2245	45.6921	39.4785	34	
119	98.8004	79.9475	61.7019	44.8029	37.2512	33	
114	87.5816	71.1042	55.6821	45.7071	38.0812	31	
113	90.5879	70.9772	54.1236	44.385	36.2028	31	
106	89.8963	76.2508	63.6087	53.3579	45.2809	39.2776	36	
116	92.6118	71.8503	55.5341	47.4013	41.1628	35	
103	89.0165	75.0907	62.9831	50.9478	41.5388	34.9006	32	
111	88.6499	68.7799	52.3347	43.1821	37.8382	34.9448	34	
114	69.5082	61.6951	53.9361	46.9911	40.3173	35	
103	88.7823	75.2965	62.8532	51.9403	42.6023	36.1034	32	
102	82.9888	68.1573	55.2472	45.8764	38.2584	36.4045	36	
120	101.599	88.1354	75.1389	64.0125	52.9608	42.7694	36	
103	79.1259	62.4673	51.0387	40.8208	36.414	33.7748	33	
110	88.1509	66.578	53.1324	45.3965	38.9961	35.4505	34	
118	82.813	66.7114	51.33	44.8996	39.5496	36	
113	93.923	78.0976	66.0381	54.0198	43.0922	35.7043	32	
112	94.2318	77.1384	62.7215	52.0606	43.154	37.8685	34	
103	87.1975	71.4319	57.3995	46.5203	40.1034	35.0326	34	
122	82.776	62.0982	52.7186	45.2042	37.9563	33	
119	94.1933	71.2797	52.5981	43.0485	34.6682	34	
115	98.0018	81.13	66.1167	55.1816	44.5171	36	
117	85.437	66.2773	53.7059	41.3025	35.9244	33	
121	99.3246	80.0481	61.449	50.1879	41.0436	35.4554	33	
104	85.9014	73.0439	61.5815	50.2133	41.3148	36.4886	34	
122	99.8507	78.2986	63.4718	50.229	38.7778	34	
109	94.7474	81.2227	69.0228	57.5945	49.238	41.4202	35	
102	84.3063	67.3452	53.2579	39.5463	33.2915	31	
103	86.1185	69.6745	57.0649	44.5582	38.871	34.8307	32	
114	89.6175	65.8641	52.924	45.3456	41.5415	38.5461	36	
108	90.6717	73.5417	59.0443	45.3584	40.1833	36	
108	88.1828	68.4814	52.7619	42.3671	37.9221	33.6161	31	
110	86.5463	67.4138	50.7829	44.0453	39.2693	36	
112	88.482	67.717	47.4239	37.723	35.3371	34	
121	91.9191	70.5089	51.2835	40.6998	36.476	34	
104	89.0185	74.6162	61.936	51.3438	40.843	34	
114	95.7258	78.853	65.5491	53.1981	43.1641	33.672	31	
107	86.082	65.4338	47.5126	38.7918	32.4685	31	
114	93.9281	76.1871	62.0072	49.9317	39.3453	33	
116	97.7047	82.9532	70.1731	58.6998	47.3815	40.1386	35	
109	93.6636	79.3352	65.2228	52.9285	42.1462	35.396	35	
103	86.5736	71.0859	55.7025	44.8384	37.1033	35.2955	35	
106	90.8933	77.9542	65.582	55.4275	46.1067	37.2695	31	
110	89.1838	74.476	60.6875	50.9614	42.5103	35.6309	34	
118	96.7512	77.4431	65.4254	54.2784	43.1564	35.7417	34	
112	92.741	76.5546	61.1313	49.0216	38.378	34	
115	98.2387	82.9263	67.6139	53.4642	45.1283	38.3128	33	
106	82.6628	68.3779	56.1337	47.657	40.75	34	
105	86.7916	69.948	53.7369	39.0237	32.5992	32	
103	84.9303	69.9927	56.6674	46.1222	40.5808	35.7622	32	
121	94.5468	70.0758	53.2452	37.0994	34.1442	34	
112	88.8448	66.2861	54.112	43.7274	39.1452	36.8405	36	
116	95.2035	74.6628	55.076	40.0717	34.8377	33	
112	84.6348	62.2751	50.025	40.2776	34.7453	33	
117	88.5624	69.6978	51.2087	34.6592	33.1262	32	
109	87.2963	69.0294	53.5798	43.0221	36.9228	32	
121	100.314	79.7172	59.6598	41.1073	33.6504	31	
120	96.7104	75.0211	55.3505	46.2661	39.1512	36	
115	94.9614	77.4464	63.0858	49.176	36.2876	31	
108	90.3097	75.6158	62.6507	50.2329	43.6351	38.4778	36	
115	95.6043	77.1794	62.3269	49.6876	42.4264	36	
109	91.829	74.8163	63.0113	52.4377	41.8642	34.1583	34	
119	93.3731	70.3117	59.5692	50.35	43.0815	36	
122	87.0116	67.2339	52.2874	41.0398	34.6989	31	
105	87.5793	70.4585	56.0095	42.6236	33.4635	33	
102	86.2088	70.527	57.4162	47.1683	38.1422	33.7112	33	
119	97.7244	78.525	60.351	47.5087	34.6921	34	
122	105.574	89.4289	74.7091	61.977	51.7763	41.9693	34	
101	85.1593	70.4105	58.3663	47.3802	39.2667	35	
117	94.2456	73.0992	55.6314	44.5709	34.485	32	
113	93.4516	74.503	57.0025	42.2119	35.8819	31	
115	93.588	74.6457	58.8095	43.0242	34.6224	33.2985	32	
118	96.8828	76.2236	65.6168	55.1305	44.7889	34.4713	31	
110	86.3824	69.5894	53.495	43.9297	34.9287	32	
118	91.5577	68.8976	56.6383	49.4653	43.2052	37.5646	33	
117	96.9573	79.2371	64.4432	50.1369	37.7351	32.3006	31	
118	98.2556	79.3752	62.5785	50.6099	39.7085	36.151	33	
104	83.5986	70.6119	58.6811	48.0086	37.8529	33.6513	31	
115	92.5942	76.8217	61.8107	49.232	38.6433	34.5159	34	
111	88.9439	69.4761	52.459	38.581	32.0826	32	
102	83.7559	66.77	55.4067	49.4695	43.7289	38.5977	35	
101	84.5838	70.6441	58.8626	48.1779	39.8814	33	
116	95.3657	78.6629	63.1078	49.2376	37.1501	34	
109	94.8916	81.3896	68.127	55.7103	46.5654	38.2822	36	
111	96.5757	82.1834	69.4861	58.3561	47.4659	37.2633	36	
108	85.7933	66.1139	55.7345	49.1092	44.0299	39.196	35	
110	90.6515	77.6693	65.2696	53.078	42.9669	34	
108	84.0699	68.6844	55.3433	43.1817	37.6513	36.7339	36	
116	99.1075	83.38	69.8625	57.3216	47.5219	39.1099	32	
117	96.9658	78.7383	62.6989	48.9881	40.5569	36.9836	36	
123	102.661	83.437	66.0155	50.1174	43.7238	37.416	36	
102	84.8053	70.0919	55.9795	43.0302	37.3309	33.4345	32	
107	80.7256	62.4174	47.8547	36.0313	33.0405	31	
112	86.3206	60.8039	49.4776	40.4296	32.0325	32	
116	92.1713	71.8235	54.4959	39.4207	35.9398	32.8684	31	
105	86.1181	68.8227	57.4426	49.1376	41.3616	35.3875	31	
122	85.3814	63.1201	48.3046	41.2787	35.5511	32.6491	32	
111	86.845	64.4792	51.3682	41.7432	37.0232	34	
114	94.6396	76.8704	61.4881	49.421	37.818	34.1935	33	
116	96.5032	77.479	61.598	50.5656	39.7181	36.2871	33	
109	94.3974	80.4271	66.6375	52.9532	43.439	34	
105	79.8729	60.4323	43.9416	36.407	33.8126	32	
119	94.8786	71.1158	53.4159	42.4309	32.5541	32	
110	94.1411	78.6544	65.3642	55.5175	46.434	38.8024	34	
121	92.7086	76.4411	60.4977	48.2675	38.4245	32.5305	32	
109	77.4957	52.6373	42.7962	35.8946	35.1598	35	
112	90.0475	69.9244	55.081	44.9153	36.8105	36	
114	89.7986	67.013	53.363	42.5178	36.8548	36	
109	89.7681	73.0147	57.5005	43.2493	32.0724	31	
101	81.8248	66.2384	52.989	42.2642	36.255	33	
107	90.1033	73.9249	61.5773	50.7005	42.6797	35.4285	33	
105	88.5273	75.112	61.817	52.2494	43.1285	36	
103	86.5522	71.5522	58.9428	47.2761	38.0168	33	
105	86.4737	71.3835	57.4707	46.97	37.6468	33.5619	32	
119	92.8926	74.1158	57.1396	47.1081	37.559	31	
110	95.0906	80.4233	66.24	52.2664	38.5672	32	
112	93.6449	77.2416	61.9621	49.7976	38.2049	33	
102	74.9826	66.8284	58.8101	50.7919	44.4316	39.2402	35	
119	82.6864	59.0422	40.0784	34.1068	31.0403	31	
113	94.9588	77.0368	59.2738	50.889	43.5772	36.921	31	
123	105.299	88.3579	71.9588	56.4924	45.0174	33.8026	33	
108	91.3605	76.2626	63.8809	53.31	44.7455	38.1631	33	
121	99.9673	82.5601	66.7518	52.9701	41.4629	37.0492	35	
102	85.8332	70.66	55.6524	46.9997	40.2928	34	
115	97.4335	81.0105	67.3476	53.7242	40.2388	37.6364	36	
117	95.6945	75.805	58.8782	47.2451	38.357	34	
113	91.4316	70.4771	57.0282	47.0672	39.5057	32.8929	32	
109	81.5218	59.4564	47.9128	42.0305	36.452	34.3532	33	
108	84.4402	62.1304	48.788	38.0543	34.9837	33	
122	98.2505	77.8455	63.9415	51.6159	43.3111	36.6973	32	
122	91.6942	69.3089	49.2171	35.1804	33.4373	32	
101	82.5038	68.4965	57.749	49.0689	43.5368	38.0979	34	
105	84.2154	63.6258	51.0881	40.8072	31.7523	31.1114	31	
114	96.1921	79.4682	63.5959	47.8011	39.2456	34.3678	34	
112	93.6924	75.7258	63.9352	53.2273	44.0635	35	
122	97.2883	75.6656	54.117	45.196	37.8072	32	
120	98.8669	78.7355	62.2932	47.9764	41.2578	36.1761	33	
110	84.8061	61.914	47.6728	40.9444	35.4553	35	
101	78.2441	65.6722	56.2375	47.505	39.2408	32.6388	31	
104	83.3172	65.8964	53.5275	44.3754	37.7379	34	
109	86.5012	70.4443	56.6404	45.7876	39.2823	35.0936	31	
120	95.9278	78.7795	61.7931	48.6569	40.9564	34	
122	99.5009	78.4483	57.7316	43.2402	36.679	35.5425	35	
116	95.9536	77.1144	59.9317	43.0579	38.0884	35	
109	89.9213	74.3309	59.975	48.3023	37.864	34	
33.6	12.32	12.32	32.48	14.56	33.6	17.92	28	14.56	16.8	12.32	16.8	11.2	14.56	16.8	11.2	23.52	11.2	33.6	24.64	19.04	32.48	24.64	33.6	32.48	21.28	12.32	26.88	23.52	28	19.04	26.88	15.68	21.28	11.2	31.36	22.4	30.24	15.68	11.2	19.04	19.04	22.4	32.48	33.6	15.68	15.68	11.2	21.28	21.28	22.4	16.8	33.6	28	33.6	31.36	23.52	29.12	22.4	21.28	13.44	32.48	14.56	16.8	32.48	23.52	12.32	24.64	19.04	24.64	23.52	26.88	19.04	28	17.92	14.56	32.48	15.68	16.8	33.6	23.52	16.8	25.76	33.6	30.24	30.24	15.68	28	17.92	11.2	28	19.04	16.8	25.76	14.56	17.92	21.28	11.2	14.56	30.24	17.92	33.6	24.64	24.64	24.64	33.6	21.28	26.88	24.64	15.68	15.68	14.56	32.48	12.32	20.16	19.04	20.16	17.92	22.4	16.8	11.2	25.76	30.24	19.04	29.12	25.76	13.44	15.68	15.68	12.32	13.44	22.4	14.56	29.12	33.6	25.76	21.28	11.2	22.4	23.52	13.44	28	21.28	29.12	11.2	11.2	14.56	21.28	20.16	11.2	26.88	20.16	14.56	23.52	24.64	22.4	33.6	29.12	12.32	12.32	14.56	20.16	32.48	12.32	22.4	28	29.12	14.56	30.24	19.04	17.92	30.24	33.6	30.24	32.48	32.48	11.2	21.28	23.52	20.16	28	14.56	11.2	15.68	11.2	28	26.88	31.36	19.04	30.24	21.28	24.64	13.44	26.88	32.48	24.64	16.8	12.32	26.88	30.24	16.8	15.68	17.92	14.56	26.88	30.24	15.68	13.44	19.04	13.44	13.44	13.44	19.04	13.44	17.92	29.12	21.28	31.36	32.48	16.8	14.56	13.44	25.76	31.36	25.76	31.36	19.04	11.2	24.64	33.6	17.92	25.76	14.56	13.44	23.52	14.56	29.12	26.88	13.44	30.24	23.52	22.4	29.12	31.36	19.04	25.76	14.56	13.44	19.04	29.12	17.92	20.16	22.4	31.36	32.48	30.24	33.6	11.2	22.4	31.36	23.52	26.88	32.48	11.2	19.04	26.88	14.56	33.6	24.64	11.2	26.88	17.92	33.6	20.16	14.56	12.32	32.48	16.8	23.52	16.8	14.56	12.32	29.12	16.8	19.04	25.76	28	23.52	33.6	33.6	32.48	30.24	15.68	22.4	24.64	26.88	23.52	24.64	22.4	30.24	32.48	29.12	17.92	17.92	15.68	21.28	33.6	28	16.8	17.92	11.2	11.2	25.76	12.32	22.4	29.12	13.44	13.44	33.6	21.28	19.04	20.16	11.2	17.92	21.28	32.48	24.64	24.64	26.88	15.68	13.44	24.64	15.68	14.56	21.28	32.48	12.32	22.4	15.68	32.48	15.68	14.56	29.12	33.6	30.24	25.76	23.52	17.92	25.76	14.56	19.04	25.76	20.16	21.28	25.76	14.56	26.88	25.76	14.56	23.52	32.48	25.76	29.12	15.68	15.68	25.76	31.36	16.8	28	13.44	25.76	25.76	21.28	22.4	32.48	19.04	31.36	19.04	13.44	13.44	25.76	20.16	13.44	13.44	23.52	32.48	13.44	13.44	26.88	26.88	15.68	19.04	30.24	29.12	28	24.64	24.64	31.36	24.64	16.8	12.32	14.56	20.16	19.04	13.44	14.56	25.76	25.76	29.12	20.16	31.36	16.8	33.6	11.2	21.28	20.16	11.2	26.88	25.76	31.36	29.12	23.52	30.24	30.24	22.4	25.76	11.2	26.88	21.28	12.32	16.8	28	16.8	16.8	19.04	20.16	17.92	24.64	12.32	17.92	12.32	26.88	15.68	24.64	22.4	29.12	11.2	14.56	14.56	29.12	30.24	26.88	33.6	17.92	17.92	31.36	15.68	19.04	12.32	20.16	13.44	22.4	12.32	14.56	25.76	17.92	32.48	24.64	14.56	22.4	24.64	21.28	14.56	13.44	24.64	28	26.88	17.92	31.36	28	28	21.28	25.76	12.32	11.2	22.4	14.56	20.16	12.32	28	33.6	12.32	25.76	20.16	16.8	24.64	32.48	26.88	17.92	20.16	12.32	24.64	14.56	15.68	13.44	30.24	28	33.6	33.6	29.12	32.48	11.2	14.56	33.6	11.2	23.52	24.64	31.36	12.32	32.48	28	14.56	26.88	31.36	31.36	22.4	13.44	33.6	19.04	13.44	22.4	12.32	16.8	24.64	33.6	23.52	29.12	33.6	21.28	29.12	16.8	21.28	22.4	23.52	11.2	14.56	29.12	33.6	26.88	24.64	19.04	23.52	31.36	28	11.2	20.16	17.92	14.56	33.6	30.24	23.52	19.04	11.2	15.68	15.68	33.6	26.88	20.16	30.24	12.32	32.48	17.92	31.36	24.64	21.28	31.36	31.36	29.12	30.24	33.6	15.68	22.4	16.8	31.36	33.6	23.52	11.2	25.76	14.56	31.36	29.12	31.36	21.28	31.36	26.88	32.48	30.24	14.56	11.2	25.76	21.28	15.68	23.52	11.2	24.64	31.36	12.32	22.4	31.36	31.36	16.8	11.2	29.12	26.88	26.88	22.4	17.92	16.8	29.12	26.88	31.36	19.04	22.4	25.76	11.2	29.12	24.64	25.76	24.64	16.8	25.76	14.56	11.2	11.2	17.92	17.92	21.28	20.16	28	15.68	26.88	28	16.8	26.88	20.16	11.2	23.52	24.64	28	29.12	21.28	31.36	32.48	15.68	29.12	22.4	24.64	11.2	23.52	19.04	16.8	20.16	14.56	13.44	26.88	29.12	17.92	19.04	30.24	23.52	29.12	13.44	20.16	11.2	23.52	19.04	17.92	29.12	28	13.44	23.52	14.56	12.32	11.2	22.4	20.16	17.92	33.6	33.6	26.88	26.88	22.4	17.92	31.36	31.36	19.04	21.28	32.48	17.92	30.24	25.76	21.28	33.6	12.32	28	23.52	21.28	11.2	16.8	22.4	22.4	15.68	12.32	12.32	21.28	14.56	28	26.88	30.24	23.52	28	14.56	15.68	11.2	28	32.48	31.36	25.76	26.88	24.64	33.6	31.36	16.8	32.48	13.44	12.32	22.4	14.56	33.6	13.44	22.4	23.52	16.8	28	31.36	11.2	25.76	15.68	21.28	16.8	25.76	28	19.04	13.44	13.44	25.76	17.92	29.12	21.28	23.52	30.24	17.92	26.88	15.68	25.76	11.2	26.88	17.92	32.48	26.88	13.44	22.4	26.88	16.8	28	23.52	32.48	26.88	28	31.36	14.56	12.32	30.24	20.16	20.16	21.28	13.44	13.44	13.44	24.64	31.36	11.2	25.76	17.92	23.52	16.8	20.16	20.16	32.48	30.24	25.76	20.16	11.2	11.2	29.12	20.16	29.12	21.28	22.4	31.36	11.2	23.52	33.6	31.36	28	16.8	17.92	16.8	31.36	24.64	11.2	30.24	12.32	22.4	24.64	28	24.64	26.88	19.04	22.4	28	24.64	23.52	29.12	11.2	31.36	30.24	19.04	28	21.28	24.64	17.92	30.24	29.12	19.04	20.16	17.92	19.04	11.2	26.88	15.68	15.68	29.12	12.32	13.44	23.52	11.2	28	32.48	26.88	29.12	19.04	16.8	31.36	15.68	26.88	28	29.12	13.44	19.04	26.88	31.36	13.44	22.4	26.88	31.36	26.88	32.48	29.12	23.52	29.12	14.56	24.64	25.76	20.16	12.32	26.88	15.68	21.28	23.52	32.48	11.2	33.6	22.4	23.52	19.04	13.44	21.28	13.44	23.52	26.88	24.64	24.64	26.88	17.92	32.48	14.56	12.32	29.12	23.52	15.68	29.12	12.32	32.48	31.36	16.8	24.64	26.88	12.32	20.16	13.44	17.92	13.44	21.28	26.88	30.24	13.44	15.68	28	29.12	21.28	11.2	11.2	19.04	31.36	26.88	14.56	26.88	16.8	22.4	29.12	16.8	28	32.48	16.8	26.88	12.32	29.12	29.12	21.28	15.68	33.6	16.8	17.92	17.92	16.8	16.8	13.44	16.8	13.44	11.2	26.88	25.76	22.4	12.32	25.76	21.28	29.12	26.88	17.92	31.36	28	13.44	16.8	13.44	33.6	17.92	24.64	14.56	20.16	33.6	22.4	14.56	24.64	12.32	14.56	24.64	13.44	22.4	20.16	29.12	29.12	16.8	23.52	19.04	28	13.44	19.04	31.36	22.4	
13.44	32.48	15.68	13.44	16.8	17.92	32.48	14.56	14.56	19.04	29.12	24.64	26.88	19.04	14.56	30.24	28	30.24	20.16	16.8	14.56	29.12	14.56	19.04	14.56	19.04	19.04	21.28	23.52	25.76	20.16	24.64	28	29.12	21.28	22.4	13.44	11.2	29.12	11.2	22.4	16.8	24.64	14.56	22.4	14.56	13.44	16.8	11.2	33.6	22.4	30.24	23.52	14.56	32.48	13.44	14.56	28	25.76	24.64	24.64	25.76	33.6	29.12	17.92	22.4	20.16	12.32	17.92	30.24	23.52	16.8	22.4	31.36	30.24	17.92	14.56	22.4	21.28	33.6	31.36	19.04	21.28	20.16	15.68	21.28	17.92	33.6	11.2	30.24	31.36	24.64	25.76	26.88	32.48	29.12	15.68	21.28	11.2	12.32	26.88	16.8	12.32	32.48	19.04	29.12	24.64	26.88	22.4	32.48	32.48	11.2	28	21.28	22.4	12.32	23.52	32.48	23.52	16.8	17.92	11.2	30.24	26.88	33.6	33.6	23.52	19.04	20.16	11.2	22.4	11.2	29.12	23.52	17.92	30.24	24.64	12.32	11.2	22.4	29.12	14.56	21.28	24.64	11.2	25.76	28	28	13.44	32.48	26.88	19.04	26.88	16.8	26.88	30.24	19.04	30.24	24.64	25.76	28	19.04	19.04	21.28	33.6	29.12	24.64	32.48	29.12	15.68	33.6	33.6	30.24	30.24	20.16	29.12	25.76	30.24	24.64	14.56	24.64	14.56	15.68	29.12	29.12	24.64	15.68	33.6	11.2	21.28	16.8	13.44	13.44	29.12	12.32	31.36	28	20.16	24.64	31.36	24.64	25.76	25.76	28	32.48	29.12	14.56	13.44	17.92	21.28	33.6	30.24	32.48	30.24	20.16	20.16	19.04	11.2	21.28	25.76	19.04	13.44	26.88	30.24	13.44	15.68	22.4	25.76	25.76	24.64	24.64	21.28	33.6	20.16	15.68	25.76	11.2	13.44	19.04	32.48	11.2	21.28	24.64	30.24	23.52	22.4	19.04	20.16	16.8	26.88	29.12	19.04	30.24	26.88	17.92	22.4	11.2	11.2	33.6	25.76	32.48	28	29.12	22.4	22.4	19.04	12.32	26.88	19.04	25.76	14.56	17.92	33.6	23.52	21.28	25.76	26.88	20.16	17.92	21.28	16.8	19.04	20.16	11.2	13.44	32.48	13.44	30.24	30.24	15.68	23.52	13.44	20.16	16.8	21.28	16.8	12.32	29.12	33.6	30.24	31.36	16.8	30.24	16.8	12.32	21.28	23.52	25.76	25.76	11.2	13.44	13.44	31.36	19.04	12.32	31.36	12.32	28	31.36	14.56	23.52	16.8	22.4	12.32	23.52	13.44	16.8	33.6	16.8	16.8	12.32	32.48	30.24	29.12	14.56	32.48	16.8	19.04	28	14.56	23.52	12.32	19.04	22.4	12.32	12.32	23.52	13.44	17.92	29.12	17.92	22.4	16.8	19.04	28	14.56	19.04	20.16	14.56	23.52	25.76	23.52	13.44	13.44	31.36	33.6	30.24	16.8	19.04	25.76	23.52	13.44	33.6	20.16	12.32	12.32	14.56	19.04	25.76	33.6	20.16	31.36	19.04	32.48	21.28	20.16	17.92	30.24	23.52	33.6	22.4	21.28	29.12	24.64	14.56	28	33.6	25.76	17.92	29.12	25.76	16.8	11.2	12.32	16.8	19.04	13.44	29.12	25.76	26.88	33.6	23.52	14.56	23.52	30.24	14.56	28	20.16	15.68	17.92	13.44	29.12	26.88	20.16	32.48	32.48	11.2	23.52	33.6	25.76	29.12	33.6	21.28	30.24	21.28	24.64	13.44	17.92	30.24	11.2	15.68	23.52	26.88	24.64	25.76	19.04	16.8	14.56	19.04	21.28	16.8	28	13.44	32.48	17.92	28	31.36	11.2	20.16	29.12	22.4	33.6	28	20.16	28	15.68	24.64	22.4	20.16	15.68	25.76	29.12	21.28	15.68	11.2	23.52	31.36	32.48	12.32	12.32	16.8	13.44	31.36	28	17.92	28	13.44	28	24.64	33.6	19.04	17.92	14.56	26.88	25.76	20.16	14.56	16.8	12.32	13.44	33.6	13.44	20.16	30.24	30.24	31.36	12.32	31.36	17.92	31.36	14.56	14.56	28	29.12	31.36	19.04	29.12	30.24	26.88	19.04	31.36	12.32	29.12	31.36	26.88	22.4	17.92	13.44	28	15.68	26.88	30.24	29.12	17.92	24.64	20.16	21.28	12.32	17.92	21.28	16.8	32.48	22.4	17.92	11.2	26.88	14.56	14.56	16.8	31.36	31.36	32.48	13.44	21.28	14.56	11.2	23.52	14.56	25.76	30.24	25.76	15.68	20.16	32.48	23.52	17.92	13.44	12.32	15.68	32.48	25.76	29.12	21.28	31.36	33.6	16.8	33.6	17.92	11.2	30.24	33.6	33.6	26.88	21.28	20.16	24.64	26.88	32.48	26.88	29.12	21.28	11.2	14.56	26.88	20.16	25.76	12.32	23.52	20.16	24.64	33.6	33.6	11.2	19.04	21.28	26.88	11.2	23.52	22.4	20.16	21.28	20.16	15.68	33.6	32.48	30.24	20.16	14.56	13.44	28	13.44	26.88	26.88	33.6	17.92	15.68	25.76	20.16	11.2	12.32	17.92	19.04	15.68	26.88	13.44	16.8	13.44	20.16	29.12	28	20.16	23.52	30.24	11.2	16.8	29.12	25.76	11.2	22.4	15.68	19.04	20.16	15.68	24.64	33.6	28	15.68	31.36	21.28	20.16	11.2	30.24	32.48	22.4	29.12	13.44	20.16	28	25.76	13.44	32.48	20.16	30.24	19.04	17.92	19.04	30.24	21.28	19.04	24.64	33.6	30.24	30.24	24.64	12.32	14.56	23.52	31.36	32.48	14.56	12.32	26.88	23.52	28	24.64	17.92	26.88	31.36	26.88	23.52	32.48	11.2	24.64	26.88	11.2	19.04	12.32	17.92	17.92	17.92	29.12	19.04	19.04	31.36	20.16	31.36	21.28	32.48	12.32	28	26.88	16.8	21.28	13.44	26.88	13.44	29.12	30.24	23.52	26.88	17.92	11.2	23.52	16.8	11.2	33.6	19.04	28	16.8	20.16	12.32	28	22.4	19.04	24.64	19.04	12.32	21.28	12.32	25.76	28	33.6	16.8	26.88	14.56	17.92	28	16.8	31.36	14.56	24.64	33.6	31.36	29.12	24.64	13.44	16.8	25.76	33.6	26.88	25.76	23.52	28	11.2	28	22.4	25.76	11.2	22.4	24.64	13.44	31.36	16.8	25.76	12.32	29.12	26.88	12.32	22.4	28	13.44	25.76	13.44	24.64	19.04	26.88	24.64	33.6	31.36	31.36	23.52	33.6	15.68	17.92	33.6	14.56	21.28	30.24	20.16	20.16	26.88	23.52	28	25.76	23.52	20.16	16.8	32.48	25.76	25.76	23.52	31.36	22.4	14.56	21.28	15.68	15.68	12.32	13.44	26.88	15.68	20.16	28	23.52	14.56	29.12	32.48	15.68	21.28	26.88	25.76	33.6	32.48	28	33.6	11.2	31.36	31.36	19.04	15.68	23.52	32.48	14.56	14.56	15.68	19.04	14.56	20.16	15.68	12.32	16.8	16.8	14.56	12.32	21.28	31.36	15.68	28	16.8	20.16	28	14.56	15.68	28	32.48	33.6	12.32	25.76	16.8	30.24	20.16	30.24	25.76	28	23.52	31.36	17.92	26.88	19.04	15.68	30.24	31.36	17.92	12.32	33.6	21.28	17.92	24.64	13.44	13.44	21.28	22.4	21.28	30.24	30.24	19.04	30.24	24.64	15.68	29.12	11.2	24.64	32.48	25.76	22.4	23.52	32.48	15.68	14.56	29.12	17.92	30.24	20.16	25.76	30.24	15.68	24.64	21.28	24.64	14.56	28	25.76	17.92	15.68	16.8	21.28	30.24	22.4	21.28	25.76	25.76	20.16	12.32	17.92	30.24	24.64	31.36	16.8	24.64	28	32.48	24.64	19.04	19.04	26.88	15.68	16.8	23.52	17.92	26.88	22.4	20.16	13.44	23.52	12.32	26.88	23.52	24.64	28	30.24	19.04	20.16	24.64	21.28	33.6	19.04	29.12	28	15.68	32.48	15.68	20.16	20.16	16.8	20.16	32.48	26.88	13.44	32.48	25.76	21.28	30.24	31.36	23.52	28	13.44	17.92	28	25.76	31.36	
21.28	12.32	25.76	31.36	13.44	11.2	11.2	23.52	14.56	32.48	20.16	11.2	17.92	25.76	32.48	
14	11	16	19	17	11	20	15	19	15	14	14	12	13	13	14	10	17	20	14	15	14	11	15	17	10	18	12	17	15	19	13	15	19	15	18	20	11	12	11	13	19	19	16	20	10	11	13	12	18	11	18	11	16	14	20	15	10	18	20	16	10	20	13	18	18	19	11	12	18	20	18	18	13	13	15	20	11	11	16	11	17	16	12	10	17	13	20	19	11	10	18	15	16	14	11	16	13	10	20	11	18	12	17	19	15	10	11	11	19	16	16	10	10	10	17	12	16	18	18	12	17	14	20	15	13	14	12	16	16	10	15	10	13	18	16	16	14	18	20	17	17	10	14	12	14	18	15	14	15	18	18	11	18	15	10	15	14	11	17	16	15	17	17	18	19	17	17	20	13	13	10	17	15	18	12	13	19	19	10	20	17	20	19	18	13	17	16	19	19	11	15	12	17	17	14	18	17	17	18	13	18	15	10	18	16	13	18	14	10	12	11	16	15	10	11	19	15	19	13	12	18	11	16	14	17	17	20	14	14	12	15	14	14	13	14	18	12	14	17	10	18	18	20	14	14	20	12	12	20	15	10	12	13	11	10	11	14	12	14	11	15	18	16	20	12	10	14	10	15	16	13	12	16	15	11	18	19	16	10	16	13	12	15	17	11	12	16	12	18	20	13	15	16	16	20	20	16	17	18	20	14	19	14	13	20	17	13	10	14	14	11	20	15	14	12	13	15	20	16	10	19	13	11	15	18	16	18	18	17	11	19	10	14	14	14	14	12	15	15	12	13	18	19	17	17	18	17	14	20	10	11	18	16	17	10	17	11	20	20	10	16	11	16	11	16	18	15	12	20	19	16	12	12	18	10	17	19	17	14	15	19	13	20	14	12	18	13	14	10	19	11	19	19	12	20	13	12	15	16	20	20	10	12	13	19	17	19	18	18	17	17	19	11	14	17	12	20	10	12	15	15	10	20	14	20	11	18	11	13	17	13	16	17	13	13	13	13	10	16	16	14	13	10	12	17	13	14	20	10	16	20	10	17	14	19	16	11	10	12	19	14	17	12	18	17	18	14	20	20	18	10	15	15	20	16	11	16	13	15	14	19	14	16	17	17	12	11	13	15	20	20	19	18	18	18	17	19	15	11	20	10	20	10	13	17	16	16	17	19	17	13	12	19	14	12	11	19	11	12	17	18	17	20	14	12	15	15	19	13	18	13	20	13	19	13	18	16	19	20	10	18	18	14	13	20	20	11	18	16	10	19	13	13	18	16	10	11	14	19	14	11	16	18	18	12	14	20	19	16	13	18	14	16	19	16	14	16	17	14	10	10	18	18	16	15	20	14	19	12	11	19	17	12	15	12	19	13	19	11	19	12	18	13	14	15	13	16	11	17	19	18	19	13	13	18	18	17	19	18	12	19	13	14	17	17	18	10	16	17	20	10	20	13	11	14	20	12	18	10	15	19	10	20	18	15	10	11	17	20	16	18	12	15	16	13	14	15	20	18	16	14	19	15	15	15	20	12	14	14	12	12	11	15	16	12	13	14	17	20	15	19	20	12	10	10	12	18	19	13	12	18	18	20	13	11	12	16	12	10	14	10	20	20	19	10	13	12	15	15	14	15	14	20	17	18	10	20	18	13	17	12	16	18	16	17	10	14	16	17	19	19	19	12	15	10	16	20	20	18	15	12	15	10	19	14	13	10	13	11	20	12	14	19	15	11	20	14	15	20	17	12	15	17	15	14	19	16	14	16	17	10	14	14	10	20	12	20	17	19	16	20	12	15	20	13	14	14	18	12	14	19	12	13	20	18	19	11	11	18	19	14	14	14	17	13	12	10	10	17	10	16	10	15	15	18	14	19	12	14	14	12	11	18	16	17	17	17	19	15	18	12	14	16	16	16	14	11	16	15	19	15	14	20	12	19	13	17	11	11	16	10	20	13	18	10	20	11	17	14	12	15	15	13	10	15	17	11	12	14	14	11	15	14	19	16	13	18	15	10	14	20	13	10	20	18	18	17	15	15	13	11	19	16	18	13	12	16	13	20	19	10	11	17	18	11	11	17	17	20	13	12	14	12	15	15	15	19	14	20	10	14	19	10	18	18	10	18	11	12	14	10	12	12	17	12	20	13	14	10	12	12	18	14	20	11	16	19	12	10	10	11	16	10	10	15	11	16	17	16	20	20	13	16	12	16	13	20	14	16	12	18	10	18	17	19	13	16	13	13	17	15	17	12	13	16	12	18	18	13	10	17	15	12	18	20	16	19	16	16	
1	1	1	1	1	1	1	1	1	1	1	1	1	1	1	1	1	1	1	1	1	1	1	1	1	1	1	1	1	1	1	1	1	1	1	1	1	1	1	1	1	1	1	1	1	1	1	1	1	1	1	1	1	1	1	1	1	1	1	1	1	1	1	1	1	1	1	1	1	1	2	2	2	2	2	2	2	2	2	2	2	2	2	2	2	2	2	2	2	2	2	2	2	2	2	2	2	2	2	2	2	2	2	2	2	2	2	2	2	2	2	2	2	2	2	2	3	3	3	3	3	3	3	3	3	3	3	3	3	3	3	3	3	3	3	3	3	3	3	3	3	3	3	3	3	3	3	3	3	3	3	3	3	3	3	3	3	3	3	3	3	3	3	3	3	3	3	3	3	3	3	3	3	3	4	4	4	4	4	4	4	4	4	4	4	4	4	4	4	4	4	4	4	4	4	4	4	4	4	4	4	4	4	4	4	4	4	4	4	4	4	4	4	4	4	4	4	4	4	4	4	4	4	4	4	4	4	4	4	5	5	5	5	5	5	5	5	5	5	5	5	5	5	5	5	5	5	5	5	5	5	5	5	5	5	5	5	5	5	5	5	5	5	5	5	5	5	5	5	5	5	5	5	5	5	5	5	5	5	5	5	5	5	5	5	5	5	5	5	5	5	5	5	5	5	5	5	5	5	5	5	5	5	5	5	5	6	6	6	6	6	6	6	6	6	6	6	6	6	6	6	6	6	6	6	6	6	6	6	6	6	6	6	6	6	6	6	6	6	6	6	6	6	6	6	6	6	6	6	6	6	6	6	6	6	6	6	6	6	6	6	6	6	6	6	6	6	6	6	7	7	7	7	7	7	7	7	7	7	7	7	7	7	7	7	7	7	7	7	7	7	7	7	7	7	7	7	7	7	7	7	7	7	7	7	7	7	7	7	7	7	7	7	7	7	7	7	7	7	7	7	7	7	7	7	7	7	7	7	7	7	7	7	7	7	7	7	7	7	7	7	7	7	7	7	7	7	8	8	8	8	8	8	8	8	8	8	8	8	8	8	8	8	8	8	8	8	8	8	8	8	8	8	8	8	8	8	8	8	8	8	8	8	8	8	8	8	8	8	8	8	8	8	8	8	8	8	8	8	8	8	8	8	8	8	8	8	8	8	8	8	8	8	8	8	8	8	8	8	8	8	8	8	9	9	9	9	9	9	9	9	9	9	9	9	9	9	9	9	9	9	9	9	9	9	9	9	9	9	9	9	9	9	9	9	9	9	9	9	9	9	9	9	9	9	9	9	9	9	9	9	9	9	9	9	9	9	9	9	9	9	9	9	9	9	9	9	9	9	9	9	9	9	9	9	9	9	9	9	9	9	9	9	9	10	10	10	10	10	10	10	10	10	10	10	10	10	10	10	10	10	10	10	10	10	10	10	10	10	10	10	10	10	10	10	10	10	10	10	10	10	10	10	10	10	10	10	10	10	10	10	10	10	10	10	10	10	10	10	10	10	10	10	10	10	10	10	10	10	10	10	10	10	10	10	10	11	11	11	11	11	11	11	11	11	11	11	11	11	11	11	11	11	11	11	11	11	11	11	11	11	11	11	11	11	11	11	11	11	11	11	11	11	11	11	11	11	11	11	11	11	11	11	11	11	11	11	11	11	11	11	11	11	11	11	11	11	11	12	12	12	12	12	12	12	12	12	12	12	12	12	12	12	12	12	12	12	12	12	12	12	12	12	12	12	12	12	12	12	12	12	12	12	12	12	12	12	12	12	12	12	12	12	12	12	12	12	12	12	12	12	12	12	12	12	12	12	12	12	12	12	12	12	12	12	12	12	12	12	12	12	12	13	13	13	13	13	13	13	13	13	13	13	13	13	13	13	13	13	13	13	13	13	13	13	13	13	13	13	13	13	13	13	13	13	13	13	13	13	13	13	13	13	13	13	13	13	13	13	13	13	13	13	13	13	13	13	13	13	13	14	14	14	14	14	14	14	14	14	14	14	14	14	14	14	14	14	14	14	14	14	14	14	14	14	14	14	14	14	14	14	14	14	14	14	14	14	14	14	14	14	14	14	14	14	14	14	14	14	14	14	14	14	14	14	14	14	14	14	14	14	14	14	14	14	14	14	14	14	14	14	14	14	14	14	15	15	15	15	15	15	15	15	15	15	15	15	15	15	15	15	15	15	15	15	15	15	15	15	15	15	15	15	15	15	15	15	15	15	15	15	15	15	15	15	15	15	15	15	15	15	15	15	15	15	15	15	15	15	15	
