1000
15	4
1032	31.36
8	7	8	7	7	7	7	8	8	8	8	7	8	8	7	8	7	7	7	7	8	7	7	7	7	8	8	7	8	8	7	8	7	8	7	7	8	7	8	8	8	7	8	8	8	7	7	7	7	8	8	8	8	7	8	7	7	7	7	8	8	7	8	7	7	7	8	7	8	7	8	7	8	7	8	8	8	8	8	8	7	8	7	7	8	8	7	8	7	8	8	8	8	7	7	8	7	8	7	7	8	8	8	7	7	8	7	8	7	8	8	7	8	8	8	8	8	8	8	8	7	8	7	7	7	7	8	7	7	7	8	8	8	8	8	7	7	8	7	7	8	8	8	7	7	8	8	7	8	7	8	8	7	8	8	7	8	8	7	7	8	8	8	8	8	8	7	7	8	7	8	7	8	7	8	8	8	8	7	7	7	8	7	8	8	8	8	8	7	8	7	7	8	8	8	7	7	7	7	8	8	8	8	8	8	8	8	7	8	7	8	8	7	8	8	7	8	8	8	7	8	8	7	8	7	8	7	7	8	7	7	7	7	8	7	8	8	8	8	7	8	7	7	7	8	8	7	8	7	7	8	7	8	8	7	8	8	8	7	7	7	8	7	7	7	8	8	7	7	8	8	7	7	7	8	7	7	7	8	7	8	8	8	7	8	7	8	7	7	8	8	7	7	7	7	8	8	8	7	8	8	7	8	7	7	8	7	8	8	8	8	7	8	8	8	7	7	8	8	7	8	7	7	7	7	7	8	8	8	7	7	7	8	7	7	7	8	7	8	7	8	8	7	8	8	8	8	7	8	7	7	7	8	7	7	8	8	8	8	7	7	8	7	8	7	8	7	7	8	7	8	7	8	8	8	7	8	8	7	7	8	7	7	8	7	7	8	8	8	8	7	8	7	8	7	7	8	7	7	8	7	7	8	8	8	8	8	7	8	7	8	8	8	7	7	7	8	8	7	8	7	7	8	8	8	7	7	7	8	7	7	8	7	8	8	8	8	8	7	7	7	8	8	8	7	8	7	7	7	8	7	7	8	7	8	7	8	8	7	7	7	7	7	8	7	7	8	7	7	7	7	7	7	7	8	7	8	8	8	7	8	8	8	7	8	7	7	7	8	7	8	8	8	8	8	7	8	7	7	7	7	8	8	8	8	7	8	7	7	8	7	7	8	8	8	8	7	8	8	8	8	7	8	7	8	7	7	7	8	8	7	8	7	7	7	7	8	7	7	7	7	7	7	8	8	7	7	8	8	7	8	8	7	8	8	8	7	8	7	7	7	7	7	7	7	7	7	7	8	7	7	8	7	8	8	8	8	8	8	8	8	8	7	8	8	8	8	7	7	7	8	8	7	8	8	7	7	8	8	8	8	7	8	8	7	8	7	8	8	7	7	8	7	7	7	8	7	8	7	7	7	7	7	7	8	7	7	7	8	7	8	7	7	7	7	8	7	7	8	8	7	8	8	8	8	8	8	8	7	7	8	8	7	8	7	7	7	8	8	7	7	8	7	7	7	7	8	7	8	7	8	7	7	7	8	8	8	7	7	8	7	7	8	7	8	7	7	7	8	8	7	8	7	7	8	7	8	8	7	7	8	7	7	8	8	8	7	8	7	7	7	7	8	8	8	8	8	8	8	8	8	8	8	7	8	8	8	8	8	7	7	8	8	8	8	8	7	8	8	7	8	7	8	8	7	8	8	8	7	8	7	8	8	8	7	8	8	8	8	8	8	7	7	7	8	8	7	8	7	7	7	8	8	8	8	8	8	7	8	7	8	7	7	7	8	8	7	8	8	7	8	8	8	8	8	8	8	8	8	8	7	7	8	7	8	7	7	7	7	8	7	8	7	7	7	7	8	8	8	7	8	7	8	8	7	7	8	8	7	7	7	8	8	7	7	7	7	8	8	7	8	8	8	7	7	7	7	7	7	7	7	8	8	8	8	7	7	8	7	7	8	8	8	7	8	8	7	7	8	7	7	8	8	7	8	7	8	7	7	8	8	7	8	7	7	8	7	7	7	8	8	7	7	8	7	8	8	7	7	8	7	8	7	7	7	8	7	8	8	7	7	7	8	8	7	8	7	7	7	7	8	8	8	8	8	8	8	7	7	7	7	7	8	7	7	7	8	7	8	7	8	7	7	7	8	8	7	7	8	7	7	8	7	8	8	8	7	8	8	8	8	8	8	7	8	8	8	8	7	8	8	7	7	7	8	7	8	8	7	8	7	8	7	7	8	8	8	7	7	8	8	8	7	7	7	7	7	8	8	8	
1	3	4	6	8	9	10	12	
1	5	10	11	12	13	14	
1	2	3	6	7	9	10	12	
2	3	5	6	8	11	14	
0	1	2	4	6	9	14	
0	1	6	8	9	11	13	
2	3	4	5	7	12	14	
0	1	2	4	8	9	11	13	
2	3	5	6	8	10	11	13	
1	4	5	8	10	11	13	14	
1	2	3	5	7	8	10	13	
0	1	2	6	7	9	12	
2	4	5	6	8	12	13	14	
0	2	5	7	8	11	12	14	
5	6	7	8	10	11	13	
2	3	4	6	7	12	13	14	
1	3	4	6	12	13	14	
1	4	5	6	7	9	10	
0	1	4	8	10	12	14	
3	5	6	7	9	11	12	
2	4	6	8	9	11	12	14	
0	1	3	4	5	9	12	
0	2	7	9	10	12	13	
2	7	8	9	10	11	14	
1	3	4	5	7	10	11	
0	1	2	4	9	10	11	14	
2	4	5	8	11	12	13	14	
0	2	3	9	10	11	13	
0	1	2	3	8	10	12	13	
0	2	4	5	6	7	9	10	
0	1	5	6	9	11	14	
0	2	3	7	8	9	12	13	
3	7	8	9	10	11	13	
0	1	3	6	7	9	10	11	
0	1	2	5	8	12	13	
1	3	6	8	10	11	13	
2	3	6	7	10	11	13	14	
0	2	5	6	7	9	13	
0	4	5	6	7	10	11	13	
0	1	6	8	9	12	13	14	
0	1	6	8	11	12	13	14	
1	2	7	8	9	11	14	
0	4	6	7	9	10	12	13	
0	2	3	5	6	8	13	14	
3	4	6	8	9	10	13	14	
4	7	8	10	11	13	14	
0	3	4	5	7	11	14	
1	3	6	7	9	11	12	
0	1	4	7	9	10	14	
1	3	5	9	10	12	13	14	
2	6	7	9	10	12	13	14	
1	3	4	6	9	10	12	14	
1	2	3	5	6	7	10	11	
2	3	5	9	10	12	13	
2	3	4	6	7	8	11	13	
1	2	3	4	6	12	14	
3	5	6	7	9	11	14	
0	4	5	7	9	12	13	
0	7	9	10	12	13	14	
0	2	3	4	6	8	9	12	
0	1	3	7	9	10	12	14	
0	3	7	9	11	12	13	
2	3	4	5	7	8	10	12	
2	3	5	6	12	13	14	
0	2	6	10	11	12	13	
1	2	5	6	7	10	14	
0	5	6	9	10	11	12	13	
1	5	7	8	10	13	14	
0	1	2	7	8	9	11	13	
2	4	5	8	12	13	14	
0	1	2	5	6	7	8	13	
2	4	6	11	12	13	14	
5	7	8	9	11	12	13	14	
0	4	5	6	12	13	14	
0	1	4	5	8	11	12	13	
0	1	4	5	6	10	12	14	
1	3	4	7	9	10	11	14	
0	1	4	6	8	9	12	14	
1	2	4	5	6	7	8	13	
0	1	2	3	4	7	8	12	
0	1	6	8	9	12	14	
0	2	3	5	7	8	11	13	
1	3	7	8	9	11	13	
2	4	5	6	9	10	13	
0	1	4	8	9	10	11	13	
1	2	4	5	10	11	12	13	
0	3	4	8	11	12	14	
0	1	2	4	7	9	12	13	
3	4	5	7	11	12	13	
1	2	5	6	10	12	13	14	
1	2	3	4	7	10	13	14	
0	2	3	5	9	10	12	14	
2	5	6	8	9	10	11	13	
1	3	4	6	10	12	13	
0	2	4	6	7	11	14	
0	2	3	4	7	10	11	13	
0	4	5	6	8	12	13	
0	3	4	6	7	8	11	13	
0	2	4	9	10	11	14	
2	3	4	5	6	9	11	
2	3	4	5	8	12	13	14	
0	4	6	7	8	10	13	14	
2	4	6	9	10	12	13	14	
0	1	2	6	7	8	11	
0	1	2	4	7	8	10	
0	1	3	7	8	9	12	14	
1	4	5	8	9	11	13	
2	5	6	9	10	12	13	14	
0	1	3	8	11	12	14	
0	2	4	5	7	10	11	13	
0	1	5	8	9	12	13	14	
1	3	5	7	8	9	14	
3	4	5	6	7	8	9	10	
0	3	5	7	8	10	12	13	
3	4	6	8	9	12	13	14	
2	4	5	6	9	10	11	12	
0	1	3	4	5	10	12	14	
1	2	3	8	10	12	13	14	
3	6	7	8	10	11	12	13	
0	1	3	4	7	10	13	14	
0	2	4	6	10	12	14	
1	2	4	5	8	10	12	14	
0	1	2	3	4	9	13	
0	2	3	4	8	9	10	
4	5	7	9	11	13	14	
0	1	2	6	9	12	14	
1	3	6	7	9	11	13	14	
3	7	8	10	11	13	14	
1	2	3	4	7	10	14	
0	2	4	7	9	13	14	
1	4	5	6	7	9	10	13	
0	1	4	7	8	11	13	14	
0	1	3	7	8	11	13	14	
0	2	5	6	8	10	11	13	
1	2	4	5	6	11	12	13	
1	3	4	5	7	11	13	
0	1	4	5	7	8	10	
0	1	2	5	7	8	9	11	
5	6	8	10	11	12	13	
2	3	4	6	9	10	12	
0	1	8	9	10	11	12	14	
0	3	4	5	10	11	12	14	
0	3	5	8	9	10	12	14	
0	3	4	7	8	9	13	
2	3	6	7	9	11	12	
2	4	6	7	8	9	11	14	
0	1	3	5	6	7	11	12	
2	3	6	7	12	13	14	
0	1	3	6	8	10	11	14	
3	4	8	10	12	13	14	
0	1	4	5	6	7	8	13	
0	1	2	4	8	9	11	12	
0	1	5	6	9	13	14	
1	2	9	10	11	12	13	14	
1	3	4	5	7	12	13	14	
0	1	2	3	9	10	14	
1	3	4	5	7	8	11	13	
1	2	8	9	10	11	12	13	
2	5	8	11	12	13	14	
3	8	9	10	12	13	14	
0	3	6	8	9	10	11	12	
3	4	5	6	8	9	10	11	
0	2	3	5	7	8	10	14	
2	3	5	6	10	11	12	13	
1	2	4	6	7	11	12	13	
0	1	3	4	5	9	10	12	
0	3	5	6	12	13	14	
1	2	5	6	10	11	12	
0	4	8	9	10	11	12	13	
0	1	4	5	10	12	13	
0	1	2	4	7	8	10	12	
1	3	4	7	10	11	12	
0	2	3	5	6	7	11	12	
4	5	6	7	9	13	14	
3	5	6	7	8	9	12	13	
1	3	4	5	7	8	11	12	
1	2	3	6	7	11	13	14	
3	4	6	8	9	10	12	14	
1	3	6	7	8	9	13	
1	2	3	4	10	11	14	
2	4	6	7	8	9	14	
2	4	5	7	8	9	12	13	
0	1	5	6	8	12	13	
5	6	7	8	9	10	12	14	
0	1	2	3	5	8	10	13	
0	3	5	7	8	9	11	14	
0	1	4	5	6	9	11	12	
0	1	4	6	8	10	13	14	
2	6	7	9	11	12	13	
0	2	4	8	9	11	12	14	
3	5	6	8	9	12	14	
0	2	4	5	8	10	14	
1	2	5	6	7	8	11	13	
0	1	5	6	8	9	11	13	
0	3	5	6	10	11	12	13	
1	3	6	7	9	11	14	
2	6	8	9	10	12	13	
2	3	5	9	10	13	14	
1	2	3	5	7	12	13	
1	4	5	6	7	8	9	13	
0	1	2	5	8	9	11	13	
0	1	2	3	6	7	8	12	
0	4	7	8	9	10	11	14	
0	1	3	5	9	10	11	13	
1	2	4	5	9	10	13	14	
0	4	5	6	10	12	13	14	
0	1	2	4	5	9	10	12	
0	1	4	8	9	10	13	
0	1	4	5	6	8	13	14	
3	4	6	8	10	12	14	
2	3	6	9	10	11	12	13	
0	2	4	5	6	7	8	11	
0	3	5	7	9	10	14	
0	1	4	6	8	9	11	12	
0	1	2	3	8	9	11	12	
0	3	4	8	9	11	12	
1	3	6	8	9	10	11	13	
0	1	2	4	5	12	13	14	
2	3	4	5	6	8	11	13	
1	4	6	7	11	12	14	
1	3	4	5	9	10	13	14	
1	2	5	7	8	9	11	12	
0	2	4	5	8	9	10	
0	2	3	6	7	10	12	14	
0	1	4	6	9	13	14	
2	3	4	5	7	9	10	11	
3	4	7	8	9	10	11	
2	3	4	6	7	8	9	
0	1	4	5	7	10	11	12	
1	5	7	9	10	11	12	
4	5	6	8	11	12	14	
3	7	8	9	12	13	14	
5	7	10	11	12	13	14	
0	1	2	4	5	6	7	8	
0	2	5	7	9	11	13	
1	2	5	6	7	8	9	11	
2	3	4	8	10	12	13	14	
0	1	4	7	8	11	13	14	
0	3	5	6	8	9	11	12	
0	3	5	7	8	11	12	
0	1	5	7	9	11	13	14	
0	2	3	4	6	7	12	
2	3	6	8	10	12	14	
2	5	8	10	12	13	14	
2	3	4	6	7	12	13	14	
0	5	7	9	10	11	13	14	
0	1	6	7	11	12	13	
0	1	6	8	9	10	11	12	
5	6	7	9	10	12	14	
0	4	8	9	11	12	13	
1	4	7	8	9	10	12	13	
0	2	3	5	6	7	9	
0	1	4	5	6	7	8	13	
0	5	7	10	11	12	13	14	
0	6	7	9	11	13	14	
0	2	4	5	8	9	13	14	
0	1	2	4	5	7	8	9	
2	3	4	5	6	7	9	10	
3	4	5	6	7	8	10	
0	3	5	6	7	11	14	
0	1	2	3	7	8	10	
2	3	5	6	7	8	11	13	
0	2	6	7	9	12	13	
2	3	4	6	8	9	11	
1	3	5	7	8	10	12	
1	2	3	5	7	8	11	14	
0	2	3	7	9	11	12	14	
0	2	8	9	10	12	14	
1	3	5	6	9	10	13	
0	1	2	6	10	12	13	14	
2	6	7	9	10	12	13	14	
0	5	6	11	12	13	14	
1	3	8	9	10	11	12	
0	3	7	9	10	11	12	
0	2	9	10	11	12	13	14	
0	1	2	4	6	7	11	
1	2	4	5	11	12	13	
0	3	7	8	10	11	12	
0	2	4	5	7	10	11	14	
0	2	4	5	6	8	11	
3	4	5	6	7	8	9	12	
0	2	5	7	8	9	10	12	
0	4	8	9	10	12	13	14	
1	4	6	9	10	12	14	
1	2	3	4	6	7	12	14	
0	2	3	4	5	10	11	
0	3	6	7	8	10	11	14	
2	4	6	10	11	12	14	
3	6	7	10	11	12	14	
1	2	3	4	6	10	13	14	
0	1	7	9	10	11	13	14	
5	6	8	10	11	12	13	
0	3	6	7	11	12	13	
3	5	7	9	10	11	13	
0	2	3	5	8	9	11	
1	2	4	6	8	9	12	14	
2	5	6	8	10	11	13	14	
1	2	4	6	9	11	12	13	
0	3	4	5	8	13	14	
2	5	6	7	8	9	10	12	
0	2	5	7	8	9	12	13	
2	4	6	8	12	13	14	
1	2	3	4	5	6	12	13	
2	3	5	8	9	11	14	
3	4	6	7	8	12	14	
0	1	2	3	4	8	10	14	
3	4	7	8	9	10	13	
0	2	5	7	8	9	12	13	
0	1	4	5	7	9	11	13	
0	3	5	9	10	11	12	13	
0	1	4	5	6	11	13	14	
2	5	7	8	9	10	14	
0	1	2	5	6	9	10	14	
3	5	8	9	10	11	12	13	
1	2	7	8	10	11	13	14	
0	5	6	8	9	13	14	
0	2	5	7	9	10	14	
0	1	3	5	9	10	12	13	
0	3	8	9	11	12	13	14	
0	3	4	5	6	11	12	
1	3	4	5	6	8	11	13	
0	2	3	4	10	11	12	
0	2	3	7	9	10	14	
1	3	6	7	11	12	14	
0	1	4	5	8	11	14	
1	3	7	9	10	11	13	
0	1	2	3	5	9	10	14	
3	4	5	6	10	11	13	14	
0	1	8	9	10	11	12	13	
0	2	3	4	5	11	13	
0	4	7	8	12	13	14	
1	3	5	6	9	10	11	
0	1	3	7	8	11	12	13	
2	3	4	9	11	13	14	
0	2	4	5	10	11	13	
2	3	5	6	9	12	13	
2	3	5	6	9	11	12	13	
1	3	5	8	9	10	13	
2	4	5	6	7	11	12	13	
1	2	3	5	7	9	11	
0	2	4	5	6	7	9	14	
0	3	6	7	8	10	12	13	
0	2	5	7	8	10	12	
0	3	5	6	7	9	13	14	
0	1	3	4	6	7	12	13	
3	4	7	8	9	10	11	14	
1	2	6	7	8	11	12	13	
0	2	3	7	8	10	12	
0	2	3	6	9	10	12	13	
0	1	2	3	10	11	12	
1	2	3	6	9	10	12	
2	3	5	6	8	9	11	
2	3	6	7	8	9	12	13	
0	3	7	8	9	13	14	
0	3	4	7	10	11	12	
0	5	6	7	9	10	12	14	
0	3	5	7	8	10	11	12	
0	2	3	7	9	10	12	13	
1	3	5	6	7	10	11	13	
2	4	5	6	7	11	12	
2	5	6	7	9	10	11	
0	2	3	6	7	10	11	13	
2	3	4	5	8	9	12	
1	2	3	4	5	7	8	11	
0	4	5	6	8	9	13	
0	1	3	4	6	8	9	13	
0	2	4	5	7	8	9	
4	5	8	9	10	11	12	
1	3	4	5	6	7	9	12	
0	2	3	5	6	8	13	
0	1	2	6	7	9	12	13	
2	3	4	6	8	9	12	
0	4	5	6	7	10	12	14	
2	3	5	6	7	10	11	12	
0	1	4	6	9	10	11	14	
4	5	6	7	8	10	12	
0	2	3	8	9	10	11	14	
0	1	2	8	10	11	12	14	
0	1	2	4	8	10	11	
5	9	10	11	12	13	14	
0	4	6	7	10	11	12	14	
1	4	6	7	9	12	14	
0	2	5	8	10	12	14	
0	2	3	6	8	9	10	12	
0	1	5	6	8	10	14	
0	4	6	7	8	11	12	
0	2	3	4	5	7	12	13	
1	4	6	9	11	12	13	14	
1	4	5	9	10	11	12	14	
1	2	4	5	7	8	10	11	
1	2	3	5	11	12	13	
1	5	7	8	9	12	13	14	
0	4	8	9	10	13	14	
2	4	8	9	11	12	13	14	
2	5	8	9	10	12	14	
2	6	7	8	10	11	14	
0	4	5	8	9	10	11	13	
0	2	3	10	11	13	14	
1	2	3	6	7	8	9	
0	3	5	6	7	9	12	14	
3	4	8	9	10	12	14	
2	3	5	7	8	10	12	
2	5	6	7	8	9	11	14	
0	1	3	5	7	9	10	14	
2	5	6	9	10	11	13	14	
0	1	2	9	10	12	13	14	
0	1	2	5	6	7	9	10	
1	3	4	6	7	9	14	
0	2	5	8	9	11	13	14	
1	3	4	6	8	11	12	
1	3	4	5	6	10	11	12	
1	3	4	5	9	10	13	14	
0	1	2	3	8	9	10	12	
2	4	6	7	9	11	14	
0	2	8	10	11	12	14	
0	2	6	11	12	13	14	
2	3	4	5	6	7	8	10	
1	2	4	5	7	8	9	14	
2	3	5	9	10	11	14	
1	3	6	7	8	9	11	14	
4	7	9	10	11	13	14	
0	1	3	5	9	11	13	
2	4	6	8	9	10	12	14	
0	3	4	6	8	9	10	11	
1	4	5	6	8	12	13	14	
2	3	5	6	7	8	10	
4	6	7	10	11	12	14	
0	2	7	10	11	12	14	
0	1	4	6	8	11	12	13	
0	1	5	7	9	10	13	
0	4	7	10	11	13	14	
0	2	4	5	6	8	11	12	
1	2	5	9	10	11	14	
1	3	5	8	9	11	12	13	
0	1	2	3	7	9	11	13	
1	3	4	5	8	11	12	13	
1	3	6	7	9	11	12	14	
0	2	4	6	7	10	12	13	
0	1	3	6	12	13	14	
0	1	2	5	12	13	14	
2	4	6	10	11	12	14	
1	2	5	6	7	10	11	12	
0	2	6	7	9	10	12	13	
2	3	5	7	8	9	12	13	
0	3	5	8	11	12	13	
3	4	5	8	9	10	11	12	
3	4	5	6	8	11	12	
0	1	2	3	4	9	13	
0	4	5	6	9	12	14	
1	6	8	9	10	11	13	14	
0	2	6	9	10	11	12	
1	2	4	5	6	7	11	
1	3	4	8	9	10	12	14	
2	4	6	7	8	11	14	
0	3	5	6	7	10	11	13	
0	1	3	10	11	12	14	
1	3	6	7	8	9	13	14	
0	4	5	6	8	9	11	12	
0	2	4	7	11	13	14	
0	1	6	8	11	12	13	
0	2	3	10	11	13	14	
0	4	7	9	12	13	14	
0	5	6	11	12	13	14	
1	3	7	8	9	10	11	13	
0	2	6	7	9	10	13	
0	2	5	7	10	11	13	
0	1	2	3	4	9	11	12	
2	3	4	5	6	12	14	
4	6	7	9	10	13	14	
1	3	4	5	6	9	14	
2	3	4	6	7	8	12	
0	2	3	4	8	9	11	
4	5	6	8	9	13	14	
2	6	7	8	9	10	11	
0	1	2	3	4	5	8	13	
5	7	8	9	10	12	13	
2	3	6	7	10	12	13	14	
0	1	2	3	5	9	11	13	
0	1	2	3	7	11	12	13	
2	4	7	9	11	12	14	
2	6	7	8	9	10	12	14	
0	2	5	6	10	12	13	14	
2	3	5	7	10	11	12	13	
2	7	9	10	11	12	13	
1	2	4	6	7	8	9	13	
1	2	5	6	10	12	13	
0	1	2	7	9	11	14	
4	5	7	9	10	11	14	
2	4	5	6	9	11	12	14	
0	4	5	6	8	9	10	
1	3	6	7	9	11	12	13	
2	3	4	6	9	10	11	13	
0	2	3	4	8	9	13	14	
0	3	4	5	7	9	10	11	
1	5	7	9	10	12	13	14	
0	3	4	5	6	13	14	
0	2	5	8	9	11	13	14	
1	3	5	7	10	11	13	
0	2	4	7	9	10	13	
1	2	4	6	8	9	11	
2	3	5	7	12	13	14	
0	5	7	8	9	11	12	13	
0	1	2	5	7	8	11	14	
1	3	4	5	6	8	11	14	
3	4	5	6	10	12	13	14	
0	2	4	5	10	12	14	
0	2	3	5	6	7	10	13	
0	2	3	6	11	12	13	
0	1	5	6	7	12	13	
1	2	4	7	9	11	12	14	
3	4	6	7	8	12	14	
2	4	5	9	10	12	14	
0	2	3	5	10	11	12	13	
0	3	4	5	6	7	8	13	
1	4	5	7	8	11	13	14	
1	2	3	4	5	8	10	11	
0	1	3	7	8	13	14	
0	2	3	6	7	9	12	13	
0	3	4	5	6	9	10	12	
2	3	5	6	7	8	11	14	
1	2	3	7	8	11	12	14	
1	3	4	5	8	10	13	
0	2	4	5	7	10	11	14	
2	3	4	9	11	13	14	
0	1	4	9	10	11	12	14	
0	2	3	9	11	12	13	
0	1	2	4	7	11	13	
1	2	4	6	7	12	13	
1	3	4	5	9	10	11	12	
0	2	4	5	7	9	10	12	
2	3	5	7	8	9	10	
0	1	2	5	6	7	11	14	
0	1	7	8	11	13	14	
0	1	2	6	7	10	11	
0	6	7	8	9	11	14	
1	2	6	8	11	12	14	
2	3	5	7	8	9	12	14	
1	3	5	8	9	11	12	
0	1	3	4	5	9	14	
0	1	3	5	12	13	14	
1	2	6	8	10	11	14	
0	4	5	6	8	9	10	
2	3	8	9	11	12	13	
0	2	3	5	7	11	13	14	
0	2	3	5	6	7	9	12	
0	1	3	4	8	12	13	
2	3	5	6	9	10	14	
0	2	7	8	9	12	13	14	
1	2	3	4	6	7	8	9	
2	4	5	7	8	9	14	
0	1	2	4	7	8	10	14	
3	5	6	8	9	10	11	12	
2	3	4	5	9	10	12	
1	2	7	9	10	11	12	13	
2	3	6	7	8	11	12	14	
0	1	2	3	9	10	12	13	
1	2	5	7	9	11	13	
3	4	5	8	11	12	13	14	
0	3	5	9	10	11	13	
0	3	5	8	9	10	12	
0	1	3	4	6	10	14	
0	2	3	4	6	10	13	
0	2	3	4	9	10	12	
1	2	3	5	8	13	14	
2	3	4	7	8	9	10	
1	2	4	6	7	8	11	
1	3	4	5	8	9	13	
1	4	6	10	11	13	14	
3	4	5	6	9	10	12	13	
1	4	8	9	10	12	14	
0	1	2	3	6	9	10	
1	3	4	6	11	12	13	14	
1	2	4	5	9	10	11	
0	1	6	8	9	10	12	13	
0	1	2	7	10	12	13	14	
0	1	2	7	8	10	11	12	
0	3	5	6	7	8	10	14	
0	2	7	10	11	12	13	14	
2	3	4	5	7	8	10	11	
4	5	6	9	11	12	13	14	
0	2	4	7	8	9	10	13	
1	5	6	7	9	10	13	14	
0	2	3	8	12	13	14	
0	1	4	5	8	10	11	12	
2	3	6	9	10	11	13	14	
0	1	2	4	6	7	13	14	
0	1	3	4	5	8	10	13	
2	4	7	9	12	13	14	
0	1	4	5	7	10	12	
0	2	4	8	10	11	13	
1	2	3	6	7	8	9	12	
1	3	4	6	7	8	9	14	
0	2	4	5	8	9	12	
1	3	4	6	8	12	13	14	
1	2	4	6	8	9	12	14	
0	1	6	7	9	10	12	
0	2	6	8	9	12	13	
0	2	8	9	10	12	13	14	
0	2	3	4	5	7	8	10	
0	5	7	8	11	12	13	14	
3	4	7	8	9	10	12	13	
1	5	7	9	10	11	14	
2	3	4	7	8	10	13	14	
2	6	8	9	10	11	12	14	
0	1	4	5	6	7	10	
1	2	4	8	10	12	13	14	
2	4	6	7	8	11	13	
1	3	5	7	8	10	12	13	
0	1	3	6	7	8	10	14	
4	5	6	7	10	12	14	
0	4	9	10	12	13	14	
0	1	3	4	5	7	13	14	
0	1	6	7	8	9	10	
1	2	4	5	6	8	12	
0	3	4	6	8	9	12	
0	1	4	5	7	10	11	13	
0	3	7	8	9	11	12	
1	4	6	8	10	11	13	14	
1	2	3	5	8	9	14	
1	2	4	7	11	12	13	
3	5	6	8	9	10	14	
0	1	2	3	4	5	13	
0	3	4	6	7	11	13	
0	1	2	4	8	11	12	
0	4	6	9	10	12	13	14	
1	3	6	7	11	12	14	
0	2	5	8	11	12	13	
0	1	2	5	6	12	13	
3	4	6	7	10	11	12	13	
0	2	4	7	12	13	14	
2	4	5	7	8	11	12	13	
1	4	5	10	12	13	14	
1	3	4	7	8	12	13	
1	2	3	6	9	10	13	
0	5	6	7	8	12	14	
1	2	5	7	8	9	11	13	
0	2	4	5	10	12	13	
2	3	6	7	10	11	13	
0	3	4	6	7	9	11	12	
0	1	6	7	8	9	10	14	
0	3	8	9	10	13	14	
2	3	4	7	8	9	11	14	
3	4	5	6	7	9	13	14	
0	5	6	7	8	10	11	14	
2	4	5	6	7	8	9	11	
1	3	4	9	11	12	13	14	
0	3	5	7	9	10	12	13	
0	2	3	4	5	6	12	14	
1	3	7	11	12	13	14	
0	2	5	6	8	10	12	
1	2	3	7	8	10	13	14	
0	3	5	7	8	9	10	13	
3	4	6	8	12	13	14	
0	1	2	3	6	10	13	14	
0	5	6	7	10	12	13	
1	3	7	8	9	11	14	
0	1	4	7	8	10	13	
1	4	5	8	9	10	11	12	
0	3	6	7	8	9	13	14	
0	1	5	9	10	11	14	
1	2	5	9	10	11	13	
2	3	5	7	8	10	12	13	
0	1	3	7	9	11	14	
0	1	2	8	10	11	12	
0	3	5	7	8	10	11	
2	4	8	11	12	13	14	
0	4	5	6	8	10	11	12	
0	1	3	9	10	11	13	
0	1	3	4	5	7	9	14	
0	5	6	9	11	12	13	
1	2	3	6	7	8	11	12	
3	4	7	8	10	11	12	
0	5	6	7	8	11	13	
0	1	6	7	9	10	12	
1	4	5	7	11	12	13	14	
2	4	5	8	9	12	13	14	
0	2	4	5	6	7	8	14	
0	5	6	7	8	10	14	
0	3	4	7	9	11	13	
0	3	4	6	7	10	11	12	
1	2	3	4	6	8	11	
3	5	6	10	11	12	13	
0	2	3	5	6	7	9	10	
0	3	5	7	10	13	14	
0	1	2	5	9	11	13	14	
1	4	5	6	7	9	12	
4	6	8	10	12	13	14	
3	4	6	7	8	12	14	
0	2	3	4	5	6	7	14	
0	4	5	8	9	11	13	14	
0	2	4	5	8	9	11	
6	7	8	9	11	12	13	14	
3	6	7	9	12	13	14	
0	1	2	7	10	11	12	
0	1	2	3	4	5	7	12	
2	4	7	10	12	13	14	
0	2	3	5	7	8	9	13	
1	2	3	4	5	6	10	11	
1	2	6	7	8	12	13	
0	2	3	4	6	10	11	
0	2	4	5	7	9	12	13	
1	3	4	5	6	7	14	
0	2	6	9	11	13	14	
1	3	6	9	10	11	13	14	
1	3	4	5	6	7	10	12	
0	2	4	6	10	11	12	14	
0	3	4	5	9	11	13	
0	2	3	4	5	7	9	14	
1	2	3	11	12	13	14	
0	4	5	6	7	13	14	
5	6	9	10	11	12	14	
0	1	2	3	6	11	14	
0	2	4	5	7	10	12	13	
0	1	3	5	6	8	10	11	
0	3	4	7	8	10	11	14	
0	3	6	7	9	11	12	13	
0	1	3	4	5	12	13	14	
5	7	8	10	11	12	13	14	
0	1	3	4	5	6	8	11	
0	2	4	5	6	10	12	14	
0	2	5	6	7	10	13	14	
3	4	5	7	9	11	12	13	
1	5	6	7	8	10	13	14	
3	8	9	10	12	13	14	
0	1	2	6	7	11	12	13	
0	1	2	8	9	11	12	13	
0	3	5	8	9	12	13	14	
1	3	5	6	10	11	12	13	
2	3	5	6	8	9	12	13	
0	1	9	10	11	13	14	
0	2	3	4	11	13	14	
0	3	4	5	6	8	9	14	
2	5	6	8	10	11	12	14	
0	2	3	5	10	11	12	14	
0	3	5	6	7	10	12	14	
0	3	4	5	6	8	10	14	
2	7	8	11	12	13	14	
0	1	3	8	10	11	13	14	
0	3	5	8	10	11	12	14	
0	4	7	8	9	10	13	
0	3	4	6	7	10	11	13	
3	4	8	10	11	12	14	
0	2	6	7	8	11	12	13	
2	3	4	5	6	7	9	13	
0	2	3	5	6	11	13	
0	1	2	7	8	9	11	14	
1	2	3	8	10	12	13	14	
0	2	3	5	10	11	13	14	
0	1	5	7	9	10	13	
0	2	6	8	9	11	13	14	
0	2	7	8	10	11	12	
0	1	2	5	6	8	10	13	
0	1	4	7	8	9	10	14	
2	6	7	8	10	11	13	14	
0	4	9	10	11	12	14	
2	5	6	7	10	12	13	14	
0	1	2	3	4	8	10	14	
0	2	3	4	6	11	13	14	
0	1	2	3	5	9	12	13	
0	1	5	7	9	10	12	14	
0	1	2	3	4	6	7	14	
1	2	3	5	7	10	13	
0	1	2	7	9	10	12	
0	2	3	5	7	8	12	
4	5	6	9	10	11	13	14	
2	3	8	9	11	12	13	14	
0	1	4	7	8	10	13	
0	4	5	8	10	12	13	14	
0	4	7	8	10	11	13	
2	3	4	7	9	10	14	
1	2	5	6	7	10	11	
0	1	2	3	6	11	13	14	
2	3	6	9	10	11	12	13	
0	3	4	9	10	11	13	14	
0	1	3	4	7	8	9	12	
0	1	2	3	6	10	12	13	
0	3	6	8	10	11	12	13	
0	2	7	8	9	11	14	
0	4	5	6	9	12	13	14	
0	2	4	5	8	13	14	
0	1	4	6	8	9	12	13	
0	3	4	8	9	11	12	
4	5	6	7	8	9	14	
0	1	2	4	9	10	12	
0	1	2	4	6	8	10	11	
0	1	2	4	5	11	12	14	
0	1	2	4	8	11	12	
4	6	7	10	11	12	13	14	
1	2	4	6	7	8	9	11	
0	2	3	5	6	9	14	
0	2	3	6	9	10	13	14	
2	3	5	6	7	9	13	14	
0	2	5	7	9	10	13	14	
2	5	7	8	10	11	12	13	
1	3	4	6	8	10	11	14	
1	3	5	7	9	11	12	13	
3	4	5	7	9	10	11	12	
1	3	5	8	9	10	11	13	
0	1	4	6	8	9	10	14	
0	3	4	7	8	9	10	11	
4	5	7	9	10	13	14	
0	1	4	6	10	11	12	
3	4	6	7	9	10	12	14	
0	4	6	7	8	10	12	
0	2	4	5	7	8	9	14	
1	6	7	8	9	10	14	
1	3	8	9	10	11	14	
0	2	3	5	6	7	9	
1	6	7	8	9	10	14	
1	2	4	7	11	12	13	14	
1	3	5	6	8	9	11	
5	6	7	8	9	10	13	14	
0	1	2	6	12	13	14	
1	2	5	6	7	11	13	
3	4	7	8	9	11	14	
1	3	4	5	6	8	10	
2	5	6	8	9	11	12	13	
2	5	7	8	9	11	12	13	
0	2	8	9	10	11	12	14	
0	2	5	7	9	12	14	
1	3	4	5	6	9	10	11	
1	3	4	5	9	13	14	
0	3	4	5	7	8	11	14	
0	3	5	7	8	9	10	12	
0	3	4	5	8	12	14	
1	3	5	8	9	13	14	
4	6	7	9	10	11	12	13	
1	4	5	7	8	10	12	13	
1	2	3	4	8	9	10	
2	5	6	10	11	13	14	
5	8	10	11	12	13	14	
0	1	2	3	6	8	12	14	
3	4	5	8	9	10	12	14	
3	4	5	7	8	13	14	
1	4	5	6	8	11	14	
0	2	3	7	8	9	11	
0	1	3	4	5	13	14	
1	3	4	5	7	9	13	14	
0	1	3	4	5	7	11	13	
0	2	5	11	12	13	14	
2	5	6	8	9	10	13	14	
2	3	6	7	8	11	12	14	
0	3	4	7	10	11	12	13	
2	4	6	7	11	13	14	
4	5	6	8	11	12	14	
1	3	7	8	9	13	14	
0	2	4	6	8	10	11	
0	2	8	9	10	12	13	
4	5	6	8	10	12	13	
0	5	8	10	12	13	14	
1	3	7	9	11	12	13	
0	6	7	8	10	11	12	13	
1	2	3	5	8	9	12	14	
0	1	2	3	4	5	6	9	
2	3	4	5	6	7	9	13	
2	3	6	7	12	13	14	
0	3	4	10	11	13	14	
0	5	7	9	10	11	12	13	
0	1	3	9	11	12	13	
2	5	8	9	11	13	14	
3	4	5	6	7	11	13	14	
0	1	2	5	7	8	9	11	
1	2	3	4	6	9	12	14	
1	3	5	6	7	9	13	
1	2	3	5	7	8	11	13	
3	4	8	9	10	11	13	14	
0	1	4	6	7	10	13	
4	6	7	9	10	12	14	
0	1	3	5	7	8	10	14	
0	1	2	9	10	11	14	
0	4	5	6	12	13	14	
0	1	4	5	7	9	10	14	
0	3	5	6	8	10	13	14	
3	4	7	9	11	12	14	
1	5	7	10	11	12	13	14	
0	4	7	8	10	11	14	
1	4	5	6	9	11	12	13	
0	4	5	7	8	9	12	
1	2	4	7	9	13	14	
0	2	6	7	9	11	12	14	
0	3	4	5	6	9	11	12	
0	2	6	8	11	13	14	
0	1	2	4	10	11	13	14	
1	2	3	6	10	12	13	
0	1	4	6	8	10	11	
1	2	3	4	5	7	12	13	
0	1	2	4	5	11	14	
0	3	7	9	11	12	13	
1	2	8	10	11	12	13	
0	1	3	4	10	11	13	14	
1	4	5	6	7	9	11	14	
1	3	5	7	8	10	14	
2	4	6	7	8	11	12	
0	1	6	8	9	11	13	14	
2	3	5	6	10	12	14	
1	2	5	6	7	8	13	14	
2	4	5	7	8	12	13	14	
0	1	7	9	11	12	14	
0	5	6	8	9	13	14	
0	2	7	8	9	12	13	14	
2	3	4	6	7	8	9	
1	2	3	5	7	8	10	12	
4	5	6	7	8	12	13	
0	1	6	7	9	10	11	
0	1	2	3	6	7	10	
2	3	4	7	9	10	11	12	
1	2	3	7	9	11	12	
1	2	7	8	10	11	12	13	
3	6	8	10	11	12	13	14	
1	4	5	6	7	8	11	
1	3	4	8	9	10	13	
0	2	5	6	8	10	11	
0	2	4	5	8	10	13	14	
1	2	4	5	7	9	11	12	
2	4	6	8	11	12	13	
3	4	5	10	11	12	13	14	
0	2	5	6	8	12	14	
0	1	3	7	9	10	13	
0	1	5	6	8	9	11	
1	2	3	8	9	11	12	
0	2	3	4	5	8	9	14	
0	2	3	6	8	11	12	13	
3	5	6	7	10	12	13	14	
1	2	5	7	8	10	12	14	
1	2	3	4	6	8	11	13	
1	3	5	7	8	11	13	14	
0	3	6	7	9	11	13	14	
2	4	6	7	9	10	11	
0	1	4	8	10	13	14	
0	3	4	5	7	9	12	
0	1	5	6	7	8	10	
0	6	7	8	9	11	14	
1	2	3	5	7	8	11	14	
2	3	5	6	12	13	14	
0	1	2	6	11	12	13	
3	5	6	8	9	11	12	
0	1	6	7	9	10	12	13	
2	4	6	7	9	13	14	
0	4	7	8	9	11	12	13	
0	1	5	6	8	10	14	
3	4	5	6	10	12	13	14	
0	1	3	4	8	10	11	
6	7	8	11	12	13	14	
2	5	8	11	12	13	14	
0	1	3	5	7	9	11	13	
1	2	3	4	7	8	9	14	
1	4	5	7	10	11	12	
1	2	4	9	11	12	14	
1	2	3	4	9	11	13	14	
1	2	3	9	10	11	12	
0	2	6	10	12	13	14	
2	4	5	9	11	12	13	14	
3	7	9	10	11	13	14	
3	5	6	7	8	9	10	11	
0	1	2	5	7	9	10	12	
0	2	3	6	7	9	10	13	
0	4	5	6	7	8	11	
0	1	3	4	7	8	10	11	
0	3	4	5	6	7	9	14	
0	4	7	8	9	10	12	14	
0	1	2	3	4	9	10	11	
0	1	2	5	6	7	11	12	
1	4	5	6	9	10	12	14	
4	6	7	10	11	12	14	
2	5	9	10	11	12	13	14	
0	1	5	7	10	11	13	14	
1	3	4	6	7	8	13	14	
0	1	2	4	6	8	9	10	
3	4	7	10	11	12	14	
1	2	3	4	7	10	11	12	
0	1	2	3	5	6	10	12	
2	3	4	5	7	11	13	
0	1	3	10	12	13	14	
4	7	9	10	11	12	14	
1	2	6	8	10	11	13	14	
0	3	5	8	10	13	14	
1	2	3	6	7	9	10	14	
3	4	6	7	8	9	12	14	
0	3	4	5	7	9	13	
1	2	3	8	9	10	12	14	
0	1	7	8	9	12	14	
0	1	3	6	7	11	12	13	
3	4	8	10	12	13	14	
0	4	6	7	10	11	14	
2	3	4	5	8	10	13	14	
0	1	4	7	8	11	12	13	
0	1	3	5	9	12	13	14	
2	3	4	5	8	10	11	
1	2	3	9	10	12	14	
0	1	3	9	10	11	12	14	
0	5	6	7	10	12	13	14	
0	1	2	4	6	8	10	14	
0	1	4	10	11	12	13	
0	1	2	5	9	11	14	
1	2	3	4	5	7	9	
0	3	4	6	8	9	14	
0	1	2	4	10	12	14	
0	3	4	7	8	10	11	12	
0	2	3	6	9	10	13	14	
2	3	6	9	10	12	13	14	
101	79.959	67.5	58.6921	49.9972	42.2809	36.1079	34	
112	95.9268	80.1352	65.2415	52.7772	41.246	31	
115	91.7918	73.7952	57.262	46.3254	39.7788	35.8252	32	
117	83.2035	58.9859	47.862	40.9868	36.0429	35	
102	83.3739	68.663	54.5414	42.1873	33.4825	32	
102	78.8987	59.9207	45.859	39.304	36.5815	36	
122	94.9586	71.6394	51.5334	38.299	33.1453	32	
117	99.9127	83.3831	66.8789	51.2366	41.3493	37.1915	36	
118	96.0939	75.9411	56.4715	41.3513	38.1405	37.0247	36	
109	95.5721	83.0212	70.4885	59.0702	49.8625	40.6731	33	
114	93.7814	79.4199	68.7367	59.3654	50.5798	42.0753	35	
118	75.6978	61.1348	50.9848	42.4739	34.0891	31	
123	99.7144	82.3161	65.8844	51.5177	39.3916	34.1194	31	
103	88.9743	76.3469	63.9478	54.4166	44.9711	38.0795	33	
105	84.6003	67.9859	53.172	42.9415	34.2865	34	
110	87.5004	67.3038	47.3835	38.3561	35.3392	33.0824	32	
107	81.9743	62.0488	43.7389	36.3262	34.5205	33	
116	88.6452	65.1613	49.7634	41.0753	38.3513	36	
116	96.0706	76.6528	61.3701	49.4337	39.3092	33	
115	92.8246	73.4879	57.1111	44.5191	37.9442	32	
123	96.5304	77.3078	60.1557	47.4246	34.9173	32.2591	31	
101	83.6879	68.2934	56.0466	46.1514	38.4451	33	
110	91.2755	73.1423	61.623	50.5635	40.6428	36	
117	90.6349	64.8918	48.5129	40.98	35.9351	34	
119	92.3329	66.71	51.8503	39.5074	36.2142	36	
102	88.441	75.6708	63.4543	51.2545	41.3706	31.5538	31	
114	97.983	83.4531	69.5864	56.2221	46.9776	39.1399	35	
117	87.5351	70.003	56.9687	45.9537	40.1709	35	
116	95.4679	78.8219	65.9543	54.3388	44.3426	36.2464	31	
120	87.8662	62.0857	44.458	37.8109	34.7628	33.5876	33	
119	99.4214	79.9766	61.3351	50.3911	40.3508	36	
113	95.34	78.2897	61.971	51.119	40.6124	32.768	31	
122	93.6803	68.0328	48.0677	35.0136	34.1536	34	
102	84.9919	69.1303	56.3486	44.4395	36.637	32.3593	32	
120	98.9345	82.5112	67.3043	52.3856	40.3482	31	
119	84.5797	56.5529	44.3289	39.7851	37.1312	35	
102	82.1962	63.8308	49.7388	42.7971	37.3354	34.3752	34	
115	92.256	76.5479	63.5981	51.256	40.9008	33	
111	89.671	69.974	50.8117	41.9199	37.5866	34.0974	33	
105	89.3804	73.9154	60.3383	50.2457	41.7665	34.8836	32	
113	94.4663	75.9326	60.397	49.1833	41.5323	34.2317	31	
103	79.0616	57.4796	47.4554	39.8999	36.4213	35	
120	95.8739	73.8263	56.0477	46.4141	39.4206	36.3592	34	
112	86.3791	68.1697	50.4322	42.3268	37.2748	34.832	33	
118	90.1464	71.3516	53.3187	43.1594	37.3742	34.6368	33	
111	87.5453	65.6078	53.868	44.2423	35.5121	33	
119	95.0051	77.747	63.2985	51	41.253	34	
108	91.7887	77.1682	63.2863	50.4461	40.5034	32	
117	97.4627	80.162	65.2058	51.2468	42.4617	34	
103	87.4636	75.397	63.5031	51.6782	42.8742	36.7115	33	
113	92.2466	74.8843	60.3931	51.2824	43.2117	36.9495	36	
117	96.912	81.9712	68.0877	55.0945	43.6315	33.0589	31	
119	101.681	84.8501	68.019	56.2117	45.1252	38.8718	33	
106	80.3269	64.6346	50.9327	44.6154	39.0192	34	
105	89.2074	74.033	62.1974	53.1352	45.4332	38.8618	36	
120	88.8926	70.2816	54.5107	45.2888	38.8401	36	
114	96.3738	79.3377	65.7246	52.741	42.177	36	
119	84.9632	53.9161	45.3149	40.4854	36.2538	34	
102	82.8257	65.0409	54.0365	45.283	36.6685	32	
108	91.9505	75.9172	63.4343	53.3507	43.9966	35.3558	32	
110	92.5893	76.7474	64.5408	52.602	41.7347	35.727	35	
121	88.3153	68.0898	57.0187	46.7407	39.5362	36	
118	97.3588	77.6519	59.1909	49.1959	41.2112	36.5959	33	
104	81.9667	60.5162	44.064	38.1242	34.8293	34	
103	83.9726	66.0692	53.0951	44.8334	36.6901	36	
101	75.4239	61.0406	48.0172	36.8767	34.0262	34	
107	77.981	50.3177	40.6165	34.0078	32.1014	31.466	31	
122	101.417	80.9209	65.4837	50.6109	36.3896	35	
117	82.9333	56.6444	41.6722	37.8222	35.3333	33.1167	33	
117	97.6709	78.6835	65.2025	52.443	39.7975	36	
122	102.997	85.6052	68.8227	52.2367	42.8039	35.1791	34	
121	99.1818	81.6089	66.5832	52.3808	38.6672	31	
123	104.508	87.8684	72.4513	57.6451	43.7757	35.4053	34	
110	89.309	69.4073	49.8721	36.2566	33.0712	32	
110	86.3582	70.654	55.155	39.8614	33.2581	31.4448	31	
109	90.4831	72.2627	61.2034	50.2288	41.2458	34.5085	34	
114	94.0666	74.3733	58.2584	47.5712	37.6525	31.6965	31	
106	89.0642	72.7735	58.3624	45.9785	39.3258	35.419	34	
119	100.017	82.4246	68.3385	57.0939	46.615	36.4988	34	
108	91.4389	76.0709	60.9178	50.1316	40.8488	34.4773	34	
112	90.9157	72.0663	57.5813	47.6506	39.3434	35	
112	81.4295	62.4696	49.139	38.9749	35.1047	31.5473	31	
109	89.8937	75.5537	62.229	49.381	37.0925	31	
102	79.5787	60.4823	42.4452	35.4716	33.7356	33	
109	89.9852	71.284	54.6215	43.2126	36.0968	33.47	31	
103	87.2516	71.5868	61.6316	52.0947	42.9761	34.2339	33	
109	85.5597	64.6165	49.3656	39.1893	33.3897	31	
108	87.8409	71.2555	56.7776	46.6293	41.3147	37.2829	36	
118	93.2058	68.5922	50.2997	41.5533	35.8772	35	
109	80.3961	58.5157	41.4544	33.6428	32.2436	31.272	31	
114	92.3635	71.0975	51.6099	45.9538	41.582	37.6548	36	
106	87.0262	68.5732	54.5563	42.9971	35.416	33.6456	33	
103	85.2213	69.0073	57.2917	46.6519	38.7111	34.3691	33	
121	89.8044	72.0106	55.9284	45.433	35.7772	33	
112	88.8958	68.7961	52.3529	36.4688	35.0248	34	
109	90.8057	77.2222	63.9639	51.8727	40.3554	35.6299	31	
109	85.0908	65.5649	48.7671	34.1764	32.5824	32	
108	95.1823	82.3909	69.8227	57.5697	46.0522	35.8479	32	
117	90.4946	72.5007	58.7053	48.2231	38.4835	32	
113	90.6478	68.806	48.8716	32.6448	32.2955	32	
121	100.539	82.5793	65.9509	56.3701	47.3089	40.2289	35	
119	101.469	85.8538	71.4342	60.3728	50.5826	41.6462	34	
101	85.1839	69.5264	54.2217	41.068	33.733	32.0579	31	
107	84.6554	66.9424	49.6235	39.6707	36.8869	36	
102	78.4277	61.8127	47.4533	37.7321	35.8895	35	
114	96.0023	80.428	65.1168	51.7406	40.1867	33.1981	31	
123	93.8644	66.6153	48.9483	39.4261	34.5752	32	
115	97.526	81.4967	66.8662	52.7402	42.1687	36.5504	36	
101	86.6582	72.9983	60.6142	50.0118	42.0051	36	
107	94.4023	81.9165	71.514	61.5729	51.7576	43.8019	36	
109	89.5441	74.7272	61.6535	48.6922	37.6991	35.2249	35	
108	88.1796	70.1075	53.1941	44.6561	38.4559	35	
109	85.3652	69.8957	57.1391	48.6087	40.3652	34.1304	34	
105	91.5613	78.2627	65.4157	54.2817	43.7238	38.1957	36	
117	93.7778	72.4284	60.6033	51.9083	44.123	37.6219	35	
113	95.0387	77.1742	63.471	50.8323	42.3742	35.7161	32	
110	80.7438	56.6947	41.4646	38.0333	36.0166	34.4214	34	
115	99.2196	84.4847	70.7953	57.3509	44.2169	37.5356	36	
120	99.7961	81.2652	65.2822	51.7186	40.3684	33.548	31	
122	95.3213	71.6178	57.5592	44.1218	39.6099	35.8828	35	
123	92.1846	65.2999	51.0603	41.3447	32.0742	32	
109	90.3147	74.2903	60.9268	48.483	41.6154	37.4674	36	
105	73.0946	51.7923	44.3077	38.5504	36.1515	35	
122	97.3857	73.2152	53.3363	43.8655	35.4058	34	
107	81.5835	60.9123	51.066	43.0881	37.0084	36	
123	93.1312	66.3619	46.1089	40.1563	36.9158	36	
112	89.3086	73.2184	62.2004	51.3522	41.0137	34.364	34	
106	85.1816	72.0358	61.4476	51.6522	43.3657	36	
101	81.9058	63.4326	51.2132	43.3849	36.3327	36	
107	81.091	64.71	49.5613	37.6889	33.511	33	
108	89.2346	71.1078	54.4788	42.0787	31.6828	31.1322	31	
123	100.633	84.4624	69.1878	54.6878	44.424	39.6553	36	
117	89.7061	70.8491	56.8469	49.9791	43.2296	37.6643	35	
114	97.4462	81.9705	69.071	56.5552	48.863	41.8651	36	
101	87.1144	75.2601	63.4533	52.567	44.5848	36.8723	34	
119	91.6341	68.5122	45.4878	35.0488	33.4878	33	
115	77.6835	57.9928	45.705	36.3885	32.0072	31	
116	97.6615	81.2488	67.0493	52.9361	44.3417	36.7246	35	
117	82.8241	62.9587	46.2939	41.8793	37.5016	35	
115	93.3112	76.5876	61.0376	49.708	40.4096	34	
102	86.8056	72.3831	59.9309	48.6976	39.5769	32.8532	32	
101	83.8668	71.6085	59.9419	50.973	42.0514	35.6619	31	
114	91.5482	70.8039	59.1421	48.8244	43.048	37.5622	36	
109	83.721	66.2624	51.7472	40.1466	34.202	34	
116	84.4053	64.6288	51.786	45.1597	38.8749	33	
116	97.5544	83.969	71.2638	59.2856	49.7567	40.687	32	
117	98.3475	82.0522	68.0956	54.9247	43.9989	37.6753	35	
120	86.5853	69.7709	53.9203	41.9253	34.2856	34	
110	92.523	76.6239	62.6823	52.3558	42.9083	36.1372	34	
122	96.745	80.6149	65.6997	51.2756	40.3671	33	
103	86.3774	70.4017	56.8958	46.2519	40.9789	37.921	36	
122	97.3991	80.7457	65.2147	51.1094	42.9192	35.6087	33	
109	86.2921	69.6942	55.0206	43.7629	34.9107	32	
106	85.5842	68.6149	54.895	45.5733	38.4508	33.6586	31	
107	92.3506	80.4534	69.2878	58.2093	48.803	42.2012	36	
102	84.3495	67.7785	51.8703	40.2232	37.8181	36	
117	94.1046	74.8905	60.77	46.8512	38.9084	35.8573	35	
110	93.1211	76.4922	61.0601	51.4328	44.5027	37.6975	33	
101	69.8739	57.1681	45.1008	39.5882	36.0924	33	
117	89.4502	64.6378	45.4406	38.5269	37.2283	36	
115	95.408	79.022	64.1598	51.138	40.8077	35.2072	34	
115	94.6248	74.3846	56.2383	44.1482	32.5084	31.743	31	
109	87.8151	72.4105	57.476	46.3304	38.4483	33.968	33	
103	87.9704	73.6122	62.8549	55.363	48.3899	41.7372	36	
111	97.3741	84.3205	71.696	59.4649	48.0922	39.1513	33	
107	90.2822	74.533	60.8953	49.001	41.388	34.3366	33	
102	78.6519	59.3535	41.2001	38.3235	36.2288	35	
120	96.6895	78.2057	62.6288	50.1508	40.4701	36	
102	76.1211	66.0601	58.6035	51.3936	44.3208	37.6866	35	
114	96.4764	79.124	62.0285	49.3568	38.7113	36	
102	76.5524	61.9007	51.3526	43.3658	37.0039	33.4787	31	
122	94.1418	78.4476	63.8718	49.7505	40.2431	35	
117	85.2862	66.0014	52.2494	43.3888	37.896	33.7664	31	
121	98.3596	77.694	63.3144	50.7147	38.1708	35	
122	95.4448	72.5511	56.2156	45.7143	35.2532	33.0402	33	
114	97.2019	82.4966	68.9685	58.6168	48.5455	39.1842	31	
118	95.8912	77.5046	63.2438	49.2745	40.3054	35.2155	31	
108	79.8111	65.3406	53.8183	43.1986	37.302	35.1059	33	
106	86.3204	69.7523	56.9496	45.7919	36.2395	34	
102	81.4775	66.1168	51.6719	41.4939	37.7058	35	
121	92.9601	71.8306	52.9601	43.392	36.9801	31	
105	86.5612	69.6504	54.8664	40.4746	34.5073	33.4956	33	
102	77.8581	58.3339	45.6587	35.6796	32.7975	31	
109	89.5701	72.9494	59.1898	50.0081	41.2425	37.2369	35	
102	88.4588	75.5086	62.8209	51.6761	45.439	39.4645	35	
107	86.1996	69.7963	56.262	46.3139	40.5447	34.9314	32	
118	97.3695	78.6454	61.764	46.7678	35.7324	34.3132	33	
117	98.9085	81.7683	67.5957	56.3718	47.5258	40.2207	34	
118	91.9291	73.6384	60.4268	51.1199	42.7232	36	
101	85.1164	70.1235	55.7573	43.0405	37.1192	31.4288	31	
118	93.6528	78.8788	64.2705	50.9871	39.2938	33	
106	87.7574	71.1002	54.5047	43.9421	35.1503	32	
120	104.363	88.7504	75.5786	63.5428	52.7879	42.6614	35	
110	94.1844	78.7215	64.4751	55.3066	47.1079	40.9016	36	
120	100.882	86.0264	72.2479	58.6013	45.6799	37.7689	35	
106	83.3474	66.0939	50.2019	39.8732	37.5258	36	
118	89.0544	69.1258	55.7638	44.7867	34.5937	31	
104	88.3569	72.9669	57.9205	46.3283	37.5573	33	
107	85.8306	65.0861	53.5319	42.934	33.5578	33	
117	88.171	64.9377	52.2739	45.402	38.9229	33.5563	33	
101	83.8411	71.5479	61.6577	52.0058	42.9696	36.2967	33	
118	98.4942	79.6177	67.7031	56.0727	44.5235	34.0906	32	
118	95.9458	75.1085	60.207	48.1119	41.3566	34.775	31	
104	84.0243	70.4233	59.4857	50.4257	42.872	35.9951	32	
120	103.513	87.0611	72.249	57.5591	43.8462	36.8676	32	
115	90.1983	68.9326	53.4689	42.1388	38.3538	34.8178	33	
118	92.3098	75.6886	60.205	44.7846	40.7399	38.0855	36	
114	81.4758	64.5436	50.6186	38.23	35.2881	33	
108	91.7028	77.9632	64.7275	51.828	44.5661	38.555	34	
110	79.3384	59.0306	50.348	44.5354	39.0134	34	
102	78.9823	57.9651	49.3234	41.2419	37.4812	33.9339	31	
116	93.9408	77.1688	60.5019	45.8308	38.6178	33.0504	32	
114	90.0899	70.7166	51.9074	45.0899	38.7629	33	
120	96.1399	74.46	60.5557	50.3819	43.3813	38.8757	35	
123	101.42	81.9545	63.9641	47.6472	39.1254	33.8626	31	
103	83.2537	63.591	49.1104	37.3672	34.1493	33	
114	90.7139	69.3226	56.433	49.2028	42.2469	36.5874	32	
107	73.0267	61.4642	53.0983	45.2767	38.5772	35.3805	33	
102	86.1184	71.3152	56.7734	44.7968	39.4376	34.5686	33	
123	102.106	82.0269	63.9041	49.1234	38.3095	36	
119	99.9597	81.2793	67.7099	57.0919	48.9935	41.147	36	
118	98.4418	79.3347	60.3603	47.3303	40.5367	36.1314	33	
105	86.7652	74.3442	62.1805	50.2743	39.1189	35	
102	79.8197	64.0152	52.274	41.0267	37.0307	35.5041	34	
101	81.7179	63.9486	48.3373	36.5785	33.9363	32	
111	83.7686	68.0082	54.8475	44.9038	40.7444	37.9822	36	
104	87.4002	71.4914	56.0208	46.5328	37.6347	36	
109	75.6263	64.606	54.2891	44.7147	39.0873	36	
123	97.2417	76.5768	61.3234	48.6963	40.1013	36.3344	34	
112	88.5664	67.3861	50.6062	40.7715	37.5375	36	
122	94.3288	69.6384	46.9728	40.8424	35.3588	31	
105	84.1819	64.3286	45.4908	34.1171	33.1016	33	
101	81.224	65.4734	51.3708	38.4839	33.7291	32	
103	86.52	74.4581	63.5105	53.8336	44.3326	35.5159	31	
108	88.7969	69.8252	55.6658	41.8997	38.383	36	
114	93.6446	77.5217	63.3187	52.1265	43.6832	37.6181	35	
104	88.812	74.538	61.3608	49.0215	38.5864	31.9597	31	
102	86.5672	71.5919	58.4122	48.0785	40.9805	36.3388	36	
106	91.6227	77.7108	63.8488	51.2168	40.3632	33.0166	33	
115	90.9128	72.2062	55.7374	45.1018	37.2572	36	
119	92.6207	70.9689	56.0773	43.5022	39.2475	36.6001	34	
121	81.7543	65.0457	53.5829	46.3457	39.4	36	
120	101.152	83.9327	68.6449	53.6386	40.6037	33	
113	86.3887	65.4205	47.2185	39.473	35.047	33	
120	100.641	82.9531	67.7954	53.8073	43.2805	36.3819	36	
120	97.3348	84.5613	72.4888	61.1692	49.9015	38.9973	33	
112	89.4145	72.8945	57.5827	43.2325	34.3315	33	
112	91.9971	79.0282	67.0484	56.2227	48.3095	40.6435	36	
120	94.9341	72.9945	52.5622	42.988	34.0837	34	
106	83.1106	62.7491	45.8348	39.0553	34.7807	32	
120	100.844	83.5664	69.1398	58.1039	47.3703	38.0189	31	
118	90.1381	66.4597	54.6623	45.375	39.8528	35	
123	95.8514	70.121	52.8998	40.599	37.039	34.1737	34	
116	94.6951	74.8056	55.6971	42.1527	36.491	32.8547	31	
111	81.8919	62.3514	48.0405	40.5811	35.2703	33	
111	97.1843	83.866	70.6382	57.4782	47.3934	38.6653	31	
116	90.3288	68.137	46.6301	36.8493	35.6438	34.5753	34	
110	85.1537	62.6324	45.897	39.8138	34.8121	32.7574	31	
108	88.6437	74.5112	60.4191	48.3316	38.6939	31	
104	85.2969	70.7552	57.4481	44.2782	36.1156	32	
106	86.586	71.4013	56.3185	44.242	35.4268	34	
104	86.6978	70.8105	58.2548	48.9051	41.0421	34.003	33	
114	74.2632	53.5824	44.6207	38.3179	33.0492	33	
104	75.7724	55.5122	43.3333	38.7805	34.2656	34	
103	87.5972	74.7616	62.817	52.2514	42.8103	36	
113	94.5987	79.2579	66.9017	55.3248	44.5083	36.1061	32	
110	92.9141	76.8095	61.3843	48.2239	38.3598	35.0382	33	
109	86.4036	64.2091	44.8273	32.5364	31.26	31	
106	73.0381	61.1682	51.9006	43.2264	35.8762	33	
110	94.0293	79.2903	67.4252	56.0117	45.6246	38.6862	33	
109	92.9568	79.2606	66.8078	55.3709	45.6679	38.8198	36	
121	96.0708	77.3486	59.0554	42.6294	34.6308	34	
122	93.1916	69.8767	52.7896	40.1421	36.7885	35	
118	99.2568	82.4056	66.7961	54.4386	42.4359	32	
117	90.4432	65.249	53.3787	43.5069	35.7549	32.1514	32	
103	79.5589	56.3552	46.415	38.2551	36.9495	36	
116	93.8623	74.158	57.1914	43.6046	39.346	36	
107	85.6201	71.0831	57.4993	44.8348	34.3831	32	
106	91.1716	76.6722	62.3084	48.0801	39.1559	35.6908	33	
105	78.3207	67.1176	56.3453	46.7221	37.7811	32	
111	90.3472	73.9704	58.748	47.3099	40.5966	38.1166	36	
112	92.5777	75.5595	60.9032	47.4488	36.3353	33.0456	31	
101	79.4135	69.0288	59.5817	51.3365	43.6683	37.5144	36	
102	84.8211	67.9251	51.312	37.848	36.1886	36	
101	82.605	67.3138	52.8363	46.9317	41.0272	36.1445	32	
111	91.5471	74.7884	59.753	47.2335	35.8034	32	
104	83.7578	68.4291	57.0901	48.1449	42.6013	38.4017	35	
102	83.4915	66.1315	51.9678	38.1104	34.7609	33	
120	95.0992	70.557	47.7057	41.6086	37.1766	34	
120	92.3435	77.6077	63.5794	50.0434	39.6453	36.1383	35	
113	92.5399	77.8035	66.057	57.1084	48.3947	40.1295	34	
108	90.4857	74.1109	58.4549	48.9351	39.4328	31	
102	82.4457	66.8416	54.2247	45.3025	38.1883	33	
101	80.2462	65.2716	51.8179	43.8393	36.5158	32	
112	94.886	80.2782	66.0823	53.8948	42.2394	34	
102	84.9748	67.9842	51.9605	40.8925	34.331	32.0345	32	
116	84.517	58.0512	48.6439	39.9892	35.5573	32.1707	31	
110	77.7643	63.9873	52.172	44.6815	38.4395	34.9618	33	
111	91.5164	72.3992	54.0481	39.1606	33.0991	32	
120	91.6221	64.6053	50.705	43.8168	37.5885	34.8249	34	
116	91.8565	74.5567	58.6149	47.29	37.3501	34.4714	32	
122	98.7775	82.5192	66.5974	51.996	41.2262	31	
110	92.5087	75.8892	61.07	47.0845	35.6385	32.3032	32	
102	88.17	75.0628	62.9082	51.3778	40.7343	34	
101	82.0309	63.4915	45.9289	32.3516	32.0195	32	
122	101.25	84.6598	69.2156	56.088	46.5724	37.53	32	
121	92.0218	67.1717	46.2452	35.4142	31.0817	31	
102	86.3068	70.7794	59.3687	48.4553	41.4652	36.1604	35	
119	103.164	88.3595	73.649	61.1714	50.026	39.7812	31	
109	93.3449	78.6387	64.5776	54.7291	47.7081	41.4081	36	
118	93.4484	71.7735	60.9788	50.9246	41.3262	38.0792	36	
120	98.9583	78.9234	59.7406	47.5029	40.4803	34	
104	90.6497	77.5063	64.5061	53.9404	43.5179	35.5141	33	
121	103.711	86.7608	73.7151	60.9628	49.5422	40.0401	36	
108	90.368	74.7901	60.5936	49.4691	39.7261	36.3815	35	
121	97.0731	78.3758	63.3899	50.3158	39.3224	31	
121	95.6535	77.745	61.3049	45.5352	36.0861	32	
115	93.4206	72.8687	63.8384	55.462	47.3658	41.5116	36	
105	86.5461	71.9582	61.0653	50.3859	42.5473	36.4815	33	
107	80.3377	61.0124	42.573	37.5617	34.1286	31	
102	82.7191	65.5653	53.5636	45.8551	39.7469	36.9953	36	
108	70.046	56.0673	46.7758	38.6043	34.7881	34	
123	102.707	82.7872	63.9685	50.3661	37.4901	33	
122	91.2836	62.6839	51.8428	43.0667	37.4397	33	
105	70.8507	59.8727	52.0139	45.7755	39.9016	35	
122	94.5305	74.4524	54.8984	40.4465	35.758	33	
110	88.823	70.1084	52.8489	44.2751	37.0445	34.4029	34	
103	73.339	62.4155	51.8603	42.1642	34.2274	33.6137	33	
108	84.0546	67.3073	54.8847	47.7446	41.7655	37.2666	33	
115	90.6482	74.2025	58.1148	45.0023	33.9559	32	
106	82.7493	60.0775	48.0824	36.3445	33.1286	33	
116	87.6623	68.079	48.5873	38.9787	33.5186	33	
106	93.8293	81.7935	69.8804	59.7954	50.422	41.1958	35	
109	86.8625	69.9272	54.8296	45.1886	39.3362	36	
122	101.933	84.1619	68.0383	53.6315	41.8926	36	
120	94.4267	74.7763	62.1902	49.6967	42.4781	36	
123	96.1479	70.3987	45.4103	39.9333	37.2709	35.141	34	
118	99.2097	81.8467	65.9964	52.7451	43.84	36	
112	95.9973	80.5399	67.4945	55.309	46.5211	39.3272	34	
110	87.7744	65.9073	46.3958	41.0443	36.8194	36	
108	90.0422	74.4574	59.7705	49.1454	40.8293	33.2186	32	
117	100.821	87.665	75.7397	64.942	54.8448	44.7988	36	
106	82.3959	66.2496	50.7679	39.6428	36.5661	36	
120	98.1511	81.3812	65.4807	52.4858	42.6709	37.3174	34	
116	94.7453	76.7558	59.9985	48.4778	38.4358	36.0639	34	
123	106.094	89.4446	73.6852	59.4483	46.6945	37.0056	34	
106	88.5214	74.0854	62.5841	52.1401	43.2929	36.582	33	
119	85.2461	62.8433	47.7084	38.9796	34.6713	31	
101	78.5919	58.2739	48.542	39.0798	34.4948	32.944	32	
104	82.8219	68.144	54.4547	42.8322	31.5392	31	
109	83.0824	66.9937	53.1014	41.5428	31.8511	31	
118	92.4483	71.3707	50.5259	40.8793	35.1897	31	
102	83.4696	70.791	58.5066	46.6579	37.0919	34.5188	34	
103	80.4237	61.0108	48.3843	39.2727	33.4867	33	
107	82.0081	60.0633	46.5943	35.5836	32.0755	31	
109	92.2384	77.5656	63.8948	51.1411	40.9686	31.0679	31	
104	88.8039	74.6237	61.5836	50.5546	40.6864	33.389	32	
116	92.6831	73.539	57.4802	45.2654	38.7913	35.0737	33	
120	87.9906	57.9132	47.7208	38.6276	34.2975	32.1658	31	
116	89.243	70.1606	51.8663	37.1396	31.7882	31	
114	94.7135	75.8885	58.4723	44.0925	36.7325	31	
106	90.3897	75.3241	60.5139	49.0913	41.8735	36.6473	32	
105	84.3078	64.6517	53.3152	46.8241	40.8511	35	
106	79.0689	61.0449	52.9062	44.9421	39.6327	37.3972	36	
118	94.218	70.6994	47.7829	34.763	31.715	31	
101	85.5588	72.8627	60.2135	49.3111	39.2509	33.2772	31	
103	84.9372	66.996	49.3465	40.3273	37.5559	36	
122	97.8696	74.9729	58.4173	45.5631	35.2051	34	
114	91.2032	70.4164	50.4386	38.2067	34.4563	31.5638	31	
116	90.8846	68.3237	57.4986	47.6851	38.9086	36	
123	97.3504	75.486	59.3214	45.606	37.2788	31.1336	31	
116	91.9177	74.477	59.2328	44.0931	35.5689	34	
106	90.656	75.5126	60.4618	45.6581	37.8471	33.6638	33	
116	96.3162	77.7198	61.8308	50.2247	45.0985	40.0166	36	
116	97.017	78.6399	65.3518	53.0331	41.8453	34.9791	33	
110	92.7542	76.2415	61.9648	47.7979	35.977	32	
120	98.6169	82.102	66.6353	51.2618	37.2627	34.8169	33	
103	80.7816	64.4477	51.9361	45.749	40.6344	35.5198	32	
105	82.5181	67.3855	55.747	45.747	36.1325	35	
123	98.1001	77.8636	60.8798	47.1202	37.189	31	
121	103.796	88.4486	73.6542	61.4117	49.3477	39.4431	34	
118	92.6259	69.8758	54.7878	41.4579	38.5715	36	
119	88.3859	62.2077	50.4618	40.9027	33.2492	31	
108	91.8528	76.6811	62.6925	48.9943	39.1358	31.5811	31	
123	97.48	73.7	56.416	43.3467	36.116	36	
105	74.0901	54.7988	44.4955	38.1381	32.8038	32	
112	94.2803	76.9704	62.6717	52.3062	44.993	39.6668	36	
120	98.2388	77.5486	61.822	50.7716	39.9301	34.627	34	
122	100.415	79.5749	67.2247	56.2126	46.6702	37.4349	35	
110	92.4732	75.1326	65.8757	56.8794	48.442	41.3456	36	
106	81.2485	66.2959	52.5639	43.4092	37.8486	33	
101	84.3296	69.0861	55.0165	42.8252	33.7586	33.2167	33	
114	94.0933	76.6988	59.711	47.9632	38.5123	36	
103	79.7904	63.5573	53.2148	44.4196	37.7417	35.0271	35	
119	86.8469	67.832	52.2982	41.0689	33.5827	31	
121	90.4867	71.9148	56.6425	42.03	35.7137	31	
113	95.1502	77.4642	60.9805	46.5731	35.7721	32.02	31	
116	95.4763	76.094	57.9153	46.6262	36.8936	31	
117	67.2375	50.0369	37.3259	36.1359	35.3786	35	
123	99.6443	82.3862	65.9719	51.6536	42.2351	36.7637	32	
113	92.2054	71.7805	56.5773	43.5461	31.1386	31	
107	79.5807	60.9608	50.946	43.7995	38.792	35	
119	101.807	85.3767	69.4269	57.3391	48.6551	41.3457	36	
106	87.9076	70.1014	53.8284	43.9338	38.1892	35.6951	35	
106	79.5067	61.6014	49.6105	44.0472	38.5919	36.3503	35	
106	82.6297	62.1336	46.231	40.8854	36.2382	32.6923	31	
107	83.2777	66.2703	52.0075	44.2634	38.1368	36.1763	35	
116	96.889	79.2779	63.2634	50.2486	39.8706	36	
101	81.2718	62.6478	50.4035	40.564	37.4968	36.5398	36	
118	97.637	78.6823	62.6557	51.323	40.3034	34	
104	80.8037	57.9703	39.0795	36.9509	35.3303	34.1935	34	
104	86.3137	68.8036	53.5068	43.1261	38.4646	34.2143	33	
116	98.7216	82.4747	66.7832	54.8807	45.5968	38.5942	33	
122	80.8094	60.1934	46.477	40.2385	36.6028	34	
122	95.2131	69.2721	53.4193	46.4641	40.6995	36	
104	85.3099	69.9744	56.7859	45.4569	37.9233	32	
105	91.8428	78.7796	66.2239	56.6756	47.8978	41.8831	36	
121	97.0186	79.2481	62.7347	49.1296	38.9258	34.1936	32	
102	81.5014	62.3975	46.1713	35.3465	33.0885	33	
120	97.2835	80.1548	63.8296	50.9009	38.3739	36.0365	36	
119	99.8089	81.8172	64.462	49.2854	38.6128	31	
108	88.7833	71.3984	54.3465	38.8599	33.731	31	
112	97.0185	84.0879	71.9906	60.5341	50.1191	40.0887	34	
123	103.557	84.3498	67.8274	55.7542	44.2493	37.1346	31	
106	87.5516	73.269	59.9216	49.7764	40.1413	34.7003	33	
105	82.3834	66.3233	53.4065	41.472	33.5157	33	
119	100.563	83.2565	67.7826	55.8468	44.1881	34	
103	85.9163	69.3164	56.8106	45.3098	37.1215	35	
121	102.71	85.1451	71.9338	59.962	48.6856	37.4394	31	
113	87.4466	66.3872	53.9501	44.2565	39.658	36	
110	77.7161	50.3008	39.3463	34.3617	31.8694	31	
116	92.6001	74.3683	58.6057	49.4468	41.6947	35.6653	34	
107	83.2634	60.5756	47.1866	40.8242	36.9788	36	
117	84.9624	56.8958	41.783	39.7782	37.812	36.6554	36	
119	92.8329	72.9819	53.7221	40.6541	35.9247	33.8401	33	
113	86.8733	69.1604	58.8278	48.8273	39.9339	32.4059	32	
121	101.411	83.4855	68.0854	53.7737	42.7267	34.924	34	
114	88.9233	66.1032	54.2841	42.6343	37.3877	33.8053	32	
118	93.2047	74.1829	61.0377	49.4649	39.7736	34	
109	87.1178	69.4483	54.1861	43.9792	39.2609	35	
120	97.3053	79.9924	64.4885	50.4275	42.8702	36	
101	86.0092	72.3149	60.7477	49.6869	40.6114	35.5064	35	
123	97.736	78.4416	60.0711	45.467	40.3503	35.5533	32	
122	100.253	80.6463	62.4367	48.5721	41.4105	34.6201	32	
103	89.4691	76.411	64.9715	53.6412	43.6202	36	
105	90.0461	78.1925	67.0185	56.3585	46.5937	39.3654	36	
118	95.3579	76.4765	58.1619	42.7323	34.1288	34	
117	86.9522	65.3869	51.6191	41.4074	35.3718	31	
117	94.4808	74.5023	57.2518	45.1898	39.9746	35	
116	97.8501	80.8122	67.8659	55.675	45.9601	39.3086	34	
119	94.2913	69.9655	57.6877	46.7372	36.6547	34	
115	92.8925	71.7413	55.4164	40.5372	38.0907	36	
105	88.6422	74.3292	62.8974	52.7481	43.1751	36.7064	36	
115	88.6183	65.9765	52.8437	44.1754	38.4062	36	
105	81.1208	68.4242	56.6839	45.9529	40.7467	35.6468	34	
114	89.962	73.6131	58.6436	46.8673	38.9994	32	
108	93.5457	79.7307	67.2666	55.8775	46.6529	38.5614	34	
107	91.1012	79.1632	67.4112	56.1426	46.5103	38.9236	35	
120	89.782	69.7258	54.8652	43.2135	38.1326	35	
107	90.2478	73.937	59.2765	45.4219	39.4541	36	
106	86.2853	69.4499	56.5334	45.2564	37.7984	32	
101	80.9704	62.1408	47.7393	37.9935	34.2276	34	
103	83.1982	68.1425	57.1947	47.6827	39.6663	35	
112	88.1326	67.6538	55.1013	45.5838	36.0663	32.2063	32	
104	87.0754	71.9474	58.5053	45.3294	32.4418	31	
121	97.5104	76.0114	56.1773	41.4827	35.547	32	
117	92.1586	70.1969	48.9915	41.4576	37.7052	36.2508	35	
110	86.9297	72.5011	59.959	48.5895	38.3417	31	
121	88.9761	57.5846	47.3508	41.0265	35.1047	32	
122	87.6985	57.5547	41.416	38.4071	36.383	36	
110	89.487	72.8733	57.0893	45.3706	35.0622	35	
108	87.2405	74.1391	61.4619	49.8215	41.8334	35	
110	89.5714	69.6235	53.1496	42.9244	36.2605	32	
107	91.583	76.7406	62.1281	49.4694	40.2585	32	
101	79.8497	65.2188	56.139	48.2211	42.0245	36.1076	36	
104	85.5258	68.986	53.6235	41.0645	37.1958	34	
106	87.9531	73.147	59.7384	48.3553	43.0891	39.2002	36	
102	82.9498	66.0725	53.7935	44.3947	38.8869	34.0359	33	
111	92.548	74.9818	62.822	52.4889	43.0599	35.4577	34	
110	92.5733	75.8567	59.304	47.9957	40.0199	33	
107	89.3385	74.5543	62.0984	50.4566	39.8748	35.7102	32	
122	101.247	83.63	66.1357	52.2921	39.1836	33.4992	31	
107	86.2308	68.8182	55.2605	45.2168	36.222	33.4685	32	
117	86.9903	68.6642	55.5839	43.7299	37.1898	33	
116	94.7161	78.6985	66.6854	57.0749	48.3137	39.6497	33	
121	91.9008	67.354	50.6919	39.683	34.0893	34	
118	98.6794	80.4402	66.0069	51.9272	38.9081	34	
101	84.5411	70.9375	57.4976	45.1125	35.7646	32	
113	85.8897	61.441	49.3095	41.8201	34.8878	33.619	33	
120	94.7211	71.2563	57.5718	47.0817	41.0479	36	
120	102.148	84.6591	68.7254	56.4065	45.0166	35.0404	35	
107	86.5723	67.0248	52.7991	43.4245	35.7283	31.7573	31	
116	95.0761	75.393	61.3154	50.9604	43.8146	37.2892	35	
116	91.8648	68.9127	50.9296	37.2845	34.892	32.631	32	
104	89.1244	76.4622	64.6301	53.5954	43.4885	36.9621	34	
103	74.9629	55.0159	45.0423	35.9025	33.6176	33	
103	81.0275	66.7385	52.4954	43.8486	38.0917	34.9495	33	
102	77.7329	60.7296	48.5688	42.5021	38.3669	36	
102	85.3079	72.3579	59.6821	48.0839	37.9746	31	
110	86.509	66.1125	51.0051	42.0026	35.1381	33	
113	91.6117	71.8226	56.853	45.4371	37.6858	32	
104	88.1047	74.9184	62.5753	51.9904	42.5178	33.5117	31	
112	93.8444	76.6464	60.4061	45.7487	38.9282	36.153	35	
114	94.4502	75.0025	58.2309	45.3611	33.3084	32.1031	31	
102	88.4403	75.9469	64.5517	54	45.4695	38.1167	36	
107	84.6995	66.6914	52.6527	43.7132	36.7423	36	
104	90.4258	77.4287	65.6862	55.2484	46.0902	37.3836	35	
114	83.4333	60.8	47.1333	38.9333	32.7333	32	
117	78.1184	62.9597	52.1259	42.1914	33.0277	32	
121	100.637	84.672	69.9199	58.0272	46.5461	39.9174	35	
120	98.4972	78.5034	59.4382	41.7369	32.9442	31	
118	92.3802	73.5838	55.9461	41.5269	34.8323	32	
110	93.4265	77.6415	63.1313	53.4019	46.0378	40.1331	35	
108	87.1099	66.4571	48.653	40.4955	32.9638	31.41	31	
123	95.3755	68.0283	52.6906	40.9031	35.3005	32.1941	32	
121	103.909	87.4168	71.3955	55.6098	42.8507	36.7974	36	
101	81.8182	68.1228	55.6967	47.7537	41.2847	35	
111	90.4636	71.5019	54.0273	47.8161	41.7799	37.537	35	
120	87.5006	67.142	53.175	42.184	36.9422	35.3866	34	
104	89.7538	75.6834	61.7303	52.4087	43.7466	37.1951	34	
118	96.5155	76.0796	61.8886	49.9113	45.1111	40.3109	36	
105	79.8933	63.2401	47.1455	35.5187	31.7108	31	
112	94.4524	78.6667	65.4762	52.5952	41.9286	33.2619	32	
122	95.3613	69.0955	43.7088	38.7806	34.252	33	
102	86.951	73.0366	64.7215	56.5552	48.947	41.6922	36	
107	83.0688	68.4212	55.2693	45.0057	39.8997	35	
118	94.2497	71.8679	51.0828	42.7858	36.0855	36	
102	74.7592	48.1269	40.0416	33.2604	31.058	31	
114	89.9024	69.0143	51.4409	44.1274	37.2086	33.7097	31	
110	92.8822	77.8637	63.422	53.3174	44.6201	37.8376	35	
102	75.469	60.3356	46.3419	38.142	32.6649	32	
116	90.3954	73.491	62.045	51.8892	44.3137	38.3591	33	
120	99.5402	79.3362	59.2252	40.8346	34.069	31	
102	80.0078	61.5807	48.7558	37.0884	31.3935	31	
115	87.7624	62.9192	47.2351	40.5604	35.502	32	
108	87.3985	69.1679	51.7805	41.9539	37.7651	36	
113	97.6808	83.3514	69.4463	59.2649	49.8691	41.4946	34	
116	95.3226	75.3366	58.6347	44.5473	32.5989	31	
109	88.806	73.6453	60.2843	50.0043	40.3649	31	
111	93.1199	78.7184	65.1821	54.1332	43.9494	34	
119	95.0188	77.7453	63.1461	51.1336	40.6994	35	
101	82.1258	63.6856	52.4045	44.2329	36.9291	33	
121	103.055	85.5968	69.2344	56.1591	44.1308	35	
112	88.5224	67.1365	56.702	48.1006	40.2748	35.3631	34	
115	82.3728	67.5898	57.3612	49.2977	42.1302	37.2025	35	
117	91.4503	69.2904	52.4254	43.5446	35.056	35	
105	85.3644	68.3102	55.4905	45.6873	38.6103	36	
113	93.4298	75.3407	64.5083	55.0723	46.0806	37.4486	34	
109	93.3856	79.8972	67.2842	56.0647	45.1668	35.4838	32	
101	82.3375	64.7918	53.0757	42.2871	37.5363	35	
112	97.9869	84.8112	71.931	59.0754	49.1998	39.792	31	
122	93.0719	64.4054	54.9565	47.1067	40.1581	35.2738	31	
114	94.6716	76.5539	61.182	46.6533	35.8864	35	
121	94.0057	67.7819	47.2936	41.1015	36.3075	31.9131	31	
103	90.3116	78.3836	66.4872	55.4463	44.6587	37.1027	33	
102	81.7169	67.003	55.3374	46.3303	38.6754	34.5271	34	
119	100.768	84.2961	68.2333	54.4827	43.7809	34	
113	89.7044	74.1835	60.8554	49.0083	37.5598	34.4272	34	
117	84.7751	54.6957	38.7584	36.9632	36.3503	36	
102	78.1664	55.3159	43.1354	38.5797	36.158	34	
118	96.823	77.8876	62.6453	48.4704	36.2809	35	
105	89.4059	74.1805	60.0088	49.8761	40.2527	33	
115	90.519	67.925	48.9333	34.6221	32.0735	32	
121	92.281	68.297	53.44	41.3279	32.5783	31	
121	98.444	76.0233	59.3432	45.8312	36.733	35	
105	84.9986	67.1801	49.8185	43.1175	36.9242	32	
119	101.364	85.1972	69.4399	54.1105	42.3344	34	
102	71.2058	49.6925	42.2153	36.5746	33.0984	33	
113	85.3438	66.125	54.1875	42.875	35.1875	33.1562	33	
115	91.7272	72.3653	57.7836	47.644	38.0355	32	
101	84.7566	69.5816	57.2553	48.1612	39.6149	32	
123	101.786	81.9883	67.4944	56.5603	46.3528	38.0342	36	
113	98.8471	85.2044	71.9207	59.0339	47.224	36	
111	92.587	77.6238	63.9059	50.78	40.2057	36.9396	34	
106	88.6521	74.4902	60.5383	50.9453	43.0503	37.1685	34	
114	96.1954	79.5631	66.2096	55.3107	44.5583	33.9159	33	
110	84.4073	72.3923	60.4467	49.5777	44.1605	39.2295	36	
123	103.033	85.6142	68.3206	53.5125	42.255	32.2089	32	
108	85.0931	64.5962	54.6346	44.9026	37.0068	35.3772	34	
110	89.5549	69.7158	55.6669	41.9096	35.4013	33.8079	33	
114	97.1229	81.9693	68.5392	58.6246	49.0341	41.116	34	
108	91.5078	75.7427	62.6382	50.5418	40.6927	34.3305	34	
122	90.4899	64.5896	51.8583	41.156	34.4323	33	
123	103.579	88.6579	73.9539	60.1184	50.1513	40.4013	33	
115	85.3024	66.4907	54.0769	44.1141	39.3714	35.0743	31	
109	86.1286	70.4433	55.2288	46.6056	40.832	37.3629	36	
116	87.3355	68.498	54.5588	42.8572	35.933	33.2419	33	
113	96.1869	80.1187	66.1965	53.5866	42.6617	35	
108	86.0128	70.7564	58.9936	47.7436	36.8782	33	
108	84.6262	61.2523	42.4972	35.2658	32.5599	32	
113	93.4743	76.7336	64.7583	53.897	43.6236	36.0732	34	
120	100.054	82.3541	65.2693	51.9152	40.8292	35.7207	35	
111	86.8524	70.6959	55.4401	46.1705	39.487	36	
112	85.1388	72.1257	59.4005	47.5678	39.996	35.4472	33	
110	87.3839	69.5544	57.2504	45.075	39.453	34.7306	32	
117	93.0943	73.2434	57.8352	45.2477	34.5289	34	
102	86.7921	72.6806	59.4461	48.42	40.1818	36	
108	90.1337	72.463	58.5062	46.1523	35.0494	32.215	32	
118	99.626	83.3427	67.1229	53.9865	44.0392	39.0972	35	
111	86.9565	66.5012	53.8967	42.979	35.8335	32.6134	32	
103	86.3511	70.8298	55.8017	43.6983	33.568	32.4757	32	
118	97.1243	79.3864	61.7553	46.5788	35.6714	32	
122	97.5846	79.5468	62.2177	51.5561	43.117	38.0922	35	
121	101.151	81.781	63.2078	52.9646	43.3592	35.4675	32	
122	95.7109	73.9634	58.5626	45.6073	36.8443	36	
120	97.7308	77.1635	63.8942	51	40.9038	37.0385	36	
104	78.8148	61.1113	49.658	41.0987	34.4483	31	
111	93.2838	78.3042	64.6217	54.7241	45.0575	37.6121	35	
117	97.8896	84.6553	71.6062	59.1924	46.9638	39.1291	35	
113	80.2038	58.9633	46.5639	38.053	34.7147	32	
122	102.652	85.4276	68.7984	53.4789	39.866	33	
113	95.2053	79.4376	63.903	51.5257	41.6238	36.0629	34	
102	87.4759	73.2264	62.3051	51.8361	41.9002	34	
123	95.2064	73.8566	55.3405	45.9466	39.464	35	
105	87.0653	71.0816	57.7243	44.9861	36.9192	36	
108	92.1674	77.074	64.3357	53.6774	43.8788	37.6042	32	
114	96.1409	79.2919	63.324	47.5495	33.086	33	
123	90.2622	68.0276	54.1463	47.3285	41.3706	37.6853	34	
117	84.1037	65.1435	50.1062	42.3982	38.4066	35	
101	83.2	67.9091	55.4545	44.7273	36.4909	35	
115	94.913	76.1475	59.6065	47.7349	39.8499	33	
111	92.1157	77.0082	64.3677	52.7315	42.4052	34	
102	82.7789	69.0357	55.6603	43.1172	32.8195	31	
108	88.1188	70.9952	54.8124	44.4442	36.791	36	
119	101.271	84.5897	68.1099	54.6319	45.989	37.9908	31	
105	78.8639	58.3759	41.9642	37.5682	34.5577	32	
117	98.5965	80.9554	63.7266	51.4026	40.0472	31	
103	73.2555	56.2847	43.1825	34.6423	33.1095	33	
112	92.9288	75.6265	62.7972	52.4687	42.9941	37.6672	36	
119	98.8928	79.9005	61.899	49.3269	37.4153	35	
109	91.7054	76.1176	62.957	52.8116	45.3211	39.1391	34	
109	82.4571	65.4238	51.9425	41.7337	36.2238	36	
123	98.0678	73.6373	52.2919	38.672	33.4297	32	
108	88.5363	72.1292	61.5755	51.1661	41.0161	33	
113	90.7627	73.4362	57.5226	45.0605	35.5864	31	
115	88.3864	67.4446	46.7645	41.8781	37.6025	33.6468	31	
109	89.5515	71.687	59.6747	48.2344	39.7422	34	
106	80.9507	64.9417	50.565	42.9058	36.6592	36	
106	88.6824	74.0948	59.528	50.2962	43.7942	39.1471	35	
105	89.1497	73.8864	58.8928	47.9768	40.8529	34.6492	31	
107	82.3769	67.0755	53.6281	44.0191	36.0289	33	
102	78.5897	57.2195	42.3707	34.2106	32.1036	31.2341	31	
110	89.9994	70.6448	56.5001	46.2307	40.3748	35.7245	32	
101	87.0379	73.5705	62.0591	51.5819	41.5993	34.8993	34	
113	96.653	82.4646	68.8334	55.7418	48.5345	41.9713	36	
118	94.9573	74.9313	57.52	48.6994	43.3266	39.3041	36	
121	99.8375	78.7834	67	55.6931	46.3574	38.4946	31	
112	75.7165	50.9272	45.6015	40.6973	36.2146	32.4981	32	
105	80.579	62.3331	45.7644	39.4114	35.1168	31	
114	81.4757	58.9359	46.6043	36.2472	32.2608	32	
116	94.9337	79.4533	65.7483	53.0609	42.3004	36.6279	36	
107	84.3518	67.0567	50.146	42.8163	36.5846	34.0864	32	
120	99.6678	81.3408	65.6487	50.3296	37.8784	31	
120	101.243	85.6583	70.9753	59.503	49.0634	41.0647	35	
111	89.2242	68.0328	53.8539	42.4739	36.5071	35	
112	93.8349	77.846	62.8529	48.2287	33.9364	32	
109	88.2927	73.8843	60.3156	47.3244	38.1649	31	
118	87.1121	68.6194	53.3254	39.4308	34.2328	33.3332	33	
105	87.4729	69.9457	55.4592	46.7499	41.5808	37.1936	35	
111	88.7882	68.8725	56.5014	44.2709	37.3355	36	
117	89.1781	68.1753	48.9795	41.0012	33.7048	32	
104	83.7737	66.907	53.0777	45.3001	38.7191	34.4391	32	
121	92.1181	68.6744	54.4821	45.1311	37.3718	32	
122	97.8053	77.3101	57.0039	43.9884	34.4834	31	
113	92.5985	72.7775	59.9851	47.5244	38.2774	31	
112	93.9334	76.5267	62.2755	49.303	37.4236	34	
115	96.2227	77.9936	64.2876	52.657	43.9634	36.9538	32	
112	90.0958	68.9436	56.1844	43.7647	37.0697	32	
110	89.2194	74.9155	61.0525	52.7568	44.5438	37.5434	36	
113	91.4554	73.6481	57.4897	46.0029	37.2366	36	
101	77.3259	59.0247	46.4801	40.9633	36.2381	34.4631	33	
106	83.8606	66	51.3365	38.7163	32.7308	31	
123	94.8067	69.3739	50.5474	37.5208	32.9615	32	
121	96.9263	74.1142	60.8544	49.3711	39.7674	34	
117	94.2695	77.3413	63.1647	50.3638	40.6137	35.918	32	
107	90.8561	75.2922	61.6617	49.1719	38.0741	36.4694	35	
106	79.6214	66.0153	52.7049	40.5509	33.8016	32.6185	32	
111	82.5206	67.0968	55.0071	43.1978	37.3087	36	
105	86.2211	69.8632	56.5789	45.6316	34.7684	33	
108	92.3077	77.8237	64.7252	52.5774	42.7656	38.4961	35	
114	94.4132	77.8147	61.6179	46.3754	37.0842	35	
114	94.7661	76.4171	59.7744	43.9112	38.0547	35	
122	96.4842	79.3672	62.6974	50.5622	43.4408	36.6387	36	
118	94.7486	76.6056	58.489	46.3762	34.632	34	
105	89.5769	76.5637	64.6813	53.114	41.695	32.3522	32	
120	94.3748	71.9972	55.8689	40.9141	33.8187	33	
110	91.4274	75.1286	62.5634	51.8411	41.3342	32	
107	78.6609	51.617	44.9131	39.7328	37.0665	36	
111	96.5478	82.9529	70.9152	59.4024	48.0646	36.7268	33	
118	95.0488	77.2439	61.6098	49.4634	41.7073	37.439	36	
105	82.3108	60.5196	45.6535	37.4995	32.8435	31	
105	88.6257	74.2492	60.5974	47.0044	35.9771	33.6659	33	
114	80.6468	56.2827	43.6736	36.9216	32.6915	32	
114	89.0886	66.7902	54.7404	43.2487	34.2177	33	
103	86.2857	71.6122	58.1429	45.1429	35.1429	33.0408	31	
119	92.8235	74.5369	58.8098	43.4786	35.2721	32	
122	99.1472	79.0901	66.3428	56.5194	47.6194	40.7199	34	
105	84.3577	65.0038	53.4344	43.9051	36.4159	34.4026	34	
120	101.741	84.4418	69.8058	57.0174	44.4688	33	
117	89.3297	70.7405	53.0338	36.5511	31.5978	31	
108	90.9841	74.8617	60.5883	46.398	40.1859	36.0722	32	
122	71.7544	56.608	48.3793	40.3692	37.0923	36	
116	82.1804	63.8093	48.4304	37.3312	35.9394	35	
108	88.261	72.4779	57.2169	42.8795	38.3213	34.4458	33	
111	93.9845	79.8499	66.4535	55.2899	45.1526	36.4558	31	
101	78.9865	61.3098	49.3131	43.468	37.7407	33.2391	31	
108	82.7514	61.0185	48.6072	41.6026	35.9031	33	
108	91.0837	74.8466	60.6255	49.3406	39.8964	32.7092	31	
103	79.6207	63.6633	48.176	38.6511	34.9896	34	
114	95.0896	78.6241	65.4691	54.9969	44.5681	36	
122	101.015	82.1614	64.5445	47.5919	36.7102	36	
107	84.7172	64.7575	50.0986	40.4787	36.7158	34	
115	92.6216	72.1892	59.6622	50.8649	42.2703	37.4865	34	
109	92.3712	77.7048	64.8387	53.854	43.8808	38.9448	35	
119	96.1794	74.6759	62.5438	53.5017	44.7635	39.9512	36	
101	82.8952	64.8973	53.1006	45.5451	40.3061	35.1384	33	
117	101.311	86.1145	71.8101	59.2889	47.6594	40.7349	34	
107	90.6182	77.3875	65.8705	55.5328	46.9642	38.9299	36	
120	98.9828	81.0583	67.457	56.2833	47.0051	40.1545	35	
112	94.5094	78.2222	65.068	53.7603	45.6478	38.552	36	
122	103.271	85.2005	68.0005	56.2365	44.6425	40.162	36	
103	88.2423	74.7091	61.2554	48.565	41.536	38.1487	35	
110	85.198	62.1959	52.2963	45.0701	39.2733	36.0969	33	
113	92.2068	73.7464	59.3687	47.6788	36.4454	35	
122	93.104	74.2528	59.6672	50.276	41.676	37.4104	36	
123	99.5444	79.8636	65.382	52.3959	43.7307	35.1604	33	
107	90.8244	75.0086	62.0897	51.7078	41.5058	37.2415	36	
104	79.6827	65.9464	57.759	49.9524	43.0978	36.7329	32	
116	89.6467	66.8126	52.2525	44.2203	39.4385	36.6716	36	
117	95.2379	75.3178	56.9212	44.8464	37.183	35	
112	90.2949	74.9204	60.7141	47.2237	37.4263	32	
111	93.0087	75.2741	59.9237	52.2944	44.8301	38.0261	35	
120	96.2893	80.1582	65.5576	53.1921	41.5797	34.7045	34	
107	89.4157	71.9632	55.6706	45.3626	39.7208	34.7382	34	
116	88.281	73.4624	61.6527	50.708	39.9513	35.0619	31	
115	99.1567	84.3406	70.6387	57.0936	46.5778	36.654	35	
120	90.8119	61.6551	49.3968	40.4616	35.32	33	
103	73.9168	59.6726	47.8077	37.1637	35.0036	33.5322	33	
110	90.5722	71.5156	56.3157	48.5611	41.2602	35.1967	32	
102	80.8148	59.9753	50.963	43.3086	38.2469	36	
112	95.6761	79.6975	63.7517	50.8636	41.1317	37.2028	35	
118	97.6541	78.6939	60.9115	47.0551	39.1338	35	
106	86.8147	68.3095	53.0853	41.242	36.6207	34.4201	34	
108	92.0993	76.4972	64.1581	53.7261	44.1903	35.7574	33	
112	90.6905	71.2857	59.3333	48.7381	40.5	36	
103	83.6084	65.8363	52.731	39.6896	34.8098	34.1279	34	
123	106.43	90.984	75.6384	60.9805	49.1401	38.8594	32	
104	90.1287	77.32	65.0426	55.346	46.5032	38.5334	31	
108	85.8556	67.5624	52.9759	40.6761	33.8403	31	
120	96.7804	75.1728	62.5099	50.0031	42.7225	36.8981	35	
121	96.6476	77.1813	59.3264	45.7857	37.7029	35	
123	103.584	86.5402	69.7954	56.3796	46.2929	38.7179	32	
109	84.2097	63.0487	49.146	43.4789	38.1747	32.9263	31	
119	96.6556	76.4677	63.6066	53.2399	43.7825	37.8326	33	
108	89.5072	71.057	52.9486	39.6662	34.9042	32	
103	84.3515	66.7027	55.7636	47.1891	42.1713	37.9802	36	
101	80.9346	68.5914	56.8519	46.4445	37.0779	31.7077	31	
107	87.0702	69.5306	56.0308	49.3988	43.3727	38.3566	36	
123	93.4735	72.8325	60.0154	50.1077	43.306	36.7795	31	
113	89.5902	73.3891	57.5545	45.9962	40.2538	35.8308	35	
116	98.3245	80.8142	64.0747	51.7129	44.0039	37.8368	32	
104	83.8469	66.5518	56.2125	45.9153	35.9754	34	
119	94.947	72.012	58.0849	47.0966	36.779	34	
117	95.9236	76.4138	62.4104	49.5699	37.3703	34	
105	86.8599	72.7611	61.5042	50.4873	42.6998	36.407	31	
111	97.4782	84.1972	71.2258	58.3749	46.0057	36.1482	33	
114	91.1642	71.6856	56.3244	44.859	36.9092	32	
118	93.4807	70.198	58.2879	50.5449	43.1784	36.4033	36	
105	82.0741	61.4308	52.8713	44.4126	36.8937	33	
121	98.5918	77.8854	60.0786	48.5121	38.0486	36	
112	82.3265	55.8991	48.4542	42.3149	36.2108	33	
121	89.9665	68.5009	53.186	44.3016	36.8771	33.3358	32	
113	85.9304	69.9131	56.6158	44.4409	39.7782	36.0221	33	
107	90.5146	74.2787	58.2922	50.7692	43.6684	37.412	32	
104	89.9346	76.473	63.144	53.8506	46.781	39.741	36	
114	90.7831	72.6133	59.3543	49.069	39.0566	35.2371	33	
106	77.3161	62.5204	50.6211	45.7009	40.9551	38.0239	36	
104	87.7068	72.1761	59.0821	47.1969	41.3567	36	
112	93.9543	76.5484	65.0887	56.3387	47.7392	41.3226	35	
111	86.9802	65.6789	51.67	39.964	34.4628	32	
103	85.855	70.6978	60.5811	52.0619	43.8443	37.7033	33	
122	101.019	80.7646	61.7447	47.3972	38.0526	31	
120	94.824	71.9816	59.0229	48.0685	38.7613	35	
110	87.0288	68.485	51.5174	39.3016	33.553	32	
116	89.7342	72.2973	60.8514	51.6757	43.2252	36.8559	32	
118	98.6057	81.4278	66.3557	53.0013	41.4755	36.6269	32	
108	84.7243	63.4286	46.7686	37.159	36.1207	36	
117	92.153	69.2128	49.7396	41.9099	36.016	33.1268	32	
121	94.3365	70.1804	50.6613	42.9777	35.5637	34.5662	34	
119	96.311	75.6095	58.1603	48.0677	39.4464	34	
114	95.5135	79.7363	65.5983	56.9697	48.4323	40.7599	35	
117	98.3193	80.4152	63.266	52.351	46.2032	40.0554	36	
101	79.0714	59.7924	42.1536	35.8198	32.8169	31.0505	31	
123	100.795	87.4517	74.1339	61.3539	49.2142	39.5076	35	
123	104.631	89.3458	74.2181	60.2888	50.0138	41.1532	33	
107	89.2653	73.6531	60.7143	49.7755	43.3061	38.7143	35	
123	100.661	82.4959	66.4175	53.3746	44.7426	37.8892	34	
117	92.7	68.9545	55.2164	44.6545	40.1675	37.546	35	
114	96.9862	81.4457	66.7472	55.2059	44.0153	37.6483	34	
108	89.4505	73.0631	60.3743	50.0185	41.7489	35.8503	32	
111	90.518	74.3849	58.8971	45.682	34.7676	33	
110	89.8085	71.4952	57.0026	45.6262	37.4301	36	
110	94.8259	79.8236	66.1573	52.8347	46.2879	41.0199	36	
104	83.57	66.4241	51.1129	42.0757	35.1675	31	
119	91.6437	67.9197	52.6807	43.5147	38.0094	33.0432	31	
117	88.801	64.3899	50.5359	40.8206	34.9984	31	
123	95.7765	76.3617	57.4063	43.1667	34.5005	33	
115	82.3507	58.8324	41.9854	35.1119	34.1685	34	
103	85.3924	68.0221	57.1291	47.0389	40.7805	36	
102	85.1603	68.9213	53.3195	38.0272	34.5682	31.7464	31	
123	98.3977	75.6722	56.3143	43.3062	34.2571	34	
123	101.396	79.8787	65.2576	52.5568	42.2566	36.4082	32	
110	91.1028	74.8555	59.8463	47.2481	38.7335	32	
108	81.3597	59.4706	46.3371	37.276	33.8145	33	
120	91.7105	68.0924	51.4089	42.1242	34.8995	34	
107	87.3566	73.1345	58.9611	48.2399	39.3906	32	
101	80.9228	61.3578	52.1591	43.2883	37.4086	34.2536	32	
105	83.6237	62.6774	48.3763	36.6989	33.7742	31.6452	31	
117	94.199	75.0114	57.7449	43.3371	36.156	33.0915	33	
114	84.3026	60.7947	46.2204	40.9761	36.677	35	
120	94.1974	77.013	62.8138	48.926	36.9593	34.3634	34	
106	80.8232	61.1451	48.473	38.4246	31.5303	31	
123	101.847	85.6867	70.4189	56.6948	45.9856	37.6643	36	
101	77.5718	56.0425	46.6601	40.7123	36.3561	33.9268	32	
117	94.2075	74.6305	58.143	44.9971	37.4311	31	
110	91.6108	74.8596	59.415	47.8315	36.6966	35	
121	100.81	84.2909	69.9033	57.0255	45.4799	38.1676	35	
119	94.0955	69.5224	55.1098	43.6239	36.8042	34.1536	32	
113	90.0287	68.4998	56.1523	43.8048	31.8091	31	
109	87.3383	68.6087	54.4868	44.4638	37.1933	31	
111	84.1675	62.7452	48.1813	40.9677	34.2186	34	
118	90.8558	75.6793	61.4279	50.2696	39.9496	32.5782	32	
118	95.5648	78.3349	61.6776	50.9806	42.678	38.4616	35	
117	79.9959	56.5929	41.4722	33.3799	33.076	33	
119	96.7786	79.5271	63.3609	48.023	36.0555	31	
122	99.1905	80.199	64.2027	49.3254	35.7648	33	
112	90.8454	70.1778	50.3918	40.6959	31.2784	31	
113	100.62	88.2833	76.3901	64.6972	53.8917	43.5585	35	
120	93.1699	78.5272	65.2618	54.3022	44.4206	35.5272	34	
116	89.5598	67.917	51.0989	36.5968	31.9098	31	
121	97.9695	77.498	57.5506	43.1835	40.3779	38.0965	36	
107	87.2214	71.1841	59.4545	47.8664	36.7637	32.4763	31	
101	87.9009	77.0904	66.7068	56.7672	46.8789	38.9204	36	
109	92.3702	76.4878	62.1171	48.8676	37.2658	32	
116	91.6864	75.056	62.4695	51.1973	40.2789	33	
110	82.7169	67.0122	51.5847	41.2381	35.3257	32	
123	102.126	84.1157	68.0628	55.4417	44.2954	34	
104	82.7804	64.6085	52.1884	40.2954	34.3603	32	
119	97.2556	77.1906	59.4901	45.7673	38.3866	36	
119	92.3293	74.9571	59.0326	48.4534	38.5424	32	
123	92.1824	66.0437	41.3122	37.8645	36.7388	36	
120	98.649	79.1958	60.3466	42.9207	35.1782	33.0647	33	
111	91.1021	73.3289	57.9459	46.4239	36.046	32.5322	31	
108	91.6046	80.7167	70.2948	59.9788	49.6628	42.4819	36	
103	81.1303	60.8187	51.3003	45.0963	39.3739	35.0397	33	
102	84.3143	68.558	56.7549	45.1789	38.9369	34	
106	75.5093	55.7557	46.1975	38.4235	32.0195	31	
109	90.1537	75.6399	61.4018	50.5115	40.4877	32.965	32	
106	86.5104	68.268	53.9408	41.8759	35.7564	31	
116	89.835	68.6443	49.8413	36.6427	33.7244	32	
111	90.6185	70.4112	58.1954	48.2878	40.1874	33.0452	32	
103	86.6507	73.0753	61.5206	50.2965	40.3767	33.4145	32	
117	95.464	78.8472	63.3173	48.7026	38.9499	35.432	32	
120	93.7058	78.6644	63.7078	49.5995	36.7634	36	
117	93.6336	75.226	61.3658	48.6183	42.9097	38.7009	35	
104	85.3326	68.1473	51.3935	35.8592	33.0262	31.075	31	
103	82.0536	64.6336	48.3608	36.6342	34.871	34	
118	92.7585	69.4177	52.6661	39.7159	34.7993	33	
101	83.1329	69.7947	56.8287	46.9852	38.9823	34.7843	31	
105	63.8355	53.2387	47.4818	42.0306	37.4454	35	
107	82.3878	60.551	42.1429	35.3265	31.449	31	
108	89.308	74.213	60.7548	49.0546	41.1737	37.4151	34	
117	97.5379	78.6943	63.2528	50.5505	42.1117	35.7054	31	
104	84.0187	64.8392	49.0146	42.4104	36.9878	33	
106	78.1752	51.5499	45.9615	41.5727	38.0325	35.1359	33	
108	92.1102	77.9352	64.4302	51.2199	41.9218	36	
108	84.5734	64.4934	51.8663	45.1018	38.6933	33.258	32	
122	91.5366	63.284	45.045	39.2579	34.5113	31	
112	84.1363	64.3757	46.5129	37.4459	36.482	36	
112	94.1109	77.0993	64.0272	54.7156	46.3172	38.3128	35	
120	95.8977	75.2266	57.9303	41.309	34.728	32.675	32	
109	91.2341	74.0748	58.4539	43.2228	34.9465	32	
110	93.7181	77.7466	63.0651	52.3521	42.6352	34.0452	33	
107	90.4448	74.0264	61.009	50.5325	40.916	33	
117	90.959	73.694	57.8918	44.9104	36.1866	33	
120	101.705	83.7664	67.5903	53.2605	42.2666	34.1471	31	
123	95.798	73.8324	55.6702	42.0279	35.7717	35	
110	89.3945	70.1038	54.4538	40.2701	34.6068	34	
103	74.8017	59.6654	48.3213	41.2879	37.5929	35	
117	98.2368	80.0944	68.7204	58.5879	49.9572	42.8485	36	
106	87.894	71.8373	57.0404	44.0108	35.2116	32.4101	31	
110	93.2491	76.7464	61.2752	47.8095	35.1269	34	
110	81.2321	62.839	47.5982	40.9571	34.8669	33	
118	98.6579	80.1464	62.2678	52.3396	42.451	36.063	31	
111	90.6895	71.2689	53.2152	43.044	35.6064	33	
121	89.3694	64.5213	53.1432	43.223	38.9126	34.8874	34	
123	89.4203	69.5684	58.5931	48.822	40.6335	33.6148	31	
117	98.4978	80.8246	63.8187	51.1604	40.9892	31	
103	84.8934	68.9099	53.5026	45.9506	38.5503	33	
110	89.407	72.0231	58.5869	48.1288	41.0644	34.531	34	
111	84.0171	66.2158	51.0754	42.1561	36.9843	32	
122	95.0607	73.2317	59.6439	46.4106	39.528	35.5403	33	
103	84.9214	69.5177	57.1578	45.582	35.1361	32	
110	90.1685	73.0879	56.4074	43.6782	38.8266	34	
101	76.7939	62.1476	50.1978	42.6908	35.7047	35	
116	96.4859	77.5469	62.3361	47.6411	41.5726	38.003	36	
104	74.2263	59.1089	44.8114	37.1246	33.0249	32	
114	98.7061	83.5402	68.9029	55.5788	43.3116	37.9627	35	
117	98.0436	79.8717	61.9529	49.3237	39.023	33.7081	31	
112	93.9914	76.356	60.167	50.6728	43.2548	36	
116	80.2263	53.5463	46.2554	42.5699	38.9244	36	
115	95.519	76.7352	59.2638	45.1349	37.5066	34	
109	93.7227	80.7286	68.4393	57.4679	48.3965	39.6929	36	
116	97.6541	79.4398	64.4774	51.1692	41.7519	37.7481	36	
111	84.6263	62.3358	49.1489	38.8051	32.7561	32	
108	91.9324	77.185	66.1028	56.7228	48.0376	40.9158	36	
112	82.8601	66.7453	51.8119	42.3308	38.9988	36	
104	86.4233	72.0479	59.304	48.4686	38.372	32	
107	91.2201	77.1378	63.3821	52.2382	43.2926	35	
111	89.1918	67.7272	50.89	43.0098	39.0009	36	
101	83.5706	74.0313	64.6982	55.4025	46.9502	39.1164	34	
119	98.1693	77.4514	64.1585	50.9785	42.8764	38.7689	35	
115	97.5562	81.0961	64.7016	51.2581	38.0769	34.8854	32	
104	87.7404	73.23	61.0576	50.0989	40.8715	36.1418	34	
103	84.6549	67.6702	56.6219	49.3869	42.3993	35.5972	33	
116	97.7108	80.7794	66.9028	55.522	45.7784	36.1347	33	
109	89.9126	72.6403	58.9986	48.3547	37.7659	33.6403	31	
104	84.1521	66.1344	51.0858	41.4668	36.7692	35	
101	78.1789	59.2933	47.0011	35.2967	33.4567	32	
121	91.808	70.702	55.2837	44.6964	39.694	35	
105	83.0153	68.8112	57.1705	46.7059	40.1617	36	
112	86.7989	64.5251	42.9642	35.5566	32.9346	31	
109	90.4048	73.5868	58.7194	47.5363	38.3037	33.4924	31	
106	85.5894	69.4119	53.9666	41.29	36.0959	32	
108	80.3815	65.2078	50.0941	42.1774	36.2399	36	
122	95.8894	72.5017	54.5972	36.7301	33.0373	33	
106	89.5556	74.4753	61.1889	48.052	38.4283	33.6258	32	
103	83.386	66.7537	51.9151	44.4143	37.6123	33	
106	81.9612	63.1283	50.9558	44.9078	39.4468	34.5726	31	
110	78.4717	65.006	55.4458	46.9027	39.2952	36	
117	94.1324	78.2955	63.5143	52.7644	43.8381	38.0072	34	
118	93.8929	71.1071	54.9643	41.4643	38.3571	36	
101	79.9577	66.9437	54.4366	44.6549	35.507	35	
103	82.1315	62.7486	49.9917	38.3667	33.2498	32	
123	96.8142	71.7945	56.7933	48.2061	40.2549	36.0938	34	
117	96.5061	77.8269	62.1722	50.7276	42.0171	35.7987	32	
107	92.2304	78.2205	64.2459	53.3454	43.0632	34	
110	86.3449	67.8692	55.1655	42.9514	32.3608	32	
119	95.9849	75.2271	62.1001	50.2981	38.6188	35.6009	33	
114	97.5541	82.4576	67.9477	53.5551	42.6434	34	
112	85.5942	59.9127	48.8267	40.749	34.4261	31	
113	92.931	75.5997	61.331	50.9369	43.0717	35.8793	34	
115	88.0356	65.3668	53.5859	41.9325	37.4242	35	
108	88.3916	72.5839	57.4889	44.0567	36.4336	34.6844	33	
122	101.194	82.4269	68.1933	54.2996	43.7604	34.7171	31	
118	87.5546	67.745	53.7102	44.2074	36.0204	32.5482	32	
101	78.0968	57.7246	44.9206	37.7494	33.7047	31	
101	85.2593	71.5594	58.0652	47.3236	36.7085	35.5853	35	
119	102.031	86.0344	71.075	58.9509	47.9483	38.85	31	
119	96.546	80.6537	66.4469	53.9256	42.187	36.6186	34	
103	84.2833	66.486	53.2421	44.6827	37.7652	34.8319	34	
102	82.6596	69.5106	57.734	49.1809	42.8617	37.3085	33	
106	86.6893	69.8932	55.8254	47.4511	40.9272	34.5219	34	
109	90.2407	72.2116	54.388	38.2531	33.1411	32	
119	96.5025	76.0184	62.3935	50.4307	39.0532	31.1639	31	
103	85.7807	70.3708	57.29	46.1432	37.6376	35.038	33	
114	90.0972	71.2253	54.953	42.773	36.8033	33.7944	33	
119	100.791	83.406	70.0526	56.8136	43.5747	32.3514	31	
117	92.2439	72.0782	55.6164	42.8585	33.8994	32	
109	89.2492	71.6718	57.8677	47.2162	40.9829	34.9406	31	
113	92.0538	74.8305	60.878	51.4487	42.9937	37.7049	36	
104	87.3515	71.528	60.2103	49.062	39.3309	34	
107	88.9438	72.4045	57.4933	44.7837	32.5365	32	
122	97.5293	77.0075	56.6723	47.8728	41.0011	35	
120	96.9012	77.6201	62.3172	51.2811	41.7849	35.946	32	
118	98.279	78.6016	60.2317	48.1377	37.046	36	
114	91.2633	70.7599	61.1809	52.0593	45.4939	39.0899	35	
116	93.4781	72.0481	53.5392	45.7316	38.4426	32.4641	32	
102	75.5105	57.8509	42.1904	35.4431	33.2217	32	
120	96.7778	75.3889	59.693	46.345	35.1199	32.7398	32	
106	80.491	55.6198	44.991	38.9858	36.1692	35	
118	94.3373	75.2544	59.1118	46.0789	36.9757	32.2262	32	
122	94.5917	72.6171	52.7738	34.5517	32.2402	32	
110	88.1551	67.822	51.8085	43.2619	36.1962	32	
121	104.264	87.7227	71.9373	58.8474	46.2036	36.042	31	
109	85.1874	61.9057	50.1562	43.7869	37.4899	32.0857	31	
106	84.97	68.9363	55.5281	46.3004	38.7806	32.102	32	
119	94.6938	76.8432	59.5937	46.0554	40.0965	35	
120	97.9722	79.6897	65.724	52.7104	41.4743	31	
119	95.2055	73.2986	59.0914	44.9836	34.6015	31.6955	31	
120	98.0063	79.1036	66.4304	53.7811	43.8899	37.6127	33	
120	94.9893	74.1093	62	51.2771	42.6478	34.7541	33	
121	94.4292	67.9164	50.7628	39.4333	36.9993	35	
103	80.4178	62.9668	52.8698	43.695	36.3883	34	
105	79.1206	57.3007	39.8504	35.9601	34.4096	33	
111	86.3698	72.7079	60.2401	48.8552	39.3308	32	
108	89.0146	70.4104	53.0866	40.9925	36.6071	35	
107	85.4978	70.149	55.9234	47.5471	39.592	36.1292	34	
109	93.0292	78.1644	66.3664	55.4231	46.1054	37.1731	36	
121	103.286	86.2275	71.2646	57.2751	44.5344	37.381	33	
33.6	32.48	20.16	25.76	12.32	17.92	20.16	31.36	19.04	23.52	33.6	25.76	14.56	29.12	23.52	22.4	20.16	29.12	16.8	14.56	30.24	30.24	26.88	23.52	28	32.48	21.28	19.04	19.04	26.88	30.24	31.36	13.44	21.28	32.48	13.44	28	19.04	26.88	15.68	12.32	28	21.28	19.04	30.24	20.16	20.16	28	21.28	21.28	22.4	20.16	12.32	20.16	19.04	17.92	28	17.92	14.56	13.44	25.76	22.4	14.56	12.32	19.04	26.88	29.12	31.36	26.88	32.48	26.88	32.48	16.8	23.52	13.44	15.68	19.04	11.2	30.24	25.76	23.52	28	15.68	17.92	28	19.04	29.12	33.6	33.6	12.32	17.92	17.92	12.32	24.64	19.04	14.56	28	19.04	32.48	17.92	32.48	29.12	11.2	28	29.12	16.8	13.44	31.36	12.32	17.92	28	31.36	30.24	22.4	25.76	24.64	24.64	26.88	29.12	31.36	11.2	28	24.64	11.2	28	32.48	15.68	12.32	25.76	19.04	16.8	23.52	29.12	16.8	21.28	20.16	30.24	12.32	14.56	15.68	20.16	12.32	23.52	21.28	25.76	13.44	16.8	22.4	32.48	15.68	29.12	29.12	32.48	22.4	23.52	26.88	30.24	21.28	31.36	31.36	19.04	31.36	32.48	15.68	22.4	17.92	11.2	23.52	16.8	33.6	25.76	29.12	26.88	25.76	26.88	31.36	17.92	13.44	33.6	28	19.04	17.92	30.24	14.56	17.92	26.88	31.36	29.12	25.76	33.6	25.76	17.92	21.28	14.56	19.04	13.44	20.16	24.64	33.6	12.32	33.6	33.6	23.52	31.36	26.88	30.24	26.88	12.32	13.44	16.8	11.2	21.28	29.12	14.56	17.92	15.68	12.32	13.44	19.04	29.12	30.24	29.12	13.44	14.56	11.2	15.68	20.16	31.36	14.56	23.52	23.52	19.04	15.68	33.6	20.16	12.32	23.52	25.76	14.56	22.4	28	17.92	20.16	28	24.64	22.4	28	29.12	12.32	29.12	22.4	33.6	24.64	28	15.68	17.92	12.32	30.24	30.24	11.2	31.36	24.64	23.52	23.52	19.04	14.56	12.32	19.04	13.44	33.6	22.4	14.56	28	22.4	14.56	16.8	30.24	15.68	22.4	25.76	14.56	15.68	28	20.16	14.56	19.04	19.04	17.92	33.6	33.6	19.04	16.8	25.76	24.64	21.28	12.32	29.12	26.88	14.56	29.12	20.16	21.28	17.92	20.16	25.76	23.52	30.24	14.56	30.24	17.92	14.56	31.36	13.44	16.8	17.92	28	29.12	30.24	12.32	30.24	16.8	25.76	12.32	25.76	16.8	31.36	24.64	21.28	26.88	24.64	14.56	16.8	24.64	28	21.28	29.12	26.88	25.76	30.24	16.8	29.12	12.32	30.24	33.6	24.64	20.16	30.24	28	12.32	25.76	31.36	13.44	11.2	17.92	24.64	24.64	28	16.8	29.12	13.44	30.24	22.4	23.52	22.4	24.64	16.8	26.88	21.28	21.28	17.92	11.2	33.6	31.36	30.24	31.36	14.56	19.04	22.4	28	21.28	32.48	21.28	32.48	24.64	21.28	28	12.32	24.64	12.32	13.44	15.68	30.24	28	31.36	21.28	28	26.88	26.88	24.64	11.2	25.76	25.76	16.8	28	20.16	25.76	14.56	22.4	31.36	26.88	25.76	15.68	11.2	29.12	24.64	23.52	28	26.88	14.56	14.56	29.12	13.44	26.88	33.6	32.48	21.28	28	32.48	22.4	14.56	22.4	13.44	22.4	11.2	30.24	15.68	28	31.36	23.52	22.4	15.68	22.4	26.88	16.8	21.28	17.92	26.88	17.92	17.92	19.04	25.76	29.12	13.44	14.56	25.76	23.52	26.88	23.52	14.56	29.12	30.24	12.32	33.6	25.76	32.48	15.68	21.28	25.76	31.36	12.32	20.16	25.76	22.4	21.28	19.04	14.56	30.24	26.88	24.64	15.68	22.4	26.88	17.92	19.04	25.76	21.28	14.56	12.32	20.16	30.24	33.6	32.48	29.12	21.28	29.12	16.8	12.32	17.92	23.52	28	24.64	31.36	31.36	14.56	17.92	31.36	12.32	25.76	15.68	13.44	11.2	29.12	25.76	26.88	33.6	16.8	31.36	31.36	31.36	15.68	14.56	20.16	30.24	23.52	19.04	32.48	33.6	17.92	32.48	20.16	19.04	21.28	11.2	28	13.44	29.12	19.04	11.2	21.28	12.32	13.44	30.24	29.12	28	14.56	25.76	29.12	12.32	20.16	13.44	19.04	24.64	12.32	33.6	30.24	30.24	16.8	20.16	26.88	30.24	32.48	12.32	17.92	29.12	16.8	14.56	32.48	17.92	22.4	16.8	11.2	12.32	23.52	32.48	30.24	28	32.48	22.4	14.56	20.16	31.36	19.04	22.4	14.56	15.68	13.44	25.76	16.8	19.04	31.36	11.2	24.64	23.52	23.52	29.12	16.8	30.24	25.76	25.76	13.44	23.52	19.04	19.04	20.16	22.4	26.88	14.56	29.12	30.24	19.04	14.56	16.8	29.12	12.32	17.92	15.68	30.24	17.92	19.04	22.4	31.36	13.44	13.44	30.24	12.32	17.92	30.24	17.92	20.16	28	22.4	17.92	33.6	33.6	25.76	16.8	19.04	22.4	17.92	19.04	11.2	22.4	25.76	29.12	21.28	11.2	11.2	14.56	15.68	33.6	19.04	20.16	26.88	26.88	30.24	16.8	12.32	20.16	21.28	21.28	25.76	31.36	20.16	30.24	28	19.04	20.16	23.52	28	15.68	17.92	17.92	15.68	13.44	22.4	33.6	15.68	26.88	20.16	31.36	32.48	30.24	21.28	26.88	11.2	20.16	11.2	20.16	21.28	16.8	30.24	23.52	24.64	25.76	15.68	16.8	29.12	21.28	12.32	23.52	26.88	20.16	19.04	22.4	30.24	23.52	28	28	12.32	15.68	15.68	24.64	32.48	17.92	17.92	23.52	29.12	14.56	31.36	33.6	16.8	20.16	20.16	17.92	14.56	12.32	11.2	11.2	11.2	33.6	12.32	14.56	31.36	12.32	28	23.52	26.88	22.4	15.68	26.88	22.4	13.44	25.76	30.24	26.88	15.68	11.2	32.48	24.64	21.28	11.2	16.8	23.52	16.8	23.52	14.56	29.12	19.04	13.44	22.4	25.76	24.64	13.44	25.76	30.24	11.2	26.88	20.16	26.88	16.8	26.88	11.2	14.56	22.4	29.12	32.48	30.24	16.8	30.24	15.68	14.56	13.44	14.56	11.2	25.76	25.76	26.88	20.16	20.16	13.44	32.48	31.36	21.28	11.2	31.36	12.32	32.48	17.92	13.44	30.24	28	15.68	24.64	32.48	13.44	30.24	15.68	19.04	14.56	15.68	32.48	30.24	29.12	21.28	32.48	31.36	26.88	13.44	12.32	25.76	17.92	26.88	12.32	32.48	15.68	28	23.52	29.12	13.44	33.6	26.88	25.76	26.88	25.76	15.68	19.04	29.12	12.32	11.2	32.48	33.6	33.6	22.4	21.28	30.24	11.2	17.92	33.6	17.92	17.92	26.88	11.2	32.48	12.32	20.16	29.12	28	21.28	31.36	24.64	30.24	12.32	20.16	12.32	25.76	12.32	31.36	20.16	17.92	20.16	11.2	24.64	11.2	15.68	23.52	14.56	13.44	25.76	14.56	16.8	28	16.8	33.6	21.28	23.52	17.92	26.88	17.92	28	26.88	17.92	13.44	32.48	16.8	26.88	11.2	26.88	20.16	26.88	15.68	26.88	12.32	12.32	22.4	12.32	24.64	20.16	13.44	25.76	33.6	29.12	26.88	16.8	13.44	15.68	30.24	30.24	23.52	13.44	17.92	11.2	21.28	15.68	32.48	20.16	14.56	15.68	22.4	31.36	29.12	20.16	33.6	21.28	19.04	24.64	12.32	28	12.32	15.68	22.4	20.16	22.4	28	21.28	26.88	30.24	17.92	33.6	19.04	28	20.16	20.16	11.2	31.36	15.68	23.52	19.04	24.64	26.88	31.36	32.48	21.28	28	11.2	12.32	30.24	32.48	26.88	17.92	15.68	22.4	22.4	14.56	24.64	11.2	25.76	17.92	30.24	15.68	29.12	13.44	30.24	17.92	25.76	15.68	13.44	32.48	19.04	12.32	33.6	14.56	24.64	16.8	17.92	11.2	24.64	21.28	29.12	30.24	22.4	
16.8	11.2	17.92	14.56	15.68	31.36	12.32	13.44	15.68	25.76	11.2	33.6	19.04	12.32	31.36	24.64	30.24	13.44	20.16	20.16	15.68	20.16	11.2	24.64	25.76	14.56	20.16	13.44	32.48	15.68	19.04	29.12	21.28	31.36	26.88	30.24	20.16	29.12	19.04	28	17.92	24.64	25.76	31.36	28	31.36	32.48	21.28	33.6	15.68	24.64	33.6	20.16	13.44	15.68	33.6	28	21.28	11.2	17.92	20.16	24.64	12.32	17.92	14.56	13.44	30.24	30.24	26.88	23.52	15.68	16.8	17.92	29.12	13.44	21.28	31.36	28	21.28	23.52	28	23.52	33.6	21.28	24.64	22.4	21.28	15.68	17.92	15.68	23.52	30.24	30.24	16.8	11.2	20.16	31.36	13.44	26.88	17.92	19.04	33.6	17.92	13.44	28	22.4	13.44	25.76	28	30.24	32.48	29.12	17.92	25.76	16.8	19.04	14.56	25.76	13.44	24.64	17.92	17.92	11.2	23.52	26.88	32.48	16.8	32.48	33.6	11.2	33.6	29.12	24.64	33.6	21.28	26.88	28	32.48	17.92	30.24	23.52	29.12	26.88	32.48	15.68	25.76	11.2	16.8	16.8	31.36	26.88	32.48	24.64	33.6	12.32	17.92	31.36	16.8	21.28	32.48	32.48	33.6	12.32	13.44	15.68	31.36	17.92	33.6	15.68	30.24	29.12	16.8	33.6	28	33.6	11.2	19.04	32.48	16.8	15.68	12.32	19.04	17.92	29.12	11.2	29.12	23.52	13.44	32.48	20.16	26.88	12.32	23.52	12.32	16.8	16.8	14.56	32.48	23.52	33.6	13.44	21.28	13.44	13.44	28	17.92	32.48	19.04	11.2	17.92	29.12	17.92	28	24.64	29.12	12.32	22.4	13.44	32.48	13.44	19.04	15.68	14.56	32.48	33.6	13.44	30.24	11.2	23.52	15.68	33.6	30.24	24.64	16.8	31.36	30.24	29.12	16.8	12.32	17.92	13.44	15.68	30.24	32.48	33.6	25.76	11.2	15.68	23.52	19.04	13.44	15.68	25.76	19.04	32.48	25.76	12.32	32.48	16.8	14.56	33.6	15.68	12.32	25.76	20.16	15.68	23.52	23.52	19.04	32.48	23.52	25.76	12.32	28	12.32	14.56	12.32	33.6	33.6	28	16.8	28	32.48	16.8	11.2	30.24	28	11.2	32.48	32.48	13.44	31.36	11.2	25.76	22.4	13.44	32.48	29.12	20.16	25.76	16.8	20.16	29.12	11.2	16.8	12.32	11.2	26.88	13.44	32.48	13.44	17.92	32.48	22.4	33.6	22.4	14.56	30.24	26.88	13.44	25.76	32.48	16.8	32.48	16.8	21.28	20.16	11.2	12.32	20.16	21.28	22.4	11.2	33.6	21.28	25.76	15.68	14.56	29.12	11.2	25.76	33.6	19.04	24.64	24.64	13.44	24.64	12.32	13.44	13.44	12.32	22.4	26.88	31.36	29.12	32.48	12.32	21.28	20.16	26.88	24.64	31.36	17.92	32.48	31.36	15.68	31.36	25.76	30.24	19.04	26.88	28	15.68	12.32	23.52	24.64	28	25.76	23.52	12.32	26.88	20.16	31.36	19.04	32.48	33.6	25.76	29.12	33.6	24.64	17.92	24.64	21.28	31.36	26.88	17.92	13.44	14.56	17.92	14.56	17.92	32.48	30.24	15.68	28	33.6	24.64	32.48	13.44	21.28	20.16	17.92	30.24	30.24	32.48	12.32	14.56	25.76	29.12	31.36	28	22.4	25.76	25.76	20.16	26.88	28	31.36	26.88	15.68	20.16	16.8	24.64	31.36	33.6	33.6	33.6	20.16	19.04	16.8	30.24	17.92	12.32	24.64	31.36	28	14.56	20.16	32.48	11.2	16.8	33.6	16.8	23.52	11.2	28	28	28	17.92	33.6	25.76	26.88	20.16	32.48	26.88	30.24	25.76	25.76	15.68	11.2	17.92	14.56	19.04	15.68	23.52	32.48	24.64	26.88	29.12	24.64	14.56	14.56	28	19.04	24.64	11.2	19.04	29.12	24.64	26.88	22.4	20.16	17.92	28	16.8	11.2	29.12	23.52	21.28	31.36	29.12	16.8	17.92	19.04	32.48	26.88	12.32	11.2	21.28	11.2	22.4	24.64	15.68	31.36	14.56	15.68	33.6	28	14.56	11.2	33.6	17.92	12.32	20.16	30.24	17.92	13.44	11.2	30.24	21.28	20.16	23.52	15.68	15.68	21.28	14.56	13.44	23.52	25.76	31.36	31.36	17.92	19.04	29.12	21.28	17.92	11.2	29.12	22.4	31.36	30.24	17.92	17.92	19.04	15.68	24.64	12.32	25.76	22.4	13.44	12.32	28	15.68	25.76	22.4	32.48	24.64	17.92	33.6	28	20.16	17.92	26.88	17.92	19.04	13.44	26.88	12.32	17.92	25.76	20.16	24.64	19.04	15.68	25.76	19.04	29.12	21.28	31.36	15.68	22.4	25.76	21.28	13.44	33.6	19.04	19.04	26.88	25.76	31.36	15.68	12.32	32.48	17.92	14.56	22.4	17.92	22.4	14.56	16.8	21.28	33.6	19.04	12.32	25.76	20.16	12.32	19.04	14.56	19.04	24.64	15.68	30.24	24.64	16.8	30.24	30.24	20.16	30.24	33.6	22.4	33.6	15.68	32.48	15.68	30.24	23.52	12.32	11.2	23.52	30.24	22.4	28	31.36	14.56	17.92	33.6	15.68	33.6	13.44	25.76	31.36	31.36	33.6	29.12	17.92	15.68	32.48	14.56	28	28	25.76	23.52	19.04	23.52	12.32	24.64	25.76	20.16	29.12	24.64	19.04	17.92	24.64	11.2	25.76	26.88	28	20.16	23.52	16.8	19.04	16.8	24.64	12.32	19.04	30.24	17.92	29.12	25.76	11.2	24.64	30.24	12.32	11.2	19.04	11.2	17.92	17.92	22.4	26.88	30.24	21.28	22.4	15.68	33.6	14.56	24.64	17.92	24.64	17.92	15.68	22.4	20.16	19.04	17.92	12.32	16.8	31.36	23.52	28	16.8	29.12	25.76	24.64	12.32	32.48	20.16	12.32	28	22.4	28	16.8	28	14.56	30.24	23.52	22.4	13.44	24.64	24.64	15.68	12.32	21.28	12.32	16.8	31.36	29.12	30.24	15.68	19.04	11.2	29.12	25.76	16.8	17.92	25.76	21.28	17.92	28	19.04	28	11.2	11.2	23.52	29.12	24.64	19.04	29.12	32.48	22.4	28	26.88	15.68	31.36	16.8	20.16	11.2	13.44	28	26.88	15.68	17.92	28	29.12	15.68	14.56	21.28	20.16	23.52	26.88	32.48	28	17.92	31.36	25.76	12.32	31.36	19.04	32.48	14.56	24.64	28	16.8	22.4	11.2	11.2	19.04	32.48	31.36	28	26.88	12.32	25.76	15.68	16.8	26.88	21.28	16.8	31.36	31.36	28	12.32	29.12	20.16	16.8	24.64	16.8	15.68	17.92	19.04	28	15.68	16.8	28	11.2	21.28	30.24	28	30.24	16.8	31.36	26.88	32.48	30.24	17.92	13.44	14.56	28	20.16	24.64	16.8	22.4	32.48	32.48	28	23.52	24.64	24.64	32.48	31.36	16.8	32.48	33.6	11.2	17.92	33.6	11.2	31.36	20.16	26.88	32.48	20.16	30.24	33.6	32.48	16.8	16.8	28	12.32	23.52	12.32	21.28	26.88	14.56	21.28	30.24	31.36	23.52	29.12	20.16	33.6	29.12	24.64	13.44	30.24	21.28	28	33.6	23.52	13.44	19.04	11.2	11.2	15.68	14.56	23.52	29.12	30.24	32.48	19.04	32.48	14.56	29.12	26.88	11.2	26.88	21.28	15.68	21.28	20.16	20.16	16.8	19.04	22.4	12.32	28	25.76	31.36	25.76	30.24	31.36	20.16	17.92	20.16	16.8	32.48	20.16	23.52	20.16	29.12	31.36	32.48	31.36	28	26.88	31.36	26.88	22.4	33.6	14.56	17.92	23.52	30.24	19.04	20.16	20.16	19.04	14.56	21.28	12.32	32.48	20.16	26.88	28	17.92	16.8	17.92	22.4	15.68	31.36	21.28	26.88	15.68	19.04	11.2	24.64	23.52	23.52	31.36	13.44	25.76	32.48	26.88	19.04	23.52	14.56	13.44	16.8	13.44	22.4	21.28	14.56	21.28	19.04	15.68	25.76	13.44	16.8	31.36	
16.8	32.48	19.04	23.52	24.64	12.32	20.16	23.52	19.04	19.04	33.6	19.04	13.44	21.28	15.68	
18	10	16	19	10	19	12	19	16	16	18	13	17	13	13	11	13	11	10	20	19	14	12	17	10	16	17	14	17	17	20	14	16	18	12	17	15	20	19	10	19	10	20	15	11	11	16	15	12	14	17	13	17	15	20	15	10	17	17	14	13	11	15	12	11	13	13	18	11	12	15	17	12	17	11	17	11	15	12	14	17	13	17	12	10	18	14	13	16	19	19	14	18	19	12	20	11	12	19	18	17	12	11	14	11	14	18	12	15	19	16	20	11	18	18	16	10	15	12	11	18	18	17	10	12	19	16	10	12	13	10	17	14	16	13	19	19	12	11	10	17	10	20	10	20	12	15	16	10	16	11	14	16	17	10	18	14	10	18	16	18	16	10	18	11	17	12	15	10	18	12	20	17	13	11	12	10	13	18	12	12	15	10	19	10	20	14	17	12	11	19	16	20	14	17	14	15	18	17	17	10	15	20	12	11	16	16	12	14	10	16	13	15	14	11	13	15	17	15	14	20	11	10	15	13	13	17	10	19	20	16	16	16	10	10	15	11	18	11	18	15	13	10	10	18	15	16	12	14	14	19	20	19	19	10	15	15	12	16	17	19	12	16	15	17	17	14	16	18	12	13	11	11	18	13	12	12	15	20	19	11	10	15	18	17	19	15	12	17	18	14	14	13	13	11	20	16	18	13	11	17	19	18	19	17	17	14	18	16	17	15	17	11	16	18	16	20	19	12	16	18	18	14	12	10	19	19	17	15	14	11	20	10	18	11	20	20	15	18	17	14	16	16	14	11	11	13	14	15	14	14	16	12	20	17	20	20	19	16	17	13	19	19	11	17	16	17	14	11	19	19	17	19	19	10	14	15	14	20	13	20	16	12	13	15	12	12	13	17	20	18	14	11	15	13	11	16	17	13	17	16	18	20	14	20	12	17	17	15	17	10	16	10	13	20	19	20	13	10	14	17	14	14	15	10	14	12	10	17	19	16	13	15	10	10	15	12	16	16	20	13	14	12	15	20	16	14	17	14	14	19	11	20	20	11	17	20	19	17	10	15	18	16	10	12	20	12	14	17	13	18	18	20	15	13	18	15	18	16	13	16	18	12	17	10	18	13	12	20	12	15	14	10	19	10	12	20	11	13	18	19	17	13	17	16	12	20	11	20	15	10	10	13	15	16	18	10	17	14	11	12	17	13	12	15	14	19	20	19	14	12	10	10	20	20	16	20	14	18	19	13	13	20	19	12	17	18	12	18	17	13	19	19	15	13	10	18	14	11	19	17	17	14	10	15	20	16	17	11	17	10	17	12	20	19	16	12	20	14	12	17	17	13	16	20	15	11	19	20	14	13	13	15	11	10	19	19	18	19	18	13	18	18	18	10	12	17	18	14	18	17	13	16	16	20	16	14	20	15	17	19	10	20	14	16	12	14	18	10	14	11	10	10	10	13	10	14	19	16	14	10	10	17	15	19	19	20	16	11	11	19	20	17	14	10	15	19	13	16	20	14	15	18	13	19	20	18	18	16	12	16	10	17	15	17	20	20	17	18	12	13	14	19	15	16	11	12	18	17	16	11	18	12	18	10	14	18	17	12	19	20	18	18	12	14	10	15	19	11	16	15	15	19	15	16	12	11	19	15	12	20	12	17	14	19	15	14	12	17	12	14	20	15	14	16	16	10	20	20	17	19	13	14	19	15	15	10	17	11	11	14	10	19	15	10	13	12	10	17	20	13	17	15	14	11	14	17	11	20	17	12	19	18	11	11	14	13	11	20	16	12	19	13	11	12	17	11	14	12	16	17	14	11	14	15	11	10	18	17	11	11	16	18	13	18	11	16	17	16	12	15	17	19	20	13	16	11	11	17	18	13	13	19	16	18	20	14	18	13	10	14	10	15	14	20	19	18	20	12	14	14	13	13	11	20	19	10	19	10	20	14	14	20	12	14	13	14	14	19	16	20	16	13	16	16	14	14	18	19	13	16	19	16	13	16	13	17	18	13	16	13	11	11	13	10	15	20	13	15	14	15	14	11	16	17	18	18	17	10	12	12	15	16	11	13	10	15	14	20	11	20	18	15	12	12	10	14	13	13	19	15	18	10	15	13	14	20	11	12	12	10	19	13	12	15	13	16	10	12	17	19	20	12	10	12	14	12	10	15	18	12	14	14	16	17	18	20	15	10	12	17	11	18	19	18	20	11	20	10	12	11	11	11	15	12	20	16	20	14	15	18	19	13	20	17	20	19	20	16	16	19	19	18	17	16	10	11	19	11	18	
1	1	1	1	1	1	1	1	1	1	1	1	1	1	1	1	1	1	1	1	1	1	1	1	1	1	1	1	1	1	1	1	1	1	1	1	1	1	1	1	1	1	1	1	1	1	1	1	1	1	1	1	1	1	1	1	1	1	1	1	1	1	1	2	2	2	2	2	2	2	2	2	2	2	2	2	2	2	2	2	2	2	2	2	2	2	2	2	2	2	2	2	2	2	2	2	2	2	2	2	2	2	2	2	2	2	2	2	2	2	2	2	2	2	2	2	2	2	2	2	2	2	2	2	2	2	2	2	3	3	3	3	3	3	3	3	3	3	3	3	3	3	3	3	3	3	3	3	3	3	3	3	3	3	3	3	3	3	3	3	3	3	3	3	3	3	3	3	3	3	3	3	3	3	3	3	3	3	3	3	3	3	3	3	3	3	3	3	3	3	3	3	3	3	3	3	3	4	4	4	4	4	4	4	4	4	4	4	4	4	4	4	4	4	4	4	4	4	4	4	4	4	4	4	4	4	4	4	4	4	4	4	4	4	4	4	4	4	4	4	4	4	4	4	4	4	4	4	4	4	4	4	4	4	4	4	4	4	4	4	4	4	4	4	4	4	5	5	5	5	5	5	5	5	5	5	5	5	5	5	5	5	5	5	5	5	5	5	5	5	5	5	5	5	5	5	5	5	5	5	5	5	5	5	5	5	5	5	5	5	5	5	5	5	5	5	5	5	5	5	5	5	5	5	5	5	5	5	5	5	5	5	5	5	5	5	5	5	5	5	5	5	6	6	6	6	6	6	6	6	6	6	6	6	6	6	6	6	6	6	6	6	6	6	6	6	6	6	6	6	6	6	6	6	6	6	6	6	6	6	6	6	6	6	6	6	6	6	6	6	6	7	7	7	7	7	7	7	7	7	7	7	7	7	7	7	7	7	7	7	7	7	7	7	7	7	7	7	7	7	7	7	7	7	7	7	7	7	7	7	7	7	7	7	7	7	7	7	7	7	7	7	7	7	7	7	7	7	7	7	7	7	8	8	8	8	8	8	8	8	8	8	8	8	8	8	8	8	8	8	8	8	8	8	8	8	8	8	8	8	8	8	8	8	8	8	8	8	8	8	8	8	8	8	8	8	8	8	8	8	8	8	8	8	8	8	8	8	8	8	8	8	8	8	8	8	8	8	8	8	8	8	8	8	8	8	8	8	8	8	8	8	8	8	8	8	9	9	9	9	9	9	9	9	9	9	9	9	9	9	9	9	9	9	9	9	9	9	9	9	9	9	9	9	9	9	9	9	9	9	9	9	9	9	9	9	9	9	9	9	9	9	9	9	9	9	9	9	9	9	9	9	9	9	9	9	9	9	9	9	9	9	9	9	9	9	9	9	9	10	10	10	10	10	10	10	10	10	10	10	10	10	10	10	10	10	10	10	10	10	10	10	10	10	10	10	10	10	10	10	10	10	10	10	10	10	10	10	10	10	10	10	10	10	10	10	10	10	10	10	10	10	10	10	10	10	10	10	10	10	10	10	10	10	10	10	10	10	10	10	10	10	10	11	11	11	11	11	11	11	11	11	11	11	11	11	11	11	11	11	11	11	11	11	11	11	11	11	11	11	11	11	11	11	11	11	11	11	11	11	11	11	11	11	11	11	11	11	11	11	11	11	11	11	11	11	11	11	11	11	11	11	11	11	11	11	11	11	11	11	11	11	11	12	12	12	12	12	12	12	12	12	12	12	12	12	12	12	12	12	12	12	12	12	12	12	12	12	12	12	12	12	12	12	12	12	12	12	12	12	12	12	12	12	12	12	12	12	12	12	12	12	12	12	12	12	12	12	12	12	12	12	12	13	13	13	13	13	13	13	13	13	13	13	13	13	13	13	13	13	13	13	13	13	13	13	13	13	13	13	13	13	13	13	13	13	13	13	13	13	13	13	13	13	13	13	13	13	13	13	13	13	13	13	13	13	13	13	13	13	13	13	13	13	13	13	13	13	13	13	13	13	13	13	14	14	14	14	14	14	14	14	14	14	14	14	14	14	14	14	14	14	14	14	14	14	14	14	14	14	14	14	14	14	14	14	14	14	14	14	14	14	14	14	14	14	14	14	14	14	14	15	15	15	15	15	15	15	15	15	15	15	15	15	15	15	15	15	15	15	15	15	15	15	15	15	15	15	15	15	15	15	15	15	15	15	15	15	15	15	15	15	15	15	15	15	15	15	15	15	15	15	15	15	15	15	15	15	15	15	15	15	15	15	15	15	15	15	15	15	
