1000
15	4
1032	21.28
7	7	8	7	8	8	7	7	7	8	8	8	8	7	7	8	8	7	7	8	8	8	8	8	8	8	7	7	7	7	7	8	7	8	7	8	8	8	7	7	8	8	8	7	7	7	8	8	8	7	7	8	7	8	8	8	8	8	7	7	8	7	8	7	7	7	7	7	7	7	8	8	8	7	8	7	8	8	7	7	7	7	8	7	8	8	8	7	8	8	8	7	8	8	7	8	7	7	8	7	8	7	8	8	7	8	7	7	7	8	8	8	7	7	7	7	8	7	8	7	7	8	7	7	8	7	7	8	7	8	8	7	7	7	7	8	7	8	7	7	8	7	7	7	8	8	7	8	7	7	7	8	7	8	7	7	7	8	8	8	7	7	7	7	8	7	8	7	8	8	7	8	8	8	8	7	8	7	8	7	8	8	7	8	8	8	8	7	7	8	8	8	7	7	7	7	8	7	8	7	7	7	8	8	7	7	7	8	7	8	8	7	8	7	8	8	7	7	7	8	7	7	8	7	8	8	7	7	7	7	8	7	8	8	8	7	7	8	8	7	7	7	7	7	8	7	8	8	8	7	7	7	7	8	8	7	8	8	7	7	8	8	8	8	8	7	8	8	7	7	8	7	7	7	7	8	8	8	7	7	8	8	8	8	7	8	7	7	8	7	8	7	8	8	7	8	7	8	8	7	8	7	7	8	8	7	7	8	7	8	8	8	7	7	7	8	8	8	7	8	7	8	8	7	7	8	7	8	8	7	8	7	7	8	8	7	7	7	8	7	8	8	7	8	8	8	7	7	7	7	8	8	8	8	7	8	7	8	7	7	8	7	8	7	8	8	8	8	7	7	7	7	7	7	8	8	7	8	8	7	8	8	7	7	8	7	8	7	8	8	8	8	7	7	7	8	7	8	8	8	8	7	8	7	8	8	8	7	8	7	8	8	7	8	8	8	8	8	7	8	8	8	7	7	8	7	7	7	8	7	7	7	8	7	7	8	8	7	7	7	7	8	7	7	8	8	7	8	7	7	8	8	8	7	7	7	7	8	7	7	7	8	8	7	7	7	7	8	7	7	7	8	8	7	8	8	8	7	8	8	8	8	7	8	7	8	7	7	8	8	8	8	7	8	8	8	8	7	8	7	7	8	8	8	7	8	7	8	7	7	7	8	8	7	8	7	8	8	7	8	8	7	7	8	7	8	7	8	8	7	7	8	8	7	7	7	8	7	8	8	8	8	8	7	8	7	7	7	8	7	7	8	7	7	8	7	7	7	8	7	7	8	8	8	7	7	8	7	7	8	8	8	8	7	7	7	8	7	8	8	7	8	8	8	7	8	7	7	7	8	7	8	7	7	7	8	7	8	8	8	8	7	7	8	8	7	8	8	8	7	8	8	8	7	7	8	8	7	7	7	8	7	7	8	7	8	7	8	7	7	8	7	8	8	8	7	8	8	7	7	7	7	8	8	8	8	8	8	8	8	8	7	8	8	8	8	7	8	7	8	7	7	8	8	8	8	7	8	7	8	7	8	8	8	7	7	7	7	8	7	7	8	8	7	7	8	7	7	7	7	8	8	8	7	7	8	8	7	8	8	7	7	7	8	8	7	8	8	8	8	7	8	8	8	7	7	8	8	8	7	7	8	7	7	8	7	7	8	7	8	7	7	8	8	7	8	8	8	8	8	8	7	7	8	7	8	8	8	8	8	8	7	7	8	8	8	8	8	8	8	8	8	8	7	7	8	8	7	7	8	8	8	8	8	8	7	7	8	7	8	8	7	7	7	7	8	7	8	7	7	8	8	8	8	7	8	8	7	7	8	8	8	8	7	8	7	7	8	8	8	8	8	8	7	7	7	8	8	7	8	8	8	7	8	8	8	7	7	8	8	8	7	7	7	7	7	7	8	7	7	8	7	7	8	7	8	8	7	8	7	8	7	8	7	7	7	8	7	8	7	7	7	8	7	8	7	8	7	8	8	8	8	7	7	7	7	7	7	7	8	8	8	8	7	7	7	8	7	7	7	7	8	7	8	7	7	7	7	7	7	8	8	8	8	8	8	8	8	8	8	7	8	8	7	8	7	8	7	8	8	7	8	7	7	7	7	8	7	8	8	7	7	7	8	8	8	7	8	8	7	7	8	7	8	7	7	7	7	7	7	8	8	7	7	8	7	7	7	7	7	8	8	7	7	8	7	8	8	8	7	8	7	8	7	8	7	7	8	7	7	8	8	7	8	7	7	7	8	8	8	7	8	8	8	8	8	8	7	7	8	
1	2	5	6	7	9	12	
0	1	2	3	8	12	13	
1	3	4	7	9	11	12	13	
2	8	9	10	11	12	14	
0	2	4	5	8	12	13	14	
2	3	4	6	8	11	13	14	
0	2	7	9	10	11	12	
0	1	2	3	7	9	11	
0	7	8	9	10	11	12	
0	1	4	8	9	11	12	13	
1	2	5	7	8	9	12	14	
1	4	5	6	8	11	12	14	
0	2	3	4	5	10	11	13	
2	5	6	7	9	10	14	
3	4	6	9	10	11	13	
2	5	6	7	9	11	12	14	
1	2	3	4	5	6	12	13	
0	1	2	5	7	10	12	
3	4	8	9	11	13	14	
2	4	5	6	8	11	12	14	
0	1	2	5	6	7	9	14	
0	2	5	8	10	11	13	14	
3	4	5	8	9	11	12	14	
0	4	5	6	9	10	13	14	
0	2	3	5	9	10	11	12	
2	3	6	7	9	10	12	13	
1	3	9	10	12	13	14	
3	4	10	11	12	13	14	
3	4	5	6	7	10	11	
0	4	7	8	9	11	14	
2	5	9	10	12	13	14	
2	4	5	6	9	10	11	13	
0	4	5	7	9	10	11	
0	3	4	6	7	8	12	13	
0	1	2	6	9	12	13	
1	2	4	5	6	11	13	14	
1	2	5	8	9	11	13	14	
0	1	5	6	9	10	13	14	
0	1	7	10	11	12	14	
1	6	8	9	10	11	12	
0	6	7	9	10	11	12	14	
0	2	4	6	7	9	10	14	
1	5	8	9	10	11	12	13	
1	5	8	9	11	13	14	
0	3	7	8	9	11	13	
1	2	4	9	11	13	14	
0	1	7	8	9	10	11	13	
2	5	6	7	10	11	13	14	
0	1	2	3	4	10	11	14	
1	2	5	6	7	11	12	
0	1	4	5	7	8	11	
0	2	3	5	9	10	12	14	
1	2	6	7	8	12	14	
0	1	4	6	9	10	13	14	
1	2	3	4	5	8	10	13	
0	3	5	6	7	11	12	14	
0	2	4	5	9	12	13	14	
0	1	2	3	4	5	8	10	
1	6	8	9	11	13	14	
0	6	8	9	12	13	14	
0	1	5	6	7	8	12	14	
0	2	6	10	11	12	14	
0	1	2	4	10	12	13	14	
0	1	4	7	10	11	12	
1	3	4	5	9	11	13	
0	3	5	6	11	13	14	
0	1	2	4	5	7	13	
0	2	3	4	5	9	12	
0	3	4	5	6	11	12	
1	2	3	5	8	9	10	
0	1	3	4	6	7	9	11	
2	3	4	6	7	8	12	14	
0	1	2	3	5	7	12	14	
0	1	4	9	10	12	14	
0	1	5	6	9	10	13	14	
0	4	5	6	7	12	14	
0	1	4	6	7	11	12	13	
1	3	5	6	7	12	13	14	
1	2	4	6	8	10	13	
3	4	6	8	11	12	13	
0	1	2	6	8	9	12	
0	1	3	5	9	11	14	
1	2	4	6	10	11	12	14	
4	5	9	10	11	12	14	
2	3	6	7	8	10	11	12	
0	1	2	3	4	8	11	12	
0	1	2	5	9	10	12	14	
0	3	4	7	8	10	13	
0	1	3	5	9	10	11	14	
0	1	5	6	7	9	10	12	
1	2	5	6	8	11	12	14	
1	2	4	6	8	12	14	
0	3	4	5	6	9	13	14	
0	1	4	5	6	9	10	12	
0	1	2	4	6	11	13	
3	4	5	8	10	11	13	14	
1	2	6	8	9	12	14	
0	2	3	5	7	12	13	
0	3	4	5	10	11	13	14	
0	1	2	4	5	7	12	
1	3	4	7	8	10	11	13	
0	2	4	6	7	8	13	
2	4	5	7	8	10	11	13	
4	7	8	9	10	11	12	14	
0	5	6	9	11	13	14	
1	4	6	7	8	11	13	14	
4	6	8	9	10	11	12	
2	3	6	7	8	9	14	
1	2	9	10	12	13	14	
0	1	2	3	4	6	7	8	
0	1	4	7	9	10	11	14	
0	3	5	6	7	10	12	13	
0	5	6	10	11	12	14	
1	4	5	6	9	10	13	
3	5	6	10	12	13	14	
1	3	4	8	9	10	13	
1	3	6	7	9	11	12	14	
0	1	2	4	5	10	14	
0	1	4	5	7	11	13	14	
1	3	4	6	9	11	12	
1	2	5	7	9	12	14	
0	2	7	8	9	10	11	14	
0	1	2	3	5	8	11	
2	3	4	5	6	7	14	
0	1	5	6	7	8	9	14	
0	1	3	6	9	13	14	
1	2	3	6	7	8	13	
0	1	3	4	5	7	8	14	
1	2	3	6	10	13	14	
0	1	4	5	6	11	12	14	
2	5	6	8	9	10	12	14	
1	2	6	8	9	13	14	
3	5	6	7	9	13	14	
0	1	2	5	6	7	14	
2	3	4	5	9	12	14	
2	3	4	5	7	8	11	14	
0	1	2	8	9	12	13	
3	4	6	8	10	12	13	14	
0	4	5	7	12	13	14	
0	1	3	4	7	8	14	
1	2	4	5	9	10	12	14	
0	1	5	6	8	10	11	
0	3	4	6	7	10	13	
1	3	4	5	9	10	14	
3	5	6	8	9	10	12	14	
0	3	5	6	7	9	10	13	
0	1	5	8	11	13	14	
1	4	6	7	10	11	12	14	
1	2	3	4	7	10	11	
0	2	4	8	9	11	13	
0	1	5	8	9	11	13	
1	3	5	6	7	10	11	14	
2	3	6	7	9	11	13	
0	3	4	6	9	11	12	13	
0	1	3	9	11	13	14	
1	7	8	9	10	12	14	
2	3	5	7	9	10	11	
2	3	5	6	9	12	13	14	
0	1	2	5	6	10	11	12	
1	2	3	4	7	9	10	12	
2	3	4	6	7	11	12	
0	1	3	5	9	13	14	
0	5	7	8	10	12	14	
2	7	9	10	11	12	13	
3	8	9	10	11	12	13	14	
0	1	3	6	7	10	13	
0	2	3	4	6	8	9	11	
1	4	6	7	9	12	13	
0	4	5	6	7	8	9	12	
1	2	4	8	11	12	13	14	
1	3	5	7	8	12	14	
0	2	3	5	6	11	13	14	
0	5	7	8	9	10	12	14	
1	2	3	4	6	10	11	12	
1	4	6	8	10	11	13	14	
1	3	4	7	10	11	14	
0	1	3	4	8	9	10	13	
0	3	5	8	11	12	13	
1	3	5	7	10	11	12	13	
0	1	3	8	10	11	14	
3	4	6	7	9	10	11	14	
0	2	3	4	5	6	7	14	
0	1	2	3	8	9	11	
1	2	5	7	8	10	11	14	
2	5	6	8	9	11	13	14	
3	5	6	8	9	10	12	14	
1	2	3	5	7	11	12	13	
0	2	3	4	5	6	13	
2	4	5	7	8	9	14	
0	1	2	5	7	8	10	13	
0	3	4	7	9	10	11	14	
0	1	2	3	9	10	11	13	
0	1	5	7	8	10	13	
2	3	6	9	10	12	14	
3	4	8	9	10	11	14	
2	3	4	5	7	9	12	
1	2	3	5	6	11	13	14	
0	3	8	9	10	11	12	
0	2	4	5	6	10	12	14	
0	1	6	8	10	11	14	
0	2	6	10	11	12	13	
0	2	6	7	8	9	14	
0	1	2	3	4	8	13	14	
1	2	5	6	7	12	13	14	
0	1	2	3	5	6	11	
0	1	4	6	7	9	13	
0	1	8	11	12	13	14	
0	2	4	6	9	10	13	14	
0	1	5	10	12	13	14	
0	2	3	4	8	11	12	14	
1	2	3	4	6	8	10	14	
0	2	3	4	5	12	14	
0	1	2	6	7	10	12	13	
1	4	5	8	9	11	13	
4	6	7	8	10	11	13	14	
0	1	3	5	10	11	13	14	
0	1	3	4	7	8	13	
0	3	4	6	9	10	12	
0	2	4	5	7	8	14	
1	3	5	7	8	10	11	14	
2	4	6	8	9	11	14	
1	4	6	8	10	12	14	
0	1	3	4	5	8	9	13	
1	2	3	8	9	13	14	
2	4	5	6	7	10	13	14	
1	2	3	4	7	10	13	14	
0	1	2	4	7	10	11	
0	1	3	4	6	7	8	
1	4	5	6	7	8	12	
3	5	6	7	8	10	12	
2	4	6	9	11	12	13	14	
3	4	6	7	8	12	13	
0	3	5	6	9	10	12	14	
0	1	3	5	9	10	11	13	
0	2	5	7	11	12	13	14	
0	6	7	8	9	13	14	
0	1	4	7	12	13	14	
0	1	3	4	6	11	12	14	
1	2	4	10	11	12	13	14	
1	4	6	7	9	12	14	
3	6	7	8	9	12	14	
1	2	4	7	9	10	12	
2	5	6	7	9	11	12	
0	4	5	6	7	8	10	
0	2	3	6	7	8	9	14	
0	3	4	8	10	11	13	
0	2	4	8	9	10	13	14	
0	2	4	7	8	10	13	14	
2	4	5	7	8	12	13	14	
2	3	6	8	9	11	14	
1	2	5	6	9	11	12	
0	1	4	7	10	11	13	
1	2	6	8	10	12	14	
1	3	5	6	7	12	13	14	
3	6	8	9	10	11	12	13	
1	2	3	8	9	12	13	
2	3	6	7	11	12	13	14	
4	8	9	10	11	12	13	14	
0	1	4	6	8	9	11	
1	4	7	8	9	10	13	
0	1	3	5	6	9	12	14	
5	8	9	10	11	12	13	14	
3	6	7	8	9	10	12	14	
0	4	5	6	8	11	13	14	
0	1	3	7	8	12	13	14	
0	1	2	3	7	10	14	
1	3	4	6	8	10	12	14	
3	4	6	7	8	11	12	14	
0	3	5	6	7	9	10	
0	2	4	7	11	12	14	
0	2	6	7	8	10	13	14	
1	2	4	6	9	10	13	
3	4	5	7	9	11	13	
2	4	5	8	9	11	12	
1	5	8	9	10	11	13	
0	2	6	9	10	11	12	13	
1	4	6	7	8	10	11	12	
0	2	5	6	8	11	13	14	
2	3	4	5	10	11	13	
0	4	5	6	7	12	14	
0	1	5	6	10	12	13	14	
0	1	2	3	4	6	9	14	
0	1	4	5	6	8	9	13	
1	2	6	7	9	10	12	14	
0	5	6	8	10	11	13	
1	3	5	6	7	9	10	11	
1	3	5	8	9	11	14	
1	5	6	7	8	12	13	
1	5	7	9	10	11	13	14	
0	2	3	4	9	12	13	
0	1	2	6	8	9	11	13	
1	3	5	7	8	9	10	
5	6	7	8	9	11	12	13	
0	1	3	5	8	11	12	13	
1	2	3	6	10	11	12	
2	5	7	8	9	12	13	14	
0	2	4	5	7	8	14	
0	1	5	7	10	11	13	14	
2	3	4	5	7	8	9	13	
0	1	2	4	8	10	13	
0	1	2	4	8	9	12	13	
0	4	8	9	10	11	14	
1	2	6	7	12	13	14	
2	4	5	6	7	8	9	13	
0	1	3	4	6	8	9	10	
4	7	10	11	12	13	14	
2	3	7	8	10	11	14	
0	1	6	7	8	9	11	14	
0	1	2	4	5	10	12	
0	1	3	8	9	10	13	14	
1	2	3	4	5	6	13	14	
1	3	5	6	7	8	9	11	
1	3	5	8	9	10	13	
0	1	2	8	10	13	14	
1	3	5	6	7	9	12	
0	2	3	4	9	10	13	14	
2	3	5	6	7	12	13	14	
0	1	3	4	10	12	13	14	
0	2	3	5	7	11	14	
1	3	7	9	11	12	13	14	
1	4	5	7	8	10	14	
0	2	3	9	11	12	13	14	
2	4	6	7	8	12	13	14	
1	2	3	7	9	10	12	
4	5	6	7	9	12	14	
0	1	4	7	9	11	12	14	
2	3	5	8	11	13	14	
0	3	4	5	6	7	8	13	
0	5	6	7	9	10	11	12	
1	2	3	5	6	9	14	
0	1	4	6	7	9	11	14	
4	5	7	9	11	12	14	
1	3	4	7	8	9	10	
0	1	5	6	7	9	12	14	
1	2	3	7	9	10	11	14	
0	4	10	11	12	13	14	
1	2	4	7	9	11	14	
0	3	6	8	12	13	14	
0	3	4	9	10	12	13	14	
4	5	6	7	10	13	14	
0	2	4	5	6	8	9	13	
0	3	6	7	9	10	12	14	
1	2	4	5	8	10	13	
0	1	2	4	5	8	10	13	
1	2	3	6	9	11	13	14	
0	1	2	4	5	8	11	13	
0	1	4	6	10	13	14	
3	4	7	8	12	13	14	
1	3	8	9	10	11	14	
2	3	7	8	9	11	12	
2	4	5	6	7	9	11	13	
1	2	4	6	8	9	10	13	
0	1	4	5	6	11	12	13	
1	2	3	6	7	9	12	13	
1	2	3	4	8	10	14	
0	1	3	5	7	8	12	13	
2	4	5	9	10	11	12	
0	1	4	6	7	9	13	14	
4	5	6	10	11	12	14	
0	1	2	7	9	12	14	
0	1	2	4	8	11	13	14	
2	3	6	9	10	11	12	
0	4	5	6	7	8	9	14	
1	4	5	6	8	9	13	
1	6	7	8	11	12	13	14	
0	1	2	4	6	9	11	12	
0	3	4	5	6	7	10	11	
2	5	7	10	11	12	13	14	
0	1	2	4	5	6	11	
0	1	5	6	8	11	13	
1	4	5	6	10	11	13	
2	3	5	7	8	9	11	
0	2	3	4	8	10	13	
0	3	6	10	12	13	14	
0	1	2	7	8	11	12	14	
1	3	5	6	11	12	13	14	
3	6	7	8	9	10	14	
0	1	2	5	7	10	12	14	
2	4	7	8	10	11	13	14	
1	5	8	10	12	13	14	
1	4	6	7	8	11	12	13	
0	2	5	6	8	11	13	14	
2	3	7	8	10	11	14	
0	3	4	8	10	12	14	
1	2	3	6	7	8	10	14	
0	1	3	5	8	10	12	
3	4	5	6	7	8	11	13	
1	2	3	5	7	11	12	
0	2	3	5	6	8	9	11	
2	4	5	6	7	9	12	13	
2	5	7	8	11	12	13	14	
0	1	4	5	6	9	11	14	
1	3	4	8	10	12	13	
0	1	4	6	10	11	14	
2	3	4	5	6	8	9	
0	1	5	6	7	8	10	12	
1	3	5	6	7	11	12	
0	1	2	3	4	9	11	14	
0	1	2	4	5	10	12	14	
0	3	4	6	7	9	11	14	
0	3	6	7	8	10	13	14	
2	3	4	9	10	11	13	
1	3	5	6	7	9	10	14	
3	4	6	7	8	9	11	
2	4	5	6	7	8	9	10	
0	3	4	5	8	9	11	14	
0	1	3	5	7	8	11	14	
3	6	7	9	10	11	14	
1	5	7	10	11	12	13	14	
0	1	4	7	8	9	12	
3	4	5	6	9	10	13	14	
0	1	3	5	8	10	13	14	
0	1	4	5	6	7	14	
1	3	5	6	8	9	12	13	
0	1	3	4	5	6	11	13	
0	3	4	5	7	9	11	14	
1	4	5	6	10	12	13	14	
1	3	4	5	8	9	12	13	
1	2	3	6	10	12	13	
0	2	3	7	11	12	13	14	
0	1	4	7	10	11	13	14	
4	5	6	7	8	10	11	13	
1	8	9	10	12	13	14	
0	7	9	11	12	13	14	
1	2	3	5	9	10	12	13	
1	2	5	8	9	12	13	
1	2	3	5	12	13	14	
0	1	2	3	6	11	13	
0	1	6	7	8	9	10	14	
1	4	6	7	10	11	14	
0	3	5	6	7	10	13	
1	2	5	6	9	10	11	
0	2	7	8	9	11	12	14	
1	2	6	7	8	9	10	
1	2	6	10	11	12	14	
0	2	4	5	7	11	12	14	
1	2	6	8	9	10	12	14	
0	1	3	6	8	12	13	
1	2	3	4	7	12	13	
0	1	7	11	12	13	14	
0	1	2	6	7	8	11	
0	2	3	7	10	11	13	14	
0	2	5	6	7	8	11	
1	2	3	7	11	12	14	
1	2	4	6	8	11	12	14	
3	5	8	9	10	12	13	14	
0	1	6	7	8	13	14	
0	3	4	6	7	11	13	14	
0	1	4	6	7	8	11	
0	4	5	7	8	11	12	
0	1	3	6	9	10	11	13	
0	7	8	9	10	12	13	14	
0	3	6	8	9	10	13	14	
2	5	6	8	9	11	12	
0	3	4	8	9	10	14	
0	2	4	7	10	12	14	
0	3	4	9	10	11	12	
0	2	4	8	9	10	12	14	
1	2	3	7	11	13	14	
1	2	3	4	9	12	14	
0	1	7	8	9	10	13	
1	3	5	6	8	11	12	14	
1	3	4	5	9	10	12	13	
0	4	5	7	8	9	14	
0	5	7	9	12	13	14	
0	1	3	9	10	13	14	
0	2	5	8	10	11	12	
0	2	5	7	9	10	11	14	
0	2	3	5	6	12	13	
0	3	5	6	7	9	11	
0	2	4	8	9	10	11	
0	3	6	7	10	12	13	14	
0	1	2	3	4	6	9	13	
1	4	5	9	10	11	12	
0	1	4	6	9	10	11	13	
1	2	3	5	6	9	11	12	
0	1	3	5	9	10	12	13	
0	3	4	6	8	12	13	
2	5	6	7	9	10	12	13	
0	2	3	4	6	10	12	14	
0	1	2	3	9	11	13	14	
0	1	2	4	5	11	12	13	
1	4	7	8	9	10	11	
2	3	5	6	9	10	12	14	
2	5	8	9	11	13	14	
0	1	2	3	4	11	12	14	
0	1	2	3	4	8	11	
1	5	6	7	9	11	12	
0	1	4	6	10	11	12	14	
0	1	4	5	7	8	9	10	
3	5	8	9	10	12	13	14	
1	2	3	4	6	7	8	13	
5	6	7	9	11	13	14	
4	5	6	7	11	12	13	14	
0	1	3	10	11	12	13	14	
1	2	3	6	7	8	9	13	
0	1	2	8	9	11	12	14	
1	7	9	11	12	13	14	
0	2	4	6	7	8	11	14	
2	5	7	8	9	12	13	
1	2	4	5	6	8	14	
0	1	4	8	9	11	12	13	
0	1	3	5	6	8	9	12	
0	2	3	4	5	6	8	13	
1	2	3	5	10	11	13	
1	3	4	6	7	10	12	13	
1	3	4	7	8	9	14	
0	1	2	3	5	6	10	12	
2	3	9	10	11	13	14	
2	4	5	6	7	11	12	
0	3	6	7	8	12	13	
2	3	4	7	9	10	11	12	
0	3	4	8	9	10	12	14	
0	2	3	7	8	11	13	
0	1	3	5	6	8	11	13	
0	4	9	10	11	12	13	
0	1	6	7	8	9	11	13	
0	2	3	4	7	9	10	12	
2	5	6	8	10	12	13	
0	1	2	3	4	9	11	13	
0	1	2	3	10	11	13	14	
0	5	7	8	9	10	12	
0	6	7	8	9	10	12	
0	3	4	5	6	8	12	13	
0	1	3	5	8	12	13	
2	3	6	8	10	11	12	13	
1	6	8	9	10	11	13	
0	1	3	4	5	6	10	13	
0	1	2	3	4	11	12	13	
0	2	3	4	6	9	13	
1	3	4	8	9	10	11	
3	5	6	8	9	10	12	13	
2	4	6	9	10	11	13	14	
1	2	3	4	7	8	9	
1	3	4	6	10	11	14	
0	1	4	5	7	10	14	
1	3	4	7	9	10	11	14	
4	6	7	9	11	12	14	
0	1	2	5	9	10	11	12	
1	2	4	6	7	9	10	12	
0	2	4	5	8	11	13	14	
0	1	4	5	6	7	11	14	
1	2	5	7	8	9	12	14	
0	1	2	3	6	9	11	
1	2	3	4	7	11	12	13	
0	2	3	8	9	11	13	
0	1	2	4	5	7	14	
0	1	4	6	9	12	14	
0	1	2	8	9	11	12	14	
1	3	4	9	11	13	14	
0	2	3	8	11	12	14	
1	2	3	4	8	9	10	12	
0	1	3	7	8	11	12	
0	3	4	5	6	9	13	
1	2	3	4	5	7	11	14	
1	2	3	6	7	9	10	
3	6	8	9	11	13	14	
1	3	4	6	7	8	13	
0	3	6	7	8	11	13	14	
2	3	4	8	12	13	14	
1	4	6	8	9	13	14	
1	2	3	4	5	11	12	14	
0	1	5	7	8	10	11	12	
2	4	5	6	8	12	13	14	
1	2	4	5	6	11	14	
1	2	5	6	9	10	13	
0	2	6	7	8	9	10	14	
1	2	3	5	7	13	14	
2	3	6	9	10	11	12	
2	5	7	8	9	10	12	13	
0	1	2	3	4	5	9	11	
0	1	4	5	6	8	12	13	
1	2	6	7	8	10	12	14	
0	2	4	8	9	10	11	
1	4	5	7	11	12	13	
1	3	4	6	8	9	11	
0	1	3	6	7	9	11	14	
1	3	7	8	11	13	14	
0	2	3	4	5	6	7	10	
0	1	3	4	8	9	10	11	
1	2	6	8	9	10	11	
0	7	8	9	10	11	13	14	
0	1	4	6	9	10	13	14	
1	3	5	6	7	10	11	13	
0	1	3	4	6	7	8	
0	1	2	4	5	6	9	10	
2	3	5	8	10	12	14	
2	3	4	5	12	13	14	
5	6	7	9	10	11	12	
1	3	5	6	7	9	10	12	
1	2	4	7	9	13	14	
0	4	5	6	7	9	10	12	
2	4	5	7	8	9	12	
0	3	9	10	12	13	14	
2	4	5	8	10	12	13	
1	2	3	5	6	10	11	13	
0	1	2	6	10	12	14	
1	3	7	8	9	10	11	14	
0	1	4	5	8	10	11	12	
0	4	6	9	10	12	13	14	
0	5	6	7	8	9	12	14	
1	2	3	4	8	9	10	
0	2	4	8	9	10	11	
2	3	4	5	8	9	11	14	
0	1	6	7	8	9	13	14	
0	1	2	6	9	13	14	
0	2	4	5	7	8	11	14	
2	3	5	9	10	11	13	14	
0	1	4	5	6	9	12	14	
2	3	5	7	10	11	14	
0	5	8	10	11	12	13	14	
2	3	5	7	9	10	12	14	
0	1	4	5	7	8	12	13	
1	4	5	6	7	11	14	
1	2	3	4	6	7	14	
1	3	4	5	6	8	9	12	
1	2	7	9	10	11	12	14	
0	5	6	7	8	11	14	
5	6	7	8	9	11	13	
0	3	5	7	10	12	14	
1	3	4	5	6	8	10	12	
2	3	4	7	8	12	14	
2	4	5	6	7	8	12	
4	5	6	7	9	11	12	13	
0	2	4	7	8	9	12	
1	3	4	5	6	7	12	13	
3	4	5	7	10	12	13	
2	3	4	5	11	12	13	14	
1	2	5	6	8	10	11	
0	2	3	6	7	9	10	
0	1	4	5	7	10	11	12	
1	2	3	5	8	12	14	
0	3	4	5	6	7	11	13	
1	4	5	6	9	10	13	14	
0	2	4	6	9	10	12	13	
2	4	5	7	10	12	13	
2	4	5	7	8	11	12	14	
0	1	3	4	5	8	10	11	
3	6	7	9	10	11	14	
1	3	5	6	7	11	12	
0	2	8	9	10	13	14	
1	3	5	7	9	12	14	
0	1	6	7	8	9	10	14	
0	1	2	3	6	8	13	14	
4	5	6	7	9	10	11	12	
0	2	4	5	6	8	9	10	
0	3	6	9	10	12	13	14	
0	2	3	6	7	8	11	13	
0	1	5	6	7	8	12	13	
0	1	3	5	7	11	13	14	
0	2	5	9	10	12	13	14	
0	2	3	7	9	13	14	
1	3	4	5	9	11	12	14	
1	3	4	6	7	8	9	12	
0	1	4	6	7	8	9	10	
1	2	3	4	7	11	12	13	
3	6	7	9	11	13	14	
2	3	4	5	6	7	9	10	
0	1	3	5	6	12	13	
0	1	2	3	7	10	11	13	
1	2	6	11	12	13	14	
1	4	5	7	9	10	12	
0	1	2	3	6	7	12	14	
1	2	4	6	7	10	12	14	
0	3	6	7	8	9	12	14	
0	2	4	5	10	11	12	13	
0	3	6	7	8	11	13	
0	2	3	5	6	7	8	11	
1	2	5	6	10	11	13	
0	2	3	4	5	9	12	14	
0	2	3	5	8	12	13	
0	5	6	7	8	9	12	13	
0	5	7	8	9	10	11	12	
1	2	5	7	8	9	10	11	
3	5	7	8	10	13	14	
3	5	7	8	9	13	14	
0	1	3	6	7	10	14	
0	1	2	5	8	10	11	
1	4	5	6	7	11	13	14	
0	1	2	4	9	11	14	
2	3	4	6	8	13	14	
1	3	4	6	7	8	9	13	
0	1	2	7	9	10	11	14	
2	4	5	7	10	13	14	
0	1	2	5	6	11	12	
0	2	3	4	7	8	9	12	
1	3	4	7	9	10	14	
3	4	5	6	7	11	14	
0	2	6	7	8	9	10	
4	6	8	9	10	11	12	
0	1	2	6	7	8	9	12	
0	1	2	5	6	7	9	14	
1	2	3	5	9	12	13	14	
0	1	6	8	9	12	14	
0	1	2	4	6	9	13	
1	4	5	6	7	9	10	11	
3	5	6	7	10	11	12	14	
1	2	7	8	10	12	13	
0	2	5	7	8	9	11	12	
5	6	7	9	10	11	13	14	
1	3	8	9	12	13	14	
1	2	4	6	8	10	13	
0	4	5	6	10	12	13	
0	1	2	3	4	7	8	10	
0	2	3	5	6	11	12	14	
0	5	6	7	8	10	14	
0	3	7	8	9	10	12	14	
0	3	5	7	8	9	11	12	
0	2	6	7	10	11	12	13	
0	3	4	6	8	9	10	12	
1	2	4	5	6	7	10	
0	2	3	7	9	11	12	13	
0	1	2	3	5	6	7	12	
0	3	5	7	8	10	11	12	
0	2	3	9	10	13	14	
0	1	7	8	9	11	14	
0	1	4	5	9	10	11	14	
0	3	4	5	6	8	10	11	
0	3	4	5	9	10	12	14	
0	4	5	8	9	11	14	
0	2	5	6	7	8	13	
0	2	3	4	6	9	12	14	
2	4	6	7	8	11	14	
4	7	8	9	10	12	13	
1	2	3	4	7	8	9	11	
1	5	6	8	9	10	13	
0	2	5	7	9	13	14	
0	2	3	7	10	11	12	13	
1	3	5	6	11	13	14	
0	2	3	5	8	9	12	13	
6	7	8	9	10	12	13	
0	1	5	7	8	12	14	
4	6	7	8	11	12	13	14	
1	3	5	7	9	11	13	14	
0	4	6	7	9	11	14	
2	3	4	5	6	8	10	11	
1	3	5	7	8	9	12	14	
1	4	6	7	8	9	11	12	
1	4	5	6	7	10	13	14	
4	5	6	9	10	12	13	14	
1	2	5	6	9	11	12	13	
0	1	7	9	10	13	14	
1	3	5	6	7	9	11	
0	2	5	7	9	10	12	14	
0	3	5	6	8	12	13	
0	4	5	7	8	11	12	14	
0	2	3	5	7	8	11	13	
1	2	4	7	11	12	13	14	
0	1	2	3	4	8	10	13	
0	2	3	4	8	9	10	11	
0	3	7	8	11	12	13	14	
0	1	3	5	9	12	13	
2	3	4	8	11	12	13	
0	1	3	4	5	9	12	13	
0	1	2	3	8	9	11	12	
1	2	4	7	9	11	12	14	
1	3	5	7	9	11	13	14	
3	4	6	7	8	10	12	13	
0	2	3	4	8	11	12	13	
1	2	3	6	7	8	13	14	
1	3	5	6	9	10	11	12	
3	5	7	9	10	11	12	14	
0	1	2	3	5	8	11	13	
0	1	3	10	11	12	14	
3	4	5	8	9	13	14	
0	2	4	5	6	12	13	14	
1	2	3	5	6	8	10	13	
0	1	3	8	9	12	14	
0	2	4	6	10	11	12	
1	3	4	7	9	10	11	13	
1	3	4	5	10	11	12	13	
0	1	2	4	5	9	10	14	
2	5	6	7	9	12	13	14	
0	3	5	6	8	10	12	14	
0	1	4	5	10	11	12	13	
2	3	4	7	12	13	14	
0	1	3	4	5	6	13	
0	2	3	8	11	12	13	14	
0	2	3	10	11	12	13	
1	4	5	7	8	11	12	14	
1	2	3	4	9	10	11	12	
1	2	3	10	11	13	14	
6	7	8	9	10	11	12	
1	2	3	5	8	12	13	
4	6	8	9	11	12	14	
0	1	2	4	6	9	10	11	
1	4	7	9	11	13	14	
0	3	4	5	8	9	11	12	
0	2	4	6	7	12	13	
1	3	7	8	11	12	14	
0	1	2	3	5	11	12	13	
0	1	3	4	7	8	9	13	
0	3	4	6	9	11	13	14	
0	1	3	5	6	7	10	12	
0	5	6	7	8	9	13	
1	2	3	5	6	10	12	14	
1	2	3	7	9	11	12	14	
1	7	9	11	12	13	14	
2	4	6	8	11	12	14	
5	6	7	8	9	11	13	14	
0	1	2	3	6	7	10	13	
2	3	5	6	7	9	10	12	
1	2	3	5	9	10	12	13	
0	1	3	6	11	13	14	
1	2	3	4	5	6	9	11	
0	5	7	9	11	13	14	
0	3	7	10	11	12	14	
5	6	7	9	10	11	13	14	
0	2	4	5	7	10	11	14	
0	1	2	3	4	5	7	11	
3	4	5	6	7	8	9	12	
2	4	6	7	9	10	11	12	
0	2	3	7	8	9	10	12	
1	3	4	7	9	10	11	
0	3	4	5	6	7	9	
1	5	6	8	10	11	12	
1	4	6	7	8	10	12	13	
0	1	6	7	10	11	12	14	
1	2	6	7	12	13	14	
0	1	2	5	6	9	10	11	
3	4	6	7	10	11	12	13	
1	2	6	9	10	11	13	14	
4	6	7	8	9	11	12	
2	3	7	8	11	12	13	14	
0	1	2	6	9	10	12	13	
0	1	4	5	7	8	9	10	
0	1	4	5	7	8	13	
0	3	5	6	8	9	14	
0	1	3	8	10	11	12	13	
0	1	3	4	6	9	10	14	
0	2	4	5	9	11	12	14	
0	1	2	4	6	11	14	
0	1	2	6	10	11	13	
1	2	7	8	11	12	13	
0	2	4	5	6	11	12	
2	6	7	9	12	13	14	
0	1	2	4	5	7	10	
4	6	7	8	11	12	13	14	
0	1	2	9	12	13	14	
4	6	7	8	10	11	12	
1	2	3	7	9	12	13	14	
3	6	7	8	10	12	13	
1	2	4	5	9	11	13	
1	2	4	7	8	9	12	13	
0	4	7	8	9	10	14	
3	4	6	7	8	12	13	14	
0	2	4	5	8	9	13	14	
0	4	8	9	11	12	14	
2	4	6	8	9	10	11	14	
0	1	7	8	11	13	14	
0	2	3	4	5	6	7	12	
2	3	7	10	11	12	13	
1	4	5	6	8	10	12	13	
1	2	5	7	8	12	14	
0	5	6	9	10	11	12	
2	3	5	6	7	11	13	
2	3	5	6	8	9	10	11	
0	1	2	3	5	6	13	
0	2	5	7	10	11	13	14	
2	5	6	10	11	13	14	
0	1	3	5	9	12	14	
0	3	4	9	11	13	14	
0	1	2	3	4	8	9	14	
0	1	3	4	8	9	14	
0	1	2	3	4	8	13	14	
0	1	5	6	7	11	13	
0	2	3	5	7	8	12	14	
2	4	6	8	9	10	12	
2	3	5	6	7	10	11	14	
2	3	6	7	8	10	12	14	
0	2	3	6	9	10	11	13	
0	1	2	3	5	11	12	14	
1	2	4	9	11	13	14	
0	1	2	4	9	10	13	
4	5	8	9	12	13	14	
0	3	6	9	11	12	14	
2	3	4	8	12	13	14	
2	3	4	5	6	10	13	
0	2	6	8	10	13	14	
0	1	6	7	9	11	13	14	
0	1	4	5	7	10	11	12	
0	1	3	4	9	10	11	13	
0	2	5	6	9	11	13	14	
1	2	3	4	5	7	10	
1	3	6	7	8	10	11	
0	5	8	10	11	12	13	
0	1	2	4	5	7	9	10	
0	2	5	7	9	10	12	
0	1	4	7	9	12	14	
0	1	3	5	7	9	11	
2	5	7	8	11	12	13	
1	4	7	8	10	12	13	14	
3	4	5	7	8	12	14	
0	1	4	5	8	10	11	14	
0	1	3	4	6	10	14	
3	4	6	8	10	12	14	
5	6	8	9	10	12	13	
0	4	5	7	11	13	14	
0	2	3	5	6	7	13	
1	2	4	5	9	10	14	
1	3	4	6	7	11	13	14	
1	2	3	6	7	10	13	14	
3	4	5	8	9	10	12	14	
1	3	4	8	9	10	12	13	
1	2	4	6	7	9	12	14	
2	3	5	6	7	11	12	14	
0	2	7	8	10	12	13	14	
0	1	4	5	7	8	12	13	
0	1	4	5	6	10	11	12	
3	4	6	7	8	11	13	14	
0	1	4	6	9	12	13	
1	2	3	5	6	10	11	14	
0	1	3	4	6	9	11	14	
0	1	6	8	10	13	14	
0	2	3	5	6	7	13	14	
2	4	5	8	10	12	13	
0	1	2	5	6	7	11	13	
2	5	6	8	12	13	14	
1	2	5	6	7	9	10	11	
0	1	3	6	7	9	11	12	
3	4	7	10	12	13	14	
1	3	4	7	8	12	13	14	
3	6	7	8	11	12	13	
1	2	5	8	9	11	12	
1	2	3	4	7	10	14	
2	3	7	9	10	11	14	
0	1	4	5	6	8	10	14	
0	1	2	4	6	9	12	
1	2	6	10	11	12	13	14	
0	2	4	6	7	10	11	14	
1	2	6	8	10	13	14	
0	1	4	6	8	9	11	
0	1	4	5	7	10	11	
0	1	2	3	4	5	6	7	
1	2	3	4	7	12	13	14	
0	1	2	3	6	9	11	12	
1	3	4	5	6	7	8	
0	2	5	7	8	10	12	13	
1	2	3	6	7	8	9	14	
0	3	4	6	9	12	14	
0	1	3	6	9	12	14	
0	1	4	5	8	11	13	14	
1	2	3	5	10	11	13	
0	2	5	6	9	10	11	13	
1	2	3	9	10	11	13	
2	3	7	9	10	12	14	
1	3	6	8	11	12	14	
0	2	3	6	10	11	13	
0	1	2	6	7	10	13	
3	6	7	10	12	13	14	
2	3	4	6	7	8	9	13	
2	3	7	10	11	12	13	14	
3	5	6	8	10	12	13	
0	4	7	10	11	13	14	
0	3	4	5	7	8	9	13	
3	4	7	8	11	12	13	
3	4	8	9	11	12	14	
3	4	5	7	8	11	12	
1	3	5	7	9	11	13	
2	3	7	8	9	10	13	
0	1	3	4	9	10	12	13	
2	3	4	6	8	11	13	14	
2	5	6	7	9	10	12	
0	2	3	7	8	12	13	
0	4	5	6	7	8	13	14	
1	2	5	7	8	11	13	
3	5	7	8	9	11	12	13	
1	2	5	8	9	10	11	13	
0	1	2	3	4	6	9	11	
5	6	7	8	10	12	13	
1	2	3	5	6	7	9	12	
0	2	3	4	6	7	13	
1	2	3	8	10	11	12	13	
3	6	7	8	10	11	14	
2	3	5	8	9	10	12	13	
3	4	6	9	10	11	13	
1	3	4	5	8	11	12	
3	6	9	10	11	12	13	14	
1	2	4	5	6	11	13	
2	3	6	8	9	10	11	
0	1	3	6	10	11	12	14	
0	1	3	5	8	12	13	14	
1	6	8	10	11	12	13	
1	2	3	7	10	11	12	14	
1	3	4	8	9	13	14	
0	2	5	7	8	9	14	
2	3	5	6	7	12	14	
0	1	7	9	10	11	12	14	
0	1	3	5	6	7	9	12	
0	1	2	4	7	8	13	14	
0	1	2	6	8	11	13	
0	1	3	8	9	10	11	12	
3	4	6	7	9	10	11	14	
0	1	2	5	7	8	10	12	
3	4	5	6	7	8	12	13	
2	3	4	5	6	10	13	14	
0	1	2	6	7	8	9	14	
0	1	3	4	6	10	13	
1	2	4	6	7	8	14	
1	2	3	5	11	12	13	14	
107	80.7323	60.125	47.2123	37.6309	32.7665	32	
102	72.4455	59.703	51.0891	43.4554	37.3366	33	
101	88.2167	77.4388	67.2613	57.0973	47.7929	40.8896	34	
116	91.7879	73.7276	56.6803	46.9708	37.6565	34	
113	90.4564	72.6113	58.076	44.2813	36.8748	35.4629	35	
114	98.8724	84.3697	69.9633	55.6048	46.8231	38.7465	32	
121	96.0751	78.0173	61.8671	48.2601	36.6879	33	
122	97.7526	77.2634	59.3075	46.2233	37.8161	33	
108	89.8676	71.9302	54.9482	39.5064	34.8076	32	
101	81.5022	69.3776	57.9697	46.6438	40.4791	34.8059	32	
123	94.5085	69.8771	50.025	37.7093	34.37	31.4595	31	
120	96.8864	75.7419	62.7317	52.6517	44.4705	39.243	35	
104	85.6658	67.5722	49.6951	39.9746	36.3174	33.1895	31	
113	91.8539	71.672	56.7176	44.0985	36.3856	36	
115	85.6433	62.6513	46.9376	39.3243	36.5531	35	
111	90.779	72.4434	56.5525	42.2155	39.5014	36.9323	36	
108	86.6629	70.5	57.9836	46.1817	40.022	34.503	33	
105	85.0046	67.4895	55.1799	44.2483	35.9501	32	
110	83.9725	58.7429	46.2519	33.9534	32.0825	32	
116	99.2704	83.9602	70.492	58.1561	47.7972	37.6918	31	
118	101.471	86.1193	72.9228	61.1036	50.6618	40.2867	32	
102	84.3006	71.4558	58.8134	49.3872	40.143	35.3085	31	
122	94.901	73.4198	57.0323	47.6307	40.1792	34.6488	32	
105	76.1016	60.4231	45.1495	40.3475	35.8927	33.1446	33	
117	97.0028	77.1198	60.1622	50.8378	41.7191	35.8685	35	
115	92.3544	75.6483	62.5058	49.8688	41.7052	34.2494	32	
105	85.2829	66.3141	53.1767	42.9	37.9708	35	
103	86.0119	69.2851	55.9085	45.8106	36.4969	35	
111	86.5625	67.6097	56.251	45.1194	39.3103	36	
115	94.7937	78.7905	62.8656	51.8227	41.2496	33	
105	88.9433	73.5624	60.2248	48.126	38.1831	34	
111	91.5367	75.0564	58.9185	47.3774	38.4771	33.8069	33	
122	97.4758	74.5127	54.6718	45.3053	39.4134	34	
122	98.0033	75.8497	62.2251	52.5396	45.4201	38.3729	34	
102	85.5236	73.6561	62.9599	52.4941	42.7773	35	
108	78.7648	61.4223	44.4412	35.8603	33.3312	33.1204	33	
104	84.1509	69.6046	57.1422	45.6908	34.5695	31.0825	31	
116	90.2524	72.4333	56.1999	46.4975	38.4346	34.43	34	
110	92.0632	74.1925	56.8286	41.0293	36.8646	34	
120	91.9825	63.965	47.5974	39.1568	32.0963	32	
112	92.6609	78.3316	65.0305	56.2579	47.726	40.0472	36	
103	88.3654	73.8953	60.5612	53.1533	47.0789	41.3007	36	
120	98.2779	77.7548	60.1038	47.8067	40.3337	34.701	33	
103	84.9412	69.3333	55.2353	41.7843	37.7255	34	
108	89.6922	73.1318	58.3387	49.4628	41.3216	36	
114	89.0713	67.5686	51.1909	40.9688	34.5904	32	
110	94.8713	79.8121	64.9268	52.9282	43.5727	38.0081	33	
119	103.05	87.412	73.9544	60.9536	48.0567	35.2845	33	
120	94.0227	73.5128	54.6944	46.871	41.7058	36.9634	35	
116	93.265	70.8763	54.4424	43.8712	35.3543	33	
109	94.3018	79.7996	65.3953	52.3433	43.0933	34	
102	77.5637	65.6341	54.1856	44.4368	37.9589	32.0903	31	
109	85.9305	64.003	49.6384	40.9842	33.9796	32	
101	87.1164	74.0836	62.8094	51.8471	42.927	34.4607	33	
113	95.5399	79.6227	66.1859	53.9404	42.0855	37.1639	34	
104	89.9677	75.9643	63.7856	53.6776	44.8586	36.2133	31	
105	69.2174	54.1511	43.9724	38.0983	34.9595	33.121	32	
113	96.2811	81.8861	69.1463	56.4566	43.9007	33.3009	33	
121	91.024	67.5237	46.9152	41.2947	37.4255	36	
115	95.2848	78.9792	66.6629	55.2049	45.4401	36	
112	91.6545	74.3356	64.9755	55.9798	47.6286	39.7818	33	
114	97.7554	84.1613	70.8663	57.9562	45.8582	35	
114	93.5748	79.0366	66.6717	54.6234	44.3897	36.899	35	
101	78.5822	64.0081	52.3538	42.4811	34.86	31	
123	95.4312	68.4629	50.4745	35.06	32.2002	32	
111	88.6009	67.7887	51.554	37.0282	34.2207	33	
101	69.6588	55.5299	46.9823	40.9326	37.8102	35	
111	87.5708	64.1659	50.5658	39.6906	33.9975	33	
118	88.4656	65.8733	50.8219	39.9297	32.5985	32	
102	87.6644	73.5599	61.9373	50.7924	40.7267	31	
120	101.937	84.3883	71.3335	58.5569	48.0489	39.5312	36	
118	96.7558	79.1535	61.6679	49.972	40.7039	34.0739	33	
118	102.698	87.8035	73.0338	59.5783	49.2521	39.0822	36	
114	89.6945	71.3198	58.8758	48.0468	39.945	36	
115	94.1122	74.6142	57.5533	46.0298	39.0601	33.6083	31	
110	84.9905	61.6556	51.3925	41.9397	33.3511	33	
103	90.1706	77.5922	65.711	54.053	43.6221	38.5461	34	
104	86.1456	71.9052	59.4628	48.0094	36.7537	33.8049	31	
103	81.5703	63.8088	51.453	45.082	39.5476	35	
111	87.4099	68.5148	53.825	39.9129	34.2962	33	
101	82.898	66.8163	51.3878	43.3265	35.7551	33	
111	90.5713	70.9519	57.4348	45.2738	39.9151	36	
111	92.16	76.7641	62.5367	48.7399	38.3051	35.6195	34	
108	85.5402	64.1037	47.553	40.8765	35.6069	32	
116	73.2393	61.1663	50.1033	41.4935	38.3189	36.3468	35	
111	92.0537	73.1075	54.3087	43.9399	35.5943	32.3066	31	
101	80.6891	66.4045	54.7704	43.499	35.7429	31.7533	31	
118	97.5274	77.1907	57.9864	44.7381	37.1514	35	
116	99.343	82.7966	69.5485	56.9636	45.5764	38.3904	35	
113	93.1486	74.5975	58.3653	42.935	38.6006	36.1517	36	
108	85.9871	65.9663	46.5605	40.7314	36.8699	33.5987	32	
116	91.0614	68.445	56.3291	48.8071	41.6638	35	
120	98.145	79.4433	63.531	52.8582	45.5085	39.7597	36	
103	85.5044	70.834	57.7079	47.9687	41.739	37.352	33	
109	84.8546	68.8351	53.711	43.0977	37.393	36	
116	96.8627	82.5594	69.8874	57.3149	45.6177	38.7943	34	
114	88.6281	63.7658	49.9845	40.1007	33.452	32	
114	86.5037	70.4199	57.9727	46.7376	35.7983	35	
123	99.2333	80.8929	62.9732	51.4474	44.086	38.1128	35	
117	91.1516	71.8439	52.7361	40.2261	33.5141	33	
103	76.4904	58.0902	46.1217	39.8578	36.2505	32.8109	32	
116	92.9624	73.9079	55.1764	46.3489	38.9209	33	
106	86.5484	70.095	54.5289	44.6952	35.5331	31.6716	31	
115	95.0769	77.6729	65.2305	53.3479	42.8394	34.4427	32	
103	75.0649	60.4958	46.9627	39.7115	35.4344	35	
111	93.8002	77.7934	62.6813	51.0491	41.5245	32.0398	32	
110	91.1665	72.6995	55.7906	42.2726	36.0864	31	
117	95.0662	79.1777	66.3119	54.2212	44.3006	35	
107	71.8473	53.8511	40.7099	34.4678	32.4236	31	
109	88.1288	72.4861	57.4269	45.3276	38.9107	36.6204	35	
103	84.105	71.5981	59.3991	48.2776	38.1952	34.9241	33	
110	88.013	72.9331	60.1851	48.281	38.0426	35.1777	35	
103	82.6615	64.7749	52.7353	45.0966	38.5267	34	
106	81.6439	60.4174	51.3009	43.0824	36.1702	35	
105	86.9654	70.9603	55.4395	44.8078	38.6041	33	
122	94.0177	66.4572	50.4833	39.7966	36.0562	36	
122	100.398	81.9829	67.2154	54.6675	43.5479	32.6262	31	
105	87.183	70.6339	56.4649	43.1633	37.0909	35	
117	95.3368	74.6845	57.1104	49.1849	41.6958	37.1932	34	
118	86.911	62.6624	46.3192	33.5395	31.6554	31	
122	93.567	75.7574	61.8013	48.3312	38.2981	35	
115	88.5855	71.8058	59.6811	50.6146	42.7119	38.0298	36	
109	90.7849	73.9929	58.3394	43.6431	34.3804	32	
106	88.181	72.2854	59.4745	49.1496	39.3873	33	
106	87.4127	71.0378	58.1421	47.2885	42.3155	37.6261	36	
111	91.9515	76.7166	62.0715	49.7263	38.3444	34	
119	92.9564	74.972	57.2039	45.602	39.1384	34	
122	105.883	89.7838	74.1853	58.8977	43.731	32.6756	31	
115	94.0005	75.6539	58.8767	48.489	40.4554	35	
121	80.3715	58.9697	51.5313	44.5279	39.1339	35.393	32	
109	83.9461	63.1218	50.7834	40.3847	36.2899	34.1347	34	
120	92.1637	70.648	58.531	47.0035	37.7684	36	
122	104.276	87.4507	72.9603	59.4879	46.4944	34	
103	83.3469	67.7003	54.1835	43.2605	33.455	32	
117	94.0639	71.3152	54.1867	41.5545	32.7761	32	
106	91.0424	77.6098	64.9474	53.5173	43.4891	34.0154	34	
109	85.8264	64.6637	53.6041	44.5064	35.4086	32	
107	93.484	81.7328	70.0909	59.3931	50.6241	43.2094	36	
107	84.9606	63.5049	50.6899	40.0059	34.6639	33	
118	86.2326	54.6887	39.6192	36.7777	34.1596	34	
108	82.2604	69.1349	57.0747	46.9749	40.5826	37.3012	35	
113	90.5868	72.562	54.9091	44.7438	36.2397	35	
108	70.9027	57.7351	47.4795	40.558	36.4642	36	
106	86.6587	67.568	50.3153	41.125	33.9399	33	
115	93.0522	78.7325	65.4176	52.9935	41.0489	31.1599	31	
112	85.2019	66.7217	53.2638	46.5152	42.8271	39.3743	36	
110	80.4461	55.5157	36.8406	35.0577	34.0907	34	
103	84.6153	68.189	53.1216	42.8901	37.7144	33.2381	31	
119	97.4329	77.5578	61.6309	47.8526	37.4585	33	
103	73.9863	60.4946	48.0836	42.4511	38.456	36	
106	84.0966	68.3058	53.3122	38.9388	34.2215	34	
122	84.0244	60.4201	47.5169	43.306	39.5972	36.3521	35	
110	90.1938	71.9768	55.5279	45.8532	39.1783	33	
107	80.4135	64.2932	53.7068	46.7594	40.6241	35.2105	31	
101	71.7513	57.0873	43.7708	37.826	33.7438	32	
109	84.8571	67.2143	56.2857	45.5	34.9286	32	
112	91.0227	75.9968	63.461	52.1282	42.737	34	
111	93.4968	77.2484	62.3835	50.5431	38.7671	37.1905	36	
112	96.1334	82.5977	69.4282	56.2921	46.8354	39.3933	33	
120	98.5648	77.6233	61.9301	47.7699	41.9239	36.5976	36	
122	90.5618	72.0772	55.912	45.8846	38.8191	36	
110	81.8238	56.6019	46.7863	39.2261	34.9059	33	
110	87.7233	73.4025	60.1887	49.4193	39.3187	33	
110	85.1484	62.4755	41.3732	35.6733	33.4186	32	
106	86.223	70.905	55.7936	44.7283	36.1817	31.5161	31	
115	94.4215	76.1221	57.8891	46.3828	38.2399	32	
117	98.4083	81.4827	66.2988	54.8636	43.807	37.5214	34	
116	93.247	71.8217	55.1865	44.8773	38.9938	36	
104	86.1435	68.6316	57.5311	50.622	45.0335	40.3062	36	
121	87.782	56.1603	46.0047	40.9439	37.3776	35.951	35	
123	101.657	82.5882	63.9543	48.95	39.518	33	
116	92.9785	70.5828	53.7301	39.7384	37.6821	36.0728	35	
114	90.2197	73.9297	62.8253	52.3494	42.7902	33.4928	32	
118	85.9799	73.09	60.6093	50.1405	41.3085	37.8644	35	
106	83.2142	68.1195	56.7266	45.6212	34.9471	33.2579	32	
109	91.8036	75.0336	58.7183	43.8811	33.0801	32	
108	94.1624	80.598	67.868	55.6558	46.5074	39.3728	35	
116	96.8689	78.4886	62.5541	50.1311	39.6695	31	
121	97.6283	77.8141	63.2775	51.945	41.5785	33.5209	31	
116	88.9023	70.0808	57.3628	46.8496	36.688	31	
103	88.6893	75.2397	64.5374	54.1837	44.3835	35.6699	32	
114	96.3815	79.6685	64.1061	51.4676	42.2245	36.5277	34	
115	90.8458	71.219	58.6892	46.4041	36.297	35	
105	89.9754	75.8964	62.0236	51.1248	44.3861	38.6272	35	
106	90.4291	75.435	63.1146	51.9476	40.8505	34.8913	34	
105	85.1607	68.7404	52.4944	41.475	32.7422	31.196	31	
114	97.085	81.7282	68.4837	55.8104	45.5091	39.3802	35	
116	97.6348	81.6547	66.1913	51.2248	40.2335	36	
103	84.5555	68.9801	53.9285	39.059	34.4593	32	
103	88.1502	76.0232	64.0335	52.1354	40.9694	35.0432	32	
114	98.625	84.75	71.0312	57.375	48.1406	40.8438	34	
114	91.5924	71.2243	56.6938	46.293	38.0081	35.3824	35	
107	77.7028	53.3881	42.958	36.6469	32.2622	31	
111	87.6579	65.7715	54.1506	43.5337	38.0119	35	
101	83.9889	68.2029	56.0321	45.8495	37.4143	34	
103	85.7453	68.8118	52.9745	42.5423	34.4347	34	
106	90.8212	75.6957	63.1579	54.3814	46.5919	39.2826	32	
104	86.493	72.893	60.2419	50.5674	41.3395	36	
113	94.9385	80.3209	65.8529	52.4144	44.7406	37.8155	36	
105	85.8009	69.7445	54.1112	45.6902	37.5512	36	
111	88.5198	69.6335	52.8291	40.8331	37.3136	36	
103	83.5642	67.7644	52.6698	42.7536	33.212	32	
121	104.178	87.7084	72.1477	59.3626	48.3103	38.6374	31	
101	81.0058	65.4119	50.0817	40.9768	37.1848	33.5956	31	
106	86.9193	71.6499	57.3822	43.5786	36.5914	33	
116	94.1994	72.7204	52.1832	41.3863	37.7567	35	
102	83.6708	69.9984	56.6013	44.3053	36.2304	31	
107	88.2293	72.6585	58.161	49.2829	41.2439	36.7756	35	
105	87.66	71.326	58.449	49.1571	40.3956	32	
112	79.2668	65.6216	56.1926	47.4152	39.3661	34.115	34	
111	92.2821	74.9777	63.6699	52.6619	44.5665	40.1548	36	
120	98.8107	78.5855	61.8311	49.7688	38.4136	34	
114	93.5525	73.6131	56.0694	45.4706	38.5257	33.8796	31	
108	86.8956	66.9248	50.0654	34.6531	33.1577	32	
108	87.6	71.2444	55.8667	46.1556	39.8444	34.1333	33	
111	94.1765	77.8445	65.8824	55.5315	47.1471	39.4727	33	
120	90.3646	61.9171	39.0028	35.4703	32.6568	31	
115	97.6663	81.7256	65.8235	51.7206	41.2739	34	
110	93.3814	77.2973	62.5619	50.4988	42.5331	35	
103	83.2274	63.835	46.9354	39.8798	37.6617	36.2463	35	
111	90.1109	71.763	58.5739	46.0455	36.5921	34	
122	101.493	82.3131	65.0632	52.1317	40.6479	33	
121	101.103	82.013	65.465	53.1945	41.4617	33.7132	31	
119	99.3497	82.6023	66.3015	53.6547	41.1093	31	
113	90.6451	68.853	57.1915	46.4305	35.9622	32.4052	32	
116	96.8293	79.1119	62.3989	51.7343	42.6726	37.928	35	
105	85.2409	65.6831	53.8397	43.0235	37.263	34	
111	89.7718	72.4947	56.3398	42.8267	36.0701	36	
103	77.6867	56.0583	46.419	37.8744	33.0948	32	
108	86.2465	64.8469	47.7763	40.6703	35.443	34	
112	93.548	75.6707	60.9644	51.0468	42.7679	37.1918	36	
102	73.6459	59.9768	50.1675	41.0257	33.5091	32	
111	91.0302	73.9965	58.1895	45.5199	40.0297	34.7406	31	
122	103.584	86.8049	71.5849	59.4049	47.7122	36.9354	36	
108	93.2544	78.5238	63.8686	51.5203	41.3883	35.0407	31	
113	91.0596	70.0831	57.7051	46.0374	38.3519	33	
115	93.0233	71.3605	54.1244	45.114	38.6465	34	
118	88.1824	61.4659	50.0954	42.3826	35.942	34.3517	33	
112	96.7291	81.9179	67.3038	53.4286	43.4122	33.7734	32	
123	100.57	79.8711	60.9964	47.2672	34.6138	33	
123	95.7668	70.5027	50.0854	35.6358	34.6059	34	
120	91.0592	71.6574	57.1429	42.7166	35.9746	32	
119	91.7087	72.3689	55.2427	38.7282	35.3495	32	
107	90.3713	75.4159	61.4954	50.0244	39.0019	35	
108	91.2763	75.5274	61.1122	52.3057	45.0041	38.301	33	
118	95.903	75.1716	57.3955	41.6119	35.2537	34	
108	85.7667	70.3202	58.9847	47.9167	37.7488	35.4865	35	
122	101.364	82.0881	63.1263	51.4059	43.9342	37.2578	31	
110	93.0795	77.4933	62.2305	50.9704	43.7534	38.5782	35	
118	94.0986	71.9647	55.7871	42.722	37.1117	33	
101	84.8584	69.3278	54.3293	43.6076	37.4979	36	
122	82.9498	62.3661	45.311	35.5093	33.7841	33	
103	76.3402	55.8049	40.0973	36.8549	34.1168	33	
105	83.2488	66.2877	53.3981	41.5754	37.7869	35.9145	35	
102	88.3154	75.6456	63.2294	52.6031	44.2599	38.4676	34	
111	87.0131	63.4231	48.5943	39.6347	35.6652	33	
101	83.6501	70.0523	58.5696	47.9935	38.8275	36.6116	35	
116	89.0371	68.8295	58.3602	49.3238	40.4629	34.3802	34	
106	89.2427	73.0291	58.1165	43.4369	35.1456	32	
102	78.858	58.0121	39.8852	35.2931	32.6949	32	
116	90.8244	70.684	53.1908	43.4321	35.8794	32.9725	31	
121	99.6128	78.4641	60.3956	48.2704	40.3315	33.629	33	
113	89.1431	66.7573	53.0267	41.0615	37.0894	35.0053	34	
114	89.2734	68.4806	53.333	39.5648	36.0908	33.9451	33	
111	94.8932	78.8048	65.3916	52.913	43.7327	38.4188	36	
120	93.8579	68.4192	46.4973	39.3854	33.6021	32	
115	97.4433	81.9725	68.9863	56.7076	46.2062	39.8039	34	
110	94.0498	80.746	68.533	56.928	46.1634	36.1141	31	
108	91.1991	75.0056	61.6029	48.333	36.5818	34	
104	83.736	69.0462	56.5737	45.1483	35.663	34	
110	89.5963	70.5269	53.2771	43.8638	35.712	32.5095	32	
122	100.449	82.7649	67.9651	55.155	43.9098	33	
110	83.3823	65.7951	50.9115	41.6301	36.8919	36	
113	92.7715	72.8886	59.2524	47.5034	40.353	34	
117	88.806	62.0235	41.162	35.5852	35.241	35	
122	99.9473	85.842	71.9923	59.4671	47.0116	36.694	32	
111	96.0282	82.1057	68.1832	54.8862	43.6675	36.1412	36	
109	93.9215	79.5146	65.7473	52.5237	40.0515	34.1673	33	
105	86.0955	68.2457	51.4769	43.5934	39.5331	36	
104	82.2712	65.98	50.5187	40.3858	33.9436	32	
101	82.3615	66.3991	50.9061	42.0798	34.5915	31.3756	31	
103	79.1348	60.0958	48.0788	42.4322	37.4131	35.6757	35	
122	101.484	83.1335	65.3985	50.9689	40.2778	34.0774	31	
123	99.0881	75.8999	60.0069	44.6639	38.2373	31.9264	31	
107	85.1915	68.2266	51.5659	37.0861	33.4598	31	
108	91.6036	75.2073	61.7585	51.2073	42.1465	37.8255	36	
121	100.628	83.3562	68.5302	53.857	41.8695	32	
107	88.8457	71.8735	58.9892	49.5714	40.3339	33	
121	88.3676	65.8835	53.9063	46.4833	40.1002	34.5061	33	
123	96.6691	77.7662	59.9017	46.4035	39.002	32	
102	88.2472	77.5955	67.6629	57.9551	48.4569	40.5468	34	
108	85.0757	65.2455	54.9085	44.6183	37.7504	34	
102	85.1923	70.8126	56.8846	45.2529	40.9427	36.7079	33	
121	100.478	80.6	60.9511	49.536	41.9675	37.1228	36	
113	96.4286	80.1238	64.4857	50.7333	39.1905	35	
101	79.0981	63.7333	49.8098	38.1253	34.7796	32.2831	32	
112	92.59	74.1406	59.0929	45.5859	34.1201	34	
113	90.5411	70.059	54.745	43.7894	37.4543	33.2387	31	
111	90.6429	74.7067	61.382	49.8874	40.0379	35.6786	35	
106	83.7868	61.768	47.7936	39.3846	31.802	31	
117	90.9768	75.0617	61.1898	49.6031	42.8284	36.1613	36	
113	87.3824	65.4706	46.7353	38.2353	35.4118	33	
121	86.1052	52.1223	45.9822	40.5109	35.9515	32	
118	95.51	78.2602	63.8667	53.6787	44.0755	38.1382	34	
121	95.6142	78.8319	64.7582	53.1806	42.0012	36.5045	36	
105	83.3306	64.2748	47.9277	40.3481	36.9979	36	
105	88.9293	73.5221	58.6309	45.6933	38.3398	32	
116	100.087	84.6245	70.1406	57.8575	48.2079	41.0035	36	
106	84.8611	67.8691	55.833	43.9487	36.8182	33	
111	91.4675	77.3004	65.1227	53.9297	44.706	35.9244	35	
101	85.2569	72.2897	60.8293	51.0543	42.7664	36.8379	32	
123	96.8824	79.8054	65.9864	53.905	44.1584	35.362	33	
108	84.1215	68.4537	53.7472	41.9249	37.8195	34	
118	92.9199	71.7686	54.2502	37.5391	34.1485	31	
112	92.7651	75.8409	60.0111	45.7421	37.1077	32	
113	90.7405	70.3064	58.8233	48.4297	39.8026	33.7372	32	
103	83.5987	66.3886	55.9908	46.0312	38.2229	35.9122	34	
116	95.2702	76.3898	61.9278	52.295	42.919	36.3173	31	
122	98.2412	76.9529	58.4647	47.6765	37.5882	31	
112	93.6255	76.9302	60.5707	46.2022	39.7495	36.943	35	
117	94.5019	72.0847	50.4228	41.7365	34.9385	31	
118	97.7696	80.4421	67.5826	55.9932	47.2615	38.7338	31	
112	94.1005	77.4796	64.3802	53.8603	45.4489	37.2842	33	
116	90.0942	65.2534	49.8088	42.5811	36.3043	36	
116	88.7132	66.8776	48.0601	42.3317	37.5889	33	
108	86.7833	67.7346	56.7974	47.2487	38.0654	32.2923	32	
103	81.7672	63.7372	51.3066	41.8997	33.4782	32	
103	85.0235	68.076	52.1575	46.6553	41.2792	37.0371	35	
104	84.6544	68.2559	59.1813	50.3401	42.491	36.5386	34	
112	86.2361	65.4993	47.7299	42.6679	38.5834	36	
119	98.8788	80.4583	62.7085	47.2104	39.7608	37.6289	36	
117	101.221	85.9608	70.9758	56.979	45.9144	36	
121	86.5085	66.3227	52.1487	41.968	38.4135	36	
107	92.792	78.6931	64.8278	53.2215	42.8147	35.9133	33	
119	98.7167	78.6628	62.3801	46.8619	37.6121	33.7644	33	
111	91.1251	72.1573	55.9712	46.9408	39.3013	34	
104	84.7895	67.8011	52.9935	38.3727	33.5337	31	
101	83.9863	67.8613	52.9766	42.1649	36.5739	36	
105	83.1839	66.2469	50.0868	37.0656	32.8391	32.404	32	
119	100.281	82.3405	65.4833	48.7953	38.9111	36	
114	97.8368	81.7125	69.9398	59.2356	49.7941	40.5663	34	
113	92.2538	71.8991	57.0245	47.8746	40.2905	34.2966	33	
109	83.4461	60.8442	41.871	36.1821	34.0603	32	
115	99.7897	85.771	72.1028	59.3458	46.8458	36.729	35	
117	90.7597	74.3704	61.4951	49.4839	41.5341	36.0325	32	
102	82.8436	64.5623	48.7879	43.6795	39.3279	36.3717	35	
103	87.7334	73.592	60.3134	47.5974	36.8133	34	
113	85.6841	72.7139	60.3333	49.8618	40.2324	34	
111	83.7883	60.8761	47.0067	39.6004	33.3869	32	
115	93.1575	73.732	60.2147	47.3465	40.4088	36	
119	101.114	83.5246	67.6609	52.7806	38.1971	32.3711	32	
110	92.9702	76.3488	63.6071	52.5602	43.7185	38.0215	36	
113	93.0881	74.696	61.0837	49.8062	40.9956	34.4758	33	
106	84.0379	63.8067	53.264	45.3288	40.5633	37.6635	36	
120	97.1148	75.2306	60.1911	47.1538	35.7694	34	
101	83.4	67.2423	51.9975	45.6622	41.2805	38.0307	35	
112	91.4894	74.7217	59.0019	45.5064	35.0266	34	
122	103.827	87.5905	72.2007	57.1737	44.3972	37.6702	33	
117	91.8692	71.5451	52.9714	40.5692	37.6912	36	
117	97.3634	77.8692	59.0465	46.8983	38.7587	33	
104	86.9208	73.1197	61.1252	51.7382	44.493	38.8496	36	
115	92.0524	69.2931	49.0757	37.9667	34.0361	31	
119	99.8839	81.2987	67.1046	55.2795	43.5362	36.0613	36	
120	99.8719	80.3821	62.2144	49.4491	40.7186	36	
105	89.3182	75.3115	63.6214	52.4837	44.6785	38.9938	36	
105	87.6422	74.3855	62.5858	50.8221	41.7025	33.2484	31	
110	87.0277	68.5342	54.8716	43.9768	37.8123	34.34	32	
108	91.244	74.7741	59.4145	48.4457	40.2191	34.2805	31	
112	94.0416	76.9054	60.375	44.1476	37.2455	34	
110	94.0718	78.6353	65.5978	54.3301	43.9276	35	
101	72.838	55.338	43.7037	37.2546	32.1343	31	
116	86.7613	61.0434	46.8935	37.6391	31.5365	31	
102	83.81	66.4128	49.5754	40.0839	37.2854	35	
115	96.1707	77.6594	59.5723	48.4613	39.2586	34	
111	94.4636	78.6359	62.8419	51.6714	44.2131	37.5142	35	
119	96.1832	76.7015	60.417	47.5365	37.3932	34.7021	33	
110	91.9272	74.9404	58.4864	42.4627	34.8811	34	
113	90.1072	77.3941	65.8325	55.745	46.3483	37.965	32	
123	101.968	82.8343	68.8558	56.1341	46.9006	38.8726	36	
123	101.297	80.9677	63.4562	49.461	35.7452	35	
117	95.7206	77.2009	60.1637	47.5512	37.7212	34.4369	33	
102	84.2871	72.6387	63.6449	54.6512	46.5499	40.4854	36	
110	86.9052	69.7615	54.1466	41.3161	36.3204	34	
103	78.7704	62.8052	48.4991	37.073	32.8157	31	
111	83.5192	64.6446	50.1623	43.9895	37.9354	32.7716	32	
123	102.984	83.6023	67.2438	52.765	42.7568	36	
123	102.381	87.1797	73.0057	59.4993	46.224	36.03	33	
110	85.4945	70.735	59.3008	50.2711	41.8042	35	
118	97.4484	82.5174	67.6937	53.5136	43.6025	35.1931	35	
121	100.323	81.7257	65.5348	52.978	41.3988	35.7344	32	
113	94.0324	77.5542	63.8422	50.4068	42.9778	35.8056	33	
120	102.81	88.0692	73.6675	60.3813	48.8082	42.1152	36	
120	84.1096	66.4755	51.6941	40.5431	31.5705	31	
104	87.7862	72.0364	56.5186	44.0167	37.8817	36	
104	85.7279	71.207	57.8268	44.64	37.0605	33	
111	92.8805	78.1515	64.6082	52.2135	40.2265	33.4085	31	
122	99.1092	82.2936	66.6315	51.4308	39.0498	34	
111	94.5294	79.8603	67.7647	58.5184	50.136	42.6912	36	
112	89.4682	73.4647	59.932	49.0288	39.6443	34.2267	34	
111	92.9515	74.9401	62.4007	51.0114	43.9627	38.1196	33	
118	95.6494	76.4676	59.0999	47.2473	40.813	35.6366	33	
105	80.1834	59.2012	48.3639	37.6598	35.2101	33	
101	84.1175	67.322	52.0059	36.742	33.8702	33.4351	33	
101	84.4879	68.7848	53.6527	43.5884	34.0476	34	
109	93.03	78.1857	64.0753	50.6665	37.6001	34.5008	33	
121	99.2626	80.3736	65.7821	53.4893	42.1708	36.5741	35	
118	92.5196	70.2065	56.9431	44.6978	36.2137	33.3009	32	
121	91.8902	75.9194	61.2657	49.9709	40.1908	34	
104	87.9816	75.4714	64.2023	55.0843	46.9924	39.1983	32	
102	88.6941	75.6822	63.1408	52.2314	42.9098	34	
118	91.551	75.0545	60.4394	50.1871	41.189	34.3995	32	
123	102.056	81.3824	61.9537	48.4239	36.7883	34.8671	33	
120	99.0893	78.5109	59.7882	46.1062	36.3017	35	
118	95.6037	78.6221	66.341	54.5207	44.5207	38.3456	33	
113	82.1442	65.4293	52.8079	44.683	37.5816	36.062	36	
113	96.2662	81.2662	68.1948	55.2987	42.987	37.8052	35	
119	92.2367	69.8177	57.863	50.1574	43.9422	37.7271	35	
123	101.105	82.1491	63.4136	47.5435	42.3514	37.3797	34	
102	82.1623	66.3318	57.1867	48.8151	41.257	36	
107	83.0353	60.2636	47.327	41.3623	38.2077	35.053	35	
117	95.0102	75.5446	59.1238	46.6585	39.8143	36.0149	35	
102	88.2723	74.6093	64.362	55.5556	47.1052	39.1567	36	
122	100.419	79.3089	60.6257	42.1545	33.3901	32	
105	83.2812	70.7164	58.5477	49.9658	41.4059	33	
113	93.4594	74.9857	61.3132	51.1378	41.9108	35.6278	33	
109	87.3032	68.5779	57.6824	47.8953	38.1789	32	
107	88.8049	72.9681	58.3918	44.5066	34.7484	33	
118	91.7956	69.1892	50.8175	37.4447	32.9234	32	
116	96.8825	80.1268	64.4152	55.018	46.0435	38.0883	36	
101	82.8462	67.7213	53.4367	42.2982	34.13	32	
117	96.7053	81.0231	65.672	53.3249	41.1433	34	
113	67.2205	52.3321	43.9763	37.0891	35.266	34	
110	92.2749	75.4665	61.3382	50.9005	40.9801	32.0705	32	
118	98.4243	80.7448	63.2988	46.1736	35.3793	35	
101	84.7464	70.5374	58.0786	48.3749	39.2777	32	
114	95.8997	78.2613	64.3463	51.4369	39.8864	36.3533	36	
106	86.9597	70.0817	56.1869	44.5945	35.665	32.0611	31	
118	93.4092	73.3641	54.8027	38.5457	34.1578	34	
120	98.9604	79.1584	63.6139	48.2673	37.6238	35	
101	82.6321	69.6258	56.85	44.4092	36.5342	34	
111	83.5303	59.0954	47.6132	40.605	35.1298	31	
107	86.3428	69.1324	53.6572	38.7212	36.2826	34.0317	33	
111	84.4761	62.5272	53.0122	44.2271	38.5574	33	
117	93.2283	73.9396	58.5441	47.661	39.1374	32	
116	84.1247	67.35	56.8781	46.8002	40.0049	36.6894	36	
122	87.2706	58.6471	46.0824	40.9294	36.5176	35.0353	35	
102	83.2546	65.7097	48.8178	37.5916	33.0632	33	
116	94.4555	72.9726	55.5582	45.387	37.8973	35.0925	35	
117	100.119	84.4217	69.7394	55.3278	41.948	33	
114	91.9784	73.145	58.8662	47.8213	38.4615	35	
106	82.4669	65.0787	51.5814	38.9159	33.254	31.0537	31	
113	89.5714	67.7663	49.7811	43.4146	38.7352	34.6289	31	
102	88.067	75.774	64.9784	56.8496	48.9775	41.79	36	
106	91.0721	77.2684	63.8083	53.1121	42.6344	33	
104	82.0328	67.3355	53.5195	42.0324	33.9127	33	
103	86.4943	70.7427	55.1922	44.4007	39.0217	35	
105	83.5121	63.1198	51.1682	40.5114	35.1332	31	
123	94.1524	68.2645	52.7531	41.0572	35.1379	32.7845	32	
120	89	63.2222	43.1852	38.1481	35.4444	34	
110	88.7614	70.1745	52.5632	40.3053	32.5754	32	
115	87.9363	66.464	48.3664	36.7866	35.5294	35	
122	103.03	84.7251	66.4202	52.1876	43.0755	36.7253	31	
112	93.4279	76.0214	59.897	49.0957	41.6357	34.3507	32	
110	91.0554	72.71	58.5361	44.9844	33.9449	33	
121	99.2828	80.0732	62.2594	47.8522	40.5895	36	
117	96.2138	77.4667	59.9256	48.2388	38.4377	33	
116	97.176	79.6452	62.8534	46.1026	35.2434	32	
115	93.5192	73.5773	59.9648	47.2844	36.8583	33.6069	33	
122	96.833	73.2279	54.6031	43.3163	33.4145	32	
112	94.3623	79.6809	66.158	52.755	39.4119	33	
108	84.1714	62.3886	49.3431	41.7853	35.6717	33	
115	94.1942	76.4326	62.891	50.6511	39.3349	31.3149	31	
105	83.2824	66.5765	54.3454	46.2013	41.4282	36.8937	34	
110	88.6301	67.8341	56.4869	45.4487	36.9272	36	
116	93.8256	76.2942	59.0296	47.4487	39.8972	36.9352	34	
107	88.9284	72.4736	58.1472	49.7766	41.7948	35.9824	35	
112	85.5711	71.5476	57.8414	47.8472	40.5182	34.141	31	
111	92.8806	76.2263	62.0757	49.1306	41.3783	36	
108	90.2764	74.1932	59.4294	48.5884	40.5825	38.1932	36	
114	95.6694	78.4081	61.4523	50.8249	43.2744	36.9896	34	
108	90.3477	73.1664	57.5103	44.7028	40.5308	37.6822	36	
113	94.366	78.6585	65.1309	53.6639	42.6149	35.0597	35	
107	78.1402	58.6913	42.1701	39.0929	36.7328	35	
106	87.0454	68.7118	59.1425	50.7463	43.0633	38.1176	34	
106	91.0045	76.1381	61.9541	48.01	36.0025	32	
105	84.4128	67.9431	52.2	42.578	36.8972	34.5633	33	
108	83.1786	59.25	50.4107	42.6429	36.5714	33	
106	88.0243	70.3798	53.4753	38.4598	35.6943	34	
115	94.7534	75.8674	60.764	50.8856	42.504	37.3334	36	
117	98.1278	80.9207	67.7841	55.1564	43.0837	34.4802	33	
106	88.9768	73.5827	63.5032	54.0142	45.8081	37.8667	33	
103	85.4082	73.0846	60.8539	51.5242	44.2369	38.6669	35	
117	89.0863	70.8065	53.1443	42.6458	34.3088	34	
118	101.592	87.227	75.8455	64.8931	54.6763	45.3382	36	
108	78.9741	62.1078	51.0948	44.2457	37.7586	32.0862	31	
111	87.8489	68.3419	50.3355	41.8414	38.4116	36.3483	36	
120	104.237	88.7852	74.9062	61.9778	50.0173	38.7481	36	
103	83.6749	70.6859	58.3304	47.0839	36.3577	35	
120	102.075	86.1811	70.4083	57.8947	48.1775	41.0556	35	
118	90.6334	66.9246	52.4266	45.4104	40.356	36	
106	88.2698	71.7664	55.6391	44.9535	39.6304	35	
109	86.3882	64.9059	49.2824	36.9765	32.7412	31.4471	31	
117	97.5499	79.7848	68.9043	58.4811	49.1894	40.8364	34	
115	96.9504	79.824	67.1817	55.5757	44.7799	36.6029	36	
114	90.911	68.6427	53.5145	41.0672	34.3102	31	
105	91.5566	79.1371	68.1105	58.3259	48.8769	39.7804	33	
110	82.8408	62.1769	48.5542	37.9204	33.1783	32	
104	91.1696	78.6494	66.5046	55.4209	48.0916	40.9255	35	
104	82.624	61.5741	45.3519	39.6762	34.4138	32	
110	86.1872	67.6023	51.213	40.0516	36.3398	36	
102	82.9339	69.6906	57.1785	46.4538	39.927	36	
113	93.5109	74.2586	60.9437	47.6683	39.1665	31.4142	31	
105	85.7155	69.0871	57.4137	47.5929	40.0264	35.1606	34	
118	98.1552	83.5317	70.4285	57.4054	44.9224	35	
104	89.6135	75.5494	64.771	54.269	46.6535	39.7597	35	
101	79.0153	63.2784	51.1341	40.9813	35.1239	32	
112	92.6691	74.5767	60.1995	49.7891	39.4947	32.1997	31	
106	84.0715	68.1214	52.4549	40.7109	35.8195	34.1181	34	
102	74.7501	60.2043	48.703	39.1938	32.8417	31	
112	92.0919	74.4094	58.3808	43.7611	34.8382	33.0413	32	
114	97.2522	81.6632	68.3368	56.2519	44.4705	38.7315	36	
108	87.636	67.5794	53.7728	42.6047	36.9949	32	
119	97.6307	77.3612	63.0431	49.7385	37.9003	31	
113	94.1288	77.3073	65.0978	55.807	47.0955	39.2529	36	
104	83.572	68.3337	56.3771	46.7101	40.8844	36	
106	84.884	64.5274	46.9161	39.7606	37.3365	35.2629	35	
111	90.3117	72.0118	53.96	42.7318	36.1563	32	
122	101.573	82.1828	64.8465	52.5684	43.4247	36.6156	34	
115	97.5523	81.3571	66.1675	53.4125	41.5748	38.2229	36	
109	88.2176	72.3811	56.5684	47.699	39.7808	36	
102	74.8667	60.5802	46.7284	41.1877	36.0543	36	
107	85.1045	68.8924	56.0766	47.8573	40.8834	35.3133	34	
114	95.6863	78.584	61.724	50.6389	41.3911	36.0808	36	
104	76.7213	63.0958	53.6267	44.3503	36.23	31	
114	91.703	72.2559	54.0627	42.6178	34.9803	34	
110	87.5926	67.6384	55.2967	44.9275	39.5154	36	
110	88.1991	73.2236	59.73	49.5817	43.6768	38.6476	34	
109	83.835	62.7666	48.8046	39.5523	34.8147	32	
107	83.138	60.4707	45.8349	37.8699	32.9913	31.1659	31	
117	86.9303	67.2477	55.8312	45.2569	37.6771	32.5927	32	
107	86.1421	72.1293	58.2778	49.4046	42.9052	37.2356	35	
121	102.883	85.449	71.0384	56.9692	43.5827	37.6819	34	
106	91.5689	77.9162	66.6587	56.3443	46.5389	37.6018	36	
101	73.5377	58.9461	44.8364	37.7471	33.6175	32	
107	94.7224	83.062	71.9005	60.7784	49.9059	42.3423	36	
123	95.3113	70.9336	46.8156	40.291	35.0974	35	
103	86.4836	71.4301	59.4791	48.9734	39.1023	36	
117	90.4593	68.5478	49.4139	40.2069	35.3206	31	
118	93.6818	69.5153	52.5103	39.1238	36.4921	34.1387	33	
117	94.4284	72.4501	59.3486	46.5081	35.1867	34	
115	74.2677	61.5118	53.2096	46.6804	40.8429	36	
103	85.4553	69.2493	56.96	47.3084	39.3953	36.0982	34	
103	76.5108	63.7452	51.6841	40.3558	32.7472	31	
115	93.364	76.391	60.133	47.9161	36.9427	32	
122	101.904	84.8039	69.5873	55.7404	44.8469	35.4302	31	
115	97.938	81.0675	65.6072	51.296	37.0196	35	
116	91.8786	74.7294	57.678	46.7182	38.8898	35	
101	79.7886	61.1141	46.7617	40.6309	35.7919	31	
107	81.3118	64.7825	50.9087	44.8931	39.582	34.4336	34	
122	96.5543	78.2826	64.3153	51.3728	41.8563	36	
118	94.8489	77.3709	61.9932	50.2366	41.2562	33	
111	86.4433	67.4987	53.7119	45.3101	40.6388	37.5247	36	
115	94.8965	79.2422	65.6682	52.3002	40.8272	33.2266	33	
122	98.6841	79.8059	62.8296	49.258	38.1284	34.9585	32	
112	91.6262	74.8276	59.7115	45.8047	37.2346	35	
104	78.7885	61.2561	47.027	39.9124	37.1174	35	
105	87.019	70.2248	56.0737	48.0542	42.7318	37.4454	35	
107	85.0569	69.4584	54.4141	44.911	37.9014	32	
123	101.313	82.3807	66.1373	53.0819	41.7614	33	
111	86.5627	66.2026	50.8805	43.2715	39.7656	36.5713	36	
119	96.265	75.1679	54.1818	38.6087	36.9154	35.6107	35	
120	102.837	86.052	69.4391	56.8849	44.5198	34.786	32	
119	101.474	84.0274	69.1092	54.2105	41.1546	33.9405	31	
113	94.845	77.0706	60.1692	43.3797	36.5296	34	
122	101.091	80.3284	65.4741	51.2693	40.6681	33	
112	86.2221	65.8804	48.134	38.6996	34.2455	34	
117	92.113	75.5973	59.7631	48.9257	43.4746	38.5751	34	
115	93.0543	72.878	57.2728	44.764	37.2685	34	
111	93.199	76.6359	60.6425	51.074	41.6234	35.2771	34	
118	98.9988	81.1401	65.1855	50.2531	41.1734	35.5412	35	
118	94.9571	75.3237	61.01	49.518	38.1141	33	
120	95.0918	72.5095	59.1722	48.5435	39.2397	36.2366	35	
117	86.7792	63.2094	42.9498	36.3294	34.9808	34.2452	34	
102	85.3733	71.9321	59.1337	50.3313	42.3393	34.8224	32	
108	88.7502	72.5154	60.2749	48.1117	41.592	36	
119	88.9884	74.396	63.1416	53.3815	43.6214	36.3092	31	
114	92.2965	73.1914	55.5892	45.7818	39.4389	36	
122	100.889	82.7396	67.8303	53.2248	38.6445	31	
103	80.5906	59.8511	48.3626	41.5496	35.8721	33	
118	98.9321	80.1071	64.3387	54.5618	47.5581	40.8783	36	
102	83.0199	66.5835	56.4085	48.4643	41.0483	36	
116	92.4798	73.1952	59.9109	50.3809	41.8456	34.2408	31	
101	83.0472	67.437	52.8278	40.5824	35.7056	32	
122	79.9885	58.3075	45.1039	36.5515	33.6257	31	
106	84.2736	69.7226	56.3047	43.8197	36.6442	36	
119	99.7078	81.2969	65.1189	51.5849	38.7561	33.9771	31	
108	88.5295	71.1902	57.0475	48.4504	40.5799	33	
116	96.8291	79.5108	63.2195	49.6469	42.0953	35.9533	34	
123	95.1184	72.5639	60.0717	47.7975	41.3801	35.3053	33	
101	84.2771	70.6498	58.0823	45.7841	38.7349	35.9926	35	
121	91.703	75.2815	58.8599	45.9845	38.9467	34.2002	33	
110	91.7809	75.1817	59.7396	46.8852	37.0814	33	
123	100.006	77.695	57.0101	42.6673	39.1873	36	
111	94.0545	77.2909	64.0909	55.7091	48.2	41.3091	35	
121	99.7312	80.2853	63.878	52.2307	41.7229	36.7349	32	
110	84.287	64.8955	50.8003	37.5879	34.3417	34	
105	89.0384	74.0526	61.1182	51.3611	42.6048	38.3517	36	
118	97.7251	79.5891	61.6582	47.4482	37.0764	35.4063	34	
101	82.372	70.3616	59.984	50.4659	41.8717	36.4144	31	
123	102.55	83.6719	65.2157	49.0342	36.8394	31	
118	91.2946	70.1909	55.4289	44.3662	36.0868	33.6911	32	
119	96.5221	78.8028	63.0245	47.7157	41.1414	35.8194	32	
114	85.5926	65.0228	46.7051	39.4381	34.2431	31.3303	31	
117	95.2098	74.5885	54.4303	41.6165	37.5804	35	
106	87.7287	70.6771	57.8586	47.862	39.6351	36	
106	87.3247	70.4786	60.6517	52.9731	45.6987	39.5941	34	
101	84.586	68.3402	53.1371	45.0983	39.969	36.2186	36	
119	95.7669	77.6038	62.2893	48.2292	35.9462	32	
101	84.3005	69.2921	54.7593	43.8376	37.5313	32	
121	97.139	73.6213	53.267	43.3842	35.3651	31	
103	82.7897	63.8623	50.9439	42.1441	39.781	37.8005	36	
120	84.2818	63.0873	51.3501	42.4417	36.3197	31	
105	79.9783	60.2483	41.0439	37.7498	34.5607	34	
118	96.4738	78.0258	62.3069	49.1859	40.9117	32.943	31	
104	85.228	67.3382	51.0487	41.6319	35.2309	34	
122	94.8336	79.6168	64.7328	50.605	38.4134	33.9361	32	
109	79.8138	64.7257	51.5275	39.859	35.8995	32	
109	87.0167	67.6402	53.6331	43.8671	36.0854	33.3229	32	
121	96.0691	77.943	65.2065	53.1024	44.4307	36	
111	89.7843	68.8447	49.4116	39.7202	36.4311	35	
112	92.256	76.3123	62.7299	50.9239	39.2979	31.045	31	
107	81.1886	59.4829	42.5673	35.916	34.1916	34	
115	95.3906	79.9402	66.3784	52.9372	41.4247	37.7078	36	
108	85.0863	63.346	50.6699	43.078	37.5796	33.3006	31	
122	104.56	89.4943	75.6351	62.842	51.1753	40.454	31	
106	80.7181	58.1314	46.0911	35.8377	32.2344	32	
104	85.6106	67.2997	51.5	42.8939	38.3423	34.2616	34	
115	95.4864	76.9585	61.6292	51.3091	44.0066	38.9773	36	
115	81.6901	55.1306	47.2953	40.0226	35.7233	35	
103	75.7515	52.7079	42.672	38.6912	37.0372	36	
121	92.0444	74.6591	60.226	46.8963	37.4134	33	
113	82.9054	55.7129	44.9874	37.5741	34.041	33	
109	91.2915	73.9505	61.9382	51.6254	41.9788	33.3428	31	
106	91.9387	78.6061	66.1524	54.6419	45.039	37.1295	34	
104	85.8216	70.5526	55.7798	43.939	37.1051	36.203	36	
117	92.2824	71.1405	51.7865	43.1311	36.8311	34.3054	33	
114	97.6545	82.289	69.8111	57.9282	48.3554	40.6726	36	
118	96.1456	74.6332	58.0043	46.6254	39.0557	33.5128	33	
108	95.1902	82.527	71.4765	61.159	50.9698	42.0267	34	
119	98.4196	78.7611	62.7438	49.6074	42.463	36.0792	32	
118	99.2627	83.1098	70.544	59.2482	48.1306	38.3497	32	
122	100.587	80.1261	59.8385	43.822	33.404	33	
103	90.5698	78.4898	66.4734	56.9399	48.059	39.6873	32	
122	102.328	83.2021	66.6426	53.8765	43.2457	36.1812	35	
118	98.8332	80.7487	64.6518	48.6729	41.4903	38.4401	36	
114	95.0905	79.3719	67.0155	56.5221	47.6349	40.4394	35	
104	79.7559	56.5828	46.2295	40.5823	35.9087	35	
112	91.4097	76.6575	61.989	47.7599	37.13	36.5022	36	
113	87.3303	66.9672	50.8238	41.6172	36.4066	35	
105	88.5971	72.4949	56.6405	44.095	38.7513	36.7341	35	
121	103.531	86.1753	68.9316	52.0066	40.6483	36	
121	103.054	86.2763	71.0553	56.0186	43.686	35	
120	98.429	77.6827	61.5587	46.7368	39.0763	34.454	33	
123	98.3469	76.9244	61.8837	48.776	41.4145	34.6355	34	
112	92.9962	79.931	67.5364	55.1609	43.092	36.8659	32	
119	88.3854	70.6878	54.1932	40.4531	36.5906	33.393	32	
111	78.3364	60.9295	52.0213	44.1882	37.2766	34	
110	89.7108	73.5496	60.1944	48.485	37.7738	34.5901	32	
109	82.3878	59.7615	46.5531	35.9629	33.2665	31	
115	98.1621	81.4451	67.8097	56.3092	45.7553	39.6928	35	
101	84.7411	68.9109	53.3667	42.4321	36.0179	36	
104	86.0366	70.9063	58.1163	45.5727	39.6397	35.0205	35	
112	94.0568	76.7227	63.2376	50.9432	44.0484	37.5412	33	
103	84.9186	69.4548	56.8498	46.1941	41.8316	38.2673	35	
117	87.7493	66.5443	54.4936	44.195	37.5796	31	
119	85.3628	63.732	48.2951	38.9567	34.9069	31	
101	85.1574	69.8253	55.4437	42.8928	33.2992	33	
110	84.5319	66.551	52.4273	41.6217	34.5315	33	
113	89.2988	75.5854	62.4533	51.752	45.3841	39.7561	35	
113	95.6979	79.6444	64.4381	51.5061	40.0011	33	
101	83.8048	68.6864	57.176	46.8096	40.5264	35	
107	79.8577	54.2331	41.0997	38.8233	36.6927	35.2335	35	
120	87.8557	70.6155	58.6923	49.2665	41.9756	37.2225	34	
120	101.446	82.9854	65.9818	49.8342	39.7709	36	
104	88.3999	73.5636	59.7201	46.8314	34.1146	34	
112	87.0606	73.6061	61.2727	50	39.7576	33.4848	33	
119	95.4489	76.3779	58.0939	42.5647	34.2098	32	
118	88.8097	68.2028	50.5445	41.1747	37.0796	34	
122	98.7144	75.8819	53.3516	41.0165	36.5356	35	
117	85.2985	62.7976	51.305	43.0729	34.9054	32	
110	86.6081	66.9454	58.1572	49.9166	42.4322	36.5647	35	
121	98.36	77.5519	60.3371	46.9973	39.6464	35.5364	33	
107	89.9627	74.524	59.5708	46.5602	35.4718	31.8094	31	
102	79.9189	64.4865	50.1622	40.3243	35.4595	31	
102	84.2461	66.6435	55.7224	48.3785	41.9243	36	
116	92.3649	72.4213	55.3302	42.5539	36.5372	31.4315	31	
104	88.9039	74.6431	64.0022	54.2564	44.8486	35.8785	32	
102	83.6719	67.8732	56.47	45.9997	39.448	33	
120	104.068	88.1369	72.4988	57.5648	42.8655	39.0807	36	
106	84.4134	70.4246	56.4804	48.8603	43.0503	37.486	34	
118	85.0831	64.3242	54.5022	45.1049	38.9463	33	
120	99.1345	78.4258	57.7396	45.1889	38.8463	36	
113	87.243	66.4123	49.241	41.0494	35.0817	31	
123	97.9534	75.3718	62.1637	49.047	38.3344	33.0695	31	
102	89.6371	77.3913	66.1736	55.1511	44.2978	37.4657	32	
110	89.6165	69.722	52.1837	40.8028	35.4457	31	
110	88.817	69.8611	53.5626	41.7437	35.6191	33.1136	32	
115	96.6955	81.0798	68.1529	56.0274	45.5308	39.0932	34	
121	97.8645	79.3561	61.6426	51.0258	42.169	35.6684	33	
105	79.9021	60.4269	47.3924	39.5205	35.5335	34.1022	34	
121	95.9937	74.3949	54.4059	41.7686	36.8318	36	
107	86.5734	69.3634	55.5109	46.6124	39.921	37.2679	36	
107	87.6746	71.2652	61.0835	52.0386	45.0202	40.473	36	
116	100.672	87.3594	74.062	61.0435	48.49	38.8967	32	
101	82.8775	65.5128	50.3566	37.6471	32.4723	31	
119	97.9649	78.8045	63.2005	51.4561	40.2907	31	
107	89.8249	72.758	60.3633	51.1485	42.323	37.2613	33	
107	85.0476	67.5714	51.7143	44.1429	36.881	32.1667	32	
102	78.9212	62.9119	47.8853	40.055	37.1702	35.5534	34	
114	90.5748	72.449	57.0901	43.1381	33.9931	32	
120	94.7876	70.4189	52.41	41.7345	33.59	32	
110	86.8386	63.6772	47.4537	36.4533	34.8705	34.1583	34	
118	97.2496	80.9202	64.6146	52.4211	40.9168	34	
115	94.9452	75.137	57.3014	42.6507	33.4863	31	
119	96.9224	81.8272	67.1753	54.4076	42.6816	36.0539	31	
111	85.4107	61.5486	47.3058	39.2277	34.365	32	
112	85.8697	68.8329	52.1705	44.7888	38.2897	35	
122	102.183	82.8034	65.3619	53.7342	44.1486	37.022	32	
118	99.8147	81.6811	67.8872	54.2224	41.41	31	
102	82.553	68.8975	59.3017	50.5576	41.9271	36.3059	35	
123	100.955	83.3062	65.9062	50.0469	36.0906	36	
109	84.8762	69.6897	58.3333	48.8249	39.7533	33	
105	90.0503	77.4733	65.9186	55.1163	44.7962	36.598	36	
117	93.8538	78.791	64.2266	50.7662	41.7926	33.8161	32	
111	93.1946	76.3013	60.2408	45.4889	37.3793	35	
121	96.7309	77.6642	65.3655	54.481	46.2734	39.8589	34	
101	86.3399	73.4647	62.0692	51.1619	42.1309	34.1983	34	
102	87.491	73.1771	59.7578	48.8273	39.6371	34.92	31	
107	91.6441	78.1986	66.6635	55.2735	44.9234	40.3287	36	
113	92.9059	73.0794	53.5412	42.0735	37.0706	36.0618	36	
116	93.1419	73.9866	57.6085	42.5121	35.0114	31.3086	31	
110	87.342	67.7617	48.7629	40.2571	35.5558	31	
113	84.7419	64.1329	48.0817	37.1431	32.4664	31	
111	88.1099	71.0474	58.5797	50.1185	41.9935	37.1185	33	
119	93.3604	72.8746	57.3105	44.7613	39.453	36	
109	86.1851	64.9962	49.2787	41.6652	37.7681	34.7743	34	
101	85.2158	73.0668	61.5959	51.1986	42.8733	36.0548	35	
104	86.9327	72.3929	59.4069	48.3224	38.5597	31.1159	31	
122	97.7399	76.0811	56.0057	45.4307	37.5985	33.3007	32	
113	86.3675	65.6469	56.5743	49.726	44.458	39.512	36	
118	99.3579	81.1163	65.4269	51.264	42.9063	36.8758	36	
123	106.858	90.9803	75.2834	60.1795	47.7603	36	
101	76.8156	63.234	51.2837	41.2837	36.5674	36	
101	87.0968	73.9487	60.9339	49.8588	39.5831	36.533	36	
112	90.5223	70.7086	60.1996	50.8729	41.5681	35.4598	35	
104	83.3104	67.2974	53.6436	44.6036	39.7183	36.6076	35	
110	87.5917	65.6577	58.3614	51.0877	44.04	37.1051	32	
112	88.9498	68.5319	50.4142	43.2051	37.6086	35.2134	35	
121	102.891	84.9865	70.5365	57.0338	45.9455	36.1575	33	
111	92.5556	74.981	62.487	51.2978	42.3623	36.056	34	
123	103.94	85.9754	68.2349	57.9664	48.2573	38.9284	33	
118	97.0389	76.7302	56.5066	42.9769	37.2757	33.7586	32	
120	93.9555	72.7516	62.3339	53.6261	45.0498	36.7103	36	
108	88.4847	70.3583	54.8213	40.8617	36.2241	35	
108	89.7346	72.8061	56.2512	43.3927	38.2807	36	
116	97.0835	78.4407	60.2211	50.3895	41.5783	36.1772	31	
105	89.5962	77.0025	65.6595	54.3337	46.075	39.1013	36	
115	96.1593	78.1482	64.8205	51.7337	40.3864	33	
120	83.31	64.0039	50.4645	41.9397	34.1672	34	
103	86.8069	70.9407	55.8489	43.5277	33.2887	31.7228	31	
107	80.244	66.4729	56.009	47.5241	39.744	35.2982	35	
101	86.233	72.27	61.6517	52.9157	45.7698	39.8118	34	
122	94.1474	66.9925	54.4616	42.8796	37.4933	33.6419	33	
121	102.524	84.3587	67.6505	53.7983	43.1906	37.2067	32	
121	94.8368	76.6429	59.4414	47.8935	42.3301	37.2478	34	
110	89.2395	68.6757	54.2308	44.0035	35.4371	35	
121	100.701	84.2378	68.3356	55.8477	44.0614	33	
123	103.31	84.4696	68.5601	55.3595	44.5241	36.4177	31	
112	87.1915	70.8989	56.8232	44.7532	35.6392	33	
106	88.0668	70.6345	53.7032	43.551	37.7403	35.1688	34	
107	84.0055	64.8816	50.0103	41.3014	35.9794	34.426	33	
113	89.5312	71.9688	59.3438	49.3438	40.0938	32	
121	98.6728	80.218	65.0718	53.1362	42.4015	35	
112	90.4944	70.1573	57.5955	45.3258	36.1573	36	
103	73.8949	57.5669	43.189	39.4926	36.2619	36	
112	88.0469	73.0572	58.2954	44.7237	35.1272	31.709	31	
104	83.4004	67.4199	52.4026	42.1356	32.0219	32	
102	89.6232	77.6754	66.1732	54.6874	43.9938	35.4291	35	
104	88.2367	72.7101	59.5503	47.0533	37.4911	32	
109	79.1016	64.6033	50.4656	37.8066	34.5967	32	
104	86.5064	73.2895	60.3434	50.9774	43.1788	37.5863	33	
105	87.0494	73.1683	61.0526	51.8543	43.9567	37.3971	35	
102	87.5184	74.0972	62.5241	52.9202	44.1191	36.5148	35	
122	98.3578	81.4581	65.1082	53.7067	44.0993	35.0707	34	
115	94.5203	78.589	62.8765	51.0557	41.424	36	
119	98.0089	80.5287	65.8177	54.1972	44.2332	38.6208	36	
105	88.5194	73.5822	60.6835	48.547	39.3445	34.8291	33	
108	89.023	71.7906	56.6089	42.5292	33.5916	32	
110	90.741	72.215	53.9739	41.3111	35.6107	35	
116	93.2252	73.5726	54.7913	46.2477	39.2047	32.9604	31	
112	94.4805	79.5151	65.5713	51.7979	45.3084	38.8947	36	
118	98.0113	78.4253	60.2684	45.0706	37.7233	33.4759	31	
107	82.5198	69.4616	57.4103	47.5302	39.3491	34.0629	34	
123	98.664	74.8428	56.3333	43.0813	37.065	33	
119	96.2718	74.7832	55.3609	46.8895	41.0352	35.8238	33	
104	83.8722	65.2589	54.1743	44.4945	36.7463	36	
104	81.5853	64.671	52.1209	44.942	38.0988	35	
108	84.4891	68.8557	53.3439	42.6217	38.221	34.185	31	
119	100.056	81.3313	64.8676	49.244	41.5622	36.541	32	
115	94.25	74.283	56.6433	40.461	37.0896	33.9358	32	
114	92.1187	74.2032	63.8044	54.5124	45.5431	36.8275	33	
116	93.3548	73.6613	55.0806	42.1129	37.0565	34.2016	32	
118	95.9262	76.1416	62.6793	54.2586	46.6009	40.4965	36	
104	83.8368	64.097	49.9405	36.6571	33.4553	32	
112	94.2817	76.7897	64.9524	54.4722	44.1052	36	
110	84.1346	65.4524	51.9661	44.3285	37.1169	33	
105	88.4174	72.1706	57.1261	48.4105	43.5665	38.864	36	
102	81.0852	67.0205	54.9613	47.8769	42.277	38.0837	36	
104	86.7009	72.1368	58.8718	47.5897	38.2222	36	
123	101.242	79.5582	62.8613	51.424	43.088	37.9275	35	
116	88.0084	65.733	54.7858	44.8433	36.7022	34.0346	34	
101	83.3398	67.8621	55.7483	48.0195	40.9514	34.6842	31	
115	88.6031	69.8797	54.3094	45.9662	39.9111	35	
116	100.961	86.857	73.7724	61.3108	49.5007	40.4094	35	
114	93.7373	76.8051	64.678	54.7881	46.3475	38.3136	36	
113	81.2865	64.7168	49.3014	39.6584	35.1764	31.3735	31	
119	91.3844	65.21	45.1757	41.0824	37.2196	35	
108	84.23	66.8022	51.2931	42.8191	35.9439	32	
113	94.3664	77.1506	62.3653	47.6474	37.2504	35.4501	35	
103	86.2872	70.7899	55.5627	42.9184	36.3177	32.0298	31	
109	93.0683	79.5103	67.5012	57.3428	47.3855	38.8162	36	
113	95.1109	79.0513	65.5667	52.3532	42.9343	36	
122	103.023	84.9905	69.1202	54.4256	40.4866	34	
122	98.3737	78.3748	62.4144	50.6134	39.1267	34	
113	93.7513	76.7794	61.6406	47.4185	38.489	35	
114	96.3032	79.7498	64.0019	49.1116	37.6256	33	
102	85.3672	71.5561	59.3971	47.6094	39.1445	33	
119	100.955	85.2792	73.2633	61.7974	51.1777	40.8753	34	
107	86.0998	70.4662	58.9842	49.3288	40.9545	35	
108	90.6226	73.5015	60.0244	47.2614	39.7721	36	
117	94.0731	74.0484	54.5799	44.0838	35.8611	32.9106	31	
112	83.0984	65.341	52.819	44.0628	35.429	32	
114	92.2219	72.8475	54.3419	42.5841	34.5911	31	
122	97.1346	80.1047	67.4985	56.2512	45.4088	38.7298	35	
110	82.901	60.8406	49.9881	41.5257	37.5852	34	
121	102.975	85.5686	69.7084	53.9145	38.8495	36.3093	36	
121	101.779	83.5979	68.3867	54.7666	41.2951	36.649	33	
112	89.8521	68.4516	52.4822	43.4387	34.6692	33	
120	94.8608	75.8097	57.7988	47.9816	40.3713	32.964	32	
108	85.0363	65.3293	48.8792	42.6979	36.8157	31	
112	95.6104	79.9755	65.1896	54.6484	45.074	38.9663	33	
123	103.327	84.0203	65.4012	49.1256	41.9445	35	
111	96.2459	82.9791	72.1515	61.6809	51.7258	42.088	36	
117	100.263	83.6219	68.1387	55.0913	42.7433	33	
105	85.8359	72.1276	60.4824	51.2442	43.4272	36	
109	89.1576	75.0146	63.1514	52.5547	42.338	34	
106	92.7251	79.891	67.1103	54.9572	44.5403	36.8345	32	
109	89.3382	70.2315	54.2843	43.418	33.2989	33	
107	88.8579	73.762	59.9772	47.7154	39.6565	32.3496	31	
114	85.9388	69.3965	54.87	44.695	39.1276	35	
114	82.0361	60.0086	47.4353	39.0424	32.6753	32	
121	90.0501	64.2058	48.0332	39.6615	36.5538	35	
106	82.0619	66.8927	53.3866	46.5832	42.0979	38.7466	36	
112	84.1398	60.0445	44.2633	33.8785	33.4392	33	
113	90.0896	71.457	56.2943	47.4296	41.0366	36.6874	35	
116	93.5775	73.4085	58.6028	45.2845	37.0141	36	
110	92.0352	75.9007	60.6928	48.8744	38.4571	34.3896	31	
112	92.1644	73.6927	61.2695	51.3369	42.1456	35	
112	90.1525	70.8626	55.0387	45.6687	40.1949	35.9401	33	
103	83.0487	63.8347	54.3659	46.6481	41.81	37.5018	34	
103	79.6633	62.59	51.3258	44.4056	40.7182	37.3591	34	
120	101.308	82.9972	67.3197	55.5616	46.0345	36.7888	35	
102	82.9068	65.5457	50.8724	41.1167	36.9158	36	
116	89.1545	66.537	44.8173	39.6046	37.2878	35	
102	82.3208	64.4885	52.4388	45.324	39.5716	35	
114	93.9357	77.0737	63.434	51.4157	40.7148	32	
108	87.5091	70.2774	55.2993	46.5967	38.8303	32	
107	90.9579	76.904	64.2097	52.1951	41.0981	36	
121	94.7388	69.0744	45.7975	40.236	36.7634	35	
123	103.521	84.4276	69.1483	53.9414	40.4	33.931	32	
106	86.1625	70.926	55.8178	43.62	39.1047	35.5523	32	
117	95.0303	80.5782	67.0466	54.9264	43.4813	34.3375	34	
113	92.9075	73.4803	58.5108	44.4061	38.2187	32.3639	31	
117	96.7677	77.4989	59.5548	50.3419	41.4	33	
105	80.9794	57.3711	46.3746	36.134	35.3093	35	
123	103.697	84.8865	66.5413	53.3193	41.8568	35	
122	97.0234	73.0106	54.1748	45.0323	40.406	36.8537	36	
113	93.4724	75.4348	60.0836	49.7216	40.1497	32	
117	100.138	84.4201	69.7858	55.9485	44.6457	36	
113	91.8792	73.6957	61.5035	52.3651	43.6231	36	
109	79.8587	61.8481	50.4376	41.1527	37.9085	35	
111	94.6591	78.6453	62.6487	47.6509	38.5075	34.0822	31	
111	84.5404	65.7662	50.5052	36.3788	34.4026	34	
118	99.1932	80.4621	62.072	48.5114	39.5341	35.8788	33	
108	85.0282	65.3298	51.6567	43.0821	35.3476	35	
121	95.1928	74.9518	58.6145	46.5783	40.0723	34	
118	92.5038	69.1413	58.2195	49.106	40.2817	32	
106	82.3467	65.0052	52.0948	40.1087	35.5821	33	
105	87.7226	71.7903	56.1989	42.502	36.9702	35	
102	80.5593	63.5094	47.8281	37.3358	35.4541	34	
119	99.0652	80.0505	61.4133	50.4904	41.1246	34.6606	34	
105	71	51.3721	39.6047	32.7209	31.4186	31.093	31	
108	90.1178	74.6995	61.6548	51.1827	42.7579	36.9965	36	
120	102.425	85.7449	69.6611	55.3456	46.7179	38.7293	34	
119	94.9424	73.3381	54.3453	42.9496	36.3813	31.7122	31	
116	96.4792	78.1066	64.1205	52.431	43.5203	38.5138	35	
122	102.268	85.6507	69.713	57.7097	46.4454	36.3395	36	
113	94.5844	77.2334	59.9621	45.4852	39.391	36.8096	35	
116	96.4072	77.0032	63.326	50.2362	37.5449	31.4405	31	
112	93.2043	77.5816	63.1268	50.0601	41.0699	35.9358	31	
105	85.3215	67.9816	52.1859	40.1846	32.3089	32	
123	101.136	82.6441	66.9535	52.2266	42.4387	37.1985	35	
107	87.7729	69.2641	55.953	47.6917	39.6628	32.0353	31	
119	84.2785	66.1741	49.3446	40.2499	37.2325	36	
118	101.95	86.0446	70.9483	59.2527	49.9212	41.4191	33	
111	91.755	74.3013	59.7652	46.0992	35.1203	31	
116	100.317	86.5593	74.2567	62.1681	50.7427	40.7295	32	
108	89.4208	71.1407	59.0535	47.18	36.9294	33	
102	86.4367	73.4086	61.8747	51.5495	43.9778	36.7082	31	
108	90.8645	74.4686	59.6573	46.8955	38.9933	35.6127	35	
103	86.9133	72.6233	59.4615	50.4362	42.3929	36	
104	86.0589	72.2411	61.8626	52.4295	43.6802	35.4739	33	
120	84.2871	54.826	43.8074	37.9464	35.4066	34	
106	83.1947	65.9334	53.0283	41.7304	38.4226	36	
116	95.2015	76.0647	59.0604	47.3734	38.0681	33	
120	93.6455	73.3751	59.6475	49.5582	39.6218	31	
108	92.9539	78.2917	65.2416	52.556	41.7897	33.3838	33	
116	78.2296	61.2692	47.091	42.5174	39.0491	36	
108	88.9553	73.9565	59.1365	46.82	38.1694	33.3188	32	
104	88.5415	73.364	59.4337	48.9992	42.078	38.3715	36	
101	78.8783	61.9646	51.1836	41.9602	36.4358	35	
101	80.4242	65.1198	52.7275	42.057	36.828	35	
109	89.604	73.4511	58.639	50.5938	42.7356	36	
101	87.3255	74.6804	63.9551	53.5775	45.5509	37.719	31	
108	77.5971	62.1848	50.731	45.799	41.0293	37.6224	36	
108	89.5109	78.4652	67.5865	58.2823	49.8608	42.2744	36	
117	98.7666	83.2058	67.7242	52.8762	40.384	31	
120	96.6944	74.7597	55.0733	45.0656	39.2803	35.1128	31	
110	87.0308	66.8142	51.9127	39.4473	35.2711	31.4429	31	
120	99.8455	81.6955	66.6613	51.736	38.227	34	
110	89.3975	69.7029	56.6452	45.1225	33.7511	32	
121	91.569	70.1423	57.7972	45.9448	35.6316	34.7389	34	
111	88.5304	66.4443	49.8661	40.111	35.6719	32	
118	95.9606	74.589	55.978	38.4355	33.8495	32.3357	31	
106	77.948	59.2359	46.2963	35.7566	33.3567	33	
103	81.2728	64.1386	51.5526	42.7041	34.0807	33	
112	90.0283	69.8854	55.4706	41.6476	38.1783	36	
111	86.8697	64.1882	51.5435	40.6111	37.4763	35	
103	82.3482	62.2816	51.9139	43.2463	36.3902	36	
105	88.8226	73.9817	60.4595	48.3089	41.6445	36	
117	99.8527	82.7448	65.6762	53.116	42.9969	35.3781	34	
104	86.4439	68.8878	52.926	43.7947	35.8047	33.0689	32	
108	87.4313	67.2645	49.6275	40.7617	35.7495	34	
112	92.2369	73.7645	58.6777	50.3831	42.3001	35	
117	97.5737	78.611	59.7086	42.8416	36.7357	34.3174	32	
123	98.0035	81.5246	67.9434	54.4793	42.4201	32	
116	97.3911	79.004	62.129	46.2823	36.1411	31	
121	97.8325	78.667	61.271	47.2235	36.4701	35	
104	82.5583	63.2555	52.1996	43.7466	36.1699	33	
105	72.7726	54.7499	44.9781	37.3096	31.8413	31	
105	87.6026	72.9825	58.7118	47.0262	36.5808	34.2926	33	
112	95.1427	81.2204	67.3367	57.3343	47.525	39.048	32	
115	86.7133	64.2484	51.434	40.2332	34.9176	34	
111	94.906	79.8485	65.4129	53.2011	41.7996	32	
108	85.6697	65.9462	50.8707	41.9189	36.2871	34.0984	34	
103	84.7469	67.1756	50.2862	41.317	35.5735	34	
110	91.7816	76.3097	65.3431	55.404	46.3146	41.1178	36	
112	78.8832	58.3465	50.2106	42.8274	36.5553	32.7562	31	
115	96.0059	77.2364	63.1031	49.5009	42.6793	36.4705	35	
110	92.4655	78.7086	66.0792	54.7467	45.3029	36	
119	91.0197	73.5355	58.9419	44.601	39.0723	34.8345	32	
108	89.1359	71.2019	56.9882	46.2803	40.199	35	
109	92.3763	78.3087	65.0206	52.7477	46.022	39.5502	35	
115	93.9631	76.0818	58.9176	47.7776	37.8329	32	
107	84.733	68.6948	54.7902	44.6866	39.6104	35.8583	35	
101	84.6255	68.4986	56.2838	45.8847	36.3604	34	
108	91.6917	75.625	60.1105	46.8223	35.674	34	
122	84.3311	61.1233	51.2493	44.7962	39.6649	35.8941	35	
102	78.1384	62.2891	48.2821	36.7315	31.5556	31	
106	92.5562	79.1422	66.3108	54.0321	42.9335	33	
113	94.331	82.046	69.9646	58.1883	46.7682	36.6706	34	
118	94.0578	73.6598	60.9111	48.9017	38.6007	36.051	36	
116	92.6458	72.8716	58.3839	48.7143	39.279	36	
118	97.062	80.8225	66.8133	54.1682	43.5368	36.2616	31	
117	94.4016	73.9941	58.7784	47.7944	41.522	36	
101	84.2236	72.1168	60.3325	49.652	39.413	36	
106	85.0819	67.2807	51.1319	43.0994	37.7234	34	
116	96.0594	80.1299	64.3379	49.8294	39.8362	35.7564	35	
109	78.5665	51.0229	44.9272	39.1023	35.5804	34.6321	34	
108	89.4397	71.7901	57.2194	49.0017	40.784	33.9974	33	
108	88.316	71.5906	56.1533	41.9236	37.8983	35	
101	84.1114	68.646	57.0555	47.6596	38.5552	34.4917	33	
101	80.1376	61.6071	46.3247	37.2052	34.4152	32.6663	32	
121	96.2919	78.8706	62.8452	48.8579	39.5609	35.5685	33	
122	94.3133	75.0351	63.3744	52.0654	43.1001	35.5998	31	
120	100.252	80.8505	63.5027	48.636	35.5997	33.2406	32	
109	91.005	77.2975	64.7649	53.366	44.0078	39.4111	35	
122	92.1057	67.368	55.3128	43.6756	36.0801	35	
110	90.6485	71.4077	59.4871	49.2475	39.4722	36	
119	99.6199	81.2554	67.6724	58.2151	49.3291	42.1356	36	
25.76	12.32	31.36	16.8	30.24	13.44	17.92	15.68	26.88	28	29.12	29.12	28	11.2	33.6	22.4	15.68	28	13.44	26.88	28	16.8	15.68	12.32	25.76	14.56	11.2	20.16	31.36	12.32	29.12	31.36	13.44	15.68	24.64	21.28	22.4	11.2	20.16	25.76	13.44	26.88	15.68	20.16	28	33.6	33.6	24.64	20.16	30.24	25.76	23.52	30.24	31.36	23.52	12.32	22.4	22.4	11.2	33.6	33.6	12.32	14.56	14.56	29.12	28	20.16	30.24	32.48	24.64	11.2	23.52	32.48	11.2	19.04	14.56	26.88	22.4	16.8	24.64	23.52	30.24	23.52	20.16	15.68	29.12	19.04	30.24	14.56	11.2	17.92	19.04	30.24	19.04	21.28	33.6	32.48	29.12	31.36	28	13.44	20.16	15.68	26.88	33.6	23.52	33.6	29.12	20.16	32.48	16.8	15.68	20.16	31.36	14.56	25.76	26.88	30.24	30.24	32.48	11.2	17.92	14.56	31.36	19.04	16.8	25.76	19.04	31.36	23.52	29.12	33.6	17.92	21.28	12.32	23.52	13.44	15.68	31.36	26.88	15.68	19.04	29.12	25.76	31.36	16.8	16.8	32.48	11.2	23.52	21.28	12.32	31.36	26.88	33.6	28	11.2	22.4	31.36	12.32	17.92	21.28	32.48	24.64	14.56	29.12	22.4	22.4	25.76	11.2	32.48	24.64	16.8	28	20.16	33.6	17.92	32.48	17.92	26.88	20.16	12.32	33.6	32.48	11.2	24.64	15.68	24.64	23.52	28	23.52	20.16	21.28	15.68	23.52	26.88	22.4	13.44	23.52	20.16	24.64	13.44	23.52	17.92	30.24	22.4	17.92	19.04	25.76	21.28	14.56	26.88	15.68	29.12	28	24.64	11.2	16.8	20.16	29.12	16.8	31.36	12.32	25.76	28	20.16	30.24	23.52	14.56	16.8	22.4	33.6	13.44	19.04	29.12	12.32	24.64	21.28	19.04	12.32	26.88	22.4	17.92	32.48	13.44	31.36	30.24	12.32	23.52	32.48	29.12	31.36	30.24	29.12	12.32	24.64	31.36	28	31.36	14.56	30.24	17.92	22.4	24.64	25.76	21.28	12.32	13.44	16.8	23.52	23.52	26.88	32.48	25.76	15.68	28	16.8	30.24	28	23.52	30.24	20.16	25.76	31.36	12.32	16.8	23.52	11.2	23.52	28	11.2	24.64	13.44	13.44	29.12	12.32	11.2	24.64	11.2	14.56	29.12	30.24	22.4	15.68	24.64	30.24	30.24	22.4	33.6	16.8	33.6	33.6	23.52	23.52	20.16	21.28	23.52	13.44	16.8	19.04	23.52	15.68	12.32	15.68	29.12	17.92	22.4	11.2	33.6	13.44	28	11.2	19.04	28	29.12	25.76	30.24	11.2	13.44	30.24	14.56	23.52	14.56	26.88	25.76	19.04	12.32	25.76	25.76	22.4	25.76	25.76	28	13.44	26.88	23.52	28	31.36	29.12	17.92	19.04	15.68	19.04	19.04	29.12	26.88	13.44	23.52	17.92	26.88	32.48	11.2	32.48	25.76	24.64	33.6	22.4	26.88	12.32	14.56	15.68	23.52	25.76	29.12	22.4	28	24.64	28	11.2	12.32	14.56	20.16	14.56	12.32	32.48	31.36	20.16	25.76	30.24	16.8	25.76	26.88	11.2	25.76	19.04	29.12	13.44	16.8	19.04	13.44	12.32	19.04	20.16	26.88	26.88	15.68	14.56	20.16	33.6	23.52	30.24	32.48	14.56	21.28	31.36	25.76	13.44	26.88	22.4	28	11.2	19.04	26.88	13.44	12.32	26.88	19.04	22.4	17.92	28	25.76	14.56	23.52	33.6	31.36	32.48	19.04	31.36	30.24	13.44	22.4	30.24	33.6	32.48	14.56	14.56	19.04	32.48	31.36	16.8	12.32	26.88	17.92	15.68	15.68	28	24.64	26.88	29.12	22.4	23.52	11.2	14.56	32.48	22.4	19.04	17.92	29.12	26.88	17.92	25.76	31.36	12.32	31.36	12.32	30.24	23.52	31.36	21.28	29.12	25.76	28	28	21.28	24.64	30.24	16.8	22.4	19.04	28	30.24	22.4	21.28	32.48	16.8	14.56	13.44	24.64	23.52	30.24	17.92	33.6	26.88	21.28	31.36	21.28	19.04	25.76	26.88	24.64	32.48	16.8	17.92	16.8	11.2	20.16	17.92	22.4	12.32	26.88	24.64	19.04	24.64	12.32	24.64	21.28	11.2	30.24	31.36	30.24	24.64	17.92	31.36	23.52	14.56	30.24	20.16	19.04	28	16.8	26.88	25.76	16.8	11.2	11.2	21.28	19.04	23.52	13.44	26.88	30.24	13.44	26.88	30.24	15.68	17.92	17.92	21.28	14.56	24.64	29.12	15.68	22.4	21.28	12.32	19.04	14.56	17.92	14.56	23.52	14.56	19.04	11.2	14.56	15.68	15.68	23.52	13.44	16.8	15.68	28	14.56	21.28	22.4	32.48	24.64	19.04	28	21.28	28	17.92	22.4	15.68	31.36	12.32	14.56	14.56	28	26.88	19.04	25.76	13.44	31.36	15.68	21.28	13.44	30.24	12.32	12.32	29.12	29.12	31.36	30.24	16.8	14.56	16.8	11.2	19.04	15.68	24.64	31.36	11.2	25.76	19.04	22.4	17.92	30.24	24.64	11.2	17.92	33.6	12.32	32.48	17.92	33.6	17.92	16.8	23.52	14.56	22.4	33.6	21.28	28	17.92	32.48	21.28	17.92	28	33.6	25.76	17.92	28	31.36	32.48	16.8	23.52	11.2	16.8	13.44	31.36	32.48	17.92	26.88	15.68	32.48	17.92	29.12	13.44	20.16	23.52	14.56	29.12	11.2	32.48	33.6	32.48	14.56	26.88	24.64	19.04	19.04	33.6	30.24	31.36	23.52	26.88	26.88	14.56	14.56	24.64	32.48	20.16	19.04	26.88	20.16	33.6	17.92	12.32	33.6	24.64	23.52	15.68	15.68	22.4	19.04	12.32	33.6	31.36	28	17.92	32.48	20.16	31.36	26.88	29.12	12.32	31.36	25.76	17.92	33.6	15.68	11.2	29.12	22.4	33.6	17.92	26.88	29.12	13.44	24.64	24.64	13.44	17.92	29.12	24.64	23.52	13.44	17.92	16.8	17.92	25.76	13.44	33.6	19.04	12.32	11.2	19.04	33.6	25.76	13.44	21.28	22.4	24.64	24.64	21.28	29.12	14.56	29.12	33.6	32.48	25.76	15.68	13.44	32.48	13.44	21.28	33.6	33.6	19.04	30.24	21.28	25.76	16.8	14.56	13.44	17.92	33.6	11.2	29.12	26.88	15.68	14.56	19.04	29.12	15.68	17.92	30.24	33.6	22.4	22.4	33.6	23.52	17.92	11.2	25.76	33.6	17.92	23.52	32.48	13.44	28	25.76	28	30.24	16.8	17.92	25.76	23.52	25.76	21.28	29.12	26.88	17.92	12.32	21.28	28	19.04	33.6	16.8	15.68	21.28	29.12	33.6	33.6	24.64	28	29.12	24.64	30.24	33.6	24.64	31.36	28	22.4	23.52	25.76	12.32	20.16	33.6	32.48	29.12	21.28	23.52	11.2	19.04	29.12	30.24	21.28	17.92	23.52	32.48	23.52	29.12	17.92	16.8	32.48	32.48	13.44	20.16	13.44	17.92	28	29.12	25.76	15.68	32.48	23.52	15.68	14.56	29.12	33.6	16.8	25.76	21.28	15.68	11.2	16.8	30.24	25.76	12.32	26.88	24.64	12.32	30.24	20.16	19.04	21.28	21.28	17.92	19.04	11.2	23.52	33.6	30.24	16.8	23.52	32.48	30.24	21.28	26.88	28	31.36	22.4	15.68	17.92	29.12	32.48	24.64	26.88	23.52	14.56	15.68	17.92	13.44	24.64	25.76	11.2	11.2	30.24	33.6	21.28	14.56	16.8	21.28	23.52	23.52	13.44	12.32	11.2	28	16.8	12.32	19.04	13.44	12.32	23.52	12.32	16.8	14.56	24.64	21.28	29.12	28	14.56	28	19.04	22.4	12.32	32.48	30.24	29.12	22.4	31.36	12.32	23.52	16.8	29.12	14.56	16.8	33.6	30.24	21.28	19.04	26.88	26.88	21.28	20.16	23.52	20.16	19.04	28	25.76	21.28	11.2	21.28	32.48	32.48	28	24.64	19.04	19.04	17.92	26.88	21.28	26.88	15.68	19.04	25.76	21.28	22.4	
11.2	12.32	31.36	11.2	28	20.16	30.24	28	26.88	33.6	13.44	21.28	31.36	16.8	19.04	32.48	31.36	12.32	33.6	29.12	33.6	28	16.8	22.4	14.56	33.6	29.12	11.2	23.52	26.88	30.24	22.4	26.88	30.24	15.68	21.28	12.32	17.92	28	29.12	24.64	32.48	12.32	14.56	12.32	16.8	32.48	29.12	33.6	20.16	17.92	23.52	25.76	20.16	24.64	17.92	33.6	30.24	12.32	31.36	32.48	31.36	14.56	33.6	29.12	11.2	21.28	12.32	28	26.88	28	21.28	19.04	32.48	26.88	26.88	14.56	29.12	25.76	31.36	28	21.28	33.6	32.48	30.24	19.04	29.12	21.28	28	25.76	22.4	20.16	19.04	24.64	20.16	11.2	31.36	24.64	11.2	13.44	13.44	20.16	20.16	22.4	21.28	21.28	16.8	20.16	31.36	19.04	14.56	25.76	26.88	17.92	28	32.48	25.76	20.16	25.76	20.16	32.48	23.52	15.68	17.92	29.12	11.2	32.48	31.36	15.68	13.44	33.6	14.56	24.64	26.88	20.16	24.64	29.12	30.24	11.2	21.28	19.04	19.04	21.28	14.56	14.56	29.12	13.44	14.56	21.28	28	29.12	17.92	20.16	12.32	15.68	29.12	23.52	12.32	15.68	23.52	28	26.88	32.48	20.16	32.48	13.44	26.88	15.68	31.36	33.6	24.64	11.2	29.12	20.16	11.2	33.6	26.88	13.44	25.76	29.12	26.88	30.24	21.28	23.52	30.24	32.48	17.92	17.92	23.52	25.76	20.16	16.8	20.16	31.36	16.8	30.24	12.32	28	12.32	19.04	16.8	16.8	29.12	32.48	31.36	13.44	29.12	32.48	12.32	28	25.76	33.6	32.48	14.56	32.48	29.12	21.28	26.88	29.12	29.12	31.36	30.24	25.76	24.64	15.68	33.6	32.48	28	16.8	14.56	24.64	16.8	31.36	31.36	11.2	13.44	13.44	29.12	16.8	23.52	32.48	22.4	22.4	30.24	15.68	21.28	33.6	31.36	26.88	11.2	12.32	28	25.76	23.52	15.68	33.6	32.48	13.44	20.16	32.48	25.76	12.32	14.56	31.36	21.28	24.64	17.92	20.16	28	13.44	30.24	26.88	14.56	32.48	24.64	30.24	30.24	24.64	16.8	22.4	16.8	14.56	26.88	17.92	15.68	24.64	15.68	32.48	16.8	19.04	33.6	22.4	21.28	16.8	13.44	12.32	22.4	17.92	33.6	26.88	23.52	29.12	25.76	16.8	22.4	26.88	24.64	26.88	24.64	19.04	31.36	17.92	22.4	21.28	21.28	20.16	19.04	22.4	21.28	17.92	24.64	22.4	26.88	22.4	26.88	11.2	12.32	12.32	30.24	32.48	12.32	29.12	15.68	17.92	21.28	13.44	29.12	32.48	31.36	33.6	22.4	11.2	30.24	11.2	29.12	12.32	12.32	17.92	26.88	29.12	16.8	28	22.4	30.24	11.2	29.12	14.56	22.4	14.56	15.68	12.32	31.36	30.24	26.88	31.36	15.68	17.92	30.24	30.24	23.52	13.44	13.44	30.24	13.44	28	28	30.24	17.92	12.32	30.24	13.44	13.44	19.04	19.04	12.32	23.52	16.8	11.2	28	29.12	17.92	23.52	30.24	28	29.12	16.8	16.8	14.56	14.56	22.4	16.8	21.28	22.4	28	22.4	22.4	12.32	22.4	21.28	24.64	30.24	32.48	12.32	11.2	19.04	23.52	21.28	12.32	17.92	29.12	33.6	19.04	23.52	11.2	15.68	20.16	12.32	21.28	28	15.68	11.2	13.44	20.16	25.76	22.4	29.12	14.56	25.76	33.6	11.2	33.6	13.44	24.64	33.6	33.6	29.12	32.48	17.92	20.16	19.04	33.6	30.24	25.76	20.16	24.64	33.6	22.4	23.52	26.88	20.16	20.16	20.16	29.12	11.2	24.64	29.12	15.68	31.36	23.52	20.16	26.88	29.12	17.92	11.2	16.8	14.56	19.04	15.68	13.44	25.76	26.88	13.44	12.32	28	31.36	16.8	15.68	19.04	19.04	26.88	26.88	13.44	32.48	17.92	22.4	14.56	31.36	12.32	15.68	22.4	24.64	11.2	24.64	33.6	20.16	32.48	23.52	23.52	14.56	16.8	15.68	25.76	33.6	26.88	12.32	13.44	12.32	30.24	22.4	17.92	31.36	21.28	30.24	11.2	29.12	25.76	32.48	31.36	30.24	31.36	30.24	29.12	32.48	31.36	14.56	17.92	11.2	22.4	21.28	31.36	23.52	23.52	17.92	13.44	12.32	21.28	17.92	23.52	26.88	32.48	13.44	29.12	23.52	31.36	33.6	24.64	24.64	13.44	20.16	22.4	19.04	15.68	21.28	28	24.64	26.88	33.6	23.52	16.8	31.36	21.28	13.44	32.48	16.8	26.88	32.48	30.24	29.12	25.76	17.92	13.44	17.92	22.4	19.04	14.56	14.56	19.04	12.32	20.16	23.52	24.64	20.16	20.16	33.6	28	31.36	24.64	19.04	16.8	29.12	32.48	26.88	25.76	28	16.8	14.56	28	26.88	19.04	30.24	11.2	14.56	13.44	29.12	11.2	26.88	26.88	23.52	23.52	23.52	32.48	16.8	23.52	19.04	25.76	21.28	25.76	31.36	32.48	33.6	31.36	12.32	30.24	29.12	15.68	30.24	24.64	16.8	33.6	22.4	16.8	17.92	17.92	25.76	25.76	25.76	14.56	12.32	14.56	33.6	21.28	32.48	24.64	22.4	30.24	24.64	19.04	14.56	21.28	26.88	22.4	23.52	11.2	17.92	14.56	16.8	32.48	25.76	31.36	15.68	25.76	19.04	12.32	31.36	15.68	28	32.48	15.68	24.64	29.12	14.56	33.6	32.48	32.48	13.44	15.68	30.24	33.6	30.24	12.32	33.6	19.04	22.4	16.8	25.76	23.52	24.64	26.88	24.64	21.28	30.24	32.48	30.24	31.36	13.44	29.12	25.76	33.6	20.16	19.04	28	12.32	12.32	31.36	17.92	11.2	21.28	22.4	17.92	24.64	32.48	26.88	13.44	17.92	30.24	31.36	15.68	22.4	24.64	15.68	26.88	25.76	25.76	22.4	29.12	14.56	25.76	22.4	20.16	28	22.4	15.68	21.28	11.2	19.04	29.12	19.04	11.2	29.12	26.88	24.64	12.32	22.4	16.8	16.8	23.52	25.76	21.28	26.88	14.56	15.68	20.16	22.4	14.56	24.64	20.16	15.68	19.04	13.44	32.48	33.6	28	32.48	30.24	31.36	29.12	25.76	33.6	19.04	22.4	31.36	31.36	31.36	11.2	29.12	22.4	32.48	22.4	15.68	20.16	28	11.2	29.12	33.6	19.04	33.6	29.12	14.56	23.52	25.76	15.68	33.6	11.2	12.32	33.6	12.32	30.24	29.12	31.36	20.16	31.36	13.44	13.44	20.16	21.28	20.16	15.68	11.2	28	19.04	23.52	12.32	13.44	13.44	24.64	26.88	17.92	33.6	26.88	26.88	20.16	28	20.16	12.32	26.88	33.6	24.64	28	13.44	32.48	33.6	24.64	17.92	31.36	11.2	13.44	19.04	12.32	11.2	28	32.48	14.56	15.68	32.48	15.68	33.6	22.4	15.68	33.6	20.16	22.4	20.16	26.88	19.04	17.92	26.88	15.68	30.24	17.92	19.04	30.24	13.44	20.16	13.44	28	20.16	12.32	30.24	16.8	29.12	28	14.56	15.68	25.76	33.6	12.32	20.16	22.4	21.28	19.04	25.76	14.56	32.48	21.28	12.32	25.76	22.4	17.92	13.44	14.56	11.2	30.24	13.44	14.56	15.68	28	26.88	19.04	21.28	15.68	33.6	16.8	13.44	20.16	12.32	22.4	33.6	32.48	11.2	16.8	26.88	31.36	24.64	24.64	30.24	20.16	30.24	24.64	24.64	22.4	31.36	32.48	21.28	14.56	29.12	33.6	28	19.04	33.6	32.48	25.76	24.64	11.2	30.24	12.32	29.12	11.2	26.88	26.88	24.64	31.36	13.44	24.64	21.28	28	16.8	11.2	15.68	30.24	26.88	15.68	11.2	15.68	15.68	13.44	26.88	11.2	15.68	30.24	15.68	30.24	30.24	15.68	14.56	19.04	12.32	11.2	19.04	16.8	31.36	11.2	23.52	24.64	15.68	15.68	32.48	17.92	28	26.88	12.32	24.64	15.68	16.8	16.8	21.28	19.04	12.32	29.12	15.68	23.52	
23.52	29.12	19.04	14.56	33.6	13.44	31.36	33.6	29.12	25.76	12.32	28	33.6	14.56	29.12	
16	12	18	19	19	13	20	15	14	19	12	11	16	14	12	12	11	15	19	13	20	13	14	12	15	14	15	15	15	18	14	12	12	16	15	19	18	11	17	11	15	16	14	14	11	15	15	16	14	20	11	14	19	20	10	15	19	12	16	11	10	10	17	14	16	12	13	18	12	16	11	12	17	19	13	17	11	18	18	19	17	15	18	11	12	11	10	10	12	11	10	11	12	17	18	18	12	12	12	20	11	20	18	16	15	20	11	17	18	10	14	14	13	11	12	15	15	11	18	16	15	13	19	19	14	13	20	12	18	17	18	10	16	13	10	15	10	15	11	20	19	18	19	14	20	15	16	10	11	18	18	12	15	19	12	16	18	19	19	19	16	11	10	16	12	19	10	12	17	12	17	13	13	18	16	11	14	10	15	12	11	12	10	16	20	12	14	11	20	10	19	13	20	12	10	16	20	17	18	13	18	19	12	20	12	14	20	17	11	18	20	18	18	18	20	15	13	12	16	12	13	16	20	17	19	14	15	13	10	20	12	18	17	10	18	19	19	19	19	14	11	15	10	13	10	10	15	13	15	18	19	16	11	19	11	13	17	14	10	17	14	14	17	17	20	20	19	15	17	12	20	14	14	14	11	10	10	18	17	12	10	20	19	13	16	11	15	20	10	15	14	16	14	12	14	20	11	10	15	20	17	19	11	14	10	18	18	17	16	17	11	13	13	11	19	14	20	19	13	17	13	16	19	14	20	10	19	16	11	18	16	11	15	14	15	16	16	18	10	11	11	18	18	11	15	10	12	14	17	10	16	10	19	14	13	18	13	19	17	17	17	11	14	19	13	16	19	13	13	14	11	19	15	19	16	13	15	19	18	13	12	11	11	20	14	12	19	13	10	16	20	10	13	11	15	19	11	15	19	16	14	19	16	11	19	14	13	19	16	10	11	13	17	15	18	14	11	16	17	10	18	12	20	18	15	15	18	10	18	13	15	12	19	20	17	19	16	15	11	16	16	17	20	14	18	18	12	19	12	13	19	11	16	15	20	19	15	10	18	18	10	13	17	12	15	10	10	16	18	18	11	19	20	12	18	12	18	20	12	14	17	12	11	14	19	19	17	13	18	19	19	12	18	19	14	17	19	10	14	11	16	16	16	16	15	12	16	20	13	17	12	14	16	18	18	12	18	17	16	10	15	14	10	15	12	19	20	18	20	20	16	16	14	15	14	14	17	17	18	16	14	10	20	19	18	19	20	19	16	16	15	19	16	12	16	14	16	19	13	15	18	20	15	10	20	10	12	17	20	10	17	18	11	16	15	14	13	16	10	20	17	20	20	20	18	11	16	11	18	20	19	20	16	13	16	17	14	13	19	16	18	11	12	13	16	12	19	12	20	16	20	17	17	17	19	16	19	16	10	16	12	11	12	10	12	18	18	19	11	15	13	16	19	14	10	13	15	18	13	17	18	18	18	19	15	11	13	11	14	19	12	11	15	20	12	19	12	11	19	13	10	20	20	17	17	15	16	14	19	20	14	20	18	20	14	11	18	13	16	11	11	11	20	12	16	13	18	19	10	15	10	10	13	18	10	13	17	14	11	20	10	12	15	14	19	11	12	18	20	18	12	11	19	11	11	15	18	18	10	11	18	20	19	14	19	18	17	16	13	13	20	12	14	16	12	10	16	16	11	19	11	16	13	13	12	11	14	16	15	17	15	20	13	11	11	19	17	11	18	17	13	12	16	10	18	13	17	11	17	18	18	12	15	15	20	18	20	19	11	13	17	18	18	18	13	19	13	18	14	19	19	16	20	11	19	20	18	12	16	13	16	16	13	10	16	15	12	17	20	15	20	11	18	11	10	11	11	10	17	12	15	17	15	17	15	13	19	10	17	20	12	11	19	18	15	18	20	14	20	14	12	17	14	18	16	10	14	10	14	10	13	20	17	15	19	10	16	14	20	18	20	15	17	14	18	11	11	15	17	14	13	14	16	16	15	18	16	11	13	15	13	20	16	12	15	12	12	16	18	11	17	12	19	16	20	10	20	13	17	11	12	14	16	11	13	14	11	14	19	18	11	19	11	12	11	10	20	13	10	14	16	12	18	17	13	17	14	19	13	14	19	17	10	17	17	10	12	18	14	16	16	15	13	18	19	16	20	12	13	14	18	13	17	16	10	10	16	20	14	12	13	12	12	17	17	18	14	14	12	11	20	12	12	16	14	16	14	11	10	17	19	12	10	16	11	11	20	19	14	16	18	15	10	13	15	15	15	19	12	20	
1	1	1	1	1	1	1	1	1	1	1	1	1	1	1	1	1	1	1	1	1	1	1	1	1	1	1	1	1	1	1	1	1	1	1	1	1	1	1	1	1	1	1	1	1	1	1	1	1	1	1	1	1	1	1	1	1	1	1	2	2	2	2	2	2	2	2	2	2	2	2	2	2	2	2	2	2	2	2	2	2	2	2	2	2	2	2	2	2	2	2	2	2	2	2	2	2	2	2	2	2	2	2	2	2	2	2	2	2	2	2	2	2	2	2	2	2	2	2	2	2	2	2	2	2	2	2	2	2	2	2	2	2	2	2	2	2	2	3	3	3	3	3	3	3	3	3	3	3	3	3	3	3	3	3	3	3	3	3	3	3	3	3	3	3	3	3	3	3	3	3	3	3	3	3	3	3	3	3	3	3	3	3	3	3	3	3	3	3	3	3	3	3	3	3	3	3	3	3	3	3	3	3	3	3	3	3	3	4	4	4	4	4	4	4	4	4	4	4	4	4	4	4	4	4	4	4	4	4	4	4	4	4	4	4	4	4	4	4	4	4	4	4	4	4	4	4	4	4	4	4	4	4	4	4	4	4	4	4	4	4	4	4	4	4	4	4	4	4	4	4	4	4	4	4	4	4	4	4	4	4	5	5	5	5	5	5	5	5	5	5	5	5	5	5	5	5	5	5	5	5	5	5	5	5	5	5	5	5	5	5	5	5	5	5	5	5	5	5	5	5	5	5	5	5	5	5	5	5	5	5	5	5	5	5	5	5	5	5	5	5	5	5	5	5	5	5	5	5	6	6	6	6	6	6	6	6	6	6	6	6	6	6	6	6	6	6	6	6	6	6	6	6	6	6	6	6	6	6	6	6	6	6	6	6	6	6	6	6	6	6	6	6	6	6	6	6	6	6	6	6	6	6	6	6	6	6	6	6	6	6	6	6	6	6	6	6	6	6	6	6	6	6	6	6	7	7	7	7	7	7	7	7	7	7	7	7	7	7	7	7	7	7	7	7	7	7	7	7	7	7	7	7	7	7	7	7	7	7	7	7	7	7	7	7	7	7	7	7	7	7	7	7	7	7	7	7	7	7	7	7	7	7	7	7	7	7	7	7	7	7	7	7	8	8	8	8	8	8	8	8	8	8	8	8	8	8	8	8	8	8	8	8	8	8	8	8	8	8	8	8	8	8	8	8	8	8	8	8	8	8	8	8	8	8	8	8	8	8	8	8	8	8	8	8	8	8	8	8	9	9	9	9	9	9	9	9	9	9	9	9	9	9	9	9	9	9	9	9	9	9	9	9	9	9	9	9	9	9	9	9	9	9	9	9	9	9	9	9	9	9	9	9	9	9	9	9	9	9	9	9	9	9	9	9	9	9	9	9	9	10	10	10	10	10	10	10	10	10	10	10	10	10	10	10	10	10	10	10	10	10	10	10	10	10	10	10	10	10	10	10	10	10	10	10	10	10	10	10	10	10	10	10	10	10	10	10	10	10	10	10	10	10	10	10	10	10	10	10	10	11	11	11	11	11	11	11	11	11	11	11	11	11	11	11	11	11	11	11	11	11	11	11	11	11	11	11	11	11	11	11	11	11	11	11	11	11	11	11	11	11	11	11	11	11	11	11	11	11	11	11	11	11	11	11	11	11	11	11	11	11	11	11	11	11	11	11	11	11	12	12	12	12	12	12	12	12	12	12	12	12	12	12	12	12	12	12	12	12	12	12	12	12	12	12	12	12	12	12	12	12	12	12	12	12	12	12	12	12	12	12	12	12	12	12	12	12	12	12	12	12	12	12	12	12	12	12	12	12	12	12	12	12	12	12	13	13	13	13	13	13	13	13	13	13	13	13	13	13	13	13	13	13	13	13	13	13	13	13	13	13	13	13	13	13	13	13	13	13	13	13	13	13	13	13	13	13	13	13	13	13	13	13	13	13	13	13	13	13	13	13	13	13	13	13	13	13	13	13	13	13	14	14	14	14	14	14	14	14	14	14	14	14	14	14	14	14	14	14	14	14	14	14	14	14	14	14	14	14	14	14	14	14	14	14	14	14	14	14	14	14	14	14	14	14	14	14	14	14	14	14	14	14	14	14	14	14	14	14	14	14	14	14	14	14	15	15	15	15	15	15	15	15	15	15	15	15	15	15	15	15	15	15	15	15	15	15	15	15	15	15	15	15	15	15	15	15	15	15	15	15	15	15	15	15	15	15	15	15	15	15	15	15	15	15	15	15	15	15	15	15	15	15	15	15	15	15	15	15	15	
