1000
15	4
1025	17.92
7	8	7	8	7	7	8	8	8	7	8	7	7	7	8	8	8	8	7	8	7	7	7	7	7	7	8	8	8	7	7	8	8	7	7	7	7	7	8	8	7	7	7	7	7	7	7	8	7	8	8	7	7	8	7	8	8	7	8	8	8	8	8	7	7	8	7	7	8	8	8	7	8	7	8	8	7	8	8	7	7	7	7	8	8	7	8	7	8	8	8	8	8	7	7	7	7	8	7	7	7	8	7	7	7	8	7	8	7	7	7	7	8	7	8	7	7	7	8	7	7	8	7	7	7	8	7	8	8	7	8	7	7	8	7	7	8	7	7	7	8	8	7	7	7	7	7	7	7	8	8	8	7	7	8	7	8	7	8	8	8	8	7	8	7	8	8	8	8	8	7	8	7	8	8	8	7	7	7	8	8	7	8	7	8	7	7	7	7	8	8	8	7	8	7	8	7	8	8	7	8	8	7	7	7	8	8	7	7	8	8	8	7	8	8	7	7	7	8	8	7	8	7	8	8	8	8	8	8	7	8	8	8	7	8	7	8	8	8	8	7	8	7	7	8	7	8	8	8	8	8	7	7	8	7	7	7	7	7	8	8	8	8	8	7	7	8	7	8	8	8	8	8	8	8	8	8	7	8	7	8	7	8	8	7	7	8	7	8	7	7	8	7	8	8	7	7	8	8	8	7	8	7	7	8	8	7	8	7	7	8	7	8	8	7	8	8	8	8	7	8	7	8	8	7	8	8	7	7	7	7	7	7	8	8	8	8	7	8	7	8	7	8	7	8	7	7	8	7	7	8	7	8	8	8	7	7	7	8	8	8	8	8	7	8	7	8	7	8	7	7	8	8	8	8	7	7	8	8	7	7	7	7	8	7	7	7	8	7	7	7	8	8	8	8	8	8	8	7	7	8	7	8	7	8	8	7	7	7	8	8	7	8	8	8	8	8	7	8	8	7	7	8	8	7	7	8	7	7	8	8	7	8	8	8	8	8	7	8	7	8	7	7	8	8	7	7	8	8	7	7	7	7	7	7	7	8	8	7	8	8	7	8	8	8	8	7	8	7	8	7	7	7	8	8	7	7	7	8	8	7	7	8	7	8	7	7	7	7	7	7	8	7	8	8	8	7	8	7	7	7	8	7	8	7	8	7	8	8	7	8	8	8	8	7	7	8	8	8	7	8	8	8	7	8	7	8	8	8	8	8	8	7	8	8	7	8	8	7	7	8	7	7	8	7	8	7	7	8	8	8	7	7	7	7	8	7	7	8	8	7	8	7	8	7	8	7	7	7	8	8	7	8	7	7	8	7	8	8	7	8	8	7	7	8	8	7	7	8	7	8	8	7	7	8	7	7	8	8	7	7	7	8	7	8	8	7	8	7	7	8	8	8	8	8	7	7	7	8	7	8	7	8	8	8	7	7	7	7	7	7	8	8	8	7	8	8	7	8	8	8	7	7	7	7	7	7	8	8	8	7	8	8	7	7	7	7	8	7	8	7	7	7	8	7	7	8	8	8	7	7	7	8	8	7	7	8	7	7	7	8	7	8	7	8	7	8	8	8	8	8	7	7	8	8	8	7	8	7	8	8	8	8	8	8	7	7	8	7	7	7	8	8	8	7	7	7	8	8	7	7	7	8	7	7	7	7	8	7	7	7	7	7	7	7	7	8	7	8	8	8	8	7	8	8	8	8	7	7	8	7	7	8	7	7	8	7	7	8	8	8	7	8	7	8	7	7	8	8	8	7	7	7	8	7	8	7	8	7	8	8	8	8	8	7	8	7	8	8	8	8	7	7	8	8	8	8	7	7	8	8	8	7	8	8	7	8	7	8	7	7	8	8	7	8	7	8	7	8	8	8	8	8	7	7	7	8	8	7	8	7	8	7	8	7	7	7	8	8	7	8	8	8	8	8	8	7	8	7	7	7	7	8	8	7	7	8	7	8	7	8	7	7	7	8	8	7	7	7	8	7	7	7	8	8	8	7	7	8	8	7	7	8	7	7	8	7	7	8	7	7	8	7	7	8	8	8	7	8	7	7	7	7	8	7	7	8	8	8	7	8	8	8	7	8	7	8	7	8	7	7	8	7	7	7	7	8	8	8	8	8	8	8	8	8	8	7	8	8	8	7	8	8	8	8	8	8	7	8	7	7	8	7	7	8	7	7	7	7	7	7	7	8	8	7	7	7	8	8	8	7	7	7	8	8	8	7	7	8	8	7	8	7	8	8	7	7	8	8	7	8	8	7	7	7	7	7	7	7	7	
0	1	2	4	8	11	12	
1	3	4	6	9	10	11	14	
1	3	5	6	7	8	14	
0	1	6	8	9	11	13	14	
0	1	2	4	5	7	14	
0	3	4	5	6	7	13	
2	4	5	6	7	8	12	13	
2	3	5	6	8	11	13	14	
1	2	3	4	6	8	10	11	
1	2	3	4	6	7	12	
1	2	3	5	11	12	13	14	
2	3	4	7	9	12	13	
0	2	5	6	8	12	13	
1	4	6	7	9	10	13	
3	4	5	6	9	10	11	13	
1	4	5	7	8	10	11	13	
0	2	3	6	10	11	12	14	
0	3	4	5	6	9	11	12	
3	4	5	10	11	13	14	
2	4	5	7	8	9	12	14	
0	1	5	9	10	11	12	
0	2	3	5	10	12	14	
0	3	4	10	11	12	13	
0	3	4	8	10	11	14	
1	2	7	8	11	12	14	
1	2	4	5	8	9	14	
1	5	6	8	9	10	11	12	
1	2	3	7	8	10	11	12	
0	1	6	7	8	11	12	14	
0	3	6	7	8	10	12	
2	6	9	10	11	12	14	
1	4	7	9	10	11	12	13	
0	4	5	6	8	11	12	14	
0	3	4	7	8	12	13	
2	4	7	8	9	10	13	
0	6	7	8	12	13	14	
0	1	2	6	7	8	12	
1	2	4	7	8	9	11	
2	3	5	6	7	10	11	12	
1	2	5	8	10	12	13	14	
0	1	3	4	6	13	14	
3	4	6	7	10	11	13	
1	5	6	7	8	13	14	
1	4	7	8	9	12	13	
0	1	2	3	8	10	13	
1	3	9	11	12	13	14	
2	3	6	7	9	12	13	
1	2	4	7	8	9	11	12	
0	1	2	3	4	5	11	
2	4	5	6	7	9	12	14	
2	3	4	7	8	10	12	13	
4	5	10	11	12	13	14	
1	2	3	8	9	12	14	
1	3	4	8	9	10	11	12	
0	1	3	4	6	8	12	
1	5	8	9	11	12	13	14	
1	4	5	8	10	12	13	14	
1	3	5	9	10	11	12	
0	1	2	4	5	6	12	14	
2	3	7	8	9	11	13	14	
0	5	7	9	11	12	13	14	
0	1	2	5	7	10	11	12	
5	6	7	8	9	10	11	12	
1	2	3	7	9	12	14	
0	1	6	7	12	13	14	
0	1	3	8	10	12	13	14	
1	2	7	8	9	13	14	
0	1	4	7	8	11	13	
1	2	3	4	8	11	12	13	
1	2	5	6	9	10	12	13	
1	3	5	7	8	9	11	12	
1	4	5	7	8	12	14	
0	3	5	6	7	8	9	13	
1	2	6	7	9	13	14	
0	1	2	7	11	12	13	14	
1	2	5	8	10	11	12	14	
5	6	7	10	11	13	14	
2	4	8	9	11	12	13	14	
1	2	4	5	7	8	10	12	
0	1	2	5	12	13	14	
2	3	6	9	10	12	13	
0	3	4	6	10	11	14	
0	2	4	5	7	9	12	
0	1	3	5	7	11	12	13	
0	4	5	6	9	10	12	13	
4	6	7	8	12	13	14	
0	3	4	6	7	12	13	14	
2	3	4	5	6	10	11	
0	4	5	7	8	11	13	14	
1	3	4	6	8	9	10	13	
0	1	2	3	6	7	10	13	
0	2	6	7	8	11	12	13	
2	4	5	7	8	9	12	13	
2	4	6	9	10	12	13	
0	1	2	3	5	6	11	
0	2	7	8	9	10	12	
0	1	3	7	8	9	14	
0	1	3	6	9	11	12	13	
1	2	4	7	8	12	14	
0	1	3	4	5	8	9	
1	3	6	7	8	9	11	
1	2	3	4	6	8	10	13	
3	4	5	6	10	12	14	
2	3	7	8	12	13	14	
5	6	8	10	11	12	13	
0	5	6	7	8	9	10	11	
2	7	10	11	12	13	14	
0	5	7	8	9	10	12	14	
0	1	2	3	4	6	8	
1	3	4	5	7	8	9	
0	2	3	9	10	11	14	
6	7	8	9	11	12	14	
0	1	2	3	8	9	11	12	
1	2	4	5	9	11	13	
0	6	7	8	9	11	12	13	
1	3	5	9	10	11	13	
2	5	7	8	10	11	12	
1	2	4	7	10	12	13	
0	1	2	5	8	9	10	13	
0	2	3	4	5	8	12	
0	7	9	11	12	13	14	
0	3	5	6	7	8	9	11	
0	1	3	5	7	9	14	
1	3	5	6	8	12	13	
2	4	8	9	11	12	13	
3	4	6	7	9	10	11	13	
0	1	2	3	4	11	12	
0	3	4	5	10	11	12	13	
0	2	4	5	6	9	12	14	
1	6	7	9	11	13	14	
0	1	3	5	10	11	13	14	
0	1	3	4	6	10	12	
0	3	6	8	9	11	14	
4	6	7	8	9	10	13	14	
2	4	7	9	11	13	14	
2	3	6	7	11	13	14	
0	2	3	4	6	7	12	14	
2	3	5	8	11	12	14	
0	1	3	6	7	8	9	
1	2	3	8	9	12	14	
1	4	5	6	8	9	10	12	
1	5	6	9	11	12	13	14	
1	2	3	4	8	11	13	
1	4	7	9	10	12	14	
0	3	4	5	6	12	14	
1	2	3	5	6	12	13	
0	2	6	9	11	12	13	
2	5	7	9	11	12	13	
3	6	7	9	10	12	14	
0	3	6	7	8	10	12	13	
3	4	5	6	9	10	11	14	
1	4	5	6	8	11	12	13	
0	1	4	6	10	12	14	
3	6	7	8	10	11	12	
2	3	5	6	7	10	12	13	
2	4	5	7	9	11	12	
3	4	5	6	8	9	11	13	
0	1	3	5	8	9	10	
1	2	3	5	6	10	13	14	
3	4	6	7	8	11	12	14	
0	2	3	6	8	9	13	14	
1	2	8	9	10	12	13	14	
1	3	6	7	9	10	14	
0	2	8	9	11	12	13	14	
2	3	5	6	7	8	13	
0	1	2	3	6	10	12	13	
0	1	4	6	7	11	12	14	
0	1	2	3	6	7	11	12	
1	2	8	10	11	12	13	14	
2	3	4	6	8	9	10	13	
1	2	6	7	11	12	13	
1	5	6	7	8	10	12	14	
0	2	5	7	8	9	11	
0	2	3	5	7	9	10	12	
0	2	4	5	6	7	8	10	
2	4	6	7	10	12	13	14	
1	3	5	7	8	10	11	
0	1	2	3	10	12	13	
0	4	8	9	10	11	14	
0	3	7	8	9	11	12	14	
1	2	4	5	7	9	10	14	
2	4	6	7	9	12	14	
1	5	6	9	11	12	13	14	
1	4	7	9	12	13	14	
0	2	5	8	9	11	13	14	
1	3	4	8	9	11	14	
1	2	7	8	9	11	13	
1	2	4	5	8	11	13	
0	2	3	4	5	11	13	
0	2	3	5	6	7	9	11	
1	2	3	4	6	8	11	12	
4	5	6	7	8	9	10	11	
0	1	6	8	11	12	13	
0	3	4	5	6	7	8	10	
0	3	4	5	8	10	13	
0	1	2	3	4	11	12	13	
0	1	5	7	8	11	12	
0	1	2	3	4	7	9	10	
3	5	6	7	9	10	11	13	
0	3	6	9	10	13	14	
1	2	3	5	8	9	11	12	
1	3	4	5	7	10	12	13	
1	5	6	8	9	10	11	
0	3	7	8	11	12	14	
0	2	3	7	8	13	14	
1	3	6	8	9	11	12	13	
2	3	4	6	7	8	9	11	
0	4	6	7	9	12	14	
3	5	6	9	10	12	13	
0	4	5	6	8	9	10	12	
0	1	7	9	11	12	13	14	
0	4	5	6	9	11	12	13	
1	3	4	7	9	11	13	
0	1	5	6	9	10	12	14	
1	4	5	6	7	8	10	13	
0	2	4	6	7	12	13	
2	3	5	6	9	10	14	
0	4	5	6	8	12	14	
0	1	2	5	8	11	12	13	
0	1	2	3	4	9	10	14	
0	4	7	8	9	13	14	
0	1	3	5	9	10	13	14	
3	4	5	7	8	9	10	
0	1	2	3	6	8	10	11	
0	3	4	6	8	10	13	14	
0	1	2	3	5	10	11	14	
1	4	5	6	7	9	12	14	
2	3	5	7	8	9	13	14	
2	3	5	7	8	9	11	14	
0	1	2	4	8	10	11	
0	1	2	3	4	5	9	11	
0	1	3	4	9	10	11	12	
0	5	6	7	8	10	11	12	
2	3	4	5	11	12	14	
0	1	4	6	7	9	11	13	
1	2	5	6	8	12	13	
1	2	6	7	9	10	12	14	
3	5	6	7	9	10	11	12	
0	1	2	4	8	9	10	11	
5	6	8	9	10	12	13	14	
4	5	8	9	10	11	14	
0	3	6	8	10	12	13	14	
1	2	3	5	6	9	12	
0	3	5	7	10	12	14	
1	2	3	6	8	9	10	14	
3	5	6	10	11	12	14	
0	2	3	5	6	9	11	14	
1	2	5	7	8	10	13	14	
1	2	3	4	9	10	12	13	
1	4	5	7	8	10	12	13	
1	2	5	7	8	10	11	12	
0	4	7	8	10	11	14	
3	7	8	9	10	11	12	
3	4	5	7	8	9	12	13	
1	5	7	9	12	13	14	
1	3	5	9	10	13	14	
1	2	7	11	12	13	14	
0	1	2	5	10	12	13	
0	2	4	5	6	7	13	
0	2	3	4	5	6	10	11	
0	1	5	8	9	11	12	14	
1	2	5	9	10	12	13	14	
0	2	6	7	8	9	11	13	
0	1	4	5	9	10	12	14	
1	2	3	7	9	10	11	
0	3	5	8	10	13	14	
1	2	3	6	7	8	13	14	
7	8	10	11	12	13	14	
1	6	7	8	9	11	12	13	
0	1	3	5	8	9	12	14	
0	2	3	5	7	9	13	14	
0	2	3	5	6	7	12	14	
0	1	2	3	4	11	12	13	
0	2	5	7	8	9	10	13	
0	1	2	4	5	8	10	12	
0	2	7	8	10	11	12	13	
0	1	4	6	7	9	11	13	
1	3	5	8	11	12	13	
0	7	8	10	11	12	13	14	
3	6	7	8	10	11	14	
0	1	3	6	8	11	12	14	
0	1	2	3	7	10	12	
1	2	5	7	8	9	11	13	
2	3	4	8	9	11	13	14	
0	5	6	7	10	11	14	
2	5	6	8	11	12	14	
0	2	3	7	8	9	12	14	
0	1	2	4	10	11	13	
0	2	3	5	6	8	11	14	
0	1	2	5	9	10	14	
0	1	5	6	8	9	14	
3	4	5	6	7	9	13	14	
0	1	2	5	6	7	10	
3	5	6	8	11	12	13	14	
2	3	5	7	8	9	12	13	
5	8	10	11	12	13	14	
2	3	4	6	9	12	13	
0	1	4	5	6	7	8	12	
0	3	4	6	7	8	10	12	
3	5	7	8	9	11	13	14	
1	2	8	9	10	11	12	
0	2	3	5	8	10	11	14	
1	2	4	8	9	11	13	
2	3	7	8	9	10	11	
2	3	4	5	7	11	12	13	
2	3	5	7	8	10	12	14	
1	2	5	6	9	12	14	
0	1	4	7	8	9	10	11	
2	3	6	7	9	11	14	
3	4	5	8	11	12	14	
0	4	5	6	8	10	11	12	
1	4	8	9	10	12	13	
1	2	3	5	6	9	10	11	
0	3	4	5	7	10	12	13	
0	1	3	4	6	7	13	
1	2	4	5	6	7	9	13	
0	1	3	4	8	11	12	13	
0	3	4	5	7	8	10	14	
1	2	3	4	7	11	12	14	
0	1	2	3	12	13	14	
0	2	4	5	11	12	13	14	
1	4	6	9	11	12	13	
0	2	3	9	10	11	13	14	
2	3	4	5	7	10	12	14	
2	3	5	6	10	12	14	
0	1	2	3	4	5	9	12	
0	1	3	5	6	9	10	14	
0	2	4	5	6	7	12	
0	3	4	8	10	12	14	
1	4	6	7	10	11	14	
0	1	5	8	10	11	12	
2	3	5	7	9	12	14	
2	4	5	9	10	12	13	
0	2	3	4	5	7	11	14	
1	2	4	5	8	9	10	13	
1	2	3	6	9	10	11	14	
0	3	4	6	9	10	12	13	
3	4	6	8	9	10	14	
4	6	7	9	10	12	13	14	
2	4	5	6	7	8	11	
0	2	3	6	10	11	12	13	
5	7	9	10	12	13	14	
2	3	5	6	9	11	12	13	
0	1	7	8	10	11	12	
0	1	2	4	6	9	12	14	
1	3	4	8	9	11	14	
1	3	6	7	9	10	13	
0	1	2	4	9	10	12	14	
0	1	2	3	4	5	12	
0	1	2	6	9	10	12	
0	1	2	7	9	11	12	13	
1	2	3	4	6	7	13	
0	2	3	6	7	9	11	14	
1	2	4	7	8	9	11	13	
2	4	5	6	10	11	12	14	
0	1	6	7	9	10	12	
1	4	7	9	10	12	14	
0	1	4	7	9	10	11	
2	3	4	5	6	7	10	14	
2	4	5	7	8	12	13	14	
0	2	5	6	7	10	11	13	
2	5	6	8	10	11	12	14	
0	1	4	5	6	7	12	13	
1	2	3	8	10	11	14	
3	4	7	10	11	12	13	14	
1	5	7	9	10	11	14	
0	1	4	5	7	10	11	13	
0	4	6	7	9	12	14	
0	1	5	9	10	12	13	14	
3	4	5	8	12	13	14	
0	1	3	7	9	11	13	
1	2	5	6	7	11	13	14	
1	2	3	4	7	10	12	13	
0	1	3	8	9	10	13	14	
0	3	4	5	6	7	9	14	
0	2	3	5	6	11	14	
1	2	7	9	10	11	13	
0	1	2	3	4	6	9	10	
0	1	4	7	8	9	11	14	
0	3	5	7	8	10	12	
3	5	7	8	9	11	13	
0	1	3	7	9	11	14	
4	8	9	10	11	12	14	
1	3	5	7	9	11	13	14	
0	1	3	4	5	6	13	
2	3	4	7	8	10	14	
0	2	4	5	7	13	14	
1	3	4	5	8	9	13	14	
1	2	3	4	5	11	13	
2	5	9	10	11	12	13	
0	1	3	4	6	8	10	
1	2	5	7	9	11	13	14	
0	1	2	3	5	9	10	11	
0	3	4	6	7	8	10	13	
0	3	4	6	7	8	10	11	
2	4	5	8	10	12	13	14	
0	1	8	9	10	12	13	14	
2	3	5	6	7	9	11	14	
3	5	6	7	9	11	13	
0	1	4	5	6	8	14	
3	4	6	9	10	11	12	13	
2	5	10	11	12	13	14	
0	3	4	5	6	11	13	14	
2	3	5	7	8	10	12	
1	3	4	5	6	10	11	12	
0	4	6	7	10	11	13	14	
0	2	3	6	7	13	14	
2	3	5	6	12	13	14	
0	4	5	6	9	12	14	
0	3	4	5	7	8	9	10	
2	3	4	6	7	9	12	13	
0	3	5	8	9	12	13	
1	5	7	8	9	10	12	13	
0	3	4	5	6	7	9	10	
1	2	3	5	7	9	10	11	
1	2	3	7	9	10	12	14	
0	2	3	4	5	6	9	14	
0	3	6	7	8	10	14	
3	4	8	9	10	11	12	13	
0	2	3	5	6	7	10	11	
0	1	2	7	9	13	14	
1	2	3	7	11	13	14	
0	1	2	3	4	9	11	14	
0	3	4	6	7	9	13	14	
5	6	9	10	11	12	14	
0	1	4	6	10	11	13	
1	2	3	6	7	8	9	13	
0	3	4	5	8	10	11	
0	2	4	5	7	8	11	
1	2	3	4	5	6	7	8	
0	2	4	6	7	8	9	10	
0	1	4	6	9	10	14	
2	3	6	7	8	9	13	14	
0	1	2	4	6	8	10	13	
1	5	7	9	11	12	13	14	
0	2	3	4	5	7	10	11	
3	6	7	10	11	12	13	14	
0	1	3	4	6	8	11	
0	5	6	8	9	11	12	14	
0	4	5	6	7	9	11	
1	2	3	4	7	11	13	14	
1	3	5	8	9	10	14	
3	4	7	9	12	13	14	
0	1	3	4	5	8	9	12	
0	2	9	10	11	12	13	14	
1	2	3	5	8	12	14	
0	1	6	7	8	9	14	
1	3	6	8	11	12	13	14	
0	1	2	7	8	9	11	12	
0	4	7	9	12	13	14	
0	6	8	11	12	13	14	
0	1	3	4	5	10	11	
0	3	5	9	10	12	14	
5	7	9	10	11	12	13	
1	4	5	6	9	11	13	
0	1	2	5	6	9	14	
1	2	5	7	9	10	12	14	
0	1	2	4	6	7	10	11	
1	3	4	6	7	8	13	
0	1	3	4	7	8	12	14	
1	2	3	5	7	8	13	14	
1	3	4	6	8	9	12	
0	1	2	3	4	10	11	13	
0	3	4	7	8	11	13	14	
0	1	3	4	6	11	12	14	
0	1	2	3	11	12	13	14	
0	1	2	6	8	10	11	
0	3	7	8	10	11	12	14	
1	4	7	8	10	11	14	
1	2	5	6	8	9	10	11	
0	2	4	6	7	8	14	
0	2	4	6	8	9	10	
3	4	6	7	9	10	14	
0	2	4	6	10	12	13	14	
2	3	4	5	6	8	11	13	
4	6	10	11	12	13	14	
2	4	6	8	9	10	12	
0	2	5	6	7	8	12	
1	2	4	5	6	8	11	12	
0	4	6	8	9	11	12	13	
4	6	8	9	11	13	14	
0	7	8	10	11	13	14	
0	1	2	3	4	5	8	12	
0	1	2	5	7	9	14	
2	4	6	8	11	12	13	14	
0	4	5	6	7	10	12	
0	1	6	7	11	12	14	
0	2	3	5	6	10	13	
2	5	8	9	10	13	14	
1	2	3	6	10	11	14	
0	2	3	4	5	6	9	
0	1	2	4	6	7	8	14	
2	3	8	9	11	13	14	
0	3	5	6	9	10	12	14	
1	2	4	6	7	9	10	12	
0	2	3	5	7	8	10	11	
1	5	6	7	8	10	14	
0	1	2	3	8	9	10	13	
2	4	7	10	12	13	14	
1	3	5	6	7	9	13	
2	7	8	10	11	12	14	
1	3	4	8	9	10	11	12	
2	5	9	10	11	13	14	
1	2	4	5	6	7	8	10	
2	3	7	8	11	12	14	
1	3	5	7	10	11	12	13	
0	2	3	8	10	11	14	
0	1	2	3	5	7	9	14	
0	3	5	6	7	8	12	14	
1	3	5	6	9	13	14	
0	4	5	6	11	12	13	14	
0	1	4	7	8	10	11	12	
0	2	4	5	6	7	8	9	
0	1	3	5	6	8	11	14	
0	4	5	8	9	10	13	
1	2	3	4	6	8	12	
0	1	2	4	6	7	10	12	
1	6	9	10	11	12	13	14	
0	3	6	7	9	11	12	13	
1	4	6	7	9	11	14	
1	3	4	9	10	11	12	14	
2	3	4	6	8	9	11	14	
1	2	6	8	10	11	12	13	
2	3	4	7	9	10	13	
0	2	3	4	7	12	13	14	
0	4	6	8	10	13	14	
0	2	7	10	11	12	13	14	
1	3	4	5	6	9	13	14	
1	3	4	7	8	9	11	12	
1	2	3	4	5	7	13	14	
3	4	7	8	9	10	12	13	
0	1	2	3	7	10	12	13	
0	2	4	5	9	10	13	
1	2	5	7	8	10	11	12	
1	2	3	5	8	10	13	14	
0	3	4	10	11	12	13	
0	1	4	5	6	10	11	13	
0	1	2	3	5	7	13	14	
5	6	9	10	11	12	14	
3	5	7	8	10	12	13	
0	2	6	7	8	10	13	14	
2	3	7	8	9	10	12	
0	2	3	4	7	12	13	
0	2	3	6	7	8	13	14	
1	8	9	10	11	13	14	
1	2	3	6	8	10	13	14	
1	4	8	10	12	13	14	
0	3	4	7	8	13	14	
0	1	5	7	8	9	10	14	
1	4	5	7	8	9	10	12	
1	3	4	6	7	9	11	12	
2	3	6	7	8	12	13	
0	1	3	5	6	8	14	
0	1	2	4	5	9	10	
0	1	4	8	10	11	13	
0	4	5	6	8	9	10	12	
0	3	6	8	10	13	14	
0	1	3	4	5	6	13	
2	3	4	7	8	10	11	14	
1	4	5	7	8	9	10	13	
2	3	4	5	8	11	12	
2	3	5	7	9	10	11	14	
1	2	7	8	11	12	13	
0	2	3	5	7	9	11	12	
0	1	4	8	9	10	11	
0	2	3	4	6	9	11	13	
3	7	8	9	12	13	14	
1	3	5	11	12	13	14	
1	3	6	9	10	12	14	
0	2	3	4	8	9	10	11	
0	2	5	6	7	9	10	14	
0	4	6	7	10	11	14	
1	2	3	7	8	10	13	14	
2	3	6	7	8	11	13	
0	4	7	9	10	12	13	
0	2	3	4	7	10	11	12	
1	2	4	5	7	8	13	
1	2	3	4	6	9	12	13	
2	3	4	6	9	10	11	13	
3	5	6	7	8	10	14	
0	1	2	4	6	8	10	11	
3	5	6	8	9	10	12	14	
1	2	5	6	8	9	13	
0	3	4	5	11	12	14	
1	2	7	8	9	10	11	14	
2	4	6	8	10	11	12	13	
0	2	3	4	6	10	14	
3	5	7	8	10	13	14	
1	2	3	4	9	10	12	14	
0	2	6	11	12	13	14	
0	4	6	9	11	12	13	14	
4	5	7	8	9	10	12	14	
2	6	7	8	10	12	14	
2	4	5	6	7	8	11	
0	1	4	5	8	11	12	13	
1	3	4	5	7	11	14	
0	2	4	6	7	10	11	
2	4	6	9	10	12	13	14	
0	1	2	6	8	11	12	13	
1	3	4	6	9	13	14	
1	2	3	7	9	12	14	
1	2	4	7	12	13	14	
0	2	5	6	7	8	10	12	
0	2	5	6	10	11	14	
1	4	6	7	8	10	11	12	
1	2	4	5	7	8	13	14	
3	4	6	8	9	12	13	
1	2	3	7	10	11	12	13	
1	3	7	11	12	13	14	
0	4	5	7	8	12	14	
0	2	4	6	8	9	13	14	
0	2	3	7	8	9	10	13	
0	1	2	4	5	11	12	14	
0	2	3	4	5	6	8	10	
1	3	5	7	8	9	12	14	
0	2	5	7	8	11	13	
2	6	7	11	12	13	14	
1	2	5	7	8	10	12	
0	1	2	3	5	8	12	14	
3	6	7	8	10	12	13	
1	3	4	6	8	10	11	14	
2	4	5	6	8	9	11	
2	3	5	7	9	10	13	14	
0	1	3	4	6	8	9	12	
0	3	6	7	9	11	12	13	
1	2	3	4	6	10	13	
3	5	7	8	10	12	14	
1	3	4	7	10	12	13	
0	1	4	9	12	13	14	
1	3	4	6	9	13	14	
0	1	4	6	9	10	12	
0	1	5	8	9	10	11	13	
1	3	5	6	7	8	9	10	
1	2	3	7	11	12	13	14	
2	3	6	7	11	12	13	
4	5	7	9	10	11	12	14	
2	3	5	6	8	11	12	14	
2	4	6	9	10	11	12	
0	1	2	5	8	9	11	12	
1	2	3	6	8	12	13	14	
3	7	8	9	11	12	13	14	
1	6	7	9	10	11	14	
0	1	5	6	7	8	10	
0	1	5	6	7	9	12	
1	2	4	8	10	11	12	
3	4	5	7	9	10	14	
1	2	6	7	10	12	13	
0	3	5	6	8	11	12	13	
0	3	4	7	9	10	12	14	
1	2	5	6	7	11	12	14	
2	4	5	6	12	13	14	
0	2	3	5	6	7	9	14	
0	2	3	5	6	10	12	13	
0	3	4	6	10	11	13	
2	4	5	6	9	11	12	
1	4	5	8	9	12	13	
3	5	9	10	11	12	13	
1	2	3	7	9	12	13	14	
2	3	6	7	8	9	10	
0	1	3	4	5	7	9	11	
1	3	7	8	11	12	14	
0	4	6	8	9	10	14	
1	2	3	5	7	12	13	
0	2	3	5	7	9	10	13	
0	1	2	5	6	12	14	
0	2	5	9	10	11	12	
1	5	6	7	10	11	13	14	
0	1	2	7	9	10	11	13	
1	4	5	6	7	8	11	14	
3	4	6	10	11	13	14	
2	3	5	6	8	9	14	
2	3	4	5	9	11	13	
0	2	3	4	8	9	11	13	
0	1	2	3	5	8	13	14	
2	5	6	8	9	10	13	
0	1	3	5	6	7	13	
1	2	3	5	8	10	12	13	
1	2	5	9	11	12	14	
0	1	2	4	5	10	12	
0	1	3	7	8	11	14	
1	2	4	5	9	10	11	12	
1	2	3	4	6	9	14	
1	2	3	4	6	8	12	14	
0	1	2	3	8	11	14	
1	2	4	6	7	9	13	14	
0	1	2	4	5	8	12	
1	2	3	6	9	11	13	14	
3	4	6	7	11	12	13	14	
0	1	3	5	7	10	11	14	
0	1	2	6	7	8	10	14	
1	5	6	7	8	10	13	14	
2	7	9	10	11	13	14	
2	5	6	9	10	11	13	
0	1	2	3	6	9	11	12	
0	1	2	3	6	7	9	10	
0	4	5	7	9	11	12	13	
0	7	8	9	10	13	14	
0	1	3	4	5	6	7	10	
2	5	7	8	11	13	14	
0	1	3	4	9	10	11	13	
2	3	5	7	11	12	13	14	
0	3	4	5	7	8	9	12	
1	4	5	6	7	9	12	13	
1	2	5	6	9	12	13	14	
0	2	4	5	9	12	13	14	
2	3	4	5	9	13	14	
0	3	5	8	10	11	12	
0	1	4	5	8	9	10	11	
2	4	5	7	8	9	10	
0	5	6	7	10	13	14	
2	3	5	7	8	13	14	
0	1	6	7	8	11	13	14	
1	3	4	6	7	10	13	14	
2	4	8	9	10	11	12	13	
2	7	9	10	11	13	14	
2	3	4	8	12	13	14	
4	5	6	7	8	10	11	
0	1	5	6	7	8	12	14	
3	6	7	8	9	10	11	14	
0	1	6	9	10	12	13	
1	3	6	7	8	9	11	
2	3	4	5	9	12	14	
1	3	4	5	6	8	10	12	
4	7	8	9	10	12	13	
1	2	3	5	8	9	10	
0	5	6	8	9	11	13	
0	1	6	7	9	10	11	
0	2	5	6	8	9	12	14	
0	1	3	7	8	9	12	
1	3	6	7	8	11	13	
1	3	4	6	9	11	13	
1	4	6	7	10	12	14	
0	5	6	7	10	11	14	
0	2	3	6	8	9	12	
1	4	5	9	11	12	13	
0	1	2	4	6	7	9	
0	2	3	4	5	10	13	14	
1	2	6	7	8	11	13	
0	4	5	6	7	8	9	11	
0	1	3	5	6	8	11	14	
2	3	4	5	7	8	10	14	
0	3	5	6	7	10	11	14	
1	2	5	6	9	13	14	
0	2	4	5	6	9	11	13	
0	1	6	7	8	10	12	13	
1	4	6	7	9	10	12	14	
1	2	4	5	7	9	12	13	
0	5	6	7	8	10	13	
1	4	7	9	10	11	13	
0	1	2	7	8	11	13	14	
0	2	3	5	6	11	13	
1	6	7	8	9	11	13	
0	2	3	5	9	10	11	12	
2	3	8	9	10	12	13	
3	5	7	8	9	10	12	
0	1	4	6	9	10	13	14	
4	5	7	8	9	12	13	
0	3	5	6	7	8	11	
0	1	2	7	9	10	11	12	
0	1	2	3	7	12	13	14	
1	2	4	5	8	9	10	11	
2	5	6	7	9	13	14	
0	2	7	8	11	12	13	14	
1	5	6	7	8	10	12	
1	2	3	5	8	9	11	13	
1	2	3	4	9	10	12	
1	3	7	8	10	12	14	
0	6	7	8	10	11	13	14	
1	2	3	6	7	10	11	13	
1	2	4	7	8	9	10	11	
3	4	5	7	9	10	12	
5	6	9	10	11	12	14	
1	4	5	7	8	9	10	
0	3	5	8	9	10	11	14	
2	4	5	6	7	11	13	
2	5	7	8	9	10	12	13	
0	8	9	11	12	13	14	
1	4	7	8	9	10	13	14	
1	2	3	4	6	9	13	
1	2	3	9	10	12	13	14	
1	3	4	5	8	11	12	14	
0	2	3	5	7	10	12	14	
0	3	4	5	6	8	11	14	
0	1	5	6	7	9	10	11	
1	5	8	9	10	12	13	
2	3	4	7	9	10	11	12	
0	3	4	6	8	9	12	
0	1	2	4	8	10	12	13	
0	2	4	7	8	9	11	14	
0	1	2	3	7	10	11	13	
0	3	4	7	9	10	12	14	
1	5	6	8	9	11	12	
1	6	7	9	11	13	14	
0	2	3	4	7	10	11	14	
0	2	4	5	8	10	11	13	
0	1	3	6	7	11	12	13	
0	1	2	3	5	8	10	11	
4	8	9	10	11	12	14	
0	2	3	4	7	9	11	
0	2	3	4	5	6	9	13	
3	5	7	8	9	11	13	14	
0	1	4	5	9	10	11	13	
1	2	3	4	9	11	13	
0	2	3	6	7	8	13	14	
0	2	5	6	8	11	12	13	
1	3	4	5	6	9	13	
1	4	7	8	9	10	12	14	
0	1	3	5	7	10	12	
0	2	5	6	8	9	10	14	
0	2	4	7	8	12	14	
0	1	2	3	9	13	14	
1	3	4	5	6	7	8	11	
1	3	4	6	11	12	13	14	
2	3	5	7	8	9	11	
1	5	8	10	11	12	13	14	
0	3	6	7	9	12	14	
3	4	5	7	9	10	11	13	
0	4	8	9	11	12	13	
1	2	3	6	9	10	11	14	
0	1	3	4	8	9	10	12	
0	1	7	8	11	12	13	14	
1	2	5	7	8	9	10	13	
1	3	5	7	8	10	11	13	
0	3	5	6	7	8	14	
0	3	9	10	11	12	14	
0	2	4	6	8	9	11	
0	2	4	8	10	11	12	14	
3	4	6	7	9	10	12	14	
2	3	8	9	11	13	14	
1	4	6	7	10	11	13	14	
0	5	6	8	9	10	13	
1	2	4	5	9	11	12	13	
0	3	4	9	10	11	12	
0	1	2	3	5	9	10	13	
1	3	4	7	8	9	13	
4	6	7	10	11	12	14	
0	1	2	3	6	10	12	
0	3	4	6	7	9	11	14	
3	4	7	8	10	11	13	14	
2	3	5	9	12	13	14	
1	4	6	7	8	10	11	14	
2	3	6	7	8	10	11	14	
0	3	4	5	6	7	10	14	
0	3	4	7	8	11	12	14	
2	5	7	9	11	12	13	14	
0	1	2	4	5	7	12	13	
0	2	3	8	10	11	12	
2	4	7	9	10	11	12	13	
3	6	7	8	9	11	12	
0	2	3	4	7	9	12	
1	3	6	7	9	10	12	
0	5	7	8	9	12	14	
0	1	4	5	7	10	11	13	
3	4	5	8	9	12	13	14	
0	3	5	6	7	8	13	
1	5	6	7	9	10	12	
0	1	2	3	5	6	8	9	
0	4	5	7	8	10	12	
0	1	2	3	7	10	11	12	
2	3	5	8	11	13	14	
0	1	2	3	4	7	9	10	
0	2	7	8	9	13	14	
4	5	6	8	9	11	12	
0	2	4	7	8	11	12	
2	3	5	6	8	9	10	13	
0	3	4	6	8	10	11	13	
0	1	2	6	8	9	11	
0	1	4	6	8	9	13	
0	3	4	5	10	11	13	
1	2	4	6	7	9	10	13	
1	3	6	8	9	10	13	
0	1	3	4	6	8	14	
4	5	7	9	11	12	13	
0	4	6	9	10	11	12	14	
0	1	2	4	5	12	13	14	
0	2	4	5	7	8	11	14	
1	3	5	7	8	10	11	
0	2	5	6	8	9	13	
0	2	7	9	10	11	12	13	
1	2	4	5	6	9	12	13	
0	1	4	9	12	13	14	
0	2	4	10	11	12	13	
0	4	6	8	10	12	13	14	
1	3	4	7	8	12	13	
0	2	3	4	10	11	13	
3	4	5	6	9	11	13	14	
0	2	4	6	7	10	11	
0	1	7	8	10	13	14	
1	2	3	7	10	11	13	14	
1	2	3	4	7	11	13	
3	4	5	6	8	11	12	
0	1	3	5	7	10	12	14	
1	2	6	8	9	13	14	
0	7	8	10	12	13	14	
0	1	3	5	7	9	13	14	
0	2	3	5	10	11	12	13	
0	1	2	3	4	6	8	12	
0	1	3	4	6	9	13	
3	4	6	8	9	10	11	12	
0	4	5	6	7	11	13	
0	2	5	6	10	11	12	
3	4	7	10	11	12	13	
1	2	5	8	9	10	13	
0	1	4	6	7	10	12	13	
2	3	5	6	7	11	14	
0	2	3	5	6	11	13	
0	3	4	7	8	11	12	14	
1	3	5	7	8	10	12	14	
1	4	5	8	9	10	11	14	
3	5	8	10	12	13	14	
3	4	6	8	9	10	11	12	
0	4	5	9	10	12	13	14	
1	2	3	4	8	10	11	14	
0	2	3	4	5	6	11	
3	4	5	6	8	12	13	14	
1	3	5	9	10	13	14	
2	3	4	6	7	8	12	13	
0	1	2	3	5	6	14	
2	4	6	10	11	12	13	14	
2	4	5	6	7	8	10	
0	1	2	3	9	13	14	
0	1	2	3	4	6	9	11	
5	7	8	9	10	11	12	
0	1	7	8	11	12	14	
0	1	2	6	11	12	14	
0	1	3	5	8	11	13	
0	1	3	4	5	9	11	13	
1	3	6	8	11	12	13	14	
0	4	5	6	9	10	13	14	
3	4	7	8	9	10	12	14	
2	4	5	6	8	10	12	13	
2	4	6	7	9	10	11	14	
1	2	5	6	8	11	12	13	
2	4	5	6	7	8	13	14	
1	2	3	4	5	6	9	14	
1	3	4	5	6	8	13	14	
0	1	2	3	5	12	14	
0	1	4	6	8	11	13	14	
0	6	7	8	9	11	13	14	
1	2	3	4	7	8	11	13	
1	2	3	4	6	7	13	
1	2	4	5	9	11	12	14	
0	2	5	9	10	12	13	14	
1	2	3	7	8	10	13	14	
0	1	2	3	4	7	8	14	
0	1	2	6	9	10	13	14	
0	1	4	5	6	10	11	14	
0	1	2	6	12	13	14	
2	3	4	5	8	11	13	14	
0	4	8	9	11	12	14	
2	3	4	5	6	11	12	
0	1	5	8	9	10	11	14	
0	2	3	4	11	12	13	
0	1	2	4	6	11	13	
4	5	6	7	9	10	13	14	
0	1	3	4	5	10	13	
0	1	7	8	12	13	14	
2	4	5	6	10	11	13	
0	2	3	6	8	11	13	
1	2	3	5	8	12	13	
2	3	5	6	8	12	14	
0	2	5	6	7	9	14	
0	1	4	8	9	10	13	14	
0	2	3	5	6	11	12	14	
2	4	5	6	8	12	13	
0	1	2	3	5	13	14	
0	2	6	8	10	13	14	
0	4	5	6	7	8	12	14	
3	5	7	8	9	10	12	13	
0	1	3	4	6	7	10	12	
2	4	5	8	9	12	14	
0	2	4	7	9	12	13	
0	2	5	6	7	10	13	
1	2	3	9	10	11	12	14	
0	3	5	6	7	8	9	14	
5	6	8	9	10	11	12	14	
1	2	3	4	5	11	13	
1	2	3	5	10	11	12	
0	2	5	7	8	9	10	11	
0	1	2	7	8	11	12	13	
2	3	5	8	9	11	13	
0	1	3	6	7	9	11	14	
0	3	4	6	9	11	12	
1	3	4	6	10	11	12	14	
1	2	7	8	9	11	12	14	
1	2	4	5	7	9	10	
2	3	5	7	8	11	14	
0	7	8	9	11	12	13	14	
0	1	6	7	9	11	13	14	
1	2	6	7	8	9	13	
0	4	5	7	8	10	12	14	
0	1	2	3	4	7	8	14	
1	2	4	5	7	10	14	
1	2	3	6	7	11	13	
2	4	6	8	9	11	13	
0	3	5	9	10	11	13	
0	2	3	4	5	9	10	
0	2	6	7	8	11	14	
0	1	7	8	9	10	13	
1	4	5	6	7	12	13	
103	72.8446	44.4651	39.2059	34.937	32.9904	32	
117	100.871	84.7798	70.5081	56.6724	45.0162	37.3592	33	
101	85.8892	71.312	57.726	44.5974	37.9492	34	
119	96.4414	76.4235	61.0507	48.9373	39.6983	35.1814	33	
118	89.4864	64.9689	45.5592	37.4468	33.03	33	
107	86.8393	66.7199	49.2858	38.4205	35.1154	34	
119	97.523	76.5269	56.1948	47.4483	40.2588	36.2519	36	
116	88.0631	69.4385	57.8927	46.347	39.1546	32.3028	32	
102	81.7331	63.964	51.7795	44.1439	38.4781	33.8683	32	
121	94.6797	73.7621	54.5238	36.6727	33.4237	32	
106	91.3728	77.6665	64.1714	51.8991	42.7967	35.4756	33	
118	95.7317	75.0244	57.561	40.561	33.5122	31	
107	83.6707	63.3899	53.5467	45.5894	38.6914	32	
104	77.2282	56.0338	40.4507	37.1042	34.231	32	
104	82.1068	71.2924	61.4873	51.7303	42.6702	34.1629	32	
102	83.8894	71.3131	61.4212	52.9819	44.6896	39.2656	35	
123	96.0152	76.4781	59.539	47.0685	35.5333	33.247	32	
109	92.6059	77.6499	65.8577	54.9283	45.1155	38.9571	34	
117	92.6612	71.0322	49.7693	43.3001	37.8074	35	
105	85.6135	69.7351	59	48.9243	39.1388	36.0528	36	
117	91.4916	73.566	57.3553	48.8882	41.3321	36	
117	91.3931	69.7175	55.763	45.0669	38.4438	36	
111	86.0981	67.0981	48.124	40.5654	35.4401	35	
115	85.8932	65.9343	49.6345	42.7154	37.2932	34	
102	82.2918	63.2906	48.4024	35.8277	34.0283	33	
108	90.5561	74.6876	58.8959	44.9292	35.7462	32	
109	92.4808	77.5221	66.4376	55.4966	46.7617	38.4034	36	
114	89.9399	72.85	57.6265	44.182	37.7368	33.6247	31	
114	94.6836	81.3968	68.537	56.5042	46.0456	38.2016	35	
108	86.4296	66.8056	49.4857	40.5477	35.1054	33	
115	84.3122	68.356	53.433	44.7471	36.2524	33	
115	96.3597	80.3702	65.8556	52.3243	42.1705	37.2753	33	
106	86.7224	71.0754	57.658	44.9115	39.0315	35.8942	34	
108	89.8459	72.6736	60.8677	50.2493	41.6403	36	
113	88.8261	71.3188	59.8696	48.7391	38.7391	31	
118	85.8305	58.5491	47.6168	38.5671	36.4532	35	
111	83.6	59.4286	45.2286	38.9714	35.2	33	
109	88.7403	68.669	49.752	39.8577	32.5313	31	
123	101.385	82.8197	68.3607	56.4836	47.3852	39.2705	33	
112	93.5248	75.9925	58.565	44.4204	37.0164	33.1397	33	
119	88.1644	74.3483	61.1793	49.0133	38.3034	34	
120	86.7837	66.8333	48.5284	40.1986	33.24	33	
123	89.6085	75.6659	62.5821	52.1251	41.7187	35	
116	89.0481	69.4519	51.1471	41.6016	32.9545	32	
106	79.9667	68.4606	58.3205	48.7058	39.4063	31	
110	93.0954	77.5147	65.8037	55.4335	45.3009	36	
121	97.6973	75.7863	56.3376	40.7787	32.7851	32	
122	101.805	82.7747	64.7619	49.4194	36.4926	33.8437	32	
107	74.5303	56.9153	50.4867	44.1671	37.9927	32	
115	96.0726	77.8181	62.8444	52.3922	42.9285	37.082	35	
119	99.5981	82.9429	66.5874	53.5279	43.8894	35.3496	35	
117	93.3037	70.9902	49.1795	39.6884	35.4142	34	
107	87.7588	73.012	60.7713	51.1817	41.9443	36	
103	77.6987	56.1386	46.7663	41.1353	36.8541	34.9642	34	
106	86.5431	68.988	54.0661	40.4191	35.8841	33	
113	85.0175	68.6688	53.14	42.6337	36.0737	32.1275	31	
112	90.0355	70.0035	56.1225	43.6555	33.0268	31.4478	31	
115	88.0184	68.4154	50.9324	41.1584	37.2488	34	
123	99.2003	76.8679	57.2941	44.059	38.0431	34.14	31	
106	86.8028	71.7027	61.4694	51.3514	41.2526	35.4242	31	
120	100.925	82.9273	69.5855	56.9118	44.9063	36.2416	34	
103	84.4006	69.7841	57.7197	46.4866	38.1343	31.754	31	
102	86.056	71.1344	59.201	51.8483	45.2623	39.9542	35	
103	81.0156	59.1756	47.8824	37.5283	35.5779	35	
111	93.8369	77.1186	62.5229	49.7062	38.6685	36	
106	83.8033	70.7118	58.8433	47.0202	40.9047	34.8573	33	
115	82.8897	67.6266	53.0978	42.4716	34.3957	32	
120	93.0038	69.5872	51.3909	38.6833	35.0739	34	
114	100.62	87.4972	74.9055	62.5145	50.6542	39.2815	33	
121	100.606	81.4919	62.8257	47.0822	41.3224	35.8399	32	
107	91.2909	75.6781	62.7638	51.6968	43.1354	37.5296	33	
112	82.7017	63.4432	48.6115	41.6292	35.8334	32	
115	97.6113	80.5664	68.1175	58.3465	49.5346	42.0073	36	
107	86.1586	66.8294	49.9748	35.8697	34.8798	34	
111	95.3439	79.9302	67.8713	58.4031	49.7363	42.7843	36	
115	93.8728	75.9662	59.1761	43.9533	38.9291	36.7821	35	
106	88.299	72.1294	58.7913	49.3175	41.767	35	
102	84.6212	69.2397	54.1567	44.1013	38.0635	35.5152	34	
116	95.4358	79.1619	66.8893	54.6787	43.3756	32.9182	31	
116	96.2494	78.6378	62.1656	50.4712	39.2565	32	
111	78.0518	56.0996	42.6733	37.8526	33.9084	31	
105	86.4878	71.8057	58.8066	48.0416	41.455	36	
110	88.8787	72.0459	59.0199	47.7827	39.3893	34	
107	87.924	73.9141	62.3474	52.5517	44.2578	36.0311	35	
105	87.9381	74.191	61.4403	49.8488	42.3652	36.4271	36	
122	98.5144	75.7951	58.6694	44.6087	34.6858	33	
106	90.3149	76.8634	63.5763	50.9296	43.6537	39.367	36	
110	91.3157	76.4606	62.4875	50.6394	38.8715	34	
110	92.9363	76.0253	66.081	56.2703	46.9368	40.5618	36	
116	97.5831	82.2189	68.0151	55.7288	44.3507	37.2614	36	
116	94.0984	74.4229	57.1888	44.1436	36.1968	35.5027	35	
112	89.7068	71.0236	56.4514	48.1507	40.9831	36.1608	34	
115	94.7605	75.2582	56.7878	47.3526	39.6864	36.1271	34	
109	92.5501	77.9066	63.6243	52.0877	42.5983	34	
117	91.5373	76.21	61.2417	50.775	42.0481	36	
119	100.355	82.3691	66.9578	53.5265	42.5372	33	
106	82.4414	62.3121	50.4583	39.9463	31.6213	31	
102	81.8679	67.3952	53.3329	44.1309	38.0394	35.2313	34	
108	81.1067	58.4197	44.9595	40.0476	36.5468	35	
107	84.9718	66.7237	51.8123	37.7612	32.3128	32	
117	93.8313	71.5074	55.6513	47.2286	39.0713	32	
119	99.9099	82.3396	68.1132	53.9071	43.0042	36.8435	32	
113	82.7007	63.047	46.1705	35.596	33.1749	32	
105	80.8193	62.0749	48.5209	41.338	38.3615	36	
105	78.2746	53.2847	41.3451	38.0131	36.3471	36	
118	96.061	77.5725	59.8534	46.5874	38.7303	36.4921	35	
119	84.813	65.1653	54.9092	45.0461	35.9295	32	
120	102.326	87.2114	73.4845	60.2129	48.1557	38.6575	32	
103	76.0677	62.7211	51.9641	42.4422	33.1992	33	
120	94.0032	69.6623	55.6705	44.5487	35.5519	35	
120	89.1701	72.4586	59.0766	46.3989	33.9453	31	
107	80.0435	60.5362	52.1304	44.3913	38.6232	35	
111	94.1771	79.0992	64.5295	50.9763	42.7597	38.5412	36	
109	87.6498	70.4687	56.9959	43.8303	35.0532	34	
113	91.6471	72.7311	56.3128	45.286	38.4933	32.8276	31	
112	80.1083	54.3654	43.2566	33.9104	31.041	31	
110	92.4501	76.2387	62.9276	49.8395	36.956	34	
106	88.8267	72.6979	57.4127	45.6626	35.1377	31	
115	97.3393	81.9861	67.6141	54.0961	40.9232	35.7813	35	
113	78.5279	60.1163	51.1818	42.826	36.0618	34	
111	91.9756	74.4797	57.2764	42.0894	31.878	31	
103	81.3508	70.3866	59.7482	49.3892	39.3793	35.678	32	
114	85.0612	65.1075	51.7049	39.7748	33.1636	31	
105	85.7512	66.8107	49.6762	39.2589	34.656	31	
112	86.1655	69.3363	54.0824	43.1605	37.0957	33	
108	79.9684	68.4219	57.71	47.8329	39.6947	34.9648	31	
102	82.6156	64.8731	48.5029	41.9843	35.6617	35	
112	94.4432	77.0055	62.7022	51.5134	43.7964	37.964	36	
115	93.1032	76.8396	63.5289	52.1489	43.8354	36.067	34	
106	71.6258	57.741	44.0814	39.0529	36.5011	35	
119	85.5471	61.3954	50.3356	41.8943	35.5632	34.2736	34	
122	95.404	72.3142	53.1298	43.7513	37.2805	35	
109	92.7431	78.3601	64.5195	52.635	44.2189	36	
112	95.8843	82.7354	71.3446	60.1735	49.4602	38.9301	36	
117	88.3678	65.2677	52.2224	45.6437	39.7005	36	
113	86.3333	64.345	49.7595	38.559	34.9539	33	
109	79.8944	65.8575	52.6021	42.6606	34.9074	32.6565	32	
112	79.6456	64.1903	50.3757	40.466	32.3938	32	
121	103.903	87.9983	72.7202	57.927	43.8008	36	
111	92.268	76.7938	62.1922	49.2485	37.4102	32	
107	85.658	71.0709	60.5233	50.2002	40.1912	35.6355	32	
115	99.7433	85.0749	71.2336	58.826	47.0803	39.0108	33	
104	84.947	71.3764	58.8383	46.4723	37.9907	33	
101	87.1642	73.4701	60.2721	47.3221	40.6433	34	
106	89.8809	75.4604	61.5098	49.6735	38.0901	35	
113	84.7115	63.7212	45.9747	37.2417	34.0604	33	
109	87.1154	69.0137	52.5364	43.1839	36.4073	31	
102	81.788	63.569	52.8065	44.4825	36.2992	31	
111	89.9676	71.8975	56.4934	47.0368	37.6941	33	
121	98.5666	76.9317	59.0721	48.0368	37.776	33.1538	31	
101	87.2918	73.6545	64.622	56.2802	48.1509	40.8541	34	
112	82.6316	64.0947	47.9263	41.2316	36.0526	34.6947	34	
115	85.3273	67.6588	53.5948	42.3307	36.9884	32	
115	94.6053	76.7627	59.5962	43.0405	31.5235	31	
122	99.5226	81.3331	65.4214	51.5866	42.8435	37.9863	34	
101	85.5289	70.413	57.3576	46.3449	39.3998	34	
103	78.7053	59.7805	52.7684	46.0431	40.96	37.2584	34	
109	91.4567	74.0161	57.7875	45.2976	37.9845	31	
110	86.7887	68.1408	51.2113	42.507	37.4648	36.2817	36	
107	87.0502	69.5144	58.3048	49.2595	41.0465	34.5261	33	
110	92.5647	76.2981	60.6346	48.6843	37.2053	35.1131	35	
102	86.9915	72.7802	61.9972	51.7124	42.5438	34.2722	32	
123	103.999	87.9242	72.1855	56.5477	45.5172	36	
107	91.0827	76.4919	62.6153	50.1417	39.122	34.2244	33	
121	89.1992	68.6446	54.9976	41.477	36.2963	32	
113	92.7403	78.145	63.6324	51.8073	43.414	36.5712	35	
107	90.579	75.1268	65.0379	56.8156	49.0659	41.9304	36	
102	78.7151	61.7046	49.8952	43.0242	36.1532	32.6223	31	
111	93.0858	78.6816	64.8144	51.772	43.6588	36.2745	31	
108	91.4489	75.0279	61.2732	51.4206	42.8361	34.6094	31	
106	88.9931	72.186	55.5344	42.5239	34.5977	32	
111	90.3027	72.4837	57.9824	44.5137	38.6473	36.4062	35	
122	98.0599	76.2274	62.7064	51.0147	41.7489	33	
106	90.2337	74.9137	64.2487	55.7518	47.8128	40.6231	36	
112	92.5214	74.2682	62.8734	53.7576	45.7597	38.1919	32	
123	102.701	84.5371	68.9179	54.4481	44.2885	34.7241	33	
120	91.7516	77.012	62.7582	52.1003	43.6452	36	
113	84.7883	66.6624	52.9155	41.8605	35.4357	34	
122	99.9549	78.5857	58.1951	46.7065	37.1288	31	
112	88.1691	68.4306	54.1698	40.9479	35.3758	31.6296	31	
123	101.284	83.4795	69.464	58.0232	47.1654	37.182	34	
114	90.0591	72.7768	56.891	42.5015	34.0724	33	
107	92.3653	78.4553	65.3015	52.3997	41.5615	36.9301	34	
113	92.0703	71.5075	52.6708	41.1271	35.7975	32	
120	84.7	70.1829	55.6658	46.2231	39.2514	33.0739	31	
115	89.2911	71.5974	57.9263	44.6484	37.2079	35	
104	86.6964	69.8036	53.125	42.1071	35.9107	32	
108	79.5571	53.8465	44.7606	39.0983	35.0162	31	
101	80.4359	61.9508	46.7592	38.7518	32.7411	32	
102	87.714	75.0235	63.2698	54.224	45.4856	38.6061	33	
103	84.0016	69.3457	58.8191	50.6381	42.5347	35.4394	31	
116	98.4169	84.0477	71.7512	59.6177	49.0912	40.6839	34	
120	91.3929	70.5	53.4286	45.2857	39.1786	34	
114	93.8399	75.4929	59.0022	45.9219	40.094	37.1585	35	
105	80.9041	58.4953	50.6652	43.311	39.4608	36	
105	87.0492	69.9959	55.8884	44.7267	38.4669	34.4625	32	
120	93.8588	72.4762	55.7583	43.1103	37.162	34	
115	77.4732	65.4848	55.2878	45.7338	39.4411	35.0315	32	
101	84.6982	72.0947	59.7278	48.0118	40.8225	35.8521	31	
103	81.4396	62.4477	48.1001	35.1275	33.96	33	
115	90.7288	73.4362	59.3506	49.9346	42.2633	35.3103	31	
107	85.5943	64.8514	55.3023	46.4897	39.469	32.9638	31	
115	91.6832	70.5114	58.5154	48.7835	40.72	35	
102	80.4327	61.5145	48.1942	40.472	35.1489	32	
106	86.6942	68.7257	52.3346	44.4133	37.418	32	
118	99.3267	82.2676	66.9025	55.2641	46.2961	39.2612	34	
108	92.5424	78.6024	67.6974	57.0923	46.999	40.2408	35	
104	79.3579	56.0392	45.0812	38.4906	34.4674	31	
108	88.216	73.4409	61.5248	51.5299	43.0673	36	
102	83.2103	69.6167	58.1487	47.468	42.167	38.2044	36	
120	97.8254	78.732	64.879	51.2443	41.7097	33.6793	33	
114	96.1722	78.9333	65.5848	53.6461	42.5997	36.0503	31	
118	93.6398	74.5682	57.8531	43.9878	35.0822	35	
111	94.145	79.9567	65.9313	53.9415	43.8855	37.2697	31	
109	93.3822	78.0829	63.8057	50.7853	41.9878	35.0168	35	
102	85.3297	69.6578	54.8322	40.2436	35.014	33	
105	84.6765	69.0756	53.8037	41.1632	35.8297	32	
110	88.8271	72.1852	56.5122	42.6629	35.0829	34	
116	86.3178	58.5613	47.5051	42.6577	38.0427	34.2245	32	
115	70.9831	59.2618	51.7443	46.2545	40.8142	36.2642	33	
116	91.5983	70.1998	48.9038	42.2146	35.9692	33	
120	90.1404	62.7719	51.8947	46.1053	40.6316	36.4561	34	
101	75.6353	57.3103	48.5998	41.067	35.9448	34	
111	89.9744	69.2308	57.4615	48.359	40.4872	33.0256	33	
123	100.697	84.5869	69.9352	56.3605	48.3728	41.3947	35	
109	90.9747	74.5426	59.3391	46.7272	40.5459	36.9178	34	
116	89.6796	70.7498	55.6938	43.4677	38.4674	35.3078	33	
122	101.858	84.5347	69.5434	55.2953	43.046	35.3582	34	
122	101.821	82.6363	63.8444	46.5633	38.8645	34.27	31	
104	86.2609	68.5957	55.8087	46.0152	39.8435	36	
117	102.034	87.2232	73.8572	60.7492	49.7571	41.4485	34	
115	92.3645	73.5129	61.0896	49.3501	38.0665	33.5303	31	
118	96.8987	78.637	63.2394	49.2372	38.1235	34.4271	31	
119	89.6458	66.3129	47.1825	37.2723	31.8781	31	
102	84.7945	68.6551	55.938	44.9415	34.6556	33.0847	32	
105	86.1199	68.7766	55.5387	48.0305	40.8956	36	
104	82.5719	63.8764	52.1262	43.7007	38.3038	35.4574	34	
121	103.97	88.7234	74.0336	61.461	52.0454	43.4284	36	
123	94.1955	73.9933	57.0169	48.1213	40.0404	36.9449	36	
122	99.5695	78.6309	59.5767	49.1336	40.7843	35.1832	35	
123	100.083	78.8994	59.1707	42.0526	38.3563	36	
104	81.6678	62.2891	47.8572	42.0461	37.3635	33.4253	31	
108	87.1365	69.4552	52.7823	38.0591	32.1205	31	
120	90.1974	71.3004	56.6395	45.133	39.8455	36	
117	100.448	85.7703	71.9132	58.4076	45.4001	35.7031	35	
103	88.2171	73.7449	60.3024	50.9198	41.8285	34	
103	88.9112	75.1393	62.5774	50.6783	39.8595	31.8643	31	
109	93.5546	78.6322	65.6806	52.9704	43.1561	37.8267	33	
106	87.1985	69.0528	58.0819	47.5682	41.0294	35.9415	33	
103	86.4791	70.0097	54.4495	43.916	39.0781	35.6984	34	
102	75.0904	59.5734	46.5368	41.6048	37.365	35.9806	35	
119	99.1837	84.0408	68.9796	54.0204	43.1429	33	
110	93.1119	77.2667	61.7692	47.5158	35.2386	32	
102	87.0303	72.3785	61.1976	50.4406	41.1143	35.2324	32	
118	86.3112	61.8741	44.6133	36.8327	34.0755	34	
117	93.4499	71.5026	50.3402	39.7427	37.2896	35	
118	96.6015	78.2769	60.834	48.7527	37.9104	31	
113	90.3602	74.783	62.4541	50.1253	38.5101	36	
115	94.6981	74.4171	57.221	42.4011	36.1271	32	
115	90.2368	69.09	51.2083	38.4248	35.9636	33.9041	33	
116	90.1369	69.639	52.8005	44.3262	35.8519	32.5778	32	
111	90.9007	71.0825	58.6574	46.7946	40.8913	38.1645	36	
120	93.5747	79.3434	65.8503	54.7487	44.0605	39.5431	36	
111	96.5865	82.4693	68.8558	56.931	45.2284	34.1628	32	
103	70.2758	56.3621	44.7448	37.9231	32.6548	31	
109	82.0343	59.1289	47.9706	42.2985	37.0914	33	
114	98.383	82.9743	68.0415	55.31	44.274	36.5696	33	
105	80.9775	62.1512	50.9153	41.0396	36.986	35	
105	91.4862	78.0736	64.8925	51.7983	41.1637	35.1881	35	
105	89.0481	74.9248	61.7649	50.6623	39.7066	33.0613	32	
116	98.0875	81.3851	67.4994	54.4667	42.6044	34.9078	31	
101	84.874	71.5488	59.1629	50.378	42.9847	37.4702	35	
120	91.3536	63.132	53.7551	46.0473	40.403	36.8829	34	
104	83.5945	63.2553	43.2477	36.2174	32.5254	31.619	31	
106	91.026	76.4955	62.1185	50.7771	39.8792	32.4605	32	
115	95.7903	79.5998	65.9828	52.4265	42.6393	35.1621	35	
121	93.5702	71.1222	52.1978	43.5709	37.04	34.0024	33	
105	79.7673	65.7492	52.4509	44.1537	36.8036	34	
103	83.5117	70.3503	58.532	47.6985	38.6856	34.776	34	
116	93.3776	71.1506	50.59	41.4111	36.6663	35	
112	85.4728	71.27	60.2307	49.5868	39.9645	36.801	34	
123	88.9466	63.3611	45.8791	41.19	37.0926	36	
117	99.395	82.5131	66.8783	54.7681	44.0316	38.826	34	
111	90.6848	77.2878	64.0884	51.7895	39.7541	34.8126	34	
114	89.6473	66.6127	53.5631	44.1054	38.4044	33	
103	76.4046	66.364	56.6464	47.4134	38.1804	36	
108	79.4219	55.2518	38.8323	36.5181	34.3509	32.5877	32	
107	88.3155	71.0868	57.4496	44.2005	35.7803	31	
112	93.7084	76.484	60.1614	49.6355	41.7226	35.0426	33	
122	97.0875	73.8358	51.8817	40.8787	37.3494	36	
106	86.778	72.3835	60.2851	49.894	41.1514	36	
114	90.5878	72.0681	54.0972	42.5463	36.2457	33.8114	33	
122	94.7817	78.2153	62.2519	46.9488	39.5413	34	
120	91.4987	67.8854	58.7484	49.6867	44.009	39.6097	36	
107	84.969	68.5787	57.4834	46.7605	39.8692	36.2772	35	
115	93.8485	75.5367	60.7992	50.762	41.19	36	
116	82.2255	65.2096	56.0218	47.3852	39.1162	35	
113	95.4112	78.9912	62.5903	50.2513	41.8209	37.0693	35	
102	82.136	62.813	47.1685	39.5518	32.9304	32.4544	32	
105	83.1017	62.8506	52.2648	44.2951	36.7131	35.2112	34	
115	92.8061	71.5232	51.8689	38.5636	32.7943	31	
114	94.9228	78.4283	62.281	50.2574	43.8549	37.7129	35	
123	95.27	70.4915	46.9884	39.2998	36.7491	35	
112	80.5293	55.633	39.754	35.1915	34.0059	33	
113	94.4877	77.1105	63.9405	52.5905	44.3324	37.2289	34	
120	102.421	86.5259	72.044	58.9478	46.857	34.8748	33	
107	82.1836	57.8932	41.9165	36.8581	33.9533	32	
102	87.961	74.4707	62.8402	52.0327	41.9874	36.8048	34	
112	84.5191	67.2444	50.9795	35.3998	31.6131	31	
108	71.872	54.2029	45.2644	40.2755	35.4113	33	
107	87.2271	70.0126	58.8668	50.1405	43.5363	38.7567	36	
106	79.6943	64.2675	54.6369	45.5414	37.6051	36	
116	99.2715	82.7442	66.7533	54.1483	42.3479	35.2911	31	
112	95.8743	80.6544	66.7309	53.3934	44.4959	38.5109	34	
101	85.9182	73.1652	60.8028	50.1128	41.5638	36	
109	92.5556	76.5274	62.8758	51.9301	41.4008	37.8622	35	
113	94.5574	79.0619	65.8278	54.2803	43.6781	35.4485	31	
118	93.1792	69.1467	53.2014	43.1052	37.7647	33.0345	31	
122	106.495	91.0072	75.9937	61.0458	49.9945	40.6131	33	
110	89.747	73.7052	58.9102	45.5283	35.9143	35	
123	102.673	85.6201	70.2039	59.9427	49.9259	41.1061	36	
120	97.4679	77.3724	58.1122	45.3494	38.8984	35	
114	93.1379	74.761	59.7776	46.2518	39.8713	37.7206	36	
121	99.0937	77.8089	58.6547	43.8064	38.0358	32.598	31	
106	79.9477	63.1308	49.9438	41.7192	36.0217	34	
103	88.0577	74.8599	65.2336	55.9357	46.6994	37.6683	35	
115	93.7457	74.9706	60.3017	50.0749	43.1278	36.5682	36	
121	92.0679	67.9841	51.0152	35.7779	32.6926	32	
117	98.7567	82.1392	65.6653	49.4065	35.18	32	
121	98.9651	77.0183	60.6079	47.5722	37.2055	32	
114	88.2187	64.3726	43.3146	39.5753	37.2792	36	
109	80.0241	58.4501	41.5417	34.4556	32.2806	32	
111	85.1307	62.4489	49.804	39.1085	36.1581	36	
118	94.1964	72.2405	58.4911	47.4771	40.3265	35.8633	32	
112	94.5951	77.3102	64.6521	54.4873	44.6341	36.2433	32	
121	98.4795	79.2292	61.3474	48.6375	42.4682	37.0874	35	
110	93.7162	78.1961	63.1942	52.3111	41.728	36.5728	36	
109	89.3194	71.2481	53.7572	39.0627	36.9258	35	
120	102.467	86.706	72.961	60.7459	49.7693	39.2056	36	
113	90.9648	72.4515	55.293	42.6498	36.3282	31	
109	91.0609	74.665	58.4405	46.8669	39.194	35.0575	33	
111	74.4027	48.8575	42.5825	36.6314	34.2429	34	
106	85.0909	66.4895	51.9441	44.042	36.5944	33.6573	31	
110	88.0741	66.5185	46.6296	36.0741	31.7037	31	
103	85.8187	69.0682	55.4057	44.4722	39.0682	34.149	33	
116	83.5385	64.364	54.2596	46.7409	39.6599	36	
115	85.8394	65.6109	55.0651	46.4708	37.9515	36	
114	90.9512	71.8885	58.7459	45.9586	39.9201	35.184	34	
108	83.9304	64.5565	47.7565	37.4957	33.7043	32	
101	80.2394	64.2958	48.9155	35.9859	32.9718	31	
107	79.8903	63.0127	48.315	41.6343	37.3446	33.5823	32	
119	81.545	64.44	52.78	42.55	33.585	31	
123	99.6481	84.4682	69.361	55.733	47.0518	39.5588	35	
121	103.281	85.9779	71.3087	58.5341	46.6796	37.6038	31	
123	100.942	83.1486	66.6175	52.1812	41.6315	35.4481	33	
110	84.352	66.5957	53.4526	42.2534	38.0754	35	
120	90.7852	62.6444	45.9748	40.2178	35.0622	33	
113	89.181	70.2856	54.1257	39.1862	35.3987	33	
122	96.4533	80.7018	66.023	51.9935	43.4121	38.3027	35	
118	97.4932	79.4006	63.912	50.1594	38.604	36.1628	36	
101	85.5331	70.262	58.6782	51.0427	44.6471	38.6757	36	
111	85.2021	71.3794	58.3155	47.2639	38.0268	32.9794	31	
107	91.0922	75.5451	61.0441	51.4489	42.5391	36.7856	35	
102	80.2627	63.9825	52.6743	45.277	40.0625	36	
103	89.6556	76.3405	63.5228	51.1002	42.1454	38.7362	36	
102	87.8162	73.7743	60.6644	48.9324	37.5651	31	
115	95.9911	79.2644	64.6382	51.2568	43.7881	37.1752	33	
105	88.1387	72.4958	56.8888	42.769	36.3363	32	
102	83.5347	66.4648	49.8345	37.3714	34.8291	32.6308	32	
113	87.7194	67.4896	52.203	43.9552	36.809	32	
122	99.9363	83.8609	68.5574	54.9839	42.1821	33	
120	93.9858	77.0364	60.6233	48.8231	41.8234	36.1378	33	
111	91.9491	74.1856	61.3911	49.1197	39.0209	33.7502	32	
102	88.2153	74.9603	61.8864	51.642	42.8889	36.0872	35	
113	94.138	76.1887	58.3535	43.8648	36.5063	32.019	32	
108	93.1311	78.3024	66.1424	54.9656	44.0096	35	
106	80.0369	64.1794	52.3061	41.1979	36.7916	36	
108	90.7621	77.3165	64.8313	53.5774	46.5098	39.6885	34	
105	85.4925	69.7007	58.0999	47.9465	39.6941	37.0369	36	
121	95.8896	76.0229	56.6362	42.1239	37.2126	34	
119	98.5963	78.4784	61.2188	44.5968	36.8795	36	
108	90.5016	74.1595	62.1148	50.8603	40.9163	35	
120	97.9629	77.0437	59.4246	42.817	35.2051	31	
116	91.6608	72.7823	60.051	49.3168	41.391	34.0268	31	
119	91.8146	69.5982	52.9599	41.5472	34.5905	31	
110	90.5703	76.2424	62.6477	49.7862	41.9043	35	
113	83.0814	66.3121	50.9041	41.3128	35.0011	32	
107	92.4112	78.9719	67.5612	57.2155	48.0531	40.5643	36	
110	87.7749	66.0202	50.7566	43.8891	37.7743	33	
104	86.206	68.5341	55.8096	45.2838	36.3257	36	
122	101.073	82.1381	65.1114	48.9653	41.6471	35	
113	84.3569	63.4314	49.7843	44.2941	39.6824	35.7294	33	
114	89.6188	72.7746	57.8529	47.0507	37.0724	32.1901	31	
112	80.6281	61.5646	51.9499	44.366	37.4451	35.9117	35	
113	94.7339	79.0175	63.4892	50.7823	42.2135	36.6751	34	
118	87.479	65.6555	48.3879	41.6975	35.2301	33.8283	33	
115	87.3063	70.5941	54.0099	41.9079	36.8174	34.4802	34	
115	99.2509	83.6467	68.107	53.4046	41.1982	35.6909	34	
109	85.6659	63.2074	42.5	37.9032	33.6129	33	
115	91.2066	67.7457	50.1181	41.2404	34.3326	34	
110	93.6237	78.0847	62.6681	52.9485	45.4138	39.5943	35	
116	84.3008	61.1172	49.4643	40.7857	35.1222	35	
103	88.2034	76.1983	64.4678	53.0576	42.4559	32.3119	31	
101	81.0511	66.7988	53.7868	42.4144	34.027	31	
107	82.7811	67.1487	56.0621	47.8797	40.9095	35.5051	35	
118	96.4222	79.7059	66.0791	56.0685	47.5667	39.472	32	
117	96.1918	77.9001	61.6596	47.5972	37.9544	34	
114	89.2956	70.7741	54.5885	42.0851	34.693	32	
117	89.5086	67.7873	54.2774	43.819	34.2206	33	
121	98.3057	76.819	64.287	54.7855	46.0131	37.4457	32	
113	94.6551	77.8069	61.2274	50.6349	41.5968	36.5884	33	
121	95.6049	78.0517	63.7812	50.1489	40.5289	31	
106	90.5588	75.5972	61.1706	48.183	39.7152	35.1769	33	
118	95.9649	76.1244	62.2693	50.9635	43.2712	36.6872	36	
103	84.5396	67.0895	50.713	43.1141	35.7258	32.9472	32	
106	83.8816	67.7339	52.0475	39.5635	36.2797	34.2985	34	
103	86.4693	71.4273	57.9258	46.4669	37.9332	34.5925	33	
110	88.4336	67.5404	51.0682	39.825	36.5485	35	
118	95.1835	76.0579	58.562	45.5719	37.6628	33.5645	31	
116	93.4438	73.621	54.3153	44.367	37.7429	34.8865	34	
103	80.36	64.4514	51.4001	46.073	40.7701	36	
113	91.972	73.245	56.1372	45.7403	38.4115	33	
111	89.7095	70.8738	55.1583	44.8342	38.3416	34.6708	31	
106	83.5178	61.8489	50.8903	39.9768	37.5139	36.113	36	
119	86.0242	65.0516	48.7946	40.7485	38.1434	36	
119	101.158	83.3723	68.7338	54.2816	39.9224	34	
117	92.4653	69.628	51.9599	40.7984	32.8774	31.7972	31	
102	77.302	56.0612	47.8871	40.1525	36.9005	34	
112	91.6964	72.763	58.1893	49.0132	41.2073	35	
117	100.727	84.6717	70.2606	56.4703	45.4985	37.9658	33	
120	98.4675	78.805	62.745	48.005	35.52	33.485	32	
109	83.7361	59.0387	48.616	41.2143	36.3428	32	
122	98.3727	82.9519	67.7457	52.6199	39.291	35.7509	35	
119	97.8426	77.7606	58.6662	47.2974	36.9601	32.6804	32	
112	94.2064	77.7954	66.1445	55.4684	47.3309	40.9614	35	
119	104.229	90.7051	77.5069	64.5075	53.0087	41.8716	32	
111	91.5781	76.324	63.8206	53.672	45.3781	39.1055	34	
120	97.9001	78.2711	58.7115	42.8005	34.6487	31	
105	89.1035	77.4568	65.8264	54.3257	44.8203	36.8071	31	
109	93.7513	79.0432	64.3723	50.8945	42.7109	36	
118	95.9104	76.0248	56.783	48.1156	40.191	35.1144	34	
123	86.9588	70.524	54.46	42.2677	33.7002	33	
116	90.3909	66.811	51.4912	42.2022	37.8006	36	
113	90.4193	68.0472	49.2918	41.4326	35.9845	32.2055	31	
121	99.5031	79.2131	66.0344	54.6499	43.8199	37.1979	31	
114	92.201	71.6571	54.93	39.6374	37.4089	36	
108	85.2264	63.7719	48.4651	39.3307	36.9911	35	
120	95.4048	72.1891	50.3136	39.8685	31.6701	31.2759	31	
122	92.2562	74.0485	56.5358	47.7099	39.162	37.0772	36	
123	96.8497	73.9615	56.9138	41.0763	32.342	32	
117	88.6279	70.2217	53.6659	37.1425	35.6492	35	
123	90.0499	60.761	50.4433	40.3253	36.1316	35	
123	100.834	80.71	61.5579	46.6592	34.8228	33	
103	68.081	54.9684	47.2086	41.4247	37.2574	36	
109	86.886	65.8138	46.6691	39.8969	35.1563	35	
108	91.4753	75.0532	62.4157	51.4049	42.0551	35	
106	91.0081	77.4815	64.2126	51.1208	44.7601	38.657	36	
103	89.8118	78.071	66.4765	55.2183	45.3637	38.3017	32	
111	83.4761	57.1734	40.8908	37.1959	34.6283	33	
119	101.936	85.5939	72.4959	59.9268	48.8737	38.2613	35	
117	92.126	71.019	50.5657	41.3508	38.8914	36.8679	35	
122	91.3294	69.3541	53.3548	38.2408	34.573	31	
105	89.6473	74.4193	59.565	45.633	33.3957	32.0249	32	
120	99.5247	81.6861	64.1435	48.861	40.6547	36.1345	36	
119	98.8124	80.8507	67.1876	53.8571	46.8209	40.6034	35	
116	96.6002	79.5294	67.7647	57.5366	48.1729	41.09	36	
107	89.0031	71.6367	58.0149	45.6158	36.5983	34	
106	88.9102	73.7756	59.5661	49.4938	43.2968	38.0424	36	
112	96.3119	80.986	66.1705	52.0133	42.1034	33	
111	93.4906	77.2242	62.0588	48.1898	35.333	33.0954	31	
116	98.1732	80.711	66.626	54.9014	43.9635	36	
121	99.0946	78.6659	59.9848	42.9527	34.732	32	
117	89.4439	69.312	54.1298	43.6746	38.2523	36	
118	92.548	74.9274	57.3895	47.1867	38.5832	31.1655	31	
109	94.1214	80.6996	67.998	56.704	45.7702	37.9299	35	
103	82.9794	65.4933	53.9725	44.9606	38.6882	36	
110	89.6499	73.6756	57.8067	47.9216	39.6708	32	
121	85.6378	60.0197	37.0591	32.5591	31.4252	31	
108	79.6815	63.9006	53.4987	44.5997	38.0738	35.8985	34	
105	90.6468	77.1604	64.0266	51.5391	42.3572	36.6277	32	
122	94.9731	74.6223	58.8298	43.2675	34.2892	33	
120	96.1053	74.7492	55.6439	42.7937	37.5855	34	
113	88.6669	68.2078	50.9645	39.5702	37.975	36.6583	36	
123	94.6486	70.7721	53.9082	41.5191	31.8015	31	
120	100.616	81.7296	65.4532	52.0655	38.877	35.052	33	
117	90.3024	71.001	55.8513	47.9053	40.8116	36	
110	87.5013	67.5724	49.0255	37.364	33.0485	33	
116	93.6421	74.1113	55.5228	43.8138	36.3926	33	
103	86.1392	71.6076	58.1899	46.8228	37.0506	35	
111	93.0968	75.9011	58.7597	46.6247	37.4827	34	
122	99.1872	76.4581	55.7953	44.9613	37.5618	31	
101	84.4366	68.6796	55.4796	45.9654	39.9298	37.3958	35	
122	98.5561	79.5777	63.7314	49.9317	38.7369	33	
117	90.4375	70.4281	55.4132	43.6748	37.4716	33.8451	32	
121	100.889	83.4154	68.7589	58.0057	49.0878	40.5317	35	
118	97.3758	83.9306	70.4854	57.5336	45.4452	35.7745	32	
102	83.5361	66.5322	51.9114	40.2749	34.564	31	
110	90.25	74.8762	59.9835	45.6177	39.3628	35.0554	31	
115	86.75	62.0625	47.3438	34.5938	32.375	32	
121	99.8306	79.2808	63.1931	49.361	36.7437	36	
117	90.5611	67.7846	57.0112	47.0665	38.405	31	
112	77.361	63.8829	51.9415	40.5707	34.5122	32.2732	31	
104	84.1863	64.8458	47.9332	39.4357	34.7858	31	
120	95.3498	79.4703	63.7443	50.4219	38.6082	37.1763	36	
106	88.2869	71.9894	58.8024	46.3418	34.5517	32	
106	91.4527	77.5791	65.416	55.2916	45.5646	36.7187	31	
122	98.4047	77.088	56.1879	37.836	32.6906	31	
104	81.9868	61.8505	50.6696	44.1541	37.9603	34.9841	33	
102	87.1802	74.1722	61.954	51.3463	43.9442	39.1436	36	
122	95.8116	77.9118	60.5411	46.6092	34.2645	34	
123	88.5867	67.7969	51.6546	43.7431	36.8604	32.2483	32	
105	88.9187	74.8763	62.7769	51.87	42.3289	36.6351	35	
116	93.0332	78.5102	66.3754	54.4337	42.5884	36.509	34	
123	98.5359	81.7816	67.9433	54.4263	42.7873	32.9522	31	
102	85.0671	68.1613	52.9624	37.9531	36.3546	35	
108	87.8578	69.14	52.3586	44.7913	40.2955	36	
102	79.705	57.8892	46.4458	38.4692	32.3529	31.2255	31	
104	90.8074	78.239	65.7747	54.2259	43.676	37.5999	34	
108	94.0061	80.1826	68.0763	56.7791	46.9578	38.3713	34	
104	87.2097	70.8032	60.1552	50.1941	42.5971	35	
108	89.4865	73.1483	58.8496	49.9894	41.7863	35.6454	31	
101	83.9346	70.4512	58.5403	48.5224	39.4073	37.3978	36	
119	97.2764	79.3413	66.0339	54.3329	44.9337	38.6516	34	
108	75.2196	63.001	52.4037	43.6649	37.0614	32	
107	90.1882	74.4454	59.6938	49.0237	38.5285	35.4965	34	
111	89.0901	67.3171	53.0757	43.9922	36.9171	35	
112	92.2083	72.4738	55.9473	47.1828	39.1917	33.6924	31	
104	86.3849	70.1201	54.5003	43.6168	36.0588	31.0403	31	
107	87.5228	70.3142	58.9155	49.3153	40.1576	34.9563	31	
122	101.24	81.0954	66.6324	52.4892	41.1992	34.9516	32	
109	87.7458	74.2388	61.3045	49.549	40.084	32.0674	32	
115	87.3816	69.0346	54.4574	43.762	37.004	31.5864	31	
111	89.0617	67.4537	51.2958	42.8453	36.707	32	
114	94.0118	75.6654	60.5314	48.0388	40.686	34.8085	33	
118	98.1769	80.0573	62.5125	49.9288	39.304	33.6189	31	
120	100.654	82.6696	65.1902	49.4676	33.7668	31	
109	82.6786	66.5	53.8929	44.9286	38	34.3929	32	
115	93.6746	72.7417	54.9487	47.4259	42.8686	39.0091	36	
117	97.9997	80.1826	63.0615	47.0772	34.5495	31	
113	86.9166	69.2584	55.0996	44.1171	37.7376	33	
111	83.8794	62.4089	49.1094	42.619	38.2148	33.8685	31	
106	75.6149	56.8159	45.9804	36.2872	31.7833	31	
110	91.558	75.6909	61.3549	47.6219	37.3918	36	
121	103.967	88.1634	73.0903	61.0461	49.9996	39.2025	34	
109	89.2632	70.3158	52.3158	43.3684	38.1842	36	
112	92.1242	78.1801	65.354	53.2422	41.8758	32.8696	32	
117	93.5041	77.3306	63.7876	50.6711	39.0831	34	
106	82.3001	65.6852	49.7189	44.4301	39.6901	35	
103	81.5407	64.9607	51.4926	44.7461	39.0701	33.419	32	
110	90.1989	74.5247	59.9687	46.6121	42.3632	39.0698	36	
113	93.5618	74.1631	59.0906	44.9268	34.7533	31.6124	31	
104	85.5986	72.8751	60.2552	50.4328	42.206	34	
104	87.5405	72.351	58.085	44.9405	34.4184	33	
110	84.4951	59.6393	44.6146	39.8846	36.2057	35	
122	100.527	81.1073	63.7408	47.3723	36.3935	33	
114	95.5763	77.2289	63.349	51.7029	40.1714	34.3865	32	
103	82.8379	65.2347	54.0702	43.566	36.8178	33	
111	81.105	65.6743	52.831	42.4815	38.6784	35	
119	103.593	88.2963	73.0185	58.2407	46.7037	37.0741	32	
101	86.9483	75.4645	64.0445	54.2513	44.6815	35.7975	35	
106	76.8553	54.8816	42.5789	37.1184	36.0987	36	
122	96.6707	78.1933	59.87	44.3952	35.9521	32.4363	32	
111	87.8571	70.1655	58.1776	49.3192	41.218	34	
121	104.236	87.9878	73.0701	60.9857	49.953	39.2208	31	
123	95.8468	70.5842	55.9482	43.8222	37.694	33	
102	88.2212	75.4904	63.3224	53.9684	46.1087	38.2878	32	
120	84.3136	58.9816	44.7681	37.9289	34.7576	33	
109	89.8197	71.4492	57.618	45.6623	37.3082	31	
104	78.8067	66.503	54.3946	42.9837	36.9574	34	
108	82.2861	62.824	50.3205	38.6867	35.2074	32.5436	32	
102	79.7549	65.0975	53.9299	43.9556	36.8633	33.8913	32	
120	94.4389	76.0995	58.2986	48.6697	40.7511	36	
111	88.309	68.9184	51.5532	40.339	37.0009	33.7004	31	
101	78.0698	62.4692	48.079	37.3535	35.0672	35	
121	90.0871	65.727	44.6247	38.8864	34.8881	33	
102	86.5429	72.9282	61.6901	51.4099	42.3273	38.0163	34	
116	97.357	81.4106	65.4642	50.3714	37.6453	32	
104	79.4778	64.176	53.3127	42.5719	38.7955	36.6866	36	
104	85.9562	71.1088	57.3955	45.2288	38.9186	32.959	31	
112	90.9911	70.5412	51.6286	37.4907	36.1863	36	
119	93.7125	72.5026	53.4229	43.7156	38.7555	35.1343	32	
117	97.5322	79.483	61.6739	50.0849	42.1843	37.9285	34	
122	100.456	80.177	61.9617	48.2616	39.1281	35	
109	83.0272	65.1709	50.7825	43.1087	37.7223	33	
119	99.0309	79.6311	63.8004	49.152	40.2184	34.7007	34	
122	95.5079	80.5116	66.8677	54.6559	43.4783	38.9038	36	
103	86.4494	71.3427	58.9974	48.4931	40.9848	34	
113	87.7832	73.3622	61.2698	51.3206	41.9536	36	
107	67.5362	50.0498	45.6065	41.7366	38.8699	36.72	35	
101	80.0227	64.7903	51.3858	45.1187	39.7003	35	
102	84.6331	67.5108	51.4559	41.3826	36.8685	35.3342	34	
110	94.0721	80.4247	67.9984	56.452	45.6059	36.3041	33	
105	84.3405	64.5848	49.5578	39.9742	32.8915	31	
108	80.9405	60.3238	44.2665	35.9075	34.1894	33	
112	87.7459	76.4136	66.2587	56.1921	47.8916	40.4152	36	
114	90.866	68.3103	53.399	43.3658	37.004	32	
110	84.0098	66.0865	49.3953	38.0722	32.9974	32	
119	95.6623	79.2384	65.0132	52.2715	42.1788	35.9007	35	
110	97.0213	84.8387	72.9393	61.755	50.773	41.9767	36	
120	95.9656	77.1222	60.3812	47.0402	37.2552	31	
107	83.6398	67.4869	52.1308	42.8954	38.332	35	
119	93.0976	73.3814	56.5102	46.0897	36.4301	36	
102	87.5733	74.3884	61.4203	49.6507	42.7911	36.9569	33	
108	88.5631	72.2196	56.7784	42.6003	32.9334	31	
119	100.488	83.9125	70.906	61.9526	53.0598	44.5299	36	
110	94.249	79.5297	66.1942	55.1232	44.7316	38.0639	32	
120	96.0262	73.0558	56.6755	42.058	36.5527	33	
120	97.8615	76.0915	58.2438	49.1883	40.4488	38.1322	36	
117	90.1928	64.4266	41.8993	37.4459	36.3181	36	
120	93.2057	74.2997	59.2076	46.169	34.3365	33	
120	94.1699	68.8811	56.793	46.2385	36.9168	34.1503	34	
116	93.9668	72.1354	57.4214	49.2946	41.5968	36.1705	34	
116	93.8666	72.4471	55.2869	42.7061	39.6778	37.265	35	
121	101.667	82.9579	65.8601	49.145	35.2291	32.9736	31	
105	87.5384	71.7887	57.1202	44.1817	37.1358	32.6127	32	
112	90.9414	72.7627	57.0724	45.4372	38.9399	35	
112	83.0756	62.3488	48.2791	40.7791	35.4884	32	
112	83.1442	60.2401	45.217	36.8435	33.8881	32	
110	89.5488	73.3366	59.5786	50.9147	43.4408	38.6068	35	
118	95.9764	79.8704	64.6392	51.2089	41.8438	35	
102	85.1166	70.5226	58.8079	48.8639	40.4044	34.3056	33	
113	94.2918	76.2604	59.376	46.4401	38.9568	32	
104	85.4242	71.9781	61.0774	51.2843	44.4059	37.7022	33	
121	92.7367	72.1287	59.9036	49.0466	40.9547	34.9877	31	
111	93.5519	76.2641	63.3027	51.4095	42.3828	35.1543	33	
118	83.0417	54.2917	39.5	35.2083	32.4167	31	
119	80.2244	53.2893	44.4678	35.6854	33.137	32	
101	80.7365	64.5928	49.8623	42.3174	37.2635	33	
118	95.6877	73.8948	56.6411	47.0884	40.2231	36	
120	98.9432	80.3213	63.1874	46.4366	34.781	33	
105	83.5713	63.5615	53.8693	45.3796	39.7037	36	
112	94.0096	76.9952	61.512	49.6459	39.3876	36.2297	36	
111	92.0511	73.1875	57.8182	48.4432	42.3068	36.3125	36	
113	85.1085	69.6872	58.4033	47.8137	37.6004	35.0832	33	
118	96.9048	75.8544	57.133	38.7699	36.3066	34	
116	96.6952	78.5074	62.5251	50.8964	43.0198	36.3175	35	
122	86.0337	73.1912	60.8684	52.4799	45.6133	39.0807	36	
123	92.9806	68.8865	51.1712	39.2602	36.358	34	
102	81.8233	66.3904	51.7312	44.1573	38.9248	33.9366	33	
113	98.8354	84.9474	71.3505	60.3303	50.8679	42.5554	35	
117	82.5307	64.745	51.5197	40.4986	34.19	34.076	34	
105	85.0839	65.8683	50.8961	40.3676	32.201	31	
103	74.3172	62.8791	53.1334	44.4965	38.544	33	
104	85.261	67.3951	52.5974	44.5496	38.673	34	
108	93.5525	79.4463	65.5729	52.1806	41.085	33	
119	85.6949	70.2506	56.0321	45.4557	40.5177	36	
114	88.0568	70.0153	54.7206	41.9017	37.3913	34	
102	82.2144	69.4108	57.4875	46.9845	38.8622	33.2806	31	
107	92.996	79.205	67.232	56.793	47.5611	38.7127	36	
115	97.3864	79.9082	64.4794	50.6167	39.5188	36.8314	36	
117	93.7693	71.6977	54.1209	42.4346	38.5076	36	
110	80.4579	63.1192	55.4165	48.6502	43.2432	38.4102	34	
113	91.2343	70.9354	50.6601	40.416	33.91	32.1119	31	
106	89.9097	77.4496	65.8397	54.3443	44.4514	35	
116	89.2754	63.5337	45.1029	35.6417	33.0307	33	
111	86.6518	65.8417	50.1993	43.6816	38.2812	36	
108	82.5943	62.0188	46.6537	36.499	33.4944	33	
116	94.4766	73.9134	53.7236	37.4277	33.1337	31.0267	31	
110	85.9972	64.9122	46.2495	40.469	35.1289	31	
109	91.6598	75.3296	61.5996	51.1431	43.8665	36.9267	35	
109	90.4776	74.5357	62.8087	52.716	43.5982	36	
109	85.1746	62.583	52.5483	43.7201	36.7287	33	
116	99.0929	83.3535	70.0681	56.8674	45.8836	36	
102	83.3104	66.2258	52.1273	41.97	33.0518	31.5282	31	
108	84.2195	62.7192	50.8616	41.6425	34.15	32	
107	84.6191	72.1673	60.628	50.7257	41.6821	35	
113	85.2953	66.8255	55.0316	46.2418	38.2679	33.8915	32	
101	84.1532	68.6041	55.0584	44.9504	36.8685	34.1366	34	
103	89.1978	77.1873	66.1526	55.2598	47.4007	39.79	35	
111	91.8851	73.1332	57.4784	47.5096	37.8312	32	
115	92.4018	71.2915	54.0173	42.8344	33.093	33	
112	93.2049	76.7045	63.3458	52.0359	42.2559	36	
109	93.2547	77.5913	64.9827	55.3879	46.3671	37.7564	33	
114	85.0957	62.3123	43.9496	38.5088	35.4144	34.1222	33	
117	95.419	79.9063	65.7617	51.6833	39.3702	32	
117	75.1481	52.339	45.7798	40.1516	35.0312	33	
123	103.361	87.4558	72.2538	57.6821	48.7597	39.9343	33	
121	99.1215	80.4751	65.0884	51.663	39.7845	31	
120	93.0938	71.0448	51.6164	36.4511	33.6207	31	
120	97.166	74.8699	58.91	45.7296	39.1245	35	
112	87.7576	66.2261	54.6263	45.4246	38.8817	34.1375	32	
123	102.749	85.2284	68.3203	52.1922	40.883	33	
120	95.7902	75.9108	62.8435	50.7386	43.3693	36.785	36	
110	90.6764	76.6036	63.4059	52.5024	42.0956	35	
101	80.2939	66.1119	55.192	45.5214	36.8919	34.7172	34	
110	80.5235	58.6059	49.4657	43.583	37.8269	34	
107	92.252	77.6684	64.7022	55.2997	46.3357	38.0571	34	
115	95.5053	78.7752	62.6721	51.5567	41.1823	37.3631	34	
103	84.1522	65.5761	51.2836	44.1582	37.806	33.5015	33	
113	89.2517	66.3059	52.0368	39.0969	35.6864	33.8307	32	
110	90.3658	74.5253	60.8567	52.6902	44.8713	37.1103	31	
109	87.6696	69.5556	52.669	37.433	32.1004	31	
107	87.4021	69.0987	53.1771	41.6565	36.194	32	
117	94.6064	77.925	65.4841	53.2184	41.2681	31.8761	31	
102	86.4904	72.3601	59.6413	47.4036	39.705	37.5237	36	
123	96.4201	79.6876	64.0225	50.5724	40.8051	36.9088	34	
122	100.111	81.8703	64.6351	49.2006	39.215	34	
104	86.7153	72.9433	59.9856	49.5636	40.7002	34.3493	33	
113	96.1184	80.563	66.1065	52.5595	42.9724	36	
117	101.627	87.0897	72.7612	58.8296	46.903	38.6527	36	
123	103.669	86.6089	70.0392	53.8257	43.6256	35.6302	32	
112	89.9661	68.9205	53.3955	42.7884	34.1339	31.3857	31	
103	88.7213	74.7843	62.8488	51.4747	44.5184	38.7581	36	
104	86.4351	69.3524	55.3487	45.8892	37.6725	35.1685	34	
122	95.5353	70.7146	51.9218	44.5078	39.2858	34.9341	33	
114	92.5993	72.5098	58.0397	44.7872	38.6526	35	
107	75.3751	58.6286	44.3728	38.9654	35.7865	35	
103	88.1596	73.616	60.3222	48.3405	39.2957	35.7184	34	
112	89.5528	71.3493	54.6994	42.9425	36.3103	31	
119	90.3023	68.9822	51.4448	40.0345	32.2504	31	
116	80.6181	60.6355	46.0061	37.7198	32.4766	32	
115	93.7488	80.3763	67.6	55.2496	44.0278	39.6412	36	
122	101.147	81.2124	65.867	54.6404	44.4729	38.0241	36	
106	89.3448	75.0617	60.8956	48.6005	42.5197	37.2742	34	
118	95.1786	79.3909	65.2731	51.3323	38.1	36	
120	98.1051	78.0895	59.9531	48.5582	42.0256	36	
122	96.0377	72.985	57.9896	46.715	37.3709	36	
123	91.0014	62.0167	49.1917	42.0737	37.2964	33.7374	33	
111	91.3931	74.3622	59.5666	50.2634	44.5368	39.8745	36	
105	85.6102	68.3901	53.6144	39.1132	33.0986	32	
108	92.0922	76.2861	60.9035	48.2485	40.3539	36	
115	91.0388	69.2027	50.0768	38.4658	34.8316	34	
104	85.845	72.3309	60.1719	50.0178	41.887	36.8935	35	
105	86.0154	70.3273	54.7796	45.8484	37.0808	35	
105	83.3488	66.509	52.0999	43.4294	34.9844	31	
108	87.2927	69.6958	56.4927	43.3766	33.5232	31	
109	87.315	68.3891	54.3201	45.3588	37.7429	33	
121	95.5746	71.2907	59.2179	50.6044	42.1292	38.0127	34	
110	85.1649	61.0504	45.3067	35.2174	33.2772	33	
104	81.3239	66.0423	55.3697	47.7535	40.7535	34	
115	94.9907	79.0807	63.5562	48.1535	37.4386	32	
120	89.2432	65.6358	51.6249	44.2835	37.422	32	
116	91.3475	73.6665	57.9556	46.4881	37.5971	33	
114	89.2825	68.6485	51.139	41.8893	33.9698	31	
102	71.5584	54.8292	44.3468	35.4489	33.1026	31	
122	86.2089	68.3134	51.6858	41.4701	37.92	36	
116	97.9706	80.8169	65.7169	51.9154	40.983	37.2382	36	
116	85.5123	68.9412	53.9387	39.3786	37.086	36	
122	95.3036	72.5315	58.2381	45.2909	38.7887	32.401	32	
117	95.6972	75.7812	58.9494	45.8952	37.3837	33.8212	31	
119	98.8088	78.8685	61.0478	45.9044	40.243	37.5936	35	
101	81.5706	63.1858	49.9822	41.7926	36.9666	34.6894	34	
123	91.9906	69.1067	52.5242	43.6691	34.8472	31	
101	78.9517	60.4458	47.5283	40.4129	35.7712	34.7634	34	
123	103.65	84.4514	65.8221	50.9869	43.3607	36.2276	36	
115	90.2635	71.5706	54.6486	45.6535	38.7105	35.0562	35	
104	85.571	70.0102	59.1074	50.6455	43.7906	38.2375	36	
117	85.6423	59.997	43.751	38.2411	35.1621	35	
109	84.0069	61.7317	50.3282	42.6766	37.9498	36	
122	87.4227	72.1893	58.044	50.508	44.3018	38.2165	36	
106	82.891	62.891	47.5705	43.2115	39.3333	36	
120	96.8204	76.6397	61.8175	47.3149	40.2848	35	
102	86.1669	72.8995	60.2005	47.5178	36.3777	33.9094	33	
118	98.6721	80.9302	65.8104	51.6634	39.6945	35	
106	82.2042	62.4306	46.8719	38.2495	34.3478	31	
107	93.9165	81.5774	70.8272	60.4778	50.1857	40.0224	36	
112	90.3319	72.6176	55.4619	47.8445	41.0983	35	
120	98.0763	77.7636	58.5882	44.183	36.0327	33	
118	95.0718	73.2134	51.991	41.4666	33.3131	31.2891	31	
116	94.5234	76.3539	59.7406	45.8119	38.0306	34.6068	32	
116	99.9655	84.2232	68.6107	54.5237	41.8487	35.3246	35	
102	75.8669	61.2647	51.2425	44.13	38.8494	34	
117	96.7506	80.7115	65.8753	51.4115	43.5924	38.1792	35	
109	91.0578	73.2295	59.864	47.2954	35.8652	35	
117	95.2081	74.0028	60.0712	46.7849	39.0712	35.3757	33	
106	82.5717	63.2904	52.5653	44.6287	37.86	35	
101	77.6866	56.6169	47.2861	40.9652	37.2438	35	
115	89.5386	69.5763	51.991	43.2557	38.4727	34.2626	32	
105	87.6207	72.3721	57.1606	47.9707	41.6155	35.5383	33	
113	96.6069	83.5505	70.5183	58.2839	46.509	40.5369	35	
105	84.6912	68.7402	55.0411	43.9901	37.2136	31	
116	93.6489	72.2208	56.9542	45.9782	36.5488	36	
110	78.9029	58.6242	47.5342	41.9214	37.4854	34	
106	83.2576	70.4754	59.5193	48.9283	38.9349	32.7928	31	
122	98.8949	77.0326	55.5254	38.9384	33.6377	31	
112	89.801	71.9767	58.2944	45.4962	36.7935	32.6981	32	
121	98.1035	79.2078	62.928	49.5101	40.2469	36	
102	84.834	68.4998	56.5012	45.423	34.4686	32.6458	31	
105	83.5796	63.9069	49.5951	38.8259	35.3779	35	
118	85.5586	68.5201	53.9351	44.0527	39.316	35.3631	34	
104	87.8985	73.5861	60.1793	47.5896	42.62	38.5781	35	
119	100.716	82.781	65.4326	50.4865	42.3258	38.1262	34	
117	101.884	87.0672	73.7434	60.4694	47.7928	35.7135	35	
109	92.6029	76.5567	60.7055	49.1242	41.4618	37.0749	33	
110	86.6398	69.2248	56.6503	48.0481	41.4188	35	
106	87.8718	73.6962	60.6186	50.5907	43.4419	37.1471	35	
119	75.7659	62.3205	51.9634	43.0315	37.9954	36	
122	104.55	87.1517	71.3991	58.7445	47.2625	38.3186	32	
116	89.7049	69.1592	59.4586	49.8125	40.3844	34.4442	33	
117	86.6587	69.79	55.7576	48.2936	41.3521	36.5378	34	
104	90.5142	78.6785	67.2552	56.1335	45.9319	37.7769	36	
117	86.6598	61.2832	49.581	38.7992	34.2958	34	
108	82.7272	59.8779	49.4289	40.8997	35.5178	33	
107	85.812	66.8114	52.9148	42.1707	36.2089	34.0858	34	
114	96.926	80.1652	63.7004	50.9427	38.9161	36.3402	35	
117	98.0292	83.1035	69.6271	56.367	45.2051	39.2565	34	
122	97.1024	74.461	57.5134	43.3592	39.7064	37.3161	36	
117	83.8452	66.1837	48.8375	39.4942	36.9317	35	
113	85.8153	64.726	44.5167	35.8789	32.7497	32	
111	95.6282	80.7731	67.3605	54.9597	45.1855	38.533	33	
111	89.7908	69.1821	55.7552	42.9289	35.4828	33.0088	32	
111	80.8154	62.672	50.3371	39.9601	37.4474	35.2937	35	
119	95.6393	74.283	56.2913	40.9243	33.2408	32	
106	89.4797	74.8528	60.2444	49.2742	40.5501	36.949	35	
114	95.7819	79.68	64.7742	50.3469	37.2814	33.8402	32	
107	87.3582	67.7363	55.6735	45.5153	39.226	35	
104	89.2018	75.3863	64.2924	54.3513	44.5236	37.7198	36	
111	82.5045	64.1087	51.5562	39.2202	35.3968	35	
112	93.0725	75.556	61.7081	48.6866	40.0594	35.5846	35	
106	82.8897	68.6661	55.3717	44.8411	34.4057	33	
104	79.6721	59.0121	45.8002	38.1276	34.1977	33	
122	100.51	79.7533	60.4615	43.7226	34.7316	33.222	33	
118	93.1908	68.8425	55.4266	47.4385	40.2953	33.3826	32	
119	102.975	87.7104	73.6451	59.695	46.6673	35	
121	100.255	81.8379	67.0458	52.8803	45.115	38.1106	35	
102	72.1239	52.9478	42.4412	34.9319	31.0967	31	
118	99.5529	85.9441	72.393	62.0997	52.3653	42.8044	36	
114	87.2092	60.4594	50.0703	40.4583	37.0225	36	
121	103.759	87.1606	70.7496	60.1213	50.537	42.6126	36	
114	94.3614	76.0387	59.5382	48.4434	37.5105	35.1215	35	
117	91.0233	71.704	52.6131	45.5967	40.2448	36.3939	33	
112	92.0287	76.0981	62.1878	48.6259	36.6198	32.672	31	
103	81.8863	63.9326	50.1728	42.4167	38.194	34.8905	34	
112	88.4189	70.0649	57.5255	48.51	39.6414	36	
115	89.2441	70.0156	56.1993	45.2116	35.7741	33	
101	83.3396	67.3597	54.5268	42.2746	32.2222	31	
116	97.3932	80.9065	68.2694	57.5852	47.0125	38.532	31	
110	89.7184	74.3086	61.617	49.3853	41.2099	36.8191	35	
120	100.398	81.3521	65.3223	50.4524	42.3331	36	
114	97.1382	80.2951	64.222	49.726	40.4502	36.3192	36	
113	93.866	74.8328	59.0054	44.3273	33.1775	31	
108	84.4275	62.5444	47.6037	38.7079	33.7453	32.2407	31	
109	85.1702	63.0332	50.8969	44.4902	39.1252	36	
123	104.518	86.2736	68.9279	56.2677	43.7259	38.2122	34	
123	101.219	82.774	65.678	49.2219	34.9599	34	
123	102.738	84.3375	67.5887	55.1473	43.0404	32	
120	100.65	82.1478	64.2024	48.8727	37.7325	31	
108	91.7627	77.3014	65.4449	54.2648	44.9961	38.6703	35	
119	100.619	86.5856	73.2194	61.4549	52.3025	43.932	36	
121	98.7669	79.4442	62.2446	50.4362	40.9657	34	
114	80.2043	62.6671	53.0947	45.0568	40.088	36.1055	33	
121	98.0521	77.1735	59.0805	48.8933	40.5896	36.2918	36	
114	95.8517	79.4237	67.1546	56.4925	46.3975	36.586	36	
113	96.1813	80.5954	66.6649	53.7559	44.193	38.8745	35	
110	93.5975	78.1577	62.8633	51.2925	41.3203	35.3442	34	
102	86.8302	75.5576	64.4488	55.3251	46.8206	39.7547	34	
108	86.9801	69.3176	52.7645	40.9992	34.8684	33	
102	80.4573	64.7316	51.2883	39.5984	35.5348	33.169	32	
103	84.4882	66.0155	54.9357	43.9145	35.3121	35	
123	96.6081	70.7432	51.2432	40.6622	34.4189	33	
113	96.1113	81.1335	67.6845	54.6358	44.9721	36	
110	88.1212	67.8721	47.9133	39.1395	35.2549	33	
116	93.6738	72.7357	59.7964	50.2919	43.14	37.729	35	
116	98.7255	81.4876	65.3477	50.873	42.7298	35.1173	31	
110	85.2121	62.0606	43.1818	37.7879	36.1212	36	
111	92.0927	73.3404	58.7918	44.6694	36.165	32	
104	85.9125	72.7189	63.7896	55.1465	46.8754	39.2626	36	
117	93.9991	72.6783	57.4102	43.5998	37.0776	31	
122	99.3106	78.0859	58.8318	48.2062	40.6164	36.7283	33	
107	87.407	70.5127	56.9533	43.9864	39.0498	36	
118	95.9492	79.4279	65.1094	51.5103	40.1814	34.4496	34	
102	83.2361	67.0847	56.7684	47.3102	39.5109	34	
101	84.887	69.1434	53.633	42.9623	37.2285	32	
115	90.0156	66.5455	53.2962	40.3672	33.728	33	
117	95.0968	76.6935	60.6613	48.9645	41.2419	34.8065	33	
110	94.3326	79.6765	65.4108	52.1388	41.2621	33.7566	32	
117	97.9208	82.9096	68.4694	54.1005	40.8021	32	
101	80.5655	64.0974	52.385	45.0751	40.1326	36	
111	91.199	71.5199	57.6694	43.961	37.0561	36	
110	91.3449	74.0926	59.1533	47.0389	38.2421	31.7394	31	
110	81.8061	61.916	45.702	39.9582	35.3632	33	
119	79.7867	53.7109	46.3858	39.2995	36.7118	35	
122	99.1744	76.5459	54.5742	45.8381	38.7769	35	
104	83.1834	65.0464	51.2265	41.5998	38.2751	36.2654	35	
108	91.8263	77.3813	63.2741	50.4385	39.57	37.1459	35	
104	85.0735	69.2009	55.1165	43.5436	37.5763	34.1808	34	
107	85.3988	68.5661	55.2933	45.6903	36.1313	32	
120	90.7438	66.5467	50.9701	36.1922	31.5991	31	
122	102.254	86.6594	71.5191	56.6753	43.3732	34.9136	31	
111	95.4691	81.7621	68.2357	55.0164	43.5849	39.3771	36	
106	68.2936	47.1508	41.8894	37.846	34.2409	32	
106	86.8133	69.679	53.8094	43.6911	37.7728	33	
102	78.8182	62.2314	53.5537	45.1983	39.2975	37.4876	36	
115	95.2521	78.0042	61.8697	46.8697	37.3739	35	
115	84.0116	61.6636	44.6752	38.1462	33.4362	31	
104	83.9982	65.3356	47.5802	40.9489	35.916	33.6912	33	
107	77.9149	62.2117	48.2494	40.9782	34.97	32	
116	97.913	79.8665	63.9288	49.816	40.6508	34	
119	100.008	83.0833	67.3757	52.8854	39.7282	34.5889	32	
122	94.9203	72.996	53.3167	43.394	33.8315	33	
120	87.6658	67.4137	49.7699	37.9178	36.7288	36	
114	91.5823	70.4985	53.112	43.7284	38.4633	35.6552	35	
111	85.3731	68.582	55.2869	46.6987	39.9547	35	
110	94.0279	78.2657	63.2033	51.7972	43.8024	36	
105	89.4211	74.4762	62.3211	50.3833	39.0614	36.3804	36	
103	86.7757	70.6138	60.4918	50.4948	42.2264	34.4371	33	
101	81.258	62.6725	51.6754	41.5304	36.6406	33.0899	31	
103	85.9176	70.9041	60.5229	51.7162	43.2757	35	
111	87.3541	63.7607	50.6125	43.4216	36.3882	34.4461	34	
103	80.3921	58.8352	44.7753	36.1572	32.6773	32	
121	95.7949	72.239	52.1683	43.8911	36.6719	33	
109	85.2385	66.1771	52.3119	40.3267	36.2011	35	
106	85.9506	69.5316	53.417	38.216	36.0846	34	
107	81.3688	65.2859	51.7102	44.0555	38.9346	34.7205	32	
109	89.3842	70.661	55.9994	43.9487	39.2624	35	
115	93.2197	72.4765	55.4725	44.2821	37.022	32	
120	95.7738	76.4869	65.3016	54.5605	44.3421	38.2791	33	
101	87.3318	74.162	61.6416	49.5593	42.5817	37.8696	35	
101	85.7871	73.7711	62.1245	51.2008	40.743	34.1245	33	
108	80.7844	59.6766	48.0299	41.1437	35.2455	33	
113	90.4886	68.1236	55.6531	45.1438	38.7329	33.3173	32	
109	71.8955	56.8792	42.965	39.1076	35.9849	33.8725	33	
116	93.0159	75.3937	61.5969	50.1832	40.2433	33.6585	33	
114	94.7527	79.2688	64.6452	51.3656	39.8065	34	
116	96.7842	78.8613	61.518	50.2158	41.2098	33.0286	31	
115	93.5873	74.1008	55.6894	47.2229	39.1819	33	
105	81.6112	62.6415	53.4505	45.1293	38.0304	35.1391	33	
117	98.9598	81.4286	65.8955	50.5887	36.1678	34	
111	93.6922	76.5614	59.497	44.3581	36.7666	34.4869	34	
120	95.1177	74.3245	55.6192	41.9311	38.161	35	
106	86.0222	69.7333	54.0444	43.3111	35.7111	31	
111	91.9746	75.5339	59.7076	46.8051	41.3814	38.2881	36	
101	81.3061	64.6519	51.9314	44.2429	38.5212	34	
104	83.233	63.1055	44.785	38.9191	36.5004	36	
108	82.4899	60.0779	47.4065	36.5773	33.7025	32	
123	101.732	81.1463	61.5854	50.3902	40.2683	34	
107	90.6009	74.8496	62.0969	50.1029	42.8844	38.3126	34	
103	91.085	79.219	67.9163	58.6463	49.4131	41.5392	35	
105	75.6625	59.1233	49.4098	41.5011	36.9397	32.608	31	
121	103.572	86.2365	71.9069	57.8355	45.9588	40.1679	36	
108	83.3678	64.7108	47.3341	40.0481	35.9021	32.7316	32	
110	84.7832	68.2786	58.7005	49.826	41.4113	36.4059	36	
101	84.5519	68.781	54.6674	44.8662	39.8765	35.4571	32	
120	98.7696	78.234	61.9638	47.5626	37.4505	34.8626	34	
113	93.0405	75.4545	58.8395	46.2974	34.1059	33.2967	33	
115	97.6909	81.7205	66.2215	52.0047	38.1838	32.5838	31	
103	76.5539	53.5003	41.9734	33.5472	33.2553	33	
105	88.3114	73.1674	58.4096	47.0936	36.8857	34.1994	32	
101	86.8075	72.6925	59.197	50.6002	42.5843	34.9556	33	
123	100.318	80.717	61.6032	47.9504	34.6762	33.757	33	
105	82.8994	68.1745	56.3105	46.1789	36.0736	34	
101	83.3377	69.0916	56.635	46.1306	41.041	36.8346	33	
102	80.2528	63.1158	52.6213	46.9191	41.8235	37.4559	36	
102	84.4401	69.2852	57.667	49.8862	42.5121	36.3051	31	
114	99.9048	86.5224	73.5473	61.5032	49.7499	38.5785	31	
112	94.8201	78.805	65.5197	53.6358	45.1732	37.1111	35	
101	81.3952	64.0896	50.0473	41.345	35.9803	33.7306	32	
119	89.23	72.2016	55.8281	40.0501	31.2977	31	
102	84.886	69.0588	59.0864	49.7788	40.6857	33.7157	32	
123	102.035	81.1643	68.2234	55.917	44.4351	34	
122	88.7026	66.7105	53.2856	41.2296	35.2237	32	
115	94.1431	78.1147	62.7831	52.6284	43.6436	36.0524	31	
123	92.4897	67.0066	53.485	40.7261	35.5949	34	
103	87.5075	72.8288	59.2241	46.5469	37.7917	34	
122	101.253	82.2403	64.4119	53.1819	44.2783	36.6013	34	
122	71.0957	53.7954	44.1841	39.6277	37.1358	35	
119	97.1106	76.4372	61.6894	48.799	38.9819	31	
112	88.3468	68.5188	50.4341	38.4124	34.4832	33	
118	91.5127	75.0508	59.7754	46.2797	38.0636	34	
115	94.7823	75.1451	59.2322	46.3664	35.2418	35	
123	100.845	84.3202	68.2554	52.5812	37.2518	33	
123	102.12	83.3483	66.4181	49.5101	35.7751	34	
113	88.6189	65.76	45.8165	40.708	36.0382	34.1806	34	
103	82.5153	63.8151	47.1508	41.7217	36.4183	33.754	33	
107	84.4207	62.8098	44.5118	39.3385	37.4271	36	
108	88.2846	70.9623	57.6646	44.8836	35.5834	33	
112	92.9664	74.996	59.4992	47.0896	36.4791	31	
105	83.6512	65.2614	51.628	43.3428	39.3097	37.4905	36	
113	91.8889	71.3333	52.0222	45.8667	40.5111	36.9111	35	
112	87.8935	73.5427	61.4188	52.3347	44.1342	36.9942	33	
103	86.4733	73.0945	61.1528	49.9639	39.1171	32	
119	94.8793	76.8222	60.2343	44.5011	36.4074	32	
104	85.3951	68.3198	52.19	41.372	33.7798	32	
107	88.5623	71.8438	55.8368	46.5487	40.9759	37.1619	34	
103	86.6548	74.9653	64.1866	54.0994	44.9569	38.682	36	
107	84.5218	64.6455	53.0812	45.6366	39.1076	35.9756	34	
108	84.6213	71.1109	60.7446	51.3433	42.7514	35	
121	100.823	82.1259	67.2028	54.7217	45.1512	36	
110	90.4605	74.3934	61.0336	48.1446	39.3165	34.7847	34	
103	85.5687	70.0962	58.2178	46.7886	37.2283	35.6469	35	
113	86.7744	66.9783	51.102	42.8113	36.8894	35	
122	98.7247	79.183	64.6096	50.548	43.1107	37.5102	32	
110	85.0872	60.5932	49.5761	39.9197	36.7533	35	
113	94.909	81.4226	68.6658	57.62	47.0774	37.5161	35	
117	90.7624	65.0535	50.2825	41.3273	35.7427	34.1566	33	
108	79.3443	58.814	49.8218	42.2922	36.6044	32	
123	94.3907	65.8729	50.2872	41.2896	36.0435	34	
122	97.4362	78.9313	63.1276	47.425	39.3212	32.9088	32	
122	102.249	83.1118	65.4653	49.7259	43.5002	38.0419	33	
111	86.8214	65.4419	49.3939	38.6241	34.5455	31	
104	86.5965	70.2431	59.1787	50.9145	45.1587	40.2585	36	
119	94.2368	71.4093	57.3924	44.9107	40.3386	37.7354	36	
121	99.795	80.5057	62.5376	46.5513	38.3929	34	
110	90.9701	74.43	58.797	47.4485	39.5548	35	
118	90.1593	73.4201	59.2562	49.0247	41.7514	35	
116	97.1765	81.1961	65.7451	52.2549	40.4706	33	
123	96.6316	71.9182	58.1272	48.5287	40.4747	33	
107	71.9364	58.6913	46.2675	41.4418	37.7455	36	
103	80.6846	62.3967	50.0799	43.5937	37.7865	35	
119	92.037	69.5185	48.7119	38.6379	31.823	31	
19.04	16.8	26.88	15.68	19.04	29.12	30.24	33.6	33.6	20.16	22.4	19.04	28	15.68	31.36	28	30.24	21.28	16.8	14.56	28	19.04	15.68	33.6	31.36	21.28	17.92	11.2	24.64	30.24	32.48	20.16	20.16	13.44	13.44	29.12	26.88	24.64	29.12	16.8	17.92	23.52	26.88	24.64	23.52	12.32	32.48	29.12	30.24	22.4	20.16	26.88	17.92	31.36	24.64	29.12	31.36	32.48	21.28	14.56	21.28	13.44	24.64	29.12	16.8	32.48	12.32	14.56	12.32	15.68	19.04	16.8	24.64	11.2	11.2	16.8	32.48	23.52	11.2	33.6	13.44	23.52	20.16	33.6	30.24	30.24	21.28	32.48	14.56	21.28	25.76	19.04	32.48	21.28	20.16	32.48	26.88	28	15.68	19.04	11.2	14.56	17.92	23.52	23.52	14.56	30.24	31.36	20.16	30.24	26.88	21.28	20.16	31.36	30.24	33.6	12.32	23.52	17.92	31.36	22.4	14.56	16.8	15.68	13.44	17.92	29.12	17.92	32.48	24.64	25.76	15.68	32.48	22.4	26.88	16.8	24.64	15.68	11.2	22.4	31.36	26.88	30.24	15.68	23.52	22.4	15.68	20.16	17.92	24.64	29.12	33.6	22.4	29.12	12.32	22.4	12.32	15.68	16.8	22.4	32.48	24.64	31.36	24.64	16.8	32.48	13.44	30.24	21.28	21.28	23.52	15.68	26.88	17.92	12.32	29.12	12.32	12.32	13.44	14.56	17.92	24.64	29.12	12.32	20.16	12.32	33.6	30.24	17.92	29.12	12.32	11.2	29.12	13.44	20.16	30.24	12.32	31.36	33.6	15.68	21.28	25.76	14.56	24.64	33.6	20.16	12.32	31.36	11.2	23.52	17.92	25.76	21.28	32.48	19.04	11.2	33.6	33.6	23.52	24.64	33.6	16.8	15.68	15.68	31.36	24.64	17.92	28	29.12	17.92	22.4	22.4	11.2	22.4	33.6	33.6	13.44	31.36	11.2	15.68	12.32	25.76	19.04	30.24	32.48	29.12	29.12	19.04	28	11.2	32.48	33.6	11.2	32.48	19.04	24.64	15.68	20.16	16.8	23.52	28	14.56	31.36	32.48	33.6	15.68	12.32	33.6	21.28	14.56	21.28	33.6	28	16.8	21.28	29.12	26.88	15.68	33.6	13.44	16.8	13.44	12.32	19.04	13.44	20.16	26.88	16.8	20.16	17.92	24.64	11.2	24.64	12.32	29.12	26.88	29.12	25.76	17.92	16.8	12.32	26.88	31.36	19.04	24.64	25.76	12.32	32.48	33.6	19.04	33.6	12.32	29.12	30.24	25.76	14.56	28	13.44	32.48	23.52	32.48	26.88	26.88	22.4	15.68	26.88	31.36	12.32	19.04	28	13.44	16.8	23.52	30.24	26.88	33.6	32.48	28	23.52	11.2	32.48	20.16	21.28	14.56	21.28	14.56	29.12	14.56	15.68	31.36	13.44	11.2	22.4	31.36	24.64	24.64	15.68	29.12	11.2	31.36	17.92	14.56	15.68	24.64	32.48	33.6	31.36	13.44	20.16	24.64	33.6	28	19.04	29.12	21.28	13.44	26.88	22.4	20.16	22.4	19.04	22.4	24.64	33.6	25.76	31.36	22.4	25.76	20.16	29.12	11.2	15.68	23.52	24.64	29.12	26.88	32.48	17.92	21.28	22.4	14.56	33.6	21.28	25.76	33.6	30.24	17.92	14.56	20.16	29.12	26.88	11.2	32.48	23.52	16.8	30.24	15.68	30.24	20.16	20.16	13.44	11.2	33.6	13.44	25.76	33.6	21.28	19.04	26.88	15.68	12.32	24.64	19.04	12.32	21.28	24.64	29.12	24.64	19.04	20.16	31.36	19.04	22.4	19.04	30.24	33.6	26.88	23.52	29.12	19.04	11.2	33.6	29.12	14.56	28	12.32	25.76	31.36	20.16	19.04	14.56	14.56	24.64	29.12	29.12	19.04	13.44	13.44	15.68	17.92	16.8	13.44	29.12	11.2	32.48	24.64	14.56	32.48	23.52	13.44	13.44	22.4	14.56	17.92	11.2	25.76	12.32	25.76	25.76	13.44	26.88	17.92	22.4	33.6	29.12	17.92	25.76	33.6	15.68	14.56	15.68	21.28	20.16	22.4	26.88	28	23.52	31.36	28	19.04	24.64	30.24	15.68	11.2	25.76	25.76	17.92	22.4	33.6	32.48	20.16	16.8	15.68	15.68	12.32	11.2	21.28	33.6	21.28	21.28	33.6	32.48	24.64	26.88	30.24	19.04	25.76	20.16	14.56	28	14.56	14.56	22.4	19.04	28	28	28	14.56	14.56	33.6	11.2	29.12	29.12	29.12	20.16	19.04	15.68	12.32	32.48	16.8	31.36	16.8	30.24	24.64	16.8	20.16	21.28	30.24	15.68	15.68	21.28	13.44	32.48	29.12	12.32	12.32	28	17.92	33.6	28	30.24	33.6	31.36	29.12	13.44	14.56	24.64	22.4	32.48	14.56	20.16	15.68	17.92	26.88	29.12	32.48	25.76	28	33.6	20.16	26.88	19.04	17.92	33.6	16.8	23.52	28	20.16	12.32	26.88	23.52	14.56	25.76	13.44	15.68	31.36	23.52	12.32	26.88	28	13.44	16.8	28	32.48	12.32	14.56	29.12	15.68	21.28	26.88	20.16	13.44	28	11.2	30.24	23.52	11.2	32.48	25.76	29.12	23.52	32.48	26.88	12.32	13.44	31.36	13.44	22.4	28	26.88	29.12	19.04	12.32	30.24	19.04	15.68	32.48	23.52	13.44	31.36	31.36	29.12	14.56	26.88	31.36	14.56	19.04	29.12	15.68	11.2	11.2	30.24	22.4	19.04	15.68	17.92	15.68	24.64	12.32	14.56	17.92	33.6	21.28	14.56	14.56	13.44	24.64	21.28	12.32	23.52	33.6	20.16	24.64	19.04	15.68	23.52	24.64	22.4	19.04	25.76	15.68	32.48	29.12	21.28	33.6	12.32	24.64	26.88	24.64	16.8	14.56	22.4	12.32	17.92	33.6	31.36	15.68	20.16	32.48	25.76	13.44	33.6	26.88	14.56	31.36	15.68	15.68	16.8	22.4	21.28	17.92	31.36	26.88	32.48	21.28	19.04	14.56	16.8	12.32	33.6	23.52	14.56	23.52	24.64	33.6	21.28	21.28	22.4	22.4	17.92	33.6	14.56	19.04	31.36	23.52	32.48	20.16	15.68	20.16	11.2	26.88	23.52	19.04	15.68	11.2	31.36	19.04	31.36	13.44	25.76	22.4	16.8	25.76	13.44	22.4	28	11.2	24.64	12.32	16.8	20.16	16.8	23.52	28	24.64	22.4	21.28	33.6	25.76	21.28	20.16	32.48	15.68	22.4	17.92	15.68	17.92	29.12	17.92	28	30.24	14.56	29.12	25.76	20.16	20.16	25.76	11.2	11.2	19.04	14.56	22.4	19.04	26.88	22.4	26.88	16.8	19.04	11.2	25.76	23.52	32.48	31.36	31.36	25.76	28	28	30.24	24.64	22.4	16.8	28	31.36	12.32	32.48	30.24	31.36	23.52	24.64	17.92	33.6	16.8	17.92	31.36	33.6	15.68	29.12	30.24	14.56	13.44	25.76	14.56	31.36	14.56	22.4	33.6	24.64	25.76	16.8	17.92	28	11.2	11.2	17.92	31.36	29.12	29.12	30.24	28	30.24	20.16	19.04	21.28	25.76	33.6	31.36	28	29.12	11.2	20.16	30.24	12.32	17.92	24.64	14.56	16.8	16.8	16.8	16.8	12.32	22.4	24.64	17.92	17.92	32.48	33.6	31.36	11.2	16.8	23.52	32.48	26.88	14.56	23.52	25.76	13.44	33.6	22.4	33.6	32.48	30.24	14.56	30.24	24.64	33.6	32.48	26.88	28	21.28	30.24	30.24	32.48	31.36	13.44	13.44	12.32	14.56	15.68	15.68	22.4	17.92	24.64	30.24	11.2	14.56	32.48	17.92	30.24	25.76	17.92	19.04	20.16	17.92	29.12	31.36	12.32	15.68	16.8	23.52	29.12	14.56	32.48	32.48	26.88	33.6	23.52	17.92	30.24	19.04	19.04	25.76	13.44	13.44	20.16	21.28	11.2	19.04	11.2	21.28	17.92	17.92	28	14.56	24.64	26.88	26.88	24.64	30.24	19.04	24.64	28	15.68	21.28	25.76	25.76	29.12	12.32	23.52	15.68	14.56	13.44	16.8	24.64	16.8	24.64	24.64	11.2	26.88	29.12	21.28	
13.44	33.6	22.4	16.8	13.44	17.92	11.2	32.48	12.32	23.52	29.12	24.64	11.2	33.6	28	17.92	16.8	21.28	14.56	24.64	23.52	20.16	31.36	13.44	22.4	29.12	19.04	16.8	22.4	16.8	23.52	22.4	15.68	17.92	29.12	13.44	13.44	28	32.48	31.36	33.6	29.12	23.52	19.04	22.4	19.04	26.88	25.76	16.8	23.52	21.28	23.52	22.4	26.88	15.68	23.52	32.48	11.2	25.76	32.48	20.16	31.36	13.44	24.64	32.48	22.4	32.48	26.88	14.56	19.04	19.04	15.68	32.48	22.4	14.56	33.6	28	29.12	11.2	29.12	26.88	22.4	11.2	28	29.12	31.36	11.2	22.4	20.16	31.36	14.56	11.2	28	14.56	11.2	17.92	11.2	24.64	21.28	31.36	16.8	30.24	25.76	30.24	32.48	33.6	25.76	17.92	30.24	30.24	11.2	16.8	14.56	20.16	19.04	20.16	13.44	22.4	29.12	31.36	19.04	33.6	19.04	21.28	28	32.48	24.64	14.56	29.12	25.76	26.88	26.88	33.6	12.32	13.44	12.32	21.28	11.2	31.36	21.28	29.12	20.16	25.76	12.32	11.2	13.44	23.52	26.88	28	24.64	33.6	20.16	31.36	31.36	22.4	22.4	28	23.52	22.4	31.36	11.2	32.48	15.68	26.88	28	19.04	31.36	13.44	17.92	23.52	26.88	14.56	26.88	11.2	15.68	30.24	23.52	26.88	25.76	12.32	13.44	15.68	20.16	24.64	21.28	24.64	31.36	32.48	16.8	14.56	19.04	30.24	25.76	25.76	13.44	11.2	15.68	12.32	31.36	20.16	24.64	33.6	31.36	25.76	20.16	29.12	15.68	22.4	29.12	11.2	25.76	16.8	30.24	26.88	14.56	26.88	33.6	26.88	33.6	22.4	33.6	13.44	32.48	25.76	23.52	32.48	25.76	12.32	33.6	32.48	19.04	28	11.2	33.6	14.56	30.24	14.56	23.52	28	17.92	11.2	17.92	11.2	23.52	23.52	31.36	16.8	16.8	24.64	23.52	29.12	26.88	19.04	25.76	13.44	14.56	30.24	16.8	17.92	13.44	15.68	31.36	26.88	15.68	12.32	22.4	19.04	28	11.2	29.12	11.2	13.44	28	30.24	28	19.04	15.68	15.68	30.24	21.28	32.48	19.04	31.36	29.12	21.28	19.04	33.6	22.4	23.52	22.4	20.16	29.12	32.48	22.4	26.88	15.68	12.32	30.24	28	21.28	32.48	12.32	22.4	26.88	21.28	16.8	33.6	24.64	29.12	17.92	11.2	26.88	13.44	11.2	26.88	16.8	19.04	15.68	25.76	32.48	33.6	15.68	17.92	23.52	22.4	13.44	29.12	16.8	29.12	31.36	31.36	23.52	28	17.92	33.6	26.88	20.16	32.48	22.4	16.8	24.64	13.44	22.4	28	13.44	24.64	33.6	32.48	32.48	26.88	29.12	29.12	31.36	13.44	19.04	16.8	30.24	22.4	15.68	23.52	31.36	32.48	24.64	32.48	28	11.2	30.24	21.28	21.28	22.4	30.24	28	28	12.32	25.76	25.76	30.24	20.16	21.28	16.8	12.32	11.2	14.56	13.44	25.76	14.56	28	26.88	26.88	12.32	11.2	17.92	13.44	24.64	21.28	21.28	11.2	21.28	33.6	22.4	13.44	23.52	14.56	25.76	13.44	25.76	23.52	28	12.32	14.56	24.64	21.28	31.36	14.56	21.28	26.88	22.4	30.24	32.48	26.88	23.52	19.04	29.12	28	28	20.16	25.76	14.56	16.8	25.76	29.12	23.52	22.4	25.76	15.68	21.28	32.48	19.04	23.52	26.88	16.8	25.76	16.8	19.04	15.68	28	19.04	22.4	23.52	28	33.6	20.16	14.56	30.24	29.12	14.56	15.68	11.2	31.36	30.24	19.04	28	24.64	22.4	19.04	16.8	20.16	26.88	16.8	17.92	16.8	13.44	33.6	29.12	16.8	15.68	24.64	16.8	20.16	13.44	32.48	11.2	14.56	28	26.88	20.16	32.48	20.16	13.44	17.92	16.8	26.88	20.16	20.16	20.16	20.16	16.8	15.68	13.44	33.6	14.56	14.56	13.44	33.6	26.88	12.32	17.92	28	15.68	17.92	31.36	21.28	12.32	33.6	25.76	28	13.44	19.04	32.48	19.04	16.8	21.28	19.04	24.64	26.88	17.92	11.2	11.2	25.76	17.92	29.12	30.24	29.12	21.28	24.64	11.2	24.64	24.64	14.56	26.88	19.04	15.68	32.48	28	20.16	16.8	33.6	30.24	29.12	25.76	32.48	13.44	22.4	30.24	23.52	20.16	28	17.92	33.6	26.88	16.8	23.52	16.8	14.56	31.36	26.88	16.8	17.92	17.92	15.68	33.6	25.76	31.36	32.48	11.2	11.2	33.6	28	14.56	24.64	26.88	29.12	22.4	12.32	26.88	23.52	14.56	31.36	14.56	33.6	11.2	21.28	12.32	16.8	22.4	29.12	17.92	19.04	25.76	28	20.16	28	21.28	16.8	14.56	33.6	13.44	26.88	32.48	32.48	22.4	11.2	13.44	14.56	16.8	19.04	33.6	20.16	29.12	26.88	30.24	14.56	26.88	30.24	29.12	20.16	23.52	29.12	12.32	11.2	28	28	30.24	23.52	17.92	29.12	33.6	26.88	29.12	11.2	33.6	15.68	12.32	26.88	13.44	32.48	21.28	14.56	33.6	33.6	11.2	20.16	32.48	20.16	21.28	23.52	20.16	12.32	29.12	22.4	19.04	14.56	15.68	23.52	30.24	12.32	26.88	14.56	15.68	20.16	32.48	22.4	16.8	13.44	23.52	22.4	14.56	14.56	24.64	33.6	17.92	13.44	24.64	30.24	24.64	16.8	28	24.64	33.6	32.48	25.76	30.24	32.48	33.6	13.44	29.12	22.4	23.52	12.32	12.32	13.44	12.32	12.32	32.48	17.92	19.04	17.92	16.8	33.6	32.48	22.4	13.44	20.16	33.6	24.64	16.8	19.04	15.68	23.52	28	17.92	22.4	30.24	28	20.16	20.16	19.04	11.2	11.2	29.12	33.6	16.8	13.44	16.8	20.16	29.12	13.44	25.76	29.12	20.16	13.44	19.04	14.56	23.52	32.48	24.64	12.32	30.24	13.44	11.2	12.32	25.76	31.36	11.2	33.6	20.16	32.48	28	25.76	22.4	16.8	24.64	26.88	28	20.16	30.24	14.56	14.56	28	15.68	16.8	25.76	19.04	22.4	21.28	20.16	29.12	15.68	31.36	25.76	15.68	31.36	14.56	12.32	33.6	26.88	33.6	19.04	32.48	25.76	24.64	29.12	19.04	17.92	12.32	20.16	31.36	33.6	28	23.52	31.36	16.8	24.64	30.24	22.4	11.2	21.28	20.16	23.52	22.4	11.2	16.8	13.44	20.16	21.28	25.76	32.48	13.44	21.28	14.56	20.16	11.2	15.68	25.76	22.4	29.12	13.44	17.92	12.32	16.8	23.52	12.32	33.6	14.56	33.6	26.88	28	31.36	19.04	25.76	19.04	19.04	24.64	26.88	29.12	22.4	16.8	20.16	14.56	15.68	22.4	13.44	21.28	12.32	20.16	21.28	30.24	21.28	12.32	22.4	23.52	15.68	11.2	24.64	19.04	15.68	21.28	20.16	16.8	13.44	31.36	30.24	13.44	13.44	24.64	15.68	20.16	28	29.12	33.6	23.52	20.16	23.52	12.32	20.16	30.24	33.6	11.2	21.28	20.16	25.76	22.4	33.6	13.44	17.92	26.88	19.04	11.2	25.76	16.8	12.32	17.92	30.24	12.32	33.6	31.36	16.8	14.56	15.68	28	15.68	31.36	30.24	12.32	21.28	23.52	22.4	28	21.28	12.32	26.88	21.28	23.52	24.64	17.92	24.64	16.8	14.56	26.88	26.88	31.36	16.8	25.76	32.48	13.44	32.48	29.12	28	25.76	23.52	24.64	32.48	28	21.28	13.44	12.32	13.44	31.36	22.4	25.76	30.24	22.4	17.92	32.48	25.76	24.64	13.44	14.56	14.56	16.8	15.68	32.48	32.48	30.24	15.68	29.12	13.44	30.24	23.52	24.64	21.28	12.32	13.44	33.6	33.6	24.64	20.16	12.32	11.2	30.24	16.8	21.28	31.36	30.24	12.32	15.68	20.16	21.28	14.56	17.92	14.56	31.36	29.12	20.16	24.64	30.24	22.4	20.16	32.48	22.4	
13.44	20.16	20.16	23.52	17.92	25.76	24.64	14.56	15.68	33.6	31.36	21.28	11.2	28	32.48	
16	15	15	20	10	18	12	10	10	14	12	13	17	15	14	13	12	15	11	10	12	15	17	17	11	16	14	19	19	18	15	19	11	20	10	16	14	18	11	10	10	20	10	14	11	17	13	15	16	18	10	12	14	12	18	14	17	10	14	16	19	16	19	17	14	14	12	13	19	11	16	20	20	16	12	14	11	20	14	18	10	13	18	20	11	10	10	12	19	20	11	10	13	11	18	15	20	16	13	12	12	19	16	12	12	10	13	16	20	12	16	17	17	19	12	13	18	16	14	20	10	12	13	15	14	20	15	12	16	11	17	17	12	11	16	16	12	18	14	14	19	11	18	18	20	10	15	10	17	14	10	19	20	16	13	17	16	15	10	18	14	12	15	16	17	15	17	11	12	19	15	17	11	14	18	18	20	16	17	13	20	15	13	17	15	11	19	12	10	17	16	16	19	11	16	14	19	15	14	18	19	16	19	17	17	14	20	16	17	12	14	11	20	13	11	12	10	17	19	12	19	17	15	12	11	11	16	16	18	13	15	20	10	11	10	20	11	20	14	19	18	16	18	17	11	19	14	17	17	15	14	17	19	11	19	19	15	20	10	15	16	18	14	12	10	17	15	14	13	17	18	20	12	13	13	19	16	13	16	11	13	11	10	12	18	17	14	11	20	18	12	10	20	12	11	10	18	16	20	14	19	20	14	19	11	13	19	13	10	19	19	13	11	15	13	20	15	15	12	16	13	18	11	16	20	14	14	13	12	11	14	10	11	14	16	20	14	12	10	12	20	16	17	11	16	11	19	11	13	13	10	15	13	15	19	16	13	16	18	16	18	10	10	11	16	12	16	15	18	20	13	14	14	20	14	12	11	19	12	14	16	18	16	10	20	10	18	15	12	20	12	20	16	17	17	16	11	10	10	12	18	11	14	15	17	18	17	15	14	17	13	15	10	17	18	13	13	18	10	11	12	18	10	18	19	13	18	19	12	10	11	18	19	10	11	17	10	12	18	11	10	14	12	19	15	14	18	10	11	14	13	12	15	20	16	12	20	13	12	20	15	13	20	13	18	13	12	10	16	11	11	20	12	20	10	17	13	20	18	13	11	18	20	10	14	15	16	18	19	10	20	12	12	15	16	11	15	17	14	14	12	20	10	12	20	19	16	16	15	17	14	14	13	16	10	13	18	20	14	20	12	20	10	13	16	20	19	11	19	12	17	10	19	13	20	11	19	20	15	14	14	13	19	12	13	19	12	12	20	12	18	19	11	12	15	16	10	10	19	11	19	17	14	18	13	18	12	18	20	16	18	12	19	11	10	18	13	15	20	13	15	13	19	17	11	15	20	14	16	16	18	14	16	10	17	17	15	15	17	16	19	20	11	12	10	17	19	17	19	18	11	19	15	19	20	13	15	17	17	18	12	14	17	14	20	15	16	15	14	14	20	14	14	14	18	16	15	13	16	15	15	13	18	17	10	19	14	15	14	12	15	12	18	10	14	10	12	19	12	10	11	12	18	11	11	15	10	14	13	10	15	11	15	18	13	10	19	19	15	15	13	20	14	13	16	19	15	14	18	13	14	15	15	13	15	17	13	16	19	11	16	12	20	19	11	19	17	13	10	11	12	19	18	18	19	19	17	16	13	10	10	18	13	18	20	16	14	10	12	15	13	12	12	14	11	11	15	14	13	10	17	14	20	10	12	20	14	11	20	20	14	12	11	13	16	15	17	20	20	16	10	12	17	15	11	17	15	11	15	12	20	20	11	16	20	13	17	17	17	20	13	14	18	19	17	10	17	16	12	19	17	12	20	12	18	20	13	20	16	13	16	10	10	20	15	19	17	14	20	17	17	13	20	18	20	11	10	15	15	12	11	18	12	13	16	19	20	19	14	14	17	16	15	18	18	12	18	15	15	10	11	14	15	11	16	20	16	16	14	12	10	17	19	14	13	16	16	14	19	17	15	12	14	18	17	16	13	20	16	13	10	12	10	14	18	11	13	12	18	17	11	19	20	14	10	12	16	12	12	16	19	19	18	12	14	12	18	17	19	15	13	12	10	16	14	20	17	11	11	16	11	10	19	10	10	15	16	20	19	14	13	13	10	19	20	16	13	20	11	14	15	16	15	10	18	15	19	12	11	12	16	19	13	19	13	16	12	16	18	10	15	10	10	12	11	19	17	15	16	15	20	12	14	15	10	13	18	19	15	18	12	14	17	17	20	17	16	11	19	11	11	15	16	18	16	13	14	20	17	16	19	11	20	18	19	16	10	14	18	13	
1	1	1	1	1	1	1	1	1	1	1	1	1	1	1	1	1	1	1	1	1	1	1	1	1	1	1	1	1	1	1	1	1	1	1	1	1	1	1	1	1	1	1	1	1	1	1	1	1	1	1	1	1	1	1	1	1	1	1	1	1	1	1	1	1	1	1	1	1	2	2	2	2	2	2	2	2	2	2	2	2	2	2	2	2	2	2	2	2	2	2	2	2	2	2	2	2	2	2	2	2	2	2	2	2	2	2	2	2	2	2	2	2	2	2	2	2	2	2	2	2	2	2	2	2	2	2	2	2	2	2	3	3	3	3	3	3	3	3	3	3	3	3	3	3	3	3	3	3	3	3	3	3	3	3	3	3	3	3	3	3	3	3	3	3	3	3	3	3	3	3	3	3	3	3	3	3	3	3	3	3	3	3	3	3	3	3	3	3	3	3	3	3	3	3	3	3	3	3	3	3	3	3	3	3	3	3	3	4	4	4	4	4	4	4	4	4	4	4	4	4	4	4	4	4	4	4	4	4	4	4	4	4	4	4	4	4	4	4	4	4	4	4	4	4	4	4	4	4	4	4	4	4	4	4	4	4	4	4	4	4	4	5	5	5	5	5	5	5	5	5	5	5	5	5	5	5	5	5	5	5	5	5	5	5	5	5	5	5	5	5	5	5	5	5	5	5	5	5	5	5	5	5	5	5	5	5	5	5	5	5	5	5	5	5	5	5	5	5	5	5	5	5	5	5	5	5	6	6	6	6	6	6	6	6	6	6	6	6	6	6	6	6	6	6	6	6	6	6	6	6	6	6	6	6	6	6	6	6	6	6	6	6	6	6	6	6	6	6	6	6	6	6	6	6	6	6	6	6	6	6	6	6	6	6	6	6	6	6	6	6	6	6	7	7	7	7	7	7	7	7	7	7	7	7	7	7	7	7	7	7	7	7	7	7	7	7	7	7	7	7	7	7	7	7	7	7	7	7	7	7	7	7	7	7	7	7	7	7	7	7	7	7	7	7	7	7	7	7	7	7	7	7	7	7	7	7	7	7	8	8	8	8	8	8	8	8	8	8	8	8	8	8	8	8	8	8	8	8	8	8	8	8	8	8	8	8	8	8	8	8	8	8	8	8	8	8	8	8	8	8	8	8	8	8	8	8	8	8	8	8	8	8	9	9	9	9	9	9	9	9	9	9	9	9	9	9	9	9	9	9	9	9	9	9	9	9	9	9	9	9	9	9	9	9	9	9	9	9	9	9	9	9	9	9	9	9	9	9	9	9	9	9	9	9	9	9	9	9	9	9	9	9	9	9	9	9	9	9	9	10	10	10	10	10	10	10	10	10	10	10	10	10	10	10	10	10	10	10	10	10	10	10	10	10	10	10	10	10	10	10	10	10	10	10	10	10	10	10	10	10	10	10	10	10	10	10	10	10	10	10	10	10	10	10	10	10	10	10	10	10	10	10	10	10	10	10	10	10	10	11	11	11	11	11	11	11	11	11	11	11	11	11	11	11	11	11	11	11	11	11	11	11	11	11	11	11	11	11	11	11	11	11	11	11	11	11	11	11	11	11	11	11	11	11	11	11	11	11	11	11	11	11	11	11	11	11	11	11	11	11	11	11	11	11	11	11	11	11	11	11	11	11	11	11	11	11	12	12	12	12	12	12	12	12	12	12	12	12	12	12	12	12	12	12	12	12	12	12	12	12	12	12	12	12	12	12	12	12	12	12	12	12	12	12	12	12	12	12	12	12	12	12	12	12	12	12	12	12	12	12	12	12	12	12	12	12	12	12	12	12	12	13	13	13	13	13	13	13	13	13	13	13	13	13	13	13	13	13	13	13	13	13	13	13	13	13	13	13	13	13	13	13	13	13	13	13	13	13	13	13	13	13	13	13	13	13	13	13	13	13	13	13	13	13	13	13	13	13	13	13	13	13	13	13	13	13	13	13	13	13	13	13	13	13	13	13	13	13	13	14	14	14	14	14	14	14	14	14	14	14	14	14	14	14	14	14	14	14	14	14	14	14	14	14	14	14	14	14	14	14	14	14	14	14	14	14	14	14	14	14	14	14	14	14	14	14	14	14	14	14	14	14	14	14	14	14	14	14	14	14	14	15	15	15	15	15	15	15	15	15	15	15	15	15	15	15	15	15	15	15	15	15	15	15	15	15	15	15	15	15	15	15	15	15	15	15	15	15	15	15	15	15	15	15	15	15	15	15	15	15	15	15	15	15	15	15	15	15	15	15	15	15	15	15	15	15	15	15	15	
