1000
15	4
1066	21.28
8	8	7	7	7	7	8	7	7	7	7	7	7	7	7	8	7	8	7	8	8	7	8	7	7	7	8	8	8	7	7	8	7	8	7	7	7	7	8	7	7	8	8	8	7	8	8	7	7	8	7	8	7	7	7	7	7	7	8	7	8	8	8	7	7	7	8	8	8	7	8	8	7	7	7	7	7	7	8	7	8	7	8	7	8	7	8	8	8	7	8	8	7	8	8	7	8	7	7	8	8	8	8	7	8	7	8	8	7	7	8	7	7	8	8	7	7	8	7	7	8	7	8	7	8	8	7	8	8	8	7	7	8	7	7	7	7	7	7	8	7	7	7	8	8	7	8	8	7	7	8	7	8	8	8	7	7	7	7	7	8	7	8	8	8	7	7	8	7	8	7	8	8	8	7	8	8	8	7	7	8	7	8	7	8	8	7	7	7	8	8	7	7	7	7	7	8	8	7	7	7	8	8	7	7	8	7	8	7	8	8	7	8	8	7	8	7	7	7	7	7	8	8	8	7	8	7	7	8	8	8	8	8	8	7	7	7	8	7	7	7	8	7	7	7	7	7	7	8	8	7	8	7	8	8	7	7	7	7	7	7	7	8	8	8	7	8	7	7	8	7	8	8	8	8	7	8	8	7	7	7	8	7	7	8	7	8	7	7	8	7	7	7	8	7	8	8	8	8	8	7	7	7	8	8	8	7	8	7	8	7	7	7	8	8	8	8	7	8	8	7	8	8	8	7	7	8	8	8	7	7	7	7	8	7	8	7	8	7	7	7	8	8	7	7	7	7	7	7	8	8	8	7	7	8	7	7	8	8	8	8	8	8	8	8	7	8	8	8	8	7	7	8	7	7	7	8	8	7	8	8	8	8	7	8	8	8	7	8	8	7	8	8	8	7	7	8	7	7	8	7	8	7	8	7	8	7	8	7	7	7	8	7	7	8	7	7	7	7	7	8	7	7	7	8	7	7	7	8	7	7	8	8	7	8	7	8	8	8	7	8	8	7	8	7	8	7	8	8	8	7	8	7	7	8	7	7	7	7	8	7	7	8	8	7	7	8	8	7	8	7	8	8	8	8	7	7	8	8	7	7	8	7	8	7	8	7	8	8	8	8	8	8	7	8	8	7	7	7	8	8	7	8	8	8	8	8	8	8	7	8	8	7	7	8	7	7	7	8	7	8	7	7	8	8	8	8	7	7	7	8	7	7	8	8	7	8	7	7	7	7	7	8	8	8	8	7	7	8	7	7	8	7	7	8	7	7	8	7	8	8	7	7	7	7	8	8	8	8	7	7	8	8	7	7	8	7	7	7	7	7	8	8	7	8	7	8	7	8	8	7	7	8	8	8	7	8	7	7	7	8	7	7	8	8	7	8	8	8	7	7	8	8	7	8	8	8	7	7	8	8	8	8	7	8	7	8	8	7	7	7	7	7	7	8	7	7	7	7	8	7	8	8	7	7	7	8	8	7	7	7	7	7	7	7	8	8	7	7	7	7	7	8	8	7	7	8	7	8	8	7	8	7	8	7	8	8	7	8	8	7	7	7	8	7	8	8	7	8	7	7	8	8	8	7	8	7	7	8	8	7	8	7	8	8	8	8	8	8	8	7	7	7	7	7	7	8	7	7	7	8	7	7	8	8	8	8	7	7	7	7	8	7	7	8	7	7	8	7	8	8	7	8	7	7	8	7	8	8	7	8	7	7	7	7	8	7	8	7	8	8	8	8	7	7	7	8	7	7	8	7	7	7	8	7	8	8	8	7	7	8	8	7	7	7	7	7	8	7	8	7	8	8	8	7	8	8	7	7	7	7	7	8	8	8	8	7	8	8	8	8	7	8	8	7	7	8	7	7	8	7	8	8	7	7	8	8	8	7	7	7	7	7	7	7	8	7	7	7	7	7	8	7	7	7	7	8	7	8	8	7	8	8	8	7	8	8	8	7	8	8	7	8	8	8	8	8	8	7	7	8	8	8	7	7	7	7	8	8	7	8	8	7	7	8	8	8	8	7	7	8	8	8	8	8	7	8	7	8	7	8	7	8	8	7	8	8	8	7	8	8	8	8	7	8	7	7	8	7	7	8	8	8	7	8	7	8	7	8	8	7	8	8	7	8	8	7	7	8	7	8	7	7	8	7	8	8	8	7	8	8	7	7	8	7	8	7	7	8	7	7	8	7	8	7	8	8	7	7	7	7	7	8	8	8	7	7	7	8	7	8	7	7	7	7	8	8	7	8	7	8	8	7	7	7	8	7	8	8	8	
0	1	3	5	6	11	13	14	
0	1	2	4	6	7	12	14	
0	1	2	3	10	11	12	
4	5	6	9	10	11	12	
5	7	8	9	11	12	13	
0	4	7	8	10	11	13	
1	2	6	7	8	10	12	14	
0	1	2	4	10	11	14	
1	4	6	7	9	11	13	
0	2	4	5	6	8	11	
0	2	4	6	8	9	12	
0	1	5	7	10	12	14	
3	5	6	8	10	11	13	
0	2	3	10	12	13	14	
0	6	7	9	10	11	13	
2	3	5	6	9	11	13	14	
2	3	6	7	8	9	12	
0	1	2	5	6	7	8	11	
2	3	8	10	11	13	14	
0	1	2	5	7	10	11	12	
0	1	2	4	6	8	10	13	
1	2	3	6	7	8	14	
2	3	4	8	9	10	13	14	
0	5	7	9	11	12	14	
0	6	7	8	11	13	14	
0	1	2	10	11	12	13	
0	2	4	7	8	10	11	13	
0	1	3	4	6	9	11	13	
0	2	3	6	7	10	13	14	
1	2	5	8	11	12	14	
1	5	8	9	10	11	13	
1	2	5	6	9	10	11	13	
1	3	4	7	9	12	13	
0	4	5	7	10	11	12	14	
0	2	5	6	8	10	12	
0	1	2	4	5	7	8	
3	4	7	11	12	13	14	
0	1	2	3	6	10	12	
0	1	3	6	10	12	13	14	
2	3	5	6	8	9	12	
1	3	6	7	11	12	14	
0	2	3	6	7	8	12	13	
0	2	5	9	10	11	13	14	
0	1	3	4	5	11	12	14	
0	2	7	10	11	13	14	
2	3	5	6	9	11	12	13	
0	1	4	5	6	7	8	13	
1	3	5	8	10	11	13	
0	2	3	8	9	13	14	
4	5	7	8	9	10	11	14	
0	3	6	9	11	13	14	
0	1	2	6	7	8	13	14	
0	1	2	6	12	13	14	
2	3	4	5	6	8	12	
2	3	8	9	12	13	14	
0	3	4	9	12	13	14	
2	3	5	8	10	12	13	
0	3	4	5	7	8	11	
0	1	2	3	4	8	9	12	
2	3	7	10	11	12	13	
2	3	4	5	9	10	11	12	
1	2	6	8	9	12	13	14	
1	2	4	5	6	7	8	14	
0	2	4	9	10	12	14	
0	1	2	5	6	10	12	
3	5	6	8	9	11	12	
0	1	2	3	8	10	11	13	
0	4	6	7	8	10	12	13	
0	1	3	4	5	6	9	11	
0	1	2	3	8	10	14	
2	4	5	7	9	10	11	13	
1	3	5	7	9	10	12	14	
2	3	4	6	7	8	12	
0	1	2	3	6	12	13	
6	7	8	9	11	12	14	
1	2	4	9	10	13	14	
1	2	7	9	12	13	14	
0	1	4	5	6	8	12	
0	1	3	6	9	10	11	12	
2	4	5	7	12	13	14	
0	2	3	5	7	8	10	12	
0	2	3	7	8	12	14	
0	3	6	7	9	10	12	13	
2	3	5	6	7	8	11	
0	1	2	3	6	9	11	14	
2	3	5	6	8	11	14	
0	4	5	6	9	10	11	14	
1	2	3	4	5	10	11	13	
0	3	4	6	8	9	10	14	
0	1	2	8	9	12	14	
2	5	6	7	8	10	11	12	
2	4	5	6	8	10	11	12	
2	3	6	7	9	11	12	
3	5	6	8	9	12	13	14	
0	2	3	4	6	10	11	14	
1	7	8	9	10	12	13	
0	1	2	5	8	9	11	14	
0	6	7	8	11	13	14	
0	1	3	7	8	9	12	
1	2	3	9	11	12	13	14	
0	2	5	8	9	12	13	14	
4	6	7	8	9	10	11	12	
0	2	3	4	6	8	10	14	
0	2	4	5	6	10	12	
0	2	3	4	6	8	12	14	
1	2	3	4	5	12	14	
2	5	7	8	9	10	11	13	
0	1	2	3	8	10	11	14	
3	4	6	7	11	12	14	
1	2	3	6	7	8	11	
1	2	4	6	7	8	9	12	
0	1	4	5	7	8	11	
0	1	2	3	7	12	14	
0	3	4	6	7	8	9	14	
0	1	2	9	10	11	12	14	
0	8	9	10	11	12	14	
7	8	9	10	12	13	14	
0	2	5	6	7	9	10	13	
1	7	8	10	11	13	14	
2	6	7	10	12	13	14	
1	2	4	6	7	11	13	14	
0	2	4	6	9	10	14	
0	1	3	6	7	8	9	11	
1	3	5	10	12	13	14	
1	2	3	6	9	10	11	14	
0	2	4	5	6	7	11	14	
1	2	3	4	8	12	14	
0	4	6	7	8	11	13	14	
1	5	6	7	8	9	12	14	
0	3	8	9	10	11	12	14	
7	8	10	11	12	13	14	
3	4	6	10	11	12	13	
1	3	7	8	10	11	13	14	
1	5	6	10	11	12	13	
1	2	6	7	9	10	13	
0	4	5	6	8	10	14	
0	3	7	10	11	13	14	
3	5	6	9	11	12	14	
0	2	4	6	8	11	12	
0	5	6	8	9	11	12	13	
5	6	8	9	12	13	14	
1	2	8	9	12	13	14	
0	2	3	5	11	13	14	
0	1	3	6	9	12	13	14	
0	2	4	5	8	9	13	14	
0	1	4	5	11	12	14	
2	3	4	5	6	8	13	14	
1	2	5	6	8	9	10	11	
0	3	4	8	9	12	13	
4	5	6	9	11	12	14	
0	6	7	8	10	11	13	14	
0	1	2	3	5	6	14	
0	1	6	8	9	11	12	14	
3	5	6	8	9	10	11	13	
0	2	4	5	8	9	10	11	
0	2	3	4	6	9	12	
0	1	2	3	5	6	9	
1	3	6	7	10	11	13	
0	5	6	9	10	11	12	
2	4	5	10	11	13	14	
0	2	4	5	6	7	8	14	
0	5	8	9	12	13	14	
0	1	3	5	6	9	10	13	
3	5	6	7	9	10	11	12	
2	3	5	7	8	9	13	14	
1	2	5	7	9	10	12	
0	3	6	7	8	9	14	
0	1	3	5	7	10	12	14	
0	2	3	4	6	7	8	
0	3	4	5	6	9	10	11	
2	3	4	5	8	10	12	
1	2	4	6	7	10	11	14	
0	2	3	4	11	12	13	14	
1	4	7	8	9	10	11	12	
0	1	5	7	11	12	14	
0	3	5	8	10	11	12	14	
1	2	4	5	10	12	13	14	
0	2	4	6	8	11	12	13	
0	3	5	7	9	11	14	
1	4	5	6	9	11	14	
1	3	4	5	6	7	8	10	
0	2	4	5	9	11	14	
1	2	5	7	8	9	11	12	
0	3	4	7	11	13	14	
0	2	3	4	6	8	11	13	
0	1	3	6	8	9	10	11	
1	3	4	8	10	11	13	
0	4	5	9	11	12	13	
0	1	3	4	5	10	13	
2	6	7	8	10	12	13	14	
5	6	7	8	10	11	12	14	
1	3	5	6	8	11	14	
0	1	7	9	12	13	14	
2	4	8	9	11	12	13	
3	4	6	7	10	12	14	
0	2	5	6	9	12	14	
4	5	6	7	9	12	13	14	
0	2	3	5	10	11	13	14	
1	2	6	9	11	13	14	
0	1	2	4	5	13	14	
0	2	4	5	7	11	14	
1	2	3	4	5	6	7	13	
0	2	3	4	9	11	12	14	
1	2	4	6	8	10	14	
1	3	6	8	12	13	14	
2	3	5	8	9	10	12	14	
1	2	3	4	9	12	13	
0	1	2	7	8	9	11	13	
0	1	5	6	8	9	14	
0	1	2	3	4	7	9	13	
0	1	2	5	6	7	11	14	
2	3	4	5	6	10	12	
3	4	6	9	10	12	13	14	
0	1	2	3	8	10	12	14	
1	5	8	9	11	13	14	
0	5	6	7	8	10	13	14	
0	1	2	8	10	13	14	
0	3	5	6	8	9	10	
3	5	6	7	8	10	11	
2	7	9	10	11	12	13	
0	2	4	6	7	12	13	
1	2	3	7	9	12	13	14	
1	2	5	6	7	10	11	14	
0	2	3	6	8	10	13	14	
1	3	5	7	8	12	13	
0	2	4	7	8	9	12	13	
0	3	4	11	12	13	14	
1	2	3	5	7	10	13	
2	3	7	8	9	10	11	12	
0	2	4	5	6	7	10	12	
0	1	2	4	7	10	11	14	
0	1	2	6	7	8	9	10	
1	2	3	4	8	9	12	14	
0	1	2	4	7	8	10	11	
1	3	5	6	7	8	9	
1	2	3	6	11	12	14	
1	2	5	7	8	10	11	
0	1	5	6	9	10	12	13	
0	2	3	5	7	11	12	
0	2	4	6	7	9	11	
1	3	5	6	8	10	11	
2	3	4	5	7	10	11	12	
0	3	5	8	10	11	13	
1	3	4	5	6	10	11	
0	3	4	6	7	8	13	
0	1	2	8	9	11	14	
0	6	9	11	12	13	14	
4	5	7	8	10	11	12	
1	3	4	8	9	12	13	14	
0	1	2	6	10	11	12	14	
0	1	4	7	8	12	13	
0	2	3	4	5	6	7	10	
0	3	4	5	11	12	13	
3	4	5	6	7	8	10	12	
1	3	5	6	8	9	13	14	
1	2	3	4	8	9	10	
1	4	5	7	9	10	12	
1	2	6	7	8	11	12	
1	2	5	9	11	12	13	
0	1	2	4	5	6	9	
0	4	5	6	10	13	14	
1	4	5	8	10	11	12	
0	1	4	5	6	9	11	12	
2	3	4	7	8	9	11	13	
1	5	6	7	8	9	11	13	
0	2	7	8	9	10	14	
0	1	2	3	4	5	9	10	
3	6	7	10	11	13	14	
1	3	4	7	10	11	13	
1	3	4	7	9	10	11	14	
1	2	3	4	5	7	9	
0	2	3	6	7	11	13	14	
1	2	5	6	7	9	11	13	
1	3	4	5	8	12	13	14	
0	2	4	7	9	10	11	14	
3	4	8	9	10	11	14	
0	1	3	5	7	9	11	14	
0	3	5	7	8	9	11	13	
1	3	5	7	8	10	11	
1	3	4	8	10	12	14	
0	1	2	5	8	12	14	
2	3	4	7	9	10	11	12	
1	2	3	7	10	12	13	
0	1	5	7	10	12	14	
0	2	3	6	8	9	12	13	
2	4	6	8	10	11	14	
1	2	3	4	7	11	13	14	
0	2	4	7	8	12	14	
1	7	8	9	10	12	13	
2	5	6	7	8	9	11	12	
2	5	6	7	8	9	12	
1	4	5	7	11	12	14	
0	2	4	7	9	10	12	
0	1	2	5	7	8	9	13	
0	1	4	7	9	10	14	
0	3	5	8	10	11	13	14	
0	3	4	7	8	11	13	14	
1	2	6	7	9	10	13	14	
0	1	2	3	5	6	7	9	
0	1	4	5	8	9	10	13	
5	7	8	9	10	11	14	
4	8	9	11	12	13	14	
2	3	4	6	10	11	14	
0	1	2	7	8	9	10	14	
0	1	4	7	8	9	12	14	
1	3	4	5	6	7	9	11	
0	3	5	7	8	13	14	
0	4	5	6	7	10	11	12	
4	5	7	8	9	12	14	
1	4	5	6	7	10	11	14	
1	3	4	6	8	10	14	
2	3	5	6	9	12	14	
1	2	3	4	8	10	13	
0	1	3	8	9	10	11	12	
1	2	3	4	5	11	12	14	
1	3	5	6	7	10	13	14	
0	2	5	7	8	10	13	14	
1	2	6	9	10	11	13	
0	1	3	4	6	8	9	11	
0	2	4	8	9	12	13	14	
1	2	3	4	5	6	13	
0	2	3	6	7	10	13	14	
0	1	4	6	9	11	12	14	
1	3	4	5	7	8	12	13	
0	2	3	10	11	13	14	
0	2	3	4	6	8	13	
1	2	3	6	9	10	12	14	
1	3	5	7	8	10	11	14	
1	2	3	6	8	10	11	14	
0	2	6	8	12	13	14	
0	4	7	8	12	13	14	
0	2	4	6	9	10	11	
0	3	6	9	10	12	13	
0	1	3	7	8	10	11	12	
2	6	7	10	12	13	14	
0	1	4	7	9	10	11	12	
1	2	3	4	5	6	10	
0	2	6	7	8	9	10	11	
0	1	5	7	11	12	14	
1	3	7	9	11	13	14	
0	1	5	6	8	10	13	
2	3	4	6	7	9	10	12	
0	1	3	5	6	7	8	14	
0	2	3	4	6	10	12	
0	2	5	6	8	11	14	
2	3	4	6	11	13	14	
0	6	7	10	12	13	14	
1	6	8	9	11	12	13	
1	3	6	8	9	10	14	
0	2	6	7	8	9	13	14	
1	2	5	8	11	12	13	14	
0	3	5	7	9	10	13	14	
0	2	3	4	6	7	10	
0	1	5	8	9	10	11	
0	5	7	8	9	10	12	13	
3	4	5	7	9	10	13	
2	7	8	9	10	12	14	
0	1	2	3	5	9	11	13	
0	1	3	4	6	9	10	12	
0	2	4	6	8	9	10	14	
0	3	5	6	8	9	12	13	
0	3	4	8	9	12	13	14	
0	1	2	6	8	11	12	14	
0	1	2	4	7	10	12	13	
0	1	2	3	7	8	10	11	
2	4	6	7	8	9	10	
0	1	4	6	7	11	12	14	
0	2	4	6	9	10	11	12	
0	1	8	9	10	11	12	13	
1	2	5	7	9	12	13	14	
0	2	3	4	8	10	14	
0	1	4	5	6	8	11	
2	3	5	6	7	11	12	13	
0	3	7	11	12	13	14	
4	6	7	8	9	11	14	
0	2	4	7	10	13	14	
2	3	4	5	7	9	11	14	
1	6	8	9	10	11	13	14	
4	5	6	7	9	12	14	
1	3	4	5	10	12	13	14	
1	4	7	8	9	12	13	14	
0	2	3	8	9	11	13	14	
5	6	7	8	11	12	13	14	
4	5	7	8	10	11	13	
0	2	3	4	5	8	10	11	
2	3	4	6	7	8	13	14	
0	1	3	5	6	11	12	13	
0	3	5	8	9	12	14	
0	5	6	7	8	11	13	14	
0	2	5	7	11	12	13	14	
1	5	6	8	9	10	14	
5	6	7	8	10	11	12	13	
0	1	3	4	5	6	13	14	
4	6	7	8	11	12	13	14	
1	3	4	5	8	9	14	
0	2	3	7	9	10	11	
0	1	2	4	9	10	13	14	
2	3	8	9	11	13	14	
2	3	4	5	6	8	9	
0	1	2	4	6	8	10	14	
0	4	6	7	8	11	14	
2	4	5	6	8	9	10	12	
2	3	5	6	10	12	13	
0	1	2	8	9	10	12	14	
0	2	3	5	6	9	10	
2	3	6	7	8	11	12	13	
0	1	3	4	6	8	9	
1	2	3	6	8	10	13	14	
0	4	6	10	11	12	13	
1	2	3	6	9	12	13	
0	2	5	11	12	13	14	
1	5	6	8	9	10	13	14	
0	1	3	4	9	11	12	
0	4	5	8	11	12	13	
0	1	3	5	8	9	11	12	
1	4	5	10	11	13	14	
2	3	4	5	8	12	14	
0	3	5	9	10	12	14	
0	3	5	6	7	8	9	
2	3	6	7	9	12	13	
0	2	3	6	10	11	12	14	
1	2	3	5	9	11	14	
5	6	7	8	11	12	13	
0	1	2	4	5	7	9	
1	3	5	6	8	9	13	14	
0	6	8	11	12	13	14	
1	3	5	9	10	11	14	
6	7	8	9	11	12	13	
0	4	5	7	11	12	13	14	
0	1	2	3	9	11	14	
0	3	4	7	8	9	14	
1	2	4	7	8	9	11	12	
1	2	5	6	9	10	11	12	
0	1	3	4	6	7	11	
0	1	2	5	7	11	13	14	
1	4	5	6	8	10	13	
0	1	3	4	8	10	12	13	
0	1	3	8	9	10	12	14	
0	3	5	6	7	8	9	10	
1	4	7	9	11	12	13	
0	1	3	5	8	10	11	14	
1	4	5	6	7	8	11	12	
1	3	5	6	8	9	12	
0	2	7	8	9	10	13	14	
2	3	4	5	8	11	12	
1	3	8	9	10	11	12	14	
2	4	6	9	10	13	14	
2	6	7	8	10	11	12	14	
0	3	5	6	10	11	12	14	
1	6	8	9	10	11	12	13	
3	6	7	9	10	13	14	
1	2	5	9	10	12	13	14	
1	4	6	7	8	11	14	
0	1	3	4	10	11	13	
0	1	2	5	6	8	11	14	
0	1	2	3	4	9	13	
1	4	7	8	9	11	13	
0	1	2	3	8	11	12	
0	1	2	3	6	7	9	
2	4	5	7	8	9	11	13	
6	8	9	10	12	13	14	
0	1	2	5	6	9	14	
0	2	5	6	7	9	13	14	
0	1	2	5	7	8	9	14	
0	2	4	5	8	12	13	
0	1	5	6	10	11	12	
1	2	4	9	11	12	13	14	
1	2	3	6	7	10	12	14	
1	3	5	6	7	9	12	
1	3	4	8	9	12	13	14	
1	2	3	4	6	8	13	
0	1	2	3	8	11	12	14	
1	3	6	8	10	11	12	13	
1	3	6	7	9	10	11	12	
1	2	3	4	9	10	11	13	
0	5	6	9	10	11	13	
2	3	4	7	11	12	14	
0	4	7	8	9	11	12	14	
1	2	5	7	9	11	13	14	
0	7	8	10	11	12	14	
0	3	4	5	6	8	13	
0	1	2	3	4	7	8	13	
3	4	5	9	10	11	13	
1	2	3	9	10	12	13	14	
0	1	2	3	5	6	8	
3	6	7	8	10	11	12	13	
0	1	4	5	9	11	12	
1	2	3	4	6	9	11	13	
1	2	4	6	7	9	11	14	
2	4	5	7	9	10	12	13	
1	3	5	8	9	10	12	14	
0	1	4	7	8	9	13	14	
0	3	6	8	9	10	11	13	
2	4	5	6	8	10	11	
2	3	7	9	10	11	12	13	
0	1	4	6	9	10	11	14	
0	3	4	5	10	13	14	
0	1	2	3	5	6	11	
1	2	3	4	6	7	10	
1	3	4	6	7	9	10	11	
1	6	7	9	11	12	13	14	
0	1	2	3	6	7	9	
0	2	6	7	9	10	11	13	
0	5	6	7	8	9	12	13	
3	4	6	7	8	10	13	14	
0	1	3	4	5	10	12	13	
0	1	2	5	9	10	12	13	
0	2	4	6	7	8	9	10	
0	2	3	4	6	7	8	14	
1	2	3	6	8	10	12	
0	1	2	3	5	8	12	13	
0	2	4	6	7	8	11	12	
3	6	7	9	10	11	12	
1	2	4	5	6	9	10	
3	4	5	6	8	10	11	14	
0	3	5	8	11	12	14	
1	3	4	5	9	11	13	
0	2	3	9	10	11	12	
0	1	4	5	8	10	12	14	
1	3	4	6	11	13	14	
5	6	7	8	9	10	12	14	
1	2	3	10	12	13	14	
0	1	6	8	11	12	13	
0	4	5	6	8	9	12	14	
0	1	4	5	7	11	13	14	
2	5	6	7	8	11	12	14	
0	2	3	7	8	10	12	14	
2	3	5	7	9	10	14	
0	1	3	6	7	8	13	
0	1	2	3	10	12	13	
3	4	5	8	9	10	11	13	
3	4	6	9	10	11	13	
0	3	7	8	10	12	14	
0	5	6	8	9	11	13	14	
1	3	4	5	7	10	13	14	
0	1	2	3	5	7	14	
0	3	9	10	11	12	13	14	
0	1	5	8	9	10	11	
0	3	4	7	10	11	13	
0	2	3	4	5	9	11	
0	3	6	8	9	10	14	
0	1	2	4	7	8	14	
0	1	4	5	6	7	13	14	
0	3	5	7	9	10	11	14	
0	1	5	6	7	8	10	12	
1	2	3	5	8	9	11	13	
0	3	7	11	12	13	14	
0	1	3	4	5	9	12	
2	6	7	10	11	12	13	14	
2	3	5	7	8	9	10	
0	1	4	6	9	10	13	
0	1	2	4	7	10	11	14	
3	4	5	6	7	9	12	
1	8	9	10	11	13	14	
4	5	6	8	9	10	11	13	
0	1	3	7	9	11	14	
1	4	5	7	8	9	11	
0	1	2	4	6	11	13	14	
5	8	9	10	12	13	14	
0	1	3	8	9	10	11	13	
0	4	5	6	8	11	13	14	
0	1	3	5	12	13	14	
1	6	8	9	11	13	14	
2	3	4	7	8	9	14	
0	5	7	9	11	13	14	
0	1	4	7	10	11	12	13	
1	3	5	7	8	9	12	14	
0	2	3	7	9	11	12	13	
0	2	4	5	10	11	12	13	
0	2	4	6	9	12	14	
0	3	4	5	7	11	13	
0	3	4	5	7	11	13	14	
1	4	8	9	10	11	12	13	
1	3	6	8	9	11	12	
0	2	7	10	11	12	14	
1	2	5	7	8	9	10	11	
1	4	5	8	9	10	12	
0	4	5	7	9	10	13	
0	1	2	8	10	13	14	
0	1	2	3	8	12	14	
3	5	6	7	10	11	14	
2	3	4	6	8	9	10	14	
1	2	6	7	8	9	13	14	
0	2	4	6	8	11	12	
4	5	6	8	9	11	12	14	
2	4	7	8	9	10	14	
2	3	4	5	7	10	11	14	
0	1	6	7	8	11	12	
1	3	5	6	8	9	10	13	
0	1	6	7	8	11	12	13	
0	1	2	3	9	11	12	
0	1	2	8	9	10	11	
0	2	4	7	8	10	11	14	
1	2	3	4	5	7	12	14	
0	2	3	5	6	7	11	13	
1	2	4	5	7	10	14	
1	2	3	4	8	9	10	12	
0	2	8	9	10	11	14	
5	6	7	8	10	11	12	
4	6	7	8	9	10	12	
2	4	5	7	8	9	11	12	
0	1	5	6	8	9	14	
0	6	8	9	10	11	14	
0	2	5	7	11	12	13	14	
0	3	5	6	11	12	13	14	
2	6	7	8	11	12	13	
0	4	6	7	10	11	13	14	
0	1	2	7	10	12	13	14	
0	1	4	6	8	9	11	12	
1	3	5	8	12	13	14	
1	6	7	8	9	10	12	
1	2	4	8	9	11	13	14	
2	4	6	7	8	10	13	14	
2	5	7	10	11	13	14	
0	2	6	8	9	10	13	14	
1	3	4	5	7	10	11	13	
0	1	2	3	4	6	9	14	
0	1	3	4	5	8	12	
0	4	6	7	8	10	14	
0	1	5	6	7	9	10	14	
0	1	3	5	7	8	10	14	
1	3	5	8	9	10	13	14	
1	2	3	4	9	10	12	13	
2	6	7	9	11	13	14	
0	2	7	10	11	12	13	14	
1	5	8	9	10	11	12	
1	4	7	9	10	12	13	14	
2	3	4	5	6	8	11	13	
0	5	8	9	10	11	12	
0	1	3	4	8	9	10	
2	6	8	10	12	13	14	
1	3	6	7	10	11	14	
2	5	6	9	11	12	14	
1	5	7	11	12	13	14	
0	4	5	9	11	12	13	14	
2	4	6	8	9	11	13	
0	3	6	8	9	13	14	
0	1	2	3	7	9	13	
7	8	9	10	11	13	14	
1	3	4	5	8	9	10	13	
1	3	6	7	8	11	12	
1	2	7	8	9	11	12	13	
3	5	6	8	9	11	12	13	
0	3	6	7	9	11	14	
0	2	7	9	11	12	14	
0	1	4	9	11	12	14	
1	2	3	5	7	8	9	13	
0	4	7	9	11	12	13	14	
0	2	3	6	7	10	13	
0	4	5	6	7	10	12	
1	2	5	6	9	11	12	
2	3	6	8	12	13	14	
1	2	6	8	10	13	14	
1	5	6	9	10	12	13	
0	1	2	4	5	7	9	
0	1	3	9	10	12	13	14	
0	1	3	7	8	10	11	14	
1	4	6	8	9	10	12	
0	1	2	3	7	8	12	
0	4	8	11	12	13	14	
0	1	5	10	11	12	14	
2	3	4	6	7	13	14	
0	3	7	10	11	12	13	14	
1	5	6	7	9	10	11	13	
2	3	6	7	8	11	14	
2	4	7	8	9	11	14	
0	1	3	4	5	8	11	13	
1	3	4	8	11	12	14	
0	1	3	4	7	10	11	14	
1	2	3	4	5	8	11	12	
0	1	4	5	10	13	14	
2	3	9	10	11	12	13	14	
0	1	2	3	6	7	8	
3	4	6	8	9	10	12	13	
0	1	2	7	10	13	14	
0	1	2	4	5	6	7	8	
1	2	4	5	6	12	13	14	
1	3	4	6	8	9	14	
1	2	4	5	6	9	10	11	
0	2	4	6	8	9	10	13	
0	4	5	6	7	10	11	
1	2	3	5	7	10	13	
0	1	3	4	7	11	14	
1	2	3	5	9	10	11	13	
0	1	2	3	4	7	8	
0	2	3	7	11	12	13	14	
0	3	4	7	8	9	11	14	
1	2	3	8	10	11	12	
3	4	5	6	9	11	12	14	
2	4	6	8	9	12	13	
2	4	5	8	11	12	13	
0	1	3	4	5	7	10	12	
4	5	6	7	9	10	11	12	
0	1	3	4	11	12	13	14	
0	2	5	7	11	12	13	
0	1	4	5	8	9	10	14	
1	3	4	5	6	9	13	
7	8	9	10	11	12	13	
0	1	4	6	9	11	12	14	
0	1	6	7	8	9	10	13	
4	5	7	9	10	11	12	
0	2	3	4	8	9	10	12	
0	3	4	5	6	8	12	
0	2	5	6	8	10	11	12	
0	1	3	4	5	6	9	13	
0	2	3	4	5	9	12	14	
0	6	7	8	9	12	13	14	
5	6	7	9	11	12	13	14	
2	6	7	8	9	10	11	12	
0	4	5	6	10	11	13	14	
5	6	8	10	11	12	13	
5	6	7	8	11	12	14	
2	3	4	6	8	10	12	
2	4	5	9	11	13	14	
0	2	4	7	8	11	14	
0	2	3	4	6	11	12	
0	1	2	3	4	5	7	13	
0	1	2	3	8	11	14	
2	4	5	7	8	10	13	
2	3	8	9	10	13	14	
0	2	5	7	8	9	12	14	
0	2	6	7	10	12	13	
1	6	8	9	10	12	13	
0	1	2	4	5	7	8	12	
0	1	2	3	10	11	12	13	
0	2	5	8	9	10	11	13	
0	1	2	3	4	6	9	13	
1	2	4	5	7	10	12	
2	3	7	10	11	12	14	
0	2	4	6	7	9	12	
1	2	3	7	11	12	13	
0	1	2	3	4	7	9	10	
3	4	5	7	9	13	14	
0	5	6	8	9	10	11	
0	1	4	5	6	9	12	14	
0	4	5	7	8	10	11	
1	2	5	7	10	13	14	
0	1	2	4	8	9	11	14	
2	7	9	10	11	12	14	
0	3	5	6	7	9	10	14	
0	6	7	8	9	11	12	13	
2	5	9	10	11	12	14	
1	3	4	5	8	9	12	13	
1	3	5	6	8	13	14	
1	2	9	10	11	12	14	
0	2	4	7	8	10	12	14	
0	1	4	8	12	13	14	
0	2	3	5	7	8	11	12	
4	5	6	7	9	10	11	12	
2	3	5	7	8	9	13	
2	3	5	6	7	9	11	12	
0	7	8	9	10	11	13	
2	3	4	9	10	11	13	
0	4	6	9	10	11	12	
3	5	7	9	10	11	12	
0	2	4	5	6	11	12	14	
2	6	9	10	12	13	14	
0	2	3	4	7	8	10	12	
0	1	5	6	8	10	11	
0	1	2	5	6	8	10	12	
0	1	3	6	8	9	12	13	
1	2	4	5	7	10	11	12	
2	4	5	6	7	9	11	12	
3	4	5	7	8	9	14	
0	3	4	8	9	10	13	
0	4	6	7	9	12	14	
2	3	4	5	6	7	8	11	
3	5	6	7	8	11	13	
2	8	9	11	12	13	14	
1	2	3	8	11	12	13	14	
1	3	5	6	10	12	14	
2	5	6	8	10	11	12	
0	1	5	6	10	11	14	
0	1	2	5	7	9	11	12	
4	6	8	9	11	12	13	
1	2	4	6	9	12	13	14	
0	3	4	8	9	10	11	13	
1	2	3	4	7	8	11	12	
0	1	3	4	5	11	12	
1	2	3	5	7	13	14	
0	2	3	4	5	7	9	12	
0	2	4	5	6	8	10	11	
0	1	2	6	10	11	13	
3	4	7	9	11	13	14	
2	9	10	11	12	13	14	
0	1	4	9	10	12	13	
0	2	3	5	7	13	14	
2	3	5	6	8	10	11	13	
0	4	5	6	7	8	10	
1	2	3	4	5	8	10	13	
0	5	8	11	12	13	14	
1	5	6	8	10	11	12	13	
0	2	3	5	6	8	11	12	
1	3	4	5	8	10	12	14	
0	3	5	7	8	9	11	
1	2	3	7	9	10	12	13	
0	1	3	4	6	7	8	12	
0	1	3	4	8	9	14	
0	5	8	10	11	12	13	
1	2	3	8	10	12	14	
0	5	8	9	10	13	14	
0	1	4	5	9	11	13	
1	2	3	5	6	9	11	13	
2	3	6	8	9	10	11	12	
0	2	3	4	5	6	10	12	
2	4	6	7	8	9	12	13	
2	3	4	8	11	12	14	
0	1	3	5	6	7	8	11	
0	1	2	5	8	10	11	14	
0	1	2	3	5	7	12	13	
2	5	6	8	10	11	12	14	
0	1	3	4	5	7	12	
0	5	6	7	8	9	10	14	
0	1	2	4	6	10	12	13	
6	7	8	9	10	11	14	
0	3	5	8	10	13	14	
2	5	7	8	9	12	13	14	
0	1	2	9	11	12	13	
1	2	3	4	7	9	13	
0	2	4	5	7	9	13	14	
0	3	4	5	7	9	10	
0	1	2	4	6	8	9	13	
0	1	2	4	9	12	13	14	
0	5	7	8	10	11	13	
1	2	4	5	6	11	14	
1	4	5	7	10	11	12	14	
0	1	4	6	9	11	13	14	
0	1	2	3	7	8	11	13	
3	5	8	10	11	12	13	
1	7	8	10	12	13	14	
0	3	4	5	7	8	12	
2	3	6	7	9	11	14	
2	3	5	8	9	10	13	
1	2	5	6	9	10	14	
0	5	7	9	10	11	14	
0	2	5	6	9	11	12	13	
0	4	5	8	10	13	14	
0	3	4	5	8	9	10	
0	3	4	7	9	10	13	
0	1	7	8	10	12	13	
2	4	6	7	8	11	14	
1	2	5	8	9	11	12	14	
0	3	8	9	10	12	14	
0	2	3	4	8	9	13	
1	2	3	4	7	8	14	
3	5	6	7	8	9	11	
0	3	5	6	7	8	9	11	
1	8	9	10	11	13	14	
0	1	3	5	8	9	10	14	
1	2	7	8	9	10	11	12	
0	1	2	3	5	6	9	
0	3	5	6	8	12	13	14	
0	5	6	7	8	9	10	14	
1	3	5	6	7	9	13	14	
0	1	2	4	8	10	13	
1	3	4	7	8	11	12	14	
0	2	5	6	7	9	10	14	
0	3	4	6	7	8	13	14	
0	1	4	5	10	12	14	
0	3	4	5	11	12	13	14	
0	1	4	7	10	11	13	14	
2	3	8	9	11	12	13	
0	1	5	7	8	10	12	14	
0	2	3	7	8	11	13	14	
2	3	4	5	7	9	12	14	
2	4	5	8	9	10	13	14	
1	2	4	5	6	8	9	10	
4	5	7	8	9	11	13	14	
0	2	3	5	9	10	14	
2	4	5	9	12	13	14	
3	4	5	8	9	10	12	14	
0	1	3	4	5	9	12	14	
2	5	6	7	8	9	10	12	
0	1	4	9	11	13	14	
2	3	4	6	9	11	12	
1	2	3	4	5	6	9	
2	4	6	7	8	13	14	
0	1	2	5	10	11	13	14	
0	1	2	7	8	9	11	14	
3	4	5	6	11	12	14	
0	1	2	6	7	11	12	14	
0	3	4	7	10	11	12	14	
0	1	2	3	4	6	9	
0	1	2	4	6	7	12	
0	2	3	4	5	7	8	9	
0	3	4	5	6	8	9	13	
0	2	3	4	5	7	8	10	
2	6	7	8	9	10	11	14	
0	3	8	9	10	11	12	
1	2	4	6	7	13	14	
0	1	2	7	8	9	10	14	
0	2	5	9	11	12	13	14	
2	5	6	7	8	10	12	14	
0	3	5	6	7	9	13	14	
0	1	6	9	10	12	13	14	
0	2	4	6	7	8	11	
0	1	4	5	7	8	11	13	
0	3	4	5	6	9	12	
0	2	3	4	6	9	10	13	
2	3	4	6	11	12	13	
0	2	5	7	9	11	12	13	
5	6	7	8	10	13	14	
3	4	5	6	7	9	11	14	
0	5	7	8	9	11	13	14	
4	6	8	9	11	13	14	
0	4	5	6	7	9	11	12	
1	3	5	8	9	10	12	14	
1	5	6	7	10	11	13	14	
4	5	6	8	10	12	14	
3	5	6	7	9	12	13	14	
1	3	6	7	8	9	10	12	
3	5	6	7	8	10	11	14	
1	5	6	8	9	11	13	14	
2	3	5	6	12	13	14	
0	1	3	4	5	8	10	12	
0	1	3	5	9	12	13	
0	5	6	7	12	13	14	
2	5	6	8	10	11	13	14	
1	2	3	5	7	10	14	
0	2	3	8	10	12	13	
0	2	8	9	10	11	13	14	
0	1	5	7	9	10	12	13	
0	3	4	6	10	11	12	13	
1	2	4	5	7	9	13	
2	4	6	9	10	11	12	13	
0	2	6	8	9	10	12	
0	3	6	7	8	9	11	13	
2	5	6	8	11	12	13	
0	1	3	4	5	8	11	13	
2	3	5	9	10	11	13	14	
0	1	4	6	7	10	14	
0	1	3	7	8	9	12	14	
1	2	4	8	9	10	11	12	
0	2	3	4	8	10	11	
0	4	5	8	10	11	13	14	
0	2	4	5	6	7	9	12	
1	3	4	8	12	13	14	
0	1	3	7	11	13	14	
0	1	3	4	5	8	11	13	
1	4	5	6	8	13	14	
1	3	5	8	9	11	13	14	
1	2	6	7	9	11	12	
2	3	5	6	7	10	14	
1	2	4	8	9	10	13	14	
0	1	5	8	9	10	13	
1	3	7	9	10	11	12	13	
0	2	4	5	6	7	11	13	
1	3	4	5	7	8	11	14	
0	1	2	3	8	9	11	
1	2	3	4	5	6	9	12	
0	4	5	8	10	11	12	14	
0	2	3	6	7	12	14	
0	1	4	9	11	12	13	
7	8	9	10	11	12	13	14	
0	1	3	7	11	13	14	
2	4	5	6	8	10	11	13	
2	5	6	7	8	10	12	
1	4	7	8	10	11	13	
0	1	2	3	6	7	13	14	
0	2	6	9	10	11	12	
1	2	3	5	11	12	13	
2	5	7	9	10	11	12	14	
1	2	3	6	9	12	13	
0	1	2	3	7	9	11	14	
0	3	4	6	9	10	11	
0	3	4	5	7	11	13	14	
1	2	3	4	9	10	11	12	
0	2	4	5	10	11	12	
2	4	6	8	10	13	14	
1	5	7	9	11	12	13	
1	3	4	6	7	10	14	
2	3	5	6	8	13	14	
3	6	7	8	9	10	13	14	
0	2	4	5	6	7	10	11	
0	1	2	3	5	7	10	14	
1	5	7	9	10	11	14	
2	3	5	9	10	11	13	
0	1	2	7	9	10	13	
4	5	6	7	8	10	12	13	
0	5	8	10	11	12	14	
0	2	4	6	7	8	11	12	
0	3	6	7	8	9	11	
0	1	2	6	9	13	14	
3	4	6	9	11	12	13	
2	4	5	6	9	13	14	
0	2	3	4	5	8	10	11	
0	1	4	7	8	9	10	12	
0	4	5	6	9	10	12	
1	2	6	8	9	10	12	14	
0	1	2	4	8	9	10	
1	4	6	8	10	11	13	14	
1	2	6	7	9	10	13	14	
0	2	8	9	10	11	12	
1	3	6	9	10	12	13	
0	2	3	7	8	11	12	
0	1	3	4	6	9	11	13	
0	2	3	6	9	10	14	
0	1	2	4	5	6	7	10	
0	2	3	6	7	10	13	14	
3	4	6	7	8	9	11	13	
105	87.2866	71.7403	62.4985	53.2925	44.6776	38.4448	33	
104	87.5377	74.1221	61.464	50.2366	40.4905	33.9931	33	
110	85.0695	64.0543	43.5185	35.2883	32.7047	31	
114	91.8982	72.514	53.1779	42.7883	34.1303	33	
114	93.2427	79.8406	66.8165	53.7923	42.1345	31	
123	87.3178	65.627	52.4953	44.7179	37.6831	31	
113	94.4918	78.9795	63.9798	52.8827	42.7318	37.6465	34	
121	95.2581	72.7275	54.7395	45.1581	37.5609	32	
118	96.0649	77.0497	60.5441	47.4651	36.7992	34	
113	89.5163	69.1192	54.5866	40.9542	35.2955	31	
113	87.9485	67.5805	48.0112	36.139	33.5612	32	
106	84.7443	68.8479	54.9191	46.3236	40.0583	34	
108	88.9963	72.6862	56.5985	47.5785	40.585	35	
107	86.6835	70.9026	58.5838	48.8147	40.8706	34	
101	80.2894	59.9374	46.3131	41.0195	37.6239	36	
110	87.4259	72.9744	60.3421	51.8608	44.2251	37.7424	36	
101	86.4146	72.5336	60.5767	49.1867	41.2326	34	
101	83.0808	67.5253	52.3131	41.1616	36.0909	31.9495	31	
105	75.5444	48.2841	39.6342	36.6198	34.228	32	
121	98.2733	76.0273	56.3904	43.3906	38.8133	35.5176	33	
114	93.6918	75.2113	60.9053	48.585	37.393	33.8503	32	
114	93.0619	76.5979	62.4922	50.1277	40.8709	36	
102	88.1479	75.8946	65.0405	55.0165	45.8227	38.7814	34	
111	81.1278	56.7827	44.6102	33.4601	31.7348	31	
104	85.9362	68.2035	54.8367	42.9598	34.2486	31	
106	92.4979	78.9959	66.0694	53.3568	43.1275	34	
117	101.174	85.6814	71.1394	59.0822	47.9923	39.2704	33	
119	96.8284	75.4213	58.7589	44.4575	33.2592	32.4497	32	
103	89.0884	75.3295	63.5216	53.4272	45.4705	38.6165	32	
116	88.8295	72.2178	56.0096	41.6509	34.1857	32	
121	97.4142	74.9093	55.5267	45.7754	36.7446	36	
106	93.6284	81.5371	70.1975	59.1892	48.7797	38.8798	34	
114	87.6703	65.7337	46.5901	40.1895	37.8038	36	
123	101.876	82.159	62.9426	53.0959	46.5633	40.7697	35	
118	95.2541	75.1299	55.5254	45.487	37.9995	32	
121	80.713	59.9469	41.2264	37.3578	34.6897	33	
115	85.6354	66.7299	49.1772	42.8094	37.0024	34	
108	87.2461	66.7738	51.4142	40.669	33.6932	33	
105	90	75.7437	63.6709	54.6994	45.981	37.769	35	
112	89.5062	70.0967	50.8999	42.4979	38.4565	35	
103	85.2145	68.058	54.5234	43.0095	34.031	31	
107	88.711	75.3853	64.3031	54.1955	44.5637	38.5354	35	
102	89.2905	77.2856	65.5787	55.823	47.5307	40.8372	36	
122	99.0743	82.4926	68.4703	54.5569	44.7005	35.1163	34	
119	87.6825	69.2812	52.6493	38.9368	35.2654	35	
119	97.5753	79.6575	62.0959	44.726	35.411	31.0274	31	
109	91.1895	73.8712	57.4644	46.8364	40.3648	35.5886	33	
119	91.7313	74.1005	62.01	50.0348	39.2428	32	
116	95.3172	75.3764	59.0999	44.5096	36.7086	35	
123	101.212	84.3309	70.0236	55.738	44.266	40.1221	36	
114	92.7492	75.6618	62.7621	50.5603	39.3212	36	
111	87.8387	69.2167	56.0637	43.2935	36.2658	34.0235	32	
114	93.1231	74.8627	59.6548	45.4825	39.2413	33	
108	90.8837	77.5002	64.1684	52.9009	42.3902	32	
106	85.75	70.6941	57.266	44.6277	36.3697	34	
107	80.3214	69.0869	57.9596	47.7976	38.7885	36	
111	85.0358	73.0296	62.2949	51.7082	41.6833	35	
108	81.0727	66.9652	54.0023	45.9041	39.6945	34	
103	85.8548	70.6589	57.6847	46.0939	39.8688	35.3205	34	
109	89.6167	72.5195	56.3798	46.0629	39.5367	36	
109	89.3981	71.7308	57.4898	49.5884	42.9224	36.8624	36	
119	92.0929	68.5864	51.4339	39.442	35.4447	32.2231	31	
115	92.1577	70.2865	60.5531	51.9295	44.0688	36.5549	36	
102	78.924	62.6275	49.0429	42.3913	37.8375	34	
106	88.6192	71.2735	54.0336	41.8476	31.6163	31	
105	84.7521	70.5286	58.6267	49.1051	40.8179	34	
113	88.5885	71.3655	56.4488	45.9727	39.3484	34.8587	34	
120	97.6865	75.973	54.5134	39.307	33.5844	31.2077	31	
123	103.915	88.1083	73.9953	61.2068	51.3277	42.4473	35	
115	96.6448	79.0267	62.109	48.0661	38.3909	35	
103	84.6766	69.0421	59.1974	50.3718	41.6113	34.4554	34	
111	90.7393	71.9034	57.7282	45.0019	34.3523	33.4105	33	
112	94.6525	78.7507	63.0521	50.5159	40.4869	31	
119	95.3574	73.8679	58.0781	47.2278	36.5042	33	
118	93.0775	69.0921	49.3871	41.5355	35.3808	33	
110	83.8964	58.0471	48.8656	41.0967	35.4748	32	
106	86.5398	68.4275	53.6006	43.3791	35.3198	34	
114	88.344	67.4134	54.6753	42.4765	34.2584	33	
112	73.8522	54.5119	45.8252	39.9658	36.8107	34.8849	33	
102	80.6777	64.2684	50.5699	37.549	36.1936	36	
104	91.034	78.7321	66.4906	55.8642	46.0377	40.6642	36	
107	79.654	62.9316	48.1204	39.9138	33.6464	33	
114	95.0672	77.3122	60.7927	48.3814	38.4697	31.4309	31	
110	77.0814	45.8153	36.4619	33.4212	32.1653	32	
102	82.3225	67.2399	55.1426	45.0702	36.3477	32.0903	31	
116	93.1228	71.991	52.6357	41.0725	35.0571	33	
115	92.0774	70.6967	56.6913	45.4356	38.5228	34.6424	34	
121	96.5235	73.5334	56.0457	45.2937	35.1427	31.253	31	
109	79.5338	63.415	50.4498	39.9057	36.6883	35.6053	35	
103	69.637	43.892	37.6023	33.4612	31.4297	31	
118	101.387	85.0121	68.6969	53.4947	44.2938	35.1526	34	
105	88.4573	77.9813	68.5993	59.3997	50.946	42.6083	35	
104	74.2243	60.5308	48.7888	40.3776	32.8411	32	
114	93.1126	74.2958	57.9818	46.0137	39.5063	34.6371	34	
115	93.992	78.0411	64.4048	50.9949	43.0194	37.5096	36	
118	98.6811	79.7891	61.1105	46.1891	34.4483	34	
122	101.104	80.7635	64.4866	51.3851	40.6596	32.2213	31	
113	84.1745	60.4832	47.5973	41.8255	37.3289	33	
103	82.8568	66.5621	54.3888	42.2702	35.4193	34	
111	91.5462	74.543	59.4156	49.0382	40.3551	37.4809	35	
116	91.5156	67.3783	51.3846	35.925	32.9345	32.0267	32	
113	88.1916	67.0198	51.9806	40.4548	37.2497	35.1849	35	
112	90.1509	72.8232	56.4048	48.1451	40.0622	35.9197	34	
106	75.5733	61.1016	48.9149	38.4519	34.1625	33	
118	96.5976	75.2311	63.0063	50.9966	43.038	37.0152	33	
102	77.892	59.1628	45.5089	38.0062	31.993	31	
115	94.575	75.0616	59.4657	44.6828	40.8885	37.8087	35	
107	83.0162	62.2329	50.8965	40.9482	33.4292	31.1928	31	
110	87.7223	65.759	53.2535	42.3928	35.8377	31	
104	84.0523	66.2552	50.5013	35.9572	33.3226	33	
111	92.1923	75.1346	60.6731	46.3077	40.6538	35.0577	31	
107	84.4907	67.9097	51.9193	40.8123	32.7944	31	
112	88.5412	65.9893	49.5412	39.0251	35.6424	34	
105	84.731	68.9979	57.2564	48.4179	40.7457	35.6137	31	
105	78.5226	60.8046	45.9401	40.565	36.2184	33.0664	33	
122	95.9371	75.9511	61.2654	50.6985	40.5029	35	
123	101.823	82.7845	65.3489	51.2089	41.8787	36	
101	85.0116	71.4291	58.0434	47.6324	41.2676	35.6903	33	
112	81.7698	62.4997	46.2392	40.4896	34.9197	32	
111	92.2136	74.3152	56.7326	40.5313	34.5915	31	
120	95.5685	76.8121	59.4746	46.1947	36.7172	34.3337	33	
109	91.5535	77.4006	63.2677	51.63	42.8668	36	
121	91.3919	67.6456	53.1705	46.1423	39.5029	36.1832	34	
105	86.0871	68.0556	50.3012	36.5005	34.1081	33	
107	85.0328	64.7595	49.1109	42.6578	37.8718	35.1831	34	
114	96.8263	85.0232	73.5324	62.229	51.7998	42.1513	36	
119	92.9598	69.5442	52.2627	37.311	32.7989	31	
113	96.3954	81.9486	68.9465	56.3468	44.7162	35.5178	34	
103	85.5261	75.1647	64.8208	54.8984	45.2044	38.8295	34	
113	84.9388	72.8543	60.864	49.8467	39.0805	35.8161	35	
122	100.984	82.0621	63.6524	50.5027	37.9814	32	
107	89.2096	71.9797	55.5272	42.763	37.1764	33	
123	97.3057	73.8813	53.3889	43.8048	36.5537	34.7251	34	
104	80.0371	61.4572	45.343	39.8559	34.5771	31	
120	96.972	75.9194	56.3551	38.9285	32.786	31	
109	74.7377	58.3946	44.4989	37.074	35.2489	35	
108	74.1205	46.3593	40.782	36.1205	32.4578	32	
103	80.645	64.7063	50.8808	44.872	39.3214	34	
105	79.3722	62.7185	50.6843	40.3861	33.8247	31	
122	104.316	87.2659	71.0066	55.044	40.1099	34.8286	32	
111	90.8824	75.0697	61.3268	48.1427	35.6623	35	
113	89.4253	73.6926	58.033	44.1025	35.6273	31	
106	86.9043	70.6809	55.4415	45.4149	36.4521	31	
113	86.1389	64.9538	44.2275	40.3287	38.4654	36.7167	36	
109	88.6091	71.0364	58.1056	49.5886	42.2736	35.9325	35	
103	84.4562	67.8404	52.3915	42.7772	36.6129	34	
116	92.9298	76.6961	64.3157	53.4518	43.5823	36.9695	36	
122	98.7921	78.1763	62.2845	51.1408	42.6377	36.9932	36	
108	85.7658	64.172	47.65	36.2255	33.0236	31	
118	96.0721	74.7387	55.1446	41.7149	37.3557	35	
115	95.7215	78.6101	62.4186	52.5443	43.2832	36.1688	33	
102	86.9259	72.1339	60.2721	49.7422	41.9074	36	
123	103.219	85.022	67.2445	52.4261	40.59	36.1398	36	
117	93.9146	72.3331	54.311	44.1093	38.269	33.1306	31	
102	74.3229	60.0294	48.1426	42.8889	38.8386	35.1698	32	
120	90.7254	63.4985	52.3646	44.91	37.5193	34	
112	95.4514	79.7856	64.518	51.1025	39.6951	34	
109	84.0475	63.4582	47.0608	37.3935	34.3707	34	
120	95.5077	72.0096	50.4545	41.3264	36.8527	35	
123	84.0939	59.4159	44.3438	36.8681	32.045	31	
113	89.3741	71.3673	57.345	45.0595	35.7368	34.2554	34	
119	89.394	66.7481	45.3245	39.9262	36.1575	33	
115	95.9315	76.9393	61.7686	49.6931	41.7065	37.2164	35	
119	90.9078	74.9326	64.6241	54.7376	46.5993	38.6117	34	
108	87.7236	69.2258	54.641	42.0231	36.1222	32.2093	32	
120	93.2828	71.9822	54.5363	41.0116	36.5587	34	
121	97.2992	74.7361	60.2989	48.3266	39.8485	35	
114	97.3294	81.1862	68.047	55.6644	45.5979	37.0677	32	
120	96.4817	74.5578	59.3379	45.4226	37.2691	31	
122	91.7175	66.9058	48.9135	40.9769	37.0086	33.5411	32	
120	90.858	62.2211	52.5368	43.6546	35.6339	34	
103	86.1371	70.4483	57.9075	47.2555	41.0957	35.2932	34	
117	96.3022	78.6506	63.9618	51.3803	41.9912	34.3964	34	
110	92.3678	76.1034	61.0327	48.5733	41.7343	37.1086	34	
120	90.0124	65.3347	46.0539	38.8725	37.3927	36	
115	90.3692	73.5881	58.3165	45.8375	39.4974	33.8869	32	
102	80.7243	64.4119	53.2524	43.8317	36.6555	34.9168	34	
107	80.8395	67.7764	55.2649	44.8558	35.722	32.3787	31	
111	88.5587	68.7185	56.7837	47.7817	40.0802	36	
113	96.0015	81.7755	67.7599	54.968	42.2143	36	
116	91.7136	74.8979	65.1936	55.8487	47.274	39.7006	33	
116	89.125	65.5238	47.9643	35.9107	32.131	31	
118	91.2392	70.3729	55.4304	41.8437	37.5113	33.3557	32	
117	81.8849	56.8854	39.5507	35.0499	33.1337	33	
115	89.9144	67.6753	50.5195	42.0051	36.7949	31.8641	31	
112	86.6244	69.5662	57.7707	50.3909	43.616	37.4763	33	
122	88.268	59.972	42.728	36.32	33.836	32	
117	87.2308	60.5148	45.3757	39.142	33.9684	31	
120	99.085	80.3291	63.0344	47.4191	35.3586	32	
115	94.5981	78.8899	66.2482	56.7357	48.6625	40.6102	36	
102	86.9757	73.1545	61.0116	52.7632	44.8632	37.0265	35	
117	97.5281	79.8916	64.8488	51.2823	38.6335	36	
102	76.0242	59.578	47.0051	39.5659	36.7993	36	
123	86.1548	61.1691	40.5205	35.9916	33.3049	32	
106	88.4502	72.7131	57.8526	46.6574	40.6614	36	
101	79.1751	63.3345	48.104	40.9464	34.2581	34	
103	88.6542	74.9905	62.4181	52.7784	44.2528	38.2735	36	
107	81.5968	61.9236	48.9355	38.2394	35.9474	33.8463	32	
123	93.9383	74.2318	60.1385	49.1838	39.5569	35	
105	82.4247	60.8463	44.1054	34.9287	31.3518	31	
121	99.8553	82.4453	65.4004	52.3148	40.0436	36	
105	85.5131	66.2741	53.1402	41.0651	36.0638	34.3292	33	
119	100.742	84.2603	68.2222	52.4928	44.2711	38.3654	33	
115	86.6731	66.8629	55.2914	47.0526	39.8011	34	
107	87.146	71.2054	57.5984	44.7812	32.1077	32	
119	101.648	85.8268	70.662	55.7158	43.5037	34.0257	31	
111	91.5719	75.0836	61.2474	49.68	39.3269	33	
116	80.9821	59.3333	43.9513	34.95	32.6332	31.1519	31	
110	88.7637	72.8311	57.925	43.5322	31.2352	31	
104	90.5224	77.0787	66.5584	56.8878	48.2369	39.7391	36	
117	97.4643	81.2117	68.6067	57.4406	47.4701	39.3032	36	
118	97.1344	80.316	65.866	52.9748	41.6726	31	
121	102.614	85.8967	69.9019	56.7799	44.844	35.1508	32	
114	97.756	83.113	69.6033	58.5221	47.5489	38.9862	36	
122	101.351	83.2394	65.1719	53.0453	43.2105	35	
116	97.6598	79.6683	65.9567	52.9036	41.1481	32.743	31	
102	87.7889	73.7299	60.1947	47.9438	40.6608	35	
122	86.3259	71.4404	56.7015	43.6491	36.3529	31	
119	98.1685	77.7404	59.0917	44.9035	33.3726	31	
113	75.9927	49.0709	42.0355	38.2127	35.0813	35	
113	82.0647	56.5405	48.3528	40.699	37.6019	36	
110	89.2442	75.6829	63.121	52.3862	43.1645	38.4252	34	
120	96.9257	75.6264	61.0386	49.6678	40.6544	33.5824	33	
123	101.811	82.2511	64.9245	48.29	36.5454	34.7145	34	
119	96.3136	78.3012	62.3865	47.019	40.2473	34	
116	96.5473	79.6287	65.3891	52.3803	43.7642	35.4859	33	
122	97.9249	74.6437	52.2334	35.893	33.5111	32	
104	83.2363	66.4592	51.9128	38.4579	34.9696	33	
102	86.0225	70.4465	55.1883	42.5903	35.1119	33.3886	32	
123	100.308	79.6911	62.7881	49.2712	39.3588	37.338	36	
121	93.3672	72.3939	56.6709	44.3743	36.1397	33.2383	31	
120	98.6426	78.6187	61.4198	44.4922	40.3563	37.6216	35	
113	92.8377	76.7323	61.6463	53.1043	45.2963	37.9775	36	
120	96.2069	78.8935	65.7292	53.6662	44.1899	36.7626	31	
110	93.868	79.3901	65.2324	51.0747	40.1362	34	
123	104.731	87.6736	72.0038	58.0752	44.2474	31	
104	87.2562	72.4981	57.8652	46.8458	36.1842	33	
105	86.9056	69.8729	55.5059	44.6068	38.7562	34.9817	33	
111	90.0194	71.7437	53.8578	41.5278	34.1444	32	
113	90.1263	70.1271	50.4948	44.3789	38.5075	36	
102	68.649	54.5481	46.976	39.5721	34.8606	32	
108	90.6537	77.4327	65.7441	55.018	46.1779	38.6932	35	
105	88.0535	71.5792	58.1382	48.2573	40.4289	33	
118	94.2884	72.7169	53.9178	44.4574	36.6022	34	
105	84.4783	66.8634	52.9503	42.764	34.2174	33	
114	96.6036	80.6864	65.716	53.2505	41.5542	34	
101	83.4464	67.4163	53.8755	42.5236	36.8584	36	
121	93.5092	73.8367	57.1515	44.5026	36.303	35	
106	87.6245	69.5087	51.7124	44.8615	38.2104	34.1558	31	
113	93.7369	74.5323	62.2811	51.14	43.9724	38.6746	34	
119	98.2098	78.8095	60.4739	48.6444	37.7909	33	
117	97.4405	79.6592	63.9035	53.4598	43.2186	33.9003	33	
121	97.9213	76.7727	57.3027	40.7699	36.0702	32	
113	91.9219	74.7973	58.8085	47.5377	37.9924	35.9611	35	
117	99.1866	83.0307	69.0968	57.0755	46.2017	36.1293	35	
112	79.6219	47.7548	40.7098	34.8328	31.7301	31	
111	89.8071	70.7911	55.1898	44.6254	39.1191	35	
119	98.0857	79.8037	62.198	45.7756	35.0769	33	
103	69.2531	57.1464	47.6551	41.4119	35.2109	35	
110	90.9791	73.9852	60.8233	49.022	38.3314	33	
101	83.1901	67.3443	56.3419	46.5598	37.0828	31	
117	96.4065	78.1403	60.1989	44.5846	32.0013	31	
116	90.5336	69.1996	56.828	46.0577	39.0067	32.6272	31	
122	95.6689	71.4305	60.8609	52.1987	43.6159	35.6689	34	
106	89.1555	72.5878	58.9376	49.4399	41.5181	33.6602	33	
113	90.6661	68.9844	53.4429	45.0311	37.0017	35	
122	100.213	83.1629	66.8852	51.3803	41.1351	36.4238	36	
112	93.837	77.0866	62.4278	50.7778	39.9166	33	
116	97.0497	80.2544	64.0589	51.4624	40.3099	36	
110	87.9299	71.2799	57.2034	43.7897	36.849	33.8075	31	
111	91.9471	76.6128	62.8245	50.7075	42.9568	36	
106	73.6702	58.2292	46.3726	39.4448	35.1365	32.8272	32	
121	92.0094	68.0295	54.4588	45.6602	38.1143	34.3562	32	
109	82.8397	67.6351	58.0421	48.5026	41.0473	33.8325	31	
121	100.352	81.3367	63.5969	51.9029	42.3427	35.0418	35	
114	94.3024	75.1397	56.1658	44.3346	34.1082	32	
108	87.7404	69.5092	55.7774	43.6776	38.1057	33.1166	33	
111	93.7049	79.1035	64.9297	51.8461	41.2211	37.373	35	
101	77.3902	54.4448	47.4437	42.5889	38.0151	35	
116	91.6009	73.9234	59.6862	46.2164	34.8372	31	
111	89.3685	73.1338	57.9918	48.2242	38.9026	35	
107	86.0085	68.8958	59.1352	50.5408	43.0366	36.5465	35	
104	84.7452	67.0803	54.7285	43.7729	37.4903	34	
108	86.0494	68.0852	51.092	36.7564	33.8688	33	
102	85.9451	71.9367	58.2869	48.8565	41.0295	35.5865	32	
104	85.3002	68.905	54.4708	44.4032	36.7413	31	
109	90.7804	73.1492	61.3588	49.8952	39.6521	31.4577	31	
106	86.8683	68.3236	54.6784	42.511	36.4374	35	
114	96.8599	81.1115	67.1745	54.8198	44.2383	34	
105	90.198	76.6106	64.6361	52.8894	44.1601	38.8845	36	
109	82.2649	57.7351	43.8725	34.4207	31.4951	31	
109	84.2409	64.6862	46.702	38.6646	36.4782	35	
102	81.0147	64.0246	50.6723	39.4437	32.9042	32	
118	97.4063	76.8563	57.7257	43.9457	37.2631	33.0264	32	
118	88.8337	65.1772	46.07	39.8526	36.8197	35	
114	96.5283	81.6604	68.5283	56.9245	47.5094	39.6604	34	
101	85.0304	70.5094	58.7995	50.487	42.3297	38.001	34	
110	94.0683	79.248	66.3729	55.4893	46.1341	38.2145	34	
120	98.3556	77.5409	60.1638	47.528	40.1552	35.9591	32	
117	91.7147	71.1681	50.6956	37.4791	32.9996	32.1111	32	
118	91.3746	72.4389	58.0208	46.198	39.0371	35	
104	78.8024	55.4668	45.4126	36.6307	33.1552	33	
119	100.077	85.0345	71.3573	57.6801	46.8133	36	
123	92.3258	71.3497	55.207	43.8359	38.6306	34.9125	32	
101	84.265	71.1402	61.2881	51.5879	44.3338	37.3159	36	
116	93.8522	80.0912	66.3846	55.4192	44.5082	38.2384	33	
108	90.0729	72.5467	55.7776	43.9969	36.0467	35	
102	84.8845	68.4106	57.9668	47.8309	39.4657	35.1804	34	
106	87.358	71.5584	59.6205	48.055	39.7631	34	
111	90.1793	72.5688	56.5176	47.2537	40.6498	35.6281	34	
121	91.3448	77.2586	64.79	52.6583	43.0204	35	
103	82.5823	66.6578	51.1722	40.4095	37.9226	36	
116	89.8705	64.6043	45.6691	38.5324	36.0863	36	
106	89.8066	73.9416	58.7172	44.8887	37.6953	34.7391	34	
110	90.2145	73.1712	57.617	45.2777	38.1152	32.9856	31	
105	91.3355	78.2239	65.9202	54.467	44.5447	36.3942	32	
114	96.5471	82.1285	70.5006	59.2492	49.6811	41.309	34	
119	98.0945	78.9618	60.8884	45.8416	33.7783	33	
118	95.0509	78.0725	62.6667	51.2904	42.6906	37.9731	35	
109	90.2704	73.1728	58.6559	45.9418	38.2375	33.2277	33	
109	89.4577	73.4618	60.6725	48.2983	40.1871	34	
123	100.199	77.6291	55.3765	45.0151	39.4159	35.5195	35	
118	96.4206	81.9528	67.7783	56.1944	45.1481	36.7656	32	
107	84.7449	72.1848	59.9061	49.4436	39.8509	31.9976	31	
113	90.1958	70.2362	53.0026	42.5724	33.1615	32	
102	76.7212	54.3041	38.4453	35.1066	33.2385	33	
117	87.8537	68.786	54.1107	42.8062	35.5878	33.8512	33	
105	89.3943	74.7402	61.7673	49.2542	40.2143	32.6494	31	
113	89.9887	68.6455	49.2159	41.7826	36.7289	33.3925	33	
108	87.376	74.3478	61.5959	50.5703	42.9284	36	
110	90.429	72.6629	60.4855	48.8516	37.9136	36	
119	95.0534	77.6354	60.6302	45.6894	34.929	34	
107	83.0522	68.9245	55.2486	45.549	38.0785	36	
114	94.3555	79.0861	63.8824	50.6038	38.0689	35.2032	34	
120	95.1749	79.8979	64.8235	50.8774	39.1014	31	
110	91.8638	73.7276	58.1791	48.211	38.9179	35.4527	33	
101	76.2672	60.5785	48.2121	40.4601	36.0918	34	
107	88.8176	70.9189	59.8919	51.1757	42.9865	35.7905	35	
121	96.5502	77.815	62.197	48.9818	38.981	32	
110	88.8527	70.4943	54.7411	45.4853	36.2601	32	
123	102.167	82.963	64.6686	47.6672	36.0776	35	
111	91.7258	72.8578	57.605	44.2614	37.8434	35.0609	35	
107	86.5693	70.3685	57.6151	48.0131	41.1394	38.4745	36	
120	93.8108	77.473	62.5946	50.1081	38.7162	36	
107	83.558	60.1457	38.011	35.8124	34.3862	34	
107	78.7078	52.8845	45.478	39.0647	37.4189	36	
122	86.9252	56.0954	44.9074	39.6912	35.842	33	
106	83.9408	66.1185	53.4897	41.1617	34.738	34	
110	71.8272	48.5039	41.6441	36.8019	32.5246	32	
120	102.984	86.5492	70.7547	56.0612	41.648	35.0018	33	
122	102.541	87.2273	72.9644	58.7844	46.0694	37.0031	32	
112	91.8308	74.6123	62.2036	50.866	43.5906	37.1033	31	
123	98.0081	76.2782	63.1016	50.4644	39.3939	34	
111	93.4054	78.6865	65.0838	53.2784	41.927	34	
117	95.9665	76.6006	62.4819	52.3209	43.0715	36.9794	34	
112	92.4179	74.369	57.3934	45.4339	37.3294	34	
102	85.1611	68.453	52.7915	44.3253	37.2982	31	
115	99.9981	85.156	70.7333	57.8489	45.3639	35.6955	32	
120	95.3408	80.8596	67.1514	55.1954	44.7597	36.9007	31	
110	90.4485	77.9909	65.5982	55.5196	46.1764	37.3307	34	
106	88.3866	73.797	59.7365	51.6479	45.2477	40.4348	36	
106	91.1631	78.0024	65.7252	54.8297	44.727	37.6143	31	
112	97.1254	83.4713	71.1613	60.1955	49.9902	42.6856	36	
115	92.8712	73.4316	55.7924	44.3748	36.9226	32.7065	32	
113	97.4725	82.4349	68.5294	55.0801	43.9793	33.301	32	
105	83.9403	69.4119	57.3408	46.6708	38.0055	31	
119	95.3058	73.9525	57.3067	49.452	42.7677	36.7336	32	
121	97.7804	80.1018	64.2703	51.2452	41.5064	34.79	31	
105	85.3526	66.2729	52.7488	42.1039	37.481	33.9732	33	
108	90.7801	75.0048	62.2729	50.1188	42.8186	36.7897	36	
106	88.5669	72.6955	59.4027	48.4162	39.9902	32	
105	89.6041	74.8844	63.4107	52.2074	41.5002	36	
123	102.892	85.7205	70.4371	58.1505	45.9238	35.4352	31	
113	86.8325	61.8589	47.2993	36.2884	34.199	34	
120	93.7168	71.0869	55.0278	44.7511	35.5257	35	
120	96.6661	74.8388	54.4023	39.7607	33.1932	33	
115	93.7618	76.3828	60.7695	49.8981	43.1635	38.7241	36	
116	97.508	81.5248	66.9578	54.1105	44.1362	35.4972	34	
104	86.0374	69.5732	57.6803	49.5052	42.2784	36	
106	87.3622	70.2835	58.189	46.378	40.189	34.5433	34	
114	97.6746	81.5356	65.4498	51.468	41.5875	32.9588	32	
102	88.4948	77.3608	67.5258	57.7526	48.8247	42.0412	36	
121	100.508	81.6237	64.4748	49.8777	39.4148	36.1739	35	
117	85.607	70.1642	56.5289	45.5255	34.7758	33	
107	85.44	68.4592	52.9093	44.4189	38.5996	36.3339	36	
121	93.9901	68.8263	51.3877	39.7715	38.0674	36.5053	35	
106	90.0328	75.6328	61.7552	50.853	42.4492	37.4297	34	
109	87.1974	67.0098	51.9608	39.1876	34.7096	34	
110	90.7351	73.8755	58.8091	48.4441	40.9218	33.3995	32	
114	90.755	72.5502	56.2761	48.9792	42.1085	35.2628	31	
121	98.9781	77.2028	60.7049	48.276	39.5215	32	
114	96.2367	79.3473	64.2465	51.3406	43.6378	38.8616	35	
114	98.0774	82.9557	69.0112	57.012	46.3042	37.0024	32	
120	102.038	84.1434	69.0895	54.1697	40.3461	35.5145	35	
112	94.8309	78.2409	62.3982	49.1711	37.8122	36	
103	87.6728	73.426	59.8018	47.5876	36.6919	34	
121	87.287	65.3889	44.4414	36.1574	34.358	33.1019	33	
122	97.5314	78.4049	63.3196	51.279	41.785	36	
115	94.7809	74.9839	57.8462	44.6975	36.2975	31	
106	91.3326	80.1059	69.1462	58.9873	50.697	42.8814	36	
107	85.3394	64.824	45.5268	40.3614	36.4629	36	
114	90.0694	69.4619	58.6001	48.036	41.1172	37.3974	34	
118	90.8804	74.6086	60.1541	49.474	39.9681	32	
123	99.3975	79.9321	66.5131	55.9848	46.5173	39.5161	34	
101	80.7624	62.4234	49.6912	41.3593	35.507	32	
106	90.3908	77.6588	65.5023	54.3349	44.0846	35.9742	32	
109	89.215	69.6352	53.606	44.8423	37.4947	33	
101	84.0135	69.747	57.3179	45.7174	35.8461	33.0901	33	
102	83.0177	64.0571	49.2231	42.1862	36.1917	32	
123	97.024	72.988	49.1407	41.7575	34.482	33	
112	82.6765	66.8667	53.7466	43.0537	37.1169	32	
113	89.7395	68.7623	51.4668	44.2175	37.4819	35.427	34	
109	87.7862	68.9969	55.7352	45.4556	37.8914	32	
106	89.274	75.1146	62.4711	49.862	37.8385	31	
114	99.7231	85.4615	71.2615	59.0615	50.1231	41.4615	33	
109	88.1709	68.3654	49.7114	35.3818	34.435	34	
103	83.376	67.2314	51.393	40.2867	38.032	36	
104	86.9315	70.1563	55.2106	41.6455	34.3797	34	
109	82.1686	61.0054	49.2132	40.9815	35.8545	35	
106	84.9527	66.0933	50.3626	39.6202	33.888	31	
119	97.844	78.5754	65.8686	53.7324	42.8252	37.1851	36	
119	95.1287	71.4611	56.9296	44.9431	39.268	34	
102	84.6004	68.7782	54.4839	41.4466	36.0246	36	
104	88.8088	73.9229	59.2524	45.0847	33.6644	33	
101	88.3815	76.2634	65.7715	56.1552	46.8359	40.6127	36	
110	89.9904	70.6603	58.5701	46.5972	35.4208	32	
103	86.9551	72.9576	59.169	50.2691	42.2884	36	
101	68.1051	45.2833	37.7285	33.5576	31.3148	31	
120	95.8319	76.4974	62.0477	48.1095	36.9078	31.3325	31	
123	83.0169	66.664	52.3186	43.8703	37.5968	34	
119	100.083	83.4607	67.9179	55.0967	42.9279	36	
123	104.518	87.7959	73.6811	60.0216	47.6246	38.6425	35	
120	93.3834	75.1867	58.7857	45.3777	40.2299	37.1572	36	
114	91.0694	70.8118	51.6024	43.7143	36.4551	32	
110	87.1747	70.2282	58.8648	48.8808	39.3895	33.6749	32	
114	78.1394	51.2439	41.1633	36.7013	33.3962	31	
102	89.7629	77.6229	68.3271	59.2949	51.2478	43.6031	36	
115	99.6503	86.1863	72.8104	59.646	48.0325	36.8418	33	
110	94.4068	79.3443	67.4312	56.6991	47.3364	38.0079	32	
111	85.2662	68.3067	52.1534	36.8991	36.31	36	
123	94.3576	70.3005	50.9229	41.4069	37.4811	36.162	35	
101	80.6611	62.347	51.9501	42.3949	38.4363	35.4105	34	
114	94.9633	76.9356	61.6491	47.7523	33.8936	31	
110	91.1447	75.8709	61.5068	51.5959	44.6791	38.8994	36	
105	84.0414	68.4112	56.5617	46.3361	38.1658	32	
114	91.2035	68.8498	48.897	39.6665	34.9114	33.8158	33	
106	86.7839	69.6323	52.8513	39.4848	33.2382	33	
116	97.6415	80.6738	69.6401	59.1442	49.2788	39.7102	35	
107	86.6812	67.6135	55.4482	44.2966	40.3277	37.1354	35	
106	89.0495	74.6177	62.7843	51.2908	42.6957	35.8995	35	
101	80.3621	63.7704	48.292	39.4288	35.0614	32	
103	87.0999	71.5735	57.2242	44.2388	35.9992	34.9342	34	
103	84.9899	68.392	52.3372	42.8651	38.6722	36	
111	88.0081	66.6104	51.3745	42.1777	36.4144	32	
110	87.249	68.5458	56.3328	46.5625	37.3737	34.303	32	
122	101.189	83.0266	67.7255	55.3489	43.9473	36	
104	83.7553	67.6291	52.4661	39.0857	33.3483	33	
107	81.3633	62.9438	49.4822	42.5789	36.2403	31	
108	90.7051	73.6147	61.9289	50.7398	40.0766	34	
108	94.0998	80.5456	67.9143	55.9751	47.41	39.9552	34	
110	90.582	71.8667	54.7441	45.3045	38.2072	32	
112	90.3075	69.0179	58.4195	48.1621	40.8486	34	
101	80.3284	65.2104	52.2263	45.4644	39.7308	35.6942	35	
119	101.939	86.448	71.4883	57.6423	46.4794	37.9744	36	
102	86.2439	71.439	59.0125	46.913	36.4485	33	
121	85.1786	50.6927	43.7288	37.2418	35.1431	35	
121	105.656	90.3443	78.0787	66.1535	54.3092	44.5713	36	
117	92.4637	68.7992	50.3409	39.3556	36.2917	34.6477	34	
109	89.2821	71.3345	55.4839	41.1858	31.463	31	
105	87.7686	70.9475	59.8507	52.544	45.4912	39.6107	35	
109	86.5015	69.8221	56.3466	44.6379	35.0967	33	
119	95.6713	74.0936	60.4522	49.0985	37.999	34.4969	33	
116	92.1247	73.182	54.7988	44.3231	38.1953	35.8561	34	
123	107.184	92.0711	77.5439	63.5356	50.2971	38.1967	31	
108	88.625	76.0357	64.4955	55.1429	45.9688	37.7321	33	
123	99.0051	78.8688	58.7325	48.7411	40.1295	33	
115	91.613	68.2988	52.1657	42.6799	34.116	33	
123	98.4997	74.0578	55.7482	45.2064	36.5626	33.292	33	
119	95.6088	72.4167	56.0179	44.9942	38.3501	34.0451	33	
112	85.4021	60.4596	47.8902	38.7717	32.6834	31	
114	94.9674	79.3987	64.292	49.3006	35.6372	32	
119	94.7129	75.544	59.2765	44.3782	38.608	36.0326	36	
123	97.059	73.157	54.8434	45.1392	38.7577	34	
115	96.0391	77.5917	61.5067	46.264	39.5876	35.1915	34	
113	75.2666	56.9199	48.8906	41.0277	35.7442	32	
123	104.964	87.4741	73.1679	59.8865	49.0478	39.4957	34	
119	89.0386	59.4375	45.8377	40.6741	36.2609	35	
105	84.2835	68.811	53.3622	40.9134	35.8819	33.5433	33	
114	91.768	75.5838	63.2043	51.3643	40.7168	34.1295	32	
111	91.543	74.9436	61.538	50.906	43.6149	37.4164	35	
122	103.409	85.9553	70.4497	55.7155	41.4249	37.0471	34	
105	84.0152	66.1185	55.079	45.0122	38.0821	34.5805	33	
103	86.378	72.1193	59.2393	50.239	43.2475	37.9103	36	
105	90.1141	76.3696	63.5707	51.9457	41.6576	36	
102	84.4147	68.5861	53.6724	43.6263	35.3003	32.4273	31	
121	97.8868	75.5244	59.8497	49.7831	42.5323	36.4079	35	
112	95.6352	79.4412	64.5078	51.1126	41.1997	34	
120	78.4219	59.5818	46.4263	36.6814	33.4331	33	
115	80.2782	60.4897	49.0138	39.708	35.5885	35	
111	90.7319	72.605	58.5733	44.7079	36.8917	35.7484	35	
119	98.4436	78.7281	64.9206	54.3215	45.6254	37.8587	36	
105	89.716	77.1704	64.8318	52.5886	41.4441	31	
101	85.1468	69.6706	55.1885	44.3398	37.7243	32.9083	32	
101	81.8844	63.5553	53.497	45.6791	41.3412	37.0032	34	
105	76.3129	66.1863	56.1503	47.1422	41.3987	35.8366	31	
101	83.5083	68.0779	54.6707	41.9822	36.3281	34.2859	33	
103	87.4568	74.0053	60.8434	49.6607	42.6614	36.6919	36	
122	101.736	82.4285	67.6435	54.7139	43.7267	36.1313	31	
104	90.0647	77.5772	65.4846	55.3662	45.4289	35.7548	31	
105	88.0619	71.1502	55.7952	43.8963	35.269	33	
110	91.7567	76.4986	65.0551	54.9384	45.7752	37.9389	34	
107	87.9484	72.9136	59.4397	48.376	40.0208	34.3283	31	
101	81.9672	62.9536	49.2269	41.4599	38.2493	36	
101	87.8256	75.1054	62.655	51.2551	41.9989	35	
112	92.3396	75.5133	61.5013	47.5488	38.3132	33.0414	31	
114	90.3513	72.9354	55.8529	46.0549	37.2315	35	
119	94.8484	75.2947	59.0758	44.4989	35.3284	35	
106	87.62	70.4422	57.3334	45.3807	36.0404	35	
102	85.816	70.9822	61.6683	52.8671	44.7494	38.8193	34	
118	98.3938	82.7461	70	57.3782	45.4611	34	
120	89.5677	66.1431	51.3711	41.8301	35.5792	34.1974	34	
116	96.1742	76.5682	57.5018	40.4939	35.7373	32	
101	83.3996	67.3757	53.5487	45.2008	39.2823	36	
117	94.8668	73.2543	55.311	38.5987	33.7933	31.1657	31	
103	85.7536	70.942	58.8841	49.1739	40.2174	35.4058	35	
122	99.5712	83.6336	68.6987	55.8483	46.5337	37.7205	34	
120	93.1216	73.857	57.4915	47.8727	42.1014	36.3573	34	
101	81.2795	62.2225	45.8728	37.751	34.3802	33	
119	93.5104	71.1673	53.0284	41.9493	37.2692	36	
108	87.5783	71.8824	57.8117	47.5688	39.1648	36	
123	97.6902	73.6647	57.5722	44.5772	39.8175	35.8888	34	
106	88.1248	71.3198	55.084	42.4689	36.5029	35	
101	87.846	74.9895	62.303	50.1903	40.7764	32	
110	93.4884	77.0771	66.7093	56.4752	46.3245	37.1421	32	
102	84.8196	68.0217	53.6235	44.5464	39.8339	36.2344	33	
103	65.4142	55.3531	46.2327	37.3577	33.4724	32	
113	87.2437	70.1193	56.1691	46.0615	39.9914	35.5084	32	
108	89.676	72.1117	59.0168	48.4916	40	32	
116	84.482	57.588	44.158	36.236	31.578	31	
117	94.7871	78.496	65.5345	52.7871	42.5368	33	
122	83.0501	55.3888	47.2455	39.4038	36.7756	36	
107	80.4024	58.4212	45.1647	40.0824	36.9906	35	
108	90.8422	74.0485	59.7824	45.9662	38.062	33.9278	32	
123	103.638	86.2701	69.2381	56.9172	45.321	34.6307	33	
118	91.2463	65.0465	53.2206	44.8566	40.0653	36.6588	34	
111	80.6126	58.3699	45.0388	34.5566	33.0592	32.5113	32	
113	83.1475	60.1962	42.7658	35.7069	32.1972	32	
104	85.5912	71.5359	59.6906	48.7956	41.1492	36	
102	88.4255	75.1439	63.5756	53.164	43.2504	37.9934	33	
106	85.2726	64.7856	48.0915	40.7461	34.5492	33	
123	100.457	80.5308	62.0766	47.0297	38.9884	34	
114	88.3743	71.9028	58.0337	48.114	40.3069	36.8167	34	
112	86.9394	65.4783	49.4166	39.1087	36.1909	36	
101	80.7915	64.1467	54.1172	45.112	39.6704	36	
116	96.4543	80.9346	67.0654	53.317	40.9173	33.1474	32	
106	87.6196	71.727	58.9183	48.4329	38.8521	34	
107	85.5847	67.6165	53.9019	41.6297	33.8556	33	
123	102.199	82.644	64.8376	51.9597	43.1094	36.856	31	
116	87.992	68.7565	54.4708	44.33	37.7706	36	
108	85.7145	73.3038	61.8441	51.1646	42.0943	34.487	32	
116	99.5574	86.5727	73.8474	62.4707	51.2669	41.0659	36	
118	95.1887	77.1534	60.2588	46.0968	36.592	35	
123	95.1997	77.2164	59.4101	46.0258	38.9504	35	
118	93.7742	69.8209	52.546	40.893	32.9881	32	
106	82.4109	67.6747	55.1798	45.5984	39.435	34	
101	83.1667	66.4884	53.4138	45.4905	38.4449	34.0559	32	
107	88.8531	71.6248	56.9836	46.5978	38.6117	34.1687	34	
107	91.0671	77.1088	63.2527	51.3541	42.2472	36.4256	36	
104	87.529	71.6702	58.0649	47.5758	42.1504	38.1996	35	
104	88.4594	73.2051	59.971	46.9754	38.3542	36	
121	95.8622	71.7871	52.9439	41.2538	37.8612	35	
103	83.1456	68.1176	59.357	51.0081	43.2767	36.6891	32	
118	89.9092	65.9889	50.886	42.6941	38.0173	33.6384	32	
105	81.4099	58.4374	42.8753	39.4171	36.8646	36	
109	84.3362	60.0441	50.1042	43.1141	38.1565	36	
123	100.115	77.573	58.4138	42.3994	38.6204	36.6649	35	
107	82.3474	60.6123	48.0672	39.7524	34.676	31	
111	90.0594	70.6967	57.127	46.2172	35.7807	34	
118	97.7353	77.579	60.1628	43.3704	36.507	31	
107	91.4688	78.5019	66.7717	55.2597	44.3114	35	
111	90.4355	72.6332	62.9443	53.3419	43.9551	35	
102	87.4216	72.8432	59.2328	49.2157	39.6238	31.9973	31	
119	99.3163	80.8628	65.408	51.145	40.765	33.9602	31	
102	78.7301	58.7967	48.9854	41.2948	36.2054	34	
106	87.2676	73.3977	60.5242	49.3247	42.0908	35.2555	34	
116	94.7686	75.9151	63.4593	52.4473	42.8224	36	
108	81.1655	60.3821	50.0329	41.2954	37.6194	34.9614	34	
102	79.5849	63.1048	49.1947	42.5709	39.153	36	
119	98.8254	79.2376	63.2113	52.608	43.2391	35.0842	33	
121	93.219	73.6767	59.506	47.1809	36.8989	33.0762	31	
122	100.719	80.9666	64.525	49.3568	39.1126	33	
110	82.9989	60.7012	45.4006	37.6777	33.4098	31	
118	92.5272	73.9614	58.2518	43.4771	36.4921	32.4934	32	
114	95.1659	78.2866	62.2061	48.3327	38.8946	34.102	32	
110	94.169	78.8211	64.1014	53.0696	43.7771	38.7524	35	
101	83.8105	66.8163	55.8971	45.935	37.9848	34	
106	89.9619	76.6342	63.8357	51.1656	40.5323	33.4434	32	
112	86.2157	66.707	51.4012	41.6894	33.3976	33	
103	87.6136	72.9089	59.8312	48.5509	39.1145	36	
110	87.692	68.3315	57.6799	47.7652	38.4088	32	
102	86.6485	72.1915	59.6697	49.6197	40.5129	36.2359	35	
108	85.5592	64.9537	50.2216	37.9366	35.3916	35	
106	83.7604	66.4011	50.8914	43.6267	36.6964	34	
118	92.4213	76.6806	62.3302	51.784	44.8843	38.7191	33	
103	81.0037	60.9242	47.5693	36.5712	35.6913	35.3142	35	
121	97.4711	74.6612	54.0083	34.7438	32.7851	31	
114	91.6252	73.8757	56.5017	40.56	36.4278	34.667	33	
122	101.842	81.8421	62.5557	49.1609	38.9365	35.9247	35	
119	94.0053	77.7255	62.7771	50.6429	42.2609	36.5721	34	
113	87.3834	62.968	46.601	41.1654	37.2913	36	
106	88.3083	72.9982	60.2185	48.2256	40.1666	34	
113	95.019	80.6478	69.5479	58.8766	51.0029	43.4676	36	
106	88.7786	71.7323	57.5943	45.2432	34.8718	32.4366	31	
106	89.2402	74.6575	61.4743	49.0514	38.3217	33	
109	81.5764	62.646	50.8034	41.8914	36.7177	36.2093	36	
110	91.8754	76.2676	61.7719	47.3542	34.6923	33.0535	32	
105	88.3284	72.2486	60.3368	51.927	44.0105	37.3764	32	
103	82.4563	68.3941	57.8545	49.823	42.0734	35	
116	93.784	76.1683	63.2277	51.1847	41.6475	36	
111	90.5328	73.5808	56.92	44.4608	40.1968	36.328	33	
117	96.2967	78.3407	63.1538	51.9451	40.978	35.022	35	
108	89.7275	73.3648	61.2076	50.5196	42.4209	35.9199	33	
114	95.4912	81.6044	68.3134	56.9328	46.641	40.4166	36	
105	82.4174	60.4435	45.7739	37.2217	35.6391	35	
115	93.6265	73.8846	59.8065	48.2457	39.2255	33.3752	32	
110	83.2471	67.7685	53.2539	42.06	31.5624	31	
111	91.2295	75.7865	63.4618	52.028	41.7185	35.4819	33	
118	98.9136	79.8468	62.1377	44.9993	35.5348	34.5313	34	
114	92.5687	72.9764	57.9344	44.142	34.9707	32	
118	88.1988	67.6145	53.3454	42.2169	33.1024	33	
112	92.5067	78.567	65.0716	51.7429	39.9969	31	
119	89.5216	73.1867	59.7727	49.7122	41.6529	35	
117	97.6702	82.2261	67.323	53.379	39.6809	34	
118	97.9831	79.1031	62.2877	49.5714	39.8472	35	
109	83.5311	72.8656	62.9196	53.8731	44.9295	37.2708	31	
105	81.4462	62.1148	54.2551	46.8786	40.4942	35	
104	87.4826	74.3826	62.4217	51.1015	40.9739	33	
112	92.8936	74.5496	58.9087	47.773	36.7758	31	
112	91.0564	71.3541	56.3626	46.8139	39.334	33	
118	95.5269	79.5552	63.6346	49.1218	39.8561	33.278	31	
116	89.8213	67.3183	51.0558	36.5121	34.1851	34	
103	87.1198	71.5107	57.6901	44.6644	37.5824	34.7461	32	
103	76.6233	51.9532	46.3676	41.0302	35.8169	32.993	32	
121	91.5359	66.7746	43.9968	36.0309	32.064	32	
122	99.8771	79.5007	63.5722	52.9764	42.7766	36	
117	93.0309	77.3198	65.8123	55.0799	44.5561	36	
118	95.6882	74.8745	58.85	44.1873	37.0376	31.5447	31	
102	86.1075	73.3674	60.9539	51.0885	41.6314	37.4664	35	
113	88.5403	67.7412	47.1417	40.1865	35.9601	32	
119	87.1079	58.2339	47.62	42.8915	38.4648	36	
118	91.0974	70.0857	50.2081	38.6469	32.063	32	
110	90.0937	74.4725	59.5088	47.9686	39.4891	35	
108	84.7732	62.8424	49.9829	40.5128	35.0965	34	
103	82.9971	67.2876	55.3752	43.8847	35.7942	35	
118	95.486	78.1269	61.1275	51.0813	42.9532	36	
114	92.9838	78.0745	66.5977	57.2689	48.7403	42.1701	36	
105	84.9277	66.8163	51.0663	39.3012	36.1596	35.1476	35	
113	80.8613	58.312	47.5832	42.4088	38.4686	36	
113	85.2834	67.0255	53.5828	45.3854	37.9618	32	
102	81.2553	65.2445	55.0826	46.8983	41.386	36	
108	87.2978	69.6798	53.7676	41.4304	34.7711	34	
104	78.5934	60.5259	49.3972	41.9246	37.6546	36	
102	83.9143	66.0535	50.7791	37.9973	34.8862	32.8996	32	
114	98.356	82.9995	68.7105	56.2487	45.3267	36.1907	35	
112	94.3508	78.7968	64.9279	51.2868	38.4656	33	
115	96.2187	78.8923	65.4393	52.7043	41.2352	35	
109	94.1746	79.5873	68.1429	56.873	48.1587	40.6349	36	
113	91.6452	71.9032	55.1505	41.5591	36.5054	33	
115	95.2957	76.7031	63.0544	50.683	42.4512	37.2472	35	
108	86.7044	72.7135	59.7458	51.1561	43.5183	38.7832	35	
119	100.665	84.6924	68.8884	54.5654	41.0111	31	
101	89.0801	77.3446	65.7814	54.8702	46.247	38.7555	36	
117	97.6898	79.3095	61.2259	46.8224	39.0469	36	
102	81.2422	62.3362	50.6444	43.0157	37.9022	35.4699	35	
111	93.6791	80.3081	68.1148	56.9764	46.1816	36	
108	92.535	77.6836	63.139	50.7237	38.9581	34.591	31	
109	79.4973	53.0913	43.6755	39.3652	36.2685	33.4647	32	
117	89.6825	64.9733	47.6124	37.2912	33.2524	33	
121	96.0672	77.2412	60.005	42.9496	36.8067	35.795	35	
101	83.612	66.8935	53.7456	46.6044	41.8622	37.5664	35	
123	100.64	81.6591	65.0661	49.0403	37.1982	35	
114	81.3497	58.1178	46.9299	39.1098	35.2854	35	
111	84.134	64.822	52.6698	44.5903	38.4486	35	
113	92.1447	77.9576	66.789	55.84	46.5374	37.619	36	
120	93.4485	73.6726	61.0028	48.6085	39.7396	32	
120	97.7736	77.5571	59.3268	48.1663	37.8334	32.7024	31	
111	90.8841	74.0176	58.044	43.5834	39.5403	35.7454	32	
111	94.379	78.3379	63.457	49.5185	42.1777	35	
104	85.6409	68.1969	50.9584	38.389	35.0459	34.056	34	
109	82.4751	61.818	44.2745	35.8021	32.0599	32	
116	95.0215	74.3301	55.726	49.0202	42.3666	36	
113	97.1574	83.7967	72.4008	62.2871	52.7526	43.9627	36	
103	88.6542	75.9092	63.713	51.8065	39.9152	36.9118	34	
114	94.265	74.5912	60.0347	50.1672	42.1142	35.5087	34	
111	94.4519	79.0829	64.4457	51.3536	39.5219	32	
110	90.363	72.645	55.0833	46.4252	39.2844	35.357	35	
101	83.9056	71.4381	60.7364	51.4299	42.3176	34	
110	87.394	66.3006	49.6904	39.9404	34.1607	32	
114	94.9181	78.7683	64.5427	54.6696	45.0943	40.1004	36	
117	90.8272	72.8019	57.0929	44.0731	35.7926	31.9851	31	
106	85.6868	70.7166	58.3939	50.4034	42.461	35	
120	94.0161	73.3344	56.4779	42.2856	37.0888	34.9257	33	
102	82.8572	69.0216	55.2123	43.4626	32.7691	31	
116	93.7233	78.6905	66.2691	54.8242	44.1968	38.9285	35	
111	91.7137	73.4415	61.4721	51.8886	42.6034	37.6128	33	
119	102.417	87.0244	72.9258	58.9846	47.5623	37.3469	36	
105	84.6586	69.2967	57.6695	48.8806	41.2121	36.1828	32	
105	84.9755	69.723	57.3693	45.5732	39.7531	36.3191	34	
119	96.4359	80.5348	64.7693	53.8599	43.2667	37.4845	35	
114	92.1618	70.8309	61.1471	51.8603	45	38.5368	36	
117	99.3121	82.6069	67.958	53.3819	41.5354	32	
123	85.8736	63.3065	49.4368	38.364	33.0766	33	
101	76.0935	59.1094	50.0479	43.0619	37.5946	36	
121	92.853	67.2753	53.245	45.4794	39.3592	35	
110	88.1257	70.3686	56.6971	45.1943	35.5457	33	
123	89.3787	65.0642	51.1285	37.9236	35.2436	35	
122	100.697	80.4578	63.4347	49.6034	38.432	32.3385	32	
116	98.1109	80.5944	65.0213	50.5662	38.72	31	
114	93.986	78.6734	64.0199	49.7178	37.5029	31	
111	87.9401	66.1326	50.9558	41.8202	36.8472	36	
114	91.479	68.958	51.75	42.0686	33.3318	31.7969	31	
109	86.3458	67.4027	53.9154	43.1976	35.5816	35	
107	89.8268	74.6	59.4421	45.8	38.5656	35	
113	93.7227	75.8098	57.8969	49.262	41.5238	34.5848	34	
101	83.1688	68.4285	56.2611	44.7369	36.8755	36.3931	36	
116	94.9075	75.3667	61.305	51.6558	43.0976	37.6184	35	
120	101.645	84.0204	70.2334	56.8427	45.955	35.6096	31	
112	83.6252	57.452	46.8726	40.8185	36.6296	34	
122	96.7246	72.0496	54.6352	44.2903	38.1489	34	
105	72.4276	50.8256	44.2908	38.0269	34.6071	32	
102	85.3947	69.0863	53.8725	42.6478	37.6012	33	
111	89.8408	70.8288	53.6517	45.4925	40.5345	36.4354	33	
110	90.5688	72.2132	55.7696	39.326	35.6214	35	
122	97.3148	78.4228	60.3511	45.5605	38.7163	33	
101	77.3738	56.3934	42.2918	36.5242	34.6192	33.2435	32	
102	84.3527	68.0887	53.9746	42.8516	35.2617	35	
122	82.9309	57.3324	46.6733	38.0706	34.5455	34	
122	92.1873	74.8689	63.5431	52.5468	42.9588	35.1386	34	
123	89.2059	65.705	45.802	33.1861	31.0911	31	
103	87.2098	74.6542	62.2579	49.9731	41.1777	35.4735	32	
119	96.642	80.3147	65.3113	55.4561	46.1893	37.9521	33	
105	86.0094	69.7495	58.6595	47.7363	40.1066	36	
118	87.703	73.396	63.9282	55.1267	46.3601	37.9092	33	
108	83.9815	60.9351	48.211	38.4606	35.544	34	
116	93.0381	74.2139	58.9157	44.1128	33.3894	31	
104	81.1874	61.6727	51.407	42.7283	38.3146	35.339	34	
110	91.6159	73.9296	57.4796	43.8609	31.8574	31	
123	102.599	89.5973	76.7406	64.4212	54.0656	44.6194	36	
123	98.1648	77.2773	56.8923	46.6281	39.9168	37.3328	35	
117	92.7471	73.3882	54.3829	36.5466	33.3655	31	
116	98.8384	83.7297	68.729	55.205	48.0018	41.3568	35	
115	90.5675	66.4608	55.9432	47.0545	38.5846	33	
101	81.709	65.3527	49.881	34.6252	31.6689	31	
122	98.7532	76.3925	62.8921	50.1378	38.1763	33	
106	84.127	63.8803	48.5361	40.3573	33.4277	31	
122	96.1092	73.5088	55.1625	41.3696	36.9492	33.3598	31	
116	87.3484	63.5009	43.9396	39.8835	36.489	36	
111	93.7713	77.6055	63.9382	51.2591	40.5378	36.2306	35	
108	82.6381	60.0641	46.5577	36.9759	35.0812	35	
101	81.6341	67.4101	55.3231	46.1298	39.9417	36.2688	35	
118	100.587	85.0982	71.8446	59.4981	48.0146	37.3718	36	
101	85.5383	70.341	57.897	47.2107	39.3554	35.1711	35	
122	104.062	90.2794	76.5866	64.7474	53.8351	42.9825	35	
101	79.2961	60.288	45.3236	35.9434	33.4676	33	
118	93.6282	73.3676	53.7716	41.6104	31.4185	31	
102	84.6239	69.485	57.1424	46.4197	37.5871	34	
106	90.6786	76.0071	61.6606	50.4661	43.2684	37.3706	33	
104	79.0669	57.2603	43.2899	37.4326	34.2664	33	
109	78.7866	61.4166	50.8548	43.7522	38.7105	34	
101	82.8055	70.982	60.3638	49.8986	41.691	34.4209	34	
101	77.4976	62.1904	47.0952	39.159	33.3423	32	
110	87.9784	67.4829	51.3541	42.9258	38.1599	36	
104	79.6331	61.5328	53.838	47.5714	41.4505	36	
118	94.5565	75.4301	60.0453	49.7626	40.3957	36.157	36	
120	98.1395	78.1628	59.3721	42.2093	35.3023	31	
101	83.2417	68.3374	53.8994	39.7226	34.7234	32.485	32	
118	94.7495	73.7651	58.6818	43.6929	34.3455	33.0472	33	
121	93.1511	69.5421	51.9116	41.5407	35.5012	34.1591	33	
114	92.719	72.4678	53.3321	39.5381	33.3812	31	
108	80.5343	62.2803	49.9191	43.0103	37.9643	36	
119	102.828	88.0905	74.2581	62.1676	50.5381	40.6847	33	
109	90.4771	72.7098	58.8577	48.8063	41.3193	35.6869	35	
101	83.1358	67.2626	53.2145	43.2408	38.7609	35	
102	84.7896	68.1763	52.0517	36.1081	33.5021	32	
123	95.5203	74.7149	58.2375	45.7231	35.8679	33	
117	97.4704	79.2904	64.2931	50.6963	38.0415	33	
106	82.0526	67.7141	55.4417	45.2354	39.0868	36	
117	98.8741	81.5777	65.3332	50.707	44.982	40.4101	36	
119	91.1438	74.7543	59.4154	45.3372	33.1801	33	
110	92.7688	77.2077	64.5545	52.0191	44.3172	38.5014	33	
114	80.2689	57.7689	47.7479	39.1639	34.4748	33	
108	90.9562	75.7671	64.3056	54.0312	43.9978	34.0015	33	
105	88.2107	76.9639	65.9712	57.1724	48.3736	39.8981	32	
122	103.364	87.4621	73.105	60.1266	49.4301	39.7081	36	
111	83.813	62.8317	47.8591	36.9252	33.3134	32	
104	80.0443	61.4149	46.9473	40.1595	36.2701	33.0248	33	
120	99.8966	82.2807	64.8687	50.6577	43.4808	38.6894	34	
104	87.9682	71.9745	58.3312	45.0892	35.0764	35	
102	79.6228	58.713	44.1395	36.9028	33.6346	31	
118	99.879	82.4637	66.8224	52.2302	40.8426	31	
108	89.9601	73.2931	61.4155	50.2404	40.7574	36	
122	93.6475	65.4964	48.6259	34.9784	31.2014	31	
112	93.0503	75.6314	59.0649	46.7806	40.8903	37.3445	35	
110	94.8856	80.6867	69.1653	57.9374	46.8133	40.0075	36	
104	89.785	76.4447	64.125	52.516	44.3515	37.2257	34	
119	101.442	85.9866	71.3546	56.942	46.6631	39.1459	36	
107	89.9374	76.7353	65.9005	55.2295	44.9592	36	
106	84.6926	67.1378	56.06	46.5757	40.33	34.2642	31	
111	90.1735	70.0573	53.8056	44.9695	37.9089	34.2951	33	
112	94.9332	79.7376	66.1361	53.8861	42.0866	36.2995	35	
109	87.1528	71.7806	58.5187	48.7582	43.1225	39.0457	36	
116	85.567	63.0206	48.732	42.1443	37.134	35	
112	93.232	78.8495	65.9426	54.1997	44.9508	36.3254	33	
103	91.2133	80.1802	69.7085	59.4612	49.6149	41.4363	36	
112	93.0925	75.2059	58.1361	47.8452	37.6156	31	
103	69.7239	53.346	44.4631	35.6149	32.6655	31	
105	87.8852	72.0535	57.4533	43.4177	34.3086	33.077	33	
103	84.3591	67.4146	51.7223	43.967	38.09	35	
116	93.6231	75.5264	57.8389	41.3473	34.0142	32	
115	90.2808	67.4198	57.1155	49.6828	43.6579	37.9145	36	
110	80.0259	61.0546	42.543	38.5894	35.2181	32	
116	96.6037	80.1325	63.7202	49.3301	43.1067	37.0405	36	
107	89.2173	74.5119	60.8166	48.5778	40.7553	36.9732	35	
103	75.4968	54.4016	44.3927	39.9128	37.5878	36	
108	87.8756	68	49.1194	40.5871	33.6468	33	
117	92.8804	76.7016	60.5498	47.4502	37.3486	33.9453	33	
111	90.3832	76.0474	64.9461	54.4081	44.4336	37.0049	34	
110	87.2243	67.3216	55.2734	46.8165	41.1399	37.595	35	
121	96.4005	73.4544	56.7708	41.44	37.5321	34	
105	82.4262	70.9512	59.5299	48.243	39.9391	34	
119	83.2496	57.7008	47.2307	38.7294	37.1186	36	
107	80.0735	57.9413	45.8199	39.5783	36.4122	34	
119	98.5108	78.8411	63.0458	48.8523	38.0862	36	
114	93.1233	76.6055	60.6776	47.9615	39.6698	34	
111	89.9258	71.4859	56.8056	42.9437	35.1176	31	
102	75.9514	55.537	41.8576	37.4812	35.5158	34.1269	33	
103	81.8218	60.9565	44.375	36.5776	36.1925	36	
102	84.9978	71.7058	59.6052	47.5896	38.246	32	
108	83.5981	61.8785	48.2383	40.1262	32.8318	31	
103	87.9631	73.0265	59.9612	47.4305	39.1936	35	
118	97.9186	79.1308	61.9601	49.582	39.9088	31	
109	90.6955	76.194	62.8836	50.1791	40.4836	35.0299	32	
109	84.8782	67	49.8528	38.9797	31.7614	31	
117	89.7488	70.532	55.8735	42.1987	34.5251	32	
110	90.1915	71.6407	58.6371	49.2719	40.5804	34	
105	75.624	58.0273	48.0908	41.1895	35.4082	31	
119	101.259	85.8198	70.9558	58.8345	48.19	38.3318	33	
106	81.1833	60.4509	44.5295	34.5267	32.0346	32	
122	87.2981	59.29	44.5989	38.7859	34.6287	31.7398	31	
116	89.1447	67.796	47.1527	41.5375	36.3563	35.5154	35	
117	90.3869	64.7536	51.7631	41.8701	35.1379	34	
110	83.5708	63.6149	51.6699	44.3026	39.26	34.2531	32	
121	102.595	84.2845	66.5907	51.1788	40.2932	36.01	35	
114	88.2559	64.1019	56.6446	50.1195	44.5814	39.1255	36	
106	85.3136	66.9818	53.5903	42.196	32.2523	32	
104	83.757	69.8647	58.4957	48.0907	39.8404	35.0774	34	
106	88.6557	73.0763	59.8297	46.9077	40.8626	37.1503	35	
109	89.0794	75.189	62.0057	50.2571	42.3346	36.5123	32	
109	88.3089	71.1374	54.2645	44.0896	37.1997	34	
122	92.0707	70.3412	59.3534	49.8417	44.1838	39.0589	35	
121	95.8463	72.8099	60.5013	49.6606	42.2641	36.1945	31	
118	92.0865	71.2842	53.065	40.7815	36.3847	36	
108	90	72.6909	61.0545	49.7273	38.4727	33.0909	32	
117	96.5878	78.5694	65.7302	53.8702	43.4465	34.5243	32	
119	98.6192	82.0191	65.658	56.4454	47.4718	39.0414	35	
109	86.3052	76.1589	66.4787	57.7306	49.8072	41.9554	35	
104	84.1078	64.856	52.1109	44.6746	38.1058	32.8797	31	
120	97.3899	80.338	67.3843	54.5012	47.836	41.3827	35	
106	89.1387	76.2688	63.7858	52.1173	40.8765	31	
117	98.761	81.9631	66.3266	53.6583	43.1837	36	
123	91.5524	68.4197	46.9394	42.2489	38.6245	35.7995	35	
104	87.3361	71.7548	56.3281	46.6429	40.7661	36.8418	34	
105	89.5086	75.0545	61.3671	50.0924	39.1109	35.4128	33	
117	89.8124	64.9069	50.4256	41.241	32.0845	32	
120	90.5512	63.539	49.4012	39.7454	34.3008	34	
103	88.503	74.2102	61.1425	50.0424	40.9284	32	
101	85.6781	70.8358	56.8965	47.5002	38.3296	35	
121	99.597	82.4627	67.8955	53.5672	43	34.5821	31	
111	85.8044	64.9462	52.6652	46.1835	39.8968	36.8753	34	
105	81.5551	64.5517	54.5992	45.6043	40.1493	36	
109	87.6359	73.2327	59.4424	47.4032	40.1578	33.8099	33	
104	89.4501	74.9692	63.32	53.6047	44.488	37.2591	33	
105	64.6703	53.6751	45.4916	41.0851	37.476	35	
103	77.8153	59.0026	41.3734	35.3654	34.0607	34	
111	96.8121	83.8186	71.8303	59.9294	49.1209	39.7254	31	
111	95.2352	80.0962	65.0962	55.7972	46.5156	38.781	36	
106	87.6231	71.907	57.7989	47.6724	40.2834	36.8568	35	
103	86.646	72.9123	59.2147	45.5714	38.4515	35.3433	35	
115	91.8183	70.1919	53.2808	37.6288	33.4566	32	
121	103.073	86.9734	72.3933	58.198	44.8297	32	
102	83.3888	65.0049	46.8894	41.2916	36.7266	34.5577	34	
122	97.2952	78.5612	65.9623	54.3494	44.1333	34.9032	32	
108	81.4755	55.8443	48.1427	41.0263	35.8508	32.801	32	
118	94.8019	72.9903	55.4734	41.3043	35.5556	34.5749	34	
114	87.6537	63.5214	48.9922	40.8282	37.1198	33.6882	32	
117	95.2759	75	54.8448	37.0431	33.8448	33	
121	98.7835	82.8332	67.1792	51.9808	41.9777	35.5976	33	
115	97.861	81.7767	66.5776	53.8646	41.3022	31	
115	97.5736	81.5995	65.7653	49.9486	39.0833	31.5424	31	
105	87.7475	73.5752	60.6312	48.274	37.7685	35	
121	104.124	88.2867	73.9074	60.2206	49.7596	40.3375	36	
121	88.7137	69.9172	58.4934	48.8521	39.2107	32	
122	87.0388	72.1115	58.1009	50.6372	44.0029	37.5868	32	
111	93.3197	78.0794	63.1668	50.5849	45.0313	39.7873	36	
113	97.2558	82.4819	67.7447	54.0143	43.9819	36	
117	91.4997	73.9579	61.5382	50.3577	42.7571	35.7074	34	
104	83.237	66.2317	53.4087	46.4452	39.5242	36.8917	36	
107	87.6445	71.5478	57.0509	45.2204	38.1892	33.4096	31	
120	89.8202	71.3491	54.5999	39.51	35.3775	34	
104	81.1941	65.5664	50.7863	42.4162	34.5229	31.2649	31	
116	92.0855	73.4135	60.3192	50.0735	42.4611	36.1174	32	
117	99.6799	82.9196	66.6108	55.1423	45.209	37.4068	33	
113	98.4075	84.2194	70.9858	59.0465	47.8999	39.4226	33	
118	95.8871	74.0334	53.0352	34.0331	32.0888	31	
117	94.3074	77.4073	63.3238	49.8764	37.4057	31.5452	31	
102	73.4495	57.4055	46.6142	36.5375	33.1072	33	
108	87.6692	69.5338	53.7744	42.6165	33.5639	32	
106	82.0253	62.2023	45.8293	36.7657	32.614	32.2924	32	
119	82.1985	61.4953	51.7988	45.06	38.9576	36	
122	99.3769	80.026	62.5316	45.7609	36.0069	35	
102	82.9302	65.1163	50.8837	41.7209	35.6279	32.3488	32	
117	95.4365	76.6287	59.0515	47.922	41.2604	36.7122	35	
121	102.562	84.146	66.4745	51.6277	40.8759	34.6788	34	
108	80.1508	61.6799	47.2978	35.3461	32.4296	31	
123	97.5832	72.7722	56.8637	45.6434	39.4802	34.7656	32	
120	88.563	71.1847	58.5709	46.6599	36.4283	31	
116	96.0946	78.1045	65.7954	53.7446	45.1799	37.3899	33	
122	95.0772	68.6989	53.2107	40.8686	36.331	35	
107	85.4487	73.0108	60.8519	49.5299	40.7653	37.278	34	
114	95.7379	77.7597	60.8738	50.8689	43.9879	37.216	33	
105	82.2766	63.5816	48.9433	41.1702	36.3759	33	
112	92.9175	74.9291	58.4069	47.5089	42.585	37.7706	33	
115	99.5679	84.4065	69.4482	55.1498	41.8159	34.6583	33	
118	101.262	84.5815	68.7892	53.5376	40.5061	34	
104	83.1767	66.7332	54.6956	43.3136	36.4949	35.3934	35	
111	97.0676	84.5977	72.4596	62.6435	52.918	44.0066	36	
119	97.902	78.8973	62.7296	47.3606	32.625	31	
103	86.2835	72.5384	59.7005	47.4069	37.2682	35	
105	88.2502	72.7806	58.7158	51.7633	45.2732	39.3699	34	
103	82.8276	64.5021	53.4418	42.5032	35.1568	34	
120	100.34	83.6223	68.1106	54.561	46.4679	38.3749	33	
118	100.888	84.1872	67.933	52.2109	42.5991	34	
107	85.0026	65.2269	47.3598	40.4759	35.5319	35	
121	98.0828	77.9818	64.2883	54.1603	44.0581	38.1674	33	
122	100.599	82.4336	65.4183	49.817	40.1351	34	
121	95.695	71.4471	57.0553	44.9485	37.7185	33.6942	31	
118	96.9123	77.8733	59.6839	42.7188	37.0471	33.674	32	
107	92.2632	79.4912	67.8246	56.9298	47.1579	40.6316	35	
111	83.3578	65.6442	48.1186	39.055	34.2411	33	
110	91.8624	74.7228	60.0348	49.3389	40.205	34.781	34	
103	81.6996	64.9955	54.3453	43.7175	39.3004	36.1166	33	
116	95.9869	76.6557	62.2557	48.9049	36.8131	36	
113	92.246	72.0511	52.1917	40.7636	38.3035	36	
115	90.8607	68.5094	52.9855	44.939	38.1524	33.2351	31	
108	91.9028	76.3373	61.9378	49.4814	41.8316	35	
104	80.2319	63.2174	46.6957	39.5652	36.4928	35.1884	34	
115	96.8004	79.8251	63.1558	50.1998	40.1411	33	
101	81.1711	65.2697	50.9819	41.3222	36.5667	33	
115	88.551	69.3031	54.17	43.9099	38.6038	34.4619	33	
120	97.2346	77.606	60.829	47.8303	38.5863	34	
118	89.3575	62.8774	51.2673	44.8469	39.3579	35	
105	87.9464	72.3732	62.216	52.4149	43.026	36.6731	33	
115	74.3251	59.6841	49.6403	40.9457	35.2492	34	
105	90.0886	76.9315	63.967	51.8582	40.4126	36.3692	35	
102	84.8501	68.119	57.0753	49.207	42.525	36	
108	82.5216	68.9879	57.3253	45.7652	36.3325	34.9997	34	
121	101.853	83.2757	68.0393	54.8806	43.2089	39.0943	35	
115	89.908	69.5447	52.728	45.5462	39.783	36	
103	76.3158	62	49.6316	39.1579	35.4211	34	
121	96.7746	76.4366	60.0141	44.0704	35.5915	31	
101	80.564	61.492	46.7236	37.5051	36.2352	36	
113	84.8264	70.7543	61.1477	52.0404	42.9626	36	
110	90.3555	73.5324	60.1372	48.9306	41.2837	35.2981	31	
112	96.8317	82.822	69.0867	59.9095	50.9153	42.6985	35	
110	94.0421	78.1653	62.6615	49.5417	38.3679	33.4865	33	
120	101.006	82.5173	65.1658	51.1835	38.4647	32	
115	94.1756	75.6595	59.071	49.1281	41.3665	35	
115	94.3458	77.5629	60.9502	46.8687	36.2757	33	
114	94.0573	75.9595	58.9125	46.2557	38.7597	36.8215	35	
119	84.8443	66.2388	55.7022	45.2048	37.0576	36	
109	89.5361	72.5946	57.9652	47.1612	41.6752	38.0809	36	
106	88.3372	72.1802	58.2209	50.0814	42.9186	36	
118	88.9459	62.0991	48.3153	40.7928	36.4234	33	
107	88.4185	71.2876	55.6322	43.778	35.2751	35	
123	87.9529	71.0771	57.0439	43.4065	35.0585	32	
111	90.424	74.2864	59.1399	48.561	40.2229	36.0646	36	
101	82.2122	69.5747	57.7375	46.4901	41.414	37.4121	34	
105	77.4984	54.9812	46.1276	39.0867	34.7296	31	
116	93.0701	72.8306	54.5788	43.6471	38.4842	35.7452	34	
101	81.6514	68.2656	55.2691	45.7044	37.2835	33	
117	91.8746	72.2736	57.294	42.58	35.8338	31.903	31	
105	89.1339	74.2531	61.8658	50.7254	42.2393	35.744	35	
106	86.1863	67.1339	51.25	38.6993	35.4073	33	
114	94.1198	76.4261	61.3018	48.1385	38.8296	32	
118	89.4832	62.5905	51.1838	45.216	39.4749	36	
105	91.5957	79.9833	68.5897	57.7568	47.9362	40.2629	33	
119	90.3687	66.7359	53.4068	43.5853	37.6223	36	
111	94.1132	80.4753	67.4248	56.2281	47.3075	39.3781	34	
109	89.39	71.9588	55.342	42.4667	36.6123	32.2765	31	
107	85.82	70.3181	57.2722	46.7047	36.9709	33.5236	31	
32.48	31.36	22.4	13.44	28	14.56	17.92	28	32.48	11.2	11.2	22.4	24.64	29.12	13.44	20.16	29.12	32.48	20.16	17.92	25.76	30.24	11.2	15.68	15.68	28	21.28	30.24	26.88	19.04	11.2	30.24	31.36	26.88	20.16	30.24	25.76	12.32	15.68	19.04	23.52	17.92	13.44	30.24	22.4	14.56	11.2	31.36	24.64	31.36	15.68	17.92	16.8	29.12	28	28	21.28	29.12	25.76	26.88	31.36	25.76	15.68	16.8	14.56	29.12	31.36	24.64	12.32	29.12	25.76	17.92	26.88	31.36	28	12.32	13.44	24.64	22.4	32.48	33.6	22.4	29.12	19.04	13.44	12.32	16.8	23.52	15.68	12.32	12.32	13.44	28	15.68	28	31.36	30.24	20.16	16.8	26.88	29.12	33.6	25.76	21.28	32.48	11.2	32.48	15.68	20.16	28	14.56	29.12	26.88	25.76	17.92	15.68	16.8	11.2	25.76	22.4	25.76	28	30.24	31.36	22.4	19.04	12.32	32.48	31.36	28	32.48	13.44	21.28	19.04	22.4	11.2	21.28	33.6	22.4	21.28	15.68	11.2	17.92	20.16	15.68	24.64	32.48	19.04	24.64	14.56	30.24	32.48	15.68	14.56	30.24	11.2	11.2	24.64	17.92	26.88	26.88	24.64	20.16	28	30.24	19.04	26.88	15.68	23.52	19.04	26.88	24.64	14.56	31.36	12.32	20.16	31.36	15.68	32.48	17.92	26.88	32.48	17.92	17.92	20.16	16.8	11.2	28	11.2	17.92	32.48	13.44	19.04	33.6	17.92	21.28	33.6	28	21.28	14.56	11.2	14.56	29.12	26.88	20.16	11.2	25.76	12.32	21.28	20.16	16.8	26.88	32.48	31.36	22.4	21.28	30.24	17.92	30.24	30.24	11.2	11.2	15.68	33.6	12.32	11.2	19.04	14.56	20.16	20.16	33.6	26.88	30.24	20.16	32.48	22.4	13.44	23.52	22.4	13.44	29.12	21.28	16.8	29.12	15.68	25.76	28	12.32	28	32.48	17.92	20.16	11.2	22.4	13.44	16.8	23.52	31.36	12.32	26.88	19.04	13.44	28	29.12	20.16	25.76	26.88	28	31.36	17.92	11.2	30.24	12.32	17.92	21.28	24.64	16.8	23.52	25.76	11.2	15.68	15.68	14.56	13.44	26.88	19.04	30.24	29.12	20.16	17.92	30.24	11.2	31.36	33.6	20.16	30.24	22.4	25.76	16.8	20.16	20.16	30.24	22.4	17.92	14.56	15.68	19.04	26.88	25.76	24.64	29.12	17.92	21.28	33.6	33.6	26.88	21.28	11.2	32.48	33.6	12.32	16.8	30.24	15.68	24.64	22.4	25.76	15.68	13.44	22.4	29.12	16.8	30.24	19.04	24.64	25.76	15.68	16.8	25.76	13.44	30.24	11.2	24.64	25.76	23.52	17.92	30.24	21.28	16.8	19.04	22.4	30.24	20.16	28	15.68	22.4	32.48	21.28	26.88	29.12	17.92	25.76	31.36	23.52	28	16.8	26.88	12.32	23.52	33.6	16.8	33.6	26.88	20.16	13.44	13.44	23.52	19.04	19.04	23.52	26.88	20.16	21.28	17.92	17.92	31.36	29.12	25.76	15.68	33.6	11.2	14.56	25.76	13.44	20.16	20.16	30.24	14.56	13.44	20.16	28	26.88	28	15.68	15.68	13.44	19.04	19.04	24.64	25.76	13.44	23.52	26.88	21.28	15.68	31.36	19.04	13.44	19.04	32.48	11.2	14.56	29.12	24.64	21.28	28	14.56	24.64	22.4	16.8	29.12	15.68	22.4	26.88	29.12	20.16	28	33.6	15.68	16.8	11.2	12.32	22.4	29.12	11.2	28	20.16	22.4	28	33.6	19.04	17.92	20.16	28	32.48	12.32	22.4	19.04	28	24.64	20.16	15.68	17.92	17.92	21.28	15.68	11.2	20.16	23.52	31.36	15.68	21.28	33.6	33.6	22.4	15.68	12.32	14.56	14.56	12.32	29.12	29.12	11.2	15.68	32.48	33.6	31.36	15.68	17.92	21.28	11.2	22.4	16.8	16.8	25.76	25.76	24.64	20.16	12.32	20.16	11.2	28	11.2	33.6	12.32	20.16	17.92	24.64	20.16	17.92	16.8	17.92	24.64	30.24	33.6	13.44	32.48	13.44	22.4	19.04	26.88	15.68	17.92	31.36	23.52	22.4	24.64	28	31.36	20.16	32.48	29.12	11.2	32.48	26.88	31.36	14.56	15.68	22.4	31.36	22.4	26.88	32.48	19.04	20.16	30.24	29.12	24.64	13.44	16.8	30.24	31.36	24.64	32.48	19.04	16.8	24.64	17.92	32.48	21.28	29.12	31.36	32.48	33.6	22.4	32.48	11.2	21.28	28	14.56	19.04	11.2	15.68	22.4	22.4	21.28	22.4	24.64	33.6	11.2	12.32	16.8	33.6	14.56	25.76	19.04	19.04	24.64	21.28	33.6	15.68	23.52	20.16	22.4	24.64	19.04	29.12	21.28	12.32	21.28	19.04	33.6	20.16	23.52	22.4	25.76	21.28	12.32	32.48	11.2	28	29.12	12.32	31.36	33.6	23.52	26.88	12.32	13.44	29.12	19.04	22.4	29.12	19.04	25.76	17.92	15.68	20.16	19.04	30.24	13.44	24.64	11.2	30.24	26.88	24.64	21.28	30.24	19.04	30.24	22.4	22.4	28	21.28	33.6	31.36	20.16	21.28	32.48	23.52	16.8	20.16	15.68	32.48	30.24	12.32	23.52	16.8	29.12	33.6	20.16	11.2	20.16	17.92	26.88	20.16	16.8	21.28	15.68	29.12	25.76	30.24	28	28	13.44	31.36	14.56	22.4	21.28	29.12	30.24	29.12	11.2	30.24	16.8	30.24	17.92	16.8	30.24	12.32	29.12	29.12	32.48	23.52	26.88	23.52	28	32.48	32.48	17.92	12.32	31.36	14.56	31.36	22.4	33.6	15.68	16.8	11.2	16.8	16.8	32.48	13.44	15.68	14.56	28	32.48	31.36	20.16	23.52	26.88	17.92	30.24	13.44	13.44	14.56	20.16	19.04	19.04	12.32	20.16	21.28	30.24	28	29.12	29.12	13.44	12.32	32.48	24.64	31.36	25.76	19.04	23.52	26.88	14.56	15.68	16.8	30.24	25.76	20.16	13.44	30.24	29.12	32.48	31.36	28	28	28	31.36	19.04	14.56	29.12	32.48	11.2	28	15.68	28	24.64	17.92	30.24	11.2	23.52	16.8	24.64	11.2	17.92	19.04	33.6	13.44	28	16.8	20.16	16.8	24.64	12.32	33.6	11.2	32.48	12.32	33.6	33.6	13.44	15.68	13.44	29.12	19.04	12.32	16.8	31.36	29.12	21.28	28	19.04	14.56	25.76	26.88	20.16	19.04	26.88	14.56	25.76	33.6	19.04	12.32	32.48	23.52	21.28	15.68	20.16	24.64	11.2	17.92	32.48	17.92	22.4	19.04	33.6	23.52	24.64	31.36	17.92	16.8	22.4	30.24	26.88	11.2	31.36	32.48	26.88	23.52	20.16	15.68	28	11.2	13.44	13.44	24.64	23.52	13.44	17.92	12.32	29.12	33.6	30.24	20.16	15.68	32.48	13.44	28	24.64	33.6	13.44	11.2	12.32	29.12	24.64	12.32	21.28	25.76	14.56	20.16	12.32	20.16	29.12	20.16	12.32	28	19.04	31.36	29.12	33.6	28	14.56	33.6	11.2	14.56	25.76	32.48	20.16	11.2	24.64	23.52	13.44	28	31.36	24.64	20.16	20.16	22.4	21.28	13.44	20.16	28	31.36	16.8	19.04	23.52	24.64	13.44	24.64	33.6	22.4	29.12	31.36	24.64	11.2	33.6	11.2	13.44	16.8	15.68	33.6	19.04	31.36	30.24	12.32	28	29.12	12.32	14.56	21.28	11.2	33.6	29.12	20.16	19.04	16.8	26.88	29.12	25.76	25.76	21.28	12.32	22.4	22.4	26.88	11.2	15.68	22.4	23.52	30.24	19.04	23.52	13.44	12.32	17.92	20.16	13.44	31.36	14.56	24.64	19.04	11.2	33.6	31.36	11.2	32.48	22.4	19.04	24.64	22.4	28	14.56	26.88	26.88	19.04	28	33.6	30.24	33.6	17.92	25.76	22.4	30.24	26.88	17.92	25.76	32.48	13.44	12.32	16.8	17.92	28	14.56	17.92	30.24	31.36	30.24	19.04	
21.28	33.6	28	21.28	11.2	32.48	11.2	21.28	24.64	23.52	22.4	17.92	13.44	12.32	17.92	30.24	32.48	30.24	13.44	17.92	21.28	26.88	31.36	26.88	31.36	11.2	29.12	31.36	14.56	25.76	12.32	31.36	22.4	17.92	15.68	19.04	20.16	30.24	24.64	15.68	26.88	25.76	15.68	26.88	15.68	24.64	33.6	13.44	33.6	19.04	17.92	19.04	11.2	20.16	22.4	21.28	30.24	30.24	24.64	14.56	21.28	20.16	25.76	33.6	33.6	26.88	17.92	26.88	22.4	11.2	13.44	24.64	24.64	12.32	21.28	21.28	31.36	14.56	33.6	23.52	23.52	33.6	15.68	19.04	29.12	33.6	31.36	14.56	29.12	30.24	19.04	22.4	28	23.52	24.64	16.8	11.2	28	23.52	11.2	14.56	24.64	21.28	29.12	15.68	22.4	30.24	17.92	13.44	23.52	25.76	29.12	30.24	17.92	15.68	19.04	21.28	12.32	33.6	19.04	28	30.24	21.28	21.28	11.2	13.44	30.24	14.56	28	20.16	13.44	12.32	20.16	32.48	28	32.48	26.88	31.36	16.8	11.2	32.48	13.44	24.64	22.4	22.4	26.88	11.2	31.36	25.76	30.24	33.6	31.36	23.52	31.36	20.16	12.32	22.4	17.92	33.6	17.92	17.92	19.04	26.88	32.48	25.76	29.12	31.36	32.48	17.92	17.92	12.32	21.28	21.28	16.8	28	24.64	29.12	24.64	22.4	25.76	15.68	15.68	15.68	13.44	25.76	24.64	19.04	13.44	22.4	13.44	17.92	33.6	32.48	29.12	12.32	15.68	19.04	21.28	31.36	32.48	19.04	23.52	15.68	31.36	21.28	21.28	16.8	24.64	33.6	23.52	15.68	11.2	12.32	30.24	21.28	19.04	31.36	26.88	13.44	19.04	31.36	19.04	30.24	15.68	33.6	20.16	26.88	31.36	32.48	24.64	14.56	20.16	25.76	24.64	20.16	23.52	17.92	32.48	26.88	19.04	20.16	14.56	30.24	30.24	20.16	31.36	29.12	13.44	15.68	28	24.64	16.8	19.04	14.56	13.44	29.12	25.76	20.16	23.52	13.44	12.32	26.88	24.64	31.36	23.52	13.44	29.12	15.68	20.16	25.76	15.68	16.8	22.4	20.16	15.68	13.44	13.44	25.76	12.32	17.92	19.04	23.52	15.68	24.64	33.6	33.6	15.68	17.92	22.4	22.4	32.48	30.24	30.24	19.04	32.48	25.76	22.4	13.44	20.16	11.2	30.24	29.12	17.92	21.28	33.6	22.4	28	23.52	12.32	22.4	16.8	13.44	14.56	20.16	16.8	16.8	13.44	12.32	19.04	13.44	29.12	22.4	32.48	28	32.48	30.24	30.24	13.44	23.52	15.68	32.48	23.52	14.56	30.24	17.92	16.8	22.4	12.32	13.44	29.12	14.56	25.76	26.88	21.28	29.12	22.4	30.24	24.64	28	13.44	30.24	24.64	28	20.16	28	19.04	17.92	29.12	28	29.12	28	25.76	19.04	23.52	16.8	25.76	24.64	16.8	33.6	17.92	14.56	28	26.88	11.2	25.76	30.24	33.6	14.56	19.04	22.4	23.52	11.2	23.52	15.68	28	19.04	20.16	28	12.32	28	19.04	16.8	26.88	32.48	19.04	16.8	23.52	17.92	19.04	30.24	19.04	20.16	30.24	28	25.76	16.8	13.44	31.36	12.32	25.76	26.88	30.24	29.12	13.44	22.4	12.32	14.56	30.24	20.16	32.48	28	16.8	25.76	16.8	29.12	19.04	26.88	16.8	31.36	26.88	14.56	30.24	32.48	16.8	19.04	15.68	28	19.04	33.6	26.88	32.48	33.6	20.16	16.8	19.04	12.32	19.04	12.32	25.76	15.68	23.52	23.52	24.64	13.44	12.32	22.4	13.44	23.52	13.44	19.04	22.4	31.36	29.12	32.48	30.24	14.56	16.8	26.88	12.32	20.16	13.44	15.68	26.88	31.36	23.52	19.04	12.32	16.8	19.04	31.36	24.64	17.92	29.12	16.8	12.32	28	14.56	29.12	24.64	14.56	31.36	12.32	16.8	29.12	16.8	17.92	33.6	15.68	13.44	23.52	24.64	29.12	13.44	21.28	33.6	26.88	31.36	33.6	29.12	19.04	26.88	29.12	31.36	17.92	29.12	30.24	13.44	20.16	13.44	13.44	30.24	32.48	31.36	11.2	21.28	33.6	30.24	32.48	20.16	22.4	22.4	31.36	21.28	30.24	30.24	17.92	16.8	26.88	13.44	21.28	20.16	20.16	23.52	17.92	21.28	16.8	17.92	29.12	32.48	29.12	20.16	20.16	14.56	23.52	22.4	19.04	13.44	30.24	14.56	25.76	29.12	12.32	14.56	29.12	14.56	12.32	11.2	11.2	24.64	12.32	15.68	25.76	16.8	11.2	17.92	13.44	20.16	26.88	21.28	16.8	33.6	29.12	21.28	26.88	32.48	23.52	20.16	29.12	13.44	25.76	32.48	19.04	32.48	15.68	19.04	13.44	28	20.16	23.52	23.52	21.28	30.24	12.32	20.16	19.04	13.44	22.4	11.2	12.32	21.28	24.64	17.92	13.44	26.88	16.8	13.44	26.88	13.44	32.48	31.36	24.64	23.52	25.76	17.92	29.12	16.8	24.64	22.4	25.76	15.68	20.16	15.68	22.4	32.48	14.56	14.56	30.24	13.44	21.28	15.68	28	28	12.32	21.28	29.12	16.8	20.16	13.44	19.04	31.36	31.36	31.36	29.12	11.2	21.28	32.48	31.36	30.24	13.44	28	16.8	25.76	22.4	12.32	30.24	12.32	25.76	16.8	17.92	30.24	29.12	29.12	22.4	16.8	14.56	29.12	17.92	23.52	20.16	17.92	24.64	19.04	24.64	22.4	32.48	16.8	11.2	25.76	24.64	26.88	14.56	32.48	33.6	31.36	11.2	22.4	12.32	24.64	12.32	30.24	26.88	15.68	21.28	17.92	14.56	33.6	26.88	31.36	33.6	32.48	30.24	33.6	33.6	25.76	31.36	19.04	32.48	20.16	32.48	33.6	23.52	26.88	12.32	11.2	14.56	15.68	28	25.76	33.6	21.28	23.52	14.56	17.92	29.12	30.24	15.68	26.88	11.2	11.2	17.92	21.28	30.24	33.6	14.56	26.88	22.4	16.8	32.48	31.36	22.4	19.04	14.56	21.28	31.36	30.24	31.36	33.6	33.6	16.8	24.64	29.12	13.44	33.6	17.92	25.76	14.56	32.48	28	11.2	24.64	19.04	17.92	25.76	24.64	11.2	26.88	29.12	19.04	30.24	19.04	30.24	11.2	33.6	15.68	13.44	30.24	21.28	24.64	30.24	19.04	17.92	25.76	29.12	31.36	13.44	25.76	20.16	15.68	28	19.04	32.48	22.4	20.16	16.8	16.8	12.32	26.88	17.92	31.36	32.48	30.24	23.52	30.24	28	23.52	19.04	14.56	12.32	31.36	11.2	19.04	12.32	20.16	19.04	26.88	30.24	25.76	32.48	30.24	17.92	30.24	29.12	20.16	15.68	22.4	16.8	33.6	23.52	20.16	25.76	32.48	19.04	32.48	25.76	13.44	15.68	26.88	13.44	25.76	25.76	16.8	30.24	16.8	30.24	26.88	12.32	25.76	30.24	13.44	15.68	31.36	22.4	11.2	25.76	25.76	16.8	25.76	16.8	16.8	11.2	11.2	25.76	12.32	22.4	24.64	30.24	31.36	26.88	12.32	21.28	33.6	32.48	28	13.44	29.12	33.6	11.2	32.48	21.28	24.64	22.4	28	22.4	12.32	30.24	13.44	30.24	24.64	28	14.56	26.88	30.24	31.36	16.8	13.44	23.52	25.76	17.92	26.88	26.88	12.32	16.8	13.44	15.68	22.4	14.56	24.64	12.32	22.4	12.32	33.6	21.28	28	31.36	25.76	20.16	29.12	16.8	15.68	15.68	17.92	24.64	28	31.36	14.56	12.32	12.32	29.12	24.64	16.8	33.6	21.28	33.6	14.56	31.36	33.6	23.52	25.76	31.36	31.36	20.16	11.2	17.92	22.4	31.36	28	17.92	23.52	21.28	31.36	28	24.64	12.32	24.64	22.4	31.36	16.8	26.88	26.88	24.64	25.76	14.56	26.88	13.44	15.68	25.76	19.04	21.28	31.36	14.56	21.28	21.28	29.12	26.88	21.28	13.44	15.68	28	14.56	17.92	30.24	22.4	29.12	32.48	26.88	14.56	25.76	22.4	19.04	14.56	
30.24	30.24	32.48	15.68	29.12	29.12	22.4	26.88	19.04	14.56	20.16	12.32	28	11.2	17.92	
15	13	15	17	15	12	12	13	10	18	17	12	11	13	14	17	11	11	20	18	18	19	14	18	16	16	19	12	16	11	19	20	11	11	11	10	13	19	17	17	20	11	15	13	11	20	11	14	19	10	14	11	10	14	17	20	12	18	10	17	10	20	12	15	17	14	17	15	17	14	14	14	14	17	12	10	19	13	15	17	18	15	20	12	13	18	13	19	11	15	11	13	18	15	11	16	19	18	19	20	11	20	20	16	20	12	20	14	20	17	12	10	16	12	13	10	11	19	19	11	17	19	16	19	19	13	12	15	19	11	18	19	16	16	14	20	17	11	15	12	19	12	13	19	18	14	11	13	19	13	17	16	14	12	13	15	10	19	17	19	13	12	18	12	15	18	18	19	15	20	18	16	14	16	19	11	20	20	11	19	18	10	12	10	14	17	16	14	10	12	16	10	13	14	12	12	16	19	20	13	11	19	20	14	17	19	15	16	12	20	12	11	10	16	12	19	14	12	15	12	13	15	15	12	12	10	14	12	20	18	16	20	11	14	16	16	14	13	19	15	15	17	13	10	15	14	18	16	20	14	18	19	10	18	11	12	11	17	19	14	14	17	11	10	11	10	15	12	12	12	13	16	12	15	14	16	15	14	10	18	10	15	11	12	14	19	11	16	10	14	12	11	17	19	15	14	18	18	10	19	14	11	20	13	16	18	15	15	19	17	13	14	13	17	14	12	12	15	18	18	15	11	18	13	12	14	17	16	19	15	14	12	13	20	20	13	16	17	12	10	16	19	18	10	15	18	15	11	15	20	12	16	16	13	15	15	17	14	18	14	12	19	13	14	12	20	20	14	15	16	15	14	15	20	13	20	17	14	18	18	19	15	18	17	11	20	17	17	12	18	12	19	19	14	18	11	19	17	20	11	16	16	13	10	10	18	14	20	20	20	20	17	12	17	12	13	15	11	12	20	15	15	13	17	20	11	19	14	20	12	15	14	18	15	13	18	18	17	19	13	20	18	12	14	15	12	17	10	20	16	20	17	20	12	20	14	15	17	15	14	15	11	12	18	15	10	19	14	15	11	17	20	17	10	14	14	17	11	18	12	13	17	14	20	13	18	13	16	13	16	19	13	12	10	20	10	17	15	12	18	17	17	15	13	18	14	16	20	20	15	11	13	14	17	14	12	11	12	11	19	19	13	18	17	10	17	18	20	17	17	12	10	19	13	12	14	14	16	20	15	17	18	15	17	10	14	11	12	14	20	13	10	10	16	17	13	13	14	19	14	18	18	15	20	12	19	14	18	16	11	12	16	18	16	20	19	12	18	14	10	11	11	19	19	17	20	16	18	10	12	14	13	16	15	15	20	10	10	19	16	11	19	14	13	10	10	15	20	16	11	20	12	11	11	15	18	16	14	14	14	14	16	18	18	18	13	14	12	20	13	11	10	11	10	18	16	19	10	15	14	17	16	17	13	20	17	20	19	13	14	17	16	18	17	16	19	10	13	17	17	20	17	12	16	19	15	13	10	15	19	15	17	13	12	14	15	10	18	18	15	17	20	13	18	18	10	20	15	16	15	16	12	19	16	11	17	19	12	16	16	12	18	17	15	20	16	17	15	10	13	12	14	10	11	19	19	15	11	17	14	11	18	20	11	10	12	16	17	15	19	15	19	15	20	15	15	10	18	17	13	11	13	11	20	10	10	13	19	11	20	15	18	17	14	19	17	17	14	17	10	15	12	12	13	15	10	14	20	18	19	18	20	12	10	11	13	16	14	13	18	13	11	13	10	12	16	16	13	12	20	13	10	12	19	12	11	15	17	14	13	13	16	19	17	16	19	11	14	20	13	14	18	10	19	20	14	19	13	13	11	19	18	11	12	13	14	10	17	12	17	15	19	17	16	10	10	14	12	13	14	17	19	10	18	12	11	20	18	13	16	15	19	14	16	18	14	12	16	11	15	20	20	13	13	18	11	15	19	18	14	20	11	13	20	19	16	13	19	13	20	14	19	17	11	12	10	19	19	20	19	11	10	12	13	17	20	13	11	18	16	10	10	10	15	20	10	11	15	20	13	16	12	19	14	14	19	11	12	20	19	11	20	16	16	13	20	17	19	18	15	13	15	19	10	20	18	10	17	14	15	18	10	20	11	13	18	20	15	16	20	20	18	14	16	10	11	15	10	16	14	16	12	19	18	19	11	17	13	14	14	16	14	15	16	20	19	15	13	17	16	16	18	16	16	12	17	10	18	14	11	16	16	14	12	15	14	18	16	10	19	
1	1	1	1	1	1	1	1	1	1	1	1	1	1	1	1	1	1	1	1	1	1	1	1	1	1	1	1	1	1	1	1	1	1	1	1	1	1	1	1	1	1	1	1	1	1	1	1	1	1	1	1	1	1	1	1	1	1	2	2	2	2	2	2	2	2	2	2	2	2	2	2	2	2	2	2	2	2	2	2	2	2	2	2	2	2	2	2	2	2	2	2	2	2	2	2	2	2	2	2	2	2	2	2	2	2	2	2	2	2	2	2	2	2	2	2	2	2	2	2	2	2	2	2	2	2	2	2	2	2	2	2	2	2	3	3	3	3	3	3	3	3	3	3	3	3	3	3	3	3	3	3	3	3	3	3	3	3	3	3	3	3	3	3	3	3	3	3	3	3	3	3	3	3	3	3	3	3	3	3	3	3	3	3	3	3	3	3	3	3	3	3	3	3	3	3	3	3	3	3	3	3	3	3	3	3	3	3	3	3	3	4	4	4	4	4	4	4	4	4	4	4	4	4	4	4	4	4	4	4	4	4	4	4	4	4	4	4	4	4	4	4	4	4	4	4	4	4	4	4	4	4	4	4	4	4	4	4	4	4	4	4	4	4	4	4	4	4	4	5	5	5	5	5	5	5	5	5	5	5	5	5	5	5	5	5	5	5	5	5	5	5	5	5	5	5	5	5	5	5	5	5	5	5	5	5	5	5	5	5	5	5	5	5	5	5	5	5	5	5	5	5	5	5	5	5	5	5	5	5	5	5	5	5	5	5	5	5	5	5	5	6	6	6	6	6	6	6	6	6	6	6	6	6	6	6	6	6	6	6	6	6	6	6	6	6	6	6	6	6	6	6	6	6	6	6	6	6	6	6	6	6	6	6	6	6	6	6	6	6	6	6	6	6	6	6	6	6	6	6	6	7	7	7	7	7	7	7	7	7	7	7	7	7	7	7	7	7	7	7	7	7	7	7	7	7	7	7	7	7	7	7	7	7	7	7	7	7	7	7	7	7	7	7	7	7	7	7	7	7	7	7	7	7	7	7	7	7	7	7	7	7	7	7	7	7	7	7	7	7	7	7	7	7	7	7	7	7	7	8	8	8	8	8	8	8	8	8	8	8	8	8	8	8	8	8	8	8	8	8	8	8	8	8	8	8	8	8	8	8	8	8	8	8	8	8	8	8	8	8	8	8	8	8	8	8	8	8	8	8	8	8	8	8	8	8	8	8	8	8	8	9	9	9	9	9	9	9	9	9	9	9	9	9	9	9	9	9	9	9	9	9	9	9	9	9	9	9	9	9	9	9	9	9	9	9	9	9	9	9	9	9	9	9	9	9	9	9	9	9	9	9	9	9	9	9	9	9	9	9	9	9	10	10	10	10	10	10	10	10	10	10	10	10	10	10	10	10	10	10	10	10	10	10	10	10	10	10	10	10	10	10	10	10	10	10	10	10	10	10	10	10	10	10	10	10	10	10	10	10	10	10	10	10	10	10	10	10	10	10	10	10	10	10	10	10	10	10	10	10	10	10	10	11	11	11	11	11	11	11	11	11	11	11	11	11	11	11	11	11	11	11	11	11	11	11	11	11	11	11	11	11	11	11	11	11	11	11	11	11	11	11	11	11	11	11	11	11	11	11	11	11	11	11	11	11	11	11	11	11	11	11	11	11	11	11	11	11	11	11	11	11	12	12	12	12	12	12	12	12	12	12	12	12	12	12	12	12	12	12	12	12	12	12	12	12	12	12	12	12	12	12	12	12	12	12	12	12	12	12	12	12	12	12	12	12	12	12	12	12	12	12	12	12	12	12	12	12	12	12	13	13	13	13	13	13	13	13	13	13	13	13	13	13	13	13	13	13	13	13	13	13	13	13	13	13	13	13	13	13	13	13	13	13	13	13	13	13	13	13	13	13	13	13	13	13	13	13	13	13	13	13	13	13	13	13	13	13	13	13	13	13	13	13	13	13	13	13	13	13	13	13	13	14	14	14	14	14	14	14	14	14	14	14	14	14	14	14	14	14	14	14	14	14	14	14	14	14	14	14	14	14	14	14	14	14	14	14	14	14	14	14	14	14	14	14	14	14	14	14	14	14	14	14	14	14	14	14	14	14	14	14	14	14	14	14	14	14	14	14	14	14	14	14	14	14	14	15	15	15	15	15	15	15	15	15	15	15	15	15	15	15	15	15	15	15	15	15	15	15	15	15	15	15	15	15	15	15	15	15	15	15	15	15	15	15	15	15	15	15	15	15	15	15	15	15	15	15	15	15	
