1000
15	2
1094	16.8
8	7	7	7	7	8	8	7	8	8	8	8	8	7	8	7	7	8	7	7	8	8	8	7	7	7	7	7	8	8	8	7	8	7	8	8	7	8	8	7	8	8	8	7	8	8	8	8	8	8	7	7	8	7	7	7	7	8	7	8	7	7	8	8	7	8	7	8	7	8	7	8	7	7	8	7	8	8	8	8	7	7	8	7	7	7	8	7	7	7	7	7	7	7	7	7	7	8	7	7	8	7	8	7	7	8	7	8	8	7	8	8	8	7	7	8	8	7	8	7	7	8	7	7	7	8	7	8	7	7	7	8	8	7	8	7	7	8	7	8	7	8	7	8	7	7	8	7	8	8	7	7	7	7	8	8	7	8	7	8	8	8	7	7	7	7	7	7	7	7	8	8	7	7	7	8	7	8	8	7	8	7	8	8	8	7	7	7	8	8	7	8	8	7	7	8	8	8	7	8	8	8	8	8	7	7	8	7	8	7	7	8	7	8	8	7	8	8	8	7	7	8	7	7	7	7	8	7	7	8	8	7	7	7	7	7	7	8	7	7	8	8	7	7	7	7	8	7	7	8	8	7	7	8	8	8	7	8	8	7	8	8	7	7	8	7	7	8	7	7	8	7	8	8	7	8	7	8	7	8	7	8	7	7	7	8	8	8	8	7	8	8	7	7	7	7	7	7	7	8	7	7	7	7	7	7	8	8	8	8	7	8	7	8	7	8	8	8	8	8	7	7	7	8	8	8	8	7	7	7	7	8	8	7	8	7	7	8	7	7	8	7	7	7	8	7	7	8	7	7	8	8	8	7	7	7	8	8	7	8	7	7	8	7	8	8	7	8	7	7	7	8	8	8	8	7	7	7	7	7	7	7	7	8	8	7	7	7	8	7	8	8	8	7	8	8	7	7	7	8	8	8	7	7	7	7	8	8	7	7	8	8	8	7	8	8	8	7	7	8	8	8	7	8	8	7	8	7	8	7	8	8	7	8	8	8	8	8	7	7	8	7	7	8	7	8	8	7	8	8	7	7	8	8	7	7	7	7	8	7	8	8	7	8	8	7	7	8	7	8	8	8	7	7	7	7	7	8	7	7	7	8	7	7	7	7	7	8	8	8	7	7	8	7	8	8	7	7	8	7	8	8	7	8	8	8	8	8	7	7	8	7	8	7	8	8	8	8	8	8	7	7	8	7	7	7	7	7	7	8	7	7	8	7	8	8	8	7	8	8	8	7	8	8	8	8	7	7	8	7	7	8	8	8	8	7	7	7	8	7	7	8	7	8	7	8	7	8	8	7	7	7	8	8	8	7	8	8	7	7	8	7	8	7	7	7	8	8	8	8	8	7	7	8	8	8	8	8	7	7	8	8	8	8	8	8	8	8	8	8	7	8	8	8	8	8	7	7	7	8	8	8	7	7	8	8	8	8	7	7	8	7	8	7	7	8	8	8	7	7	8	8	8	8	7	8	7	8	7	7	8	7	8	7	8	7	7	7	7	7	8	8	8	8	7	7	7	7	7	7	7	8	8	8	7	8	7	8	8	8	8	7	7	8	8	8	7	7	8	7	7	8	8	8	7	8	8	8	7	7	7	7	7	7	8	7	8	7	8	8	7	8	8	7	8	7	7	7	7	7	7	7	8	8	8	7	8	7	8	8	7	7	7	8	7	7	7	7	7	7	8	8	8	8	8	7	7	7	8	8	7	7	8	7	8	7	8	8	7	8	8	8	8	7	7	7	8	8	7	8	7	7	7	7	7	7	8	8	8	7	7	8	7	8	7	7	8	8	8	8	8	8	8	8	7	7	8	7	7	7	7	7	7	8	8	7	8	7	7	8	8	7	8	8	7	8	8	8	8	7	8	7	8	7	7	8	7	7	7	8	7	8	7	8	7	7	8	8	7	7	7	7	7	8	7	7	7	8	8	8	8	8	7	8	7	7	7	7	8	8	7	8	8	8	8	8	8	7	8	8	8	7	8	8	8	7	7	8	8	8	8	7	7	7	8	8	8	8	8	7	8	8	8	7	8	7	8	7	8	8	8	8	7	7	7	7	7	7	7	7	8	8	8	7	8	7	7	7	8	8	8	7	7	8	7	7	7	8	7	8	7	8	7	7	7	7	7	7	8	7	7	8	8	7	8	7	7	7	8	8	8	8	8	8	8	7	7	8	8	8	8	8	7	7	7	8	8	8	7	7	8	7	8	7	7	8	7	8	7	7	8	7	8	8	8	7	8	7	7	8	8	8	8	8	8	8	8	8	7	7	
4	5	6	9	10	11	12	13	
0	1	2	3	8	12	14	
0	2	4	5	7	8	10	
0	5	7	8	11	13	14	
1	3	6	8	9	10	14	
0	3	4	5	10	11	13	14	
0	1	2	4	6	7	9	13	
2	3	6	9	10	11	12	
0	1	5	6	8	9	11	13	
0	1	4	5	7	8	10	12	
0	2	3	4	6	7	8	12	
2	3	5	7	8	10	11	12	
1	2	3	5	8	9	10	12	
3	5	6	9	10	11	13	
3	4	5	6	7	11	13	14	
1	4	5	7	8	9	12	
1	4	5	7	11	13	14	
0	1	2	5	6	9	11	13	
2	5	6	7	9	11	14	
1	3	6	7	8	9	10	
0	1	2	3	5	9	11	12	
0	2	3	6	7	10	13	14	
1	3	6	7	10	11	12	13	
0	1	3	5	10	11	12	
2	5	6	9	11	12	13	
2	4	5	6	9	10	14	
0	2	4	5	7	11	12	
0	2	3	4	7	9	12	
0	1	3	4	6	11	13	14	
0	1	3	4	5	8	9	14	
0	1	2	4	6	9	12	13	
0	1	2	3	7	12	14	
2	5	6	7	9	11	12	14	
0	1	3	5	7	8	9	
0	5	6	7	10	11	12	14	
0	2	3	4	5	10	12	13	
1	3	5	6	7	8	9	
0	2	5	6	7	8	9	12	
0	1	3	5	9	12	13	14	
0	4	6	7	9	12	14	
2	3	4	6	7	8	10	14	
2	3	7	9	11	12	13	14	
1	3	5	6	9	10	13	14	
1	3	4	6	9	12	13	
0	3	4	7	8	9	12	13	
1	2	6	7	8	10	12	13	
1	3	4	5	6	9	10	12	
0	4	5	6	7	10	12	14	
1	4	5	6	7	10	11	13	
0	1	5	6	8	9	13	14	
0	1	2	3	6	7	13	
1	2	5	6	8	9	14	
1	2	6	7	9	10	13	14	
1	3	5	6	8	10	14	
1	2	3	4	5	7	9	
0	3	4	6	8	9	13	
2	3	5	8	10	12	13	
0	1	4	7	10	11	12	14	
2	3	7	8	12	13	14	
0	2	6	8	9	11	13	14	
1	3	6	7	11	12	13	
3	4	5	6	9	10	11	
2	6	8	9	11	12	13	14	
0	1	4	7	10	11	12	13	
1	4	6	7	8	9	12	
1	2	4	5	7	9	13	14	
4	5	6	7	8	9	14	
3	4	9	10	11	12	13	14	
0	2	3	6	11	12	13	
0	3	4	6	8	9	10	11	
0	1	2	5	8	11	12	
1	2	6	7	9	12	13	14	
0	2	7	9	10	12	13	
0	1	3	5	6	8	10	
0	2	6	9	10	11	12	14	
0	2	7	8	11	13	14	
1	3	5	6	9	10	13	14	
0	4	6	7	8	11	12	14	
0	3	4	7	9	10	12	14	
1	2	3	7	8	10	11	13	
3	5	6	7	8	10	14	
1	2	3	6	8	11	13	
0	6	8	9	11	12	13	14	
0	1	7	9	11	12	14	
2	3	4	5	6	8	11	
0	4	5	7	8	12	14	
1	5	6	7	8	10	11	12	
1	4	5	9	10	11	12	
1	2	4	5	7	10	13	
0	3	4	5	9	11	12	
2	4	6	7	8	11	14	
2	3	5	7	10	11	12	
0	1	2	4	7	9	11	
3	4	6	8	10	11	12	
1	3	4	6	10	12	13	
0	1	2	3	4	9	13	
5	7	8	11	12	13	14	
0	1	3	5	7	9	13	14	
3	4	5	7	11	12	13	
0	2	3	4	7	9	10	
2	3	4	8	10	11	12	13	
0	1	4	6	7	8	14	
3	4	6	7	9	11	12	13	
1	2	3	6	9	10	14	
0	3	4	7	9	10	14	
1	3	5	6	8	9	11	12	
1	2	3	5	8	10	12	
0	1	3	9	10	11	12	13	
2	3	8	9	10	11	13	14	
0	1	2	3	4	5	10	
1	4	5	6	9	10	11	13	
1	5	6	7	8	9	11	14	
0	3	4	5	8	9	11	13	
3	4	6	7	8	9	10	
0	1	2	3	4	12	13	
1	3	6	7	8	10	11	13	
0	1	3	5	6	8	9	12	
0	1	6	7	9	10	14	
2	4	6	8	10	11	12	13	
3	5	6	9	11	13	14	
0	3	5	6	8	11	12	
0	3	5	6	7	8	9	13	
0	3	8	9	10	12	14	
0	2	4	8	9	13	14	
0	2	3	4	8	13	14	
0	2	6	9	10	12	13	14	
0	2	4	6	7	10	14	
0	1	4	7	10	12	13	14	
1	4	7	9	11	12	14	
0	3	5	8	9	12	13	
3	4	7	10	12	13	14	
0	3	4	5	10	11	13	14	
0	2	5	7	8	11	12	14	
1	2	5	11	12	13	14	
2	3	4	5	7	9	10	13	
3	5	6	9	10	11	12	
0	3	4	7	8	11	14	
0	6	7	8	9	11	13	14	
1	2	5	6	7	9	11	
0	1	2	5	10	11	13	14	
0	2	3	5	8	12	13	
0	1	3	4	5	12	13	14	
0	3	5	6	9	12	13	
0	1	2	8	10	11	13	14	
3	4	8	9	11	12	13	
1	2	3	6	8	9	12	
1	2	4	5	7	8	9	10	
1	3	4	7	9	10	14	
1	2	6	7	8	11	13	14	
1	2	5	6	7	9	11	13	
0	1	2	3	6	7	12	
0	1	4	5	6	10	11	
0	1	3	6	7	12	14	
0	2	6	7	8	10	13	
1	2	6	7	11	12	13	14	
0	1	4	5	10	12	13	14	
1	2	5	6	8	10	11	
1	3	4	6	7	9	10	14	
3	4	5	6	9	10	12	
1	2	3	5	6	10	11	12	
0	1	2	3	5	9	11	13	
0	1	2	4	5	6	8	13	
2	3	5	7	9	11	14	
1	3	6	9	11	12	13	
1	3	5	6	8	10	12	
1	3	5	7	10	12	14	
2	6	7	8	10	11	13	
3	4	5	7	8	9	10	
1	2	7	8	10	11	13	
2	5	7	8	9	12	13	
0	5	6	7	8	9	11	12	
1	3	8	10	11	12	13	14	
0	6	8	9	10	13	14	
0	2	6	8	10	11	13	
2	4	5	6	8	11	12	
0	1	4	6	7	8	10	12	
0	1	2	5	8	11	12	
0	4	5	7	8	10	12	14	
2	3	4	6	7	8	11	14	
0	1	3	5	6	7	11	
0	3	6	9	11	12	13	14	
0	2	4	6	9	13	14	
0	4	5	6	11	12	13	14	
0	2	3	4	6	8	9	14	
0	1	4	8	10	11	12	14	
2	3	4	7	8	9	10	
0	2	7	8	9	12	14	
1	5	6	7	9	10	13	
1	2	3	9	10	12	13	14	
1	3	4	5	7	11	12	13	
1	2	3	6	8	9	13	
0	1	2	7	8	11	13	14	
0	1	2	3	4	7	10	12	
0	1	2	4	7	9	10	
1	3	5	6	7	8	12	
2	5	7	8	9	11	13	14	
0	5	8	10	11	12	13	14	
0	1	2	3	5	8	13	14	
0	1	2	8	11	12	13	
1	2	3	6	8	10	11	14	
0	3	4	6	8	11	13	14	
0	2	3	5	11	12	13	14	
1	2	3	4	5	12	13	14	
3	4	6	7	9	11	13	14	
2	4	7	8	9	10	13	
0	1	3	4	11	12	13	
0	2	7	8	9	11	13	14	
2	5	6	8	9	11	12	
0	1	3	4	6	7	9	11	
0	1	3	4	6	9	11	
0	3	4	9	10	12	13	
0	1	2	6	10	11	12	13	
1	3	4	8	9	12	13	
2	3	5	6	7	12	13	14	
0	1	2	4	5	9	10	11	
2	3	7	8	9	10	12	
0	2	3	4	6	7	9	11	
1	2	3	6	7	8	10	13	
4	5	7	8	10	11	12	13	
3	4	6	10	11	12	13	
0	1	2	5	9	11	13	
0	2	5	8	10	12	13	14	
3	4	6	7	9	11	13	
0	3	6	7	8	10	13	
0	1	2	6	9	11	12	
1	3	4	7	11	12	13	
1	5	6	7	10	11	12	13	
4	5	6	7	10	11	13	
0	4	8	9	10	11	13	
0	1	3	5	6	8	13	14	
1	2	3	4	5	6	11	13	
0	3	4	5	6	7	11	
0	1	2	9	11	12	14	
2	3	4	7	8	9	12	
2	3	7	8	9	10	11	
3	4	8	9	11	13	14	
1	2	3	4	8	10	11	
0	6	7	8	9	11	12	13	
6	7	8	9	10	11	13	
1	3	4	6	9	11	13	
0	2	3	8	9	10	11	13	
0	1	3	4	5	7	8	14	
2	3	4	8	9	11	13	
4	6	7	8	10	11	14	
0	4	5	6	7	12	14	
4	5	6	9	11	12	13	
3	4	6	7	9	11	12	13	
1	2	3	5	8	12	13	
0	8	9	10	11	12	14	
0	1	2	6	8	10	12	14	
1	2	3	4	10	11	12	14	
2	4	5	7	8	10	12	
0	3	8	10	11	12	13	
0	1	4	7	8	10	11	14	
2	3	4	5	6	9	10	11	
0	1	6	7	9	10	11	14	
0	2	6	7	10	12	14	
1	2	4	5	6	7	10	14	
0	1	2	7	8	9	10	14	
1	2	6	10	11	12	13	
2	3	4	5	6	9	11	13	
0	2	5	8	9	11	12	13	
0	2	6	8	9	11	14	
0	1	7	9	12	13	14	
0	1	5	8	10	11	12	14	
0	2	4	8	10	11	14	
0	1	2	4	5	6	13	
0	2	3	6	10	11	12	13	
2	3	4	6	7	12	13	
0	3	4	6	8	10	12	
3	4	5	6	7	8	11	12	
0	1	9	10	11	12	14	
2	3	4	6	9	11	12	14	
0	6	8	10	11	12	13	14	
3	4	5	9	10	12	14	
0	1	4	7	8	9	12	14	
0	4	6	9	12	13	14	
0	1	2	3	4	5	10	12	
0	1	3	7	10	12	14	
1	2	3	5	6	10	12	14	
0	4	6	7	9	10	12	
0	1	2	3	5	7	8	12	
1	3	5	6	9	12	14	
3	4	5	6	9	13	14	
3	6	9	11	12	13	14	
1	2	5	9	10	11	12	14	
2	3	5	6	8	10	11	12	
1	2	3	4	5	6	12	14	
1	5	6	7	9	10	11	13	
1	3	5	9	10	12	14	
0	1	2	5	7	8	12	14	
0	1	3	6	7	11	12	14	
1	2	4	6	7	8	12	
0	1	4	9	11	12	13	
1	2	4	5	8	9	13	
0	1	2	5	8	13	14	
0	1	3	5	6	9	12	
0	4	7	8	9	10	14	
2	4	5	8	9	10	14	
1	2	3	4	5	7	8	13	
0	3	5	6	7	10	11	
0	2	3	4	5	6	10	
1	2	4	8	9	12	14	
0	2	3	6	8	10	12	
2	3	5	7	10	11	12	
4	5	6	7	8	13	14	
0	1	4	7	8	11	12	13	
1	5	6	7	8	12	13	14	
1	5	6	8	9	10	11	13	
2	3	5	7	9	10	11	12	
1	3	4	6	8	10	13	
0	3	4	5	6	10	12	14	
2	5	6	11	12	13	14	
0	1	2	3	5	6	9	14	
0	2	6	9	10	11	13	
1	2	5	6	8	9	11	14	
0	1	4	7	8	12	13	14	
0	2	4	5	8	10	12	14	
0	1	2	4	6	8	9	14	
0	1	2	3	9	11	12	14	
1	2	4	5	9	12	13	
1	2	4	6	8	9	14	
0	3	5	9	10	11	12	
2	4	5	9	10	12	13	14	
0	1	4	6	7	8	9	14	
0	2	3	4	6	12	13	14	
1	2	4	6	8	11	12	13	
0	4	7	9	10	12	13	
3	6	7	8	11	12	13	
0	6	9	10	12	13	14	
0	3	4	6	7	13	14	
0	1	2	3	6	7	8	14	
1	2	5	8	10	12	13	14	
1	2	4	6	9	11	13	
0	1	3	6	7	8	9	13	
0	2	4	5	6	7	11	
0	1	4	7	9	13	14	
1	2	3	5	6	9	13	14	
1	2	5	6	7	8	14	
0	2	4	8	9	10	11	
0	2	4	6	8	10	11	13	
1	4	6	7	11	12	13	
1	2	3	4	9	10	13	
0	5	6	8	9	12	13	
2	3	7	9	10	11	12	13	
1	6	8	11	12	13	14	
0	1	6	7	8	10	11	
0	2	3	4	5	6	8	11	
1	3	6	7	9	10	13	
3	4	5	10	11	12	14	
0	1	2	3	4	9	10	11	
1	2	4	5	6	10	12	13	
0	1	3	4	6	8	11	12	
1	2	3	6	7	10	12	
1	2	4	5	8	11	12	
0	4	5	8	10	13	14	
0	1	2	3	4	7	11	12	
3	5	7	9	11	12	13	14	
0	1	4	5	7	8	14	
1	3	4	6	8	10	11	12	
0	2	3	8	9	12	13	
0	1	4	5	7	8	10	
1	2	5	6	8	9	13	14	
0	1	3	6	10	11	14	
0	4	5	6	9	10	11	12	
0	1	5	8	10	11	13	14	
3	5	6	8	9	12	14	
0	3	5	6	8	9	11	14	
1	4	5	6	7	11	13	
0	2	3	6	8	9	13	
0	3	5	6	11	12	13	
0	3	4	6	7	8	10	12	
0	1	3	4	5	6	7	9	
0	2	4	7	8	9	13	14	
0	1	2	3	4	7	9	14	
0	1	2	7	9	13	14	
1	5	6	9	12	13	14	
5	6	7	8	10	11	14	
1	2	3	4	5	9	12	
0	2	6	9	11	13	14	
2	8	9	10	12	13	14	
0	2	3	4	5	7	8	
3	4	5	6	9	10	11	
1	2	3	5	9	11	13	14	
1	2	6	7	8	10	11	14	
0	3	7	8	9	12	14	
2	8	9	11	12	13	14	
0	2	6	7	8	11	12	
1	2	3	4	6	8	12	13	
0	1	2	5	6	12	13	
2	3	4	5	9	10	11	13	
1	3	4	5	7	10	11	13	
2	3	6	7	8	10	11	13	
0	4	7	8	9	11	14	
0	1	2	3	5	7	8	9	
0	2	6	7	8	10	12	13	
0	1	4	5	8	11	13	
0	2	5	6	7	10	11	
0	2	5	6	10	11	13	
1	2	3	4	6	7	10	13	
0	3	4	7	8	9	10	13	
3	4	5	6	9	10	13	14	
0	1	3	6	10	11	14	
0	1	4	7	8	9	13	
0	4	5	6	8	11	12	
5	7	8	10	12	13	14	
2	6	7	8	10	11	12	13	
0	1	3	5	7	10	13	14	
0	2	4	6	8	12	14	
1	2	3	4	9	10	12	
0	1	2	3	5	7	10	12	
1	2	4	5	6	8	9	13	
2	4	5	8	10	11	12	13	
0	5	8	9	10	13	14	
1	2	3	5	7	9	11	12	
0	2	4	5	6	10	11	13	
0	4	5	6	7	10	12	14	
1	2	3	8	9	13	14	
1	2	4	5	6	7	11	
0	3	6	7	9	10	11	14	
4	5	6	7	9	11	12	14	
1	3	4	6	8	9	10	13	
2	4	5	6	8	9	11	
0	2	5	7	8	9	13	14	
0	2	5	6	8	11	12	14	
0	1	3	6	8	10	12	
0	5	6	8	10	12	13	14	
0	1	4	6	10	11	13	
2	6	7	8	9	10	13	14	
4	5	9	10	12	13	14	
0	1	3	7	8	10	11	14	
0	4	5	8	9	10	12	13	
0	1	2	3	5	7	14	
0	4	5	7	8	10	12	14	
0	2	4	5	6	8	9	14	
0	4	5	6	7	9	11	12	
5	6	7	8	9	10	13	14	
0	1	6	8	9	11	12	14	
1	2	7	8	9	10	11	
0	1	2	4	7	9	12	
0	2	4	6	8	9	12	13	
1	4	5	7	8	9	11	
0	4	6	10	11	13	14	
0	1	6	7	8	10	12	14	
1	2	4	5	7	10	12	
3	4	6	7	9	11	13	14	
0	1	4	5	6	9	11	13	
2	5	6	10	11	13	14	
1	4	6	7	8	10	11	13	
1	2	3	5	8	9	13	14	
0	1	2	4	9	11	12	
0	1	3	4	5	7	8	
1	5	6	7	11	12	13	14	
2	3	5	6	7	9	11	12	
0	3	4	5	9	11	12	
3	5	8	9	10	13	14	
0	1	5	9	10	13	14	
6	7	8	11	12	13	14	
0	1	4	5	6	7	8	14	
1	5	7	10	11	13	14	
1	3	5	8	9	11	13	14	
2	4	5	6	7	8	9	11	
1	2	4	6	7	13	14	
0	4	6	8	10	11	12	13	
0	1	3	7	8	10	11	13	
0	2	4	5	6	10	14	
0	1	3	5	6	11	13	
2	3	5	6	8	10	11	12	
0	3	5	9	12	13	14	
0	1	3	4	6	10	11	13	
1	2	3	7	9	10	12	14	
0	1	2	3	5	7	11	14	
3	5	7	9	10	11	13	
5	6	7	8	9	13	14	
1	4	7	8	9	12	14	
0	2	3	4	5	7	14	
2	3	5	7	9	12	13	
1	4	5	8	9	10	11	13	
5	6	7	8	9	11	14	
0	1	3	6	8	9	11	
1	2	3	4	9	10	14	
1	2	3	5	7	8	9	13	
3	5	8	11	12	13	14	
1	2	5	6	10	11	13	
3	4	5	6	10	11	14	
0	2	4	5	11	13	14	
0	2	5	8	11	12	14	
0	1	2	7	9	10	11	14	
0	1	2	3	4	6	13	14	
0	1	5	6	10	11	12	14	
0	1	2	3	6	7	10	
0	5	7	8	10	11	12	
0	3	5	6	7	9	10	13	
0	1	3	8	11	12	13	
0	4	5	7	8	9	10	14	
0	1	2	5	7	9	11	13	
1	5	9	10	11	12	14	
0	1	3	5	8	11	14	
1	2	3	4	6	7	8	12	
1	5	6	7	8	9	10	
0	1	2	3	5	6	7	14	
2	6	7	8	11	12	13	14	
2	3	6	7	8	11	14	
2	3	5	6	10	11	12	14	
0	3	4	5	8	10	13	14	
2	3	6	7	9	10	11	13	
1	2	3	6	7	9	10	11	
3	5	6	7	9	12	13	14	
0	1	4	5	6	7	14	
1	2	4	5	6	9	11	
0	3	5	6	8	9	10	14	
1	4	6	8	9	13	14	
0	3	6	8	9	10	12	14	
3	4	5	6	9	11	12	
0	3	4	5	7	11	13	14	
0	2	3	6	9	11	13	14	
1	2	5	7	9	11	13	14	
0	2	3	6	7	9	11	13	
0	3	4	5	9	10	11	12	
0	1	5	6	7	9	11	14	
0	2	3	4	6	8	14	
0	2	3	6	7	10	11	
3	4	5	7	10	11	13	14	
1	2	4	7	8	11	12	
0	1	4	5	8	9	13	
1	3	6	8	9	10	12	
3	4	6	7	11	12	13	
4	5	6	7	10	11	14	
0	1	3	7	8	12	14	
1	2	4	5	8	10	11	14	
0	2	7	8	10	11	13	
0	7	8	11	12	13	14	
1	3	5	7	9	11	12	14	
4	5	6	8	9	12	14	
0	1	4	5	8	9	10	13	
3	4	6	9	11	12	13	14	
1	2	3	6	9	10	12	13	
0	2	5	7	11	13	14	
1	5	6	10	11	12	13	14	
0	2	3	4	6	7	9	12	
2	3	4	5	7	9	10	14	
2	4	5	6	7	9	14	
0	2	3	5	6	8	9	13	
2	4	6	7	8	11	12	14	
0	3	6	7	8	11	12	13	
0	2	3	4	6	7	10	12	
0	5	8	9	11	12	13	
0	2	3	4	5	10	12	
0	1	2	3	7	9	12	13	
3	5	6	8	12	13	14	
1	2	6	7	10	12	14	
0	2	8	9	10	12	13	14	
0	1	2	4	6	7	8	11	
0	2	3	4	5	7	9	14	
1	2	4	9	10	11	12	14	
0	1	8	9	11	12	13	
1	2	5	10	11	12	13	
3	7	8	11	12	13	14	
0	1	2	4	6	7	9	14	
0	2	4	6	8	9	12	
1	8	9	11	12	13	14	
0	2	5	6	8	9	11	13	
0	1	4	7	10	11	13	
0	2	6	8	9	10	13	14	
0	4	6	8	9	12	13	
0	4	6	7	8	10	13	14	
1	2	4	5	8	10	14	
0	1	6	8	9	11	12	13	
0	1	2	3	5	7	9	13	
4	6	7	9	11	12	14	
1	2	4	9	11	13	14	
1	4	6	7	10	11	13	
0	1	2	4	5	7	8	10	
1	3	6	7	10	12	13	14	
0	4	5	7	8	11	12	13	
0	3	4	6	8	11	13	
2	3	6	7	8	9	11	14	
0	1	4	5	6	7	8	12	
0	1	2	6	8	10	13	
0	1	2	6	8	11	14	
1	6	7	9	10	12	13	14	
1	3	5	9	10	12	14	
2	3	4	5	9	10	11	14	
0	2	3	4	11	12	14	
0	4	5	7	8	9	13	
0	2	8	9	10	12	14	
0	1	4	5	6	8	12	13	
1	2	4	5	6	7	10	11	
0	2	3	4	6	7	8	9	
0	1	2	4	6	7	11	12	
0	3	5	8	10	11	12	13	
3	4	6	8	11	13	14	
0	4	5	8	9	12	13	
1	4	6	8	10	11	13	14	
0	4	5	6	9	10	11	12	
0	2	4	7	8	9	11	13	
1	2	5	6	8	9	10	13	
0	2	4	6	8	11	12	14	
0	1	7	10	11	13	14	
2	4	5	6	7	8	10	
0	1	3	4	5	8	12	14	
1	2	3	7	8	9	12	13	
0	1	7	8	9	10	13	14	
0	2	3	4	5	7	8	14	
0	1	5	6	9	10	12	13	
0	1	4	6	7	8	10	13	
1	3	4	5	6	7	10	14	
1	5	7	8	10	11	12	13	
0	1	2	6	10	11	12	13	
2	7	8	9	10	12	13	14	
0	1	3	4	5	8	14	
1	2	3	6	7	8	9	13	
0	2	4	7	8	10	11	13	
0	2	4	5	7	9	11	12	
0	2	3	6	10	11	12	13	
0	1	2	6	7	8	10	12	
0	4	8	9	10	11	13	
2	3	8	9	10	11	13	
1	2	5	6	9	10	14	
0	1	2	9	10	11	12	14	
0	1	2	4	5	7	8	13	
1	2	5	6	9	11	12	13	
0	4	5	7	10	12	13	
2	4	7	9	10	11	13	
2	4	5	6	7	11	13	14	
0	1	3	5	7	8	9	10	
1	2	3	5	7	10	11	13	
0	5	6	7	9	10	12	13	
0	3	9	11	12	13	14	
0	1	5	7	8	10	14	
2	3	6	7	10	11	12	14	
2	3	5	6	11	13	14	
0	5	7	8	10	11	12	13	
3	5	8	9	10	11	13	
0	1	2	4	9	11	14	
0	7	9	10	11	12	13	14	
0	2	3	7	8	9	10	12	
0	1	2	5	7	8	11	14	
0	1	3	5	8	9	10	
0	3	4	5	7	8	9	
0	1	3	5	8	10	13	14	
0	2	3	4	5	6	7	10	
0	3	4	7	8	10	12	13	
4	5	6	8	10	11	13	14	
0	1	2	4	8	9	12	
0	3	5	6	9	12	13	14	
2	3	4	5	9	11	14	
0	1	3	4	5	6	8	10	
3	5	6	9	12	13	14	
3	5	8	9	10	13	14	
0	1	2	4	6	8	9	12	
1	2	4	5	6	8	13	
0	4	6	8	9	10	13	14	
0	2	6	7	9	11	14	
3	4	5	6	8	9	11	14	
0	1	3	5	6	12	14	
1	2	5	6	7	8	14	
0	1	8	9	11	12	14	
1	6	8	9	11	12	13	
2	3	4	5	6	8	10	
0	5	6	10	11	12	13	14	
3	4	5	6	10	11	13	14	
1	2	4	8	10	12	13	14	
1	2	4	5	8	9	10	12	
0	1	2	3	7	8	10	
1	3	8	9	10	11	13	
0	1	2	3	4	13	14	
1	2	7	8	10	13	14	
1	3	5	8	9	10	11	
1	2	4	5	7	10	11	
0	3	6	8	10	12	14	
3	6	7	9	10	12	13	14	
1	3	4	5	8	12	13	14	
0	1	2	4	5	8	9	13	
0	5	7	9	11	13	14	
1	2	3	7	9	11	13	14	
2	5	7	8	11	12	13	
2	3	4	8	9	10	12	14	
0	1	3	4	5	7	8	9	
1	2	3	6	9	10	11	12	
1	2	5	6	7	10	12	13	
1	2	8	9	10	11	14	
1	2	3	5	9	12	14	
0	1	2	3	6	10	11	14	
0	2	4	6	8	9	11	14	
0	4	8	9	10	11	13	14	
1	4	6	7	9	11	13	
0	2	5	7	8	11	13	
2	4	5	10	11	12	13	14	
0	5	6	7	10	11	14	
0	3	5	6	7	11	12	
0	5	8	9	10	11	13	14	
0	2	4	5	6	8	9	14	
0	4	5	6	8	11	12	14	
1	2	4	8	9	11	13	
0	1	6	7	9	10	13	14	
0	3	4	6	8	11	13	14	
0	1	3	4	7	8	11	14	
1	4	7	9	11	12	14	
6	8	9	10	11	13	14	
0	2	3	4	6	10	13	
3	4	5	6	10	11	13	
2	5	6	7	8	13	14	
0	1	2	4	5	9	13	
0	2	3	4	6	8	10	11	
2	3	5	6	9	11	12	
2	5	6	8	9	11	13	14	
1	3	4	6	10	11	12	
1	3	4	7	11	12	13	14	
3	4	5	6	7	8	9	13	
2	3	5	7	10	13	14	
0	2	4	5	9	10	13	14	
0	3	5	6	10	11	12	13	
1	3	4	5	7	10	11	
2	3	4	8	9	10	13	14	
2	5	6	11	12	13	14	
0	2	5	6	7	8	10	
0	5	8	9	11	12	14	
0	3	5	8	9	10	11	
2	3	5	7	9	10	12	
1	6	7	8	10	11	12	
0	2	4	6	10	11	13	
1	2	3	7	8	10	12	13	
0	4	5	6	7	8	10	12	
1	2	4	6	7	8	9	11	
5	6	7	8	9	12	14	
0	2	3	4	7	11	12	14	
2	4	7	8	10	13	14	
0	1	5	8	9	10	12	14	
0	1	4	5	6	9	13	14	
0	2	5	9	10	13	14	
0	1	3	8	9	13	14	
1	2	4	10	11	12	14	
2	3	6	7	11	12	13	14	
5	6	7	9	11	13	14	
4	5	7	8	10	11	14	
1	3	4	7	9	12	14	
1	2	4	8	10	12	14	
0	2	5	7	8	10	13	
0	1	3	7	9	12	13	
0	2	5	6	8	9	10	14	
0	3	5	8	9	10	11	12	
0	2	3	5	9	10	12	13	
0	1	3	4	5	7	12	13	
1	3	4	5	6	7	9	11	
0	1	3	5	6	8	14	
0	1	3	7	10	11	12	
0	1	2	7	9	12	13	
0	1	3	4	7	11	13	14	
2	4	6	7	10	12	13	14	
0	3	4	5	6	7	12	
2	4	5	7	9	11	14	
1	2	3	6	7	8	12	13	
0	3	4	8	10	11	12	
0	1	3	4	8	9	10	12	
2	3	5	9	11	12	13	
1	5	6	7	8	11	13	14	
0	2	6	7	8	9	12	14	
0	1	4	8	12	13	14	
3	6	7	8	11	12	13	14	
0	4	5	6	7	9	10	11	
1	4	6	7	9	11	12	14	
0	1	6	8	9	11	13	14	
0	1	2	5	7	13	14	
0	1	3	7	8	11	14	
1	3	5	6	9	11	12	
0	1	3	4	6	8	10	11	
1	2	3	6	7	10	12	14	
3	4	5	7	10	12	14	
0	2	6	8	10	11	12	13	
0	3	4	5	8	9	12	
2	4	5	7	10	11	12	
1	4	7	9	11	13	14	
0	6	7	8	12	13	14	
0	1	2	4	6	9	13	
0	2	3	6	12	13	14	
0	1	4	6	7	9	12	13	
3	4	6	7	8	10	11	12	
0	2	5	6	7	8	11	13	
2	4	6	7	8	12	13	
2	5	8	9	10	12	13	
0	1	2	3	6	7	8	9	
0	1	7	10	12	13	14	
0	1	2	7	10	12	13	14	
4	6	7	8	10	12	13	
3	4	8	9	10	13	14	
1	3	7	9	10	12	13	14	
0	1	2	3	7	9	12	14	
0	4	5	7	9	10	13	14	
0	2	4	8	9	10	11	12	
1	4	6	7	9	10	11	12	
1	2	3	5	6	8	10	14	
1	2	4	5	6	9	10	11	
2	4	6	8	10	11	12	13	
4	5	6	7	9	12	14	
0	2	3	6	10	12	13	
3	5	8	10	11	12	13	14	
0	2	3	7	9	10	12	
0	5	7	8	10	12	14	
0	1	4	5	7	9	12	
0	1	3	4	6	7	9	
0	1	2	4	9	11	14	
0	3	7	8	9	11	12	
2	5	6	7	8	11	12	14	
0	1	2	5	7	8	9	10	
3	4	6	8	10	12	14	
3	5	6	10	11	12	13	14	
2	3	4	7	9	11	12	
2	3	7	9	10	11	12	
0	1	3	6	8	10	12	14	
0	1	2	3	4	5	7	9	
1	4	6	8	9	12	14	
1	2	5	7	8	10	13	14	
0	2	4	6	7	8	9	12	
0	6	7	9	11	12	13	
1	2	3	6	7	8	10	11	
0	1	4	5	6	7	11	12	
0	1	2	3	7	8	10	11	
0	4	5	6	7	10	11	13	
0	1	6	7	8	9	12	
0	2	4	5	9	11	13	14	
3	4	5	6	11	12	13	
1	2	3	5	6	7	9	12	
1	3	10	11	12	13	14	
0	1	4	7	8	12	13	
0	2	3	5	11	12	13	14	
0	3	4	6	8	10	11	
0	1	2	3	4	8	12	
1	2	6	7	9	10	14	
0	1	2	3	8	11	12	14	
2	3	4	6	7	9	14	
1	3	5	6	7	8	9	11	
2	3	5	8	12	13	14	
2	3	6	7	10	11	12	13	
1	5	6	7	9	11	12	
2	4	7	9	11	12	14	
0	1	2	4	7	8	10	14	
0	1	3	5	6	8	9	11	
0	5	6	8	10	13	14	
0	2	3	4	5	6	14	
1	4	5	6	11	12	14	
0	2	3	5	8	11	14	
1	3	5	6	9	12	13	
0	2	3	6	7	12	13	14	
0	1	2	5	8	11	12	
1	2	6	7	11	12	14	
2	3	5	7	10	12	13	
0	1	4	6	7	8	10	14	
1	2	4	6	7	11	13	14	
0	1	3	5	8	10	11	13	
1	2	3	5	7	10	13	14	
0	1	4	5	7	10	12	13	
0	2	3	5	6	10	14	
2	4	7	8	9	10	12	13	
1	2	3	6	10	11	12	
2	3	4	5	6	12	13	
1	3	5	8	10	13	14	
2	3	5	6	8	13	14	
0	1	2	3	7	9	12	14	
1	2	3	8	10	11	13	14	
0	1	3	5	7	10	14	
0	2	6	7	8	10	13	14	
3	4	7	8	9	11	13	14	
0	1	2	4	9	11	12	14	
0	1	2	5	7	9	11	13	
0	2	4	6	7	8	10	14	
0	3	5	7	8	10	12	13	
1	2	3	8	10	13	14	
1	3	4	5	6	8	11	12	
0	4	5	6	7	9	13	14	
1	2	3	5	7	9	10	14	
0	1	2	4	11	13	14	
3	5	7	8	9	10	13	14	
0	2	6	7	9	10	12	13	
0	2	4	6	7	8	9	14	
0	2	3	4	6	8	9	
1	2	5	6	7	9	10	
0	3	4	5	6	10	12	14	
0	3	4	9	10	12	13	14	
0	3	5	7	8	9	10	12	
0	2	4	6	8	10	11	13	
3	6	7	10	11	13	14	
3	4	5	6	7	12	14	
0	2	5	8	9	11	12	
0	1	5	7	8	10	13	14	
0	2	3	4	5	9	10	12	
1	4	5	7	8	10	12	14	
0	2	3	4	7	9	12	14	
0	1	4	5	6	7	10	12	
1	2	5	6	8	11	13	
1	2	4	8	9	11	12	14	
0	2	3	4	5	9	10	11	
0	1	2	4	8	9	11	14	
3	5	6	7	8	9	10	
0	1	3	6	7	11	12	14	
5	6	7	8	11	12	14	
1	4	5	7	8	9	11	14	
0	1	4	8	10	12	14	
0	1	3	5	7	8	13	14	
0	3	6	8	9	10	11	13	
1	2	3	4	7	8	9	12	
2	3	4	7	9	10	11	13	
1	2	3	4	8	10	12	
1	3	5	7	10	13	14	
3	5	7	8	10	11	14	
0	2	5	6	7	8	9	
0	1	5	8	10	11	13	
2	3	4	7	9	10	11	
4	6	9	10	11	12	13	
3	5	6	9	11	12	14	
1	3	4	5	6	9	10	11	
1	2	6	7	8	10	12	13	
1	2	6	7	8	11	12	13	
0	2	5	6	7	9	13	
0	1	2	5	8	12	13	14	
2	3	6	8	9	10	12	
1	2	3	5	6	10	14	
0	2	3	9	10	11	13	
1	2	3	6	9	10	11	12	
0	2	3	4	7	8	10	11	
3	4	6	8	9	12	13	14	
2	3	6	9	11	12	13	
1	2	3	6	10	11	14	
2	3	4	5	7	8	13	14	
0	1	7	8	10	12	13	
2	3	6	9	11	12	13	
5	8	9	10	11	12	13	
0	3	4	5	7	9	10	12	
2	4	5	8	10	13	14	
0	3	5	7	8	9	11	12	
1	3	5	8	11	13	14	
0	1	2	3	5	6	11	14	
0	1	3	4	6	9	10	
0	1	4	5	6	8	13	
0	2	4	5	10	12	13	
1	2	6	7	8	10	12	
0	1	4	7	8	10	12	
3	6	7	9	11	12	13	
0	1	2	3	4	9	11	13	
0	1	3	5	10	12	13	
3	7	8	10	11	12	13	
1	2	3	5	7	8	10	11	
2	3	4	5	9	10	12	14	
0	2	3	4	6	10	14	
2	3	4	6	8	10	11	13	
3	5	7	9	10	11	13	
1	2	3	6	8	9	12	
2	4	6	8	10	12	14	
2	3	4	8	9	11	13	14	
1	5	9	10	11	12	13	14	
0	1	4	8	9	12	13	14	
0	2	5	7	9	10	11	13	
0	1	2	3	4	9	10	14	
0	4	7	8	9	10	13	14	
0	3	4	5	6	9	10	13	
1	4	5	6	7	8	10	
0	3	4	5	9	10	11	
0	2	8	10	11	12	13	14	
0	1	3	4	6	11	12	13	
0	3	5	8	9	10	12	13	
0	1	3	4	7	11	12	13	
3	4	5	6	7	10	11	13	
3	5	6	7	9	10	11	
0	2	4	8	9	10	13	
1	3	6	9	10	12	14	
0	2	3	4	9	11	13	14	
0	1	2	5	7	8	10	11	
1	4	5	7	10	11	13	14	
0	2	3	5	6	8	14	
0	2	4	5	7	8	11	
0	2	5	7	8	9	10	14	
2	4	5	6	7	10	13	
1	4	5	7	8	12	13	14	
0	1	6	7	8	9	14	
2	3	4	5	8	9	12	
0	1	3	4	6	7	10	12	
0	1	3	6	7	10	11	
0	3	5	8	10	11	13	14	
0	3	4	5	8	11	12	
0	1	2	4	6	7	11	
0	1	2	3	5	11	13	14	
0	2	7	10	12	13	14	
1	2	3	4	7	8	13	14	
2	3	8	9	10	11	12	13	
0	1	2	3	7	12	13	14	
1	3	4	5	7	8	9	
0	2	3	5	6	9	10	14	
1	2	3	5	8	11	12	
4	5	6	7	9	11	13	
0	2	3	5	7	10	12	14	
0	2	3	4	5	8	11	13	
0	1	5	7	9	11	13	14	
1	5	6	7	8	10	13	14	
0	3	4	6	10	11	12	14	
0	3	5	9	10	11	12	14	
1	5	8	9	11	12	13	14	
0	2	5	6	7	8	11	13	
1	2	3	6	9	11	12	13	
3	4	7	9	12	13	14	
2	3	6	8	9	11	12	
103	84.6296	67.038	52.695	44.5451	37.5921	34.2865	31	
115	88.0432	67.1236	57.9695	50.0228	42.1323	35	
121	98.2279	77.3811	59.6246	49.023	41.2738	34	
109	84.1462	67.0351	51.7564	40.6741	36.7732	35	
118	88.2378	59.5252	49.2171	40.3335	33.4364	31	
104	86.5809	69.9977	56.9468	47.5632	41.604	36.265	34	
114	94.6526	75.5114	57.4222	45.6859	37.7448	32.4851	31	
101	80.2463	60.3798	48.5206	40.1864	36.8247	34	
109	89.6506	73.8011	58.1903	48.1875	39.358	33.7699	32	
108	94.0865	80.3577	69.3378	58.5641	48.4881	40.8336	34	
117	101.333	87.0896	74.1906	61.5524	49.857	38.4826	31	
102	78.6109	63.7723	54.2928	47.8382	41.4788	37.7156	34	
104	91.8026	79.7148	67.6709	56.3949	47.0494	38.9324	32	
111	84.1847	67.045	56.5123	46.4497	41.059	36	
109	87.9387	67.1182	50.6783	38.6674	35.1772	33.2757	32	
101	82.9183	69.0381	55.9082	43.3597	34.9566	34	
107	88.0223	71.1125	56.4277	41.9522	35.4082	33	
112	94.772	79.3212	64.4326	52.8083	45.7176	39.4067	35	
121	94.8705	77.2616	62.2939	47.4399	36.2213	35	
117	98.9118	82.3017	66.5474	54.5664	43.0716	35	
116	94.317	76.8876	59.4582	48.1844	38.5014	34.8703	32	
110	96.6686	84.2847	72.5619	61.2137	50.3943	40.4123	34	
120	100.586	81.802	65.5813	51.3649	44.3265	38.64	33	
108	85.8192	65.8144	46.2542	39.2583	36.2167	35	
115	93.595	73.1891	61.3764	49.9189	38.9278	32	
116	83.8825	52.2187	41.9774	37.8614	34.1667	33	
106	88.0142	70.1122	57.7862	45.7118	38.1863	35	
103	85.7893	70.9677	56.9115	45.1516	35.1081	32	
110	92.895	77.5704	62.7345	50.6388	42.8892	38.4908	35	
111	90.176	70.1604	57.8021	49.1875	42.2958	38.0842	35	
106	89.6934	73.7389	58.9819	46.3909	36.6703	33.6415	31	
105	86.6881	68.7227	51.9946	35.8851	32.3959	32	
114	90.0915	72.4821	56.7484	43.1144	34.9396	33.4558	32	
101	82.8593	65.2129	51.7681	44.8232	40.251	36	
120	96.0276	75.384	56.2113	43.2058	39.361	37.0644	35	
106	88.3843	71.2644	55.6695	45.9085	36.2428	33.1352	31	
110	91.4443	73.7126	60.7115	49.4193	40.4162	33	
112	90.4003	70.7007	52.1746	44.8537	39.4048	34.431	32	
113	95.3878	80.9183	66.8286	55.0379	44.2596	35.0211	35	
116	93.3468	74.4959	57.7871	43.1937	35.1339	35	
108	94.1624	80.8587	68.2383	57.2194	46.9907	37.4881	32	
120	102.869	86.0998	69.6077	54.4794	44.0174	36.5811	32	
116	97.0988	79.1951	64.2845	54.0115	43.9002	36.755	36	
101	81.0896	66.9728	56.5744	46.5219	37.4422	31	
101	72.7234	58.7128	49.3936	44.2553	39.4043	35.7021	35	
123	91.8136	63.339	52.1186	44.322	37.2712	33.4407	33	
120	101.189	87.0806	73.3773	60.169	49.5709	39.3553	34	
116	93.7385	71.8708	53.6863	43.1231	35.8725	34.2046	33	
102	79.5797	64.1155	50.9523	43.6483	38.1101	35.4882	33	
108	86.9728	70.081	59.5565	50.1478	41.2862	36.2975	34	
114	82.4167	56.3333	47.0833	40.6667	35.6667	35	
115	93.9991	74.0398	58.3678	46.4504	39.5227	34	
122	101.155	82.5157	67.2188	53.361	46.0723	39.155	35	
114	89.9861	72.2242	56.4242	41.252	37.5374	35	
115	90.0571	70.3118	53.8618	42.5558	36.3134	32	
110	84.9701	68.4071	54.4898	42.5305	33.4288	32	
109	92.5593	79.5524	66.844	54.5088	43.0881	34	
112	92.8762	75.9828	60.569	48.6442	39.3915	32.2146	31	
105	86.4455	70.2396	55.8605	44.1693	34.1482	33	
102	86.7977	75.979	65.2683	55.0111	45.7904	37.4335	34	
104	83.7787	65.8162	54.4794	44.5624	35.3337	34	
106	81.2016	67.7442	57.5969	48.6434	42.0775	36	
114	93.364	74.7502	56.1582	42.1544	38.262	35.5004	34	
108	87.2519	71.9514	57.3851	46.5847	36.2818	33.4869	31	
113	77.7125	61.1	47.75	36.7625	35.4125	35	
108	86.4696	68.9111	53.4618	43.6005	35.7663	31.4109	31	
114	89.6223	67.2017	53.6738	40.5579	34.5837	34	
107	88.433	72.4854	58.9838	46.5031	36.7958	33.0401	32	
106	74.3609	56.1232	43.9646	34.6274	31.7725	31	
105	82.6948	67.8002	53.0034	44.37	35.8099	34.6114	34	
105	81.6342	58.994	41.3463	37.4569	34.4382	32	
117	97.5982	78.3081	63.6003	50.3901	40.2645	36.3528	33	
113	87.5198	66.9548	49.6667	43.3955	37.1808	33	
123	92.548	64.7305	47.025	38.9664	35.5958	33	
108	92.3354	78.1597	64.0055	52.4836	42.2995	35.1361	33	
115	89.8373	68.4529	51.4366	42.6203	34.9294	33	
122	100.129	78.6294	61.7543	46.1547	40.7334	35.7372	33	
107	82.7986	64.4121	47.4253	41.1529	37.2764	33.4806	32	
117	96.1801	78.263	64.6224	55.0084	46.0499	40.3689	35	
114	86.8647	66.1076	50.4699	39.6997	37.238	35.3357	35	
104	77.3237	62.2158	48.6906	42.6187	38.6763	36	
111	86.0442	63.568	44.5845	38.5856	33.6264	32	
116	96.0329	77.8103	63.2239	51.7691	41.5123	33.021	33	
114	95.3061	78.2653	62.6122	48.7755	36.3673	36	
115	81.6489	56.4184	49.3003	43.1849	39.3084	36	
101	79.6349	62.2111	50.4301	43.5596	38.4768	36	
115	93.2346	79.4097	66.6605	54.6389	45.5278	37.9035	33	
113	90.9256	73.7269	59.5027	46.4638	35.6167	33	
102	73.8196	54.9848	46.2411	40.6796	35.4334	34	
120	96.4338	75.1772	61.833	51.2261	42.0733	36	
114	95.7288	78.9508	62.2765	51.9277	41.6411	36	
106	82.4432	62.5507	46.9509	39.9362	34.9631	33	
108	91.4318	75.2193	63.3688	51.7617	40.2108	31	
106	79.0975	60.0725	42.7717	36.3805	32.7241	31	
123	96.1037	76.0488	58.1402	45.1616	39.628	35	
111	92.3899	75.8641	60.1571	45.6598	32.9863	32	
123	93.1593	66.0501	49.047	40.2041	33.2049	33	
120	87.6348	64.0605	56.0926	49.1455	42.2971	36.3047	34	
116	85.7168	64.4643	49.4982	41.6801	36.0957	36	
123	96.7485	70.7883	56.1912	44.5077	38.8553	36	
103	84.8338	67.6372	56.7155	46.8183	37.6163	34.3783	32	
116	97.8987	81.1644	64.6579	51.3615	42.6423	35	
106	88.7723	71.7443	55.9144	46.6924	41.4279	37.5249	36	
121	96.0128	72.688	51.2558	39.0051	32.7391	31	
107	80.3032	66.8466	55.1498	45.8899	38.7148	32	
118	92.1436	69.0039	48.5187	39.9623	35.1533	31.6246	31	
106	91.1534	76.5188	61.9006	47.6413	33.6757	31	
119	91.0938	77	64.3438	53.0312	43.5	36.4375	33	
122	103.12	85.0354	67.6077	50.2146	41.1896	37.4897	35	
109	77.5747	58.4665	43.4862	38.2597	34.6978	33	
117	95.3383	78.0265	63.4389	52.8497	43.8642	37.4052	34	
110	88.6918	70.3451	56.4045	47.8571	42.5843	37.4318	35	
111	81.142	61.3607	48.8494	43.5068	40.362	37.8598	36	
107	72.61	54.1867	48.0968	42.2628	36.4288	33	
105	85.1249	67.9412	51.5396	41.533	36.4952	35	
123	100.035	81.235	62.9521	49.7204	42.2051	36.0698	34	
101	80.4401	67.4643	54.8498	45.0212	36.302	34.0061	33	
106	88.4663	72.366	56.6496	45.7198	35.7883	32	
119	94.2623	75.9335	58.2238	46.0872	38.0683	32.4025	32	
121	98.0655	76.5295	59.087	43.5516	36.9662	36	
121	84.6474	60.5623	38.9158	34.639	31.1501	31	
110	96.4604	83.6527	71.1703	58.8912	47.283	41.2654	36	
121	85.0242	58.6725	49.1401	40.5242	35.7122	32	
117	80.493	62.9525	52.7799	44.0335	36.618	36	
114	88.2595	71.9292	58.4561	47.9187	39.6356	34	
114	85.4959	57.7982	50.2612	43.7478	37.6065	32.3337	31	
117	83.8371	63.4238	50.0899	43.1824	38.1994	36	
110	86.9474	68.7874	55.5487	46.1378	37.8204	35.3741	35	
102	81.8595	65.1658	53.8705	43.6134	35.5365	34	
106	80.6943	58.7804	47.5138	36.955	34.212	32	
107	73.2163	55.945	39.3242	36.4336	36.2168	36	
113	91.8113	75.6209	61.535	50.1036	40.442	34.4632	32	
120	102.435	87.9847	75.0192	62.1986	50.4463	42.2795	35	
110	86.2208	67.4713	50.3282	41.6381	33.2113	32	
109	87.1714	70.9408	55.3114	46.2944	38.2918	37.052	36	
122	98.867	80.6644	63.4329	48.9406	40.6486	34	
106	84.8562	67.3518	51.5156	38.9289	32.4515	31	
111	96.0897	81.5936	67.665	56.0682	45.7751	38.228	32	
111	91.8993	73.6986	60.6048	49.8959	40.9192	33	
103	76.3229	61.1781	46.728	37.8356	33.6673	32.0278	32	
116	94.4188	78.8592	64.6965	51.4973	38.3222	31	
104	81.8231	66.0199	51.7923	43.1508	37.2544	32.5517	31	
120	98.2158	80.5658	62.9158	47.4011	34.476	32	
105	89.6324	74.5113	62.5468	53.1846	44.4229	39.8034	36	
111	84.5258	66.8763	50.9588	39.7423	33.268	31	
101	84.6081	68.6201	56.0463	45.6752	35.5978	32	
121	104.465	89.0586	73.7852	59.9395	48.6172	40.2168	36	
101	84.4794	68.6793	55.8846	45.6559	37.0265	32	
108	92.3781	77.2449	62.9577	49.3661	43.9896	38.9326	36	
110	92.0209	79.8846	69.6598	60.0842	50.9594	42.6641	35	
108	92.4046	77.4682	64.4721	51.9152	41.5549	32	
102	85.5657	69.1698	55.8613	45.2183	37.5668	34	
120	99.1605	80.0741	65.7531	52.2222	40.2222	34	
112	93.681	76.0135	58.3657	42.4748	37.0857	36	
117	93.1839	70.9684	50.3779	43.2476	37.9363	33.013	31	
120	96.8303	76.3612	58.8703	47.1088	40.2689	34.0348	33	
102	88.0073	75.1012	62.7302	51.0779	40.9303	31	
110	89.1838	72.7684	59.0074	48.4828	39.7978	34.3725	34	
119	99.7852	82.6692	69.4915	57.2658	45.1917	35	
113	90.6092	68.9657	55.0649	46.3059	38.5633	32.136	31	
113	92.2437	73.3157	56.2785	48.2585	42.8772	38.4101	36	
116	92.3973	73.744	60.5623	48.6491	38.8747	36.0146	34	
110	91.1292	74.8685	61.4501	50.4099	41.2645	35	
103	83.8916	65.7511	51.5759	42.4276	36.4952	31	
120	100.613	81.6515	63.3058	46.7118	38.5687	34	
122	101.398	81.9178	63.1448	44.3719	36.2847	33	
103	87.6563	73.3997	60.339	47.8839	39.5598	34	
110	84.181	63.2774	52.8255	44.4263	38.4577	36	
110	94.744	79.5565	65.1233	51.5643	42.2565	33	
110	87.666	68.6602	51.3072	40.473	35.9511	34	
119	98.2638	79.7362	63.2454	48.3988	34.3374	32.3252	31	
108	90.974	75.5068	60.8192	48.689	40.2613	37.2165	35	
101	79.4679	63.2017	47.4592	33.95	31.9374	31	
121	97.6461	77.0413	58.5471	42.913	31.1944	31	
115	90.2582	68.9056	56.0263	46.6869	38.6656	32	
122	93.3918	78.4526	64.7836	52.7173	41.6792	36.5382	33	
103	79.6008	61.428	51.0951	42.3242	34.0939	31	
115	91.9829	73.1252	55.4479	45.7239	39.7659	36.8712	36	
121	92.9255	73.3968	61.334	49.95	39.9851	35.6968	34	
107	91.3856	77.3469	64.7775	52.8455	42.0641	33	
123	98.1402	75.5776	55.7204	46.1236	39.462	35.2506	34	
122	100.095	78.5711	62.758	51.4376	40.4217	34	
108	94.1989	81.2342	68.8039	56.6989	46.7314	37.5539	33	
102	81.2561	66.3171	54.3018	43.439	35.1159	32.747	32	
116	83.6138	62	49.6739	42.3197	37.7967	35.8286	35	
120	91.9808	74.7996	60.5181	49.7164	39.0235	35	
116	90.9173	66.4962	54.2256	43.7895	36.5714	32	
123	83.2764	52.9162	45.7416	40.1884	36.4998	35	
106	83.0396	68.6826	54.8052	45.5624	38.1575	36.3196	36	
102	82.8018	67.2387	52.8344	40.8156	36.5443	33.6362	33	
109	86.1939	65.7498	46.3292	39.7945	35.8841	32	
123	96.5246	74.9172	55.4768	46.6517	40.3076	36.5389	35	
106	88.8409	73.2935	61.8148	52.3998	43.1815	36.4004	33	
102	82.0837	68.1423	54.3819	41.0612	36.69	34	
113	89.9787	71.5568	58.3333	47.0502	36.917	31	
119	97.8231	83.3977	69.2648	57.1348	45.7699	37.9383	34	
118	100.882	84.5181	68.2961	58.3228	48.4715	39.1902	34	
116	90.3716	67.6253	48.2028	40.2053	36.9335	33.9994	32	
117	91.2818	69.0186	48.9117	41.9496	36.0266	32	
119	98.8704	81.0567	63.8219	49.8381	40.7308	34.3623	31	
111	95.2843	79.695	66.001	53.4758	43.8095	34.3327	31	
118	94.775	74.205	62.3511	51.8382	41.6739	33.9232	31	
123	93.3063	70.9331	54.8345	45.5176	36.8028	34.2042	33	
115	91.1747	68.4257	52.2568	39.5614	32.3209	31.4892	31	
102	79.1303	59.8444	45.0616	39.9219	35.2536	32	
105	80.6668	63.0778	49.6912	42.5403	35.8301	34	
121	101.233	87.0702	72.9753	59.5936	47.5365	38.0946	33	
108	75.8987	60.557	48.7089	44	39.7975	36	
114	92.1886	71.9982	55.5742	46.2537	38.9356	33.8343	33	
113	92.1097	76.0239	60.6154	45.9478	37.8837	36	
119	92.8482	67.2407	44.4089	37.9049	36.1089	36	
120	102.004	85.4483	69.8223	55.5237	46.6108	38.6271	34	
116	96.0453	76.1348	60.1844	46.9328	37.4422	32	
102	83.3314	65.3605	55.0158	46.4032	39.4266	36.8765	35	
119	97.2345	76.24	56.4351	45.5964	41.4768	38.0181	35	
108	89.5667	72.7171	61.0617	49.723	41.1926	33	
104	84.1237	71.9794	61.2577	51.9175	45.1959	39.1753	34	
114	92.2589	77.4768	63.0714	50.1508	40.2886	32.4432	32	
102	86.8143	72.1836	61.0834	51.0161	43.0764	38.7134	36	
101	88.2404	75.8691	63.7695	52.5369	41.5503	32	
109	90.4097	74.4318	59.0837	43.8989	34.7087	31	
105	87.106	73.227	62.5045	52.5247	43.8446	36.3946	36	
123	104.466	86.6679	68.9263	51.496	38.791	32	
115	94.0432	73.9496	61.1942	48.8489	37.518	31	
108	67.6163	48.8637	40.7784	35.6564	33.2012	31	
103	79.3786	56.464	40.4265	34.3105	32.299	32	
119	89.6162	66.0485	49.3876	43.8441	38.3914	32.9993	31	
105	87.7113	72.6398	58.5506	45.584	36.9116	32	
102	81.7427	66.0803	53.5548	41.3164	36.1472	31	
117	95.4481	74.2794	60.3924	48.5569	41.3654	36.7665	36	
105	88.9309	74.1961	59.5387	47.9945	39.0801	36.779	35	
106	79.3312	59.835	40.6434	34.8001	33.2215	33	
103	80.714	65.4426	50.7557	41.2203	34.2787	33	
108	89.2215	73.3156	57.5463	44.6105	38.7483	34	
118	93.462	69.5486	52.4787	43.111	35.643	32	
105	87.597	71.051	55.2046	45.6373	38.9559	36	
102	81.3368	64.8106	49.5189	40.9634	34.4005	31	
121	97.1648	78.168	60.8009	44.2486	35.4887	33.2223	32	
109	90.1866	73.8228	57.9245	48.5423	41.0953	36	
109	80.5304	58.3172	48.4447	41.9012	35.7309	32	
117	93.2154	75.461	61.5506	48.0246	36.4446	32.0721	32	
112	95.0983	82.7193	70.7461	60.3963	50.0756	41.4363	33	
109	83.3904	58.0361	47.8831	42.5796	37.5031	36	
103	85.7926	70.1753	56.4037	44.3358	36.2716	34	
112	88.9455	69.5798	56.0289	47.2425	40.0188	33	
105	76.3937	58.6235	44.2753	39.0823	36.681	35	
120	102.205	84.4103	68.2677	53.1074	38.2375	35.6475	35	
120	96.0895	75.311	60.9647	46.7868	40.4219	35	
115	88.7594	65.4277	47.6141	36.728	32.4095	31	
107	89.1609	71.6425	56.83	48.9528	42.1178	37.628	34	
108	82.0194	58.2641	52.3397	47.2534	42.9762	38.9014	35	
110	91.7582	74.3991	59.6077	49.5774	41.3927	35	
102	84.7958	69.9581	55.357	42.3178	35.9283	32	
122	99.667	81.6941	63.7719	52.6687	44.6582	37.1294	35	
117	94.9764	75.8431	61.0094	46.6057	41.5417	36.6449	36	
105	87.131	69.7343	55.7225	47.9491	41.5926	38.1881	35	
114	95.4125	77.4554	61.0846	48.3743	37.4944	33	
121	96.9043	79.1754	63.3075	48.8844	40.0199	37.1304	35	
102	85.5031	71.8276	59.596	48.327	39.5806	36.7924	35	
116	91.5082	75.1479	62.4809	51.1745	41.3259	33	
123	101.015	84.0499	67.1652	55.515	46.2808	38.9794	32	
121	96.0851	77.9714	61.844	50.3293	40.1277	34.303	34	
103	83.5826	64.906	51.3761	38.4897	36.2867	35	
117	89.0565	67.5823	51.7306	41.6032	35.6081	33	
102	80.0199	61.2347	47.1819	37.0927	33.7056	32.2642	32	
107	84.049	63.3861	48.054	34.5618	31.9435	31	
123	93.7867	74.7913	60.7332	47.841	36.1145	32	
114	93.4899	77.5165	63.2208	53.5092	45.5698	40.206	36	
108	87.3916	68.4756	51.0805	41.2262	36.7704	33	
114	94.1885	79.3826	65.5695	52.8123	42.801	36	
118	84.4227	62.2726	42.9793	37.7744	34.6828	33.1957	33	
122	93.3234	68.6515	44.8735	37.2574	32.1084	31	
115	92.4987	75.0769	58.2484	46.6892	37.3849	33.5397	31	
105	83.2428	62.1008	44.8476	37.3655	34.2889	32.443	32	
120	81.7288	63.7754	47.4651	38.6486	35.2824	34	
114	97.0407	81.2	66.7305	55.5265	44.3947	34.2733	32	
109	93.5041	78.7394	66.6923	55.2969	44.1399	34	
118	98.1639	78.5356	61.7939	48.539	40.8032	37.7319	36	
121	90.8694	72.1014	56.0762	43.9691	34.448	31	
119	99.6232	80.8779	62.7389	50.9158	42.0737	36.0863	35	
105	89.1848	74.204	59.4226	46.0922	33.8681	32	
102	85.2152	70.9834	58.9969	49.835	41.8138	34.3901	32	
122	101.388	80.8184	62.8566	45.3786	36.6501	34	
101	78.0191	55.828	39.5987	35.8025	33.8408	33	
108	87.0412	67.7574	49.1608	37.1997	34.1503	34	
117	95.1891	78.9301	67.4299	56.3482	46.0376	38.9876	35	
117	94.0052	73.5851	60.8895	49.0862	39.8577	33.3314	33	
113	93.6972	75.6575	60.0806	46.5665	36.1889	32.6736	32	
106	85.596	66.0929	55.964	48.1725	41.0871	38.0192	35	
109	86.5568	65.643	48.7483	36.4063	33.3119	31	
117	95.9819	77.1038	60.0505	45.3176	40.2714	37.3203	35	
121	100.442	81.7808	66.5807	53.0662	46.3541	40.2741	36	
119	91.1371	66.0298	53.6293	44.7116	36.5977	33	
104	81.3186	62.1492	50.472	40.141	34.9608	33	
120	99.7132	80.4598	63.7083	48.534	37.9555	32	
102	81.4408	62.942	48.0265	37.6797	36.7167	36	
113	93.3303	75.5576	59.3226	46.5023	39.0338	35	
118	96.9817	76.4394	62.7079	49.3793	40.408	34	
107	76.5161	57.4851	47.8405	39.057	36.732	36	
121	82.5791	69.5765	58.3347	48.0861	40.6819	37.2055	34	
118	94.8657	74.3459	54.6976	45.0583	37.4261	36	
101	84.3973	67.8477	53.3491	43.7658	36.7464	31	
123	94.0792	74.5867	57.1071	40.8987	34.4719	32	
120	96.8724	75.0836	57.3114	47.152	37.6752	34	
108	81.4766	58.9626	46.5981	35.1308	33.3925	33	
107	83.3279	67.5634	52.8923	40.7129	33.085	31	
104	87.0728	70.3895	55.587	46.8622	40.4361	34.1145	33	
122	105.538	90.0671	74.8902	60.0881	47.0259	34.8737	33	
123	89.3132	56.166	44.5324	38.3953	36.0686	34.4163	33	
117	98.1247	83.0244	69.4228	58.1734	47.7588	38.2737	33	
113	89.8196	71.3973	56.4317	43.6215	35.5693	35	
113	91.954	73.5468	59.5016	45.8271	38.6082	34.9443	32	
113	95.3101	78.1448	61.017	46.063	38.4923	36	
115	93.5012	75.4804	62.7118	50.6669	43.1738	38.5285	34	
112	83.4183	63.4688	50.1306	38.0339	34.0498	32	
115	88.4656	68.9847	52.5573	40.6794	35.3969	32.7405	31	
119	84.7699	61.2301	49.1947	38.646	32.7699	31.2832	31	
122	106.336	91.6415	77.334	64.7146	52.2889	40.306	33	
111	89.0524	70.9863	58.3143	47.6116	40.4765	34.112	32	
112	85.9793	61.0739	51.502	43.1692	36.2303	34.6505	34	
113	86.5229	71.6809	60.0989	48.5963	37.5973	35	
115	96.0074	79.7279	65.5186	52.1735	39.6123	33	
113	92.2966	74.5325	60.4746	51.2092	43.0087	35	
106	84.9914	67.1454	54.721	45.8883	39.3147	36.1973	35	
109	93.1896	79.3267	66.2596	55.8729	46.0726	41.0049	36	
110	91.8233	74.0673	59.9719	48.1066	40.8485	37.3562	35	
116	96.7427	78.8517	65.1244	51.8092	39.7083	36.7373	36	
109	86.8417	65.1346	48.7665	35.6319	33.6768	33	
110	87.6666	70.4988	53.7937	44.5674	35.5209	32	
101	83.228	66.7501	52.2227	40.32	37.7681	36	
104	84.8506	70.5975	58.1286	45.6598	38.1286	34	
105	77.3768	57.3716	44.7677	39.5652	34.8581	33.4955	33	
121	97.0117	80.0211	64.0376	48.0798	39.5329	36.0469	33	
117	90.557	64.5281	46.2554	39.4929	35.9598	34	
107	88.9132	73.9055	61.1828	50.5709	40.3656	32.8521	32	
116	96.9151	80.2425	63.8048	51.6152	41.3256	33	
118	98.1809	80.1106	67.7286	55.6884	43.9899	34	
123	102.551	85.945	69.405	55.537	43.4356	35.3092	35	
110	87.599	69.7492	54.2045	45.516	40.0192	36	
106	90.9561	76.821	63.5136	51.1474	39.9497	35	
122	97.737	75.5938	58.4922	49.2109	43.1667	37.9531	34	
111	89.8724	73.0508	58.2119	45.7584	39.4696	36	
116	93.4589	74.506	60.6364	49.4808	39.1533	32	
104	80.7344	60.1101	43.841	37.5189	32.7421	31	
104	87.9136	73.0007	61.5756	52.2367	44.0386	36.0525	31	
108	85.5087	64.015	48.4825	38.3887	35.1112	32	
115	93.2017	73.0433	55.755	41.5872	33.3872	33	
103	86.3652	71.2108	56.778	45.7683	37.9413	34.037	34	
122	85.0513	70.6244	56.8788	45.3374	40.1277	36	
118	95.5863	77.534	62.2881	47.7249	38.585	31	
120	94.717	76.2058	63.2113	50.7659	41.2488	37.327	35	
103	86.0047	70.3065	57.4929	47.1169	39.469	35.5556	32	
116	97.2135	81.9755	67.3376	52.8563	41.5844	33.4958	33	
112	89.9305	70.7174	52.2366	42.3981	37.7352	34	
111	85.2936	65.556	51.3802	38.4253	35.2035	35	
122	102.911	83.8463	66.7089	52.5099	40.3327	31	
105	88.6206	76.1378	64.684	55.7099	47.8829	40.5282	34	
101	80.3728	59.9072	48.1269	43.8767	40.4119	37.1087	36	
102	82.9442	66.651	55.7526	46.2682	40.5906	35	
113	92.1139	77.5625	64.434	51.8335	39.3019	35.423	34	
110	91.5432	74.5885	61.7078	50.2675	42.3868	35	
102	83.5498	66.0332	50.6294	38.7142	33.9727	31	
118	102.2	87.1634	74.1516	61.4717	49.3063	40.7922	35	
111	88.9206	67.2383	50.9533	40.5327	33.5701	31	
113	92.5492	77.508	62.9725	50.812	39.0473	33.7037	33	
110	85.5111	63.53	54.2411	46.2572	40.2694	35.5865	34	
119	87.42	68.9697	56.0545	43.74	34.3862	34	
105	88.93	72.8599	57.3844	43.3321	38.3778	34.9548	34	
106	78.841	56.8898	47.6552	42.2052	37.5728	34	
108	92.4044	77.5839	63.8154	50.9144	38.4748	31	
101	84.0581	68.6173	54.928	44.8665	35.6986	33	
107	84.5803	69.5007	56.4933	47.056	40.0405	34.5978	33	
114	91.2222	73.4249	59.4986	48.5227	41.4416	35.635	32	
114	96.7602	79.5753	63.2323	53.8254	46.1572	40.4655	36	
108	94.9587	82.1346	69.8126	57.8841	47.0684	39.3061	34	
101	79.3571	59.8286	50.9196	43.6736	37.758	36	
116	91.3888	72.8707	60.8963	49.3722	39.729	33	
102	74.7484	47.6133	41.1137	35.8966	31.6412	31	
104	74.8069	51.8728	41.9825	35.9145	33.5256	33	
112	93.8293	76.9147	62.2609	49.5749	36.9308	34	
117	84.889	63.3084	51.7705	41.4352	37.1126	35	
117	97.495	79.1461	61.8346	45.0568	38.6539	34	
108	84.31	62.2373	44.7767	38.2478	32.3477	31	
106	91.137	77.6949	64.7796	52.1357	43.7064	37.0013	34	
111	93.287	77.8865	67.5401	57.4558	48.2775	41.7931	36	
122	97.4994	77.5219	60.241	45.8015	33.2468	32	
115	89.9382	66.2847	45.3434	37.9891	31.9388	31	
122	97.2175	72.565	50.9551	40.5532	37.2506	34	
114	93.1551	78.1639	63.4821	52.6551	43.0893	33.6663	33	
104	77.7361	59.6879	45.1646	40.3412	36.2598	33	
104	85.9329	71.1603	58.7408	47.864	42.8962	38.7389	35	
101	82.3686	69.3381	58.3286	49.2824	41.2755	37.5223	34	
105	78.9027	56.6511	49.1571	42.7807	37.0288	33.7091	32	
104	74.8878	57.1279	40.8601	33.1359	31.79	31	
105	81.2459	58.7914	49.8626	43.0035	40.2599	37.5884	36	
114	95.6597	79.851	67.0766	55.3651	45.4122	36.0778	32	
109	81.9175	57.8866	47.9344	40.3402	37.0112	35	
115	81.1967	61.978	49.7283	40.4243	36.9039	35	
116	93.4358	76.6842	60.6546	45.7081	39.1736	33	
118	97.4005	77.3214	61.6008	51.4094	41.2398	37.0765	33	
122	103.92	86.2734	73.6069	61.2917	49.431	38.5209	36	
122	98.7762	80.4831	68.9452	58.2701	48.7044	40.692	33	
108	80.0097	53.8578	42.9464	38.4988	36.0674	35	
115	95.7891	77.8622	61.647	48.7605	39.4642	31	
122	91.614	73.9357	59.0709	46.3162	38.7197	36	
116	91.106	66.44	51.3973	43.6227	38.7097	36	
112	86.8092	72.4224	59.4911	51.1781	43.4809	36.4275	35	
122	100.272	79.8288	65.5287	51.6452	40.226	34.8808	32	
114	90.9426	73.4453	60.3486	49.7291	40.5324	36	
121	99.6478	81.9741	65.258	50.5879	39.4439	32	
103	83.3593	67.9701	53.9381	43.6188	37.6707	35.0758	33	
119	97.9893	78.648	62.4786	46.4762	37.6044	33.1209	32	
104	84.4785	65.3562	47.711	37.2117	34.6967	33.7585	33	
114	91.2393	70.1757	49.7631	39.4638	35.0697	35	
123	106.306	91.193	76.1006	61.6242	49.2628	39.6324	33	
106	83.9435	72.0113	60.3955	53.3898	46.4294	39.6497	34	
112	84.9885	68.6865	53.2793	45.1423	38.7948	35.2436	32	
122	91.8483	66.5878	46.9614	37.8911	33.6501	33	
110	85.7009	71.9411	60.7097	51.1817	42.8779	35	
113	94.0558	76.9835	61.3089	49.1287	42.4895	36.2746	36	
116	95.0643	74.6857	57.8	45.65	38.5143	33.9071	32	
111	92.9754	75.5709	60.347	49.8843	42.5825	37.7212	33	
106	86.6598	70.0412	54.6392	42.5155	37.8763	34	
106	80.4092	59.4909	47.6488	38.8947	33.6853	31.8593	31	
105	86.9163	70.8573	55.9298	48.6249	42.1139	37.4888	36	
107	82.1177	58.0316	47.6308	40.2905	34.2192	33	
104	88.5996	77.5235	67.206	57.3058	47.9366	39.3261	31	
101	81.8309	67.4338	57.5662	49.1949	41.4706	35	
115	93.9439	77.6073	62.4587	48.6964	38.4983	36.6172	35	
110	87.3476	68.7478	56.1363	47.6076	39.835	33	
108	86.0362	65.4071	55.1745	45.621	36.6294	34.5923	33	
119	98.3773	79.4944	62.6058	50.3213	40.2009	38.1005	36	
110	90.6421	72.9358	60.3464	48.6775	39.2287	32	
109	83.4925	61.3549	46.4497	40.4616	36.3141	32.9182	31	
120	98.2002	77.3065	59.7707	47.8847	38.6638	34.08	34	
123	97.3255	71.804	54.9682	44.905	36.4871	34.2296	34	
115	95.671	77.2033	61.2794	48.6605	37.8042	36.1617	35	
117	88.4459	72.3079	59.5345	49.2622	42.1162	35.4168	35	
103	79.7676	64.68	50.8741	44.839	38.8039	36	
112	83.1554	67.2118	54.108	43.8035	36.785	35	
114	85.2052	68.349	54.3071	42.013	38.3692	35.0513	32	
101	80.6269	63.097	48.3657	34.4627	32.4254	32	
101	79.8459	66.5218	54.5322	43.5437	33.1112	33	
114	97.2924	81.0109	68.8599	58.4871	48.596	38.8715	34	
106	80.6937	64.4464	50.9891	39.0416	33.6258	31	
108	90.0322	74.0159	59.73	50.1202	42.7379	37.0493	36	
121	102.023	86.1322	70.644	55.5966	46.7599	39.3608	32	
120	96.0256	76.154	59.3472	45.3085	38.8082	33	
111	96.0275	81.1328	66.877	57.3887	48.4613	40.7491	35	
104	87.8998	72.3686	58.6294	49.2424	40.9079	33.1707	33	
103	81.6837	65.8134	55.609	45.8173	38.611	33	
107	80.5858	55.8757	45.7041	36.8373	35.7722	35	
115	96.2029	78.6618	63.3235	49.6324	37.2382	32.6676	31	
121	97.6804	76.2516	56.0106	43.5993	38.1209	34.3879	34	
119	97.6962	78.042	58.8356	44.9551	40.0062	36	
122	95.438	71.7655	53.663	35.8389	33.228	31	
103	77.2979	64.0967	53.9667	47.0967	40.8193	35	
107	76.1371	63.8483	53.1712	43.582	35.8461	35	
109	94.0104	79.4936	65.6172	52.122	42.2408	35.6685	33	
120	97.4562	78.5466	59.7256	46.0162	37.0637	36	
115	95.182	76.525	58.813	44.503	39.643	35.863	34	
111	95.0199	80.5856	66.7266	54.3415	42.0284	38.1097	35	
109	92.9582	77.5187	63.3567	53.1185	43.6467	36	
120	101.488	85.3812	72.0262	58.9023	48.9727	39.8128	32	
102	82.0354	66.4511	52.3882	44.0658	38.141	33.5763	33	
111	89.0819	70.1536	56.0782	44.5097	37.6559	36	
108	87.9768	72.0522	58.3727	44.9804	36.235	36	
117	101.519	86.7303	72.5221	60.0735	48.3924	38.2651	36	
102	84.0488	66.5488	52.7763	40.6911	32.4709	32	
112	93.0928	77.4728	64.7005	53.0379	45.3117	38.6114	33	
105	86.5439	73.187	59.9062	48.3569	37.4545	36.0465	35	
111	91.692	73.8917	62.1899	51.1406	41.1266	32.3952	31	
120	93.093	69.0361	52.181	41.363	38.2065	36	
107	85.6429	66.9864	52.8769	40.8067	35.3228	34	
109	78.6503	55.9119	42.0214	37.5181	33.3954	32	
113	90.5746	74.6754	59.9277	47.3555	38.782	32	
105	90.0548	76.036	62.3876	49.9951	38.8376	34	
109	89.9144	74.2554	59.7519	48.1172	37.0802	33.7532	32	
114	95.7229	78.2836	61.351	47.0878	33.1169	33	
114	90.0195	68.2009	57.4159	46.8296	36.8398	31	
121	98.7101	78.9952	63.7661	48.5369	38.4026	34	
103	83.5497	68.178	55.7372	43.8293	39.9761	37.4142	36	
107	83.9231	63.3892	53.5587	44.6012	37.2758	32	
114	89.8901	70.2504	55.9847	44.8947	35.3191	34	
107	82.7059	59.3963	44.5218	34.2506	33.1064	33	
111	91.25	76.0838	62.587	49.9391	39.4416	32	
110	85.4127	64.9284	48.4851	37.5125	34.8082	34	
113	97.5923	82.9488	70.3761	58.0253	46.1922	38.4267	35	
115	96.1472	79.2362	65.0289	51.4362	40.0803	36.0983	36	
119	97.3331	79.6313	62.8503	48.3205	42.3346	36.8603	32	
104	78.3565	63.7431	52.965	44.1186	36.196	36	
108	87.5975	68.0777	55.0972	43.7843	35.8064	31	
101	83.5931	67.481	54.9174	43.5765	37.1509	36.5035	36	
104	82.4803	61.9584	47.4022	33.0196	32.0651	32	
108	88.81	70.7807	55.7328	45.9278	39.8046	34.4218	31	
109	88.0522	74.3886	61.0418	49.7309	40.4559	33.0133	31	
114	75.6408	50.3893	44.3366	38.5924	34.6986	32	
111	91.4567	72.6144	56.0451	43.9368	33.4642	31	
105	86.1041	68.5677	54.8764	45.9626	42.195	38.6994	36	
107	88.4576	74.8886	63.0591	52.2121	42.7157	35	
102	85.2757	72.3897	60.0521	49.2598	41.7077	38.4426	36	
120	99.0232	81.833	65.0841	49.125	43.9679	39.7633	36	
123	103.065	84.1026	65.1843	47.8351	40.8734	34	
122	94.5847	71.0499	57.0426	49.5972	42.5935	39.0602	36	
102	87.6432	75.0566	63.1034	53.6513	44.4915	39.1483	34	
109	87.5987	70.0486	54.4111	46.7862	40.402	36.9902	35	
113	93.3798	77.4708	62.3922	50.1685	42.9018	38.1265	34	
102	86.8788	72.1069	57.7842	44.4762	33.7467	32.4658	32	
104	83.9875	67.3679	51.6424	37.0749	33.0927	31	
101	76.9286	53.1429	42.0714	37.1429	35.8214	35	
120	94.6761	76.5544	58.7941	49.4751	40.4659	36.3872	36	
120	74.554	59.1005	51.1909	43.4641	37.4747	34	
123	106.17	90.7397	76.4055	62.1557	49.4404	41.6662	36	
113	90.5383	73.613	59.4897	48.1685	38.0449	34	
105	89.0914	75.8191	62.8398	49.8831	41.9287	35.3039	31	
106	85.5135	69.1408	55.4763	44.7679	36.6023	32.3644	31	
103	87.511	73.7627	60.498	49.2963	40.3349	37.2726	35	
120	90.2568	69.1751	52.0482	38.3533	37.2747	36.523	36	
109	91.2763	79.0975	67.0801	56.4136	49.2354	42.0975	35	
118	93.6383	71.5106	49.6312	38.6028	35.8014	33.6028	33	
123	96.2946	79.062	63.8114	50.1059	38.9871	32	
110	81.2616	61.8764	52.6411	44.6451	38.0654	36	
123	101.479	82.1418	65.1486	53.3492	41.9494	33.8523	33	
101	78.0224	61.7587	51.2152	41.108	37.6662	35	
105	81.969	65.1369	51.8106	40.1326	37.5091	36	
121	82.3702	53.5345	39.7995	36.5998	35.3902	35	
110	76.1485	53.357	43.2055	34.8315	31.316	31	
116	95.4463	75.7557	56.193	42.9913	35.7352	35	
103	82.9647	68.1229	55.6585	45.9871	39.3394	35	
118	90.8667	68.6333	47.1	39.5	37.0667	35.2	35	
118	101.409	85.7894	70.6023	55.5664	44.7215	35	
119	95.3957	74.2256	56.1536	46.7119	38.7209	34	
111	94.453	77.9832	62.1052	50.8337	39.8195	35.5477	33	
117	91.2181	75.9045	61.8605	50.4336	39.3694	31	
118	94.7403	78.4706	62.2611	50.9627	43.099	35.2654	34	
103	88.5423	76.6311	65.4614	54.8881	45.991	38.1094	33	
121	101.686	84.0167	66.5729	49.992	44.5062	39.1436	36	
105	87.7644	72.7026	61.8721	52.2255	42.7537	34	
108	84.4779	66.4779	51.4779	44.3628	40.0619	36.1062	36	
112	91.2037	73.5084	57.4828	49.958	42.7584	37.0118	33	
107	84.8659	68.9977	58.4189	49.6711	43.9748	39.0516	36	
112	85.4478	61.9334	51.8075	44.7757	39.319	36	
115	97.8939	80.7877	64.5878	53.9767	44.2719	36.4741	33	
123	91.386	64.7834	48.9137	39.8095	32.7935	32.1253	32	
106	87.3426	70.1182	55.4226	43.9022	34.3487	33.5339	33	
101	78.2918	56.976	45.6487	35.8209	34.482	34.1607	34	
108	82.5103	62.4107	43.0279	31.6107	31.1593	31	
117	92.724	70.2892	55.1627	40.6877	31.5382	31	
105	88.9082	73.1322	58.4794	47.7749	40.738	37.3688	36	
116	89.6998	65.0394	52.5779	44.1501	37.5586	31	
107	82.4812	60.4502	50.0076	40.187	36.0623	34	
101	79.0221	61.0138	51.9371	43.296	37.5595	32.5733	31	
107	91.2581	77.0985	63.7709	54.962	47.0829	39.8889	34	
111	81.5983	55.864	40.1997	36.7498	33.6418	31.373	31	
107	88.1201	69.9083	56.6206	45.931	38.7552	34.8951	32	
113	91.5234	75.7346	62.1643	49.4908	36.9116	35	
109	85.3758	63.604	54.6307	46.0182	39.0176	35	
103	83.6558	64.5674	51.8561	40.7444	32.7465	32	
113	80.902	57.0294	43.6954	37.7192	35.213	33.1567	32	
105	84.2823	65.8765	49.4046	39.0013	35.7113	35	
120	93.0312	66.9679	55.2804	44.159	35.0467	31	
104	86.222	69.2896	55.0318	44.5695	38.9844	33.6746	31	
123	100.988	80.9554	61.4309	48.0045	36.6642	33	
105	80.2703	63.8211	48.7147	41.9448	38.0004	35.2589	34	
121	97.2617	77.269	60.9473	46.6349	35.1006	32	
119	95.4446	74.6946	61.8301	52.9589	44.669	39.0834	36	
119	101.693	84.8148	69.5944	55.1752	41.6128	32	
111	90.8722	77.8279	65.3961	56.3324	47.7383	40.6548	34	
101	84.2513	70.8595	57.4677	45.1948	38.7653	35.5861	35	
107	91.558	76.337	61.1436	47.7735	37.0552	32	
102	80.1181	67.2239	56.1327	45.4786	37.8569	31	
120	100.587	81.4578	62.6333	43.9396	34.1788	32	
102	88.6799	77.4721	66.6666	55.9761	45.343	35.6152	33	
107	88.5394	71.9401	58.3036	45.1989	40.7737	37.3171	35	
102	81.3057	60.6419	48.69	38.9694	33.5284	32.6725	32	
108	89.9548	72.9133	55.8923	39.9568	35.9012	35	
105	81.0315	57.6882	49.1727	41.2229	36.4887	35.0595	35	
117	99.898	83.8282	70.6204	57.5769	46.0817	39.1376	34	
104	83.1443	67.8789	53.2823	43.9653	36.0579	33	
120	96.6994	74.1519	61.5601	49.2272	40.0717	36	
104	85.6565	70.8595	56.8113	48.7921	42.0931	38.1131	35	
115	90.0665	68.9982	55.4578	43.1047	36.764	33	
110	92.2308	76.4285	61.4882	49.4211	40.3817	36.1825	33	
119	95.3066	76.6457	59.1274	48.3008	39.3784	31	
113	93.5785	76.068	58.6532	50.1488	42.0744	34	
114	92.1365	74.0185	58.2696	46.6271	37.4215	36	
121	101.398	82.109	63.628	52.7278	42.2985	36.1531	34	
119	102.901	87.3082	75.2971	63.5393	51.7995	42.2847	34	
112	90.7115	75.2037	62.6442	50.2937	40.3111	33.2304	32	
118	97.3416	79.2389	61.6331	46.2043	39.5075	33.7336	33	
102	82.1377	67.6502	56.79	48.5399	40.4224	34.8928	31	
103	81.1933	61.3523	49.1283	42.6477	38.4092	35	
101	86.525	72.6317	59.8853	49.4006	39.6591	31	
123	104.995	89.2136	74.5298	60.2852	48.4558	37.148	31	
122	99.4477	79.9798	62.8805	46.0773	35.9362	34.1103	33	
123	100.357	82.97	69.1562	55.6426	42.2793	37.2943	33	
122	95.9787	77.4614	60.4288	51.3861	42.4244	39.1042	36	
110	85.1092	69.5358	55.7993	47.7597	39.8532	33.9966	32	
102	81.1837	62.9776	47.448	39.6832	36.346	34	
102	84.4632	69.6416	56.6238	45.7447	39.9983	36	
113	99.2921	85.6984	72.7085	59.9634	48.9808	39.63	34	
117	93.4446	76.5201	62.3964	50.092	43.0781	36.6386	33	
102	85.5492	72.0202	61.1121	50.7174	43.0498	36.4093	32	
113	94.0324	79.6599	67.4332	55.6316	46.2186	39.1741	33	
112	86.1622	65.5649	48.4985	39.615	37.5693	36.6445	36	
111	91.8149	77.3038	63.9465	50.6284	44.6832	39.3246	36	
122	103.292	85.1152	68.9354	56.3202	46.1826	37.3343	32	
107	91.3756	77.9675	65.7541	55.3797	46.1686	38.3878	31	
110	90.9402	72.1197	55.7143	45.1835	39.0913	34.6527	34	
118	96.6293	80.7342	65.7038	50.6955	42.7813	38.5913	35	
109	88.0226	70.0696	54.3472	45.7032	39.7403	35	
119	99.2083	84.4167	70.2731	56.2454	43.3981	34.0926	34	
107	86.4674	66.9186	48.1233	42.3256	36.9674	35.2093	35	
111	90.127	69.7709	51.8763	41.5628	37.1323	36.0985	36	
115	95.5351	77.8553	61.1004	48.5611	39.5276	35.5916	34	
103	85.5961	71.7124	59.6575	49.2545	43.2369	39.4414	36	
101	82.5364	64.2	48.8949	37.9779	33.2719	32	
101	83.7725	67.6766	56.4311	46.1557	36.4012	32	
110	86.3587	70.7661	55.5661	45.0214	36.1875	34	
104	86.8222	71.9395	57.2509	44.5044	39.5082	35.483	34	
110	91.8394	75.7193	62.7527	51.4928	43.4977	36.968	34	
103	81.737	65.7831	51.1763	42.856	36.9394	33.981	32	
118	94	74.9831	58.9407	46.1017	38.2966	31	
103	82.689	62.9717	47.6219	37.318	33.9894	31	
114	88.1965	68.0637	53.032	40.6051	32.845	31.2442	31	
117	101.264	87.2131	73.8774	60.637	47.4602	38.0027	36	
101	82.3347	65.2388	51.366	45.2563	39.2587	34.4383	32	
113	98.0924	83.4989	69.6491	57.1214	47.7339	39.6025	32	
121	92.793	75.0725	59.6825	46.4286	39.0491	34	
113	87.7039	65.3491	54.4986	45.0534	35.7063	31	
106	88.3971	75.0568	63.4999	55.4386	47.734	40.5109	35	
104	81.9611	61.9835	53.0763	45.5943	38.3413	36	
122	98.0657	77.2712	65.8411	54.8242	44.7712	35.875	31	
120	92.8068	76.2519	60.683	46.0406	38.54	36	
114	88.6874	67.1864	57.7715	48.4219	41.5806	35	
123	99.3998	83.2278	68.3989	53.7344	39.81	37.3705	36	
112	90.9568	70.6167	54.9472	42.7934	37.8214	34.8331	33	
109	91.5184	76.0832	61.8474	49.9755	42.69	36.463	32	
101	79.1727	61.9826	47.5377	40.4484	35.8644	32	
105	82.9514	68.5164	56.9939	45.5991	36.3505	34	
117	90.8745	67.2327	48.4051	38.746	34.5144	32.2146	32	
118	96.234	80.1407	64.7536	52.2637	41.9893	38.6051	36	
111	96.805	84.432	72.1252	59.835	48.0583	37.2754	36	
101	87.5367	75.4216	64.9585	55.7488	47.3555	40.2726	36	
117	92.4467	69.0565	55.41	46.3899	39.2049	36	
122	100.345	81.4964	67.4145	56.1877	46.4852	37.0005	31	
118	93.8126	71.3982	50.1213	42.4268	36.1709	35	
115	92.0274	74.4533	61.2493	48.4192	38.2066	35.7761	34	
109	76.5788	61.937	47.7135	39.1898	36.6275	36	
116	93.0189	71.375	50.5483	43.02	35.5908	32	
106	92.1537	79.2156	66.5289	53.8563	45.1517	36.7265	36	
123	97.2778	78.4722	62.4444	49.0556	38.9444	33	
119	98.0503	80.5139	67.776	56.2252	46.5542	39.7771	33	
117	81.9462	68.1324	54.3705	42.2185	35.2597	35	
123	98.613	81.7055	65.458	51.0646	37.1112	35.5085	34	
113	91.5036	72.7334	58.4265	46.846	40.549	35	
109	82.4485	65.4765	53.5989	46.1789	39.5617	33	
122	96.5766	79.266	62.963	49.7604	37.9789	34	
115	89.511	64.8766	46.0757	36.7124	34.5202	34	
123	91.6112	70.0467	53.0111	38.7625	36.7419	35	
121	92.7086	73.9266	61.5732	51.649	43.0875	36.4812	35	
117	96.6308	76.3167	58.4524	42.7902	36.3491	33.3212	32	
108	90.2832	73.963	61.3929	49.5497	42.2411	37.4579	33	
117	96.2813	79.498	62.8015	46.1629	31.897	31.0289	31	
119	94.4944	73.2562	53.6936	43.1374	33.9216	33	
102	75.7314	60.7826	51.0471	42.6941	34.7732	31	
108	72.4334	55.6646	40.8101	36.5605	33.3063	33	
115	90.1681	69.7848	54.7298	43.1181	38.3176	35	
123	100.016	80.007	62.7354	47.6608	36.8112	36	
114	97.74	81.9845	68.2663	54.7422	41.5479	34	
120	96.1285	77.5096	61.1641	48.6208	36.3911	34	
120	89.2309	68.1611	52.5636	45.5185	38.9649	36.9661	35	
123	102.375	82.3973	63.7363	48.2308	40.6034	37.1763	34	
110	91.0997	74.8753	62.9915	51.6976	45.4607	40.5934	36	
111	93.5621	78.0248	63.7977	49.7182	39.5323	33	
101	80.7924	64.0696	50.9591	40.101	36.2337	36.1062	36	
123	103.872	86.3011	68.7503	51.3411	37.1064	31	
123	100.698	79.857	63.9782	50.1669	40.9594	36.08	32	
104	88.5031	75.5807	63.2064	52.1941	43.64	36.8134	31	
101	80.3108	61.7538	52.3592	43.0279	35.85	33.2956	33	
119	99.0747	80.2857	65.2301	53.5428	43.2961	35.7074	31	
111	89.5551	74.0125	60.8307	47.8211	35.5739	34	
111	89.9695	69.6657	50.7493	37.0519	34.3653	33	
116	97.2386	80.4336	63.9044	50.8367	41.481	36.1385	32	
104	84.732	67.0508	54.1582	42.4274	37.1854	32.0283	32	
111	90.004	71.0148	56.9886	46.2856	40.6104	35.6689	35	
115	92.7708	72.781	58.1659	44.8001	37.6339	32	
103	84.6738	67.7394	52.052	38.9742	34.1027	31	
103	82.1579	62.5615	44.967	39.4951	35.469	33.3559	33	
114	86.5255	72.6032	59.9336	47.4063	37.0144	33	
113	89.1192	69.6195	55.8431	43.4595	33.3805	31	
117	90.7586	68.412	50.0431	42.7507	37.171	34.3259	33	
108	86.0165	71.1401	57.6321	44.1683	38.3634	34.6554	33	
120	96.0988	75.0947	61.2126	52.2316	44.1438	37.1424	32	
101	79.1359	60.3449	42.7269	37.5893	35.0791	34	
118	101.766	85.648	70.2296	55.1775	40.6916	35.8629	32	
117	99.053	83.6727	69.9167	56.1807	44.2896	36.2084	33	
117	99.4626	82.6314	66.1436	50.8008	44.6942	39.2746	35	
110	81.2248	58.8318	48.9818	41.1977	37.3242	35	
123	93.3935	73.0858	57.8016	45.0113	35.6769	35	
118	95.968	76.3101	57.4356	43.4282	38.9411	35	
121	97.8758	76.7361	60.0337	48.9264	40.1894	36	
120	91.0528	73.0441	61.9789	50.9453	41.8141	33	
117	95.6507	76.2006	56.8378	37.7152	33.0218	33	
114	93.6559	75.4582	60.1534	49.4914	40.2992	36.5663	34	
102	82.9952	65.4936	53.5395	41.9076	36.3958	35	
112	94.646	78.2994	63.5115	49.0276	40.5312	36.3305	35	
116	94.6654	74.0139	54.8338	46.61	38.4387	33	
121	96.6357	73.8045	54.9598	41.1608	37.8992	35.8921	35	
111	95.0807	81.5873	68.5865	55.8132	45.0866	38.7758	34	
114	93.5694	73.162	55.4539	39.4212	37.1175	35	
122	98.2167	83.5666	70.1835	59.4401	49.6998	41.7281	36	
122	95.7586	76.7508	58.7726	46.1799	34.96	31.5544	31	
116	89.6497	70.5526	54.0089	41.5944	36.0527	31	
122	101.709	85.8692	70.7129	56.4676	47.1502	38.6403	31	
123	98.8673	74.762	55.4998	38.9619	32.2752	32	
119	98.4374	82.845	67.7398	54.876	42.0609	31	
109	91.2922	74.2033	58.9909	45.0563	32.5191	32	
119	95.7279	79.07	64.0289	50.825	41.6387	35	
117	97.5769	79.6821	62.6487	47.2269	33.389	33	
118	96.7215	75.968	62.5205	50.8539	39.895	33	
104	79.9041	61.504	48.3293	42.1629	36.1946	33	
114	96.7923	79.9829	63.2685	52.4733	44.2015	36.4798	35	
102	85.7558	70.2812	57.298	45.4896	37.7118	32.8912	32	
109	90.6064	72.4255	57.552	49.1579	41.1699	36.0831	35	
109	86.1719	69.1007	55.148	44.9533	37.4772	32	
118	98.4535	79.3399	64.0991	52.5261	42.32	33.7997	32	
108	86.8735	66.3173	49.3431	37.9813	34.0572	31	
119	92.5214	71.8445	55.7594	43.1938	35.5499	35.0825	35	
114	91.5433	73.4881	57.1097	44.0548	33.0361	31.539	31	
102	80.4761	64.2651	54.1389	47.3275	40.5616	34	
109	93.6774	78.4939	66.2482	54.9611	43.7359	35	
115	91.6136	70.587	54.7522	41.5369	37.9971	35	
123	102.784	85.2164	68.7606	55.1351	46.5231	39.1038	35	
106	89.3239	73.5768	57.8297	47.7961	38.1806	34	
118	94.373	74.0097	58.9186	46.5054	34.7058	32	
109	83.4824	64.9939	49.961	38.354	31.886	31	
119	82.5334	61.5889	50.9097	40.8928	35.0978	31	
102	74.8769	59.4371	47.4876	40.9213	34.6211	34	
119	99.9553	81.1882	63.8088	48.7354	33.9394	33	
112	93.8098	76.8735	61.3103	49.7076	41.2693	33.5872	31	
114	92.3153	72.8739	53.5684	45.1845	37.2539	31.2039	31	
107	89.7643	73.9475	60.8362	51.244	43.9978	36.9218	31	
106	90.5128	79.8605	69.2715	59.1898	49.2983	41.4358	35	
107	87.9174	75.6657	63.5462	53.5422	44.4416	37.1038	31	
102	81.7152	67.3771	53.4151	43.7546	35.1282	34	
109	87.1606	66.2211	48.273	40.7581	34.4835	33	
101	77.4936	58.1432	49.3325	42.0844	38.9591	36	
109	89.3973	73.8219	61.6986	50.274	40.5753	34.4521	31	
118	99.1061	83.4876	68.0888	56.6646	45.4001	37.9904	31	
109	91.7089	76.4937	61.6449	47.2845	36.6363	35	
115	95.2559	75.7114	57.7395	44.2106	38.5944	35	
114	93.2794	75.4366	58.3229	49.2672	41.0557	35.2232	32	
104	82.2169	62.8434	44.2651	33.8072	32.5783	32	
110	88.0711	70.5381	55.5207	43.7559	37.1747	33.0328	31	
119	96.6744	76.4318	61.1564	50.2606	40.9138	36	
123	105.157	88.9356	74.0987	60.1917	48.9883	39.8396	34	
113	96.7932	82.2835	69.7762	58.3551	48.4104	38.89	32	
114	85.2307	67.0143	50.8709	36.2978	33.9736	33	
122	102.733	85.3646	72.32	60.3564	48.537	38.1109	31	
106	85.9953	67.0684	58.3936	49.8765	41.7274	36.4699	33	
105	82.2098	71.1163	62.4618	53.8335	46.1756	39.5929	36	
105	90.6328	77.0555	63.5422	50.6267	39.5258	35.5337	35	
107	81.7771	58.2126	45.7482	34.5678	32.8024	32	
119	92.5551	72.7824	58.0274	47.3952	38.5802	35	
104	86.3016	70.8561	57.6454	45.6602	36.4866	36	
123	97.975	79.1156	63.7181	52.2772	42.0562	36.583	32	
112	94.7466	77.7537	62.1939	49.761	38.4635	31.6514	31	
102	76.0392	51.5349	44.0237	39.4827	35.4843	32	
108	85.8077	64.8359	52.2785	43.1254	37.0554	35.546	35	
114	95.478	80.5565	66.4243	53.8709	42.3573	33	
108	88.5643	71.4545	54.7724	43.1431	35.7912	34	
116	83.5975	67.1702	52.8905	40.4947	32.4694	31	
101	82.9193	69.6756	57.9527	46.2932	37.8231	34	
115	94.1713	77.0989	62.4333	51.0967	40.345	32	
106	84.6094	67.8689	55.081	43.8211	35.1187	31	
108	89.8142	72.7188	61.2233	53.1099	46.5305	40.0435	34	
118	95.3672	73.5104	53.7875	46.8684	40.8222	35.0993	34	
105	81.9916	61.2115	49.5	41.7269	34.472	32.1919	31	
118	95.2688	74.2688	54.2849	41.8656	36.9731	34	
103	78.5074	63.5642	49.7705	40.5747	35.2695	33	
108	93.5953	79.8766	66.7708	54.3948	43.8577	33.7146	31	
110	85.5601	67.6963	50.412	37.8393	36.7055	36	
117	99.2832	83.1472	67.6681	56.6849	46.5639	38.7833	34	
116	97.1223	79.3394	62.45	48.6436	36.9372	32	
108	72.97	59.5741	47.8258	39.7667	34.9313	34	
115	95.4609	75.9418	56.9047	45.5386	41.5224	37.5864	36	
104	89.7428	76.0846	64.0524	53.5092	44.3866	37.8314	36	
106	90.1865	75.3054	60.6294	53.2448	46.0466	38.8671	34	
109	94.4824	81.2115	68.0063	55.6376	45.6639	36.7237	33	
111	90.9251	71.3912	57.5807	48.8389	43.2293	37.6767	35	
107	87.2864	68.2832	54.8448	46.4187	40.5776	35.1115	33	
115	95.3596	79.3756	66.968	58.1768	50.005	42.2727	35	
108	85.4914	70.1719	55.7182	46.1577	39.4201	35.0539	34	
117	85.241	63.2914	52.705	45.1295	39.6906	36	
120	90.9397	72.4081	55.418	44.5942	38.6903	34	
109	90.2261	74.5813	59.9159	45.577	32.653	32.2993	32	
122	101.919	83.1359	65.1237	47.6592	38.8966	32	
109	86.6831	70.8056	57.8636	45.9318	38.0404	34	
123	99.0821	77.9671	59.7671	44.7437	37.5684	32	
103	85.9664	69.8927	58.6358	49.4558	41.0612	36	
120	98.8918	78.251	65.6796	53.4034	41.9145	32	
121	99.3948	80.9758	63.757	46.8002	32.7459	31	
105	88.4846	72.5136	59.1924	46.4701	37.1779	36.0889	35	
109	89.0358	69.3893	55.8454	45.7045	40.1236	34.9737	33	
117	95.3473	80.8527	67.7083	54.7167	43.1007	35	
117	96.1337	77.2767	59.2777	43.3925	38.4742	35.7953	35	
117	97.024	82.3496	67.8318	53.5601	43.4938	36	
114	93.417	74.2582	56.0667	47.898	40.4548	35	
112	92.0349	78.8645	66.299	54.0826	46.3572	38.7481	32	
109	91.1802	76.5432	63.7381	51.9508	43.9939	39.9229	36	
113	90.4718	69.1663	49.2719	35.468	32.7402	31	
104	80.398	62.6652	55.1658	47.9673	42.0981	37.0567	35	
117	101.583	86.1994	71.5254	58.4195	46.0894	36.978	33	
107	84.5836	72.0613	60.6469	49.5675	40.9359	33	
106	84.9056	69.9259	56.6284	48.3242	41.4084	38.1508	35	
102	76.9474	52.4582	44.6563	37.3313	33.387	32.3034	32	
119	97.5894	79.8186	65.1952	51.5353	41.8791	37.3829	34	
120	101.449	83.955	68.001	55.3258	45.4894	36.7092	32	
116	97.0577	79.3482	61.6387	47.0823	34.0905	33	
121	99.1312	79.5381	60.2651	46.7882	35.516	32.8491	31	
111	89.4013	73.7095	59.8213	48.1878	38.4932	32	
111	85.9587	74.0841	63.8092	53.965	45.1051	37.7835	32	
121	99.9187	79.575	63.2037	48.8468	34.802	31	
103	84.1513	69.5057	55.6834	45.6308	35.9031	33	
123	99.1615	81.9008	66.5779	52.0198	41.7195	33.9433	33	
102	81.8375	63.2695	48.2505	40.2523	33.9773	33	
109	85.1009	68.1073	54.8667	45.0488	35.5012	34	
119	96.7261	77.8271	59.6728	49.2923	41.1461	33	
114	96.0678	78.6507	64.0951	49.8829	41.8707	36.4529	33	
111	88.5099	66.7381	48.3596	39.3438	36.1238	36	
115	93.9774	73.7312	60.0248	46.4079	41.3314	37.1508	33	
118	89.4675	73.5577	58.2615	46.2524	36.7416	31	
101	87.4116	75.6505	63.9943	53.0732	44.1053	35.2214	31	
104	86.4659	71.8254	59.1499	46.7336	39.219	33	
105	86.4367	69.1192	58.5916	48.1679	41.9386	36	
111	93.6022	76.4993	60.4653	48.9651	42.5515	37.3911	34	
123	105.849	88.8828	72.8997	56.9166	44.1783	35.0185	35	
118	81.0204	58.2673	48.2814	38.8884	34.4654	31	
112	92.3892	74.3398	56.8344	48.129	40.5118	35	
123	100.737	80.5743	63.7766	49.5964	38.0911	33	
109	88.3981	68.1049	48.8148	41.536	37.5751	34	
102	65.6916	53.6812	41.8094	31.5543	31.1386	31	
121	104.432	89.3204	75.094	61.631	48.2548	41.5927	35	
107	90.1449	76.2611	63.5937	52.664	43.4197	36	
122	102.159	82.7247	67.4425	52.4405	37.6423	34	
106	87.2338	70.1482	54.5277	40.1999	31.5386	31	
101	79.2727	59.6591	49.0455	41.2273	37.5227	33.9318	32	
108	93.4187	79.1029	65.5051	52.4382	43.7737	37.9038	35	
120	100.389	83.1178	68.2277	55.0123	42.503	33.9685	33	
116	95.3741	76.3475	62.1741	49.407	40.0591	36.2538	33	
121	105.134	90.5582	76.3901	62.8912	50.0126	37.3788	34	
113	95.505	80.4839	67.4383	54.5528	41.9344	33	
108	91.7115	76.7601	63.3022	53.2825	43.5233	34.4934	33	
119	96.6266	75.0709	54.4566	36.3944	34.0654	33	
104	78.8556	54.9864	42.8229	37.3951	34.6812	32	
123	93.6667	73.695	59.8085	48.1376	39.1191	35	
110	86.7477	68.2614	55.2873	44.3111	35.0198	31	
104	84.5628	67.7522	51.4039	37.1989	33.2484	31.8826	31	
110	91.2241	72.8488	55.1412	42.5349	36.2317	34.3354	33	
120	94.716	73.2727	58.5504	44.7882	36.0402	35	
103	83.6466	65.4887	50.9398	41.985	34.406	31.6541	31	
101	88.7386	76.583	65.1681	55.3272	46.1873	38.2379	33	
117	95.192	74.5232	60.1318	46.3914	35.9059	33.674	32	
107	90.0062	76.8481	64.9111	53.5762	44.4085	39.0248	35	
105	83.9787	63.3253	54.3722	47.5286	43.0889	39.5322	36	
116	90.2856	75.298	62.2173	49.375	40.5552	36.7115	34	
117	95.0378	75.6359	60.0158	44.4191	35.1174	35	
113	97.4267	83.0816	69.4294	56.1079	45.6522	36.0941	32	
105	87.7835	70.6786	55.6282	45.5126	40.6223	36.6029	36	
119	93.1204	72.6769	56.415	42.7086	34.9493	31.8363	31	
122	102.937	85.3634	70.5709	56.3567	43.6106	33	
121	96.2482	76.9771	60.6106	46.9718	40.2787	35.7577	35	
104	89.3043	75.5478	62.7304	50.6261	41.7565	35.4957	34	
113	96.3502	82.571	69.2839	56.0789	46.1751	38.2192	35	
101	84.5493	71.0845	58.3709	48.6995	39.723	33	
106	84.8321	63.9749	48.6429	34.1395	33.4834	33	
114	81.8535	64.0524	54.971	47.939	41.7508	36.9288	35	
118	95.2299	74.7555	56.3905	42.5237	37.25	33.7135	33	
113	95.1056	80.5144	66.7982	55.6415	45.0098	35.3188	33	
122	104.882	87.8936	71.3143	54.9953	45.5161	37.654	31	
119	100.047	81.4371	65.9633	52.4581	42.0201	36	
105	83.1283	64.239	48.8404	39.6941	36.1813	33	
114	90.7519	68.0462	55.681	43.605	38.254	35	
108	89.2316	70.8658	53.4585	43.528	35.7446	34.8244	34	
109	88.5739	69.3546	50.5152	41.4419	37.6427	34.2905	34	
113	88.2269	68.3148	48.6627	40.8902	36.965	33.2997	32	
115	94.404	78.2573	62.6327	51.353	45.9847	40.8461	36	
104	82.7593	69.9377	58.5063	47.3067	40.3295	35.3862	35	
108	86.7289	67.1976	49.0975	40.2017	34.4771	34	
120	97.3116	76.8361	59.2258	47.7186	42.2677	37.7254	35	
103	84.706	68.9676	56.2655	45.3852	35.9726	33.923	32	
117	95.1961	81.7858	69.1097	58.5136	49.1411	42.2647	36	
123	101.942	82.0922	64.0886	46.298	36.3906	36	
108	87.2724	69.6023	54.9053	44.4466	39.3437	35.8434	35	
118	101.817	85.857	71.0323	56.8268	46.336	36	
118	99.2122	82.7589	66.528	55.8334	45.3389	37.6236	35	
115	86.3108	60.82	41.0154	34.3923	31.2262	31	
106	87.5234	72.4614	61.1416	52.6751	44.7699	37.6131	32	
109	92.3825	79.1031	66.506	54.8104	43.6509	36.731	36	
113	95.4774	78.7647	62.9805	50.1398	40.3216	34.3358	34	
112	85.9476	64	42.3037	34.9599	32.9494	32.3351	32	
120	77.7326	61.9711	47.7192	34.9768	34.4884	34	
120	96.8697	78.8586	62.8845	51.0379	41.7375	33	
116	94.8986	75.9115	60.9825	47.164	38.2151	32	
119	95.7665	72.8883	54.4152	43.1655	36.0368	34	
120	91.7351	65.0232	51.5741	40.7961	36.2613	33	
112	77.1319	52.2141	44.2876	37.4573	35.0541	34	
117	94.7887	74.9455	58.9689	44.1315	37.9267	34	
101	77.4087	59.6062	49.6157	40.1231	35.6103	32	
123	103.516	86.8339	72.8882	59.45	49.5204	40.0761	32	
103	86.5615	70.4715	54.9818	44.3326	37.7107	35.9294	35	
113	93.9116	76.8116	62.0558	48.0535	38.6558	33.507	32	
122	94.3029	77.777	63.5591	51.2185	40.4782	33	
111	94.3224	79.5202	67.1212	55.3595	45.4549	38.4453	32	
108	82.3143	66.8857	51.8571	40.2	34.1143	34	
113	95.3955	77.9848	63.0589	51.8865	40.7669	34	
119	95.0075	76.3134	60.4925	46.6493	36.5373	34	
116	95.5843	75.9169	56.6128	41.7981	38.5914	36.0261	35	
117	94.247	75.9932	59.7444	44.7311	37.2011	33.6809	31	
102	83.4791	67.7363	52.6881	43.5434	37.7942	36.6367	36	
111	90.3602	71.8256	57.7286	44.4985	37.0062	31	
106	88.1994	71.3458	56.5023	42.5091	37.1361	33	
108	86.2398	68.8317	58.411	49.9971	41.5832	35.2244	33	
123	100.491	80.7705	61.5524	43.6597	32.8053	31	
118	96.2053	75.4337	58.3982	43.1197	35.5138	32	
106	87.7236	70.896	57.9465	46.9138	38.4443	31	
115	90.0898	74.087	61.147	50.2998	40.9074	35.7008	32	
106	88.1308	73.885	59.7728	46.0419	36.5447	35	
105	89.3033	74.093	61.1278	48.2561	40.0804	35.3283	34	
105	85.122	69.5191	55.1965	42.8921	31.4991	31	
121	92.5549	64.1575	53.7879	46.9858	40.5642	37.187	34	
101	83.3763	67.3807	52.6468	44.1199	38.5438	36	
101	78.2933	56.8791	42.1918	32.9975	31.5875	31	
106	90.1964	74.4762	59.2061	46.5533	38.1347	32	
121	92.3227	66.3827	49.832	37.4826	35.9867	35	
102	79.3205	62.5009	48.5744	36.8546	32.4904	32	
115	96.5674	79.115	62.7281	49.772	40.8434	32	
103	88.2543	75.8553	63.6665	52.5109	44.2449	36.767	34	
104	85.4442	67.7819	51.1504	40.6125	36.9243	35	
123	100.591	78.3701	59.8026	44.6623	36.9039	36	
112	94.0403	76.5005	59.5264	44.049	39.6686	37.5331	36	
123	98.9088	76.7408	64.4928	53.0882	42.561	33.0122	32	
108	89.4898	72.1837	60.3265	50.1224	40	32	
113	93.4364	77.7898	65.826	55.6929	46.7946	39.2161	33	
123	100.417	81.2153	65.1974	50.7838	41.4791	36	
107	84.7846	66.5066	51.741	42.9488	36.2372	34	
117	78.6884	62.4278	48.6657	40.0595	36.0142	33	
102	86.0423	71.1472	59.1159	49.48	40.7807	35.1433	33	
110	88.6618	71.6109	56.2848	47.3651	40.121	36.4003	33	
117	90.4375	66.25	50.8438	41.6562	36.4688	33.5312	32	
123	104.408	85.9368	69.6539	59.0329	48.9338	39.6781	35	
104	91.41	79.215	67.1428	56.9236	48.4485	40.6546	35	
110	87.8291	67.616	58.2503	50.1545	42.9317	36.4498	36	
119	97.4193	80.1051	65.8835	54.5514	44.0771	37.5532	32	
114	87.7732	66.6547	49.2045	41.7993	34.4626	31	
106	85.8883	66.4804	52.8648	40.2547	35.8503	34	
116	95.2868	75.3231	56.7749	39.2467	35.6453	35.1874	35	
101	79.3816	60.6209	51.4806	43.2564	37.2574	34.0288	32	
103	84.823	75.4511	66.7876	58.4683	50.2299	42.113	36	
107	91.6687	77.7579	64.1239	52.464	41.2284	35.3615	33	
109	93.2338	78.0465	64.5108	53.1544	44.2157	35.9921	34	
110	83.6471	65.3077	51.8145	40.7919	36.1674	33	
116	96.0461	76.9121	60.007	45.3517	33.619	32	
110	88.0665	68.2053	51.371	38.3087	34.723	33	
118	98.393	80.491	65.1464	53.8636	44.737	36.5131	32	
103	87.1939	73.7676	60.8718	50.5971	43.2488	38.5696	35	
116	94.8311	74.3651	59.9552	46.1129	40.138	35.3527	31	
106	87.0476	68.4865	54.7918	42.0998	33.8586	32	
108	88.4334	71.6058	57.6207	47.9516	39.8179	36	
106	85.0514	64.9146	51.7456	39.4561	34.5403	32.6236	31	
119	89.8187	64.253	50.7503	39.8393	35.7757	32	
101	84.0774	69.0859	54.632	42.6069	36.1564	32.3737	31	
122	95.6619	70.7069	54.5414	38.5296	32.1986	31	
101	84.0123	67.6036	52.8954	40.5933	33.7549	32	
112	90.9961	73.4326	60.4565	50.3899	42.6594	35.6935	31	
118	91.6476	68.9262	56.5301	45.1835	36.5318	35	
118	96.822	77.4356	62.023	48.2182	42.361	38.0197	34	
108	84.4601	61.7859	45.6999	40.6746	36.8995	35	
109	85.878	64.3887	55.697	47.1973	40.1142	35	
116	94.9047	77.3639	62.4816	49.7089	40.8951	36.416	35	
117	90.6428	65.0156	50.3768	40.0091	34.3507	33	
123	97.0333	72.0526	52.3311	43.9046	39.273	36.255	35	
119	95.5362	79.2815	66.8015	54.5255	46.3642	38.7129	33	
119	99.4586	81.0396	66.4086	53.2007	42.478	35.4431	34	
119	90.0198	74.7558	60.1595	47.5963	35.7008	33	
116	85.9261	62.8066	45.7452	37.709	35.36	34.5873	34	
111	90.5275	72.6815	54.8846	37.6769	33.9211	31	
109	83.7362	66.3003	53.9228	43.0147	35.9499	34	
103	85.1723	69.1408	55.3097	42.8931	39.3455	37.5493	36	
104	82.7289	66.4023	50.3324	40.3032	34.3557	32.4898	32	
121	103.009	85.5335	68.1375	52.5663	39.5342	34.4959	34	
106	81.8696	64.6192	55.1592	48.2034	41.7029	36.1129	35	
113	91.2167	74.1783	58.7359	43.5955	33.6312	31.6039	31	
119	94.2218	71.2248	54.1299	41.5281	33.5257	32.1698	31	
105	86.5863	73.691	61.1939	50.5174	41.1683	35.5171	34	
120	92.1305	71.2979	61.1997	51.4593	41.9574	35.6759	35	
121	92.9936	71.1169	56.4267	42.5468	37.2978	34.3739	33	
114	94.0829	75.4307	58.9117	43.2855	34.8276	32	
106	82.3514	69.5135	57.1342	45.8407	35.416	31	
28	13.44	13.44	20.16	14.56	30.24	21.28	25.76	26.88	16.8	32.48	29.12	24.64	19.04	23.52	16.8	15.68	21.28	28	30.24	25.76	23.52	29.12	26.88	12.32	28	19.04	15.68	23.52	33.6	24.64	15.68	20.16	12.32	13.44	31.36	33.6	33.6	26.88	32.48	16.8	32.48	15.68	26.88	19.04	21.28	26.88	29.12	28	29.12	11.2	17.92	26.88	30.24	23.52	29.12	29.12	33.6	12.32	17.92	31.36	13.44	19.04	22.4	24.64	11.2	31.36	12.32	25.76	17.92	15.68	28	33.6	29.12	16.8	31.36	32.48	21.28	14.56	32.48	23.52	30.24	32.48	32.48	31.36	20.16	29.12	30.24	30.24	21.28	32.48	28	28	11.2	16.8	30.24	33.6	19.04	23.52	22.4	26.88	15.68	11.2	15.68	19.04	31.36	31.36	23.52	20.16	30.24	31.36	33.6	21.28	28	14.56	11.2	17.92	19.04	20.16	13.44	19.04	19.04	21.28	19.04	14.56	15.68	16.8	20.16	33.6	20.16	23.52	25.76	11.2	11.2	31.36	22.4	32.48	14.56	11.2	25.76	12.32	11.2	32.48	26.88	20.16	25.76	11.2	24.64	17.92	11.2	20.16	31.36	21.28	22.4	21.28	25.76	26.88	16.8	21.28	15.68	32.48	23.52	16.8	20.16	26.88	17.92	20.16	19.04	20.16	22.4	23.52	32.48	19.04	28	24.64	21.28	16.8	26.88	20.16	15.68	20.16	23.52	22.4	15.68	22.4	20.16	11.2	28	23.52	17.92	26.88	17.92	30.24	25.76	12.32	17.92	13.44	28	21.28	31.36	28	29.12	17.92	19.04	28	24.64	22.4	28	17.92	15.68	28	30.24	17.92	24.64	13.44	22.4	16.8	13.44	14.56	14.56	26.88	13.44	17.92	31.36	13.44	13.44	21.28	33.6	23.52	13.44	22.4	24.64	13.44	32.48	20.16	28	20.16	26.88	12.32	22.4	22.4	29.12	25.76	32.48	29.12	26.88	20.16	20.16	21.28	24.64	30.24	14.56	15.68	12.32	23.52	33.6	22.4	23.52	19.04	13.44	32.48	22.4	28	17.92	25.76	24.64	21.28	24.64	19.04	32.48	17.92	11.2	21.28	13.44	28	25.76	25.76	21.28	11.2	16.8	28	22.4	22.4	11.2	24.64	24.64	13.44	31.36	26.88	25.76	30.24	23.52	31.36	32.48	26.88	20.16	23.52	31.36	13.44	22.4	16.8	19.04	33.6	22.4	26.88	16.8	12.32	33.6	24.64	26.88	12.32	23.52	15.68	24.64	15.68	28	22.4	28	28	25.76	22.4	20.16	26.88	16.8	15.68	17.92	24.64	13.44	33.6	16.8	17.92	15.68	19.04	26.88	11.2	12.32	19.04	21.28	22.4	21.28	19.04	33.6	26.88	32.48	32.48	16.8	11.2	26.88	17.92	20.16	31.36	23.52	13.44	23.52	31.36	24.64	28	32.48	32.48	14.56	28	16.8	20.16	32.48	33.6	26.88	12.32	17.92	33.6	19.04	17.92	24.64	13.44	26.88	29.12	25.76	13.44	11.2	12.32	28	13.44	29.12	21.28	17.92	19.04	32.48	11.2	13.44	14.56	11.2	24.64	23.52	26.88	15.68	26.88	20.16	17.92	21.28	16.8	19.04	30.24	17.92	24.64	25.76	26.88	17.92	15.68	11.2	13.44	20.16	15.68	15.68	16.8	19.04	11.2	20.16	20.16	15.68	26.88	23.52	33.6	21.28	31.36	11.2	17.92	22.4	26.88	11.2	16.8	23.52	31.36	15.68	31.36	28	33.6	22.4	33.6	22.4	20.16	29.12	21.28	11.2	13.44	25.76	29.12	24.64	29.12	29.12	16.8	20.16	19.04	31.36	30.24	17.92	21.28	30.24	33.6	23.52	24.64	25.76	24.64	11.2	12.32	22.4	32.48	28	23.52	28	33.6	32.48	19.04	15.68	30.24	17.92	28	21.28	24.64	23.52	28	31.36	25.76	33.6	28	15.68	12.32	11.2	30.24	31.36	16.8	11.2	11.2	32.48	16.8	33.6	19.04	17.92	15.68	31.36	19.04	32.48	24.64	24.64	13.44	19.04	21.28	14.56	25.76	21.28	11.2	25.76	16.8	29.12	30.24	21.28	21.28	33.6	16.8	16.8	30.24	22.4	32.48	17.92	24.64	16.8	11.2	33.6	22.4	29.12	16.8	14.56	26.88	16.8	24.64	14.56	31.36	32.48	31.36	26.88	20.16	11.2	17.92	30.24	12.32	31.36	16.8	24.64	22.4	25.76	22.4	17.92	30.24	21.28	17.92	22.4	30.24	21.28	28	31.36	31.36	15.68	14.56	32.48	11.2	14.56	22.4	11.2	15.68	21.28	26.88	23.52	25.76	21.28	25.76	23.52	23.52	15.68	16.8	21.28	12.32	33.6	23.52	32.48	25.76	22.4	17.92	24.64	29.12	13.44	30.24	25.76	14.56	17.92	25.76	14.56	25.76	30.24	25.76	33.6	32.48	30.24	29.12	24.64	33.6	11.2	12.32	11.2	21.28	19.04	17.92	30.24	14.56	33.6	24.64	21.28	11.2	21.28	19.04	32.48	14.56	32.48	24.64	24.64	13.44	24.64	11.2	29.12	29.12	14.56	14.56	20.16	15.68	33.6	23.52	12.32	33.6	13.44	32.48	15.68	29.12	23.52	20.16	19.04	15.68	33.6	25.76	22.4	13.44	24.64	13.44	32.48	24.64	30.24	21.28	22.4	33.6	24.64	14.56	30.24	19.04	11.2	17.92	21.28	16.8	13.44	33.6	30.24	12.32	24.64	26.88	14.56	12.32	28	30.24	21.28	13.44	17.92	33.6	31.36	11.2	30.24	25.76	28	26.88	19.04	26.88	13.44	11.2	23.52	23.52	24.64	29.12	14.56	13.44	25.76	31.36	24.64	29.12	24.64	32.48	20.16	25.76	32.48	24.64	11.2	30.24	29.12	28	22.4	16.8	22.4	22.4	23.52	21.28	26.88	17.92	20.16	13.44	19.04	25.76	26.88	25.76	21.28	20.16	30.24	17.92	22.4	33.6	11.2	21.28	28	11.2	25.76	24.64	13.44	32.48	19.04	22.4	16.8	33.6	22.4	24.64	21.28	13.44	29.12	17.92	12.32	29.12	11.2	12.32	30.24	14.56	16.8	22.4	25.76	14.56	24.64	20.16	19.04	32.48	28	26.88	14.56	24.64	26.88	12.32	21.28	20.16	12.32	14.56	14.56	20.16	23.52	23.52	31.36	15.68	28	12.32	14.56	23.52	14.56	12.32	23.52	33.6	21.28	23.52	25.76	24.64	15.68	30.24	26.88	26.88	26.88	13.44	17.92	29.12	15.68	14.56	21.28	25.76	26.88	32.48	17.92	25.76	28	20.16	19.04	16.8	15.68	31.36	32.48	30.24	16.8	16.8	22.4	17.92	22.4	26.88	33.6	30.24	21.28	25.76	15.68	16.8	32.48	20.16	24.64	31.36	20.16	25.76	25.76	33.6	25.76	24.64	25.76	17.92	14.56	14.56	16.8	13.44	31.36	13.44	11.2	17.92	11.2	24.64	28	23.52	16.8	26.88	25.76	21.28	32.48	21.28	28	22.4	25.76	28	31.36	30.24	15.68	24.64	28	29.12	15.68	26.88	30.24	29.12	16.8	22.4	15.68	32.48	31.36	19.04	21.28	30.24	13.44	30.24	30.24	11.2	14.56	31.36	13.44	17.92	30.24	21.28	20.16	28	21.28	19.04	28	22.4	19.04	32.48	31.36	32.48	11.2	24.64	24.64	23.52	19.04	24.64	14.56	32.48	23.52	13.44	25.76	19.04	28	33.6	29.12	33.6	30.24	25.76	16.8	25.76	24.64	22.4	32.48	25.76	19.04	19.04	30.24	29.12	31.36	16.8	28	17.92	16.8	17.92	16.8	19.04	26.88	33.6	26.88	33.6	26.88	28	29.12	15.68	17.92	15.68	33.6	15.68	17.92	11.2	24.64	12.32	31.36	24.64	31.36	15.68	29.12	17.92	29.12	28	13.44	31.36	25.76	15.68	12.32	25.76	11.2	31.36	24.64	16.8	16.8	15.68	14.56	17.92	32.48	20.16	32.48	23.52	16.8	23.52	12.32	29.12	14.56	30.24	25.76	24.64	31.36	15.68	16.8	24.64	20.16	19.04	25.76	32.48	29.12	11.2	19.04	28	22.4	20.16	12.32	12.32	32.48	31.36	26.88	
22.4	13.44	16.8	24.64	29.12	21.28	31.36	11.2	28	11.2	21.28	12.32	21.28	29.12	15.68	21.28	24.64	16.8	15.68	16.8	30.24	22.4	24.64	31.36	15.68	14.56	30.24	25.76	33.6	21.28	23.52	33.6	33.6	24.64	20.16	32.48	32.48	23.52	23.52	16.8	25.76	19.04	24.64	20.16	29.12	21.28	26.88	24.64	22.4	30.24	14.56	12.32	30.24	30.24	12.32	33.6	22.4	11.2	13.44	12.32	25.76	16.8	19.04	11.2	12.32	26.88	17.92	20.16	33.6	11.2	28	16.8	12.32	11.2	22.4	23.52	20.16	17.92	11.2	22.4	32.48	20.16	33.6	14.56	25.76	21.28	16.8	16.8	12.32	19.04	11.2	25.76	30.24	19.04	30.24	32.48	30.24	22.4	15.68	32.48	26.88	14.56	21.28	24.64	28	14.56	28	21.28	30.24	23.52	31.36	17.92	21.28	16.8	28	17.92	32.48	22.4	30.24	22.4	12.32	16.8	14.56	21.28	19.04	25.76	13.44	23.52	12.32	23.52	16.8	22.4	23.52	28	17.92	29.12	20.16	13.44	24.64	31.36	25.76	31.36	13.44	33.6	24.64	16.8	19.04	22.4	12.32	28	33.6	28	19.04	22.4	28	11.2	33.6	22.4	16.8	22.4	30.24	29.12	33.6	31.36	24.64	33.6	29.12	23.52	11.2	28	25.76	22.4	15.68	32.48	26.88	31.36	16.8	24.64	25.76	31.36	25.76	32.48	33.6	14.56	21.28	17.92	15.68	30.24	32.48	21.28	20.16	32.48	13.44	14.56	15.68	15.68	13.44	17.92	17.92	14.56	15.68	16.8	13.44	13.44	21.28	33.6	28	14.56	31.36	13.44	23.52	12.32	31.36	32.48	19.04	15.68	16.8	16.8	22.4	32.48	32.48	13.44	30.24	22.4	21.28	33.6	30.24	15.68	26.88	21.28	17.92	25.76	20.16	13.44	14.56	24.64	12.32	11.2	13.44	26.88	31.36	23.52	24.64	28	20.16	32.48	13.44	33.6	22.4	28	22.4	12.32	25.76	15.68	21.28	15.68	26.88	31.36	26.88	20.16	24.64	31.36	26.88	26.88	11.2	11.2	16.8	26.88	17.92	31.36	20.16	33.6	29.12	24.64	14.56	30.24	19.04	22.4	16.8	21.28	25.76	24.64	29.12	30.24	33.6	30.24	13.44	17.92	24.64	19.04	17.92	26.88	21.28	30.24	29.12	12.32	16.8	25.76	32.48	16.8	12.32	15.68	20.16	31.36	13.44	22.4	13.44	26.88	19.04	24.64	20.16	22.4	11.2	28	26.88	15.68	32.48	14.56	24.64	21.28	12.32	29.12	20.16	28	11.2	33.6	33.6	14.56	22.4	28	22.4	19.04	12.32	11.2	28	24.64	31.36	24.64	11.2	30.24	33.6	21.28	11.2	13.44	31.36	26.88	33.6	11.2	15.68	12.32	11.2	24.64	12.32	19.04	20.16	11.2	11.2	13.44	17.92	16.8	32.48	23.52	33.6	33.6	15.68	21.28	29.12	29.12	21.28	25.76	25.76	26.88	21.28	17.92	11.2	19.04	24.64	15.68	15.68	22.4	15.68	28	25.76	11.2	14.56	15.68	22.4	24.64	12.32	33.6	20.16	23.52	19.04	26.88	12.32	15.68	21.28	12.32	29.12	23.52	30.24	11.2	15.68	15.68	14.56	20.16	16.8	28	12.32	16.8	24.64	22.4	32.48	30.24	15.68	16.8	24.64	29.12	25.76	24.64	30.24	22.4	24.64	24.64	19.04	11.2	15.68	13.44	11.2	26.88	20.16	29.12	23.52	31.36	14.56	23.52	25.76	14.56	15.68	15.68	25.76	21.28	11.2	16.8	26.88	30.24	25.76	14.56	26.88	31.36	19.04	22.4	30.24	21.28	20.16	21.28	21.28	17.92	28	20.16	22.4	31.36	29.12	14.56	33.6	23.52	21.28	19.04	30.24	31.36	33.6	30.24	19.04	15.68	11.2	26.88	16.8	12.32	12.32	28	33.6	23.52	14.56	33.6	20.16	21.28	23.52	11.2	31.36	21.28	25.76	19.04	24.64	17.92	25.76	26.88	24.64	29.12	14.56	26.88	13.44	11.2	21.28	25.76	30.24	25.76	28	25.76	24.64	14.56	12.32	23.52	33.6	24.64	23.52	13.44	25.76	20.16	16.8	31.36	26.88	22.4	15.68	15.68	20.16	17.92	28	21.28	28	12.32	13.44	26.88	20.16	21.28	16.8	33.6	23.52	33.6	20.16	33.6	28	24.64	24.64	21.28	23.52	15.68	31.36	16.8	33.6	16.8	29.12	24.64	24.64	21.28	15.68	30.24	33.6	11.2	11.2	23.52	11.2	24.64	33.6	28	12.32	32.48	16.8	12.32	26.88	19.04	21.28	17.92	20.16	22.4	31.36	30.24	11.2	30.24	31.36	28	23.52	16.8	19.04	11.2	28	15.68	24.64	22.4	17.92	17.92	20.16	12.32	32.48	25.76	22.4	25.76	19.04	20.16	28	24.64	26.88	33.6	15.68	12.32	13.44	33.6	28	24.64	17.92	11.2	32.48	23.52	20.16	12.32	22.4	23.52	31.36	17.92	12.32	28	33.6	29.12	29.12	12.32	25.76	22.4	24.64	22.4	19.04	29.12	28	16.8	26.88	19.04	12.32	24.64	22.4	28	13.44	24.64	21.28	31.36	32.48	26.88	32.48	21.28	16.8	22.4	16.8	20.16	12.32	22.4	23.52	22.4	28	11.2	20.16	16.8	26.88	14.56	11.2	28	19.04	13.44	22.4	28	12.32	29.12	20.16	19.04	15.68	31.36	17.92	15.68	23.52	19.04	26.88	11.2	32.48	15.68	31.36	31.36	17.92	13.44	33.6	20.16	33.6	28	22.4	23.52	29.12	32.48	24.64	26.88	30.24	29.12	20.16	16.8	26.88	19.04	16.8	30.24	15.68	26.88	22.4	22.4	20.16	14.56	11.2	12.32	12.32	15.68	15.68	21.28	29.12	32.48	16.8	31.36	17.92	33.6	33.6	26.88	32.48	32.48	32.48	26.88	32.48	31.36	19.04	15.68	32.48	16.8	22.4	32.48	12.32	30.24	20.16	21.28	26.88	30.24	13.44	32.48	13.44	29.12	12.32	28	15.68	30.24	32.48	30.24	28	32.48	20.16	21.28	19.04	24.64	32.48	13.44	24.64	25.76	11.2	13.44	12.32	14.56	15.68	32.48	12.32	20.16	22.4	14.56	25.76	11.2	24.64	19.04	24.64	17.92	16.8	13.44	21.28	24.64	28	32.48	24.64	28	25.76	29.12	24.64	25.76	15.68	17.92	20.16	15.68	32.48	26.88	21.28	13.44	23.52	15.68	11.2	12.32	28	29.12	30.24	16.8	30.24	21.28	25.76	32.48	23.52	29.12	17.92	15.68	15.68	24.64	16.8	25.76	17.92	21.28	11.2	32.48	20.16	25.76	26.88	20.16	29.12	16.8	23.52	26.88	32.48	15.68	13.44	33.6	31.36	24.64	26.88	16.8	30.24	24.64	13.44	29.12	33.6	30.24	32.48	22.4	13.44	30.24	25.76	32.48	29.12	19.04	12.32	20.16	16.8	33.6	20.16	14.56	20.16	24.64	25.76	23.52	11.2	24.64	20.16	26.88	21.28	25.76	24.64	21.28	14.56	31.36	28	16.8	28	15.68	19.04	30.24	17.92	13.44	11.2	25.76	11.2	29.12	20.16	21.28	29.12	16.8	20.16	33.6	15.68	17.92	15.68	22.4	30.24	15.68	21.28	28	16.8	32.48	21.28	33.6	25.76	11.2	22.4	21.28	13.44	28	21.28	11.2	32.48	19.04	32.48	29.12	21.28	17.92	30.24	15.68	15.68	22.4	14.56	30.24	31.36	22.4	33.6	19.04	19.04	12.32	14.56	17.92	33.6	11.2	12.32	30.24	22.4	32.48	19.04	15.68	16.8	31.36	32.48	26.88	24.64	31.36	28	22.4	26.88	25.76	29.12	11.2	29.12	33.6	16.8	23.52	30.24	16.8	13.44	23.52	19.04	15.68	26.88	21.28	14.56	23.52	13.44	25.76	33.6	26.88	22.4	32.48	32.48	16.8	11.2	20.16	17.92	31.36	13.44	33.6	29.12	29.12	31.36	28	22.4	30.24	20.16	25.76	26.88	28	17.92	29.12	22.4	16.8	13.44	30.24	30.24	22.4	17.92	20.16	26.88	17.92	20.16	14.56	
22.4	12.32	17.92	30.24	32.48	15.68	12.32	22.4	22.4	12.32	21.28	23.52	26.88	25.76	12.32	
18	16	18	20	19	15	19	12	12	18	17	10	19	19	12	14	18	14	13	19	11	15	14	20	11	13	17	16	17	15	13	18	19	19	17	11	12	17	13	15	11	16	14	15	15	13	17	11	11	17	17	10	15	12	13	19	16	15	12	17	20	11	19	20	14	10	20	16	16	17	17	14	10	10	12	19	16	16	11	17	19	12	16	17	17	13	17	15	13	11	19	17	20	20	20	16	10	10	20	19	10	16	16	20	16	20	14	12	12	15	12	12	18	16	19	13	16	15	17	16	13	11	17	12	12	12	14	15	18	16	10	11	11	14	16	17	15	18	13	14	16	15	10	20	18	13	16	18	16	19	16	11	17	14	12	11	20	18	13	19	16	15	20	13	18	11	18	12	10	10	10	18	11	19	12	11	10	11	20	15	10	16	13	19	17	16	14	11	19	20	20	17	10	20	20	15	20	19	11	15	11	16	16	12	18	16	17	11	17	14	17	19	18	11	20	17	20	15	18	14	19	12	15	19	18	18	20	16	14	18	16	11	17	16	17	18	19	14	12	19	20	10	11	11	17	12	15	19	19	13	14	17	20	20	16	14	16	16	13	18	15	10	13	17	14	15	20	10	11	18	20	13	18	17	15	20	14	14	15	11	19	11	17	13	12	15	20	12	14	19	13	18	19	16	10	10	12	11	17	10	13	16	13	16	15	13	11	13	13	14	14	20	19	20	20	19	17	11	18	11	20	16	15	18	20	19	20	18	20	17	12	12	13	12	16	17	13	17	17	14	15	14	18	10	15	15	20	20	12	13	11	12	20	17	17	19	13	18	15	13	13	15	20	18	16	15	12	16	13	16	15	14	15	19	16	12	19	18	10	16	14	20	17	10	17	20	12	11	18	18	19	13	17	16	10	10	13	20	14	17	20	15	11	13	19	19	11	11	17	20	14	16	11	18	10	11	15	20	15	13	17	13	19	11	11	11	10	20	16	19	17	13	15	10	15	14	12	11	15	14	14	16	15	16	14	13	14	13	15	11	17	11	10	19	20	18	18	13	20	16	15	14	15	15	11	19	17	16	10	20	14	14	18	10	18	19	11	14	15	16	11	12	10	14	20	14	15	13	15	17	14	19	12	15	15	20	15	10	20	19	20	19	14	19	11	13	12	14	15	10	20	15	13	18	18	15	13	20	11	14	16	17	11	13	18	13	10	19	15	10	10	12	17	10	13	17	10	19	20	16	19	15	14	19	10	17	19	10	20	17	12	15	16	19	10	17	11	13	17	16	14	19	19	15	10	13	14	11	16	10	11	10	11	11	20	12	11	16	15	20	17	11	19	20	17	12	18	20	12	20	11	18	15	16	19	14	13	15	14	20	12	19	20	18	18	13	20	11	17	13	16	18	11	18	19	14	12	13	15	11	17	10	13	18	20	10	15	18	17	12	16	18	15	11	15	11	11	17	15	13	19	14	11	17	11	19	14	20	15	10	16	16	15	14	19	17	12	16	17	15	19	10	11	17	20	16	15	13	20	18	20	11	16	10	12	16	19	14	20	10	16	10	14	10	10	14	13	14	18	10	18	10	11	11	11	13	13	17	12	17	15	12	13	16	19	17	12	10	16	20	13	20	19	16	20	18	13	18	13	17	16	10	20	10	20	17	16	15	20	14	10	18	16	17	20	17	11	14	10	13	18	16	12	20	11	13	20	16	11	17	16	15	13	14	11	14	20	16	13	15	13	17	12	10	20	12	12	15	15	17	14	20	18	10	14	17	11	18	11	16	10	18	17	12	20	13	13	20	18	13	20	12	19	16	13	10	16	14	16	16	18	12	20	10	11	17	14	18	16	10	17	20	20	10	15	18	16	20	10	15	10	13	18	13	10	14	20	14	13	16	17	11	12	17	16	11	18	12	12	17	12	15	18	12	17	12	20	10	20	17	13	10	18	11	13	15	18	19	18	15	10	18	15	18	11	16	20	14	15	18	14	18	20	13	15	17	17	19	11	20	12	12	11	18	10	10	18	18	15	15	16	16	12	10	17	15	14	19	19	14	11	18	17	13	12	14	13	20	14	16	19	20	19	19	13	16	20	14	19	12	12	16	10	17	20	10	13	15	15	17	16	11	20	19	14	18	17	10	16	13	12	12	18	18	16	18	16	18	12	10	13	10	17	13	11	15	18	19	11	11	12	14	10	15	12	12	15	11	15	19	20	14	15	19	13	19	11	11	19	15	15	15	15	10	11	12	12	11	16	12	20	11	20	18	11	13	18	11	11	13	
1	1	1	1	1	1	1	1	1	1	1	1	1	1	1	1	1	1	1	1	1	1	1	1	1	1	1	1	1	1	1	1	1	1	1	1	1	1	1	1	1	1	1	1	1	1	1	1	1	1	1	1	1	1	1	1	1	1	1	1	1	1	1	1	1	1	1	1	1	1	1	1	1	1	1	2	2	2	2	2	2	2	2	2	2	2	2	2	2	2	2	2	2	2	2	2	2	2	2	2	2	2	2	2	2	2	2	2	2	2	2	2	2	2	2	2	2	2	2	2	2	3	3	3	3	3	3	3	3	3	3	3	3	3	3	3	3	3	3	3	3	3	3	3	3	3	3	3	3	3	3	3	3	3	3	3	3	3	3	3	3	3	3	3	3	3	3	3	3	3	3	3	3	3	3	3	3	3	3	3	3	3	3	3	3	3	3	3	3	3	3	4	4	4	4	4	4	4	4	4	4	4	4	4	4	4	4	4	4	4	4	4	4	4	4	4	4	4	4	4	4	4	4	4	4	4	4	4	4	4	4	4	4	4	4	4	4	4	4	4	4	4	4	5	5	5	5	5	5	5	5	5	5	5	5	5	5	5	5	5	5	5	5	5	5	5	5	5	5	5	5	5	5	5	5	5	5	5	5	5	5	5	5	5	5	5	5	5	5	5	5	5	5	5	5	5	5	5	5	5	6	6	6	6	6	6	6	6	6	6	6	6	6	6	6	6	6	6	6	6	6	6	6	6	6	6	6	6	6	6	6	6	6	6	6	6	6	6	6	6	6	6	6	6	6	6	6	6	6	6	6	6	6	6	6	6	6	6	6	6	6	6	6	6	7	7	7	7	7	7	7	7	7	7	7	7	7	7	7	7	7	7	7	7	7	7	7	7	7	7	7	7	7	7	7	7	7	7	7	7	7	7	7	7	7	7	7	7	7	7	7	7	7	7	7	7	7	7	7	7	7	7	7	7	7	7	7	7	7	7	7	7	7	8	8	8	8	8	8	8	8	8	8	8	8	8	8	8	8	8	8	8	8	8	8	8	8	8	8	8	8	8	8	8	8	8	8	8	8	8	8	8	8	8	8	8	8	8	8	8	8	8	8	8	8	8	8	8	8	8	8	8	8	8	8	8	9	9	9	9	9	9	9	9	9	9	9	9	9	9	9	9	9	9	9	9	9	9	9	9	9	9	9	9	9	9	9	9	9	9	9	9	9	9	9	9	9	9	9	9	9	9	9	9	9	9	9	9	9	9	9	9	9	9	9	9	9	9	9	9	9	9	9	9	9	9	9	9	9	9	9	9	9	9	9	10	10	10	10	10	10	10	10	10	10	10	10	10	10	10	10	10	10	10	10	10	10	10	10	10	10	10	10	10	10	10	10	10	10	10	10	10	10	10	10	10	10	10	10	10	10	10	10	10	10	10	10	10	10	10	10	10	11	11	11	11	11	11	11	11	11	11	11	11	11	11	11	11	11	11	11	11	11	11	11	11	11	11	11	11	11	11	11	11	11	11	11	11	11	11	11	11	11	11	11	11	11	11	11	11	11	11	11	11	11	11	11	11	11	11	11	11	11	11	11	11	11	11	11	11	11	11	11	11	11	11	11	11	11	11	11	11	11	12	12	12	12	12	12	12	12	12	12	12	12	12	12	12	12	12	12	12	12	12	12	12	12	12	12	12	12	12	12	12	12	12	12	12	12	12	12	12	12	12	12	12	12	12	12	12	12	12	12	12	12	12	12	12	12	12	12	12	12	12	12	12	12	12	12	12	12	12	12	12	12	12	12	12	13	13	13	13	13	13	13	13	13	13	13	13	13	13	13	13	13	13	13	13	13	13	13	13	13	13	13	13	13	13	13	13	13	13	13	13	13	13	13	13	13	13	13	13	13	13	13	13	13	13	13	13	13	13	13	13	13	13	13	13	13	13	13	13	13	13	13	13	13	13	13	14	14	14	14	14	14	14	14	14	14	14	14	14	14	14	14	14	14	14	14	14	14	14	14	14	14	14	14	14	14	14	14	14	14	14	14	14	14	14	14	14	14	14	14	14	14	14	14	14	14	14	14	14	14	14	14	14	14	14	14	14	14	15	15	15	15	15	15	15	15	15	15	15	15	15	15	15	15	15	15	15	15	15	15	15	15	15	15	15	15	15	15	15	15	15	15	15	15	15	15	15	15	15	15	15	15	15	15	15	15	15	15	15	15	15	15	15	15	15	15	15	15	15	15	15	15	15	15	15	15	15	15	15	15	15	15	15	15	15	15	15	
