1000
15	4
1066	22.4
7	8	8	8	7	7	7	8	8	7	7	7	7	8	7	8	7	8	8	8	8	7	8	7	7	7	8	7	7	7	8	8	7	7	7	7	7	7	7	7	7	8	8	7	7	8	7	7	7	7	7	7	7	7	8	7	7	8	8	8	7	7	8	8	7	7	8	7	7	8	7	8	7	8	7	8	8	7	7	8	7	7	7	7	7	8	8	7	8	7	8	7	8	8	7	7	8	8	8	7	7	8	8	7	7	8	8	7	7	8	7	8	7	8	7	8	8	8	8	7	7	7	7	7	7	7	8	7	7	8	7	8	7	8	8	7	7	7	7	7	8	8	7	8	7	8	7	7	8	7	7	7	7	7	8	8	7	7	7	7	7	7	7	8	8	7	7	8	8	7	7	8	7	7	7	8	8	8	7	8	8	8	8	8	7	8	8	7	7	8	8	8	8	7	7	8	8	8	8	7	8	8	8	7	7	8	8	7	7	7	7	7	7	7	8	7	7	8	8	7	8	8	8	8	8	8	8	8	8	7	8	8	8	8	8	7	7	8	8	7	7	8	7	7	7	7	8	8	7	8	8	7	8	7	8	7	8	7	8	7	7	8	8	8	7	7	7	8	8	8	7	8	7	8	7	8	7	7	8	8	8	8	7	7	8	7	7	7	7	8	8	7	7	8	8	7	7	7	7	8	8	8	7	8	8	8	8	8	8	8	8	7	8	7	7	7	7	8	8	8	7	7	8	7	7	7	8	7	8	8	8	8	7	8	8	8	8	8	7	8	7	7	8	8	8	8	7	7	8	8	8	7	7	7	8	7	7	7	8	8	8	7	8	7	8	8	7	8	7	8	7	7	7	7	7	7	7	8	8	7	7	7	7	7	8	7	8	8	7	7	7	8	7	8	8	8	8	7	7	7	8	7	7	8	7	7	8	7	7	8	8	7	7	7	8	7	8	7	7	8	7	7	7	8	7	7	8	7	8	8	8	8	7	7	7	8	8	8	8	8	8	7	8	7	8	7	7	8	7	7	8	8	8	8	7	8	7	8	7	7	7	8	7	7	7	7	8	7	8	7	7	8	8	7	7	7	7	8	8	7	7	8	7	7	7	7	7	7	8	8	7	8	8	7	7	8	8	8	8	8	8	7	8	7	7	7	8	7	7	7	8	8	8	8	7	7	8	7	8	7	8	8	8	7	8	8	7	7	7	7	8	7	8	8	7	8	7	8	8	7	8	8	8	8	8	8	8	8	7	7	8	8	7	8	8	7	7	8	8	7	7	8	7	8	8	8	8	8	7	7	8	7	8	7	7	8	7	8	8	7	8	8	8	7	8	8	7	7	7	7	7	8	7	8	8	7	7	8	7	7	8	8	8	7	7	7	8	8	8	7	7	8	8	7	7	7	8	8	7	8	8	7	7	7	7	8	8	8	8	7	8	7	7	7	7	7	7	7	8	7	7	7	7	8	7	8	7	7	7	8	8	7	7	8	7	8	8	8	7	7	8	8	7	7	7	8	7	7	8	7	8	7	7	7	7	7	8	7	7	7	8	7	8	7	7	7	7	7	8	8	7	8	8	7	8	8	7	7	7	7	8	8	8	7	8	7	7	8	7	7	8	7	8	7	7	7	7	7	8	7	8	8	7	7	7	7	7	7	8	7	7	7	7	8	7	7	8	7	7	8	7	8	8	7	8	8	7	8	7	7	8	8	7	8	8	8	8	7	7	7	7	7	8	8	8	8	7	8	7	7	8	8	7	7	8	8	7	8	7	8	8	8	7	8	7	8	7	8	7	7	7	7	7	7	8	8	7	7	7	7	7	7	8	8	7	7	8	8	7	8	8	8	7	8	8	7	7	8	7	8	8	7	7	7	8	7	8	8	8	7	7	8	7	8	8	8	7	8	8	7	8	7	7	7	8	8	8	7	7	8	7	7	8	8	7	8	7	8	7	8	7	8	8	7	7	7	7	8	7	7	8	7	8	8	8	8	8	8	7	7	7	8	7	7	7	7	7	8	7	7	8	8	7	7	7	7	7	7	7	8	8	7	8	7	8	7	7	7	8	7	8	8	8	8	8	8	8	7	8	7	7	7	8	8	8	8	8	7	8	7	8	7	7	7	7	8	8	7	7	8	8	8	7	8	8	7	7	8	7	8	7	8	8	8	8	7	8	7	8	7	8	7	8	8	8	7	7	7	8	8	7	7	7	8	8	7	8	8	7	8	7	7	8	7	7	7	7	7	7	8	8	7	8	7	7	8	8	8	8	7	
0	1	4	5	10	11	12	
2	3	6	7	8	10	12	13	
2	3	4	6	9	10	11	13	
1	2	3	5	6	7	9	10	
1	2	3	5	9	10	14	
1	2	3	10	11	12	14	
0	1	3	5	8	10	14	
3	5	6	8	10	11	12	13	
0	2	3	8	9	10	12	13	
0	2	4	6	9	12	13	
2	3	4	7	10	12	14	
0	1	2	8	12	13	14	
3	6	7	9	10	13	14	
0	1	3	4	6	11	12	13	
2	3	6	7	8	9	14	
4	5	7	9	10	11	12	14	
1	2	4	6	8	11	13	
1	2	4	8	9	11	13	14	
3	5	6	8	9	10	11	13	
0	1	2	5	6	7	12	14	
0	2	5	9	10	11	13	14	
2	5	7	10	11	13	14	
1	2	7	8	9	10	13	14	
1	2	4	7	9	11	14	
3	5	6	7	8	12	13	
1	4	6	9	10	11	13	
1	2	4	5	7	9	11	12	
0	2	3	5	12	13	14	
2	5	6	8	9	11	14	
0	1	3	5	8	12	14	
0	1	2	7	10	12	13	14	
2	5	7	8	9	12	13	14	
0	1	2	6	9	10	14	
1	2	3	5	8	10	11	
2	6	7	8	10	13	14	
0	2	4	6	7	10	11	
1	5	7	10	11	13	14	
0	2	5	7	11	12	14	
0	3	5	6	8	9	13	
0	4	5	9	10	12	14	
1	2	3	4	6	8	11	
0	4	6	7	9	10	12	13	
4	5	7	8	9	10	12	14	
2	4	7	8	10	12	14	
1	6	7	9	10	11	14	
0	2	3	6	8	10	11	12	
0	1	5	6	8	9	14	
0	1	3	4	7	10	13	
1	2	5	6	9	10	12	
0	2	8	10	11	12	14	
2	4	5	7	9	11	14	
0	1	2	3	10	12	13	
0	2	6	8	9	11	14	
2	3	5	7	10	13	14	
0	1	6	7	9	11	12	13	
0	2	3	8	11	12	13	
0	4	6	7	8	10	13	
0	1	2	4	5	6	7	14	
1	3	4	5	8	10	11	12	
1	3	6	7	8	9	13	14	
2	4	6	8	9	10	13	
0	2	3	6	8	9	10	
0	1	2	3	7	10	12	14	
0	1	3	5	8	10	12	14	
0	3	4	8	10	13	14	
1	3	5	6	9	11	12	
1	2	3	5	6	9	11	14	
3	4	6	8	10	11	14	
4	6	7	9	10	12	13	
0	3	4	6	10	11	12	14	
1	2	4	5	7	13	14	
0	6	8	9	11	12	13	14	
1	3	6	7	9	13	14	
0	3	4	5	6	9	12	13	
1	2	4	7	8	10	13	
2	3	4	7	9	10	11	14	
3	4	5	6	7	12	13	14	
1	2	5	6	9	10	13	
0	2	3	6	8	10	14	
1	2	7	8	9	10	12	13	
2	3	6	7	9	11	14	
1	2	8	10	12	13	14	
1	4	5	6	8	9	12	
2	5	6	7	10	13	14	
1	7	9	10	11	12	13	
1	2	5	7	8	11	12	13	
0	2	3	8	9	10	12	13	
0	2	3	4	11	12	14	
2	3	4	5	6	7	10	12	
2	5	7	9	10	11	12	
1	2	3	4	5	7	11	14	
0	1	2	5	8	11	12	
3	4	5	6	8	9	10	13	
0	3	7	8	9	11	12	14	
1	5	7	8	11	12	13	
2	3	8	9	11	12	14	
1	4	5	6	7	8	12	13	
0	1	5	8	9	10	11	12	
0	1	2	5	6	8	9	13	
4	5	6	7	9	10	11	
0	1	5	10	11	12	14	
0	1	3	4	10	11	12	13	
1	3	5	6	7	10	12	14	
0	2	4	5	7	8	11	
3	4	5	7	9	13	14	
2	4	5	6	7	8	10	12	
0	4	5	8	11	12	13	14	
2	4	5	6	9	10	11	
0	3	6	7	9	10	14	
0	1	2	4	6	10	12	13	
0	1	5	7	9	12	13	
2	3	8	9	10	11	13	14	
1	2	4	5	7	9	11	
1	3	5	6	7	9	12	14	
0	4	6	7	8	10	14	
1	3	5	6	10	11	13	14	
2	3	6	7	8	10	11	12	
1	3	4	8	9	10	11	13	
0	1	4	5	6	11	12	13	
2	3	5	8	9	11	14	
0	2	3	9	12	13	14	
0	3	5	7	9	11	14	
0	1	3	8	9	10	14	
2	4	6	7	8	9	14	
3	4	6	8	10	11	12	
3	4	7	8	12	13	14	
1	3	4	7	8	9	13	14	
2	3	4	5	8	13	14	
1	3	6	8	9	11	13	
0	2	3	5	8	9	10	13	
1	2	6	9	11	12	13	
2	3	4	5	6	8	9	13	
2	3	4	5	6	9	12	
0	2	6	7	8	9	11	13	
0	1	4	5	8	10	12	13	
2	3	8	10	11	12	13	
2	3	4	5	8	9	12	
1	2	4	5	8	9	13	
0	1	2	4	7	11	12	
0	3	5	7	8	13	14	
3	4	5	6	7	9	11	13	
0	3	4	6	7	9	11	14	
2	4	7	9	11	13	14	
0	3	4	5	6	8	9	10	
0	1	2	5	7	9	10	
0	2	3	6	9	10	13	14	
0	1	7	8	9	13	14	
1	2	3	5	6	11	13	
3	4	6	8	9	10	11	14	
0	3	5	6	10	13	14	
0	1	3	5	10	11	13	
0	1	2	7	9	11	12	
0	1	4	5	9	13	14	
2	3	4	8	9	10	13	
0	2	4	8	9	12	13	14	
0	1	2	4	5	6	8	13	
0	2	3	8	9	11	13	
2	5	7	10	11	13	14	
2	3	4	5	8	10	13	
3	6	7	9	10	11	14	
2	3	5	8	10	12	13	
1	2	3	4	6	8	9	
0	3	4	8	9	10	13	
0	1	6	9	10	11	13	14	
0	1	3	4	5	7	9	11	
0	2	5	7	9	10	11	
0	1	2	8	9	10	13	
0	1	3	4	6	8	9	14	
2	3	5	7	10	11	12	13	
2	4	8	9	10	11	12	
0	2	4	7	8	9	13	
0	6	7	10	11	12	13	14	
0	1	2	5	6	11	13	
1	3	4	5	7	10	14	
1	3	5	7	8	13	14	
0	1	5	7	8	9	12	14	
0	2	3	4	5	7	8	10	
0	1	3	4	7	9	10	14	
1	4	5	6	9	10	14	
0	2	4	6	9	10	12	13	
1	2	3	5	7	8	10	12	
0	4	5	7	9	11	12	13	
1	2	4	6	9	10	13	14	
3	4	5	7	9	10	12	14	
1	4	6	10	11	13	14	
1	2	4	6	7	10	12	13	
1	2	3	4	6	8	12	14	
0	1	4	6	8	9	13	
0	2	3	10	11	12	14	
1	3	4	5	6	7	8	12	
3	4	6	7	9	11	12	13	
0	2	3	5	6	7	8	11	
1	4	5	7	9	10	11	12	
1	2	7	8	9	10	13	
1	2	4	5	7	11	13	
2	5	7	8	10	11	12	14	
0	3	4	6	7	9	12	14	
3	4	8	9	10	11	13	14	
1	2	3	5	6	10	11	14	
1	2	6	9	10	11	14	
0	1	5	6	9	11	12	14	
0	3	5	6	7	10	11	12	
0	3	4	5	6	7	11	12	
0	1	2	3	6	8	14	
0	4	7	8	9	12	13	
1	6	7	8	9	11	13	14	
1	2	5	6	7	8	12	14	
4	6	7	10	11	13	14	
0	1	2	6	9	11	12	
0	1	3	7	11	12	14	
3	4	6	7	8	10	12	
3	4	5	7	9	10	14	
2	3	4	8	10	11	14	
0	1	4	5	8	9	11	
1	5	6	8	9	10	12	13	
0	1	5	9	10	11	12	
1	2	4	8	9	12	13	
0	1	3	6	7	9	12	14	
0	2	3	4	8	9	12	14	
1	2	4	6	7	8	11	
2	3	4	6	7	8	10	13	
2	3	5	9	11	12	13	14	
2	5	6	7	9	10	11	12	
0	3	5	6	7	11	13	14	
0	1	4	5	6	8	11	12	
0	4	5	6	7	8	13	14	
0	3	4	5	7	10	11	14	
0	2	3	6	8	9	12	13	
2	3	8	9	10	11	13	14	
0	1	6	8	10	12	14	
0	1	2	3	4	7	11	12	
1	2	4	6	9	11	12	13	
0	2	4	7	10	11	12	14	
0	1	4	7	9	11	12	14	
1	2	3	5	6	9	11	13	
0	5	7	8	9	10	11	
0	3	4	6	7	9	13	
0	1	2	4	5	6	8	11	
1	3	4	6	9	11	13	14	
1	4	6	7	8	9	13	
0	1	8	9	10	12	13	
1	2	5	9	10	11	12	13	
0	3	6	8	9	10	13	
0	5	6	7	11	12	14	
1	4	5	7	9	10	12	
0	2	4	6	7	9	11	
0	2	5	7	9	10	11	13	
1	2	3	5	7	10	13	14	
1	5	6	8	11	12	13	
0	2	6	7	9	10	12	14	
1	3	4	5	7	11	12	14	
0	1	7	8	9	11	13	
0	2	7	8	9	11	13	14	
1	2	6	7	9	11	12	
0	2	3	4	5	12	13	14	
0	1	4	10	11	13	14	
0	2	8	9	11	12	13	14	
2	3	5	6	7	9	11	
0	1	3	5	6	8	9	13	
0	3	5	6	10	13	14	
0	1	6	7	8	11	13	
0	1	2	5	7	8	9	10	
2	3	4	7	9	12	13	14	
1	2	3	4	5	8	13	14	
0	2	5	9	10	13	14	
3	5	7	8	10	12	14	
4	5	9	10	11	12	13	
0	1	3	6	9	10	11	12	
0	1	5	9	10	11	13	14	
4	6	7	8	9	10	11	14	
1	6	8	11	12	13	14	
0	1	6	7	8	10	11	12	
3	4	5	7	8	9	12	
3	5	7	9	11	12	13	14	
2	3	4	6	10	13	14	
0	1	3	6	8	9	11	14	
0	2	4	5	7	10	11	
0	1	4	6	8	12	14	
0	1	2	4	5	6	7	10	
0	2	3	7	9	11	12	14	
1	2	3	5	7	8	9	11	
2	5	7	9	10	11	12	14	
1	2	4	5	6	7	13	
1	5	8	9	10	11	13	
1	2	3	4	5	6	7	10	
0	1	2	3	5	8	14	
1	4	5	6	9	11	14	
0	1	6	8	10	11	13	
1	5	6	7	8	11	13	
0	3	4	5	7	8	10	13	
0	1	3	5	9	10	11	14	
1	2	3	4	8	10	12	
0	4	6	7	10	11	13	
0	1	2	5	7	8	10	11	
0	2	4	5	10	11	12	14	
5	7	8	9	10	11	13	
1	3	6	9	10	13	14	
0	3	5	6	8	10	14	
5	6	8	10	11	12	14	
1	3	4	5	6	9	13	14	
3	4	5	7	9	10	11	12	
3	5	6	7	9	10	11	14	
0	1	2	10	11	12	13	
1	2	3	4	7	9	12	13	
1	2	3	4	5	6	8	10	
2	3	4	7	8	10	12	13	
2	3	4	6	8	9	10	14	
1	3	5	8	9	10	13	14	
0	1	5	6	7	8	12	13	
1	2	3	5	6	7	8	14	
2	3	4	5	6	9	10	13	
0	1	4	5	7	8	11	
0	2	3	4	5	6	7	8	
2	4	5	9	11	12	14	
1	3	4	5	10	11	13	
2	3	4	5	6	7	11	
0	3	5	7	8	10	14	
0	4	6	7	8	9	11	13	
0	1	7	8	10	12	13	14	
3	5	7	8	11	12	13	14	
2	5	6	9	10	11	12	
1	4	7	8	9	13	14	
1	5	6	7	11	12	13	14	
1	2	8	9	10	11	14	
4	5	7	10	11	12	13	
1	2	6	7	8	9	11	
0	1	4	6	8	9	10	12	
0	1	2	6	8	9	12	
0	4	5	8	9	11	12	14	
3	4	6	7	8	9	11	14	
2	4	5	6	7	10	12	14	
0	1	5	6	8	9	10	14	
0	2	4	5	7	8	14	
1	2	4	5	6	7	9	10	
0	1	2	6	9	10	13	14	
0	1	3	4	8	9	10	14	
0	1	3	7	10	11	13	14	
1	2	3	4	5	7	10	12	
0	1	2	3	7	11	12	
0	1	3	4	5	10	11	13	
0	1	5	7	8	10	12	
0	1	3	4	5	10	11	
1	2	3	6	8	9	11	12	
1	2	4	5	6	11	12	14	
2	4	8	9	10	11	12	14	
0	1	2	4	9	12	13	14	
0	2	4	6	7	11	14	
2	3	6	8	9	12	13	
3	4	5	7	10	11	13	14	
1	4	5	6	9	10	12	13	
2	3	5	6	8	12	13	14	
0	1	2	3	6	12	13	
2	3	5	8	9	13	14	
0	2	5	8	10	12	14	
0	1	4	6	8	10	13	14	
0	3	6	9	11	12	13	
0	1	4	5	6	7	8	
5	6	7	8	9	10	11	
0	1	2	6	7	9	10	13	
1	3	5	8	10	11	13	14	
0	1	2	3	5	7	10	11	
3	5	7	8	10	12	14	
0	1	4	6	7	11	12	13	
0	4	6	9	11	12	13	
1	2	3	6	7	8	10	11	
1	2	3	4	8	10	11	12	
1	2	6	7	9	13	14	
2	4	6	7	8	9	11	13	
0	2	4	5	6	7	14	
0	2	3	4	7	9	11	14	
1	2	4	11	12	13	14	
1	2	3	6	7	8	14	
4	5	6	8	10	13	14	
0	2	4	6	7	11	14	
3	4	5	6	7	11	14	
0	2	3	4	10	11	14	
0	1	2	4	7	10	13	
1	4	5	6	7	8	11	13	
0	1	4	5	6	9	10	12	
5	6	8	9	11	12	14	
1	3	6	7	8	9	10	
0	1	3	4	7	8	10	
1	2	3	5	8	10	13	
3	6	7	8	10	11	12	
0	2	3	5	9	10	11	12	
0	4	5	6	9	12	14	
1	2	3	5	6	8	11	13	
1	2	3	4	6	8	11	13	
2	3	4	6	9	12	14	
1	5	10	11	12	13	14	
1	3	7	10	11	12	14	
0	2	3	6	7	10	11	12	
2	3	6	11	12	13	14	
3	4	5	8	9	12	13	14	
2	3	4	6	7	9	12	14	
0	1	4	6	7	8	9	14	
1	2	3	6	7	8	12	14	
1	4	5	8	10	13	14	
3	5	7	9	10	11	14	
6	8	9	10	12	13	14	
4	5	6	9	10	12	13	14	
3	5	8	10	12	13	14	
0	1	3	5	6	10	14	
4	6	7	9	10	12	13	14	
2	4	6	7	8	9	11	
4	5	6	7	8	10	13	
0	1	2	4	8	9	11	13	
0	1	2	5	6	9	11	
3	5	6	7	8	12	14	
0	2	5	7	8	9	10	13	
1	3	4	5	9	11	12	14	
1	2	5	7	9	10	13	
0	4	8	9	10	11	12	
2	3	4	5	10	12	14	
1	4	5	8	9	10	13	14	
0	1	2	4	9	11	12	
1	3	5	6	8	9	12	14	
0	4	7	10	12	13	14	
4	6	9	10	11	12	13	
0	1	2	4	5	10	12	13	
1	4	5	6	8	9	13	
0	2	4	6	8	11	14	
2	3	4	5	11	12	14	
0	2	3	7	11	12	13	14	
0	1	2	3	8	10	11	
5	6	7	8	10	11	12	
0	1	2	3	7	10	12	14	
0	3	5	8	10	11	13	
1	2	3	5	8	9	10	12	
0	3	4	5	6	8	9	10	
0	1	3	5	6	7	8	13	
0	2	3	5	6	10	11	13	
3	5	7	8	9	12	14	
1	2	3	6	10	11	13	
1	3	7	8	12	13	14	
3	4	5	7	9	10	13	14	
1	2	3	5	6	8	9	13	
0	1	2	3	4	10	12	14	
0	2	3	5	6	8	13	14	
0	1	4	6	7	10	12	13	
3	4	5	7	9	12	13	14	
0	2	3	6	7	10	14	
1	2	3	5	6	8	10	13	
1	2	3	4	9	10	12	
0	1	2	8	9	10	11	14	
2	4	5	9	11	13	14	
2	4	5	6	7	8	12	
1	3	4	6	7	8	13	14	
2	3	6	8	10	12	13	
1	3	4	8	10	11	12	
2	3	4	9	11	12	13	14	
0	2	3	7	8	10	12	14	
0	1	2	5	6	8	11	14	
0	3	4	5	7	9	11	14	
1	3	6	9	10	11	12	
0	1	3	6	8	11	12	14	
0	4	6	8	11	13	14	
3	4	6	8	9	11	12	14	
1	2	8	9	12	13	14	
1	2	6	9	10	11	12	
0	1	2	3	7	8	13	
0	1	3	6	7	8	11	14	
0	2	5	6	8	9	10	
3	4	6	10	11	12	13	
4	7	9	10	11	12	14	
1	2	6	8	9	11	12	
0	1	3	5	7	8	13	14	
3	4	6	10	11	13	14	
2	3	5	6	8	9	10	12	
0	2	3	4	6	10	11	
3	8	9	11	12	13	14	
2	6	7	8	9	10	12	14	
1	2	3	5	6	11	13	14	
1	3	4	7	11	13	14	
0	2	3	10	11	12	14	
2	4	5	8	9	13	14	
1	2	6	8	9	10	14	
0	2	3	4	5	6	7	9	
1	4	6	9	10	11	12	13	
0	1	2	3	6	9	14	
0	3	4	6	8	10	13	
2	3	4	7	8	10	12	14	
1	2	5	8	9	12	13	
1	3	4	7	9	11	12	
0	1	5	6	9	11	12	
1	2	4	9	10	12	14	
3	4	7	10	11	12	13	
1	3	6	7	9	11	12	
3	4	6	7	10	11	12	13	
0	3	4	7	9	12	13	14	
0	1	8	9	11	12	14	
0	2	3	4	5	6	8	14	
0	1	2	4	7	9	11	14	
1	2	4	6	7	8	13	
0	1	3	8	9	12	14	
0	1	2	4	6	8	13	14	
0	3	4	6	7	9	11	12	
0	3	6	7	9	10	11	13	
0	1	4	7	8	10	11	12	
2	4	5	6	10	11	12	14	
1	2	5	6	8	9	10	14	
0	4	6	7	11	13	14	
0	2	3	4	5	8	11	13	
0	2	3	4	7	10	14	
0	2	3	5	8	11	13	
0	1	2	6	7	8	11	
3	5	7	8	9	11	12	13	
1	2	3	9	10	12	13	
0	1	4	5	6	11	12	
1	2	4	7	9	12	13	
1	3	4	6	7	8	10	11	
0	1	6	9	11	12	13	14	
1	2	3	5	7	8	9	11	
0	5	6	8	9	11	12	14	
0	3	6	7	10	11	13	
0	2	5	6	7	11	12	
0	1	5	7	9	10	11	13	
4	5	6	10	12	13	14	
1	2	4	5	6	7	8	11	
0	3	6	7	8	11	14	
0	2	4	5	6	7	10	12	
0	4	5	7	9	10	11	12	
1	2	3	4	10	11	13	14	
1	2	3	4	10	12	14	
0	1	3	5	6	9	10	11	
1	2	3	5	9	10	11	13	
0	1	2	6	8	9	14	
0	1	4	6	9	10	11	
0	1	5	8	9	11	13	
1	4	5	6	9	13	14	
0	2	3	4	5	6	7	9	
2	3	4	6	7	12	13	
0	1	2	4	5	10	11	12	
0	2	4	8	9	10	11	13	
0	1	3	6	8	9	14	
1	4	5	6	9	12	13	14	
2	3	6	8	10	12	14	
0	2	3	5	9	10	13	14	
1	3	5	6	8	11	12	14	
1	2	4	5	7	11	13	
1	2	3	5	7	10	13	14	
0	2	5	6	8	9	10	11	
1	6	8	9	11	12	13	14	
1	2	3	4	9	10	11	13	
3	6	7	8	9	10	12	13	
1	4	5	6	8	9	13	14	
1	3	4	6	7	9	10	14	
0	1	3	4	5	6	11	12	
0	1	3	9	10	13	14	
0	2	4	9	10	11	12	
3	5	8	9	10	11	12	14	
0	1	2	4	11	12	13	14	
0	3	4	6	7	8	12	
2	5	6	7	9	10	11	12	
0	2	3	5	6	9	12	13	
1	2	7	9	10	11	13	
2	6	7	10	11	12	13	
0	1	2	3	8	10	13	14	
1	3	4	5	6	7	10	11	
0	2	4	5	8	13	14	
0	5	6	7	10	13	14	
0	4	5	6	8	10	11	13	
0	1	3	9	11	12	14	
0	2	5	6	7	8	11	12	
1	4	5	6	7	8	11	13	
0	1	3	6	7	9	10	13	
1	3	6	8	9	10	13	14	
0	1	2	4	6	7	9	14	
0	1	2	3	12	13	14	
0	2	4	5	7	8	9	
3	4	5	6	7	12	13	14	
2	7	8	10	12	13	14	
0	1	2	4	5	10	11	13	
0	1	6	8	9	11	14	
1	3	5	7	10	11	12	
0	1	4	5	6	9	12	13	
1	2	4	9	10	11	14	
1	2	5	6	7	9	11	12	
0	2	4	7	11	12	13	14	
0	2	3	4	5	6	12	
3	4	5	6	7	9	12	13	
1	4	5	6	9	11	12	13	
0	2	3	6	8	9	10	13	
0	1	2	5	6	8	12	
1	3	6	8	10	11	13	14	
0	2	3	4	5	9	11	12	
0	2	5	8	9	11	13	
2	4	5	6	9	10	12	
0	2	3	7	8	9	14	
0	4	7	9	11	13	14	
1	4	6	9	10	11	13	
0	2	4	5	7	9	12	14	
1	4	6	9	10	11	13	
0	1	3	5	7	9	10	13	
1	4	6	7	8	9	12	13	
1	2	3	5	7	10	12	
3	4	5	7	9	11	14	
0	3	7	10	11	12	13	14	
1	4	7	9	10	13	14	
3	4	7	8	9	10	12	
3	5	6	7	10	12	13	14	
0	4	5	6	8	9	12	14	
0	1	3	7	8	10	11	13	
0	2	3	7	8	11	14	
0	1	2	3	4	8	9	
1	2	5	8	11	12	13	
0	2	4	6	8	9	11	13	
0	1	2	5	6	7	10	12	
0	3	5	6	7	8	12	14	
0	2	4	5	6	8	13	
2	4	5	7	8	11	12	
2	3	4	8	9	11	12	14	
1	2	3	5	6	7	11	12	
1	4	6	7	9	11	14	
0	1	3	8	9	13	14	
0	2	4	8	10	11	14	
1	3	8	9	10	11	12	13	
0	2	3	4	9	12	13	14	
5	6	9	11	12	13	14	
0	2	3	4	7	9	10	13	
0	2	3	5	6	10	12	13	
0	3	4	7	11	12	14	
0	2	4	5	6	11	12	
0	1	5	7	8	10	14	
3	4	6	7	8	9	10	
0	1	4	9	10	12	13	14	
0	2	3	4	9	11	13	14	
1	2	3	4	6	7	10	12	
1	3	4	5	6	10	13	14	
1	2	4	6	10	13	14	
0	3	5	6	8	11	12	14	
0	1	2	5	6	8	12	
1	4	7	8	9	10	12	
0	1	2	3	7	8	10	
0	1	2	5	9	11	13	
1	4	6	7	9	11	13	
0	3	7	8	9	11	13	
2	4	7	10	11	12	13	
1	2	4	6	8	9	10	13	
0	2	4	5	11	12	14	
2	6	8	9	10	11	14	
0	1	2	3	7	9	11	
0	1	6	10	11	12	13	
0	2	4	5	7	8	13	14	
1	5	7	8	10	12	13	
1	2	3	4	7	8	13	14	
2	3	4	6	8	9	12	
0	5	6	8	9	10	12	
0	1	3	6	7	10	11	
0	3	4	5	10	12	13	14	
0	3	4	9	11	12	13	14	
3	6	8	9	10	12	13	
1	5	7	10	11	12	14	
1	3	4	7	8	11	12	13	
0	1	2	6	9	11	13	
0	3	4	5	6	8	9	11	
1	2	3	6	8	10	11	13	
0	1	3	6	8	11	12	13	
1	2	7	8	11	12	14	
0	2	3	4	10	12	14	
0	1	3	4	5	9	11	13	
0	4	5	6	7	9	10	12	
0	3	4	7	9	11	14	
0	2	4	6	10	12	14	
0	4	7	9	10	12	14	
0	1	3	6	9	11	12	13	
0	4	5	7	8	11	12	
3	4	6	9	10	13	14	
1	2	3	8	9	10	11	13	
1	2	3	4	8	9	12	
1	4	5	6	9	10	11	13	
3	4	5	8	10	12	14	
2	3	5	6	7	12	14	
0	2	4	6	8	12	13	
1	2	3	6	9	12	14	
3	5	6	8	9	10	13	
0	2	3	4	6	7	13	14	
0	4	8	9	10	11	12	
1	2	4	7	10	13	14	
0	2	4	5	9	10	12	
1	3	4	5	6	9	10	13	
3	4	5	7	8	10	11	
0	1	2	5	6	9	12	14	
5	6	8	9	10	12	14	
0	5	6	7	11	13	14	
1	2	4	5	6	8	14	
2	3	8	9	10	11	12	
1	2	3	4	5	6	11	
0	1	3	4	6	12	13	14	
2	5	6	7	8	9	12	13	
2	3	5	7	8	9	14	
0	1	6	9	10	12	13	14	
3	4	6	7	8	9	11	12	
1	4	5	7	8	10	11	
0	1	3	5	7	8	9	11	
0	2	3	4	8	9	11	14	
0	1	2	6	10	11	12	
0	1	5	7	8	12	13	
0	2	8	9	11	13	14	
3	4	6	7	12	13	14	
0	6	7	8	9	10	11	14	
0	1	2	7	9	10	12	13	
2	4	8	9	10	11	12	13	
0	1	2	5	9	12	14	
1	4	5	6	9	10	12	13	
1	3	6	7	8	10	11	
0	2	4	5	7	10	12	
0	1	4	5	7	9	11	13	
1	5	7	9	12	13	14	
1	2	3	4	6	9	11	
0	1	2	6	9	11	13	14	
0	1	2	4	8	11	14	
0	1	3	5	7	8	10	11	
0	2	3	4	8	11	12	
0	1	2	7	8	9	11	
3	5	6	7	10	11	12	
0	1	3	7	8	9	14	
0	3	4	7	8	11	14	
1	2	5	7	8	11	13	14	
2	5	6	7	8	11	12	
1	2	3	5	10	12	13	14	
0	3	5	8	10	11	12	14	
0	2	3	5	9	11	12	
0	1	4	5	7	11	12	
1	2	4	5	6	12	13	
0	1	2	6	8	10	11	
1	4	7	8	11	12	13	
0	4	5	6	9	13	14	
3	4	5	6	9	10	13	14	
2	3	5	8	9	10	14	
1	3	4	7	9	12	13	
0	3	5	10	11	13	14	
0	3	6	8	9	11	13	
0	2	4	5	8	10	12	14	
1	2	4	5	7	11	14	
3	4	5	6	7	9	11	
3	5	6	8	9	10	11	14	
0	3	4	5	8	10	12	
0	5	6	11	12	13	14	
2	5	6	7	8	9	10	11	
0	1	7	8	9	12	14	
0	3	5	7	8	9	10	13	
0	1	3	4	6	9	10	14	
0	2	4	5	7	8	14	
0	2	5	8	10	11	13	14	
0	1	4	7	8	9	11	13	
2	6	8	9	12	13	14	
0	3	4	7	10	11	13	14	
0	1	3	6	10	11	13	
3	4	5	6	8	9	11	
0	1	3	4	6	10	12	14	
0	1	2	5	6	7	12	14	
2	3	4	8	9	12	14	
0	1	2	6	7	9	13	14	
2	4	5	6	7	9	12	13	
1	4	5	7	10	11	13	14	
0	1	2	3	8	9	10	13	
1	4	9	10	11	13	14	
1	4	5	7	8	10	13	
0	1	2	4	8	9	10	
0	3	4	7	11	13	14	
1	2	3	5	11	13	14	
0	2	4	5	6	9	11	13	
0	1	4	7	9	11	12	14	
2	3	6	7	8	9	10	14	
3	5	7	8	9	10	11	12	
0	1	2	4	8	9	14	
0	2	7	8	9	10	12	14	
0	3	4	5	6	7	12	
0	2	6	7	8	13	14	
0	1	4	6	7	10	12	13	
1	6	7	8	9	12	13	14	
0	2	3	4	8	9	11	
1	5	7	10	11	12	14	
1	3	4	6	8	10	11	14	
1	2	5	7	8	12	13	14	
0	1	3	8	11	12	13	
0	2	6	8	9	11	12	14	
2	5	7	8	10	11	13	
0	1	3	4	6	9	12	13	
2	5	6	7	8	9	10	13	
0	2	5	6	7	9	12	13	
1	2	3	4	8	9	12	
0	2	7	8	10	11	13	14	
5	8	9	11	12	13	14	
2	3	5	8	9	10	12	13	
2	3	4	6	11	12	14	
0	2	3	5	8	11	12	13	
0	3	5	8	9	10	14	
0	1	3	5	8	9	10	
0	1	2	7	8	9	11	
0	1	5	6	9	11	13	
3	4	5	6	7	13	14	
0	4	7	8	10	11	12	
0	2	3	5	8	9	11	13	
0	1	2	4	5	7	11	14	
2	6	8	9	10	11	13	
0	1	3	7	8	9	12	
0	3	5	6	7	9	14	
0	1	2	3	5	9	14	
0	2	6	8	10	12	13	
1	2	9	10	11	12	14	
0	1	2	3	4	5	7	12	
1	2	4	5	6	7	9	14	
0	5	8	10	11	12	13	
0	3	6	7	8	11	12	
0	1	3	4	6	8	12	14	
0	1	3	4	7	9	12	13	
1	2	5	6	9	10	14	
1	6	8	9	11	12	13	14	
0	1	3	5	6	9	11	14	
0	2	4	7	9	10	11	12	
0	1	4	8	9	10	13	
0	1	2	4	5	7	8	12	
2	3	4	6	7	8	9	10	
2	6	8	9	10	12	13	
0	1	4	7	11	12	14	
0	1	4	5	6	7	9	13	
3	4	8	9	10	11	14	
0	1	4	6	7	8	9	13	
0	3	7	9	10	11	12	14	
0	3	4	6	8	11	12	
2	4	5	8	9	12	13	
1	4	7	8	10	11	14	
0	1	4	5	7	8	9	10	
0	1	3	7	12	13	14	
3	4	5	6	8	10	11	12	
0	1	4	5	7	8	11	12	
2	3	6	7	8	12	13	14	
2	4	5	8	9	13	14	
0	2	3	6	7	12	13	
0	3	5	6	7	9	10	13	
1	2	3	5	8	12	14	
0	1	3	5	9	11	12	14	
0	1	2	3	8	9	12	14	
0	2	3	4	7	8	10	13	
0	1	2	3	7	9	14	
1	3	6	8	9	10	12	13	
0	2	3	4	10	11	13	14	
0	2	3	4	5	6	11	
0	2	4	5	6	8	10	12	
1	4	6	7	8	9	14	
0	2	5	6	10	11	12	
0	1	3	6	8	12	13	
3	4	8	9	11	12	13	14	
0	4	6	7	8	9	11	13	
1	2	4	6	7	11	13	14	
1	3	6	8	9	10	11	
0	3	4	9	10	12	13	
4	5	7	10	11	12	13	14	
0	1	7	9	12	13	14	
0	1	3	4	5	7	10	
0	1	2	3	4	6	10	13	
0	2	4	6	9	10	12	14	
1	3	6	7	8	10	12	
2	3	4	6	8	9	11	14	
2	3	5	6	8	10	14	
3	4	7	8	9	11	12	13	
2	4	5	8	10	12	13	
1	5	6	7	8	9	10	13	
1	2	3	4	6	8	10	
1	2	4	5	6	8	9	14	
0	1	2	4	6	7	8	14	
1	2	3	8	10	12	14	
1	3	4	9	10	13	14	
1	2	3	6	8	9	13	
0	2	5	6	11	12	14	
0	2	4	5	6	7	8	12	
3	4	5	10	12	13	14	
0	1	2	5	9	10	11	
0	1	2	3	5	9	10	11	
3	4	5	8	9	10	14	
0	3	6	7	8	11	12	13	
0	2	4	5	6	9	12	13	
4	7	9	10	11	12	13	14	
1	2	6	8	9	10	12	13	
0	1	2	7	8	12	13	14	
0	2	5	6	7	12	13	14	
1	2	3	6	8	9	13	
2	3	5	8	9	11	14	
0	1	4	7	10	11	13	
0	4	5	8	10	11	12	13	
0	1	2	3	7	10	14	
0	4	5	6	12	13	14	
6	7	8	9	10	11	13	
1	5	8	11	12	13	14	
2	3	4	6	8	9	14	
0	1	2	3	9	10	11	12	
0	2	4	6	11	13	14	
1	2	3	4	11	12	14	
1	2	5	8	9	12	13	14	
1	2	5	7	9	10	12	13	
0	2	5	6	9	10	12	
1	5	7	8	10	11	14	
0	1	2	9	10	12	14	
1	3	5	7	10	13	14	
2	5	6	8	9	10	11	
3	4	5	8	9	12	14	
0	3	4	5	8	11	12	
2	4	5	6	8	9	12	13	
0	3	4	8	9	10	11	13	
0	2	6	7	12	13	14	
3	4	7	8	10	11	12	14	
1	5	7	9	11	12	14	
1	2	3	5	7	10	11	14	
1	5	6	7	9	12	13	
0	3	7	8	10	12	13	
2	3	5	8	9	10	14	
0	1	2	3	4	5	8	13	
0	1	3	4	6	7	12	
1	2	6	8	9	11	13	14	
0	2	7	8	11	12	13	14	
1	5	9	10	11	12	13	14	
1	2	3	6	8	12	13	14	
2	3	4	8	9	11	12	14	
0	1	6	8	10	12	13	14	
2	4	6	8	9	10	11	12	
0	1	4	7	8	11	12	
2	3	7	9	10	11	13	14	
1	3	5	6	8	13	14	
2	5	9	10	11	12	14	
1	3	4	6	9	10	14	
1	2	4	5	9	10	11	12	
0	1	4	5	6	9	10	11	
1	3	5	7	8	11	13	14	
0	2	3	5	8	12	13	14	
2	4	6	7	8	10	13	14	
1	3	4	8	9	13	14	
0	3	5	6	8	11	12	13	
1	3	4	7	8	12	13	
0	1	3	5	6	7	9	10	
0	3	5	6	7	10	11	
0	2	3	8	9	11	13	
0	1	2	5	6	7	11	
1	2	6	8	11	12	14	
0	4	5	7	10	11	12	14	
0	1	4	6	7	9	11	13	
1	4	5	6	7	9	12	
1	3	6	7	8	13	14	
2	4	5	7	8	10	12	14	
0	1	3	4	6	10	12	14	
1	3	4	5	8	9	11	14	
0	1	6	9	10	11	14	
0	1	3	4	6	8	10	14	
1	3	4	7	9	10	12	13	
1	5	7	8	9	10	14	
2	3	8	10	11	13	14	
0	1	5	6	8	10	11	12	
0	3	4	8	9	10	14	
2	3	4	5	7	9	10	14	
0	6	7	8	9	10	12	
0	1	4	6	7	8	12	13	
0	1	3	4	5	7	8	13	
0	2	7	9	10	11	12	14	
1	4	5	6	8	9	11	13	
3	4	6	7	11	12	13	
0	2	3	4	6	9	10	11	
0	2	4	5	8	10	12	
0	2	3	5	7	9	11	12	
1	3	6	7	8	9	12	
0	1	2	5	6	10	11	13	
1	2	3	6	8	13	14	
1	4	6	7	8	10	12	14	
1	3	5	6	7	9	11	12	
0	1	3	4	7	11	12	14	
0	3	6	7	9	11	13	
2	3	5	8	9	11	12	
2	3	6	10	11	13	14	
1	5	7	10	11	12	13	14	
1	3	5	6	7	8	12	13	
0	3	5	7	10	12	13	
1	3	4	5	8	10	11	
0	1	4	5	6	8	14	
1	2	3	4	6	9	11	14	
0	1	2	5	6	7	9	11	
3	6	7	8	9	11	13	
2	3	5	8	9	10	13	14	
4	5	6	7	8	10	12	13	
2	4	6	10	11	12	14	
2	4	5	8	9	12	13	14	
1	5	8	9	11	12	14	
3	5	7	10	11	12	14	
2	3	4	5	6	7	8	12	
2	3	5	7	9	12	13	
3	4	5	6	9	11	12	
1	4	6	8	9	12	14	
1	3	4	5	6	7	11	
0	2	3	8	10	13	14	
0	3	7	8	9	10	13	
1	5	6	8	9	10	11	14	
1	3	4	6	9	10	11	13	
1	2	4	6	8	11	13	
3	6	8	9	10	12	13	14	
3	4	5	6	7	9	14	
2	6	8	9	10	11	13	
2	3	7	9	10	11	13	14	
0	1	2	6	8	9	12	14	
2	5	6	7	8	12	13	14	
1	2	4	5	7	10	12	13	
2	3	4	5	7	11	12	
120	81.6868	64.1698	49.7245	42.0453	34.5321	32	
102	81.5651	66.9723	56.3571	46.9352	37.6873	31.0249	31	
119	92.3029	65.9547	51.5418	45.8882	41.84	38.3153	35	
109	90.8396	78.0291	66.0336	55.0203	44.1742	36.4211	35	
101	83.3967	66.4221	50.166	38.7778	32.5268	31	
109	86.9873	65.3281	46.0791	35.4744	33.6427	33	
111	89.0217	69.7455	51.9409	40.8432	35.2461	31	
107	89.8059	75.4775	61.548	51.6814	41.9598	37.3529	33	
101	80.2966	67.3211	54.8326	43.2742	37.2735	33.8193	33	
115	84.8706	62.3887	43.8687	36.4362	31.5528	31	
101	81.9592	66.7551	55.6939	45.6327	38.1837	35	
109	84.7571	62.9852	49.2302	40.8838	32.8669	31	
111	89.7938	71.811	57.9846	44.554	37.2874	32	
101	84.2241	68.3678	57.395	47.6687	39.9858	35.4291	35	
107	85.2597	68.225	51.7161	39.1767	34.7865	32	
114	96.4235	79.3771	64.3953	50.4178	38.6444	33.5109	31	
103	82.8611	64.4766	48.8798	40.2764	34.1482	31	
110	86.3723	69.2045	59.6026	53.0421	47.2609	41.6053	36	
103	78.6492	59.7621	50.277	42.4281	37.4082	34.2188	32	
113	95.6187	80.0363	66.8382	54.1213	45.9012	39.7101	34	
102	84.322	67.377	51.8773	41.0904	33.529	32.2513	32	
121	101.247	85.0072	69.7586	56.9427	44.8925	33	
111	94.6763	78.6128	67.1415	55.8376	45.4261	39.0863	36	
107	86.2293	67.0229	50.9668	43.2321	35.5626	31	
111	88.9651	69.0404	51.3357	41.0582	32.6444	31	
115	96.4457	78.5498	64.1579	50.8712	38.2195	31	
117	92.1146	69.3401	57.715	47.3387	41.5112	38.1813	35	
111	90.1686	72.1191	56.686	41.4185	34.828	34	
101	78.7938	63.9099	52.3009	41.0913	33.5029	31	
101	77.9546	56.9517	46.9097	39.0464	34.0084	32	
103	87.7963	72.6481	60.1481	47.7407	40.3148	35.1296	35	
106	87.0484	71.1613	60.7782	51.4839	44.5685	39.6089	36	
117	88.7996	68.2296	48.8359	38.376	33.7342	31	
121	66.0315	47.253	36.4608	33.439	32.1439	32	
107	89.0068	72.8777	61.0983	49.8863	41.0788	35	
107	89.1056	71.9608	54.8736	39.5932	35.307	34	
118	99.9613	82.5161	66.4881	51.0345	37.6299	32	
115	84.9367	59.1049	44.1244	37.7774	33.2389	33	
107	90.5112	76.0534	62.0204	49.1322	39.4752	31	
101	83.5349	67.3473	53.3353	40.7206	33.3752	31	
119	92.6	66.5529	47.5647	36.8353	35.1412	35	
117	101.565	86.6405	71.7781	58.2781	47.5183	39.3595	36	
107	80.8773	66.3553	53.1947	46.501	40.9985	36.0916	33	
122	98.8373	79.2419	60.2907	47.6069	39.3823	32	
122	95.8767	71.9108	52.9655	39.9431	31.7845	31	
105	89.1828	76.2551	63.6781	53.2725	42.8669	36.5366	35	
104	81.3662	64.1818	52.3119	42.1415	34.8307	31	
114	87.956	64.5428	54.4672	44.8388	39.4196	35	
111	86.0569	62.82	42.2643	37.4707	34.3562	32	
112	90.3264	72.9875	57.4838	42.423	39.1324	36	
119	98.6815	83.4972	68.3348	54.6144	45.3072	36	
120	85.7043	61.9215	47.5489	34.7937	32.3308	32	
110	84.186	64.9469	46.5903	42.0012	38.3828	36	
123	97.4394	77.7437	62.031	49.8623	41.2689	36	
114	92.2292	74.8173	57.6449	48.424	39.5145	33.982	33	
116	88.516	65.4131	44.8804	39.9152	35.7677	32	
108	88.2448	68.5733	49.1526	42.8812	37.7595	35	
109	89.9229	74.2246	59.5967	49.0403	40.5196	36.4061	35	
109	92.7299	78.2052	66.3688	55.9769	45.8056	37.159	31	
117	92.3633	73.1986	54.3742	44.1635	39.0581	35.0524	35	
103	82.9685	67.5149	52.8654	39.2877	35.134	35	
117	92.2112	67.4562	51.0996	34.8108	32.1355	32	
107	87.0095	75.1762	63.7561	53.2932	46.0714	39.9154	36	
123	102.673	84.73	67.7072	51.6046	43.9506	38.2205	35	
120	96.1878	78.8035	62.1009	49.6835	41.3565	36	
118	82.6814	65.5151	50.0655	40.2406	32.6436	31	
109	84.1426	64.7592	56.1997	48.0881	41.5938	37.4136	35	
117	88.2827	62.1104	42.0539	37.3436	32.9753	31	
116	89.2795	73.3495	60.1911	48.3243	38.1796	36	
106	92.3792	78.8866	65.6077	53.2264	43.253	34.8184	31	
122	90.8326	65.7678	51.8914	41.3207	36.9979	35	
108	83.8862	68.4534	55.5816	44.4394	35.0267	32.3659	32	
118	96.0655	78.504	61.7523	49.8132	41.3679	36	
112	87.2337	67.0204	55.5379	47.4575	42.2041	37.6261	36	
117	92.1714	67.7399	50.4287	34.4411	31.9794	31	
110	93.8572	81.0059	68.5244	57.4482	46.9268	38.3469	35	
104	81.9546	66.7525	52.7725	45.4647	39.4034	33.5866	33	
114	88.1382	65.9879	50.0729	41.5216	33.7423	33	
112	90.3654	70.0749	52.7542	46.4459	40.6796	35	
111	88.0785	72.0185	58.0357	49.6534	42.6434	37.4879	33	
106	89.1912	75.3755	61.847	51.7187	42.141	34	
112	91.3962	73.219	56.6146	46.3689	39.1564	33	
111	83.8756	61.3231	48.7227	37.6833	33.5854	33	
122	90.7851	66.0448	50.4802	40.6613	32.8147	32	
117	88.454	64.0051	52.5531	41.1347	33.4105	32	
109	92.6542	80.9221	69.602	58.6938	49.3345	40.6343	32	
105	86.2968	72.5759	60.5355	48.7126	40.1914	36.9688	36	
116	88.0442	70.3628	57.7588	49.5155	41.3916	35	
113	89.3016	66.8251	48.8383	37.7847	36.506	35.5115	35	
103	82.4187	62.1196	51.088	41.3501	35.3051	33	
104	83.6527	71.9471	61.4383	52.0786	43.6045	36.3753	33	
102	81.5563	65.4052	53.4815	45.4385	37.6556	31	
110	90.1642	71.6746	59.2436	48.6076	39.6994	36.6702	34	
101	83.5167	66.5264	52.9518	43.321	36.5953	32.1937	32	
118	95.2278	75.2747	61.3978	50.915	40.87	34	
117	93.8234	74.6438	60.8126	48.7067	39.3613	32	
116	98.8296	82.4121	66.9148	56.1232	47.0674	40.8768	35	
106	91.8146	77.7174	64.8697	52.7864	43.0992	34.4557	34	
108	89.9502	75.4627	64.4272	53.8691	45.1471	37.5269	32	
101	82.3633	64.929	53.5305	44.1761	39.3426	36	
107	83.3514	63.7614	45.1997	41.0598	36.947	36	
119	99.709	80.8418	64.1539	49.0803	37.6388	31.3834	31	
113	94.2613	79.0784	64.648	55.0905	46.85	39.6254	34	
106	79.7276	61.531	52.4064	45.3795	38.772	34	
111	73.5789	56.6316	47.0526	39	32.8421	32	
117	99.2379	83.8591	70.1216	56.7213	45.0523	35.9464	31	
118	97.4942	77.3234	57.2483	42.3655	36.7426	31.8375	31	
104	77.6763	61.8164	52.5031	45.4907	38.9441	33	
110	92.6714	75.6416	61.3007	50.1822	40.4936	32	
123	89.5994	64.4401	50.5716	42.2215	35.505	33.0363	33	
119	97.2504	76.1872	58.4942	42.5486	33.9673	33	
115	98.5785	82.8515	67.7437	54.25	44.7162	36.8526	34	
112	88.2012	68.7704	52.9662	42.4831	34.2237	32	
116	92.892	71.6958	61.1096	50.8341	42.8766	35.1819	31	
103	80.4471	60.1216	43.6245	37.8703	34.9235	32	
118	97.73	79.997	64.0066	53.1412	44.3004	37.6889	32	
106	91.1756	77.4154	64.5846	55.0514	45.743	39.5675	36	
118	97.9281	82.2083	66.6618	53.2372	40.8519	32.0393	31	
114	91.7391	73.5113	58.4829	49.9435	41.6971	33.8562	33	
114	95.556	78.7594	66.1218	53.9262	42.3334	35	
102	76.88	52.3506	43.4616	35.8384	32.6597	31	
120	95.1272	72.8107	60.4893	49.7529	42.7486	36	
111	88.1609	67.4369	50.5868	37.2541	34.1408	33	
121	81.6567	68.4998	57.4649	47.7458	38.7482	32	
123	93.7798	70.7384	54.302	40.2702	34.2739	34	
103	78.8251	58.1915	49.0184	40.0911	36.0333	32	
105	90.4675	77.6871	67.0883	57.211	47.6601	39.9129	35	
102	79.8343	57.878	44.0926	37.975	36.0894	35	
111	88.6886	69.2029	51.0124	40.3277	35.6181	35	
109	88.1806	69.5885	52.1583	36.2291	33.203	31.9926	31	
102	86.2689	70.8232	56.1387	46.8776	40.804	35	
119	89.4323	68.0795	53.2477	39.215	34.2285	31.4475	31	
111	93.6512	77.9221	63.4528	50.0452	41.0829	35	
110	94.5278	80.1483	66.5882	57.0669	47.5845	39.7021	35	
115	96.2119	79.8644	65.1158	51.1037	41.1521	35.4925	32	
113	90.9801	72.4443	56.4869	44.0136	38.4389	36	
101	78.2922	58.7516	48.034	40.0029	32.5373	32	
112	88.8678	66.6374	49.8428	34.3888	33.1944	32	
104	85.6478	68.6859	52.7621	38.7848	34.4284	32	
113	86.6169	60.8606	46.8036	39.581	36.0892	34	
101	86.2489	73.0665	61.301	51.5091	42.1979	37.4158	34	
111	94.4252	77.9074	62.4325	50.5799	41.0219	35.1619	33	
123	100.841	83.9368	67.5907	51.6761	41.3963	35	
119	91	69.888	60.368	52.164	44.156	37.436	35	
112	91.2804	71.3556	55.0485	42.5509	34.5207	34	
122	90.6653	68.9153	57.3532	48.0366	41.2669	36.8097	35	
102	66.4828	57.1034	48.2069	40	34.3448	34	
111	73.7285	50.0872	38.384	36.128	35.517	35	
104	83.1943	67.2323	55.4094	46.2285	39.9317	35.5064	35	
116	94.6942	75.7199	57.3408	40.6236	32.5626	31	
117	99.6981	82.8938	68.1347	54.0758	42.6333	36	
117	95.0653	77.8342	62.8643	49.5905	39.9799	36	
121	96.9419	74.7754	56.2589	42.165	35.1048	33	
104	84.8021	66.243	48.7262	41.0605	34.5043	34	
107	88.8349	72.6464	61.696	51.3583	44.282	39.3207	36	
118	101.119	85.2554	69.5843	56.4199	43.308	37.9791	34	
103	85.2202	71.9112	58.6798	45.7584	37.1787	34	
109	86.906	71.063	56.0822	46.2746	39.844	36	
118	92.1218	68.1789	55.6224	47.0263	40.9956	36	
120	96.4874	76.4002	57.344	39.1193	35.6938	33	
121	96.3237	74.7819	61.8101	49.4053	38.4009	36	
106	87.9193	73.2952	58.7324	46.2559	36.0088	32	
119	100.003	81.0492	63.666	48.8783	40.1976	33	
102	82.3489	62.9075	45.1736	39.9912	35.8273	34.5692	34	
104	85.8279	72.7495	62.3327	52.2371	44.2753	37.4837	32	
102	81.9847	63.3167	47.9303	38.3899	35.1518	34	
120	89.6823	63.1544	51.3468	44.1119	38.6309	36	
114	96.1752	79.7812	64.4602	51.4046	40.7634	33.6394	32	
109	90.289	73.6821	57.4258	44.6262	36.3102	33.2042	31	
110	91.6602	73.3204	60.2205	49.3248	41.0282	34	
121	100.335	80.6838	65.6814	51.0594	39.6068	32	
123	99.6367	77.9279	64.1495	52.2254	43.211	35.1094	32	
121	98.2175	75.6215	55.8238	45.4702	37.5884	35	
102	82.7067	63.6767	52.3065	41.87	36.2208	35	
120	99.8527	81.3961	63.6158	50.4848	39.1854	32	
121	104.347	88.3371	72.4831	57.9663	45.047	39.7855	36	
113	97.1097	82.2126	68.4938	54.9938	43.5305	37.437	32	
105	88.161	73.6528	59.542	46.8044	40.7156	36.8672	36	
102	74.095	57.0179	43.6532	37.9298	34.4031	31	
112	94.2938	79.1606	67.1723	56.0416	46.6644	38.9072	35	
110	90.053	71.9405	58.1238	49.4856	42.3102	36.9229	32	
110	87.6069	68.9154	57.6007	46.6535	37.4128	35.3914	34	
115	92.8289	77.5719	63.7691	51.2421	43.1543	35.3983	33	
114	84.7308	63.1154	51.3846	40.8462	32.4615	32.0385	32	
118	97.0355	76.511	56.2505	44.4813	36.9579	35	
110	92.2985	77.4614	62.9541	52.6917	44.5519	37.9165	36	
119	92.8655	71.0962	52.8134	41.1351	38.2722	35.6078	33	
101	81.8824	66.7972	55.2848	44.2948	39.0923	36	
117	89.5795	63.3304	47.1424	40.475	36.5106	36	
104	79.7575	66.7138	54.2158	43.7445	35.9235	33.533	32	
109	92.8672	76.7726	63.6026	52.841	42.2897	35.0644	33	
107	89.8918	73.1087	56.7117	47.223	40.7617	35.2554	33	
121	99.8069	83.7829	68.5342	53.4793	38.8983	35.84	35	
117	91.2493	71.3133	54.9596	42.6034	31.1817	31	
118	93.1469	75.7299	60.2073	45.844	31.6786	31	
106	85.8425	66.8445	49.9871	40.503	33.8433	32.6541	32	
110	92.5539	76.1048	62.1242	48.3335	34.709	33.7358	33	
117	95.1624	75.774	61.9939	48.4197	39.8816	32.7855	31	
109	81.0567	66.1221	55.2936	46.173	37.8154	35.6715	34	
118	99.8459	82.4275	65.3402	48.7127	34.8442	31	
103	88.6089	74.7492	60.9532	48.7729	41.9068	35.4233	33	
107	89.5994	72.7185	57.6296	46.6982	38.9208	34.1719	31	
121	102.501	84.472	67.9557	52.3797	39.8902	34.1259	32	
104	87.5329	75.2273	63.4833	52.5052	41.6803	33	
110	70.7274	51.5208	38.0256	35.2962	32.9207	31	
121	95.5159	76.3234	65.6467	55.6056	45.6916	37.557	36	
118	100.341	86.3843	72.446	62.1172	51.844	42.089	34	
120	96.6519	75.501	56.8129	47.3239	39.9115	36	
113	92.6413	74.4059	59.8967	49.7174	39.9335	35	
112	85.4468	68.4711	54.3056	44.0399	35.3227	33	
113	91.132	73.598	61.542	50.058	40.422	36	
111	91.9423	75.0441	58.8588	47.789	37.3901	35	
111	93.9464	79.5949	66.5244	54.5949	44.8871	36	
103	85.1944	70.502	56.2466	45.6233	37.5671	35	
107	89.5835	72.7677	61.564	52.0584	43.4641	35.7189	34	
114	92.2065	73.4208	57.8277	45.2951	33.6596	33	
101	82.7324	70.5021	59.4793	48.5148	38.0762	32	
115	97.2328	80.9164	64.8733	54.8228	46.0548	37.8335	31	
111	93.628	76.351	59.1309	49.0874	43.2588	37.8668	35	
120	90.7283	66.3246	45.892	34.3307	31.1281	31	
116	86.6657	63.8431	52.9059	44.8137	36.7847	32.0431	31	
115	98.7709	84.2433	70.8135	59.3415	49.1686	39.9471	31	
120	92.1215	67.9212	54.2885	44.7427	39.4005	35.1385	34	
106	91.7253	77.5503	63.4416	51.7563	43.1749	37.9297	33	
109	96.321	84.3231	73.2552	62.3837	52.1671	42.7365	34	
105	88.0011	74.3107	61.4189	49.0975	42.8988	38.2592	34	
102	80.5912	64.419	49.3764	44.5247	40.3148	36.3103	34	
110	90.3934	74.1015	58.2645	50.5086	44.5074	39.2429	34	
108	89.4988	76.1379	64.7526	53.792	44.0422	34.7172	31	
119	91.9318	75.4146	60.9691	51.1361	41.6346	36	
120	99.3776	80.1783	62.209	48.8226	41.2731	35.219	33	
102	77.7858	68.0759	59.701	51.8724	45.5002	39.6743	34	
114	87.9303	66.0011	50.2367	41.7103	36.8951	34.6255	33	
123	99.9935	80.1772	61.2225	48.9276	39.4269	34.0944	33	
114	97.7576	81.8579	68.9051	56.0894	43.3422	37.4655	32	
108	86.5585	70.6382	55.0646	45.6066	37.6836	36	
101	83.2294	68.2505	54.9718	43.6258	35.4653	35	
101	86.0585	71.4122	57.1697	49.9474	43.3465	38.718	36	
122	95.9702	74.2008	55.8085	44.7939	37.8319	33.2078	33	
116	89.9175	66.5874	47.9757	39.2204	36.1534	35	
115	91.5514	75.6692	60.198	47.12	38.4416	36	
120	96.0938	75.7358	63.2794	51.7541	42.1413	35.976	32	
103	79.8282	58.1318	49.6661	44.6108	39.9668	36	
114	88.2084	68.8094	52.6481	42.5196	35.9057	33	
109	84.4545	62.6364	51.0727	41.1455	34.0545	33	
114	84.3207	63.0479	49.9842	41.5777	35.6576	34	
108	88.7805	70.9775	54.4199	43.406	36.275	31.4152	31	
119	93.2364	74.1415	61.6424	49.3254	42.1831	36.5712	33	
107	84.1961	63.5264	52.5769	43.1352	36.5469	32	
115	97.8853	82.3723	69.4148	56.7812	46.3072	38.7307	32	
110	82.4471	58.5355	51.3677	44.802	40.3293	36.7741	36	
114	87.6054	63.3722	50.6661	38.1893	34.0958	32	
121	97.7248	82.114	68.1094	55.401	45.1723	36.1271	35	
118	93.7895	75.3482	57.9423	47.982	40.7336	36	
107	87.485	68.5981	51.8196	39.7293	36.7684	34.2337	33	
105	83.9796	71.199	58.5459	47.7296	39.8214	35	
109	89.6667	71.098	56.549	45.9608	38.0784	32.0392	32	
108	76.924	59.9179	49.3145	39.1598	36.1011	35	
111	95.6602	81.2016	67.3631	54.3406	43.9455	34.6273	32	
121	93.9861	68.0299	52.8308	42.9499	39.0821	36	
102	83.1961	69.7164	57.7122	46.047	36.4158	35	
102	84.1738	71.2422	59.5676	47.893	37.4753	32.2379	31	
120	98.4381	77.9355	61.6934	51.5245	41.897	38.1072	35	
105	87.7769	71.0018	56.6283	45.2657	38.1148	36.9319	36	
119	97.6752	78.9241	60.8839	49.29	41.2504	35	
102	81.7368	67.1406	54.6454	42.6755	35.7644	33	
117	87.2718	58.8626	46.9578	40.1937	36.947	36	
109	92.7994	78.3761	65.3012	54.4735	43.9319	34.9838	31	
114	94.4834	79.3802	65.4524	52.4117	46.5124	40.7904	36	
115	96.5849	79.1887	65.6792	52.6415	40.7358	34.1132	34	
110	87.4857	67.9714	53.4286	40.2	36.5143	35	
102	84.7192	68.4236	55.8128	47.2414	39.7537	34.9655	34	
105	76.2459	60.7705	48.1148	37.7869	34.2459	33	
115	95.6819	78.4072	63.8712	50.1147	43.9	39.8341	36	
116	95.7862	77.9931	62.331	51.2414	40.9793	35	
107	87.8804	70.4426	55.0407	43.5114	38.2667	33.2213	33	
122	94.6674	68.4403	49.6474	41.771	38.344	35	
104	76.4067	61.7906	49.5158	39.8832	36.4716	35	
110	94.1565	79.397	66.2553	54.2476	43.2906	35.4689	32	
118	98.6586	79.3937	64.8238	51.1981	38.8991	34.6124	34	
105	86.3249	70.0589	58.4761	47.722	37.6618	35.6382	34	
103	85.4111	69.888	57.7543	49.2708	40.9677	35.8334	31	
110	80.4495	66.6532	54.1221	44.2117	34.3615	34	
122	98.8241	79.4314	61.1412	43.6278	33.6809	31	
116	93.2148	73.777	55.9552	39.5877	34.6475	31.9696	31	
123	97.5012	73.4754	56.1138	45.0304	34.894	33	
119	94.9691	72.5113	50.8036	36.2108	32.242	32	
106	82.1222	63.2237	51.4545	41.3546	31.3395	31	
103	88.58	75.3342	62.1668	49.5317	41.7189	34	
123	100.493	78.3953	59.3374	41.0962	36.2863	32.089	31	
119	100.327	84.7815	69.4144	54.8738	42.2094	36.9828	36	
113	93.3564	75.2388	59.737	50.9204	42.2249	36	
121	96.899	76.0823	61.7377	49.6147	40.8244	33	
121	96.5539	74.8004	55.7127	47.6351	41.0504	35.0255	31	
110	87.7339	66.2199	57.4229	50.4946	43.6119	37.7776	36	
105	86.5369	73.4497	60.9664	49.1477	38.5369	33	
107	86.5805	72.9744	60.1917	48.4587	39.1547	33	
114	93.8754	74.7474	59.7993	48.7266	38.5398	34	
116	97.0812	79.4267	62.5927	50.0837	38.0405	36	
121	98.8382	78.8613	62.6821	49.2081	37.3988	32.0925	31	
108	88.0249	70.2464	57.5386	47.8077	40.5608	33.3755	32	
108	90.8192	74.7095	60.3136	50.0523	40.4336	33.6427	33	
110	87.1638	68.2287	49.9122	40.3019	36.0677	32	
104	79.0992	64.8464	51.3612	42.6493	35.0389	31.968	31	
120	91.6083	74.6909	57.9207	49.6532	41.474	33.6774	31	
116	98.5074	82.5162	67.1401	58.0049	49.4485	40.9283	34	
103	78.4715	54.0516	46.3915	39.8995	34.4397	33.6248	33	
107	90.0495	74.1805	61.1459	50.3304	42.0323	35.3938	32	
121	98.9551	78.0898	64.6958	51.4983	43.1669	37.8831	34	
107	91.1142	78.0393	65.0447	55.5357	47.4563	39.3929	33	
102	88.3647	75.3331	63.7099	53.2629	43.6362	39.2407	35	
114	89.8753	65.9717	42.9524	39.2674	37.1546	36	
102	82.4592	66.2118	54.8771	44.8597	37.6417	32.8388	31	
118	87.5133	61.6876	44.528	38.5895	37.1048	36	
104	82.3009	61.5324	49.4799	39.7652	36.0201	34	
101	80.1336	64.3878	48.962	40.769	32.7254	32	
121	98.8193	77.3325	59.2673	45.6526	38.9051	34	
106	84.3201	64.0588	49.046	37.2722	32.8275	32.2837	32	
111	95.2708	80.2154	67.5104	55.1505	44.0727	37.2846	35	
114	93.6003	73.6019	60.9101	48.5774	39.7291	35.231	32	
102	80.7706	61.5913	48.676	38.3118	33.7562	31	
110	85.6117	69.722	54.1614	40.875	33.6932	31	
121	99.4114	77.9537	59.4429	46.3893	38.4873	31.8732	31	
120	94.9448	72.3714	51.305	40.0774	37.7432	36	
112	93.6677	77.8802	62.9574	49.4182	38.3496	32	
106	77.5264	63.3171	50.705	43.1046	37.2667	36	
107	89.6296	73.9502	60.2928	50.4955	44.6135	39.3196	35	
123	90.0568	66.4742	47.5921	34.5354	31.4821	31	
108	87.3129	67.0417	56.9936	47.3396	41.5385	36.2408	36	
115	93.6463	79.0175	64.7162	54.5415	45	36.6376	35	
108	87.8707	70.7868	56.8226	46.597	38.9959	36.8171	36	
104	89.6599	76.344	64.7959	54.7182	44.6569	36.2148	36	
108	83.4839	62.3933	47.3478	36.8696	33.2426	32	
103	88.9589	77.9547	67.1192	57.2023	48.6164	41.0428	36	
121	97.7009	76.8221	60.1385	45.3587	40.9377	37.9043	35	
106	82.7702	68.3106	57.2298	48.3106	41.1801	35.5652	34	
102	81.8533	67.8819	54.9568	46.935	41.6624	37.9695	36	
108	88.593	69.9803	54.2657	42.2866	37.6925	34.5582	34	
108	92.1107	79.2313	66.3713	55.0945	44.1107	36	
119	103.558	88.3931	73.8495	59.453	45.9716	33.6995	32	
114	97.0815	81.8548	69.025	56.4771	44.0702	35	
117	65.0024	52.2908	40.9392	36.9635	33.5633	31	
123	99.3829	77.3085	57.6744	43.061	36.9183	33.889	31	
112	91.5934	72.5934	55.189	46.9381	39.926	36.105	36	
123	99.6971	78.8573	58.8868	43.0456	38.5299	34.1591	33	
115	93.9348	74.7199	56.9045	44.3793	38.1641	32.5182	31	
114	90.0179	70.4015	52.3567	40.1328	37.1642	36	
103	78.7846	60.5284	51.6149	44.3427	38.2068	35	
115	94.4232	75.9595	60.7174	48.7316	39.3439	34.702	32	
106	91.1465	78.5748	66.6159	55.4599	45.9308	38.0709	33	
108	84.2266	64.3355	50.8431	43.6296	36.6797	31.671	31	
123	98.754	80.6354	64.0322	48.4502	37.0849	33	
106	89.2133	72.4618	59.5247	48.9605	38.4842	33	
110	86.9563	68.6148	54.0402	45.3988	38.7023	34	
121	101.195	84.8701	69.4597	55.64	45.7376	38.957	35	
110	78.4377	65.3313	52.3252	43.5988	35.8085	33	
102	82.4636	68.4367	56.1196	44.3091	36.8365	35	
120	93.3863	70.5052	59.095	48.1096	41.0086	35	
103	84.889	69.6282	60.7212	52.8434	45.3812	37.9389	34	
106	89.5429	74.8698	61.5985	50.4571	40.7176	35.8023	34	
113	84.1179	65.3384	53.3851	43.9802	36.4562	35.6371	35	
104	87.8395	72.4548	57.3837	46.489	38.2354	35	
122	103.387	85.2891	67.5012	50.8482	40.8399	36.5477	35	
113	93.8774	79.46	65.2187	51.3297	40.5355	35	
116	93.7678	78.099	63.7012	51.1523	41.4228	35.2061	31	
103	84.0101	68.4946	53.9604	41.0176	35.3683	32.0796	32	
108	90.5049	75.2091	61.4929	48.8564	37.2796	36	
123	89.8072	74.8915	62.1816	50.8022	42.1889	36.6918	32	
122	96.6936	72.2428	47.9575	40.4236	33.4691	33	
101	79.3441	62.4894	46.9234	40.126	36.841	34.7183	33	
108	89.5764	73.5039	58.4485	44.1392	36.6568	32	
120	93.3402	67.9794	55.0206	43.9175	38.4124	36	
122	94.8216	71.5964	51.307	43.3425	37.9649	35	
114	97.2251	80.6678	65.677	51.0343	39.1548	36	
103	78.2543	62.9681	48.2573	34.7335	32.8632	32	
111	89.1089	67.6605	51.3598	39.1827	36.2768	36	
123	97.8346	73.8074	56.5584	46.4416	38.9805	32	
119	101.329	86.7183	72.6901	59.4319	48.5399	41.0094	35	
101	85.8422	73.5716	61.453	53.0953	45.9722	40.1978	36	
108	87.2107	69.0762	54.3032	41.5213	33.471	33	
111	90.4519	70.7951	54.1407	41.3568	37.5568	35	
108	86.8404	69.2024	51.6547	44.16	37.8392	32	
117	87.3387	64.7454	48.0421	37.3193	33.0906	33	
118	91.6299	71.773	58.7468	49.2684	40.0283	31	
121	99.9588	84.7952	73.5208	62.9019	53.31	43.7617	35	
102	79.7817	61.9392	47.1784	35.5299	32.2635	31	
102	84.6762	68.3785	53.896	46.1614	39.8081	37.0852	36	
119	100.503	84.4432	68.5958	54.895	44.3742	39.8691	36	
115	88.2576	62.5538	48.144	39.1217	35.3895	35	
111	95.3468	79.717	64.3204	53.7061	43.1617	36	
101	83.1377	67.087	55.5833	44.6957	36.6522	36	
116	90.4029	64.8057	47.7291	43.9501	40.4207	37.426	36	
118	85.629	54.5221	41.1131	36.192	31.4515	31	
103	86.5586	72.6249	61.388	51.1683	42.6756	34.3011	33	
106	86.9118	71.6904	57.3855	48.132	40.5995	35.0116	33	
104	86.249	68.6593	54.2792	42.0328	37.335	35.2193	34	
112	94.6797	78.8403	65.981	54.8194	47.7576	40.7681	36	
103	84.2511	66.7178	50.0499	38.5327	35.9367	34	
107	88.1531	71.993	57.4528	45.4216	36.986	31	
105	88.1382	72.9485	60.5187	48.371	37.1701	33	
111	88.7361	67.9231	52.6385	43.783	38.4296	33.4515	31	
110	84.81	68.7775	52.7725	43.2575	36.2175	33	
102	82.7485	63.6797	48.4897	37.2596	32.0812	32	
115	98.9324	83.1582	67.8565	56.2377	45.1403	35.8517	33	
113	89.9051	68.0404	50.0901	42.485	36.3897	32	
112	82.5903	59.654	42.9611	34.6803	31.6243	31	
109	83.991	68.4076	58.1718	48.8812	40.5628	35.5394	34	
107	87.9742	70.5602	57.6077	45.8935	38.9357	33	
103	82.2591	61.9654	47.2343	38.5969	35.1307	32	
117	90.5732	71.19	55.8318	43.81	33.7741	32.3442	32	
106	89.2647	74.5419	61.1065	52.2584	43.519	37.6263	34	
118	96.8445	78.9555	64.9454	51.4967	40.0641	32	
109	91.1356	76.1326	62.1865	48.4466	35.2481	32	
104	84.0684	68.8325	56.4584	46.019	38.0786	33	
115	101.504	88.3501	75.2432	62.4631	51.2707	40.7011	36	
104	86.5263	70.3671	54.6284	44.8488	38.9424	34	
114	89.6777	72.6332	55.8322	42.3318	39.1664	36.975	35	
114	97.5085	81.1255	66.2397	53.7843	41.7412	31	
118	84.629	59.2721	46.9753	38.9187	36.1625	34	
116	98.7637	82.3125	67.414	55.4114	46.7583	39.3788	35	
123	98.8437	76.5226	57.0852	43.3031	37.4232	36	
106	87.5437	73.6031	60.8898	48.8249	38.0104	35	
101	82.5721	66.619	55.549	45.606	35.7292	35	
106	84.5265	65.3425	48.4963	40.9528	37.3859	35.2651	35	
116	95.79	77.1264	59.1294	41.9589	35.6132	35	
102	83.0465	64.9583	51.3583	39.5427	36.5416	34	
114	91.066	72.6907	59.8138	48.2058	37.4438	35.8459	35	
111	90.5703	71.4491	57.0106	43.3296	34.9511	33	
113	94.4835	77.5558	63.6164	51.1145	41.9602	38.1586	35	
112	97.595	84.1403	70.7897	58.8795	47.4446	38.6828	32	
108	88.8862	74.0357	59.2799	47.1532	38.2713	33.4159	31	
106	93.1404	80.9688	69.2338	59.2981	50.4869	43.1045	36	
117	83.9652	70.5763	57.8939	45.817	35.2203	33	
113	91.0423	71.8973	54.1231	38.8071	32.0473	32	
116	92.1864	69.6437	48.1563	38.7316	35.4941	33	
107	86.9902	71.4107	60.4085	51.0649	42.7503	35.0445	32	
106	89.8416	74.7593	61.7931	49.8851	42.4605	37.1879	35	
112	94.8025	78.2715	62.2779	47.1656	37.0621	33.8806	31	
102	81.3249	65.4306	54.1914	45.1329	39.3665	34.9841	31	
111	91.1522	75.6693	61.0305	48.2653	40.8533	34.8619	32	
109	80.7441	68.86	58.8043	49.2471	41.0612	35.1607	33	
119	84.5273	57.551	44.8283	37.8598	33.267	32	
108	86.7044	69.547	56.6673	50.0647	43.8109	38.4405	34	
119	93.9402	73.7681	58.0598	45.431	34.9494	33	
106	92.8378	79.9664	69.3812	59.0602	50.8405	43.2947	36	
109	82.6643	64.738	50.9991	44.3546	37.8485	32	
112	93.9956	77.0503	61.9289	51.0831	41.5317	32	
101	80.3214	62.7151	51.8677	43.9034	36.1992	32.8433	31	
112	88.3628	66.8813	51.7164	45.124	40.0858	36	
122	99.6166	78.0219	60.7879	46.546	38.938	33	
102	86.7157	75.0073	63.9526	53.0133	42.9968	34.576	31	
108	90.3117	74.2281	58.626	47.1429	39.7609	35.4101	35	
114	93.3216	76.269	61.9633	48.0971	39.9224	35.857	35	
116	98.5045	81.1471	63.9278	48.8584	41.1264	33.6509	33	
116	93.956	76.5659	60.4699	45.5998	37.8129	33	
118	98.9309	82.0603	67.2537	52.8958	42.2171	35.3971	31	
107	89.3716	72.6854	56.3341	43.3536	37.5542	35	
104	89.4834	76.3567	64.0484	52.9757	43.6789	35.3859	31	
121	91.244	69.8991	51.8088	35.5783	33.2536	33	
121	102.563	84.2633	67.4672	52.7999	38.6794	32	
107	83.1065	68.966	55.0211	44.7372	35.7946	33	
107	87.526	68.2176	56.2739	46.1507	38.1515	36.331	36	
118	80.5161	64.4922	52.2815	43.2351	36.0142	35	
102	79.1959	62.5979	48.7904	39.8179	34.3093	32	
119	85.9005	62.8111	53.2732	44.3019	38.1636	35	
123	98.4134	78.982	63.7685	52.016	42.3183	35	
113	90.1701	74.7542	59.8751	48.5752	40.6244	36.5084	35	
105	88.8485	73.0666	57.6913	46.2892	38.1395	34	
114	92.2373	76.6134	62.0965	49.3659	41.1389	35.5787	35	
103	80.4188	63.2479	46.3903	41.0369	36.2814	35	
106	82.813	63.4236	50.0492	41.298	36.4153	35	
102	84.5018	69.1447	55.0917	42.732	38.0217	33.6228	33	
123	100.872	80.3311	62.3952	49.3464	42.574	36.1488	36	
112	91.3441	72.3774	62.2205	52.2774	43.2538	35	
115	87.7531	73.6814	59.6487	45.9278	34.9745	34	
115	89.0075	66.8907	49.5742	40.4004	36.3468	34	
104	81.5604	65.3423	50.0302	42.2081	34.8087	32	
115	97.9274	81.105	66.3743	52.5911	40.667	36.7698	35	
119	99.0452	82.3223	66.7261	51.7526	40.9301	37.1052	35	
112	89.4726	69.2764	55.3353	44.6024	35.8315	32	
115	90.313	70.6636	52.9923	40.3586	36.0331	33	
111	92.7208	76.3728	60.1396	44.7667	35.13	31.4971	31	
102	80.166	62.9485	51.1505	40.3339	34.6022	34	
106	86.1813	67.6451	49.4352	41.6943	35.4223	34	
112	88.5843	70.6881	59.0639	48.2202	38.2128	33	
114	84.5255	68.2233	52.8498	44.2516	39.5398	35	
108	87.0567	69.7524	56.4586	44.7987	35.8371	32	
121	89.1114	64.391	54.5431	46.0685	37.7614	32	
112	93.8773	76.4966	63.2338	51.1396	40.0285	34.7976	34	
114	98.6944	86.5549	74.4492	62.716	51.4569	41.3491	35	
119	99.0364	83.1231	68.3612	55.0384	44.594	36	
122	92.7838	70.7691	52.8237	44.978	38.8596	34.7026	34	
111	89.9822	74.575	61.7787	49.5651	37.5026	33.5968	32	
112	89.2815	67.4863	47.076	41.4632	36.9438	35	
110	87.0181	67.6003	52.705	43.3157	34.7128	34	
105	77.2172	57.5456	46.177	37.5867	36.3412	35.2555	35	
114	94.4224	75.7191	61.0466	48.7199	37.5022	32.3199	32	
111	95.4213	80.5598	65.8705	54.3658	44.0087	38.4428	35	
106	89.6062	74.7657	61.6304	50.8757	40.9482	35.3936	32	
119	96.9018	76.1079	57.1701	49.8459	42.647	39.01	36	
105	78.1328	65.8812	53.716	44.6065	35.8142	31.3171	31	
119	94.8016	76.3344	61.4333	49.5124	40.5718	34	
102	78.1088	66.0675	54.9837	45.4559	38.4657	36.2873	36	
103	84.1084	69.5473	55.9317	47.6678	41.0869	36	
123	94.4412	72	54.7647	40.0588	33.8235	33	
106	84.3512	67.6845	52.1796	41.3217	33.8597	31	
123	100.043	79.1549	66.3093	53.4867	41.2386	37.4699	34	
120	99.5309	80.6577	62.0159	45.6406	32.1796	31	
121	103.37	86.1847	70.1885	54.9912	43.1317	32	
105	87.0932	69.2354	55.6096	44.7481	34.7673	31	
113	94.6284	76.9464	61.7931	48.4406	36.659	33.1341	33	
116	93.0137	77.0875	63.2019	50.4422	42.9834	36.7912	34	
119	98.4925	78.0993	63.1043	52.4792	43.5679	37.827	33	
101	86.0496	73.6907	63.1745	53.1076	43.4153	37.7976	36	
119	101.249	84.0299	68.6973	54.8794	41.1145	32	
113	80.9691	49.2677	40.9634	34.3397	32.8238	32	
103	76.6676	60.0554	44.0284	38.7294	34.7958	33.0403	32	
111	91.591	74.6407	57.7849	43.6241	32.5839	31	
113	83.6167	55.0989	46.6256	39.7011	35.6011	33.1411	31	
102	80.5191	60.621	40.9993	35.3715	31.9547	31	
107	91.7801	76.699	62.173	50.5923	43.576	36.6986	34	
117	97.2444	78.0633	59.4295	43.0942	37.2934	34.0372	31	
114	89.9094	73.7052	57.6448	44.3763	38.2457	33.6118	32	
118	101.819	86.1948	70.9011	55.6693	41.7584	36	
103	86.4498	71.4089	60.9133	50.834	42.9579	35.342	33	
102	84.8591	68.2983	56.0414	45.8055	40.2291	36.3743	36	
110	87.0185	67.9688	52.5971	42.4	35.5259	32	
102	78.9812	63.3485	47.9378	33.4157	32.1107	31	
119	84.6319	59.4662	47.1838	37.0049	34.7512	34	
115	78.6232	56.1552	43.6455	37.2672	33.1934	32	
106	91.427	77.0646	63.9504	51.0769	38.2936	35.6016	35	
119	89.0157	70.622	57.5512	46.1811	36.0394	31	
112	90.1967	73.8689	58.0984	48.5902	39.7377	37.541	36	
117	92.4773	74.9884	62.6152	52.2881	43.9753	35.9503	34	
103	88.6709	74.5403	61.1316	48.0478	38.9342	35	
115	96.2223	79.0093	63.6143	50.6816	42.3283	36.8284	36	
114	88.8841	65.0404	51.0104	40.6879	37.0895	34	
115	97.4157	80.1301	63.8004	52.3496	44.6627	37.8321	36	
117	99.2278	81.5809	65.6047	51.6124	38.3929	32.4619	31	
101	80.6859	63.9182	48.8528	37.9864	32.9646	32	
110	85.9446	64.395	48.4037	36.6949	33.1869	31.9567	31	
110	90.5609	74.2872	59.8803	48.0099	37.3163	34.1915	32	
111	95.0591	79.6976	65.0208	51.3973	40.9515	37.6861	35	
115	98.8424	83.6507	69.3196	55.1641	41.6233	36.3193	33	
102	87.3031	73.7288	63.3007	53.4929	44.0249	39.2244	35	
104	87.1701	71.2336	57.1463	43.2876	38.7996	35.496	34	
102	83.0834	68.0816	55.6798	44.3238	39.0642	36.4344	35	
113	92.1225	74.7574	58.968	49.8094	41.7342	33.6918	31	
116	89.0653	71.2532	56.8427	47.1017	41.4735	36	
121	97.4456	78.5955	60.5679	44.7772	38.757	33	
102	79.8085	59.4	43.9265	37.3996	34.0883	31.6686	31	
110	93.6632	80.6061	67.6737	55.3432	44.1752	38.1138	35	
115	70.158	53.7955	44.0161	39.9612	37.2421	35	
112	95.5682	80.5727	66.2101	54.6714	47.1249	39.8219	36	
107	82.7681	62.5748	50.1368	40.1516	35.3449	33.561	32	
105	90.5021	76.8529	63.6021	50.4552	42.1757	34	
116	89.6774	67.2801	49.2699	35.1851	32.3565	31	
109	92.4926	76.4949	61.4071	47.8664	41.5146	38.0202	36	
123	102.424	83.8612	66.1036	49.4479	41.4802	37.6024	34	
108	90.6088	73.3933	56.6267	47.004	38.2987	35	
117	94.7548	73.7309	52.9943	35.8495	34.2452	33	
119	97.0816	75.2737	57.3767	49.5771	42.131	36.2758	34	
103	85.8624	69.0089	56.8083	45.549	38.2855	35	
112	94.7172	77.4529	63.3124	52.3882	43.2754	36.2144	32	
115	90.5197	69.7495	50.2712	42.5859	35.6625	35.2319	35	
120	102.701	86.2544	70.957	56.2936	42.2247	32.1783	32	
103	87.529	73.4999	61.0097	49.7508	39.9984	35.4624	33	
110	90.2443	72.3455	54.5381	40.6269	37.3698	36.5784	36	
121	96.2878	73.4677	52.8014	39.0336	32.63	31	
115	80.2115	67.2308	56.6731	46.7644	40.0577	34	
112	90.4111	70.8262	51.9472	42.7241	37.6002	34.7308	33	
102	83.3391	70.1013	57.5895	46.0599	36.4305	35	
109	93	78.8519	66.1852	53.5556	43.1481	37.2037	33	
108	88.0411	70.6403	57.4498	46.924	36.9312	34	
121	101.864	84.2698	67.5765	52.3532	42.0384	34	
117	96.5155	80.7211	67.0056	58.1831	50.6789	43.2761	36	
104	84.6855	66.4864	54.5885	46.3304	38.542	35	
101	83.7614	70.8324	58.9475	49.5284	42.9084	36.6439	35	
111	92.3465	75.5417	59.0692	46.6682	38.5462	35.555	33	
123	93.6994	65.5788	46.5039	39.9162	35.721	35	
121	101.537	83.2379	65.6156	50.6166	36.5695	33.2482	32	
119	98.469	79.9746	65.79	52.1027	41.2807	36.071	36	
123	101.577	83.3319	67.4646	53.7748	41.9369	36.1055	31	
101	84.7389	69.0617	55.667	48.0231	40.8214	35	
116	96.6094	78.0186	60.052	46.104	38.8277	33.229	32	
106	91.1333	77.7443	65.7067	53.9035	43.3616	36.7662	33	
115	97.2138	79.535	62.8582	46.6824	36.34	36	
117	91.4061	72.7257	56.6482	46.5624	37.3714	31	
119	88.6825	70.4683	54.2381	42.2937	34.2381	34	
123	102.613	83.2104	65.9497	49.0959	35.9469	31	
118	94.5248	72.2481	54.4268	41.5819	36.3449	34	
121	97.2474	76.1193	63.0236	50.405	42.3991	35.7717	31	
110	85.3773	67.1607	51.7912	42.6961	36.6854	36	
123	97.6923	73.1385	60.0269	49.7962	41.3154	33.3192	32	
112	93.1418	75.7867	62.1591	50.0946	43.7618	38.3308	33	
123	103.458	84.2717	65.5032	48.4486	38.5418	32	
121	95.4558	75.479	57.7053	43.4744	31.8038	31	
116	98.2465	81.5501	67.6579	53.7658	42.9368	33.1002	32	
119	99.0547	83.0149	67.6017	53.7757	43.5838	35	
110	82.9636	65.8354	49.6289	37.6853	34.805	33	
115	92.3414	72.1324	60.3183	48.8104	38.9356	34.955	31	
120	93.4139	73.2882	57.7353	47.3402	37.5831	32.8242	32	
107	90.8158	75.4552	60.6917	47.9873	41.5012	35.2829	31	
119	90.5783	70.2115	56.6745	45.5264	37.9003	33	
109	90.1593	75.6991	61.306	47.0693	37.3249	31	
118	92.7111	70.1577	51.4391	41.1412	37.3868	35	
105	82.8724	65.8162	53.5812	45.0076	36.8206	34.8193	33	
107	92.6188	79.5213	66.4412	53.4305	44.5832	36.9849	31	
105	85.532	66.5513	54.6365	46.5716	40.1878	35.7533	33	
114	93.461	74.7448	57.7179	42.5359	35.2673	33	
118	89.2521	65.9993	50.3528	39.3049	36.0367	33	
118	95.0826	73.9084	64.4254	55.4769	46.5982	39.4161	35	
103	87.8587	74.5487	61.2551	48.174	41.2738	34.6842	33	
105	84.4196	66.7853	53.9356	42.9246	34.1701	33	
121	100.83	82.516	64.9361	49.3141	35.5683	31	
119	91.6464	72.3602	55.4375	43.62	34.7017	33	
117	97.8991	82.5435	67.2219	51.9344	42.8436	38.145	36	
111	88.8744	67.2134	53.0396	41.3442	38.4785	36.7487	36	
123	100.28	81.2877	62.6771	48.4697	37.6086	33	
108	85.4517	68.4505	55.0775	45.8423	38.3162	34.2383	31	
102	82.6999	70.4146	58.2407	46.438	36.3796	32.965	32	
121	92.9266	69.0772	50.2966	39.8016	37.1697	36	
118	97.6281	81.4637	67.1102	53.2893	40.1607	31	
114	81.6088	64.6337	49.5294	38.9979	34.8407	32	
115	99.1245	83.7104	70.8758	58.4606	46.1922	36	
101	86.9042	72.8933	59.8033	48.13	40.14	33.9775	33	
104	83.8523	64.4297	52.5432	41.931	33.5819	32.3515	32	
113	91.4513	70.5172	55.5849	46.2929	39.9295	36.1332	34	
102	76.2392	62.3118	49.6807	40.4733	33.8586	31.5651	31	
110	92.8974	78.2954	64.6903	51.0851	41.642	34	
123	105.867	90.3476	75.3262	61.8326	49.7983	39.6352	35	
108	87.4651	74.6627	63.9905	54.3195	44.8189	36	
120	99.3165	81.4322	65.7251	50.0181	41.487	34	
108	88.4032	69.6331	52.4556	38.7258	34.5121	33	
121	100.151	80.9333	62.1546	48.6457	35.7014	32	
116	93.8285	74.7631	57.2777	46.1651	35.5346	32	
117	98.1761	80.5213	62.9835	46.118	38.8398	32	
111	91.2524	72.366	53.539	42.3437	34.3259	31	
105	90.499	78.2908	67.9517	57.9194	49.6686	42.2063	36	
117	91.6991	74.1997	59.6802	46.0003	38.0362	34	
112	93.5775	75.3323	58.3087	44.5952	33.7585	31	
110	91.1278	73.2411	62.7566	52.314	41.9762	36	
101	82.4435	64.0005	52.7909	43.7209	35.8628	32	
119	98.6724	78.6845	66.2841	56.3185	47.4004	38.8504	35	
109	91.977	75.9263	60.3873	47.3045	39.1001	34	
113	78.7308	58.5769	46.0385	41.3462	37.6538	35.6538	34	
117	82.5137	69.8805	57.3257	45.281	37.042	31	
103	85.2822	68.7914	57.6994	49.3804	41.2822	35	
109	89.201	69.6678	55.339	43.4906	32.8382	31	
114	96.7297	80.6972	65.6316	50.6821	38.7882	35.2104	32	
102	88.3053	75.2672	63.3282	51.6031	41.4656	36.2443	36	
105	81.574	61.4537	51.1724	40.917	32.6658	31	
107	83.7446	67.5621	51.917	37.2339	33.8672	32	
116	96.4461	77.2379	61.2491	48.134	37.6116	34.241	31	
107	85.664	66.8271	51.5501	43.8409	38.2299	35	
111	94.2134	78.9979	64.0098	52.5982	42.551	35.026	33	
101	80.6048	64.6855	50.7016	42.7903	37.1048	35.2177	35	
120	98.8784	83.5681	69.098	55.9583	45.0824	38.1741	35	
115	92.4153	69.8307	51.9569	39.2928	36.0783	34	
104	83.7531	66.8558	52.8174	39.7604	35.7708	34	
103	86.9061	70.9624	56.9906	43.169	37.5352	34.23	31	
103	85.2927	72.5198	64.0901	55.7633	47.8477	40.3433	36	
122	98.7496	78.5254	59.433	44.0804	34.9524	32	
105	86.2096	67.6242	50.3826	40.3838	31.1822	31	
102	80.9246	62.4404	50.3911	41.1922	34.9516	31	
110	90.9002	76.5853	63.7198	52.2242	40.9867	32.2707	31	
112	83.071	64.9597	51.1387	42.6806	39.1258	36	
101	84.2559	68.0007	53.0103	41.1056	32.4047	32	
101	82.4883	64.3532	56.6698	49.2312	42.979	36.8586	32	
122	101.978	81.9867	63.2558	46.6862	39.8723	36	
113	92.0873	76.2242	64.4994	53.809	44.6212	38.7095	36	
123	90.9259	75.415	62.4762	51.0964	40.2231	32	
103	87.2041	72.744	59.7199	48.9165	39.5492	31	
101	83.2614	67.3757	53.9052	41.9753	37.6864	36	
106	84.5039	64.8387	51.0945	38.7294	32.856	32	
120	89.5342	64.8287	45.8167	37.6592	32.6648	31	
105	85.1106	72.4735	61.3998	52.4322	44.9194	37.6672	32	
106	90.6035	76.6154	63.3236	50.4203	40.3502	33	
106	85.0201	64.262	51.8181	41.4529	35.8823	33	
108	87.6677	71.3773	59.2108	48.2547	39.0426	31	
117	100.939	86.7533	73.2018	61.2616	51.831	42.6381	34	
121	94.8715	70.7832	55.5799	46.5962	40.969	36	
104	86.681	71.3063	60.9831	50.7199	42.2208	37.1093	33	
107	90.6132	76.4769	65.5582	54.7978	44.5473	35	
107	91.2176	76.0222	61.9073	48.8962	36.3782	31	
114	87.2971	68.4169	49.9328	42.11	34.6834	33	
102	80.1983	59.4855	45.8855	41.3445	37.3131	34	
115	94.7862	75.1081	56.6965	48.1726	40.3549	33	
119	99.1425	80.7315	63.9425	48.6438	38.8027	34.6164	31	
110	90.449	72.5698	61.1124	50.5316	41.541	34.8949	32	
103	81.9172	65.6047	53.892	42.371	34.7046	32	
117	93.2201	72.184	52.1106	42.0017	36.9232	34.4923	33	
118	95.8407	75.9617	62.0756	50.4113	39.9163	34.6835	31	
109	85.9642	65.1951	52.9997	42.8738	38.9565	36	
106	89.5241	73.4272	58.066	44.8897	36.975	33.5862	31	
101	81.2053	65.7947	55.5561	45.8425	40.4606	35.8138	35	
106	85.3259	65.3148	47.3877	37.4177	32.2314	31	
114	82.2193	63.3592	48.7802	41.4907	36.1682	31	
112	82.9139	65.1055	52.7766	43.9839	38.6955	35	
121	90.1075	72.7094	56.792	44.1388	38.418	33	
109	88.9938	74.9414	62.4125	51.4071	42.0856	34.1874	31	
112	94.5528	79.0486	66.469	56.9943	47.8801	38.8059	35	
112	91.1523	74.2372	59.3109	45.0102	37.2342	31.9608	31	
116	91.1	71.0984	56.3693	42.4906	35.4492	33	
121	94.791	75.8171	58.3198	47.6147	41.0071	35.9129	32	
110	91.329	73.9743	59.5715	45.996	34.5077	34	
114	86.2639	61.8718	44.8705	37.2831	32.3372	32	
114	88.8639	70.9243	53.373	39.8859	37.3231	34.9674	33	
112	94.3936	78.9267	65.03	53.3905	43.0661	36	
122	89.908	65.2456	42.2976	38.6049	36.6266	35	
103	88.6233	75.6614	65.5749	56.812	48.4598	40.9748	36	
111	88.7198	70.1484	55.478	48.2802	41.6319	36	
108	91.4862	77.0459	62.9541	51.8349	43.1193	36.7339	32	
102	82.7143	65.8071	55.7357	46.95	39.9214	36	
121	102.002	84.3044	67.1723	50.6055	39.7495	35	
101	84.5162	69.7665	58.4071	48.8987	42.2545	36	
114	90.3885	73.0963	56.5444	48.3478	41.2881	36	
101	72.701	45.1659	40.7286	36.4676	33.9991	33	
121	103.906	87.143	72.7874	62.1646	51.5418	42.0179	36	
118	90.1311	64.0273	49.3497	34.9973	33.7432	33	
116	96.7851	80.0172	66.6791	54.3238	43.6332	35.5702	32	
123	95.912	71.8271	57.8926	45.5499	38.2824	36.4505	36	
115	90.8641	70.7205	50.8622	38.7034	35.6443	33	
118	95.4285	74.7931	59.3548	47.2284	38.2609	35	
106	81.9574	63.9117	52.5506	43.6928	35.6327	35	
109	91.0546	73.4392	56.0268	43.3355	36.1269	36	
103	81.3385	61.4707	49.7431	40.775	35.9736	32	
120	99.0936	79.291	62.1694	47.5258	35.9462	35	
122	100.613	83.6592	66.8007	54.5183	43.3741	38.5608	36	
118	89.132	66.8361	46.3776	41.5015	37.2261	35	
117	95.5581	75.8262	57.5118	43.6972	37.5774	34	
120	97.4853	75.7875	55.2383	43.9555	37.293	34	
104	85.6658	67.5225	52.7024	38.7989	35.1894	32	
112	95.9834	80.3446	66.8967	54.7836	46.1457	38.5151	33	
114	89.4908	71.8893	56.048	44.8229	36.155	33	
121	97.7244	75.4273	59.4909	44.4165	35.1901	33	
122	96.2407	73.1767	58.0764	46.4679	39.9132	34.5224	31	
122	91.4091	65.7165	47.2634	39.9315	33.6469	33	
121	94.6991	70.4865	57.1642	47.5955	39.0048	32	
120	103.217	86.4894	69.7988	56.3982	46.1399	36.7872	32	
108	77.1506	58.5188	47.8285	38.5126	35.2291	35	
119	92.853	69.6738	51.9613	41.6525	32.0621	31.0312	31	
103	87.6955	76.526	66.6261	57.2238	48.1647	39.9119	36	
111	91.5296	72.2089	55.8837	42.3827	33.6745	31	
105	88.7956	73.7067	58.9897	45.623	36.5618	34.4482	33	
105	90.2986	76.0224	64.2319	52.8011	42.1879	33.9951	32	
102	85.5139	69.6192	54.8149	40.6575	37.5155	36	
110	85.3491	64.0708	52.2052	42.1486	35.342	32.5519	32	
101	81.3504	62.2991	47.3434	40.1186	36.4372	36	
119	95.3593	79.7703	64.5928	53.1712	42.084	32	
113	95.764	80.0472	65.3251	51.019	38.612	34.1266	34	
117	95.8525	77.0105	62.9122	51.4904	41.2347	35.7755	34	
123	101.212	82.68	65.807	50.3113	35.0974	33	
113	95.4992	80.6394	67.2409	56.008	45.6731	36.5705	34	
113	95.2696	79.5373	65.9082	55.1396	45.9484	38.4398	36	
118	97.1498	81.812	66.5028	52.993	39.7403	32.3999	32	
113	87.4697	67.1965	54.4704	46.7931	40.417	35.3422	33	
101	75.6984	63.0342	52.663	42.6116	34.7732	34	
105	91.4961	78.4857	66.1333	53.9454	42.5052	36	
102	80.7401	63.0458	45.5744	39.1786	34.3205	31	
107	81.8037	65.0203	54.7379	45.0503	36.8073	36	
111	93.2648	75.5485	60.2954	47.4677	38.7327	35	
118	95.6065	76.8536	61.6103	49.0123	40.9192	36.4143	35	
120	96.3237	76.8658	58.5538	47.0448	36.4868	33.0732	33	
102	83.0813	66.0781	52.3532	45.4611	39.5959	35.6068	33	
121	94.4492	79.5294	66.0535	56.2139	48.1925	41.1337	36	
106	88.9351	73.4334	61.0395	49.1667	39.1548	34	
104	87.5789	72.3096	59.7523	47.9009	41.1765	35.6037	32	
123	84.8533	66.2551	50.2815	38.8782	34.5793	32	
103	86.899	72.5453	60.688	49.1426	38.1174	33	
106	90.9603	78.8316	66.8089	54.7863	42.7788	36.1535	33	
105	90.3807	77.1121	64.1106	52.9495	45.4691	40.3042	36	
114	73.5699	61.2258	50.4301	43.2043	38.6022	34	
123	99.6951	76.7016	54.6942	42.8082	32.4014	31	
121	102.347	83.963	65.5995	49.4875	40.0269	33.5407	31	
123	103.819	87.3306	71.6891	58.164	47.6979	41.0219	35	
103	80.2548	63.9746	50.4165	42.224	38.1932	35	
103	83.7607	68.5344	54.4885	45.0852	36.1738	33.0459	31	
115	95.3074	80.2895	67.4621	54.8381	42.9592	33	
107	90.9466	75.3958	62.8279	51.1481	43.1214	35.5974	33	
102	86.2663	71.0542	56.4143	44.3489	36.1371	34.3534	34	
110	87.4252	70.255	53.3343	46.4745	40.2384	35.6652	35	
122	92.7369	71.9486	54.8514	40.9728	36.2482	33	
110	93.1677	77.3611	63.4044	52.8911	45.3999	38.1468	33	
122	102.641	86.2308	70.0769	55.3333	43.9487	33	
115	97.0674	83.8925	70.8523	59.0642	47.488	35.931	31	
110	85.6588	70.0815	56.0385	42.4376	36.3263	35	
113	86.4761	65.2139	53.6654	42.9533	37.125	31.8095	31	
117	84.4008	57.1421	47.4625	39.0067	35.7802	34	
104	84.0406	68	54.4569	43.6548	36.0203	32	
107	82.9589	65.161	49.2511	39.4584	33.0391	31	
104	86.6101	69.4335	58.1069	47.6694	37.9254	33	
104	84.1405	64.7361	54.2035	44.9676	36.3687	31	
119	99.546	82.5965	67.074	52.9495	39.2326	36	
121	102.603	86.1236	72.8801	61.2048	50.4257	40.9163	33	
114	86.4944	61.2005	48.1486	43.2268	40.5791	37.9625	36	
108	88.7704	69.6085	52.3876	40.2224	34.8282	33	
108	86.7767	69.7504	54.6556	42.8993	34.5531	31	
112	84.1343	61.4167	47.7383	41.9018	37.023	34	
105	84.3914	64.3852	51.6917	40.9512	31.9972	31	
103	81.1119	62.6625	46.6352	37.3956	34.7941	33	
108	90.9956	76.0702	62.2235	49.9066	38.7272	32	
115	90.2966	72.4948	56.6032	43.3092	38.0374	36.5603	36	
116	97.6969	80.2118	63.1102	48.1047	36.5758	33.4827	32	
112	89.8565	71.2584	56.0813	46.3469	38.1364	34	
118	87.2618	64.86	49.5252	37.9298	34.362	31	
105	86.5413	70.9835	57.9492	48.2728	38.8944	36.4505	35	
107	87.998	69.972	54.542	41.1471	37.5959	35.6022	35	
111	85.8367	68.3982	53.3232	45.4543	38.4789	36	
105	84.1684	66.0856	54.4609	46.2475	40.816	36.5768	33	
114	98.3468	84.2482	71.229	58.5553	47.9328	38.9511	35	
119	97.5317	83.6644	70.8523	59.2246	50.7406	42.838	35	
105	78.6434	54.3279	47.6721	42.1997	37.5555	33	
102	87.3142	72.7405	60.8893	51.2162	42.1357	36.4503	34	
103	78.4492	59.3024	48.4943	42.4461	38.7956	35.9326	34	
107	85.5161	68.2782	55.3589	47.121	40.6613	35	
109	89.9817	71.6514	54.8624	46.055	38.2661	34	
112	96.7795	82.4908	68.9787	56.2604	44.9399	37.1916	35	
116	95.6862	77.8066	61.8443	45.925	37.2868	33	
120	85.8834	69.3952	54.6652	45.4471	37.6544	32.2376	32	
115	96.1163	77.5013	59.769	44.8386	38.2562	34.7059	32	
120	94.5604	71.6931	54.9477	42.1379	33.5723	31	
113	88.6268	66.6653	54.4362	43.3703	35.5107	35	
109	93.265	78.4748	64.0103	52.0218	43.5028	35	
109	90.7869	74.504	60.2539	48.5499	37.5851	34.0739	32	
102	84.3778	67.9406	54.9062	44.1506	35.1572	33	
101	84.1071	67.9321	53.6576	40.1433	34.2519	32.1614	31	
118	82.4448	62.8771	50.0282	39.0428	35.5609	32.3241	31	
102	88.6028	75.4771	64.2886	53.1725	43.197	35.1949	34	
102	81.7607	61.8506	43.8875	39.7738	35.907	33	
109	74.8837	55.9386	44.1599	36.9554	32.5718	32	
122	102.566	87.5951	74.2277	61.0083	49.4167	39.0089	36	
112	91.9053	72.0405	57.9825	44.3215	37.6999	33	
105	85.2871	65.6344	49.5075	42.7763	38.5292	34.6427	33	
116	92.8516	77.9909	66.8453	55.9039	45.2891	36.3482	31	
103	83.8063	66.9641	51.7743	43.0672	38.5972	34.9745	34	
118	98.0722	79.3563	64.1412	52.4	43.2979	36	
101	81.7544	65.3128	52.6099	44.3891	37.9952	35.2549	35	
111	84.0244	57.2272	48.6992	40.421	35.9964	32.8564	32	
110	92.1216	74.3049	56.8992	45.8023	39.2674	36	
117	96.2842	75.7986	58.5067	43.7467	39.1432	35.3453	35	
122	88.6636	57.9743	42.3401	35.9292	32.579	32	
116	94.2978	78.3263	63.4512	51.2173	42.1477	34	
123	101.998	82.9849	64.0173	51.5154	40.4378	33	
117	87.5154	72.0014	58.7828	48.5324	41.3691	34.3244	31	
115	93.478	73.8564	58.2342	48.0035	38.6567	35.6516	33	
111	91.8739	76.5516	62.3467	48.5287	41.6948	38.7507	36	
119	101.097	83.2304	66.8604	51.6036	39.0477	36	
101	82.6027	64.6222	49.2942	40.0671	35.5768	33	
108	90.469	75.0427	63.4409	52.4551	44.6521	37.1315	34	
121	94.2898	73.3175	52.9764	38.3446	31.1434	31	
106	85.0413	65.0388	49.511	34.6716	31.8414	31	
105	86.2263	71.1163	56.689	44.1732	39.7358	36.2086	33	
123	91.7783	75.1917	60.1474	47.7153	41.6724	36.1645	35	
115	93.5862	74.2828	56.0345	46.1655	38.531	34	
118	94.1877	75.8397	60.9257	50.7491	42.9286	35.7598	32	
116	94.2322	74.9409	59.0387	46.4603	40.6273	36	
112	95.0619	80.5487	67.2389	56.3894	48.3363	41.0619	36	
116	85.6547	58.8497	41.5978	34.2363	33.3372	33	
116	96.2347	78.2164	62.8057	49.09	40.1199	36.7823	36	
122	96.9532	79.0538	66.1885	53.3855	41.9497	33	
114	81.6023	57.9959	46.5183	40.4539	37.035	35.1221	35	
121	105.279	89.6376	75.6111	61.7029	49.0555	36.7824	33	
122	99.9227	83.692	68.1837	52.8108	42.63	35	
121	93.658	77.7262	64.4648	52.1139	41.3106	36	
112	90.2137	69.4795	53.326	43.3534	37.2384	32	
108	88.4233	72.2196	60.0944	48.9171	40.1429	33	
103	85.8818	70.2883	55.4225	46.0318	39.7424	36.9529	36	
116	92.2291	75.8111	61.2314	49.5977	40.3311	36	
113	82.7154	64.2734	47.7751	38.1925	32.8588	32	
104	88.1497	73.8157	62.1617	51.9533	43.1555	37.2667	33	
105	90.0324	75.9757	62.1053	48.856	39.3951	36	
119	99.3135	81.7714	64.9363	53.6446	43.4249	35.3952	33	
110	88.1549	67.2394	47.2314	40.9235	36.3642	33.5091	33	
120	102.802	85.7367	68.9369	56.0052	43.794	36.5128	32	
114	97.1663	82.0951	67.6577	55.0621	46.7641	39.2978	33	
110	93.0976	79.5217	66.5931	54.258	43.9727	38.2366	35	
119	100.431	85.2619	70.7104	58.041	45.3716	34.8092	32	
112	90.7489	73.0868	60.0764	47.8688	39.5808	35	
105	83.2717	71.0317	59.7823	48.8411	38.6264	32	
114	84.6834	58.7359	42.5704	37.044	34.9457	34	
107	88.5531	72.8269	60.2845	52.0258	44.018	36.2224	33	
116	98.7065	82.5112	68.53	55.1589	44.1238	36	
123	99.8122	77.3757	54.991	42.3996	34.9899	31	
102	74.6558	56.2682	40.8166	34.2327	32.3939	31	
106	90.9092	75.9258	61.8013	48.3361	37.5088	33	
112	89.7762	75.5639	63.6014	53.0383	44.3408	36	
118	100.561	84.3896	69.2712	56.0627	46.0135	38.0348	36	
104	81.0166	62.8679	52.2621	42.3145	34.1134	31	
119	96.1302	77.6674	61.6863	45.7285	35.5229	31	
115	94.4828	79.0237	68.124	57.2243	47.7256	38.7493	34	
107	86.155	68.7416	52.9267	40.5434	36.7921	35.0657	34	
116	91.1095	69.4234	57.9469	47.4392	38.7201	36	
109	89.8808	73.5481	59.099	46.2755	35.4902	35	
110	93.2356	78.5796	64.1293	51.2388	40.4225	36	
109	79.5016	59.039	40.0979	36.4029	33.3599	31	
116	86.5573	67.6613	55.4009	44.9861	34.6152	34	
105	87.3751	72.7907	58.3478	44.5413	31.3889	31	
101	79.3547	59.0679	47.2726	37.2064	31.5867	31	
115	94.7629	74.7376	55.3058	39.7941	33.3098	31.0212	31	
103	84.0814	66.2128	56.0567	47.6951	41.4907	37.0045	35	
101	80.6439	63.4302	52.7322	44.8763	38.476	33	
113	73.8982	62.9415	52.6366	43.2684	36.7107	35.0815	35	
108	90.2609	73.4834	62.7212	53.2685	44.532	36	
109	88.3882	68.5011	57.229	46.6279	40.9651	37.7445	36	
103	74.9468	57.6335	44.3322	36.8328	31.4012	31	
112	93.9824	78.0224	62.2107	48.9385	36.9268	36	
119	99.7156	81.0608	66.3614	53.3148	41.6064	31	
111	89.0182	74.5308	64.8076	56.143	47.8685	41.4328	36	
109	89.4649	70.2018	55.6123	43.8417	34.8655	34	
108	82.112	66.2809	51.693	44.2886	40.7245	38.2379	36	
115	94.7391	79.7522	68.6108	57.931	47.7786	38.8128	36	
110	84.657	61.6681	50.3335	43.1258	36.9354	35.0463	34	
104	82.6665	66.7777	55.7171	47.3275	39.6913	37.3285	35	
121	100.145	82.5704	66.9293	54.3724	42.7701	32.9791	32	
113	93.2601	77.411	64.7526	55.0512	46.8543	40.5251	35	
105	70.9649	53.0351	42.9649	36.6491	33.5965	31.1053	31	
111	87.6076	71.733	58.965	49.8317	40.8227	32	
108	89.3945	74.9187	62.4632	52.8941	45.1677	37.6856	34	
101	81.6155	63.4868	48.842	36.8507	36.3849	36	
110	87.9	70.3118	56.8912	44.1971	33.2235	32	
106	83.9343	68.2674	52.9876	43.2869	36.6604	36	
107	88.7383	70.8318	57.0187	45.2243	40.271	36.4206	33	
106	78.2722	58.7096	49.5237	45.0158	41.1883	38.3248	36	
121	97.3534	74.0639	59.1668	44.6268	35.9539	32.2041	32	
120	95.142	76.3895	60.2826	51.4733	43.2454	35.8607	34	
109	92.7743	78.0563	65.8823	53.7084	41.6852	36.0693	31	
114	79.9821	56.8392	47.582	40.9312	34.6849	31	
102	81.705	67.3679	53.6718	44.2245	35.5843	33.4242	32	
123	95.8682	70.4826	56.9005	43.9652	33.1642	32	
118	93.1429	69.521	50.1597	41.6639	36.9748	34.2269	34	
108	86.2155	65.128	54.7586	44.7377	38.1152	35	
111	75.6977	49.9105	41.5147	35.9575	32.1994	31	
109	84.8653	71.9985	59.2079	47.5974	38.4612	31	
122	88.6571	57.9286	46.5286	40.2714	35.6	32	
111	88.4858	74.6564	63.0925	52.7794	43.3631	38.7848	36	
110	90.3312	75.026	61.9573	49.1737	37.5084	34.4605	34	
113	94.7586	77.315	62.5882	48.8101	36.0239	31	
121	92.4573	64.2129	48.0477	37.8176	34.3579	34	
109	92.2201	75.6984	59.6585	48.3859	40.2283	36.115	33	
119	93.9026	76.4858	64.0453	53.7413	43.7348	38.1906	36	
104	85.9941	69.9305	55.1793	44.5752	38.8007	34.2336	33	
119	95.5014	74.3527	58.3639	44.4828	36.2704	33	
107	90.5608	76.6043	64.9618	53.9461	44.1356	35.1928	35	
117	92.5053	68.1516	58.3537	49.0493	43.0577	38.1588	34	
115	96.2885	80.1923	66.0385	52.9231	42	34	
101	84.2279	67.9969	53.5332	42.1354	36.3463	32	
112	92.0862	72.977	58.3218	50.3046	43.0632	36.569	32	
105	84.213	66.9336	49.9769	41.3695	35.6671	35	
105	91.3537	77.7264	64.4988	53.2316	44.4385	36.9207	33	
114	93.9773	74.2955	54.6591	44.5909	36.0455	34	
102	84.3792	67.5252	55.218	44.0795	38.1998	35.9356	34	
109	83.9864	62.0861	50.465	44.3994	39.3538	34.496	32	
105	91.6603	79.8091	67.986	57.244	46.6004	38.5123	31	
102	84.57	70.4438	56.8683	46.3214	37.9134	34.6943	33	
121	104.841	88.8802	73.7987	58.843	46.8317	35	
109	88.1649	72.0766	60.5557	52.3705	44.2879	38.8738	36	
119	81.8263	53.3317	39.8425	36.1304	33.2548	32	
115	96.4362	80.1276	64.8422	51.6241	43.0835	37.4872	34	
117	94.5879	72.8865	51.333	41.5333	33.3619	32	
119	100.469	82.1485	67.3196	53.6054	44.8763	39.6389	36	
108	88.9846	70.2152	54.13	44.3149	36.7743	32	
103	88.8277	74.9473	61.9426	50.7624	39.8011	34.9408	31	
117	93.2812	77.5566	63.3887	50.2761	44.1287	38.7201	35	
123	99.3206	86.0981	73.1126	60.2852	48.7748	39.4505	36	
108	85.4369	63.1185	51.7146	43.307	36.7338	36	
103	83.7411	70.1813	56.7525	46.7519	37.319	34	
105	83.2829	62.1054	46.3234	38.6077	33.5899	31	
110	91.3234	77.3419	64.2746	53.5132	43.6036	38.7215	36	
121	102.39	83.8	66.1334	53.0642	44.4117	37.0239	36	
106	89.3061	75.9343	62.6127	49.3751	40.8855	33	
103	79.4668	60.3634	51.35	42.9519	35.0767	34	
103	85.1811	67.8013	56.3821	45.925	37.622	33	
104	90.2583	77.2098	64.5773	52.8691	44.6271	37.5714	36	
107	91.4733	75.9631	60.7664	51.0313	42.4182	36.5936	31	
123	101.873	83.0627	65.3206	50.1081	42.3771	36	
105	91.925	78.8499	66.6484	55.159	44.8387	37.3135	33	
114	97.1606	82.2425	69.434	58.6221	49.1664	42.4043	36	
101	80.8187	68.5904	56.5822	46.2087	36.2752	32	
112	88.1702	72.7653	58.1931	47.9068	39.9472	35.049	35	
113	88.85	66.62	47.69	38.09	35.21	35	
111	92.4896	74.4808	57.4991	44.9598	37.5556	35	
107	83.7513	67.2885	57.6363	50.3603	44.1868	39.5812	35	
102	82.5998	66.3582	54.4705	44.034	33.9818	33	
102	82.4635	68.4537	54.8082	44.8257	38.5278	36	
119	101.781	86.0812	71.0659	57.4392	44.5716	33	
115	97.5008	80.4592	63.9459	51.6401	40.3378	34	
110	88.0861	68.957	49.984	40.0941	33.6136	32	
116	92.3627	73.045	55.6323	45.4906	35.6439	35	
123	99.125	77.75	62.7	49.325	39.875	35.075	32	
108	92.5019	77.96	65.0634	53.0341	43.6285	36.4687	33	
101	77.8342	58.7981	47.0879	39.168	36.0849	36	
105	89.025	77.6263	67.6461	58.3076	49.8642	42.2482	36	
118	91.4425	72.3967	55.0558	42.8292	37.0223	33	
102	84.0023	70.0666	56.2919	42.8992	32.2815	32	
102	87.7447	73.6604	59.676	47.2026	41.087	35.0285	35	
110	88.426	67.3413	56.997	48.1903	40.3855	33.6523	33	
114	98.0054	82.0461	66.9008	52.7286	40.6441	35.23	35	
107	90.5338	75.5065	62.6107	52.0418	41.5617	34.7585	33	
120	101.002	82.0838	64.7716	51.2273	39.9238	31	
20.16	11.2	17.92	20.16	16.8	11.2	32.48	17.92	30.24	16.8	13.44	31.36	11.2	17.92	19.04	31.36	16.8	17.92	31.36	11.2	25.76	14.56	33.6	31.36	26.88	32.48	12.32	33.6	20.16	12.32	20.16	30.24	21.28	22.4	31.36	22.4	30.24	12.32	29.12	21.28	33.6	17.92	23.52	20.16	21.28	31.36	31.36	11.2	20.16	26.88	26.88	22.4	15.68	21.28	16.8	28	19.04	13.44	30.24	15.68	25.76	26.88	24.64	15.68	12.32	20.16	12.32	25.76	24.64	16.8	29.12	12.32	23.52	11.2	20.16	28	19.04	14.56	23.52	29.12	16.8	33.6	24.64	21.28	29.12	25.76	20.16	25.76	28	30.24	22.4	21.28	12.32	31.36	13.44	28	14.56	13.44	28	24.64	26.88	28	15.68	33.6	25.76	17.92	32.48	33.6	21.28	33.6	21.28	20.16	24.64	26.88	17.92	19.04	33.6	32.48	23.52	25.76	15.68	15.68	21.28	15.68	32.48	28	30.24	16.8	30.24	30.24	15.68	26.88	33.6	12.32	11.2	15.68	19.04	29.12	32.48	16.8	16.8	12.32	12.32	12.32	11.2	11.2	12.32	17.92	30.24	15.68	21.28	15.68	26.88	30.24	28	11.2	13.44	20.16	28	29.12	25.76	13.44	11.2	28	14.56	14.56	24.64	22.4	26.88	14.56	19.04	16.8	29.12	12.32	29.12	22.4	24.64	11.2	23.52	19.04	15.68	26.88	15.68	13.44	16.8	19.04	19.04	29.12	11.2	26.88	13.44	28	32.48	32.48	20.16	26.88	15.68	22.4	15.68	21.28	21.28	21.28	23.52	25.76	13.44	19.04	20.16	25.76	32.48	24.64	33.6	31.36	23.52	17.92	24.64	15.68	30.24	21.28	22.4	11.2	30.24	16.8	20.16	17.92	21.28	14.56	17.92	32.48	19.04	16.8	32.48	13.44	22.4	21.28	12.32	24.64	21.28	29.12	23.52	29.12	13.44	14.56	32.48	21.28	31.36	29.12	22.4	24.64	25.76	12.32	29.12	22.4	24.64	17.92	24.64	12.32	16.8	21.28	21.28	17.92	21.28	16.8	31.36	32.48	16.8	22.4	33.6	19.04	23.52	23.52	16.8	14.56	22.4	33.6	13.44	32.48	12.32	22.4	22.4	26.88	14.56	26.88	14.56	26.88	25.76	24.64	15.68	30.24	16.8	33.6	14.56	25.76	16.8	33.6	26.88	25.76	26.88	26.88	23.52	20.16	19.04	13.44	28	24.64	17.92	22.4	32.48	25.76	22.4	28	24.64	32.48	14.56	13.44	30.24	26.88	24.64	20.16	22.4	24.64	16.8	13.44	20.16	21.28	32.48	28	33.6	32.48	15.68	17.92	14.56	16.8	29.12	29.12	26.88	30.24	12.32	32.48	20.16	28	29.12	21.28	23.52	20.16	13.44	32.48	32.48	16.8	20.16	31.36	26.88	20.16	24.64	33.6	19.04	24.64	23.52	29.12	29.12	23.52	12.32	17.92	24.64	28	19.04	28	29.12	25.76	25.76	13.44	11.2	23.52	25.76	20.16	13.44	29.12	32.48	23.52	29.12	31.36	28	17.92	13.44	29.12	17.92	28	21.28	11.2	13.44	20.16	12.32	16.8	22.4	33.6	26.88	11.2	11.2	24.64	15.68	22.4	26.88	33.6	11.2	26.88	32.48	22.4	33.6	21.28	28	33.6	12.32	12.32	24.64	11.2	23.52	17.92	15.68	21.28	14.56	25.76	24.64	22.4	26.88	22.4	15.68	14.56	12.32	13.44	12.32	28	17.92	14.56	17.92	12.32	31.36	30.24	17.92	15.68	31.36	32.48	28	28	16.8	24.64	19.04	29.12	20.16	20.16	32.48	15.68	31.36	11.2	19.04	28	30.24	24.64	11.2	17.92	31.36	21.28	33.6	19.04	28	31.36	31.36	11.2	22.4	33.6	14.56	14.56	22.4	15.68	12.32	23.52	14.56	32.48	29.12	11.2	19.04	31.36	12.32	23.52	15.68	13.44	32.48	25.76	23.52	12.32	21.28	23.52	23.52	33.6	29.12	20.16	13.44	14.56	23.52	29.12	28	23.52	16.8	21.28	29.12	26.88	26.88	26.88	15.68	15.68	17.92	19.04	21.28	12.32	29.12	20.16	11.2	15.68	25.76	28	15.68	29.12	23.52	14.56	13.44	20.16	25.76	25.76	21.28	26.88	17.92	17.92	26.88	11.2	31.36	29.12	15.68	17.92	23.52	16.8	20.16	19.04	17.92	20.16	13.44	12.32	15.68	25.76	16.8	32.48	33.6	11.2	11.2	12.32	12.32	14.56	24.64	28	26.88	24.64	29.12	25.76	17.92	23.52	24.64	28	20.16	22.4	30.24	33.6	12.32	23.52	15.68	21.28	16.8	24.64	14.56	21.28	24.64	20.16	26.88	22.4	13.44	31.36	13.44	33.6	25.76	24.64	14.56	13.44	29.12	32.48	13.44	32.48	16.8	30.24	24.64	21.28	20.16	29.12	33.6	20.16	12.32	25.76	30.24	23.52	15.68	31.36	29.12	23.52	23.52	22.4	22.4	32.48	20.16	14.56	12.32	26.88	30.24	26.88	31.36	29.12	22.4	24.64	14.56	11.2	20.16	22.4	13.44	22.4	29.12	26.88	14.56	28	33.6	12.32	12.32	19.04	21.28	16.8	24.64	25.76	11.2	17.92	25.76	11.2	29.12	19.04	25.76	26.88	33.6	32.48	20.16	22.4	20.16	30.24	16.8	17.92	16.8	11.2	28	31.36	23.52	22.4	22.4	22.4	15.68	22.4	31.36	20.16	15.68	33.6	31.36	15.68	20.16	19.04	31.36	32.48	12.32	28	15.68	29.12	20.16	26.88	22.4	13.44	30.24	19.04	30.24	29.12	15.68	33.6	31.36	21.28	12.32	28	24.64	20.16	15.68	24.64	12.32	31.36	13.44	20.16	32.48	24.64	17.92	23.52	23.52	16.8	15.68	11.2	15.68	29.12	13.44	23.52	11.2	24.64	22.4	15.68	14.56	17.92	17.92	26.88	31.36	24.64	14.56	17.92	14.56	33.6	21.28	20.16	12.32	12.32	14.56	13.44	16.8	11.2	11.2	29.12	16.8	20.16	19.04	23.52	15.68	31.36	30.24	21.28	20.16	14.56	30.24	19.04	13.44	28	25.76	25.76	20.16	24.64	33.6	26.88	25.76	24.64	33.6	25.76	12.32	26.88	11.2	13.44	14.56	23.52	13.44	12.32	33.6	20.16	31.36	24.64	17.92	26.88	19.04	19.04	24.64	13.44	28	31.36	14.56	26.88	29.12	24.64	13.44	31.36	25.76	13.44	31.36	29.12	16.8	14.56	30.24	20.16	17.92	19.04	16.8	19.04	26.88	11.2	12.32	24.64	19.04	25.76	14.56	11.2	12.32	15.68	23.52	31.36	22.4	14.56	31.36	19.04	16.8	23.52	29.12	22.4	17.92	20.16	31.36	30.24	33.6	15.68	31.36	15.68	32.48	15.68	29.12	11.2	24.64	17.92	26.88	33.6	15.68	19.04	19.04	13.44	16.8	32.48	13.44	11.2	23.52	26.88	16.8	11.2	16.8	32.48	26.88	25.76	29.12	14.56	16.8	30.24	11.2	12.32	31.36	19.04	12.32	31.36	23.52	31.36	15.68	16.8	14.56	17.92	14.56	25.76	14.56	17.92	32.48	16.8	28	19.04	17.92	21.28	21.28	21.28	21.28	14.56	30.24	23.52	26.88	11.2	19.04	15.68	25.76	22.4	28	24.64	26.88	24.64	16.8	15.68	11.2	12.32	28	20.16	29.12	26.88	11.2	17.92	17.92	21.28	17.92	19.04	29.12	22.4	17.92	33.6	20.16	23.52	30.24	11.2	28	19.04	11.2	26.88	16.8	21.28	31.36	21.28	22.4	30.24	32.48	22.4	16.8	21.28	29.12	17.92	31.36	13.44	20.16	16.8	20.16	23.52	25.76	24.64	32.48	28	33.6	26.88	30.24	29.12	16.8	23.52	20.16	28	19.04	25.76	22.4	32.48	24.64	21.28	17.92	21.28	13.44	30.24	30.24	31.36	25.76	13.44	16.8	17.92	22.4	12.32	19.04	21.28	24.64	15.68	24.64	29.12	21.28	16.8	32.48	23.52	23.52	15.68	20.16	29.12	14.56	33.6	17.92	15.68	32.48	33.6	19.04	14.56	13.44	20.16	11.2	15.68	31.36	28	12.32	21.28	21.28	31.36	
16.8	31.36	17.92	22.4	28	26.88	16.8	15.68	11.2	15.68	24.64	22.4	28	31.36	30.24	30.24	28	15.68	16.8	33.6	32.48	29.12	31.36	23.52	21.28	21.28	21.28	28	30.24	26.88	20.16	17.92	14.56	25.76	33.6	24.64	25.76	17.92	26.88	16.8	31.36	31.36	32.48	12.32	19.04	30.24	19.04	32.48	16.8	29.12	17.92	33.6	31.36	30.24	19.04	12.32	21.28	19.04	25.76	26.88	31.36	22.4	32.48	22.4	12.32	19.04	12.32	15.68	19.04	25.76	19.04	31.36	12.32	28	22.4	12.32	32.48	30.24	23.52	31.36	16.8	12.32	30.24	23.52	14.56	30.24	24.64	11.2	32.48	12.32	22.4	28	12.32	22.4	11.2	31.36	23.52	11.2	15.68	29.12	28	21.28	19.04	24.64	12.32	11.2	23.52	25.76	33.6	12.32	30.24	20.16	20.16	22.4	28	25.76	22.4	19.04	30.24	32.48	12.32	12.32	30.24	24.64	12.32	16.8	16.8	29.12	29.12	32.48	15.68	30.24	30.24	15.68	14.56	30.24	33.6	22.4	22.4	28	26.88	22.4	22.4	20.16	17.92	12.32	31.36	13.44	31.36	28	20.16	31.36	17.92	21.28	32.48	28	13.44	13.44	24.64	17.92	31.36	33.6	24.64	22.4	33.6	15.68	13.44	11.2	19.04	23.52	31.36	25.76	13.44	13.44	15.68	24.64	16.8	19.04	15.68	21.28	20.16	30.24	19.04	22.4	14.56	26.88	20.16	14.56	16.8	26.88	22.4	24.64	24.64	22.4	17.92	30.24	20.16	22.4	24.64	12.32	13.44	13.44	15.68	33.6	16.8	30.24	31.36	32.48	30.24	26.88	31.36	29.12	26.88	13.44	22.4	21.28	28	12.32	33.6	32.48	19.04	26.88	29.12	32.48	26.88	13.44	32.48	32.48	29.12	33.6	24.64	31.36	11.2	30.24	25.76	21.28	28	16.8	31.36	29.12	16.8	30.24	17.92	29.12	24.64	17.92	14.56	11.2	16.8	11.2	16.8	16.8	33.6	14.56	31.36	22.4	32.48	20.16	12.32	20.16	30.24	11.2	28	29.12	15.68	19.04	32.48	29.12	32.48	16.8	26.88	25.76	14.56	28	19.04	23.52	25.76	19.04	15.68	13.44	23.52	19.04	26.88	30.24	30.24	32.48	19.04	28	33.6	19.04	28	15.68	19.04	24.64	16.8	29.12	20.16	33.6	33.6	17.92	17.92	23.52	32.48	24.64	24.64	12.32	17.92	14.56	25.76	13.44	26.88	11.2	28	14.56	19.04	31.36	32.48	28	19.04	31.36	15.68	19.04	12.32	17.92	16.8	30.24	33.6	33.6	19.04	30.24	20.16	20.16	19.04	20.16	15.68	20.16	24.64	32.48	11.2	19.04	17.92	31.36	32.48	33.6	28	19.04	19.04	24.64	28	28	30.24	15.68	24.64	23.52	20.16	30.24	31.36	30.24	29.12	22.4	16.8	12.32	25.76	26.88	25.76	11.2	21.28	21.28	30.24	32.48	31.36	19.04	19.04	31.36	14.56	30.24	13.44	16.8	20.16	20.16	26.88	20.16	20.16	13.44	23.52	26.88	14.56	28	19.04	32.48	28	14.56	22.4	19.04	23.52	28	14.56	19.04	16.8	33.6	20.16	14.56	16.8	16.8	14.56	26.88	23.52	29.12	29.12	33.6	29.12	26.88	30.24	15.68	21.28	14.56	13.44	29.12	22.4	28	21.28	22.4	17.92	12.32	12.32	20.16	31.36	29.12	16.8	32.48	29.12	24.64	29.12	11.2	26.88	23.52	30.24	31.36	21.28	31.36	29.12	20.16	29.12	20.16	19.04	24.64	15.68	16.8	24.64	12.32	12.32	15.68	17.92	29.12	25.76	32.48	12.32	33.6	15.68	17.92	26.88	23.52	13.44	16.8	19.04	31.36	11.2	31.36	16.8	19.04	17.92	12.32	13.44	19.04	14.56	30.24	32.48	12.32	30.24	20.16	21.28	31.36	24.64	19.04	22.4	13.44	23.52	11.2	26.88	23.52	29.12	20.16	12.32	22.4	26.88	30.24	26.88	29.12	12.32	33.6	24.64	13.44	17.92	29.12	22.4	13.44	14.56	25.76	23.52	32.48	23.52	29.12	28	13.44	31.36	16.8	26.88	16.8	26.88	23.52	25.76	28	19.04	17.92	19.04	20.16	24.64	33.6	25.76	23.52	28	30.24	17.92	24.64	14.56	16.8	29.12	15.68	16.8	15.68	28	19.04	16.8	31.36	17.92	31.36	16.8	16.8	20.16	14.56	31.36	14.56	14.56	22.4	14.56	13.44	16.8	24.64	22.4	26.88	17.92	11.2	30.24	13.44	19.04	28	15.68	19.04	17.92	29.12	29.12	25.76	22.4	26.88	23.52	21.28	13.44	15.68	15.68	31.36	25.76	30.24	13.44	29.12	24.64	17.92	32.48	20.16	30.24	16.8	30.24	21.28	28	24.64	16.8	23.52	11.2	25.76	29.12	22.4	23.52	26.88	28	31.36	20.16	13.44	29.12	31.36	31.36	19.04	22.4	21.28	14.56	32.48	17.92	14.56	14.56	25.76	13.44	24.64	21.28	11.2	30.24	13.44	14.56	13.44	29.12	32.48	11.2	24.64	13.44	14.56	30.24	24.64	15.68	19.04	13.44	24.64	19.04	13.44	12.32	24.64	13.44	14.56	23.52	33.6	13.44	31.36	11.2	26.88	13.44	33.6	32.48	19.04	28	28	21.28	15.68	30.24	16.8	16.8	19.04	31.36	22.4	17.92	12.32	30.24	31.36	21.28	28	24.64	22.4	25.76	21.28	31.36	13.44	12.32	11.2	22.4	19.04	16.8	31.36	29.12	32.48	30.24	23.52	22.4	28	22.4	13.44	17.92	13.44	22.4	29.12	26.88	30.24	11.2	15.68	31.36	29.12	24.64	24.64	23.52	23.52	12.32	28	32.48	22.4	29.12	28	21.28	26.88	33.6	28	25.76	30.24	11.2	14.56	16.8	32.48	33.6	26.88	23.52	21.28	14.56	15.68	20.16	21.28	21.28	12.32	21.28	32.48	30.24	29.12	28	12.32	12.32	11.2	13.44	32.48	17.92	21.28	26.88	30.24	22.4	21.28	17.92	14.56	16.8	24.64	33.6	13.44	24.64	29.12	29.12	30.24	26.88	22.4	31.36	25.76	26.88	21.28	26.88	31.36	23.52	13.44	23.52	22.4	23.52	22.4	12.32	19.04	20.16	24.64	22.4	13.44	32.48	12.32	20.16	14.56	33.6	25.76	26.88	12.32	28	22.4	15.68	25.76	25.76	14.56	20.16	11.2	22.4	13.44	22.4	26.88	19.04	29.12	32.48	22.4	21.28	12.32	19.04	16.8	24.64	30.24	28	24.64	15.68	33.6	14.56	33.6	21.28	19.04	32.48	21.28	19.04	24.64	20.16	19.04	31.36	31.36	24.64	22.4	13.44	23.52	30.24	14.56	26.88	30.24	21.28	17.92	14.56	29.12	32.48	13.44	22.4	22.4	19.04	28	23.52	12.32	11.2	29.12	24.64	16.8	30.24	28	31.36	26.88	22.4	14.56	17.92	17.92	32.48	28	14.56	24.64	14.56	32.48	19.04	23.52	25.76	26.88	33.6	32.48	26.88	30.24	20.16	26.88	15.68	16.8	14.56	25.76	29.12	20.16	20.16	15.68	25.76	14.56	14.56	26.88	23.52	15.68	26.88	33.6	23.52	23.52	31.36	15.68	21.28	19.04	23.52	17.92	19.04	32.48	13.44	29.12	19.04	17.92	30.24	26.88	12.32	15.68	26.88	32.48	23.52	12.32	12.32	33.6	12.32	22.4	26.88	30.24	22.4	28	30.24	24.64	29.12	33.6	17.92	21.28	13.44	19.04	24.64	28	31.36	26.88	19.04	11.2	26.88	26.88	30.24	26.88	30.24	13.44	11.2	25.76	26.88	28	21.28	32.48	26.88	14.56	15.68	16.8	28	12.32	30.24	24.64	28	21.28	22.4	23.52	32.48	23.52	26.88	20.16	15.68	20.16	25.76	25.76	26.88	21.28	13.44	20.16	15.68	31.36	31.36	19.04	23.52	29.12	25.76	19.04	12.32	11.2	31.36	22.4	22.4	17.92	16.8	26.88	24.64	21.28	15.68	26.88	23.52	25.76	29.12	33.6	15.68	25.76	16.8	23.52	19.04	28	17.92	19.04	20.16	22.4	
17.92	26.88	29.12	22.4	12.32	20.16	15.68	29.12	21.28	21.28	31.36	12.32	20.16	33.6	19.04	
20	13	13	14	15	17	11	11	11	16	16	13	18	10	18	19	19	10	16	19	11	10	19	19	17	18	15	12	16	14	17	20	17	10	18	14	18	13	15	10	17	20	14	20	13	12	15	14	10	13	19	15	19	10	19	11	10	13	14	15	15	17	19	15	14	14	20	10	17	17	13	13	17	12	10	18	11	13	17	13	16	12	10	17	13	10	16	18	10	10	15	18	20	16	10	19	16	10	10	13	11	18	13	12	16	11	10	12	18	18	16	13	15	19	20	19	11	19	10	18	15	16	17	15	12	15	17	20	16	15	16	10	15	18	13	12	15	11	20	18	17	17	17	15	12	16	16	15	11	18	10	16	11	10	14	19	15	20	11	14	19	20	13	19	20	15	19	10	18	14	13	13	13	15	17	15	14	17	10	20	19	11	17	10	11	17	10	19	20	19	20	18	20	13	14	19	17	16	16	12	12	15	19	18	12	15	17	10	11	19	11	14	17	18	13	15	10	15	15	20	11	11	13	10	17	18	15	20	14	13	20	14	11	19	12	20	17	14	17	10	16	15	11	20	10	15	13	13	20	12	20	18	11	16	10	20	13	15	11	13	15	11	16	20	11	20	19	13	10	20	13	20	15	18	16	18	19	18	12	17	17	15	13	11	14	15	19	13	16	11	19	18	19	19	20	14	19	18	19	17	16	18	16	17	14	20	10	16	16	17	12	20	10	20	17	17	15	20	12	20	18	17	12	16	10	12	14	17	14	16	10	14	18	14	20	18	16	12	12	19	11	14	14	12	15	16	16	17	19	12	19	12	20	19	11	19	13	19	16	18	20	12	15	11	17	11	16	10	10	20	18	12	20	16	11	19	15	15	20	16	20	20	16	18	18	13	15	12	18	11	12	11	13	17	18	12	20	12	18	17	10	10	12	20	14	13	17	10	19	16	10	20	13	14	11	12	16	10	10	11	14	14	15	14	16	13	19	15	12	20	18	16	12	18	10	20	20	20	17	13	11	12	16	18	16	11	10	12	12	19	20	10	14	12	18	16	10	11	15	18	16	12	13	15	18	10	15	20	20	13	13	14	16	19	10	12	15	19	14	18	20	18	16	15	12	15	16	11	17	20	13	18	19	13	20	15	17	17	19	10	10	11	12	12	12	17	14	20	11	12	17	17	13	13	15	20	16	17	11	16	10	19	16	15	19	14	10	13	13	19	10	19	19	15	17	20	19	18	14	20	16	17	20	16	12	11	20	14	15	11	13	14	11	19	18	11	12	16	13	19	12	11	12	15	12	19	17	18	18	14	12	16	18	20	19	16	15	13	14	18	18	14	10	18	13	20	12	14	15	15	13	11	18	17	10	18	11	11	16	10	14	11	13	19	11	20	13	11	14	16	18	18	14	15	19	10	15	10	19	20	19	17	20	18	15	20	12	15	12	17	18	19	11	16	14	16	12	11	14	19	11	17	10	20	14	18	18	18	17	10	16	20	19	16	15	17	17	18	19	12	18	13	15	10	17	13	18	12	10	13	17	16	16	15	16	10	13	10	11	19	15	12	15	16	12	14	10	15	13	17	18	13	13	15	17	20	11	13	13	20	12	10	12	14	15	16	14	18	15	10	13	11	17	18	18	19	17	17	15	11	12	10	18	16	15	17	18	11	14	13	13	19	15	16	12	12	13	17	10	20	20	19	16	10	11	10	12	16	10	10	20	20	14	19	15	14	16	14	14	13	17	16	14	16	18	15	17	12	14	19	14	15	13	13	10	10	18	10	14	15	16	13	17	13	16	18	16	11	12	20	13	12	16	10	17	16	14	18	16	10	11	18	19	20	18	12	14	11	19	17	18	18	11	13	16	15	11	12	10	19	14	17	12	14	11	17	15	19	20	16	15	18	10	19	14	17	20	11	11	13	14	17	15	12	15	19	13	15	10	19	11	19	17	11	11	17	13	11	20	18	19	13	14	16	18	18	14	11	10	13	13	13	18	16	13	12	11	10	20	10	14	10	15	11	17	20	15	19	19	13	17	14	17	11	13	15	13	11	18	18	10	18	11	15	17	13	19	20	14	17	17	12	17	17	17	10	19	14	19	11	20	17	19	19	20	10	18	18	17	15	19	19	15	14	10	16	11	20	10	19	16	17	16	13	15	20	11	17	10	14	17	17	18	13	10	13	16	14	12	17	11	12	13	18	14	14	17	17	17	17	19	20	16	19	17	14	15	17	15	17	11	14	11	14	12	17	16	18	12	13	17	15	10	12	11	18	19	13	18	15	
1	1	1	1	1	1	1	1	1	1	1	1	1	1	1	1	1	1	1	1	1	1	1	1	1	1	1	1	1	1	1	1	1	1	1	1	1	1	1	1	1	1	1	1	1	1	1	1	1	1	1	1	1	1	1	1	1	1	1	1	1	1	1	1	1	1	1	1	1	1	1	1	1	1	1	1	1	1	1	1	1	1	2	2	2	2	2	2	2	2	2	2	2	2	2	2	2	2	2	2	2	2	2	2	2	2	2	2	2	2	2	2	2	2	2	2	2	2	2	2	2	2	2	2	2	2	2	2	2	2	2	2	2	2	2	2	2	2	2	2	2	2	2	2	2	2	2	2	2	3	3	3	3	3	3	3	3	3	3	3	3	3	3	3	3	3	3	3	3	3	3	3	3	3	3	3	3	3	3	3	3	3	3	3	3	3	3	3	3	3	3	3	3	3	3	3	3	3	3	3	3	3	3	3	3	3	3	3	3	3	4	4	4	4	4	4	4	4	4	4	4	4	4	4	4	4	4	4	4	4	4	4	4	4	4	4	4	4	4	4	4	4	4	4	4	4	4	4	4	4	4	4	4	4	4	4	4	4	4	4	4	4	4	4	4	4	4	4	4	4	4	4	5	5	5	5	5	5	5	5	5	5	5	5	5	5	5	5	5	5	5	5	5	5	5	5	5	5	5	5	5	5	5	5	5	5	5	5	5	5	5	5	5	5	5	5	5	5	5	5	5	5	5	5	5	5	5	5	5	5	5	5	5	5	5	5	5	5	5	5	5	5	5	5	5	6	6	6	6	6	6	6	6	6	6	6	6	6	6	6	6	6	6	6	6	6	6	6	6	6	6	6	6	6	6	6	6	6	6	6	6	6	6	6	6	6	6	6	6	6	6	6	6	6	6	6	6	6	6	6	6	6	6	6	6	6	6	6	6	6	6	6	6	6	6	6	6	6	7	7	7	7	7	7	7	7	7	7	7	7	7	7	7	7	7	7	7	7	7	7	7	7	7	7	7	7	7	7	7	7	7	7	7	7	7	7	7	7	7	7	7	7	7	7	7	7	7	7	7	7	7	7	7	7	7	7	7	8	8	8	8	8	8	8	8	8	8	8	8	8	8	8	8	8	8	8	8	8	8	8	8	8	8	8	8	8	8	8	8	8	8	8	8	8	8	8	8	8	8	8	8	8	8	8	8	8	8	8	8	8	8	8	8	8	8	8	8	8	8	8	8	8	8	9	9	9	9	9	9	9	9	9	9	9	9	9	9	9	9	9	9	9	9	9	9	9	9	9	9	9	9	9	9	9	9	9	9	9	9	9	9	9	9	9	9	9	9	9	9	9	9	9	9	9	9	9	9	9	9	9	9	9	9	9	9	9	9	9	9	9	9	10	10	10	10	10	10	10	10	10	10	10	10	10	10	10	10	10	10	10	10	10	10	10	10	10	10	10	10	10	10	10	10	10	10	10	10	10	10	10	10	10	10	10	10	10	10	10	10	10	10	10	10	10	10	10	10	10	10	10	10	10	10	10	10	10	10	10	10	11	11	11	11	11	11	11	11	11	11	11	11	11	11	11	11	11	11	11	11	11	11	11	11	11	11	11	11	11	11	11	11	11	11	11	11	11	11	11	11	11	11	11	11	11	11	11	11	11	11	11	11	11	11	11	11	11	11	11	11	11	11	11	11	11	12	12	12	12	12	12	12	12	12	12	12	12	12	12	12	12	12	12	12	12	12	12	12	12	12	12	12	12	12	12	12	12	12	12	12	12	12	12	12	12	12	12	12	12	12	12	12	12	12	12	12	12	12	12	12	12	12	12	12	12	12	12	12	12	12	13	13	13	13	13	13	13	13	13	13	13	13	13	13	13	13	13	13	13	13	13	13	13	13	13	13	13	13	13	13	13	13	13	13	13	13	13	13	13	13	13	13	13	13	13	13	13	13	13	13	13	13	13	13	13	13	13	13	13	13	13	13	13	13	13	14	14	14	14	14	14	14	14	14	14	14	14	14	14	14	14	14	14	14	14	14	14	14	14	14	14	14	14	14	14	14	14	14	14	14	14	14	14	14	14	14	14	14	14	14	14	14	14	14	14	14	14	14	14	14	14	14	14	14	14	14	14	14	14	14	14	14	14	14	14	14	14	15	15	15	15	15	15	15	15	15	15	15	15	15	15	15	15	15	15	15	15	15	15	15	15	15	15	15	15	15	15	15	15	15	15	15	15	15	15	15	15	15	15	15	15	15	15	15	15	15	15	15	15	15	15	
