1000
15	4
1053	31.36
7	7	7	8	8	8	8	7	7	7	8	8	7	7	7	7	7	8	8	8	7	7	8	7	7	7	8	8	7	7	8	7	7	8	8	7	8	7	7	7	7	7	8	8	7	8	7	8	7	7	8	8	8	7	7	7	8	8	7	8	7	7	8	7	8	8	8	8	8	7	7	7	7	8	8	7	8	7	8	7	8	7	8	7	7	7	8	8	7	8	7	7	7	8	7	8	7	8	8	7	7	7	8	7	7	8	8	7	7	8	8	8	7	7	8	8	8	7	8	8	7	7	8	8	7	8	7	7	8	8	7	8	7	8	7	7	7	8	8	8	8	7	7	8	7	8	8	8	7	7	8	7	8	7	8	7	7	8	7	7	8	8	7	7	7	8	8	7	7	7	7	8	8	8	7	8	8	8	8	8	7	8	8	7	7	8	7	8	7	7	7	8	7	7	8	8	8	7	7	7	7	7	7	7	7	7	8	8	7	8	8	8	8	7	7	8	7	7	7	7	8	8	8	8	7	7	7	7	8	7	7	8	7	8	8	8	7	8	8	8	8	7	8	7	8	8	8	8	8	7	8	8	7	7	7	8	7	8	8	7	7	7	7	8	7	8	8	8	8	8	7	8	8	7	7	7	7	7	7	8	7	8	7	7	8	7	8	7	7	7	7	7	7	8	7	7	7	7	8	7	7	7	7	7	7	8	7	7	7	8	8	8	8	8	7	7	8	7	8	7	8	7	7	7	7	8	8	8	8	8	7	8	8	7	8	8	7	7	8	8	8	7	8	7	7	7	8	8	7	8	7	8	8	8	7	7	8	7	8	8	8	8	7	8	7	8	8	7	7	8	7	7	8	8	7	7	7	8	7	7	8	8	8	7	7	7	7	8	7	8	8	7	7	7	8	7	8	7	7	8	7	7	7	7	7	8	7	7	8	7	7	7	8	8	8	7	8	8	8	8	8	8	7	8	8	8	7	7	8	8	8	8	8	7	8	8	7	8	7	7	7	7	8	7	8	8	7	8	8	7	8	7	8	8	8	8	7	7	7	7	8	8	7	7	7	7	8	7	7	8	8	7	8	8	7	8	8	8	8	8	7	8	8	7	8	8	7	8	7	8	8	7	8	7	8	8	8	8	7	7	7	7	8	8	7	8	8	7	7	7	7	7	7	8	7	7	8	8	7	8	7	8	7	7	8	7	7	8	7	8	8	8	8	7	8	7	8	8	7	8	8	8	7	7	8	8	8	8	8	8	7	7	8	7	7	7	8	7	8	7	7	8	8	8	7	7	8	7	7	8	7	8	7	8	8	8	8	7	7	7	7	7	8	7	7	8	7	7	7	8	7	7	7	7	8	8	7	8	7	8	7	8	8	7	8	8	7	7	8	8	8	8	8	8	7	7	7	8	8	8	7	8	7	7	8	7	7	7	7	7	7	7	7	7	8	8	8	7	7	8	8	8	7	7	7	7	8	7	7	8	7	7	7	7	8	8	8	8	7	8	7	8	7	7	7	8	8	7	8	7	7	7	7	8	7	7	8	8	7	7	8	8	8	7	8	8	7	7	8	7	7	7	7	7	7	8	8	8	8	8	8	7	8	8	8	8	8	7	7	8	7	8	7	7	7	7	7	7	8	7	8	7	8	8	8	7	8	7	7	8	8	8	7	8	7	7	7	7	8	8	8	8	8	7	8	8	8	8	8	8	8	7	7	8	7	8	8	7	7	8	8	8	8	8	8	8	8	7	8	7	8	7	8	8	7	7	7	7	8	8	8	7	8	7	8	8	7	7	8	7	8	8	7	8	7	7	8	7	7	7	8	8	8	7	8	7	8	7	7	7	8	7	7	7	7	7	8	8	7	8	7	8	8	7	8	8	7	7	8	8	8	7	8	7	7	8	8	8	8	7	8	8	8	7	8	7	8	7	8	7	7	8	8	7	8	8	7	7	7	7	7	7	8	7	7	8	8	7	7	8	7	7	8	7	8	7	8	7	8	8	8	7	8	8	7	7	8	7	8	8	7	8	7	7	7	7	7	7	7	7	7	8	8	7	7	8	8	8	8	7	7	8	7	7	8	8	7	7	7	8	7	8	7	8	7	7	7	7	7	7	7	7	7	8	7	8	8	7	7	7	7	8	8	8	7	8	7	8	8	8	7	7	7	8	7	7	8	7	8	7	8	8	8	8	7	7	8	8	7	8	8	7	8	7	7	8	7	7	8	7	7	7	7	7	8	8	7	8	8	8	7	7	7	8	7	8	7	7	8	8	
0	1	3	4	10	11	13	
1	3	4	5	6	8	12	
3	4	5	6	12	13	14	
1	6	8	9	10	11	12	14	
2	4	6	8	9	12	13	14	
0	1	2	3	4	8	11	14	
3	4	5	6	8	9	12	13	
2	7	8	9	10	12	13	
2	4	6	8	10	11	14	
3	4	5	7	10	12	13	
0	1	2	4	5	9	11	12	
0	3	4	6	7	11	12	13	
4	5	7	10	11	12	13	
0	5	6	7	8	12	13	
0	5	6	9	10	11	13	
3	4	5	6	7	11	13	
0	1	2	3	7	8	12	
0	4	5	6	8	11	12	14	
0	6	7	8	11	12	13	14	
0	2	3	5	6	8	9	10	
2	3	6	8	9	12	13	
1	2	3	6	7	9	14	
0	1	2	4	7	8	12	14	
1	2	4	8	9	11	12	
2	4	5	6	8	10	14	
5	6	7	8	9	10	11	
1	2	4	6	7	10	12	13	
0	1	2	3	9	10	11	13	
0	2	4	6	8	12	14	
1	4	5	6	9	10	13	
0	3	4	5	8	10	11	12	
3	4	5	7	9	11	12	
1	2	3	4	12	13	14	
0	1	2	4	9	10	12	14	
0	1	2	7	8	9	13	14	
0	3	5	7	8	9	10	
0	2	5	9	10	11	13	14	
1	2	3	4	5	7	11	
1	3	4	7	11	12	13	
0	6	7	8	9	12	14	
0	2	5	10	12	13	14	
1	2	5	6	9	11	14	
1	2	3	6	7	8	12	14	
0	1	2	3	4	6	8	10	
1	4	5	6	8	9	10	
3	5	7	8	9	10	13	14	
5	6	7	10	11	13	14	
0	1	3	7	8	9	13	14	
2	4	6	7	8	9	14	
0	2	3	5	7	8	12	
0	3	6	7	9	10	11	14	
0	1	2	5	8	9	10	13	
0	1	3	5	6	7	8	14	
1	3	5	6	8	9	14	
2	4	5	6	8	10	14	
3	7	9	10	11	12	13	
1	2	5	6	8	9	11	14	
2	3	5	7	8	9	11	14	
0	1	4	8	9	13	14	
0	4	6	7	10	11	13	14	
2	4	5	7	8	9	10	
1	2	3	6	8	9	13	
3	4	7	9	10	11	13	14	
2	6	8	9	10	12	13	
2	3	4	8	10	11	12	14	
0	1	2	4	6	9	10	11	
1	4	5	7	11	12	13	14	
1	3	5	6	7	8	9	14	
0	2	4	8	10	12	13	14	
0	1	2	5	12	13	14	
0	1	2	6	7	8	10	
0	2	4	5	6	11	13	
0	2	5	8	9	11	14	
1	2	3	6	7	8	9	12	
0	2	4	6	7	12	13	14	
2	4	8	10	11	12	14	
0	1	3	5	8	9	10	13	
0	1	3	5	7	11	13	
2	5	6	7	8	11	13	14	
3	4	6	7	8	11	12	
2	4	6	7	11	12	13	14	
0	1	2	5	8	9	12	
0	3	5	8	9	10	11	14	
2	3	5	8	9	10	14	
1	2	4	5	7	8	10	
0	4	5	7	9	10	13	
0	1	2	3	5	7	10	14	
0	1	2	4	5	8	9	11	
0	6	8	9	10	13	14	
0	2	4	5	6	12	13	14	
3	5	6	8	12	13	14	
2	6	7	8	9	11	14	
3	5	6	10	11	13	14	
2	5	6	7	8	9	13	14	
1	2	3	4	7	11	13	
0	1	3	8	10	11	12	13	
2	3	7	8	9	10	12	
0	1	4	6	7	8	12	13	
1	3	4	5	7	10	11	12	
3	5	6	9	10	11	14	
2	3	4	6	7	8	11	
0	1	5	8	9	10	11	
0	1	2	4	6	9	12	13	
0	1	2	3	4	5	14	
0	1	2	7	8	9	11	
0	1	2	3	4	5	9	13	
0	1	2	4	7	9	12	13	
0	1	2	3	6	11	14	
0	4	6	7	8	10	14	
2	3	4	7	8	11	12	13	
2	3	4	6	9	11	13	14	
0	2	4	7	8	11	12	14	
0	4	5	6	10	11	12	
0	2	3	4	6	12	14	
3	4	5	6	9	10	12	13	
1	2	3	4	5	6	11	13	
1	2	4	5	6	10	11	13	
3	4	6	9	12	13	14	
0	1	5	9	10	11	12	13	
0	2	4	5	8	9	11	13	
0	3	4	5	9	11	13	
0	2	3	4	6	8	9	
2	3	4	5	6	8	9	11	
2	5	6	7	8	10	11	13	
0	2	5	7	8	13	14	
0	1	6	7	9	10	11	13	
0	1	3	7	11	13	14	
0	3	6	7	8	11	12	
0	1	2	4	8	9	10	13	
0	4	5	9	10	11	12	13	
1	2	4	5	7	9	13	
1	5	7	8	9	11	12	14	
0	1	3	6	11	12	14	
1	4	5	6	7	10	11	14	
2	3	6	7	12	13	14	
0	3	5	6	8	9	12	
5	6	7	8	10	11	13	
2	3	5	7	8	9	10	14	
0	3	4	6	7	10	13	14	
0	1	4	6	8	10	12	14	
2	3	4	5	6	9	12	14	
0	3	7	10	11	12	14	
0	1	7	10	11	12	13	
0	4	6	8	9	10	11	12	
1	3	6	8	9	12	14	
2	3	6	10	11	12	13	14	
1	2	5	7	10	11	12	14	
1	3	4	5	7	8	11	14	
3	4	6	8	9	11	12	
3	4	7	10	11	12	14	
1	3	4	5	7	9	12	13	
2	3	5	8	10	11	12	
1	2	4	6	7	8	11	12	
2	3	7	9	10	12	13	
0	2	3	4	5	8	11	14	
0	1	4	5	7	12	13	
0	2	3	4	9	10	13	
1	2	5	7	8	11	12	14	
0	6	7	10	12	13	14	
2	3	4	5	12	13	14	
0	6	7	8	11	12	13	14	
3	4	7	9	10	12	13	14	
1	4	6	8	10	11	13	
1	5	6	7	8	9	14	
0	1	2	5	7	9	11	
0	1	3	4	5	8	12	14	
1	2	3	7	8	9	11	14	
0	1	4	7	10	13	14	
1	5	6	9	11	12	13	
0	2	4	10	11	13	14	
4	5	6	7	11	13	14	
0	2	6	8	10	11	12	13	
0	2	6	8	9	10	11	13	
2	6	7	8	9	12	13	14	
0	1	2	5	6	11	12	
0	1	2	3	5	7	10	12	
0	2	3	4	8	9	10	13	
2	3	4	7	9	10	12	14	
1	3	6	8	9	11	12	14	
1	2	4	7	8	10	13	14	
1	4	7	8	9	11	12	
1	3	4	5	6	9	10	12	
0	3	5	7	8	11	12	13	
1	2	4	7	10	12	14	
1	2	3	5	9	11	14	
0	2	3	5	6	10	12	13	
0	3	4	5	8	10	13	
0	1	2	4	5	6	8	12	
1	4	5	8	10	11	13	
0	2	3	9	10	11	12	
0	1	7	8	9	12	13	
4	5	6	7	9	10	13	14	
0	2	4	6	7	11	14	
5	8	10	11	12	13	14	
0	1	6	7	8	10	13	14	
0	1	2	3	6	11	13	14	
3	4	5	7	8	9	10	12	
1	3	5	6	8	10	14	
0	3	4	6	7	8	13	
4	5	6	8	9	11	14	
0	3	4	5	7	10	11	
0	6	7	9	10	11	14	
3	4	8	10	12	13	14	
1	2	4	5	6	9	12	
1	6	8	9	10	11	14	
0	6	7	8	12	13	14	
0	1	4	5	6	11	12	13	
1	2	3	6	7	8	9	14	
1	4	5	8	9	10	12	
0	4	5	6	9	10	11	12	
0	1	3	9	10	11	13	14	
0	1	3	5	7	9	10	11	
1	2	3	6	7	8	13	14	
0	4	7	9	12	13	14	
2	3	5	6	12	13	14	
0	2	3	8	9	11	12	13	
0	3	5	7	11	12	14	
0	4	6	7	9	12	14	
2	5	6	9	10	13	14	
1	2	6	7	8	9	11	
0	2	3	6	9	11	12	14	
2	4	8	9	10	11	12	14	
0	1	2	5	6	9	12	13	
1	3	4	7	9	10	11	13	
0	1	2	3	8	10	11	
0	1	2	7	10	12	13	
4	5	8	9	10	12	14	
0	2	3	4	5	8	13	
1	2	3	4	5	6	11	13	
0	1	4	5	6	10	12	
1	2	3	10	11	12	14	
4	5	6	7	8	9	11	12	
1	3	4	6	7	10	11	
1	2	3	5	7	10	11	12	
1	2	5	7	11	12	13	14	
0	1	2	5	8	11	13	14	
0	2	4	8	11	13	14	
2	3	4	8	9	10	13	14	
1	2	4	5	6	8	9	11	
0	3	4	7	8	9	12	14	
0	2	5	6	8	10	11	12	
0	1	3	4	6	7	14	
0	2	5	6	7	9	10	13	
1	4	5	8	11	12	13	
1	3	5	7	8	12	13	14	
1	2	4	7	9	10	11	14	
0	2	4	6	7	8	9	14	
1	5	9	10	11	12	13	14	
2	3	5	7	8	12	13	14	
0	1	2	4	6	7	9	
0	2	3	7	8	9	11	12	
2	8	9	10	11	12	13	14	
0	1	3	7	9	12	14	
1	5	7	8	9	13	14	
1	2	5	6	10	11	14	
0	1	3	4	6	7	10	14	
1	4	7	8	10	12	13	
0	2	3	4	6	8	10	14	
0	2	3	6	7	12	13	14	
2	4	5	6	7	9	11	
2	4	6	7	8	11	12	
0	4	6	7	11	12	14	
0	3	7	9	10	11	12	
1	2	3	4	8	10	11	12	
0	3	6	8	9	12	13	
1	3	7	8	9	11	12	14	
2	5	6	7	8	9	11	14	
0	3	5	6	10	11	12	13	
0	2	3	6	8	9	10	14	
1	2	4	5	6	9	10	13	
5	7	9	10	12	13	14	
0	2	4	5	6	7	11	14	
0	4	5	6	8	10	11	14	
1	2	5	6	7	11	12	
1	2	8	10	11	12	14	
4	5	7	8	9	11	13	
1	2	5	6	7	8	13	
0	2	4	9	12	13	14	
0	5	6	7	9	11	13	
2	4	5	9	11	12	13	14	
2	4	5	7	8	11	12	
0	1	4	6	9	10	12	14	
1	2	3	4	7	9	10	
2	5	9	11	12	13	14	
0	3	4	6	7	9	13	14	
0	4	5	6	8	9	11	
1	2	3	7	8	12	13	14	
1	3	7	10	11	13	14	
3	4	5	8	9	11	14	
2	7	8	9	11	12	14	
1	3	4	5	6	8	11	
0	4	5	6	7	12	14	
2	4	7	8	11	13	14	
1	2	3	5	6	7	9	11	
0	2	4	7	9	10	14	
1	3	5	6	8	13	14	
2	3	4	5	7	8	11	
0	1	5	6	9	11	12	
2	3	5	8	11	12	13	14	
0	1	2	5	7	9	12	
1	4	5	6	11	13	14	
1	2	3	4	5	6	10	
1	4	6	7	9	10	13	
0	5	7	8	10	13	14	
2	3	4	7	12	13	14	
2	5	6	7	9	10	11	14	
0	1	2	5	7	9	10	
0	4	6	9	12	13	14	
0	5	6	7	8	10	12	
0	3	4	5	9	10	11	12	
0	2	4	6	8	12	13	14	
1	2	6	7	9	10	11	12	
0	1	3	5	8	11	12	13	
0	2	3	7	8	9	10	11	
1	3	5	8	10	11	12	
0	4	8	9	10	11	12	
4	5	6	8	9	11	12	14	
4	5	6	9	11	12	13	
0	1	3	4	6	11	12	13	
3	4	5	7	9	11	14	
1	2	4	6	7	8	11	12	
1	2	3	4	7	12	13	
1	2	4	5	9	12	14	
0	5	7	10	11	13	14	
0	3	4	5	9	10	14	
1	4	5	7	9	11	12	14	
0	1	3	4	6	9	11	13	
0	3	4	5	6	8	9	14	
2	5	7	8	10	12	13	14	
0	1	2	3	4	12	13	14	
0	1	3	10	11	12	14	
1	2	3	5	6	10	13	14	
3	4	6	9	10	11	13	14	
1	3	4	7	10	13	14	
1	3	6	7	9	10	11	12	
2	3	4	7	9	10	11	13	
3	4	5	6	7	12	14	
0	5	7	8	11	13	14	
0	5	7	8	9	10	12	13	
1	2	5	6	7	9	10	14	
0	3	5	8	9	10	12	14	
1	2	4	7	8	9	13	
1	2	3	6	9	10	11	13	
0	1	2	4	6	9	10	
1	4	5	6	11	12	14	
2	3	4	5	8	10	12	
0	1	2	3	5	6	8	12	
1	2	4	7	8	9	11	12	
2	3	5	6	8	9	10	
1	3	5	6	8	10	12	14	
1	2	7	8	10	12	14	
1	2	5	6	7	8	10	11	
0	5	6	7	9	11	12	14	
0	1	3	5	6	10	12	14	
2	6	8	9	11	13	14	
0	6	7	8	10	13	14	
2	4	5	7	9	10	11	12	
1	2	3	4	6	7	12	
1	3	5	6	7	9	12	14	
0	1	2	4	5	8	11	12	
0	1	2	3	6	10	11	14	
0	1	3	5	6	9	11	13	
0	1	3	4	6	11	12	
1	3	4	5	7	8	12	14	
0	4	5	10	11	12	14	
0	2	8	9	10	11	12	14	
0	1	4	6	9	12	13	14	
1	3	5	6	7	11	12	
0	2	5	6	7	10	13	
0	1	3	5	7	8	10	14	
0	2	3	8	10	12	14	
4	5	6	8	9	13	14	
0	3	4	6	7	8	13	14	
4	6	8	9	10	11	12	13	
2	4	5	6	7	9	13	
1	3	4	8	9	11	12	
1	4	5	6	8	10	11	
1	3	4	7	9	11	12	14	
2	3	6	7	11	13	14	
2	5	6	11	12	13	14	
0	1	3	4	5	10	11	12	
0	2	5	9	10	11	12	14	
1	2	3	6	8	12	13	14	
0	2	3	4	8	9	14	
0	2	5	6	7	8	13	
0	2	4	9	10	11	13	
3	4	5	8	10	12	14	
0	1	3	5	6	8	12	13	
0	1	4	5	6	7	12	
0	3	4	8	9	12	13	14	
4	5	6	7	8	9	11	13	
0	2	9	11	12	13	14	
3	5	6	7	9	10	11	
0	1	6	7	8	10	14	
3	5	6	9	10	11	13	14	
5	7	9	11	12	13	14	
1	2	3	5	7	10	11	12	
0	5	7	9	10	11	13	
0	1	2	6	8	10	13	
2	4	6	7	9	10	11	13	
1	4	6	8	10	12	14	
0	3	4	6	9	10	11	
2	3	4	6	10	12	14	
0	7	8	10	11	12	13	
0	1	3	4	5	6	13	
1	4	7	9	10	11	12	13	
1	2	4	5	9	13	14	
0	1	6	8	9	11	13	
0	1	2	3	7	9	11	14	
0	1	2	4	6	7	12	
1	2	4	8	9	12	13	
0	4	5	6	7	10	11	
0	3	4	8	9	10	11	12	
0	3	4	5	6	7	8	10	
0	2	3	5	8	9	10	12	
1	3	7	9	10	12	14	
0	5	6	9	11	12	13	14	
0	2	3	5	8	9	12	14	
1	3	5	6	7	10	13	14	
0	1	3	6	7	11	12	13	
0	1	2	4	7	8	10	14	
0	2	4	5	8	10	13	14	
0	1	2	5	10	11	12	
1	2	5	6	8	9	11	13	
0	3	4	8	9	10	13	14	
0	1	2	3	5	6	8	13	
0	1	5	6	8	10	12	
0	1	2	7	9	10	13	
3	5	6	7	8	10	12	13	
0	2	3	4	7	12	13	14	
1	4	6	7	9	11	12	13	
1	2	3	6	9	10	13	14	
2	4	7	9	10	11	12	13	
1	5	7	8	9	12	14	
3	4	5	9	10	12	13	14	
1	2	4	5	10	12	13	14	
1	4	5	9	10	12	13	
0	1	4	5	8	9	10	12	
2	3	5	6	9	11	13	
1	7	8	10	11	12	13	
1	3	4	7	8	9	13	
0	3	8	9	10	11	13	
1	2	3	6	7	9	10	13	
0	3	4	7	8	9	13	
2	3	4	6	7	8	9	11	
0	2	4	5	7	9	11	14	
0	3	5	7	8	9	10	
0	4	6	7	8	9	10	11	
1	5	6	8	9	10	12	14	
1	2	4	6	7	9	10	
0	4	7	8	9	11	13	14	
3	4	5	6	8	10	14	
0	1	6	8	10	11	12	13	
0	1	2	3	5	6	11	13	
0	1	3	4	7	8	13	14	
1	3	4	5	6	8	9	10	
0	1	4	7	8	10	11	
3	4	5	6	9	11	12	
0	2	3	8	10	12	14	
1	4	5	7	8	9	14	
0	3	5	6	7	8	12	13	
0	1	2	8	10	12	13	14	
0	2	4	6	7	9	11	
0	5	7	8	10	12	14	
2	5	6	7	9	10	12	
2	6	7	9	11	12	14	
0	2	4	6	7	11	12	13	
1	6	7	8	10	12	13	
1	2	6	7	8	12	13	
0	1	2	4	5	7	8	14	
1	4	5	6	7	8	11	14	
0	1	2	9	10	12	13	
0	1	2	3	8	10	11	14	
0	2	4	5	6	9	10	13	
1	2	10	11	12	13	14	
2	3	4	6	7	9	11	12	
0	2	4	8	9	10	11	12	
2	4	7	8	9	10	11	12	
0	1	3	7	8	12	13	14	
0	1	2	4	6	9	13	14	
2	7	8	9	11	13	14	
1	2	4	6	8	10	11	12	
2	3	5	7	9	10	12	14	
0	1	5	7	8	9	12	
0	1	2	3	5	8	11	14	
1	2	5	6	8	10	12	13	
0	3	4	5	10	11	14	
0	2	4	5	7	8	10	14	
2	3	4	7	8	12	14	
0	2	3	4	6	9	11	13	
0	2	4	6	7	10	13	14	
0	1	4	5	8	9	14	
0	1	3	5	9	11	12	13	
1	2	4	11	12	13	14	
1	2	6	7	8	9	10	14	
0	4	5	6	7	9	11	12	
0	3	4	8	10	11	12	14	
1	8	9	10	11	12	13	14	
3	7	8	9	10	13	14	
5	6	8	10	11	12	13	
1	6	8	9	11	12	14	
0	1	2	5	6	10	13	
0	1	5	6	8	11	13	14	
1	2	3	6	8	9	12	14	
1	4	6	9	10	11	13	
2	3	4	6	8	10	13	14	
0	5	6	7	9	11	13	14	
0	1	3	6	9	10	13	
1	4	5	9	10	12	13	
0	1	5	6	7	9	14	
4	6	7	8	10	11	13	
1	2	3	7	10	13	14	
2	3	4	6	8	11	12	
2	3	5	8	10	11	12	14	
2	3	5	7	8	11	12	
1	5	8	10	11	13	14	
2	3	5	8	9	10	12	13	
1	2	5	6	8	9	11	12	
0	4	6	7	9	11	13	
2	4	7	10	11	12	13	14	
0	1	3	4	10	11	14	
1	2	5	8	9	10	11	13	
0	3	6	8	9	11	14	
0	2	3	8	10	11	12	
0	2	4	9	10	11	13	14	
1	3	4	6	7	8	9	
0	1	2	7	8	9	13	
0	3	5	7	8	9	11	14	
2	4	7	8	10	12	14	
0	1	2	3	7	10	12	14	
0	1	4	5	7	8	9	10	
1	2	5	8	10	11	12	14	
2	3	5	7	8	9	12	13	
3	5	6	7	8	10	11	
2	5	6	7	8	12	13	14	
1	3	5	6	8	10	12	
0	5	6	8	9	10	11	14	
0	1	2	3	7	10	12	14	
3	4	5	7	9	11	12	
1	4	5	7	8	9	11	14	
0	1	2	4	6	9	11	12	
0	1	2	4	6	8	13	14	
2	3	7	9	10	12	14	
1	2	6	7	8	12	14	
1	2	4	7	9	10	11	12	
1	2	3	4	7	8	11	13	
2	3	4	6	8	9	12	14	
0	1	3	5	10	11	13	14	
1	3	5	6	8	9	11	14	
1	4	5	6	7	9	10	14	
0	1	5	6	8	10	11	
0	2	3	4	8	11	13	
0	3	4	5	7	9	10	14	
3	5	7	8	10	11	13	
1	6	8	9	10	12	14	
2	3	4	6	10	11	12	
0	1	2	5	6	7	12	14	
0	4	6	8	10	11	12	
3	5	6	7	8	9	10	11	
1	2	3	4	5	7	11	
2	3	4	7	11	13	14	
0	1	3	6	8	10	11	12	
1	2	3	4	7	11	13	14	
1	2	3	4	5	8	9	12	
1	2	3	4	5	7	14	
0	1	5	10	11	12	14	
0	3	4	5	10	11	12	13	
1	2	3	5	8	11	13	
0	3	6	8	10	12	14	
3	5	7	8	10	12	13	14	
0	1	4	6	8	10	11	
0	3	7	9	11	12	13	14	
0	1	2	3	5	9	11	
1	2	3	4	6	9	11	13	
4	7	8	9	10	11	12	14	
2	3	5	6	7	10	11	14	
0	1	3	7	8	9	10	11	
0	2	4	6	8	11	12	
0	3	7	9	12	13	14	
1	2	3	5	7	13	14	
1	6	7	11	12	13	14	
0	1	2	3	9	10	12	
2	3	5	7	8	10	13	14	
1	3	4	5	7	8	10	
1	2	3	4	8	11	13	
2	7	8	9	11	12	13	14	
2	3	7	9	12	13	14	
0	2	3	4	8	10	11	
0	2	4	7	9	12	14	
0	2	6	7	8	10	13	14	
0	2	3	5	8	13	14	
3	4	5	8	10	13	14	
0	2	4	6	7	9	10	
1	4	6	7	9	11	14	
0	3	7	8	9	10	11	14	
2	4	5	7	9	10	11	12	
0	1	2	6	12	13	14	
0	2	3	7	8	10	11	13	
0	1	2	5	6	11	14	
1	3	4	5	6	7	10	12	
0	4	5	8	10	12	13	
1	2	6	7	9	11	12	13	
1	4	6	7	10	11	13	14	
1	3	6	7	11	12	14	
0	1	6	7	8	9	12	13	
2	3	5	8	11	12	13	14	
0	3	6	8	9	10	13	
0	3	4	5	7	9	10	
0	2	3	4	5	7	11	12	
1	2	5	6	7	10	11	12	
2	3	6	7	8	9	11	13	
3	5	6	7	8	10	12	14	
2	3	4	6	8	9	12	13	
3	6	7	8	10	12	13	14	
4	5	6	7	9	11	12	
1	3	4	5	9	11	14	
1	6	7	8	9	11	12	
0	1	2	3	4	7	10	12	
0	1	3	5	7	8	9	14	
0	1	5	7	10	12	13	14	
0	2	6	8	10	11	14	
0	3	5	6	7	8	11	13	
0	5	9	11	12	13	14	
1	2	3	4	5	10	13	
0	1	2	3	6	7	12	14	
0	1	3	5	6	8	10	
1	4	6	7	8	12	13	
4	5	6	9	10	12	13	
0	5	7	8	10	12	13	
6	7	10	11	12	13	14	
2	4	5	6	8	10	13	
3	4	5	8	9	10	12	
0	1	3	5	9	10	14	
1	2	6	8	12	13	14	
3	4	6	7	9	12	13	14	
2	7	8	9	10	11	12	13	
0	1	2	3	4	5	8	10	
1	2	7	8	9	10	12	
2	3	4	6	8	10	12	
0	1	3	4	5	8	11	14	
2	3	6	7	8	9	12	13	
2	3	5	6	7	10	13	14	
0	1	2	3	8	11	14	
1	2	3	4	7	8	13	
0	3	4	5	6	11	13	
4	5	6	7	10	11	13	
0	1	5	7	9	10	12	14	
3	4	7	9	10	11	13	
6	8	9	10	11	13	14	
0	2	5	6	7	8	13	14	
1	4	6	8	10	11	13	
4	8	9	10	11	13	14	
1	2	4	7	10	11	14	
0	1	6	9	10	13	14	
0	2	3	6	7	8	9	13	
0	5	7	8	9	11	12	14	
0	1	2	3	5	6	7	9	
0	1	3	6	7	8	11	14	
0	3	5	7	8	10	14	
0	2	3	5	6	9	11	12	
1	3	4	5	10	11	12	
1	2	3	4	6	11	13	14	
0	2	7	9	10	13	14	
1	6	7	8	11	12	14	
1	3	4	8	9	10	14	
0	1	2	5	9	11	13	14	
0	1	4	5	6	8	11	14	
0	1	2	3	7	13	14	
0	1	2	4	5	12	13	14	
0	1	6	7	8	11	13	
0	5	7	9	10	11	12	
1	4	5	8	11	12	14	
0	1	2	4	5	6	8	
0	1	2	3	7	8	11	13	
0	1	4	5	7	11	12	
1	2	6	7	11	12	14	
1	3	4	6	7	8	10	11	
0	1	3	4	7	10	11	13	
1	3	5	6	8	10	13	
4	5	7	8	9	10	13	
0	2	6	8	9	10	11	14	
1	2	4	5	8	9	11	13	
1	3	4	5	8	9	10	12	
0	4	8	9	10	11	12	
2	5	7	8	9	10	12	14	
0	4	5	7	8	10	12	13	
3	4	5	6	7	10	14	
0	4	7	9	10	11	13	
2	3	4	6	7	9	12	13	
1	2	3	4	5	6	13	
0	2	8	10	11	12	13	
1	2	5	9	12	13	14	
0	5	7	9	10	11	13	
0	5	7	9	10	11	13	
0	2	3	4	6	12	14	
0	1	4	5	6	9	12	14	
0	4	5	6	7	8	11	14	
0	3	5	7	8	11	12	13	
1	3	4	7	8	11	12	14	
0	2	4	7	8	10	11	14	
0	1	2	6	8	10	12	14	
0	1	2	4	6	8	11	
2	4	5	7	10	11	12	14	
0	1	4	6	7	8	10	14	
0	3	7	8	10	11	12	14	
3	4	5	7	8	10	11	14	
0	4	7	9	10	11	12	13	
0	2	9	11	12	13	14	
0	2	3	9	10	12	14	
1	2	4	5	6	7	11	12	
2	4	6	7	10	11	13	
0	1	4	5	6	10	12	14	
0	1	2	5	8	9	12	
1	2	4	5	6	7	14	
0	1	2	3	6	10	12	
1	3	9	10	11	13	14	
1	2	4	6	7	10	11	
1	2	4	6	7	9	12	
6	8	9	10	11	12	13	14	
1	6	7	9	10	12	14	
0	2	4	5	6	7	9	10	
0	2	5	6	7	8	11	
1	2	3	8	10	12	13	14	
0	3	4	6	7	9	12	13	
0	2	3	5	7	10	11	14	
0	2	3	4	6	11	12	
1	2	3	5	6	8	10	14	
0	1	3	4	5	10	11	
0	4	6	7	8	10	12	
0	1	5	7	8	10	11	13	
2	4	5	8	9	10	11	13	
2	4	5	6	7	8	11	13	
1	6	7	8	9	10	11	
0	4	6	7	8	10	12	14	
0	1	6	7	10	11	13	
0	4	9	10	12	13	14	
0	2	3	7	8	13	14	
0	2	4	5	6	11	12	
0	2	4	6	9	11	12	13	
0	1	3	6	9	10	12	14	
0	2	3	6	8	9	10	12	
0	1	2	5	8	9	10	12	
0	3	4	7	8	10	13	14	
1	2	7	8	10	12	14	
0	1	3	6	10	12	13	14	
0	1	2	4	7	8	11	12	
1	2	4	7	8	10	11	13	
2	4	5	6	8	9	10	14	
0	3	5	6	9	11	12	14	
4	5	6	7	9	11	12	14	
0	2	3	5	6	8	9	10	
1	2	4	6	8	12	14	
0	1	5	6	9	12	14	
1	2	4	5	7	9	13	14	
2	6	9	10	11	13	14	
0	1	3	4	7	12	13	14	
1	4	5	6	7	10	12	13	
0	4	5	7	9	10	12	
2	5	6	7	8	9	12	
2	4	7	8	9	11	12	14	
0	1	5	6	8	9	13	14	
1	3	4	6	9	10	11	12	
1	2	3	4	9	12	13	14	
1	3	5	8	10	11	12	13	
3	4	6	7	9	10	12	14	
2	3	5	6	8	11	12	13	
0	2	7	8	9	10	12	14	
1	2	5	6	9	12	14	
1	3	4	6	7	9	11	12	
0	3	4	7	9	10	13	
3	5	6	7	9	11	12	13	
1	2	9	10	11	12	13	
1	2	3	6	7	9	11	13	
0	1	7	9	10	11	12	14	
0	2	3	4	6	11	12	
0	2	6	8	9	12	14	
1	3	4	8	10	13	14	
0	1	3	9	12	13	14	
1	2	4	6	7	11	12	14	
0	1	2	6	8	9	10	14	
0	2	3	4	6	8	10	14	
0	1	3	7	8	10	14	
0	1	2	6	8	9	11	14	
0	1	3	4	10	11	13	
0	2	3	4	7	9	11	13	
0	1	2	3	5	6	8	10	
1	2	3	6	7	9	14	
2	4	5	7	11	13	14	
0	1	3	4	8	9	11	13	
3	4	5	6	8	9	10	
1	3	5	7	9	10	12	14	
0	2	3	4	5	8	9	12	
0	1	2	6	8	9	11	
1	2	4	6	8	9	10	13	
0	3	4	5	10	11	12	
2	6	7	10	12	13	14	
0	3	4	5	6	8	9	14	
1	2	4	5	7	8	10	
1	2	3	6	7	8	14	
0	4	5	9	10	11	14	
2	3	5	6	9	10	13	14	
1	2	6	7	8	9	12	13	
1	3	4	5	9	10	12	13	
0	1	2	7	8	9	13	
0	3	4	5	7	8	11	14	
1	2	3	6	11	12	14	
2	6	7	8	9	10	11	12	
0	4	5	9	11	12	13	
0	1	2	6	9	10	14	
0	1	3	7	8	11	14	
2	3	4	8	10	11	12	14	
0	1	3	5	12	13	14	
0	1	2	5	9	10	14	
0	1	2	5	12	13	14	
0	1	2	7	8	9	14	
0	2	3	5	8	10	13	
0	1	2	6	8	10	11	12	
1	3	7	9	10	11	12	14	
0	2	5	6	11	12	14	
1	5	6	7	8	9	13	14	
5	7	8	9	12	13	14	
0	1	4	6	7	9	10	11	
0	1	2	5	6	8	9	14	
0	1	2	4	6	10	11	
0	1	4	5	7	8	10	13	
1	2	4	5	10	11	12	13	
0	3	4	5	7	12	14	
0	1	4	7	9	10	11	
3	4	6	7	8	11	12	14	
2	3	4	5	6	8	9	13	
0	2	3	4	5	7	12	14	
4	6	8	9	10	12	13	
2	3	5	6	8	9	11	14	
0	1	5	6	9	10	14	
2	4	7	8	9	10	13	
0	1	5	6	7	8	10	11	
3	7	8	9	11	12	13	14	
0	1	5	8	9	10	12	14	
4	5	6	9	10	11	12	14	
0	2	4	6	7	8	13	
0	1	2	3	4	7	12	14	
0	2	3	7	10	11	12	13	
0	2	3	5	6	7	9	10	
0	3	6	8	9	13	14	
3	5	6	7	8	10	11	13	
0	1	2	5	7	10	14	
0	6	7	9	10	11	12	14	
0	2	4	6	9	10	14	
1	2	3	5	7	8	11	13	
1	3	4	7	9	13	14	
1	2	3	6	10	11	14	
0	2	3	4	5	7	8	12	
7	8	9	10	11	12	13	14	
1	2	5	6	8	9	11	
2	4	7	8	10	12	13	14	
1	4	5	6	7	10	12	13	
0	1	6	7	9	12	13	
0	3	4	5	6	7	8	
3	6	9	10	11	13	14	
0	2	5	8	9	13	14	
0	1	2	4	6	7	11	
1	2	7	10	11	12	14	
1	2	3	6	8	9	10	11	
3	6	7	8	10	13	14	
1	7	8	9	10	11	12	
2	3	5	7	8	10	11	14	
1	2	3	4	5	6	13	14	
0	3	5	7	8	13	14	
1	3	5	7	11	13	14	
0	1	2	4	5	7	9	10	
1	3	8	9	11	12	14	
1	3	4	6	8	13	14	
2	5	7	8	9	10	12	14	
0	7	8	10	11	12	13	
0	4	5	6	9	10	11	14	
0	1	2	4	7	12	14	
0	1	3	7	9	11	12	13	
1	2	4	6	10	12	14	
0	2	3	6	8	10	11	13	
0	1	2	4	5	8	11	13	
1	5	7	8	9	11	12	14	
3	4	6	7	9	10	12	
0	1	3	5	6	8	11	14	
0	5	7	8	9	12	13	14	
2	5	6	9	11	12	14	
2	3	7	9	10	12	14	
2	4	5	6	9	11	12	14	
0	5	7	11	12	13	14	
1	3	4	7	8	12	13	14	
0	1	6	7	8	9	10	11	
0	2	3	4	5	7	10	
0	1	4	5	7	9	10	12	
2	4	6	8	9	13	14	
0	4	6	9	11	12	13	
0	2	3	7	8	10	11	
0	1	3	7	8	12	13	
0	3	4	5	9	11	14	
3	4	5	6	7	9	14	
1	3	4	9	10	11	12	
2	3	5	6	7	11	12	
3	4	6	7	9	12	14	
0	1	2	4	10	11	13	14	
2	3	6	7	8	9	11	14	
0	1	3	4	5	7	12	
0	1	4	7	8	11	14	
0	1	3	4	7	8	10	12	
0	1	2	4	5	6	8	14	
0	1	2	7	10	12	13	14	
0	2	3	4	5	6	7	9	
0	1	2	3	6	8	12	
4	5	6	8	9	10	14	
0	2	3	6	7	8	11	13	
0	2	5	10	12	13	14	
2	3	5	8	9	13	14	
1	2	5	8	10	11	12	13	
0	1	3	5	9	10	12	14	
1	2	3	4	10	12	14	
6	7	9	10	11	12	14	
4	6	7	8	9	11	13	
0	1	4	6	7	9	10	13	
0	1	4	6	7	11	14	
0	1	2	8	9	12	13	14	
2	4	7	8	9	13	14	
0	2	4	7	8	10	11	13	
4	6	7	8	9	12	14	
3	5	7	8	10	12	13	
0	2	4	7	10	13	14	
0	1	2	6	10	11	13	
3	5	8	10	11	13	14	
2	3	5	7	10	11	13	
0	1	6	10	12	13	14	
0	1	2	5	7	8	9	
0	1	7	9	12	13	14	
3	5	7	8	9	10	12	13	
0	1	3	6	8	9	13	
0	1	2	3	8	9	11	14	
1	2	4	5	6	9	12	13	
1	4	6	10	12	13	14	
1	2	4	6	8	9	14	
2	4	5	9	10	13	14	
3	6	7	8	9	13	14	
0	1	3	4	5	8	11	12	
0	2	3	6	9	10	12	13	
0	3	6	8	9	11	12	13	
0	4	5	6	7	8	14	
0	2	4	5	6	9	12	14	
1	5	6	7	8	9	13	
1	5	6	7	9	12	13	14	
2	3	4	5	8	10	12	14	
0	3	4	6	8	10	11	12	
1	3	5	6	7	10	12	
0	4	6	7	8	9	13	
2	3	4	6	8	9	10	
0	1	3	5	9	11	12	13	
1	2	6	7	9	11	12	
0	1	2	9	10	12	13	
2	3	5	6	7	9	10	13	
3	5	6	9	12	13	14	
6	7	8	9	10	11	12	14	
1	4	9	10	11	13	14	
0	1	2	3	5	6	9	12	
2	4	5	7	10	11	12	14	
0	2	3	8	9	10	12	14	
2	5	7	8	10	11	12	14	
1	2	3	5	7	9	13	
3	4	5	6	10	13	14	
0	1	2	7	8	12	13	14	
3	5	6	8	10	11	12	14	
4	6	8	11	12	13	14	
2	3	4	7	9	10	11	12	
1	2	4	5	8	9	12	13	
1	2	3	6	8	11	12	
0	1	4	6	7	8	12	14	
1	6	8	9	11	12	13	
3	8	10	11	12	13	14	
3	4	5	6	7	8	9	12	
1	5	7	8	10	12	14	
2	3	4	6	8	10	14	
0	1	3	6	7	9	10	13	
2	4	5	8	9	10	11	
0	3	4	5	8	11	13	
2	3	6	7	8	11	13	
3	4	5	8	9	12	13	
1	6	8	9	10	13	14	
0	3	4	6	7	9	10	13	
1	4	5	6	8	9	10	12	
0	1	3	6	9	10	12	
0	2	4	8	9	12	13	14	
1	2	3	4	6	7	10	12	
0	2	4	5	6	8	9	10	
1	4	6	7	8	11	13	
3	4	6	7	8	11	12	
2	3	4	7	8	10	11	
1	2	3	4	5	7	9	13	
0	1	3	5	10	13	14	
0	1	3	6	7	9	10	11	
3	4	5	6	7	10	14	
1	3	4	5	9	11	14	
2	4	5	7	8	10	12	14	
1	2	3	4	7	9	12	13	
105	81.6599	58.5503	43.8835	38.0629	35.1238	34	
118	90.8963	74.0083	58.0894	42.3642	38.1561	35	
116	91.7514	69.3483	54.5582	43.5873	37.8199	36	
109	89.6567	74.3707	60.1463	48.729	41.6286	35.0236	35	
118	100.923	85.0117	70.9661	58.1761	45.8526	38.5697	35	
107	84.3595	66.818	57.4539	48.9557	42.2855	38.79	36	
119	101.054	85.3565	71.5257	58.8731	46.3837	36.9577	35	
121	99.6072	83.5107	67.7257	52.5638	39.2712	36	
117	85.8729	63.0663	50.8674	41.7845	36.6464	33	
107	89.1113	73.8336	59.0522	46.7956	36.8694	31	
109	86.1739	70.2199	55.9368	44.618	40.36	36.4524	34	
102	86.7979	73.9376	61.6627	51.3393	41.6599	35.3566	32	
119	90.6305	72.7359	55.6596	45.2939	35.5282	31	
119	90.6027	64.321	52.4317	45.9656	39.5889	35	
110	88.8146	69.3162	56.8504	46.663	38.6884	34	
121	100.888	82.6031	68.0995	54.1976	44.0773	34	
122	94.1371	70.0354	48.1212	37.6438	34.3816	33	
123	99.8911	81.5197	63.1845	52.4076	43.258	36.8208	34	
109	94.9439	81.4106	69.5652	58.4667	48.4885	39.4962	35	
104	86.9806	72.2331	60.6345	49.3347	40.0079	31.1395	31	
107	89.0149	71.3812	56.0008	44.4035	34.9148	32	
119	94.2766	69.583	55.3149	44.383	36.1021	35	
122	93.8993	75.6206	57.4417	41.2273	38.83	37.132	36	
110	88.4816	69.2946	51.1788	37.3478	34.5123	33	
119	93.0602	75.5461	59.8074	45.8438	35.5368	34	
105	86.2949	71.0174	57.0522	47.0631	37.407	33	
115	95.4264	76.5838	57.9036	45.6193	38.3909	34.4721	31	
114	94.8493	77.3979	64.704	52.41	41.6353	34.099	32	
108	85.4377	65.1073	51.9581	44.0249	39.0273	35	
110	90.665	73.5634	60.2267	49.2298	38.4243	34	
106	87.1669	69.7329	52.7653	41.4388	34.7761	32.955	32	
108	78.5102	60.0408	46.8776	36.1633	33.4082	33	
103	76.433	63.8456	52.9984	43.7463	36.0895	32	
104	87.6679	72.4296	60.0275	49.1827	41.2855	34.8713	34	
113	94.4888	76.6602	59.3938	47.8093	42.288	38.1923	35	
110	92.7277	76.7605	61.0427	47.8007	40.8342	35	
113	93.4927	74.4874	56.386	47.9002	41.7995	37.6068	36	
117	85.7227	62.0182	51.0409	43.15	36.5318	33	
113	93.7609	78.4673	63.2753	48.307	34.7217	31	
110	91.7396	75.03	58.3204	43.1397	33.9222	32	
109	72.1276	53.3343	42.9604	36.3452	33.9773	33	
116	94.8731	76.8369	60.2998	47.7298	37.9736	32	
108	87.692	73.2585	59.4903	47.0302	40.8345	35.1437	32	
112	95.9062	81.3441	69.1366	56.9977	47.0305	39.1436	34	
103	79.702	68.1016	57.7416	49.2784	42.5662	36	
107	91.4789	76.9459	62.604	52.3576	43.8321	37.6173	34	
119	98.1427	80.8886	65.413	52.2473	42.4538	34	
109	89.6543	76.3102	64.6049	52.9209	41.5774	31.9364	31	
109	86.6994	67.6274	52.9795	40.5737	37.1957	36	
106	81.9277	59.8756	48.5087	42.083	38.432	35	
108	93.0742	78.322	63.6913	51.3167	42.2051	35.1414	32	
115	97.2304	81.2314	65.6329	53.4703	43.6053	37.0918	31	
118	89.2128	62.5593	51.1674	43.8982	37.2801	34.423	32	
104	81.1283	67.3825	53.7281	42.3609	34.3558	32	
108	88.2217	72.4337	58.5046	45.6413	38.6024	36	
117	90.9114	75.6679	61.0959	46.591	36.854	34	
120	102.434	85.266	69.9694	55.3913	45.0676	36.6157	31	
102	85.6464	72.9195	60.3952	50.1686	43.1406	36.4055	36	
105	84.2486	64.5492	51.4162	39.4308	35.6694	35	
118	98.3787	79.5159	64.4206	50.185	38.9837	37.416	36	
114	91.2976	70.0971	54.9789	42.1885	31.801	31	
110	89.704	72.5593	58.1251	48.7373	41.1126	36	
109	80.7643	64.0864	51.3309	43.3363	36.6591	33.4553	31	
104	82.4321	62.3931	51.7184	41.1802	34.7917	34	
122	100.134	81.4413	63.2518	48.3519	40.8826	35.5418	35	
101	86.4178	74.7856	63.6897	53.4486	44.5484	35.6818	33	
120	102.901	86.7295	70.9573	56.439	46.009	37.7777	31	
101	85.1063	73.93	63.2271	54.029	45	36.0556	31	
103	84.0341	67.0478	51.0637	38.0613	33.6864	32.5866	32	
121	92.1958	68.4513	49.469	37.3322	34.4882	33	
122	94.7318	73.2639	53.7058	43.8383	36.9771	31	
112	90.3922	71.6269	52.9821	43.491	35.3249	34	
105	81.3236	61.5303	46.0247	39.3371	33.9978	33	
116	91.7686	69.1572	59.2991	50.1305	40.9618	35.4813	32	
118	84.1411	64.2773	51.2262	45.0701	39.981	37.2723	36	
101	78.8788	60.0923	41.4586	36.0365	34.56	34	
115	94.6241	74.3346	54.6207	46.0732	39.31	35.4535	32	
117	70.582	49.946	43.5648	38.6245	36.7205	36	
115	95.9565	80.9101	66.5203	54.015	43.1656	35.4568	35	
112	90.5027	72.1093	54.4976	37.4377	33.3911	31	
112	92.9643	76.2113	63.7586	55.9528	48.8807	42.1346	36	
117	90.4715	72.7859	56.6511	40.6796	33.7958	32	
102	87.129	75.0383	64.4252	54.3206	45.8364	39.1636	34	
121	102.155	84.3087	67.1024	52.6102	38.9886	31	
113	86.3708	62.891	45.6819	40.5079	36.3181	33	
114	70.6579	56.3684	48.7105	43.5	39.5526	36	
116	99.0858	82.5364	69.4812	56.7331	46.7497	37.6878	35	
102	83.1017	68.791	54.7885	42.3265	37.5677	35.1369	35	
117	87.0558	61.2307	51.1299	42.641	35.5489	31	
103	84.0851	65.1702	48.2979	41.0213	36.1702	32.6596	32	
121	97.9501	75.3721	56.1442	45.1029	34.8874	33	
104	87.1172	71.7577	58.1209	45.4633	37.6476	35	
102	82.9607	65.7773	53.0262	41.8472	33.31	32	
115	98.8042	83.5632	69.4505	57.0042	48.3074	41.7631	36	
112	90.9142	71.0872	53.1223	39.9043	35.6032	35	
107	90.8636	77.2337	66.0448	55.0851	47.746	41.3406	36	
103	78.5068	60.1845	43.3573	38.2194	35.2563	33	
114	91.6696	76.2788	61.5522	50.3069	40.5273	36.7942	34	
122	100.097	79.7239	61.2122	48.4121	43.8224	39.4112	35	
115	93.4565	72.8777	53.0004	36.4847	34.6139	34	
115	97.6681	81.1004	64.7467	48.7598	33.1703	31	
114	79.9095	51.0267	43.4955	36.6053	33.2804	33	
108	92.2809	78.0485	65.1215	53.0466	43.9633	35.732	31	
104	81.9731	60.8307	43.8891	36.7863	33.7186	33	
123	101.338	83.8256	66.358	50.8437	36.4612	32	
119	103.083	89.4441	76.477	63.8455	51.6204	41.7449	33	
111	85.1789	65.5318	55.0497	47.3664	40.5887	35.6221	32	
117	91.6806	66.7678	51.3372	45.1599	39.2876	34	
117	94.5779	74.9549	57.0408	46.1686	38.5669	34	
105	85.9584	67.504	50.2243	40.6696	37.1007	35.2485	35	
107	85.5493	71.6562	61.2929	51.8347	43.2816	38.5751	35	
120	101.244	82.6667	71.1675	61.008	51.8533	43.614	36	
122	97.0784	75.1153	55.2582	41.8948	37.6576	35	
122	95.5158	74.3992	57.9424	46.7353	38.3004	36	
118	93.2069	75.5227	60.1244	47.4641	41.2344	35.8589	34	
119	95.5958	73.1433	56.7277	44.2078	39.985	36.5948	36	
111	79.7323	61.4474	49.1074	39.0169	36.5425	35.7391	35	
115	91.4154	69.8009	54.2654	47.7923	41.8821	36	
110	96.0232	82.2903	68.8763	56.6818	47.0763	38.4275	34	
123	99.3014	79.1918	65.1096	51.0548	37.5205	32.863	31	
102	82.4778	62.9761	44.8804	36.9533	33.0204	33	
122	98.3168	74.9245	60.2346	49.0354	41.6662	35	
104	75.806	51.245	46.2148	42.1782	38.2658	34.3845	31	
109	89.7472	74.0302	61.4155	51.2417	42.0943	37.4864	35	
111	82.0354	57.3975	49.5254	41.9538	37.3267	33	
118	92.3942	67.371	50.1675	41.6425	38.7599	36.3373	36	
110	93.0053	76.7864	60.6379	48.7734	40.2584	34	
121	93.5644	75.6756	59.208	44.1926	32.3285	31	
111	88.7551	70.456	57.7896	47.6679	38.0894	35.0301	33	
109	87.0488	69.878	55.8049	44.561	36.3659	32.561	31	
112	90.9624	71.1595	56.0627	41.2921	35.9803	34	
109	85.8818	71.8246	58.7271	46.4482	36.4558	34.1411	34	
106	86.035	66.7268	49.5464	38.8809	31.1839	31	
104	85.8573	68.499	55.764	43.8959	38.5707	36.1352	35	
108	83.0227	61.8412	50.3863	41.2697	37.6096	35	
105	89.0356	73.6079	60.5178	49.0206	38.9606	32	
108	81.5199	63.564	47.2934	39.0609	33.0648	33	
105	88.5427	72.2169	58.3709	49.6538	43.3977	39.0768	35	
119	98.6308	80.1077	63.1026	46.2	37.0308	33.7692	31	
115	92.3183	70.5852	51.152	41.5503	36.2608	32.4374	31	
119	87.3066	69.2475	52.3036	41.2236	38.7054	36.7627	35	
118	95.7663	74.6332	60.5445	49.5927	38.8061	33	
107	86.4377	69.4788	54.9894	46.8249	38.7109	31	
115	92.6493	73.5542	55.7752	41.6905	32.4085	31.4849	31	
102	80.605	66.1071	54.1147	46.9643	40.3487	35	
122	84.5324	69.2763	54.443	45.6045	39.5712	34.1913	33	
108	87.7648	68.4372	51.7258	40.3802	35.6551	34.3737	34	
120	102.507	85.0809	70.9412	56.8676	45.8162	38.6691	36	
106	88.8726	72.489	57.277	45.6727	34.6263	31	
102	79.4833	68.5635	57.94	49.3057	41.9836	35	
121	101.406	83.3297	65.4383	50.7272	39.1553	33.5745	33	
112	93.9788	76.197	60.8633	48.2724	37.1726	32	
119	101.579	85.1912	69.233	54.1136	45.9784	39.2479	34	
107	87.738	70.1339	53.8953	42.0699	36.4132	32	
113	91.6331	73.1783	58.9901	49.6442	40.4676	34.9143	34	
111	86.4686	69.7367	54.0603	39.0531	34.5226	32	
111	89.1551	73.0284	59.6684	47.3626	38.6931	32	
119	94.0308	74.9169	58.4491	46.7949	39.0536	36.2668	35	
117	85.5873	66.7022	50.0235	39.1039	37.3089	36	
106	80.0465	61.9832	45.2163	35.5788	33.5781	32	
109	84.7821	66.5262	52.163	41.9141	34.5231	31.0739	31	
118	98.6358	83.9849	69.7465	55.8223	44.412	33.5515	32	
110	92.4096	75.6129	60.0897	44.8065	37.6449	31	
115	91.8186	74.2216	57.3227	42.7216	35.741	31	
101	84.9262	68.914	54.1574	40.1211	34.0496	33	
115	92.1953	74.2511	60.556	47.564	40.9305	37.5678	35	
122	101.458	83.4298	67.4825	52.2563	41.357	36.2472	36	
115	95.2262	77.8207	61.0185	45.0877	33.4245	33	
101	83.3793	68.6026	54.9388	41.9757	36.6792	34	
103	79.0161	59.3463	43.4512	37.6992	35.3111	33	
112	83.9196	70.3215	57.8179	46.2406	38.5364	35	
108	87.1308	69.4673	52.7196	43.2555	36.7352	33.3115	31	
114	97.1783	81.7584	67.8382	55.2219	43.7141	36.4442	31	
113	98.4769	84.6567	71.1721	58.9017	46.9029	36.8214	35	
118	100.4	84.4514	68.8744	56.0641	43.6257	36	
122	96.8094	77.0362	61.5291	46.8346	40.3339	36.237	36	
121	93.5441	75.742	58.5289	42.7884	35.1636	35.0327	35	
110	86.4373	68.0083	50.5965	43.8069	37.798	36.3785	36	
122	92.9498	67.7939	54.4102	43.9361	35.0285	31.2686	31	
112	89.593	67.7992	50.3925	41.6184	36.9483	35.1793	34	
113	88.0513	65.3977	48.5565	41.5816	35.9182	31	
115	88.3472	70.541	57.9071	45.3297	37.7268	31.0565	31	
120	100.961	83.7802	68.8109	57.6769	49.1845	41.2009	34	
101	85.9986	71.107	56.3094	46.2301	39.3329	33	
114	91.6921	70.8565	58.141	45.9832	34.6062	33	
123	101.706	81.4811	64.4895	50.342	42.9522	36.2917	36	
120	96.3538	75.5158	55.3077	46.1222	37.0154	33	
102	85.9736	74.327	62.9293	53.2736	43.7175	36.5338	33	
108	86.6091	69.008	56.5194	44.0817	37.3414	32	
111	86.7487	64.1376	50.7628	44.8577	40.2648	36	
108	92.0774	76.3582	60.7916	45.3777	39.9175	35	
116	99.5057	83.5657	67.8944	55.868	44.5975	38.2484	32	
106	85.6457	70.1288	56.5593	43.9736	39.1567	36	
110	79.7968	56.9138	43.9652	36.7374	34.7382	34	
109	90.1499	72.2898	56.4671	48.2797	40.3778	32.6664	32	
105	88.9941	73.1101	57.4901	46.2373	38.5187	37.0765	36	
119	92.7125	79.6803	67.4765	56.7066	46.319	38.9585	33	
104	84.9934	70.9037	57.4164	44.3372	37.5742	36	
111	81.8249	64.5609	51.6371	40.3046	35.3858	35	
101	67.4577	54.9375	45.0398	39.4564	35.142	34	
108	82.7814	61.5593	43.6254	39.8313	36.8465	35	
121	94.3058	70.7408	48.7724	40.2468	36.447	36	
115	92.5972	71.5136	51.1912	38.8354	34.8521	33	
112	83.0214	57.7414	47.6868	40.8282	35.1545	33	
120	97.4373	79.0846	62.6939	49.5323	41.3983	34	
119	97.7338	80.0694	62.8637	50.1774	40.6341	36	
119	98.9017	81.4015	64.1923	51.9296	41.0179	35.8427	31	
118	95.6036	74.6478	60.7148	48.1323	43.0453	38.2284	36	
106	79.4086	57.1931	42.4248	36.0715	34.136	33	
102	78.8955	64.1614	51.751	42.9845	37.017	33.241	32	
102	87.3022	72.8407	59.1826	46.8635	38.3568	33.8198	31	
102	88.2113	75.9773	64.4868	54.348	44.5642	37.8388	35	
113	91.2663	73.517	58.2793	43.9833	37.8254	35.9418	35	
114	90.7544	75.7338	62.0254	50.6135	39.3187	31	
109	83.6036	58.9679	42.2906	39.1892	36.7607	36	
122	101.879	85.5726	69.9647	57.1238	45.7066	39.0444	33	
111	86.5745	66.2199	49.4013	41.5567	37.9612	36	
119	90.8062	65.106	48.3748	38.7221	33.7349	31	
120	95.0229	70.1756	53.553	43.7267	37.1469	31	
115	80.4826	49.5615	42.8272	36.7981	35.3173	35	
123	101.921	81.8212	63.5027	46.7652	38.4843	37.079	36	
119	95.8796	75.1861	57.9672	47.0328	40.1095	35.3832	35	
116	96.1574	77.1227	60.6124	44.4556	34.4081	31.9846	31	
105	88.2108	72.4147	63.073	54.3934	46.431	39.7558	34	
103	79.4369	62.3362	48.4361	39.5961	31.9145	31	
103	88.2373	73.5534	59.4847	48.6177	39.8484	36	
119	92.0712	67.996	55.9169	44.6135	35.1108	35	
107	91.1482	76.0917	61.0881	47.2333	36.0999	32	
120	99.6031	83.8562	68.9813	54.8461	42.5339	37.7253	34	
122	97.5774	73.5453	51.2576	39.6452	36.8332	36	
108	82.677	68.3168	55.7266	45.5917	36.456	35	
115	96.1433	78.0505	60.7434	48.8488	41.9085	35.863	32	
121	91.475	66.8367	56.1601	45.853	39.2007	33	
117	97.6045	79.9777	67.5375	57.2436	49.4139	42.4585	36	
101	80.32	66.0667	55.1647	45.005	38.3662	35.3755	33	
118	88.3889	68.2302	58.3496	48.7138	39.965	36.8449	34	
102	85.0954	68.4833	54.016	42.6877	39.1391	36	
110	91.1301	73.777	61.2193	49.0855	41.8587	36.4387	32	
115	87.2255	69.3855	55.4348	45.0775	38.9054	34.3397	31	
107	86.2268	68.4751	56.8715	45.3518	40.8615	36.7278	34	
117	100.221	84.8719	71.238	57.9614	45.6319	38.6988	35	
109	85.2384	68.6177	57.3293	47.9744	39.5549	36	
120	99.3614	80.1402	61.9928	46.938	36.157	33.2577	33	
118	96.4707	79.3633	62.6425	47.3956	39.5185	35	
107	80.8983	60.3583	49.7029	42.4891	38.9924	35.6333	35	
101	79.64	58.79	38.69	36.23	34.04	32.66	32	
111	92.3333	75.1667	59.4792	49.1875	40.1042	35.8125	32	
104	86.5803	71.2577	57.797	48.4665	40.2703	34.856	34	
112	94.9509	78.7554	62.6722	50.6098	42.7479	36.7953	31	
118	98.3051	78.6362	61.8851	47.2963	40.0019	35	
101	86.7445	72.8325	59.6933	49.7889	40.4713	33.9017	33	
123	101.776	81.5835	62.4214	49.0741	39.7441	35.4624	32	
121	87.9253	63.3468	43.4066	35.3871	34.1734	34	
120	97.881	76.1948	55.4425	39.4285	31.4556	31	
116	89.0646	64.901	50.3486	42.033	34.3199	32	
122	100.869	83.4975	66.9753	52.8315	39.3461	33.8457	31	
114	94.6798	75.9578	57.8563	40.1756	34.3264	32	
114	93.2839	72.5678	60.0452	47.8816	37.6819	35.718	35	
110	92.832	77.9601	64.2631	52.7554	44.1848	38.204	35	
120	88.0233	71.6935	56.1768	42.8396	37.7	35	
102	76.8703	55.4279	42.6929	37.3039	33.5883	32	
121	96.2912	72.9283	49.5998	38.4878	33.6219	32	
115	87.1401	59.6672	39.8686	37.1278	34.7739	34	
120	98.7756	79.8071	66.6396	55.0145	43.4585	36.4374	36	
107	92	77.7083	63.6055	50.1637	39.1459	32	
116	95.9987	77.0488	60.7009	48.4005	38.229	35.0751	32	
118	99.7528	82.727	67.6814	52.7839	42.772	34.9068	34	
123	102.171	82.6275	64.531	48.6162	38.7183	35.7558	33	
103	88.4708	75.3894	62.4912	51.4903	42.8859	36.2953	33	
102	80.7769	65.3058	53.6777	42.1736	37.686	36.595	36	
116	93.8555	74.3204	56.3894	45.8797	37.1895	33	
104	84.1515	65.0906	53.8162	44.117	39.0086	35.7005	33	
119	94.8234	76.691	59.1838	51.115	43.8501	37.7464	32	
122	96.4683	82.452	69.0869	56.4774	45.6916	36	
121	91.3617	64.3702	43.7182	38.7512	34.8299	33	
107	88.2063	72.3545	56.6296	46.2593	38.1746	35	
101	80.6566	61.9243	44.6529	38.2727	33.4393	32	
103	65.815	43.5597	39.26	35.6768	35.0398	35	
113	75.7743	64.5528	53.911	45.588	37.9689	33	
115	99.9648	86.215	73.2626	61.254	51.6373	43.241	36	
121	92.8287	69.27	48.7761	42.5227	36.9194	35	
112	93.7851	75.8251	58.0474	47.7741	39.4863	35.7341	32	
114	94.6035	79.6916	64.8017	51.3479	40.4567	35	
105	86.0382	68.7559	53.6021	42.7445	35.4215	33	
122	97.7556	79.5563	62.9003	51.582	41.9678	36.0514	32	
111	92.8472	76.0469	61.2964	49.589	40.5443	33	
104	86.1873	71.1257	57.9259	46.9215	40.0576	36.445	35	
110	92.5801	75.532	60.0949	47.5788	39.1344	32	
111	90.8658	72.1532	55.0161	43.3351	32.5379	32	
106	86.4969	69.235	52.4256	42.34	34.5603	34	
119	90.9214	74.4536	59.0779	46.1451	37.4657	36	
117	93.479	74.3147	56.472	41.0769	34.7378	33	
111	75.759	59.3297	45.488	40.2716	36.6572	36	
105	83.2173	70.2749	57.5212	48.1622	39.0153	32.2966	31	
122	80.9608	57.3072	49.1176	41.7974	36.3072	31	
114	74.9908	59.4835	45.4627	40.0794	34.8969	31	
119	94.8009	71.6593	56.3135	48.0996	41.3612	36	
109	82.957	61.6198	50.4678	41.3785	35.4802	31	
117	89.8011	68.3699	54.4029	42.726	36.5624	33.4806	33	
111	92.2594	75.59	64.2655	53.9766	43.9215	34	
102	81.1794	64.8031	52.5478	40.6696	31.9697	31	
122	98.9729	75.9927	53.9261	37.4347	32.9839	32	
103	86.8754	71.7511	61.0244	50.3322	40.0022	31	
117	92.2393	68.2781	51.8999	44.1106	36.7082	34	
109	90.0116	71.3383	59.4496	49.2413	41.7005	35	
105	83.5848	62.1697	52.9197	44.875	39.297	34.0553	31	
113	87.4483	67.1765	52.0541	39.3434	35.1065	31	
113	83.6453	59.2552	49.4258	39.963	34.332	31	
120	95.9584	74.5378	53.1171	42.3744	36.7119	36	
122	102.454	86.0418	71.6673	60.6892	50.4124	41.1215	34	
104	77.0492	61.4284	50.1544	42.975	37.5344	32.3181	31	
113	88.4332	70.8891	57.4981	47.757	39.8282	32.4027	32	
122	99.5735	77.2427	54.9119	46.0178	40.7579	38.1757	36	
121	96.6388	76.95	58.7853	46.0676	39.5213	35.8734	33	
111	84.4581	58.6736	45.8966	35.787	33.7782	32	
105	85.3105	68.8174	53.6986	45.9954	39.1233	35	
105	81.3161	68.5913	59.6059	51.2958	45.6346	39.9992	36	
106	86.7498	72.0151	58.0527	44.6251	38.5847	35	
111	84.5964	71.1878	59.6694	49.0962	41.624	37.2529	33	
109	86.5099	69.4994	52.608	41.1962	35.9787	32	
114	94.8444	77.3695	62.243	48.59	41.2225	34.7068	31	
117	91.6112	74.4139	58.5905	47.2698	40.4774	36	
118	93.9569	70.9121	55.5767	46.0371	40.4631	35	
116	90.9778	74.0355	58.6308	47.6434	37.4947	34	
118	85.4292	61.0896	42.5002	37.7741	33.6781	31	
120	96.247	72.8625	56.815	47.7359	41.0354	34.9046	34	
110	93.2523	76.9216	62.4567	48.6941	37.4997	35.1291	33	
110	93.6321	79.6698	67.4057	55.7075	46.9811	38.8679	35	
119	99.2674	85.133	71.0818	57.1138	44.3097	34.4434	34	
110	93.5106	78.6342	64.1867	54.5264	45.8442	39.5642	35	
110	82.6007	64.4764	46.8058	34.7229	32.9644	32	
120	99.1789	78.557	58.8649	43.5894	33.8928	32.1328	32	
104	88.3529	73.4832	59.9489	50.2617	42.6075	37.724	33	
112	90.458	69.0153	48.0945	35.6463	31.1988	31	
105	87.299	72.1538	58.6367	47.1642	36.0513	33.5145	32	
110	93.582	78.0157	62.9091	49.6078	42.6762	37.1751	36	
121	98.032	78.747	65.088	51.429	38.292	34	
121	99.6416	79.5643	63.1083	46.8001	40.7399	35	
119	98.6775	80.713	63.0702	51.0438	41.7829	34.6658	31	
122	93.7847	71.4581	52.8473	42.361	38.3933	37.1651	36	
102	82.3105	64.3515	48.5029	43.5647	39.1541	35.5454	32	
110	89.025	71.3884	56.2713	44.9545	36.5561	32	
107	91.0062	75.911	61.8449	51.8794	42.6001	38.1728	36	
111	88.5454	69.3617	55.7916	44.7411	38.0666	34	
105	79.7853	64.0457	51.0176	42.6958	35.0285	34	
110	78.0397	64.3784	53.018	42.3046	34.9347	34	
103	86.1328	71.4254	57.438	45.5761	37.0739	34.3655	32	
117	99.8336	85.1849	70.7397	56.7777	46.8085	39.0772	36	
115	87.1265	70.1513	58.8512	49.3592	40.6707	36	
105	86.457	68.5593	54.4047	41.1105	32.2262	31.1076	31	
101	85.3022	72.1623	59.8475	47.6978	37.4045	32	
110	91.051	75.8685	62.1615	50.4737	42.1641	38.1646	35	
115	93.5796	74.7506	63.6682	53.2199	42.7991	33.5363	31	
117	101.936	87.738	74.4897	61.5715	49.3962	38.7274	32	
114	90.1956	76.5342	63.4117	51.3034	40.0827	32	
112	88.7044	68.4474	54.0705	44.1108	34.7419	31	
108	90.4872	76.0024	62.0311	49.9191	40.0383	34.5312	34	
109	84.878	64.4165	44.429	34.6064	33.1053	33	
101	82.444	65.5474	50.9327	40.3534	35.6767	32.1503	31	
102	80.6069	64.3776	54.7008	45.4796	36.2801	35.0868	35	
102	87.333	73.7102	61.4797	51.3694	44.2178	38.0631	33	
101	86.2363	71.7853	59.3423	49.4834	40.5956	32.8269	31	
117	92.2105	70.7053	57.0947	46.2632	39.1895	36	
116	98.1883	82.0589	66.5814	53.7115	41.073	34.3226	31	
109	87.6	70.675	55.2	40.3	35.525	34	
114	93.7433	75.639	61.3973	49.721	39.8137	32.4423	32	
102	85.8782	70.1255	57.1911	46.7228	39.5091	33.2349	33	
117	91.4093	69.0664	55.599	46.6115	38.7159	36	
108	87.2257	71.7954	59.2538	47.4584	38.0221	36	
106	87.8355	74.0146	61.322	49.8517	40.9762	34.0188	34	
119	98.3996	78.0188	62.7196	49.7001	37.8068	33	
122	100.013	80.8778	64.6904	48.5744	36.2377	36	
107	92.724	78.8238	65.5895	52.5089	39.7357	35.1079	32	
121	99.0047	77.7381	62.1691	48.6539	42.2718	37.9213	36	
112	91.1524	70.5786	51.8579	39.8758	34.0216	32	
123	82.6479	60.6712	44.1426	34.0776	32.6002	32	
120	96.4092	74.9881	56.0523	40.9037	35.0651	34	
102	88.7259	75.4517	62.7513	51.8356	42.8799	34.3704	33	
122	95.1458	75.4989	57.991	44.6298	38.2453	34	
112	91.1892	76.3243	62.9459	52.6757	43.1081	34	
118	96.8726	76.3296	56.9555	46.2603	38.8087	34.3962	32	
111	87.5283	66.7871	48.6938	38.2405	36.1167	34.0481	33	
114	96.7998	79.7551	66.4271	56.4873	46.7031	38.5611	35	
109	94.7905	80.9347	67.4327	54.4227	44.3192	35	
108	90.0483	73.7694	58.2198	46.7668	40.2681	36	
102	81.1148	66.673	55.0701	43.9363	35.3453	33	
107	83.0828	67.3118	52.3356	45.8037	39.6692	35	
116	91.4514	76.3955	61.5949	47.075	37.3525	36.3573	36	
106	89.963	75.3704	61.6852	50.3704	40.3519	31	
112	89.1131	69.5362	56.6741	45.7745	40.5256	36.2225	34	
102	85.5545	73.6865	62.3537	53.3466	45.9821	39.4667	35	
118	95.169	74.105	55.3195	40.7886	33.9997	33	
106	85.9516	68.8949	54.4949	40.787	35.3172	34	
105	86.4334	69.1439	57.0609	46.5988	38.3961	34	
111	94.2336	79.0467	66.5732	54.6464	43.8738	33.5467	33	
102	81.7336	64.8619	48.1538	39.2988	34.3088	33	
102	88.4093	76.0146	63.8781	52.1221	42.6222	37.4034	33	
114	94.0335	75.0595	59.2045	44.3655	37.1587	33	
112	91.7223	76.2158	63.8617	52.6365	42.0077	35	
117	95.4405	81.2699	67.3524	54.523	47.4883	41.0356	36	
120	98.697	79.1366	60.5129	42.7822	34.0911	32	
118	90.5904	70.0156	51.8594	40.9937	37.769	35	
121	97.3453	73.7194	55.6475	46.0647	37.2302	33	
119	94.3282	78.7479	63.2745	48.4072	41.5619	36	
123	93.9533	73.4952	57.7656	44.2234	35.3132	32	
107	86.2062	66.267	52.0817	40.8872	34.3927	32.2848	32	
115	88.4604	68.0725	52.312	42.8394	38.2664	35	
116	93.9425	77.0581	61.0927	48.9086	37.8011	31	
113	95.7769	80.0168	65.631	51.5999	37.6131	34.931	34	
120	98.4984	79.1698	61.8999	46.3684	37.5619	35	
118	92.0154	66.9499	49.9053	35.5623	34.0583	33	
122	97.6711	78.6657	61.8977	50.1447	38.5461	36	
117	92.2606	77.7827	63.4826	54.3895	48.1919	42.0706	36	
109	87.6365	70.5109	55.5368	46.2351	39.8456	34.847	32	
115	96.0203	81.6028	68.9627	56.4412	44.5912	39.634	36	
108	87.0345	68.8891	53.6207	42.5397	36.5577	32	
110	85.5468	68.3088	56.8333	48.8792	41.2699	36.8619	36	
110	83.1081	58.5405	47.973	41.0541	34.9189	33.4054	32	
121	99.5958	78.441	66.2424	54.1345	43.0923	35.7232	34	
108	87.1885	70.4617	56.1994	45.3601	38.9706	35.4336	35	
110	94.1281	79.5244	65.9511	56.4993	48.2563	40.8851	35	
106	85.7838	72.2374	59.3349	48.7093	41.2806	35.8758	31	
119	96.8551	76.409	56.4179	39.1267	35.0617	34	
112	92.5233	75.7352	65.8019	55.9918	46.4074	36.8846	32	
110	89.451	69.3818	61.1622	53.0469	44.9734	38.2976	34	
122	90.9935	66.033	52.1173	44.1799	37.4247	34.9928	33	
116	87.5431	65.7395	52.2725	45.2184	39.9679	36	
101	81.6115	68.1771	57.4296	48.7026	40.9429	34	
123	94.7277	69.0309	54.099	44.289	40.7586	37.3729	35	
115	98.5105	85.8409	73.4561	61.6169	51.5334	41.4736	34	
107	87.8953	71.6511	59.8894	49.131	41.3184	37.284	35	
113	92.277	74.9373	60.2465	50.2968	42.3281	35.0272	32	
117	93.5305	74.1158	59.7574	49.0721	39.5556	36.121	35	
114	93.7658	78.5163	63.3935	49.4112	40.5192	33	
122	101.161	83.656	68.4816	54.3094	41.5825	33.2377	31	
108	91.7342	75.4683	61.5489	50.7316	40.7493	35.102	32	
101	74.3838	54.3347	40.9223	35.9535	33.9382	33	
105	85.1926	66.6536	55.8303	45.3876	39.5109	35.8961	33	
117	92.5013	72.9128	53.9844	40.7583	34.1848	34	
108	92.3628	77.327	63.494	53.7165	44.7294	36	
106	83.5067	62.6632	52.0987	41.8514	34.3007	33	
113	92.9613	74.1157	57.4352	42.942	35.9163	33	
123	96.8686	73.3338	58.1361	46.1364	36.8701	35.1207	34	
121	93.8632	70.3965	53.7141	44.1773	35.9194	33	
108	90.5783	77.5257	66.2571	56.4995	47.6885	39.3509	35	
101	82.5262	66.0039	51.8791	44.2963	37.9215	35.524	34	
110	94.3297	80.431	67.1282	53.8415	42.8095	34	
106	87.4997	74.3494	62.885	52.1175	43.2608	37.7759	36	
106	80.5332	56.194	43.8732	38.0703	35.8976	34.8801	34	
107	89.3421	72.4165	56.4532	41.1804	35.5315	33	
107	91.3632	77.568	64.8389	54.8398	46.3752	39.0738	33	
107	88.8996	73.3047	57.9907	44.2318	38.2055	33	
111	90.497	72.2083	57.2001	45.2879	40.1416	37.1482	36	
107	89.5678	77.8	66.1639	55.1645	47.0851	39.0277	34	
106	93.2754	80.8993	69.629	58.9797	48.997	40.3928	35	
118	96.5902	79.9439	64.0659	50.0829	42.4512	36.8427	34	
106	79.7233	59.8569	47.9205	38.2498	34.6578	33	
119	91.131	67.0556	43.1262	36.677	34.6342	33	
105	78.7726	64.6399	53.6144	43.0232	36.5415	33	
114	91.4091	71.2955	54.9773	44.5	38.2045	33	
122	94.6196	73.0151	55.9093	44.0518	38.3314	34.2771	32	
117	94.4463	72.9212	63.1371	54.507	45.902	37.3722	31	
121	98.1624	78.866	60.3798	44.8946	37.5422	31	
114	85.78	69.9124	54.8259	40.6182	32.66	31	
122	100.468	81.3686	62.9319	46.6175	39.3445	33	
123	100.228	78.3503	58.5477	41.5987	34.133	32	
111	90.9887	71.8869	58.6498	45.9631	41.5348	37.657	35	
111	74.6983	42.9598	38.5188	35.015	32.7334	32	
109	76.8794	53.4283	39.0122	35.8566	33.9965	33	
123	98.0812	73.6151	50.1799	39.2669	35.9981	33.2573	32	
118	98.9129	83.8767	69.4601	56.4256	46.3936	37.3862	31	
112	90.7226	72.1209	54.7168	41.4407	34.637	34	
105	86.3172	68.8081	53.0114	40.2163	35.1175	32.8086	31	
102	86.8555	75.2618	64.1774	54.2664	45.5594	38.3037	35	
120	79.5196	54.4874	35.4069	33.8753	33.1751	33	
105	80.5899	66.6961	53.3908	44.2306	36.8871	32.9467	32	
123	105.848	88.8548	72.5574	57.1344	44.9511	36.9216	34	
123	101.789	81.3215	63.7011	52.5953	44.1057	36.4625	33	
112	84.7705	71.3996	58.1435	46.2933	35.5622	32.6355	31	
110	88.3289	71.8488	57.2334	45.3899	40.3249	36.6207	34	
108	75.0706	54.0736	44.9101	37.6914	34.0655	31	
117	94.1436	73.0369	61.8821	52.3677	45.5873	40.4109	36	
109	92.4085	77.2513	63.507	51.9893	42.6766	36.5538	33	
119	93.3738	71.1908	49.5597	39.2304	36.0238	34	
113	93.0607	77.669	63.656	50.3014	38.202	32.5227	31	
102	82.3815	69.3695	57.8032	47.2008	41.3976	36.0161	32	
109	93.4362	78.2842	64.5156	52.0811	41.0465	31	
107	92.7502	79.2199	67.0817	56.0541	45.9494	39.7395	35	
114	93.0674	76.6185	60.5223	47.3229	37.2219	31	
111	91.06	72.707	60.8166	50.1222	41.7276	35.2879	34	
123	104.69	86.881	69.4524	55.619	44.5952	37.9762	34	
122	84.0766	64.2077	51.0071	39.4849	35.3115	32	
107	88.2736	71.4499	56.6491	45.5735	40.5865	37.1216	36	
112	83.5097	68.0532	55.6328	43.2123	35.7908	33	
110	94.7093	80.5512	68.5931	56.8311	46.9422	37.2494	32	
104	85.7453	68.6872	57.3279	46.2724	36.6987	33.0135	31	
108	82.4725	62.0445	41.6464	36.7258	32.1034	31.3579	31	
102	87.3248	73.9571	60.843	47.729	36.4299	32.4684	32	
102	78.3037	60.1556	47.5296	37.3667	33.9444	32	
120	98.3458	83.0762	68.977	55.1173	43.3059	32	
116	95.0796	76.5865	59.6652	49.4709	41.6344	35	
104	72.1461	52.518	40.4932	35.6364	35.134	35	
107	85.2933	67.4521	50.3048	43.5896	38.0886	35.8337	34	
119	93.3052	76.0631	59.5468	45.7531	33.541	31.1556	31	
111	86.3762	70.3	55.3088	43.8681	34.7944	32	
116	93.2821	73.0542	52.9494	40.6835	35.9186	33.0597	31	
107	84.9562	70.6682	58.4108	48.9914	41.2357	38.5445	36	
105	82.0517	66.2673	53.42	42.4354	33.7432	32	
111	88.7092	67.5816	52.7923	45.1246	37.457	31	
119	97.9389	77.6462	62.6624	49.0058	40.1692	35	
105	83.6715	66.9153	50.4448	35.9488	32.8313	32	
101	83.2322	69.287	58.2614	48.8685	39.6484	35	
109	88.1385	68.6649	51.3624	43.4834	38.0442	35	
102	87.058	73.1031	60.2033	47.9331	40.2239	35.5609	31	
109	90.7757	73.832	60.1195	48.0816	39.4915	31	
109	78.5353	62.1411	47.5219	38.389	34.1614	34	
121	104.261	87.7279	74.4328	61.206	48.0249	37.4891	34	
114	95.1325	77.241	63.4048	49.959	36.5566	34.2578	33	
104	85.4622	68.9191	56.3455	45.4536	35.8914	32	
105	90.5232	78.2011	65.9912	55.4198	46.8459	38.4292	31	
115	93.7415	72.5948	52.5934	41.8663	36.1117	36	
107	81.9476	64.1564	55.1306	46.8569	39.3933	33.6364	33	
115	95.0633	75.6955	58.5581	41.8532	35.2076	33	
114	84.4544	59.5379	46.1786	38.2252	35.8019	34	
113	96.7719	83.1239	69.4758	57.5478	48.125	39.1323	33	
122	86.9956	55.9622	43.661	37.0572	33.1295	33	
105	83.1686	63.2657	51.3857	43.9286	37.4743	33	
102	86.4842	72.4135	59.7309	48.3602	38.1114	33.2817	31	
105	87.4255	71.4734	56.0259	44.2375	37.2437	36	
111	90.2282	70.5125	56.3216	42.9431	37.5267	32.977	31	
120	102.308	86.1303	73.7806	61.539	49.6651	40.192	31	
111	88.8741	71.8712	57.9868	48.4088	40.2663	36.0094	32	
115	91.0403	69.5918	51.1928	38.3801	34.2032	32.1019	31	
119	93.0485	71.6696	57.4765	43.7287	36.8102	32	
103	79.176	65.702	53.6406	42.1224	37.5858	35.2496	34	
109	88.1469	68.5938	56.8412	45.7646	36.9241	35	
108	89.1713	72.3315	56.704	46.4183	38.0079	36.663	36	
115	97.7911	81.8634	66.7396	53.8015	42.7475	37.0196	33	
103	78.4235	63.362	53.6004	45.7616	39.9441	36	
112	94.7905	81.4947	68.3452	56.3296	44.4421	34.8955	31	
122	102.904	86.1213	69.8149	54.7104	40.8534	36.1814	36	
108	81.0472	67.0731	57.2947	47.8363	41.9693	37.5602	35	
108	89.053	73.4656	58.7256	44.8937	32.8475	32	
113	89.7958	71.1378	54.5318	43.0086	39.4412	36	
110	88.1158	66.7375	52.5073	39.4648	36.6056	35.2859	35	
111	95.0264	79.2772	65.3704	55.8535	46.4488	37.9894	34	
101	85.4305	70.8027	56.63	42.6457	36.3834	32.1143	31	
103	88.6374	75.8	65.5955	56.317	47.3471	40.3746	35	
111	93.442	78.0528	63.1712	51.4274	44.5058	39.4299	35	
118	102.095	86.3679	71.4078	57.2144	47.1756	37.7252	33	
108	84.8881	62.3577	45.4663	34.9976	33.0506	33	
116	85.689	64.1064	51.0478	40.5123	36.6254	34	
119	101.052	83.446	67.6262	51.9146	40.2075	33.5513	32	
110	90.9329	73.3732	60.234	48.3171	36.8483	32	
105	86.8671	73.0342	61.3238	49.8512	40.0255	36	
113	94.7712	76.7078	59.3763	46.9561	39.5655	36	
116	98.2534	84.2787	70.3606	57.5175	46.598	39.356	34	
107	84.2947	68.304	53.7901	40.2685	35.0998	33	
118	97.7362	79.0647	62.0509	46.9566	37.5336	34.8507	34	
107	87.8578	68.9912	58.0416	50.046	42.2079	35	
109	83.8263	59.4961	45.0308	38.8971	33.3768	31	
118	97.5053	79.0812	60.6993	49.9237	40.6483	37.7959	36	
105	84.7275	64.932	52.2048	44.3126	37.201	33.797	31	
106	90.0283	74.9398	61.9557	53.425	45.7022	38.1485	33	
114	80.3792	59.7411	48.1014	38.8344	32.746	31	
119	98.4208	79.1463	63.8277	48.9509	40.3868	35	
118	98.2044	79.138	62.0018	48.576	41.0481	36.8659	35	
111	88.3933	69.9281	54.8129	41.0168	36.7434	34	
119	89.5837	67.2177	50.9901	44.4565	38.318	33	
118	93.0514	69.9118	55.3315	41.9932	39.0501	36.134	35	
118	95.8303	74.9349	54.0396	40.5983	36.703	33	
123	104.758	88.2093	72.6766	60.8012	50.4837	40.3919	31	
119	99.8169	82.9402	66.1991	52.8496	42.8647	36	
106	84.4685	65.644	47.3411	38.6987	34.4768	32.3411	31	
121	99.5425	78.6615	61.8151	49.8419	42.1392	35.2487	32	
120	100.534	83.2929	66.2783	55.7935	45.8855	39.8089	34	
111	94.9675	79.6784	64.9467	51.1611	38.7609	35.6186	33	
106	79.2401	57.9962	44.3899	39.1002	34.1216	32	
106	86.171	70.1391	56.6385	43.9818	37.6534	32	
114	96.0093	78.2273	63.4298	50.615	38.5308	33	
115	83.6716	60.877	45.8196	39.296	34.062	33	
118	90.3347	66.1276	49.9289	39.5999	33.2751	31	
118	97.5518	77.4972	61.2132	49.9015	41.8009	36.5801	36	
122	99.3021	82.5882	66.906	54.4996	43.976	35	
116	81.2423	60.0467	45.0509	35.4024	33.8137	33	
116	95.333	75.6608	59.5613	48.7756	38.9847	37.0627	36	
102	78.0664	57.3552	44.1904	38.4893	34.8538	34	
110	87.131	65.158	48.1359	39.6957	33.2593	33	
112	84.103	62.6228	53.0204	44.4647	39.9138	36	
104	90.5968	77.5041	64.6543	55.5569	46.716	38.3204	35	
112	90.1262	70.5385	55.3671	42.6377	36.6107	35	
118	95.6468	73.6959	60.0484	50.1647	40.6258	36	
122	82.5186	63.0697	48.7261	37.2512	34.577	32	
121	94.3615	69.5009	47.7908	43.6422	39.6495	36	
121	97.7087	76.5195	62.7477	49.6523	41.9933	35.2765	31	
120	98.7394	77.677	56.6642	45.8109	38.1293	34.7098	33	
102	85.5959	71.4359	57.3454	45.8817	37.8275	32	
104	85.0401	72.7372	60.7585	51.2595	44.2401	37.4496	36	
115	79.4463	58.6441	45.9492	35.7062	32.7401	31	
108	87.6315	69.8403	53.0984	44.2941	39.8007	35.3986	32	
104	84.3936	67.1946	50.4444	38.2643	35.5305	35	
120	99.4884	81.3915	64.407	50.2984	42.0775	36.8411	36	
123	93.3759	73.7356	60.9694	49.4308	38.7513	33.1457	32	
121	100.628	82.0726	64.0888	47.9831	33.2041	33	
110	88.1833	67.6042	52.0667	41.4104	35.1542	33.0688	33	
106	88.6741	73.5902	59.5292	49.7127	40.0703	36.9795	36	
123	95.3783	73.1173	58.982	47.6117	40.3607	35	
118	97.1757	77.8325	61.8069	49.4545	39.3238	31	
104	83.4256	66.6255	52.495	44.6472	37.4669	33.7387	31	
112	92.1531	77.1667	63.9496	53.2054	42.6744	38.5601	35	
113	93.617	79.3191	67.5532	56.7447	47.3404	39.9574	33	
106	92.7467	79.6729	67.2274	56.7265	46.809	38.8211	32	
121	100.329	84.7919	69.2775	56.6069	46.9191	37.4393	33	
119	99.013	85.6389	74.1512	63.4477	53.8675	44.8172	36	
118	96.6348	78.1337	62.8115	51.3842	40.3007	34	
116	82.9348	66.558	52.2587	38.7556	31.554	31	
111	93.0807	78.5992	64.3099	54.1882	44.4507	36	
110	92.5355	76.0577	61.0323	47.6639	41.408	35.9154	31	
122	92.5553	73.9229	61.7777	50.7878	41.3678	35.6507	31	
115	94.7363	74.8779	61.6255	48.981	41.1794	34.1479	32	
101	81.4511	65.5277	51.3156	38.8437	36.0303	34	
108	82.4597	58.8182	43.2266	38.0116	35.2035	34.3477	34	
123	104.904	89.1079	74.5076	60.1791	46.1947	35	
120	91.9511	71.0651	55.1997	45.1918	36.5897	31	
121	99.1411	79.3372	61.3623	50.2974	41.0616	33.1581	33	
119	91.0453	64.7333	43.379	37.794	34.8671	32	
102	69.8852	55.3658	46.1712	38.7957	34.0992	34	
113	90.4894	73.5355	57.1963	43.742	34.2837	34	
122	94.7738	74.0191	58.4613	47.5446	38.0988	33	
118	91.3247	67.3124	53.1713	42.9328	36.0918	36	
101	85.8175	72.4838	60.4098	51.6733	43.4931	36	
111	88.4739	72.6288	58.1149	45.3927	35.9983	35	
108	70.5773	49.8857	42.5881	36.2249	34.979	34	
101	66.8216	56.161	47.3095	41.3009	35.7445	34	
119	97.7392	82.5636	68.1082	54.398	43.4447	37.8315	35	
102	87.2763	74.3971	62.3038	51.2369	43.2496	38.7587	36	
108	90.7608	75.4422	63.6137	52.6518	43.7042	36.8882	33	
122	98.7829	77.3555	58.0079	38.8538	36.5804	36	
113	91.3139	72.6026	55.2083	43.1731	35.5887	33	
121	98.2219	80.209	65.4394	51.9671	45.73	39.9419	36	
104	88.5666	75.834	63.3021	52.7148	43.3776	36.6023	31	
113	95.494	78.6235	62.6774	48.1757	37.1984	33.3852	33	
107	88.3347	71.3866	59.1422	47.999	38.8156	34	
110	88.3706	66.7682	53.0335	41.2455	37.4874	35	
106	91.1343	76.7662	62.6368	50.4776	38.4577	34	
103	82.4913	65.6316	49.9545	40.8658	35.2572	31	
114	95.9817	78.1415	62.6177	51.3924	43.6194	37.6727	35	
101	76.8933	61.3733	51.2933	41.6133	32.6533	31	
117	89.112	69.192	55.0733	41.6535	36.0269	34	
112	89.4012	69.3108	53.462	44.7736	36.1309	32.0262	31	
108	85.9714	71.6473	58.6526	48.7506	42.3482	36	
103	82.0504	62.8837	50.1357	39.4677	35.1886	34	
109	87.6847	70.1686	57.6854	47.8665	39.3552	36	
111	87.0363	64.4682	51.7226	42.7428	37.5024	34	
106	86.4178	72.4658	58.8219	47.3151	40.9041	34.6164	34	
120	97.54	77.8942	58.5191	41.7958	36.5191	33.9483	32	
118	94.208	72.4872	56.7467	46.7277	41.99	37.796	35	
107	91.5345	76.7791	64.4303	54.5868	45.3154	36.3595	32	
111	90.6324	75.4497	60.7627	49.2982	38.7013	33	
115	97.7551	80.8233	64.8507	49.2501	41.3029	38.0536	35	
117	93.4518	70.7687	57.0616	45.9228	37.3795	34	
103	86.8267	70.8007	56.1661	47.7357	40.533	37.3736	35	
106	76.7115	63.2028	51.2279	42.4974	34.1798	33	
101	75.9456	62.2119	49.7874	37.9276	34.5648	34	
119	96.8097	78.3805	61.402	49.2054	37.976	34	
121	94.6297	69.2405	54.2865	44.2676	38.827	35.7351	33	
103	80.1261	65.1886	51.8543	42.7689	35.3402	33.2292	32	
102	84.4684	68.9937	57.2532	46.6519	36.8734	32	
111	87.2058	70.9779	55.5397	45.1712	41.4518	38.6495	36	
107	87.457	70.2689	56.8882	44.3437	37.4552	34	
104	89.298	74.9837	61.1401	47.4625	39.8762	36	
106	82.1006	69.348	57.3983	45.6956	37.3586	36	
101	80.5575	61.4779	44.0832	36.4265	31.0743	31	
114	95.9323	79.8696	64.0143	55.4183	47.168	40.3005	35	
107	86.4254	70.2493	55.9284	42.3371	38.0012	36	
121	96.5986	73.0751	55.5423	41.392	33.8005	33	
107	86.4684	67.0449	55.7254	45.7312	39.6695	34.3465	32	
102	85.6078	71.0619	59.3319	51.0892	44.6741	38.52	33	
118	96.218	75.3223	57.1393	40.6483	35.035	32	
103	79.7717	65.3896	54.3462	43.5596	36.1973	34	
108	87.2254	71.1649	57.9006	48.1719	40.107	35.9475	35	
123	98.6983	76.7604	58.7532	47.0406	38.462	34.8233	34	
110	92.1738	78.217	66.5125	56.5021	47.7045	40.986	36	
114	95.3987	78.6595	64.5314	51.1927	39.8983	35	
114	93.1118	74.3059	59.8598	47.0406	42.3988	39.1235	36	
102	87.9475	73.9533	63.6831	53.5001	44.0736	38.6912	36	
110	89.5354	70.1963	51.9829	43.8789	36.266	36	
120	86.3398	67.6892	54.743	45.802	37.0633	35	
112	84.4055	64.5514	53.0971	42.5453	36.714	33.5901	33	
109	80.2034	54.3401	46.3918	39.3898	33.0817	31	
117	93.7197	73.4227	56.5983	43.8821	34.4183	33	
110	91.0353	72.4248	57.6404	47.2015	36.9988	31	
112	96.253	82.5456	69.4445	56.6375	44.0325	34	
116	98.9717	82.7716	66.813	54.2187	44.0224	36	
103	77.7431	57.3369	48.0259	38.8542	35.3417	33	
105	82.3881	60.0099	43.3285	38.9755	34.8563	31.5843	31	
107	91.9561	78.4716	67.9041	58.3457	49.2827	42.146	36	
123	98.9879	75.1991	54.3979	43.3411	36.6959	32.2285	31	
101	87.5862	74.6858	62.216	50.3423	41.168	33.9974	31	
102	86.2779	73.7767	61.5302	49.3383	41.6956	36.7279	36	
102	76.3862	57.5563	46.5936	39.0875	36.6112	34.7798	33	
106	81.5036	64.9397	53.7267	44.0196	35.1461	32	
119	94.1894	80.0379	66.2508	55.288	45.9346	39.1322	34	
117	101.866	86.9308	72.1177	58.4804	45.1028	34.1533	32	
111	86.8043	68.954	51.9637	40.2809	32.9274	31.5634	31	
107	90.5048	74.3141	59.8153	45.6886	34.5396	33.3214	33	
123	98.5288	78.4123	62.6236	51.4566	40.8774	36.6831	35	
118	98.5414	80.3082	62.8101	45.6307	33.7693	31	
107	89.1548	73.4214	59.4479	46.284	34.4928	34	
101	86.7532	74.6037	63.2931	52.6333	45.5895	38.9361	36	
109	87.7708	66.713	55.0823	43.7698	37.0852	34	
107	85.4119	66.528	52.1818	40.6773	36.8501	34.6042	33	
111	92.5528	75.6381	58.8785	42.2741	37.6575	35	
111	78.4617	62.6948	49.1554	41.2501	34.6988	34	
105	88.585	72.4853	58.6162	46.9536	37.1822	35	
111	88.664	70.4028	52.1919	42.9607	34.3331	33	
118	95.531	73.6519	58.9066	44.2456	32.7583	32	
109	87.8537	67.5306	48.5699	39.4869	32.3341	31	
117	90.6133	64.6402	53.0323	44.2367	38.998	36.1305	35	
117	94.2196	77.8752	61.6697	48.6589	36.4816	35	
122	99.0262	80.6092	63.8197	50.7461	42.3648	34.4447	31	
118	94.1756	71.1357	56.2553	42.6301	37.8966	34	
123	103.352	84.2492	67.2181	51.6262	41.1589	35.0312	32	
104	88.1555	73.0152	58.3098	47.229	39.2342	35.9411	33	
105	85.9735	68.5979	56.5344	49.1058	42.2698	37.4656	33	
104	78.3136	58.8448	41.8519	39.0666	36.5908	36	
103	81.773	66.7716	55.2622	47.8189	40.4216	35.5054	35	
109	88.0423	68.7078	49.7433	36.0184	34.196	33	
120	99.6748	80.7213	64.1369	50.3166	37.9719	35	
116	91.3611	74.8611	61.4444	48.5833	39.9722	32.7222	32	
106	78.8143	61.5731	50.0143	44.1381	40.1345	37.0027	34	
107	91.3135	77.1781	64.3469	53.0315	42.9499	35.0009	31	
104	76.4528	64.0462	51.9042	44.1428	38.6745	34	
101	85.1391	71.633	59.9939	50.9618	44.8058	39.7095	35	
116	79.3141	56.7229	45.1968	39.3349	34.2635	34	
120	95.0523	73.4951	57.0489	41.0834	33.2904	32	
104	88.2878	74.6302	61.1137	49.4101	41.0504	34	
123	101.371	82.0494	64.4991	50.6789	37.1002	36	
118	94.862	72.9154	52.2317	38.0534	32.4297	31.7149	31	
112	95.393	79.0822	65.6697	55.2823	44.9162	39.2465	34	
109	93.1152	77.6916	62.411	53.5861	44.9362	37.447	36	
122	100.663	80.2898	59.9399	50.3995	41.658	34.8668	32	
119	98.7469	83.6194	68.4919	54.1582	43.1358	33.4969	32	
114	87.6683	71.5635	56.6448	43.9929	34.504	32	
119	82.6229	64.2384	55.4817	47.6835	40.1467	34.9624	32	
112	91.0236	71.0016	53.3339	40.1838	34.0542	32.1241	31	
119	100.594	84.8758	69.3315	58.0599	48.6443	40.3501	36	
120	96.9843	77.6976	62.7571	52.9779	44.5076	37.6671	35	
112	86.6915	65.034	52.366	44.2894	39.7255	35.6596	34	
107	86.6669	68.1669	56.0587	46.4589	40.5978	36.208	33	
109	89.5217	71.8116	55.029	43.6377	36.4203	35.5217	35	
117	88.3899	62.3464	49.4756	40.4547	36.0386	32	
115	81.9857	56.173	47.5398	41.2927	36.0868	36	
106	90.8006	75.7613	62.2917	53.771	45.7789	40.0611	35	
115	86.7567	62.0522	51.2672	42.2347	35.7974	33	
103	81.8517	68.4016	56.5261	46.4222	38.3959	35.7496	34	
101	84.3477	67.8537	51.8703	37.1719	35.1476	33.7393	33	
104	86.492	69.6358	55.5135	43.4009	36.4122	35	
101	80.1802	62.7514	49.8753	37.1653	33.3713	31	
110	90.8922	72.224	57.0722	43.8338	38.5074	35.1978	33	
113	94.7575	79.3773	66.1534	52.9676	42.8159	37.5111	34	
111	80.6168	62.5511	52.3452	42.9604	37.134	36.2346	36	
123	103.365	84.0502	70.5114	59.7123	49.2557	40.8082	33	
117	96.4574	78.1097	63.4485	51.7282	44.8238	38.6653	35	
122	97.5287	74.4352	60.1878	48.834	38.2794	35.1102	35	
122	98.0772	74.2058	51.3891	41.9743	35.3891	34.463	34	
123	103.177	86.6696	70.4171	58.8479	47.9511	37.9817	32	
103	85.2305	67.6706	55.8878	44.4291	36.4023	34	
120	97.6162	80.0819	69.4176	59.9881	50.5586	41.1965	35	
122	97.1429	73.9842	53.4676	37.8038	36.2941	35	
104	84.9642	69.6964	56.3616	47.693	39.9029	34.3191	31	
110	90.5756	71.6426	53.9032	45.7122	39.019	36	
101	80.287	65.1127	50.831	45.6127	40.9894	38.2658	36	
117	94.578	75.413	60.6853	51.0556	42.6297	35.9975	33	
121	99.938	79.1328	63.5075	49.8086	39.2347	32	
103	79.7626	61.9237	48.9358	40.877	37.2258	36	
118	80.7278	59.2738	48.8073	38.5776	34.7414	31	
110	93.1935	76.6518	60.9575	46.1812	39.049	34	
120	97.9452	76.8254	63.2093	51.6916	43.1387	36.9579	36	
122	85.3809	60.0167	47.4569	38.2817	35.3865	34.1223	34	
112	91.9404	75.4488	60.2627	45.8598	37.8316	31.3481	31	
101	72.8298	59.1266	46.1423	40.661	36.0334	35	
104	84.3545	66.2094	54.306	42.9628	34.9405	33.16	33	
105	89.3434	73.7475	58.2121	45.5455	34.7778	33	
107	81.0654	62.4149	48.9673	43.5776	38.3213	36.4536	36	
106	81.6245	64.3309	48.2386	41.5362	38.2165	35.2131	33	
118	90.5074	74.6241	59.568	45.4494	36.2393	31	
110	89.6824	70.3056	52.6312	39.1683	33.5457	32	
123	104.981	87.3537	69.7446	56.9007	46.0672	36.3506	33	
119	94.7237	76.0608	63.6917	51.8087	41.7482	33	
113	96	80.2857	67.551	55.9592	46.6939	40.8571	36	
122	89.9308	66.5533	52.0548	40.4784	35.196	32.0115	31	
115	88.3774	68.8359	50.0094	39.9323	34.9619	32	
120	102.238	86.773	72.8928	59.2768	47.4085	35.6419	33	
102	82.2659	63.9372	47.7263	37.3941	33.4355	33	
115	91.4119	72.1556	54.6929	44.4049	38.1779	33	
118	92.0103	76.4794	61.4733	52.4136	43.7387	36.7778	33	
119	90.3672	61.8985	51.1612	41.9672	35.006	31	
123	104.149	85.5274	67.0726	50.9325	35.0218	34	
123	102.163	81.6437	64.1433	48.5723	34.1362	34	
113	86.6755	72.5598	61.3574	50.1549	42.6601	36.1716	34	
106	89.641	76.071	62.519	50.8263	44.0681	37.3457	32	
107	89.9231	74.1321	61.0266	49.0746	40.678	35.2126	33	
115	90.6649	68.5553	53.064	43.898	35.3178	34	
111	87.301	71.3162	58.4929	47.6171	39.22	31.7841	31	
118	94.3453	73.1101	55.0923	43.6639	36.534	31	
122	84.8943	66.516	53.7597	41.1585	35.5364	31.7755	31	
113	94.1634	76.1088	62.0987	52.2223	42.5247	36	
108	88.9607	70.3997	53.5609	37.5832	35.5103	35	
123	100.373	80.1826	60.8214	44.7778	37.9613	32	
101	87.4197	75.019	63.0818	53.3214	45.6675	38.0558	33	
108	84.6323	66.9151	54.2975	44.5051	37.4421	35	
114	89.6882	71.3949	60.0041	49.9734	40.2147	31	
113	86.4148	62.0424	47.8805	41.8111	36.3739	31	
123	95.7308	74.1341	54.9977	42.9692	35.4514	32	
115	87.2348	61.1971	40.9902	34.851	33.2777	33	
108	85.244	63.1738	52.0285	43.0387	35.8371	34.245	34	
103	85.0835	70.421	57.6599	45.6241	37.7832	34.7253	34	
107	88.1337	69.2875	52.6337	44.7694	38.8963	36	
105	86.9116	72.4526	62.3294	53.3833	44.5548	36.1973	34	
123	97.8531	76.2536	60.0611	46.1573	39.3771	35	
122	99.1779	81.8773	65.4443	54.2699	43.0955	34.1297	32	
106	91.9108	78.0806	64.5957	53.4935	42.7712	34.7424	34	
101	83.3422	65.7841	50.4607	41.3425	37.0727	34	
122	105.551	89.7901	74.0746	59.6878	47.1795	36.0687	36	
116	85.7399	67.5717	57.0597	46.578	37.6762	34.3342	34	
123	95.9178	77.0705	62.3923	48.1276	37.0673	35	
116	72.9445	62.3353	53.4501	46.1563	40.0119	34	
102	87.6361	74.5115	63.2561	53.1993	44.138	36.052	34	
117	95.0842	73.6951	60.2348	48.2759	41.717	37.4234	35	
109	93.8397	79.4958	65.4561	56.059	48.1987	41.7471	36	
106	84.493	69.3745	54.9834	41.0244	37.114	36	
102	73.5689	59.3533	47.7886	41.0886	36.02	32.2913	32	
115	93.6579	75.9612	59.3258	47.2358	37.9145	33	
102	75.4162	54.9863	44.3417	38.4928	35.499	35	
103	77.9612	65.3567	55.0516	45.6833	38.3023	32.3407	32	
115	95.4005	76.1774	57.4564	43.2744	37.9824	33.6734	32	
121	103.011	85.6635	68.6053	54.8759	43.8139	33.3308	33	
102	89.1523	76.3433	64.5942	54.1376	44.4436	38.6919	34	
101	84.4508	70.0854	58.0041	46.7042	35.5044	33	
104	91.0946	78.7034	66.6721	55.892	47.3569	40.6729	35	
115	96.3095	77.919	59.6207	46.6758	40.7456	35.0692	35	
104	84.5402	68.5432	57.1563	47.4264	39.4385	34.5736	34	
103	82.3824	61.8444	44.4682	40.0312	36.3115	34	
104	87.3175	71.3387	57.0762	49.3357	42.0586	37.5275	36	
118	97.1365	77.1545	59.3096	47.5555	38.6064	35	
113	91.1257	70.8215	59.1263	47.5394	39.2553	33.868	32	
101	85.9651	73.0995	60.927	49.6884	40.6193	35	
114	89.2017	73.6865	60.2312	51.1568	42.2388	36.0848	31	
114	83.4094	64.9076	49.4649	40.6563	32.032	31	
116	97.8159	82.5729	68.6087	56.2046	44.6701	36	
121	101.1	84.2549	68.5247	57.6251	47.5511	38.5919	35	
115	96.4712	80.9165	67.8864	55.8619	44.8431	36.948	31	
121	87.643	57.675	44.9567	34.5993	33.7616	33	
106	91.0642	77.0318	64.7748	52.8293	42.7683	34.623	34	
118	99.6319	81.4531	65.736	53.0014	40.5508	34.9173	33	
106	80.635	56.8978	42.8982	36.3867	33.6342	31	
123	93.2896	74.8378	57.8456	42.6255	34.8417	33	
102	84.53	69.9401	58.4193	48.0553	38.4704	35	
101	83.1067	66.1371	51.4445	45.924	40.5753	36	
112	90.5199	75.787	61.1805	49.1264	39.1697	35	
108	82.7052	69.0038	56.9388	46.8431	39.7983	35	
103	85.7197	69.5649	58.2236	47.5403	39.3676	36.2163	34	
107	87.0228	67.998	52.7587	43.7714	37.0065	32	
112	92.7073	73.7632	59.2681	45.9621	38.1507	32	
115	85.761	59.9792	43.4846	35.1641	32.8496	32.0293	32	
111	90.7393	70.6687	58.0087	45.3963	34.684	32.7126	32	
119	93.9697	72.065	58.0378	47.4158	38.5218	31	
123	99.6956	77.3721	58.2279	43.4132	34.1456	31	
106	91.0262	77.2429	64.5281	54.5914	47.8753	41.6476	36	
104	69.5303	52.6621	44.6645	38.7624	35.6193	33	
107	82.9117	59.9438	44.2254	36.9099	34.109	32	
109	92.033	75.5952	59.6183	47.8063	39.5617	32.3072	32	
110	80.2231	56.0293	45.0149	36.0894	31.6457	31	
102	77.9337	62.3087	51.743	45.2303	40.2829	37.5715	35	
111	85.7235	70.8049	57.7545	47.7263	38.7696	33	
111	95.7	80.7667	67.2167	56.55	46.5833	40.3167	36	
113	95.2791	78.4087	62.8346	50.7843	39.6657	36	
106	87.5156	69.0758	56.0609	44.363	39.0275	33.893	33	
105	89.4983	74.9874	61.9545	51.4745	44.5885	38.5087	33	
106	84.7993	71.345	58.3925	50.3638	43.5896	39.5753	36	
117	92.6391	71.0431	54.2047	45.2874	39.4587	35	
122	98.3311	80.1446	62.8518	50.2687	41.2117	35.5118	33	
123	98.4936	77.538	56.6901	43.6702	34.793	31.0538	31	
113	91.6177	70.6484	52.0651	45.2512	38.5062	33	
101	78.0253	61.0512	47.6872	35.4467	33.0321	31	
106	82.9721	64.0257	47.8621	40.0006	33.7161	32.5102	32	
109	91.6494	74.4127	57.7679	48.0452	41.8746	36	
106	87.9355	72.9213	61.017	51.232	42.18	37.4856	36	
107	91.0964	76.3133	64.7651	55.3855	46.9096	40.5663	35	
104	84.0328	67.072	54.8712	42.8458	35.7057	33	
111	93.0202	75.5038	62.0467	49.3125	39.8407	33.8536	32	
103	87.5497	72.4125	58.8877	49.1197	40.5258	35	
120	96.8531	75.1239	61.2936	47.7237	36.0923	31	
115	90.814	66.9686	53.4212	46.3724	39.8477	35	
119	100.075	82.1541	67.2033	53.7672	44.1279	35	
105	88.8643	73.531	59.8023	50.4953	41.2062	36	
116	93.4196	74.2986	57.8313	45.2972	38.5681	33	
121	101.355	82.5764	67.8219	54.0372	42.3574	34	
107	89.2076	71.8605	57.7157	45.6915	39.2658	36	
102	83.9093	71.3012	58.9146	47.2479	39.2917	32	
122	102.699	86.0186	71.3965	58.0091	47.0479	39.661	36	
115	97.7538	80.8787	67.8895	56.6904	47.6089	39.6625	32	
112	92.2799	74.6314	58.4967	44.6727	34.2748	33	
108	89.2092	71.9692	56.9411	43.7602	35.7787	34	
116	92.0198	75.9346	62.0138	51.2657	41.3047	35.8692	34	
119	98.8695	79.0443	62.1298	45.2967	39.4753	34.631	34	
115	92.1198	73.2383	54.7806	45.7238	39.1299	33.1715	31	
111	94.4781	79.8118	67.5856	56.9099	47.0222	37.9987	32	
110	82.0519	61.3759	48.5711	39.5307	34.7396	33	
107	89.9365	74.0094	58.1364	47.7287	37.8802	32	
113	87.4306	72.1287	60.3376	50.1032	41.4255	36.8548	35	
107	89.568	75.5342	61.8677	50.7179	41.0742	32	
119	89.086	65.6533	42.4343	34.849	33.0684	32	
108	91.7597	75.8207	63.1441	51.4425	40.6984	36.0355	36	
115	88.9736	66.2241	47.58	37.7119	35.9793	35.113	35	
110	90.1789	72.4256	57.0325	46.464	36.4804	36	
120	99.89	80.5853	61.7043	51.7023	43.8406	36	
122	85.706	61.5583	51.5328	42.5678	34.6631	31	
105	88.9026	74.6599	61.8296	51.9091	43.486	35.2671	32	
123	99.2793	77.1967	59.482	44.1637	36.4287	32	
111	94.8972	80.3741	67.4477	55.2517	45.0431	36.9068	33	
117	99.5476	83.4546	68.5007	54.0978	41.4035	34	
104	85.225	72.8422	60.8248	49.1361	40.406	36.5707	35	
116	93.915	75.259	56.632	43.381	36.3778	36	
117	92.1099	73.3146	55.5407	41.5805	36.9838	33	
109	73.7815	50.8109	43.0462	36.8067	33.2017	32	
120	88.5246	66.459	54.0328	42.3934	34.2951	34	
102	81.02	63.4367	48.673	37.1951	34.2645	32	
114	91.8423	69.815	51.359	36.6307	32.8247	31	
115	93.148	72.8405	59.3404	46.641	38.7183	35	
102	84.7516	69.5143	56.0988	43.7008	35.6089	34	
114	95.5348	79.5686	64.0029	50.1541	37.6787	36	
123	101.942	81.755	64.4121	50.1684	37.156	33.4199	31	
102	84.2137	71.6169	60.0625	49.3065	39.8367	36	
104	84.9472	69.9654	57.1705	46.8647	39.9787	35.3725	34	
110	81.8254	66.2019	57.3769	49.3691	42.6359	36.0335	31	
102	82.2533	64.1461	47.4091	38.8449	35.9331	34	
113	84.4481	68.6251	58.8728	49.1597	39.5641	36	
114	87.7421	64.1679	44.8938	38.154	34.3419	33	
123	102.211	81.8769	61.956	47.8625	38.2327	31	
119	100.371	82.0228	66.2798	55.747	46.5261	40.66	35	
115	97.0624	79.7732	64.6668	53.7097	44.3087	35.0157	34	
120	98.2222	81.3166	66.3774	53.8155	45.2159	36.9686	36	
122	98.21	75.9269	59.4886	45.1507	32.3196	32	
106	92.3388	79.4824	67.3689	57.9587	48.6311	39.6337	34	
107	86.4382	69.1501	54.3958	43.9243	35.4933	35	
108	82.7342	63.4701	49.0744	42.1494	38.1203	34.5109	33	
120	101.49	83.9095	67.8539	53.9562	43.6814	39.5833	36	
111	89.0253	67.3864	49.4659	43.9242	39.0303	35.048	35	
107	85.7764	71.2491	56.7671	45.7808	36.3607	34	
107	82.0339	63.0041	47.2307	40.7517	35.5957	32	
115	89.053	72.907	57.868	43.639	36.295	34	
122	96.8982	74.786	61.1915	50.2482	40.8844	32.2538	32	
107	88.6186	72.8067	58.7736	48.2543	41.622	36	
107	91.3741	76.0575	61.4897	47.8008	40.0204	36	
102	76.658	62.2513	51.2003	44.9806	39.4551	35.6075	35	
103	83.5004	64.9115	48.2824	37.3349	33.8309	31	
123	103.581	87.0891	70.9632	56.6668	46.8135	38.5284	35	
123	96.282	72.2093	52.0753	37.9961	33.646	32	
103	79.5407	68.8504	58.646	50.0343	42.7995	36.5094	33	
112	84.7659	63.3023	50.6928	40.19	33.5646	31.8854	31	
119	99.2758	81.4205	64.2558	51.6412	43.6378	38.8032	36	
119	92.1128	65.8404	54.8564	45.7169	37.975	35.0962	33	
123	98.6771	75.3116	58.0193	50.1809	42.5519	36	
109	87.2526	71.3468	58.9854	46.7115	40.2135	34	
120	101.433	85.9349	72.2932	61.9739	52.4169	43.3681	36	
108	89.7062	74.0552	63.6525	53.6246	44.5714	38.2361	34	
122	101.505	81.1417	67.0526	54.4165	42.9911	35	
121	97.3779	75.3162	58.5009	44.0532	38.9952	33.9371	32	
101	80.8364	66.4214	55.5724	45.7175	39.0827	34.8901	31	
120	93.0787	70.1164	52.4557	41.6459	38.2721	36	
114	92.0531	71.4004	51.8305	44.6997	38.9423	35.7995	33	
103	88.1325	74.4359	62.003	50.6666	40.7983	35	
121	98.4499	79.0985	61.4713	49.4249	38.6262	33	
109	89.1699	69.7695	51.1426	38.252	33.6758	32.5371	32	
119	90.2143	68.25	47.6786	38.1786	32.9286	31	
120	96.6735	76.0839	58.4219	40.9191	37.1322	35	
110	88.8974	68.7105	51.4621	45.0951	40.0697	35.5127	33	
122	92.4714	72.9021	53.7871	45.3653	39.809	36	
123	84.0234	69.247	56.1291	44.7452	39.3172	36	
104	85.5398	70.9846	57.5589	46.6829	38.8082	35	
106	85.5216	66.9164	50.521	36.504	33.2628	32	
109	79.8282	65.7776	53.3327	46.2071	40.0181	35	
106	89.5855	73.9123	58.3273	47.8608	43.7307	39.7242	36	
109	87.5963	67.8389	54.7834	41.8205	38.9682	37.2522	36	
115	96.0228	78.3695	63.2172	50.5902	38.5517	31	
101	87.8784	75.359	63.8059	52.2947	42.45	35.084	35	
118	97.4101	77.7071	62.031	49.1114	40.0029	36.9348	36	
118	94.872	77.6975	64.4815	53.6656	43.6289	36.7715	33	
113	89.8082	68.5968	49.4135	40.4183	34.4772	34	
112	83.1574	62.5455	52.1508	44.3459	36.9313	32	
101	78.9148	65.0284	51.8437	42.6847	38.3267	36	
108	82.1803	64.625	50.4188	39.6426	34.214	32.5935	31	
123	96.6936	80.4979	65.644	51.0709	41.4596	35	
115	82.3555	69.252	56.1484	44.1559	39.8098	35.7579	32	
111	87.7793	67.1414	51.8379	43.4621	36.8724	34	
113	89.7042	74.9575	61.2887	49.6285	41.5693	34	
116	99.1522	85.2953	71.5446	59.5989	48.9983	38.7693	33	
106	79.5573	62.5239	46.766	39.7656	35.8261	33.5871	32	
23.52	12.32	25.76	28	29.12	15.68	19.04	26.88	33.6	33.6	22.4	32.48	26.88	13.44	29.12	12.32	20.16	13.44	24.64	13.44	20.16	25.76	14.56	26.88	32.48	15.68	17.92	17.92	19.04	19.04	29.12	33.6	30.24	17.92	21.28	13.44	28	21.28	31.36	31.36	31.36	12.32	26.88	20.16	29.12	30.24	21.28	26.88	32.48	24.64	31.36	11.2	21.28	16.8	28	15.68	24.64	30.24	16.8	28	21.28	21.28	23.52	30.24	23.52	30.24	17.92	30.24	22.4	16.8	31.36	25.76	16.8	22.4	15.68	14.56	31.36	21.28	17.92	33.6	14.56	32.48	25.76	12.32	11.2	21.28	20.16	14.56	24.64	32.48	23.52	24.64	26.88	15.68	14.56	20.16	24.64	24.64	19.04	12.32	29.12	19.04	32.48	17.92	31.36	21.28	28	25.76	12.32	24.64	33.6	16.8	25.76	29.12	32.48	11.2	30.24	23.52	16.8	19.04	21.28	23.52	28	24.64	12.32	24.64	26.88	20.16	23.52	29.12	33.6	16.8	13.44	30.24	12.32	15.68	14.56	26.88	31.36	28	13.44	33.6	30.24	21.28	14.56	15.68	30.24	21.28	13.44	11.2	16.8	20.16	21.28	25.76	31.36	33.6	17.92	22.4	32.48	29.12	21.28	19.04	23.52	19.04	30.24	14.56	15.68	22.4	21.28	24.64	28	33.6	31.36	29.12	28	25.76	26.88	33.6	21.28	17.92	31.36	19.04	17.92	23.52	32.48	17.92	28	15.68	11.2	26.88	31.36	29.12	30.24	16.8	23.52	21.28	25.76	32.48	31.36	13.44	30.24	26.88	23.52	21.28	32.48	19.04	16.8	21.28	16.8	11.2	24.64	33.6	33.6	17.92	24.64	11.2	31.36	21.28	17.92	17.92	28	33.6	20.16	25.76	13.44	29.12	33.6	31.36	32.48	26.88	25.76	33.6	16.8	16.8	32.48	31.36	24.64	33.6	17.92	17.92	13.44	23.52	20.16	17.92	28	26.88	31.36	30.24	12.32	15.68	15.68	24.64	22.4	17.92	16.8	15.68	16.8	24.64	14.56	25.76	31.36	29.12	26.88	15.68	25.76	14.56	33.6	29.12	25.76	15.68	11.2	13.44	31.36	13.44	16.8	22.4	32.48	30.24	25.76	16.8	11.2	23.52	23.52	23.52	22.4	29.12	23.52	11.2	30.24	31.36	20.16	16.8	33.6	19.04	19.04	31.36	24.64	25.76	19.04	22.4	17.92	20.16	11.2	22.4	17.92	14.56	15.68	16.8	21.28	11.2	12.32	28	21.28	14.56	14.56	14.56	22.4	12.32	11.2	17.92	16.8	17.92	16.8	20.16	14.56	29.12	26.88	17.92	14.56	14.56	13.44	33.6	15.68	22.4	14.56	12.32	21.28	22.4	32.48	19.04	28	28	33.6	23.52	22.4	24.64	22.4	20.16	11.2	26.88	16.8	23.52	14.56	15.68	11.2	25.76	21.28	15.68	21.28	16.8	15.68	25.76	20.16	19.04	15.68	32.48	19.04	26.88	12.32	22.4	30.24	14.56	29.12	22.4	22.4	24.64	16.8	25.76	29.12	13.44	29.12	32.48	11.2	30.24	30.24	30.24	20.16	33.6	13.44	25.76	32.48	30.24	14.56	19.04	32.48	24.64	28	15.68	11.2	12.32	31.36	13.44	26.88	29.12	14.56	19.04	22.4	24.64	17.92	29.12	14.56	20.16	16.8	28	17.92	16.8	17.92	30.24	17.92	30.24	12.32	26.88	15.68	20.16	21.28	26.88	17.92	22.4	17.92	17.92	15.68	14.56	21.28	17.92	23.52	30.24	28	13.44	24.64	13.44	32.48	31.36	26.88	19.04	26.88	21.28	25.76	11.2	25.76	23.52	31.36	33.6	22.4	22.4	22.4	30.24	23.52	17.92	12.32	24.64	12.32	29.12	33.6	25.76	13.44	33.6	24.64	25.76	20.16	25.76	31.36	22.4	15.68	20.16	13.44	20.16	30.24	23.52	25.76	30.24	22.4	14.56	24.64	29.12	21.28	23.52	33.6	23.52	30.24	26.88	17.92	23.52	15.68	19.04	21.28	14.56	33.6	31.36	28	12.32	20.16	32.48	22.4	21.28	33.6	17.92	12.32	22.4	15.68	30.24	31.36	12.32	26.88	29.12	11.2	16.8	17.92	16.8	17.92	32.48	26.88	22.4	15.68	17.92	26.88	15.68	31.36	28	16.8	13.44	11.2	28	13.44	19.04	13.44	32.48	33.6	11.2	33.6	30.24	25.76	16.8	23.52	25.76	12.32	21.28	24.64	33.6	28	13.44	32.48	17.92	12.32	25.76	16.8	30.24	26.88	15.68	15.68	31.36	14.56	17.92	29.12	25.76	28	15.68	21.28	21.28	23.52	11.2	11.2	31.36	15.68	29.12	15.68	12.32	13.44	15.68	28	32.48	12.32	25.76	23.52	16.8	30.24	28	13.44	32.48	17.92	15.68	13.44	25.76	16.8	31.36	14.56	25.76	11.2	16.8	15.68	20.16	16.8	13.44	24.64	21.28	25.76	19.04	26.88	22.4	15.68	30.24	31.36	17.92	22.4	19.04	28	13.44	24.64	16.8	30.24	30.24	24.64	17.92	25.76	32.48	15.68	28	24.64	20.16	28	29.12	23.52	20.16	14.56	29.12	15.68	32.48	24.64	22.4	17.92	12.32	26.88	14.56	28	19.04	21.28	30.24	33.6	23.52	30.24	24.64	32.48	30.24	26.88	33.6	19.04	24.64	33.6	22.4	13.44	33.6	25.76	26.88	12.32	33.6	19.04	29.12	20.16	17.92	30.24	24.64	26.88	20.16	32.48	28	20.16	26.88	13.44	25.76	26.88	26.88	17.92	23.52	30.24	12.32	24.64	16.8	30.24	31.36	16.8	14.56	11.2	32.48	21.28	14.56	23.52	30.24	30.24	31.36	29.12	24.64	29.12	21.28	33.6	11.2	14.56	26.88	17.92	16.8	32.48	31.36	25.76	14.56	22.4	32.48	32.48	28	16.8	20.16	14.56	16.8	12.32	25.76	26.88	11.2	22.4	23.52	29.12	20.16	33.6	25.76	20.16	28	24.64	25.76	16.8	22.4	19.04	14.56	24.64	22.4	31.36	22.4	11.2	20.16	26.88	33.6	12.32	15.68	25.76	16.8	21.28	14.56	21.28	11.2	28	20.16	32.48	15.68	24.64	12.32	21.28	16.8	30.24	23.52	26.88	13.44	16.8	28	25.76	17.92	29.12	23.52	12.32	16.8	19.04	17.92	11.2	16.8	28	30.24	12.32	28	31.36	28	33.6	19.04	26.88	12.32	29.12	21.28	33.6	26.88	15.68	31.36	29.12	22.4	21.28	23.52	29.12	11.2	16.8	20.16	28	12.32	17.92	15.68	32.48	32.48	33.6	23.52	11.2	26.88	33.6	11.2	33.6	23.52	15.68	15.68	25.76	17.92	30.24	19.04	20.16	31.36	24.64	14.56	24.64	11.2	22.4	23.52	16.8	21.28	23.52	16.8	20.16	21.28	17.92	26.88	29.12	22.4	32.48	31.36	12.32	14.56	15.68	20.16	11.2	21.28	26.88	32.48	32.48	11.2	26.88	15.68	14.56	25.76	33.6	22.4	12.32	31.36	13.44	17.92	12.32	26.88	33.6	25.76	17.92	28	30.24	22.4	29.12	21.28	20.16	20.16	16.8	29.12	11.2	21.28	30.24	25.76	14.56	28	12.32	17.92	26.88	29.12	24.64	29.12	25.76	29.12	11.2	25.76	16.8	26.88	15.68	11.2	31.36	20.16	33.6	30.24	21.28	30.24	16.8	25.76	16.8	21.28	30.24	20.16	30.24	14.56	33.6	32.48	26.88	30.24	31.36	12.32	30.24	31.36	32.48	15.68	13.44	11.2	33.6	30.24	19.04	24.64	14.56	23.52	23.52	24.64	30.24	25.76	28	17.92	26.88	16.8	12.32	21.28	26.88	28	29.12	31.36	33.6	28	25.76	22.4	16.8	12.32	24.64	11.2	29.12	25.76	13.44	16.8	15.68	17.92	30.24	13.44	32.48	24.64	19.04	12.32	28	25.76	29.12	19.04	15.68	24.64	21.28	29.12	16.8	30.24	25.76	30.24	20.16	24.64	22.4	12.32	20.16	33.6	30.24	31.36	32.48	29.12	31.36	33.6	23.52	15.68	33.6	33.6	28	16.8	20.16	26.88	19.04	21.28	20.16	22.4	16.8	26.88	
31.36	25.76	29.12	33.6	25.76	16.8	16.8	14.56	20.16	16.8	21.28	11.2	17.92	32.48	22.4	15.68	21.28	14.56	30.24	32.48	26.88	25.76	30.24	26.88	22.4	12.32	25.76	12.32	17.92	33.6	11.2	30.24	29.12	26.88	19.04	31.36	14.56	11.2	13.44	17.92	12.32	21.28	33.6	32.48	29.12	13.44	12.32	14.56	13.44	23.52	33.6	33.6	31.36	23.52	11.2	22.4	33.6	21.28	22.4	11.2	25.76	28	26.88	15.68	21.28	15.68	24.64	20.16	26.88	13.44	16.8	11.2	22.4	17.92	31.36	26.88	31.36	33.6	21.28	20.16	16.8	20.16	30.24	23.52	21.28	13.44	24.64	15.68	25.76	29.12	15.68	24.64	13.44	12.32	31.36	26.88	16.8	16.8	24.64	16.8	15.68	22.4	21.28	19.04	21.28	17.92	26.88	20.16	24.64	16.8	12.32	25.76	32.48	17.92	12.32	29.12	19.04	12.32	20.16	21.28	11.2	19.04	16.8	25.76	23.52	31.36	31.36	19.04	29.12	13.44	23.52	21.28	13.44	24.64	20.16	33.6	13.44	16.8	19.04	28	20.16	32.48	25.76	11.2	20.16	11.2	19.04	28	22.4	30.24	26.88	32.48	31.36	11.2	11.2	28	30.24	16.8	30.24	23.52	32.48	21.28	20.16	13.44	33.6	32.48	22.4	25.76	20.16	21.28	31.36	31.36	17.92	28	24.64	17.92	14.56	30.24	32.48	30.24	17.92	29.12	29.12	13.44	24.64	24.64	23.52	15.68	33.6	29.12	29.12	22.4	16.8	33.6	23.52	32.48	24.64	21.28	17.92	25.76	12.32	32.48	24.64	13.44	33.6	13.44	13.44	28	32.48	33.6	24.64	28	22.4	24.64	22.4	23.52	24.64	32.48	28	25.76	16.8	22.4	13.44	13.44	19.04	22.4	26.88	16.8	21.28	28	20.16	20.16	31.36	20.16	31.36	19.04	14.56	23.52	25.76	24.64	25.76	21.28	31.36	32.48	17.92	12.32	25.76	13.44	28	28	14.56	19.04	16.8	11.2	30.24	22.4	26.88	12.32	31.36	11.2	30.24	30.24	28	33.6	17.92	22.4	24.64	32.48	11.2	31.36	16.8	17.92	15.68	21.28	25.76	23.52	17.92	11.2	25.76	26.88	24.64	15.68	32.48	13.44	14.56	21.28	28	13.44	17.92	12.32	15.68	19.04	19.04	22.4	32.48	25.76	19.04	33.6	26.88	25.76	28	28	17.92	22.4	20.16	26.88	17.92	19.04	24.64	32.48	16.8	26.88	29.12	20.16	24.64	14.56	32.48	20.16	11.2	26.88	15.68	23.52	32.48	20.16	22.4	14.56	32.48	11.2	19.04	13.44	19.04	24.64	19.04	32.48	11.2	11.2	14.56	25.76	13.44	12.32	25.76	24.64	33.6	17.92	16.8	24.64	17.92	32.48	21.28	11.2	30.24	16.8	26.88	22.4	31.36	32.48	13.44	14.56	15.68	31.36	23.52	28	14.56	23.52	33.6	15.68	17.92	15.68	17.92	13.44	32.48	21.28	13.44	20.16	25.76	22.4	23.52	22.4	30.24	15.68	24.64	31.36	28	26.88	32.48	14.56	16.8	19.04	20.16	22.4	20.16	23.52	32.48	31.36	13.44	29.12	28	24.64	15.68	31.36	15.68	30.24	13.44	23.52	13.44	22.4	25.76	12.32	32.48	16.8	21.28	16.8	17.92	24.64	25.76	15.68	12.32	11.2	21.28	13.44	20.16	23.52	26.88	12.32	24.64	15.68	30.24	11.2	16.8	29.12	19.04	12.32	17.92	22.4	30.24	30.24	26.88	19.04	25.76	31.36	13.44	13.44	28	33.6	11.2	17.92	24.64	16.8	22.4	19.04	17.92	15.68	16.8	23.52	29.12	21.28	14.56	33.6	26.88	32.48	16.8	19.04	17.92	11.2	17.92	14.56	25.76	33.6	32.48	29.12	14.56	11.2	14.56	29.12	25.76	17.92	16.8	11.2	26.88	31.36	21.28	32.48	28	28	32.48	30.24	17.92	19.04	19.04	26.88	14.56	26.88	24.64	19.04	15.68	20.16	14.56	31.36	24.64	22.4	15.68	16.8	11.2	28	20.16	28	13.44	25.76	17.92	29.12	19.04	31.36	31.36	20.16	22.4	21.28	19.04	29.12	26.88	13.44	23.52	11.2	28	29.12	12.32	13.44	17.92	22.4	28	24.64	14.56	28	25.76	33.6	19.04	29.12	31.36	24.64	24.64	17.92	29.12	28	11.2	20.16	21.28	20.16	33.6	29.12	17.92	21.28	15.68	21.28	11.2	30.24	31.36	28	11.2	29.12	26.88	14.56	33.6	32.48	25.76	15.68	19.04	19.04	26.88	30.24	21.28	25.76	33.6	21.28	33.6	11.2	33.6	33.6	22.4	20.16	22.4	22.4	12.32	24.64	32.48	30.24	25.76	32.48	29.12	26.88	28	28	19.04	14.56	31.36	29.12	15.68	20.16	13.44	20.16	15.68	15.68	16.8	28	16.8	16.8	32.48	17.92	33.6	21.28	32.48	31.36	15.68	31.36	17.92	13.44	31.36	26.88	25.76	20.16	32.48	29.12	24.64	11.2	24.64	14.56	16.8	11.2	12.32	29.12	16.8	19.04	14.56	21.28	25.76	11.2	25.76	13.44	14.56	22.4	29.12	15.68	32.48	24.64	24.64	31.36	26.88	17.92	20.16	29.12	25.76	26.88	22.4	23.52	26.88	20.16	20.16	13.44	14.56	11.2	24.64	32.48	16.8	23.52	22.4	33.6	23.52	14.56	24.64	33.6	17.92	32.48	19.04	33.6	21.28	32.48	19.04	22.4	14.56	14.56	20.16	16.8	13.44	19.04	15.68	26.88	23.52	30.24	15.68	19.04	14.56	14.56	12.32	13.44	13.44	19.04	30.24	21.28	29.12	15.68	14.56	33.6	31.36	24.64	20.16	23.52	15.68	14.56	15.68	15.68	28	20.16	17.92	14.56	31.36	26.88	14.56	24.64	32.48	19.04	22.4	15.68	16.8	13.44	22.4	31.36	19.04	11.2	32.48	24.64	22.4	28	16.8	22.4	33.6	20.16	24.64	19.04	14.56	25.76	12.32	30.24	31.36	17.92	13.44	21.28	11.2	19.04	22.4	16.8	26.88	26.88	25.76	29.12	15.68	25.76	29.12	13.44	23.52	25.76	26.88	14.56	11.2	16.8	15.68	30.24	25.76	23.52	21.28	30.24	12.32	29.12	23.52	20.16	24.64	21.28	23.52	11.2	28	22.4	14.56	15.68	19.04	24.64	20.16	13.44	11.2	24.64	26.88	32.48	11.2	26.88	29.12	23.52	16.8	16.8	13.44	33.6	30.24	21.28	15.68	12.32	20.16	28	28	29.12	24.64	22.4	17.92	13.44	20.16	33.6	14.56	13.44	14.56	31.36	19.04	24.64	29.12	22.4	12.32	17.92	12.32	31.36	30.24	20.16	32.48	19.04	28	12.32	28	20.16	24.64	14.56	25.76	28	29.12	19.04	22.4	11.2	30.24	11.2	16.8	23.52	13.44	16.8	14.56	30.24	17.92	11.2	28	11.2	25.76	12.32	25.76	15.68	31.36	25.76	28	22.4	12.32	31.36	32.48	31.36	15.68	13.44	23.52	24.64	28	14.56	28	17.92	17.92	20.16	26.88	23.52	14.56	23.52	32.48	12.32	33.6	21.28	22.4	26.88	24.64	13.44	32.48	28	31.36	13.44	15.68	20.16	26.88	19.04	12.32	29.12	13.44	19.04	23.52	17.92	13.44	31.36	16.8	17.92	20.16	29.12	25.76	24.64	21.28	21.28	32.48	21.28	14.56	22.4	30.24	24.64	30.24	31.36	28	13.44	19.04	12.32	16.8	17.92	25.76	30.24	19.04	25.76	22.4	22.4	26.88	28	22.4	24.64	20.16	20.16	12.32	28	32.48	22.4	12.32	15.68	15.68	20.16	31.36	24.64	31.36	17.92	15.68	24.64	13.44	31.36	11.2	31.36	13.44	21.28	13.44	24.64	28	21.28	15.68	22.4	22.4	22.4	29.12	26.88	30.24	28	25.76	30.24	11.2	24.64	15.68	13.44	14.56	21.28	19.04	26.88	32.48	23.52	26.88	16.8	21.28	13.44	30.24	29.12	24.64	28	21.28	17.92	11.2	22.4	14.56	12.32	30.24	14.56	12.32	24.64	25.76	28	32.48	19.04	
20.16	23.52	16.8	21.28	11.2	25.76	31.36	29.12	31.36	26.88	14.56	29.12	14.56	24.64	11.2	
18	12	19	16	11	18	15	19	13	11	13	14	11	16	18	19	19	12	10	14	19	12	17	15	14	17	18	13	14	17	16	17	10	14	14	16	18	13	15	18	18	20	20	14	19	18	14	14	12	10	11	10	11	15	11	16	12	16	11	15	14	14	19	10	19	15	16	11	12	15	14	10	12	15	19	10	19	18	18	14	10	17	16	10	20	12	19	18	10	15	13	20	13	12	10	16	19	13	19	15	18	12	14	10	13	10	19	10	19	20	11	14	13	11	12	10	16	16	19	20	14	12	18	11	19	17	17	14	10	14	11	13	12	13	13	18	15	10	10	16	18	19	20	18	10	15	10	20	18	12	13	20	13	18	10	20	13	14	14	20	19	19	19	14	13	11	19	17	19	12	17	12	12	16	16	18	20	10	18	15	20	17	18	10	16	11	12	11	17	11	17	20	12	20	14	11	12	14	11	13	13	19	18	10	13	17	17	15	19	18	18	20	12	14	14	10	11	11	16	12	17	12	17	18	18	17	14	16	14	11	13	16	19	12	10	12	15	15	13	12	10	15	19	11	11	18	17	12	18	10	11	10	10	18	17	10	20	12	12	14	16	18	12	20	17	16	14	14	15	17	13	11	12	16	16	18	15	15	12	11	18	13	17	19	20	18	10	10	11	19	13	10	11	20	16	18	15	15	20	14	10	14	10	15	13	11	12	12	20	11	13	16	19	15	14	18	11	17	11	19	10	14	15	15	12	12	13	17	19	14	10	17	14	18	16	13	19	11	11	19	14	13	16	14	15	20	19	17	15	20	17	18	14	17	13	19	15	20	12	17	19	10	14	14	10	13	15	15	20	16	11	14	16	14	13	16	12	20	10	16	16	12	16	12	20	17	17	14	15	14	19	19	16	20	17	12	18	11	12	16	14	19	15	12	19	20	20	18	15	13	16	19	15	14	17	18	16	18	13	13	18	10	20	14	14	14	20	18	10	18	11	16	17	19	15	20	13	14	13	18	12	18	15	20	11	12	10	18	20	20	10	13	11	13	11	11	12	15	20	15	20	13	19	20	19	17	13	13	20	14	18	19	17	19	16	10	14	17	12	10	18	17	14	20	19	19	12	18	10	12	13	14	15	20	19	14	18	13	17	20	20	20	19	15	13	14	19	19	17	20	13	17	10	10	10	19	19	16	11	11	11	10	18	17	17	20	18	20	11	16	18	17	18	18	11	16	10	17	11	13	16	14	16	18	16	13	19	16	20	18	17	15	15	10	18	20	17	18	15	10	13	10	13	11	11	13	10	20	15	17	20	15	11	11	20	13	20	19	18	10	16	10	16	20	12	18	12	13	10	19	19	12	12	17	10	15	20	20	15	14	10	13	12	13	20	15	10	18	14	19	10	20	17	19	17	11	12	20	18	11	18	16	20	14	15	18	16	18	14	16	13	13	14	18	14	16	12	11	12	12	13	12	14	11	19	15	12	14	20	13	11	20	19	19	10	13	10	20	19	15	16	10	17	14	11	19	10	17	11	15	15	18	16	17	10	20	15	16	11	17	19	10	12	18	11	11	14	10	11	14	11	19	13	20	16	10	15	12	20	19	11	14	20	20	13	15	17	10	14	11	12	17	11	13	18	14	13	11	12	15	13	17	18	13	11	20	19	10	10	13	10	14	19	11	14	15	15	10	12	13	17	15	16	14	10	19	10	15	15	14	12	14	18	13	14	20	13	18	11	11	12	19	10	20	20	15	13	19	15	18	12	14	12	12	10	15	13	20	11	10	15	16	19	10	11	17	13	18	17	18	15	11	12	20	19	16	15	14	10	20	18	12	10	13	12	19	19	20	18	12	14	16	20	12	18	15	16	14	10	17	15	11	17	18	13	16	15	10	19	13	10	19	10	12	14	10	13	18	19	16	18	15	10	20	12	15	13	10	14	13	20	18	18	14	15	12	13	13	17	20	14	15	14	14	11	10	14	17	19	17	18	15	12	18	18	19	15	18	17	20	18	15	20	20	11	12	13	14	20	10	15	17	14	13	11	12	15	15	10	14	10	20	13	12	13	10	17	18	18	12	10	12	20	16	19	15	10	17	15	13	15	17	20	14	10	14	14	16	12	20	19	15	10	15	16	18	18	14	16	10	20	10	11	20	12	14	13	11	13	11	17	18	16	20	14	12	17	10	15	17	13	12	13	18	18	18	17	12	14	19	18	17	17	13	13	13	20	11	10	11	15	18	16	17	20	19	17	13	15	19	14	15	15	13	19	20	12	12	15	16	
1	1	1	1	1	1	1	1	1	1	1	1	1	1	1	1	1	1	1	1	1	1	1	1	1	1	1	1	1	1	1	1	1	1	1	1	1	1	1	1	1	1	1	1	1	1	1	1	1	1	1	1	1	1	1	2	2	2	2	2	2	2	2	2	2	2	2	2	2	2	2	2	2	2	2	2	2	2	2	2	2	2	2	2	2	2	2	2	2	2	2	2	2	2	2	2	2	2	2	2	2	2	2	2	2	2	2	2	2	2	2	2	2	2	2	2	2	2	2	2	2	2	3	3	3	3	3	3	3	3	3	3	3	3	3	3	3	3	3	3	3	3	3	3	3	3	3	3	3	3	3	3	3	3	3	3	3	3	3	3	3	3	3	3	3	3	3	3	3	3	3	3	3	3	3	3	3	3	3	3	3	3	3	3	3	3	3	3	3	3	3	3	3	4	4	4	4	4	4	4	4	4	4	4	4	4	4	4	4	4	4	4	4	4	4	4	4	4	4	4	4	4	4	4	4	4	4	4	4	4	4	4	4	4	4	4	4	4	4	4	4	4	4	4	4	4	4	4	4	4	4	4	4	4	4	4	4	4	4	4	4	4	5	5	5	5	5	5	5	5	5	5	5	5	5	5	5	5	5	5	5	5	5	5	5	5	5	5	5	5	5	5	5	5	5	5	5	5	5	5	5	5	5	5	5	5	5	5	5	5	5	5	5	5	5	5	5	5	5	5	5	5	5	5	5	5	5	6	6	6	6	6	6	6	6	6	6	6	6	6	6	6	6	6	6	6	6	6	6	6	6	6	6	6	6	6	6	6	6	6	6	6	6	6	6	6	6	6	6	6	6	6	6	6	6	6	6	6	6	6	6	6	6	6	6	6	6	6	6	6	6	6	6	6	6	6	6	6	6	6	7	7	7	7	7	7	7	7	7	7	7	7	7	7	7	7	7	7	7	7	7	7	7	7	7	7	7	7	7	7	7	7	7	7	7	7	7	7	7	7	7	7	7	7	7	7	7	7	7	7	7	7	7	7	7	7	7	7	7	7	7	7	7	7	7	7	7	7	8	8	8	8	8	8	8	8	8	8	8	8	8	8	8	8	8	8	8	8	8	8	8	8	8	8	8	8	8	8	8	8	8	8	8	8	8	8	8	8	8	8	8	8	8	8	8	8	8	8	8	8	8	8	8	8	8	8	8	8	8	8	8	8	8	8	8	8	8	8	8	8	8	8	8	9	9	9	9	9	9	9	9	9	9	9	9	9	9	9	9	9	9	9	9	9	9	9	9	9	9	9	9	9	9	9	9	9	9	9	9	9	9	9	9	9	9	9	9	9	9	9	9	9	9	9	9	9	9	9	9	9	9	9	9	10	10	10	10	10	10	10	10	10	10	10	10	10	10	10	10	10	10	10	10	10	10	10	10	10	10	10	10	10	10	10	10	10	10	10	10	10	10	10	10	10	10	10	10	10	10	10	10	10	10	10	10	10	10	10	10	10	10	10	10	10	10	10	10	10	11	11	11	11	11	11	11	11	11	11	11	11	11	11	11	11	11	11	11	11	11	11	11	11	11	11	11	11	11	11	11	11	11	11	11	11	11	11	11	11	11	11	11	11	11	11	11	11	11	11	11	11	11	11	11	11	11	11	11	11	11	12	12	12	12	12	12	12	12	12	12	12	12	12	12	12	12	12	12	12	12	12	12	12	12	12	12	12	12	12	12	12	12	12	12	12	12	12	12	12	12	12	12	12	12	12	12	12	12	12	12	12	13	13	13	13	13	13	13	13	13	13	13	13	13	13	13	13	13	13	13	13	13	13	13	13	13	13	13	13	13	13	13	13	13	13	13	13	13	13	13	13	13	13	13	13	13	13	13	13	13	13	13	13	13	13	13	13	13	13	13	13	13	13	13	13	13	13	13	13	13	13	13	13	13	13	13	13	13	13	13	13	14	14	14	14	14	14	14	14	14	14	14	14	14	14	14	14	14	14	14	14	14	14	14	14	14	14	14	14	14	14	14	14	14	14	14	14	14	14	14	14	14	14	14	14	14	14	14	14	14	14	14	14	14	14	14	14	14	14	14	14	14	14	14	14	14	14	14	14	15	15	15	15	15	15	15	15	15	15	15	15	15	15	15	15	15	15	15	15	15	15	15	15	15	15	15	15	15	15	15	15	15	15	15	15	15	15	15	15	15	15	15	15	15	15	15	15	15	15	15	15	15	15	15	15	15	15	15	15	15	15	15	15	15	15	15	15	15	15	15	15	
