1000
15	5
993	29.7
27	28	29	31	27	31	27	30	28	27	27	31	27	31	26	27	26	28	26	27	30	26	26	27	30	31	27	27	27	26	30	30	29	31	29	29	31	29	28	31	30	29	28	31	30	26	30	28	31	30	30	31	26	26	29	26	28	29	27	26	29	28	30	27	26	31	28	27	31	26	30	27	31	29	31	27	29	26	30	29	31	31	28	28	29	26	28	31	30	31	31	27	27	29	26	26	26	28	28	26	26	31	29	27	28	28	26	28	27	30	30	27	30	30	31	28	30	26	29	31	31	31	30	26	31	27	29	28	28	29	27	30	28	26	26	30	29	30	30	31	27	27	30	29	29	30	29	26	29	31	28	26	28	26	29	28	28	29	26	26	31	31	31	30	31	26	28	26	27	30	28	28	27	31	28	31	31	29	30	30	26	27	29	29	29	29	27	29	29	31	29	29	26	30	29	31	31	26	26	27	29	27	29	31	28	30	31	27	31	30	28	30	27	28	30	26	26	27	31	30	26	29	28	28	26	27	26	30	26	28	27	26	27	31	26	27	27	31	27	31	27	28	28	27	31	27	31	31	27	27	30	28	31	28	29	28	29	26	28	26	29	27	26	30	30	26	27	30	30	27	31	30	26	26	27	28	27	26	26	29	29	27	30	31	31	28	29	26	31	30	31	26	28	30	29	26	30	29	29	28	26	28	27	29	26	31	27	28	30	29	29	30	29	29	26	26	26	29	30	26	30	28	30	28	27	29	28	30	28	31	31	28	27	28	27	31	30	29	31	26	27	31	31	31	29	31	31	30	26	30	26	26	28	30	31	27	28	26	28	30	29	29	30	30	27	28	30	31	31	30	31	31	26	29	28	29	26	26	30	29	30	26	30	28	29	27	26	31	29	31	31	27	30	27	27	28	29	29	29	26	27	31	28	29	29	26	29	31	27	27	27	26	31	31	28	29	28	29	31	29	28	30	31	29	27	29	29	27	31	26	31	30	27	26	30	31	29	27	30	26	30	30	27	29	31	30	26	30	31	31	31	27	26	29	26	29	31	30	26	29	29	31	27	30	27	30	30	26	26	27	29	27	29	28	30	28	27	27	26	27	27	26	30	31	31	30	29	30	26	29	26	27	26	28	31	30	30	30	28	26	26	28	28	26	28	26	26	28	30	28	30	26	30	28	27	28	30	30	31	29	27	30	28	28	30	26	27	26	30	30	30	31	30	31	26	27	26	26	30	26	26	31	28	28	27	31	29	27	31	31	27	27	26	29	28	28	31	31	30	30	28	31	30	29	31	28	29	30	29	27	28	29	26	31	30	28	27	30	28	26	27	29	28	28	29	28	31	29	27	29	26	29	30	28	31	31	26	28	29	31	31	26	26	31	28	30	29	28	31	29	28	31	27	30	29	31	30	27	26	26	30	28	29	28	31	27	30	30	28	26	29	30	30	31	29	28	26	29	28	31	31	26	27	28	31	30	31	29	30	27	26	31	30	26	26	29	26	31	28	30	29	26	29	28	27	30	29	29	28	29	30	29	30	31	30	30	31	26	28	28	28	27	30	28	26	29	26	30	31	28	31	29	27	30	29	31	29	27	29	30	30	26	27	27	28	30	31	27	29	30	26	27	30	29	29	31	26	27	27	26	28	26	26	30	29	28	31	31	26	29	27	28	29	31	28	26	30	31	28	28	31	28	27	26	28	26	26	26	29	26	29	27	30	28	27	31	29	30	26	30	26	26	27	29	30	26	30	30	29	30	26	31	30	28	28	27	31	29	31	31	26	28	28	30	26	29	27	29	26	28	27	29	28	31	26	26	29	31	27	27	27	27	27	29	27	30	30	27	27	30	28	29	28	26	28	31	29	27	31	26	27	26	30	28	26	27	29	26	28	27	26	27	30	28	28	28	29	29	27	30	27	31	26	29	30	31	27	31	27	30	31	27	27	26	26	31	30	29	30	31	29	30	30	27	28	30	30	26	28	30	27	31	28	28	28	28	30	27	28	28	26	29	27	28	31	27	30	31	28	26	31	26	31	27	30	27	26	31	30	26	27	30	30	29	28	26	31	27	30	30	28	28	29	31	29	26	28	29	29	26	27	28	26	31	28	28	28	31	30	30	27	30	28	30	29	31	30	28	31	27	31	30	28	29	31	29	31	30	31	31	27	29	28	31	27	26	31	28	30	30	26	30	27	26	26	29	30	27	27	30	26	30	27	29	31	27	28	28	28	29	29	29	27	30	28	31	26	26	29	30	31	31	29	27	28	31	30	31	30	26	
83	81	89	86	90	91	93	83	86	88	88	88	87	77	80	91	81	81	90	76	87	91	82	89	87	86	84	78	78	88	90	87	76	91	87	91	81	82	88	94	80	76	77	87	92	92	94	76	85	85	79	85	94	92	92	78	84	80	81	78	88	77	84	87	82	93	76	86	93	91	88	76	90	76	82	76	89	77	83	78	87	80	81	86	82	93	78	79	82	80	77	77	89	84	91	76	81	81	93	80	90	88	88	88	93	76	80	83	94	86	90	94	82	77	90	86	84	82	76	80	90	90	86	89	87	91	82	80	86	89	91	92	87	80	89	86	89	77	83	81	81	84	80	76	76	77	91	81	85	77	81	94	84	85	85	80	80	92	89	76	77	94	89	76	89	90	83	87	89	76	89	87	90	89	82	79	86	81	79	81	81	88	80	85	78	80	78	77	88	83	94	92	82	86	76	84	80	76	85	79	91	91	79	81	91	77	90	76	79	85	84	88	88	77	80	86	77	92	77	93	76	79	85	90	91	88	88	80	91	81	76	86	90	80	80	80	83	85	84	84	77	88	94	77	91	77	93	77	85	85	80	81	79	77	85	81	80	82	90	87	78	85	87	91	90	91	87	91	87	92	89	91	93	89	92	84	89	94	90	88	85	83	77	83	81	94	84	80	80	88	84	83	90	89	91	82	79	84	85	82	92	77	87	85	89	92	90	78	94	86	93	88	77	90	93	82	77	91	94	82	80	91	79	80	87	82	89	78	93	87	79	80	87	80	82	88	93	85	77	85	87	85	77	76	79	90	93	93	83	80	86	76	79	85	89	87	85	85	94	82	76	84	78	80	93	93	80	88	93	76	80	80	77	93	79	78	90	88	89	78	82	89	85	82	84	86	91	80	78	81	91	93	89	78	77	87	76	81	84	89	80	87	90	91	79	89	92	90	80	84	77	90	81	81	85	89	91	80	85	85	79	79	79	86	81	94	77	83	89	86	81	85	94	89	91	83	84	85	91	93	85	90	89	78	86	91	91	92	80	88	83	86	77	86	84	79	88	83	90	92	78	91	88	84	84	88	89	78	88	90	88	89	76	79	77	92	83	94	91	92	76	85	92	80	88	93	86	87	76	81	78	89	92	84	92	89	83	87	80	81	90	85	87	91	79	80	86	91	80	92	87	92	87	77	93	85	86	76	80	85	92	84	79	89	92	93	79	84	90	77	91	79	76	77	91	76	92	81	92	94	89	78	82	89	78	78	77	93	78	85	91	78	80	83	83	76	91	79	83	77	80	79	87	87	79	81	90	88	77	88	94	80	77	84	94	80	83	89	90	92	91	76	83	86	94	92	91	84	92	76	90	82	87	77	90	92	77	93	84	80	94	94	83	80	94	91	76	88	88	86	92	81	83	81	80	86	91	92	85	82	92	90	94	78	82	82	92	91	91	90	76	90	78	78	77	92	91	87	89	88	90	87	82	90	80	85	81	91	88	85	78	81	81	79	90	81	86	94	88	85	90	81	77	84	81	88	76	79	94	77	93	83	81	79	94	89	92	80	79	85	81	85	94	76	77	93	78	83	91	88	89	87	87	86	92	87	88	86	86	87	76	89	91	87	84	79	80	88	83	77	91	89	91	76	92	90	93	80	84	81	83	81	88	92	88	90	78	88	94	79	94	88	84	93	89	91	90	84	80	79	91	84	90	77	88	81	83	76	80	87	85	80	82	89	76	90	76	84	78	82	93	80	81	87	85	91	86	79	81	91	86	80	79	92	80	84	90	87	82	90	91	77	92	88	92	76	85	84	88	79	81	85	82	76	94	78	84	76	85	89	85	81	82	82	86	86	85	82	86	94	77	90	94	78	91	85	84	80	82	81	94	93	88	83	92	89	76	94	77	90	81	88	84	82	78	76	76	83	82	80	93	76	93	84	82	92	81	87	86	82	87	82	91	94	87	90	84	76	89	91	84	86	76	85	78	82	93	76	83	92	82	87	91	89	79	80	76	87	80	84	77	90	85	82	90	89	85	94	81	76	85	86	82	93	81	84	81	79	76	81	79	81	83	80	80	77	79	79	78	86	81	94	84	83	78	94	81	93	90	86	84	86	80	90	87	78	84	88	90	87	78	88	77	77	93	76	79	81	80	81	84	78	94	81	86	79	92	86	94	78	85	82	84	92	87	90	85	80	94	78	88	88	82	79	88	90	88	77	78	84	76	83	82	84	88	79	84	87	77	92	88	89	88	81	92	94	91	92	93	91	81	77	82	78	86	86	87	81	77	86	
13.2	30.8	15.4	14.3	22	27.5	30.8	31.9	19.8	11	31.9	14.3	15.4	24.2	24.2	31.9	12.1	25.3	19.8	13.2	24.2	16.5	22	15.4	23.1	23.1	27.5	25.3	20.9	19.8	23.1	18.7	18.7	25.3	20.9	23.1	28.6	18.7	22	31.9	22	15.4	25.3	25.3	13.2	17.6	33	23.1	22	20.9	26.4	19.8	26.4	33	11	16.5	33	27.5	16.5	22	19.8	18.7	19.8	20.9	11	25.3	31.9	24.2	11	17.6	27.5	27.5	28.6	17.6	19.8	18.7	18.7	19.8	23.1	18.7	20.9	13.2	28.6	26.4	20.9	24.2	15.4	28.6	28.6	11	30.8	15.4	28.6	18.7	12.1	17.6	31.9	12.1	27.5	29.7	12.1	19.8	33	20.9	27.5	23.1	30.8	16.5	20.9	17.6	28.6	22	23.1	19.8	13.2	20.9	15.4	14.3	17.6	16.5	29.7	29.7	26.4	12.1	13.2	33	26.4	16.5	27.5	25.3	20.9	18.7	15.4	13.2	15.4	11	33	30.8	11	13.2	24.2	20.9	20.9	17.6	15.4	15.4	20.9	12.1	17.6	31.9	18.7	18.7	27.5	20.9	23.1	14.3	29.7	12.1	33	30.8	27.5	15.4	30.8	31.9	33	11	20.9	25.3	11	25.3	18.7	18.7	11	30.8	13.2	23.1	26.4	17.6	16.5	25.3	19.8	22	20.9	27.5	13.2	16.5	27.5	17.6	19.8	23.1	25.3	18.7	31.9	13.2	26.4	30.8	15.4	13.2	31.9	11	33	27.5	29.7	16.5	18.7	23.1	14.3	31.9	25.3	19.8	17.6	14.3	14.3	22	28.6	19.8	18.7	15.4	33	16.5	12.1	27.5	24.2	26.4	24.2	19.8	28.6	15.4	28.6	27.5	22	22	23.1	19.8	25.3	20.9	14.3	19.8	22	31.9	33	26.4	16.5	29.7	23.1	12.1	12.1	16.5	27.5	19.8	28.6	19.8	18.7	12.1	28.6	16.5	19.8	17.6	31.9	23.1	25.3	33	20.9	28.6	24.2	31.9	18.7	26.4	25.3	15.4	20.9	19.8	29.7	29.7	19.8	14.3	24.2	22	20.9	14.3	18.7	25.3	27.5	29.7	30.8	22	33	28.6	19.8	19.8	17.6	26.4	16.5	22	16.5	31.9	26.4	17.6	15.4	19.8	15.4	30.8	26.4	15.4	30.8	33	22	33	11	25.3	22	27.5	28.6	19.8	15.4	17.6	13.2	13.2	24.2	30.8	20.9	33	12.1	27.5	19.8	23.1	25.3	22	30.8	27.5	22	26.4	20.9	12.1	29.7	30.8	15.4	20.9	24.2	12.1	25.3	24.2	29.7	14.3	28.6	16.5	28.6	18.7	29.7	13.2	22	12.1	30.8	19.8	33	27.5	17.6	14.3	12.1	27.5	14.3	11	28.6	16.5	20.9	27.5	13.2	15.4	31.9	13.2	23.1	30.8	20.9	30.8	24.2	15.4	12.1	25.3	24.2	20.9	20.9	28.6	25.3	25.3	25.3	30.8	26.4	11	18.7	15.4	15.4	22	14.3	13.2	28.6	18.7	30.8	29.7	31.9	16.5	15.4	14.3	13.2	24.2	20.9	28.6	24.2	27.5	25.3	28.6	31.9	25.3	11	16.5	24.2	28.6	30.8	11	11	20.9	15.4	16.5	28.6	30.8	13.2	19.8	15.4	17.6	15.4	24.2	30.8	30.8	28.6	26.4	27.5	16.5	27.5	18.7	30.8	16.5	27.5	18.7	30.8	28.6	26.4	14.3	20.9	28.6	33	22	27.5	27.5	22	30.8	14.3	30.8	28.6	26.4	23.1	33	14.3	27.5	33	17.6	18.7	17.6	11	28.6	13.2	24.2	33	18.7	11	16.5	20.9	29.7	23.1	15.4	11	12.1	22	15.4	23.1	20.9	15.4	19.8	31.9	16.5	12.1	25.3	24.2	12.1	28.6	15.4	20.9	30.8	24.2	15.4	33	31.9	22	16.5	23.1	12.1	26.4	14.3	33	12.1	20.9	15.4	11	31.9	29.7	30.8	25.3	31.9	26.4	33	28.6	22	16.5	31.9	24.2	27.5	26.4	11	16.5	25.3	16.5	16.5	13.2	31.9	30.8	13.2	33	20.9	23.1	26.4	12.1	13.2	14.3	31.9	33	30.8	28.6	14.3	31.9	17.6	13.2	30.8	31.9	31.9	25.3	16.5	14.3	11	18.7	30.8	17.6	11	27.5	11	11	25.3	13.2	26.4	12.1	28.6	18.7	22	28.6	23.1	23.1	16.5	23.1	30.8	13.2	24.2	20.9	23.1	19.8	20.9	23.1	28.6	13.2	15.4	17.6	16.5	33	19.8	24.2	29.7	30.8	28.6	18.7	19.8	30.8	16.5	11	26.4	11	30.8	14.3	14.3	17.6	16.5	19.8	26.4	22	23.1	14.3	15.4	24.2	31.9	15.4	20.9	19.8	29.7	27.5	23.1	24.2	30.8	25.3	29.7	25.3	15.4	30.8	15.4	13.2	18.7	27.5	17.6	11	13.2	30.8	22	11	27.5	19.8	26.4	30.8	13.2	12.1	31.9	19.8	20.9	20.9	27.5	14.3	14.3	22	26.4	19.8	30.8	33	25.3	23.1	17.6	16.5	19.8	26.4	14.3	12.1	29.7	29.7	27.5	19.8	28.6	15.4	16.5	19.8	22	17.6	15.4	13.2	28.6	23.1	14.3	17.6	19.8	18.7	18.7	20.9	14.3	29.7	26.4	18.7	18.7	15.4	17.6	20.9	18.7	25.3	18.7	19.8	31.9	28.6	14.3	24.2	26.4	17.6	15.4	13.2	26.4	17.6	19.8	29.7	27.5	14.3	27.5	23.1	23.1	22	17.6	18.7	30.8	22	16.5	29.7	31.9	30.8	15.4	11	28.6	29.7	23.1	24.2	27.5	11	22	23.1	33	28.6	28.6	14.3	33	25.3	30.8	27.5	30.8	25.3	17.6	18.7	18.7	27.5	14.3	24.2	27.5	17.6	26.4	28.6	12.1	16.5	31.9	22	33	33	26.4	18.7	30.8	29.7	23.1	33	16.5	17.6	13.2	22	19.8	16.5	14.3	15.4	20.9	28.6	23.1	18.7	11	17.6	27.5	15.4	18.7	26.4	29.7	19.8	13.2	30.8	14.3	11	13.2	20.9	18.7	12.1	28.6	13.2	25.3	18.7	30.8	33	31.9	25.3	29.7	17.6	18.7	17.6	25.3	13.2	19.8	27.5	26.4	30.8	15.4	29.7	16.5	26.4	15.4	23.1	11	11	29.7	20.9	18.7	15.4	11	28.6	18.7	20.9	30.8	25.3	18.7	19.8	27.5	29.7	33	14.3	31.9	11	29.7	31.9	17.6	25.3	24.2	31.9	17.6	20.9	17.6	23.1	18.7	14.3	12.1	33	19.8	28.6	14.3	22	14.3	28.6	28.6	33	23.1	29.7	26.4	14.3	27.5	28.6	15.4	23.1	25.3	18.7	29.7	17.6	22	26.4	23.1	33	16.5	26.4	23.1	11	23.1	13.2	15.4	27.5	24.2	11	25.3	19.8	31.9	12.1	26.4	17.6	14.3	30.8	29.7	14.3	30.8	25.3	18.7	30.8	27.5	30.8	31.9	16.5	27.5	16.5	31.9	27.5	17.6	15.4	13.2	24.2	25.3	15.4	19.8	14.3	17.6	15.4	23.1	12.1	24.2	31.9	28.6	22	17.6	24.2	17.6	20.9	15.4	28.6	26.4	22	30.8	17.6	27.5	28.6	26.4	25.3	27.5	23.1	19.8	27.5	31.9	20.9	22	12.1	27.5	24.2	30.8	24.2	15.4	18.7	28.6	14.3	11	23.1	14.3	33	13.2	12.1	27.5	23.1	15.4	24.2	24.2	18.7	28.6	27.5	20.9	16.5	19.8	16.5	12.1	22	17.6	22	16.5	27.5	11	22	30.8	17.6	19.8	13.2	15.4	17.6	31.9	29.7	27.5	25.3	17.6	16.5	13.2	13.2	22	25.3	24.2	12.1	16.5	16.5	30.8	27.5	15.4	
29.7	30.8	25.3	27.5	15.4	31.9	24.2	23.1	26.4	15.4	27.5	11	13.2	24.2	13.2	30.8	20.9	28.6	15.4	24.2	24.2	18.7	19.8	31.9	25.3	22	18.7	11	13.2	31.9	19.8	25.3	19.8	20.9	19.8	18.7	18.7	33	24.2	27.5	17.6	25.3	30.8	27.5	19.8	26.4	13.2	13.2	11	29.7	30.8	16.5	19.8	23.1	23.1	26.4	27.5	30.8	12.1	28.6	17.6	22	31.9	13.2	11	18.7	28.6	23.1	15.4	22	25.3	30.8	31.9	24.2	23.1	12.1	26.4	14.3	25.3	26.4	19.8	28.6	27.5	16.5	28.6	26.4	25.3	33	20.9	15.4	29.7	17.6	25.3	30.8	31.9	22	12.1	11	20.9	29.7	22	16.5	19.8	31.9	28.6	30.8	29.7	13.2	26.4	28.6	27.5	27.5	13.2	20.9	31.9	20.9	28.6	14.3	19.8	24.2	27.5	20.9	33	13.2	12.1	33	15.4	29.7	13.2	17.6	31.9	15.4	12.1	16.5	19.8	13.2	29.7	28.6	16.5	18.7	24.2	11	28.6	20.9	16.5	31.9	28.6	27.5	13.2	22	28.6	28.6	27.5	27.5	18.7	22	26.4	29.7	15.4	28.6	26.4	15.4	23.1	24.2	22	31.9	12.1	11	16.5	14.3	11	16.5	33	13.2	13.2	29.7	26.4	27.5	33	33	31.9	16.5	31.9	31.9	27.5	11	23.1	25.3	17.6	26.4	13.2	19.8	15.4	33	20.9	17.6	25.3	23.1	29.7	28.6	25.3	20.9	11	15.4	24.2	17.6	20.9	16.5	15.4	11	25.3	23.1	18.7	12.1	30.8	12.1	30.8	33	15.4	19.8	25.3	22	19.8	19.8	33	18.7	29.7	33	31.9	15.4	30.8	29.7	24.2	14.3	12.1	17.6	25.3	29.7	20.9	28.6	17.6	24.2	27.5	25.3	26.4	27.5	27.5	18.7	20.9	19.8	22	33	11	25.3	23.1	17.6	22	33	23.1	24.2	31.9	22	25.3	27.5	33	18.7	16.5	20.9	24.2	30.8	17.6	11	33	20.9	20.9	25.3	19.8	18.7	18.7	27.5	19.8	28.6	25.3	31.9	24.2	15.4	16.5	27.5	22	17.6	19.8	26.4	19.8	17.6	15.4	14.3	11	22	11	14.3	27.5	19.8	13.2	27.5	15.4	17.6	17.6	17.6	26.4	13.2	31.9	33	17.6	23.1	17.6	17.6	24.2	26.4	25.3	25.3	31.9	11	15.4	13.2	23.1	17.6	19.8	19.8	14.3	33	22	19.8	11	20.9	11	33	14.3	24.2	22	14.3	23.1	31.9	19.8	12.1	19.8	26.4	27.5	26.4	20.9	27.5	15.4	23.1	18.7	15.4	15.4	19.8	30.8	12.1	23.1	20.9	27.5	18.7	28.6	28.6	11	29.7	26.4	24.2	24.2	17.6	28.6	31.9	16.5	28.6	16.5	15.4	12.1	17.6	14.3	23.1	17.6	31.9	24.2	22	30.8	15.4	28.6	25.3	14.3	15.4	25.3	19.8	28.6	22	31.9	22	14.3	24.2	33	19.8	20.9	25.3	14.3	12.1	24.2	18.7	12.1	11	31.9	25.3	19.8	33	17.6	17.6	24.2	12.1	26.4	16.5	26.4	20.9	19.8	18.7	20.9	24.2	26.4	13.2	11	15.4	24.2	18.7	27.5	13.2	14.3	13.2	30.8	26.4	25.3	19.8	28.6	17.6	25.3	30.8	12.1	31.9	18.7	13.2	31.9	23.1	28.6	12.1	29.7	19.8	29.7	29.7	26.4	12.1	23.1	27.5	16.5	31.9	30.8	24.2	28.6	26.4	31.9	29.7	26.4	23.1	14.3	30.8	27.5	15.4	24.2	33	15.4	12.1	11	29.7	30.8	26.4	31.9	30.8	14.3	27.5	16.5	24.2	16.5	23.1	16.5	19.8	29.7	15.4	26.4	29.7	33	31.9	30.8	15.4	24.2	27.5	33	26.4	11	11	33	24.2	33	14.3	30.8	27.5	18.7	29.7	17.6	31.9	30.8	16.5	23.1	31.9	24.2	27.5	19.8	13.2	28.6	31.9	19.8	20.9	28.6	17.6	22	14.3	11	25.3	24.2	28.6	11	27.5	19.8	23.1	12.1	13.2	17.6	33	30.8	31.9	18.7	29.7	22	20.9	13.2	25.3	26.4	31.9	27.5	11	15.4	11	14.3	22	28.6	25.3	22	22	30.8	31.9	19.8	18.7	20.9	28.6	25.3	29.7	26.4	24.2	11	33	30.8	22	18.7	14.3	27.5	14.3	16.5	27.5	31.9	26.4	23.1	15.4	27.5	14.3	27.5	27.5	28.6	15.4	33	26.4	14.3	15.4	15.4	31.9	17.6	33	27.5	25.3	26.4	24.2	30.8	22	30.8	26.4	14.3	23.1	20.9	25.3	26.4	17.6	14.3	28.6	19.8	24.2	24.2	22	16.5	14.3	20.9	12.1	18.7	18.7	28.6	24.2	33	27.5	17.6	17.6	15.4	22	19.8	17.6	33	23.1	29.7	31.9	27.5	16.5	31.9	13.2	26.4	12.1	23.1	31.9	26.4	20.9	27.5	17.6	19.8	30.8	20.9	20.9	33	11	24.2	15.4	14.3	15.4	11	28.6	25.3	15.4	14.3	23.1	11	20.9	23.1	29.7	28.6	22	12.1	33	26.4	13.2	24.2	14.3	30.8	30.8	11	28.6	25.3	30.8	22	16.5	29.7	23.1	18.7	23.1	15.4	28.6	30.8	16.5	29.7	31.9	16.5	14.3	25.3	26.4	18.7	13.2	31.9	23.1	15.4	19.8	12.1	17.6	27.5	11	30.8	26.4	24.2	17.6	20.9	22	31.9	13.2	33	20.9	29.7	30.8	13.2	16.5	20.9	24.2	11	20.9	29.7	19.8	26.4	20.9	33	24.2	13.2	30.8	30.8	24.2	28.6	27.5	15.4	20.9	26.4	12.1	24.2	33	28.6	26.4	14.3	17.6	22	20.9	24.2	19.8	19.8	26.4	14.3	20.9	17.6	33	27.5	26.4	33	24.2	29.7	26.4	12.1	22	16.5	30.8	14.3	12.1	28.6	28.6	27.5	27.5	16.5	11	24.2	18.7	27.5	31.9	25.3	23.1	33	27.5	25.3	19.8	26.4	19.8	17.6	30.8	12.1	16.5	33	13.2	25.3	30.8	30.8	15.4	17.6	17.6	20.9	28.6	31.9	17.6	31.9	29.7	27.5	23.1	18.7	22	30.8	28.6	20.9	18.7	22	20.9	18.7	15.4	23.1	18.7	31.9	27.5	31.9	28.6	25.3	14.3	26.4	24.2	22	15.4	30.8	30.8	12.1	16.5	12.1	24.2	12.1	26.4	23.1	22	30.8	15.4	33	24.2	27.5	20.9	28.6	24.2	14.3	24.2	26.4	22	23.1	29.7	18.7	11	30.8	20.9	11	11	20.9	33	24.2	17.6	22	28.6	28.6	11	33	31.9	28.6	15.4	33	11	29.7	31.9	18.7	30.8	12.1	14.3	15.4	24.2	25.3	15.4	22	15.4	18.7	31.9	26.4	13.2	28.6	20.9	18.7	25.3	19.8	33	23.1	26.4	14.3	26.4	20.9	15.4	27.5	16.5	11	22	27.5	14.3	30.8	16.5	30.8	16.5	31.9	19.8	27.5	22	25.3	26.4	14.3	26.4	29.7	33	33	13.2	14.3	20.9	27.5	31.9	13.2	17.6	15.4	13.2	22	24.2	11	20.9	18.7	13.2	15.4	15.4	20.9	13.2	31.9	26.4	27.5	25.3	28.6	33	26.4	31.9	23.1	33	23.1	26.4	13.2	16.5	14.3	13.2	23.1	33	16.5	23.1	23.1	24.2	16.5	15.4	26.4	23.1	20.9	12.1	27.5	23.1	26.4	26.4	25.3	16.5	26.4	24.2	17.6	33	25.3	27.5	22	14.3	27.5	12.1	14.3	23.1	11	16.5	30.8	20.9	24.2	11	28.6	28.6	
23.1	16.5	14.3	31.9	22	29.7	24.2	26.4	26.4	18.7	30.8	15.4	31.9	25.3	18.7	
16	15	13	19	12	19	19	16	14	12	18	20	13	13	15	11	17	11	20	17	12	13	12	20	10	15	11	15	16	20	11	17	16	18	14	19	14	13	15	11	12	15	19	16	19	18	20	16	10	17	12	12	12	18	10	11	19	20	16	16	19	19	19	17	14	10	13	16	18	20	13	12	15	17	15	10	13	10	18	13	11	15	17	12	19	17	16	12	16	16	10	11	17	19	20	11	12	14	18	20	20	12	11	16	19	12	10	18	14	11	11	16	10	16	16	10	20	16	18	18	15	19	15	12	18	16	11	18	15	16	12	15	17	19	11	16	12	19	14	12	10	20	15	12	17	14	10	17	12	14	15	20	17	17	16	14	15	13	16	10	16	13	19	20	12	11	13	19	11	10	19	20	14	13	12	18	15	14	10	15	19	11	14	20	15	17	14	17	15	17	15	11	19	15	10	18	17	17	20	20	18	13	12	16	12	15	17	14	19	17	15	12	17	18	20	16	16	16	16	12	17	16	18	13	15	14	14	18	11	10	13	11	18	19	19	10	15	11	20	10	13	18	11	11	13	11	15	18	11	16	11	12	14	11	18	17	11	17	15	17	13	16	20	10	19	11	12	18	15	10	12	16	19	19	11	16	17	14	10	15	12	19	20	16	14	17	18	19	12	10	10	16	16	10	17	20	17	16	10	16	12	16	17	14	10	11	15	12	10	10	13	15	11	14	12	12	14	11	17	16	14	17	20	13	10	10	11	14	18	18	11	17	17	14	15	16	14	17	14	14	10	16	12	19	12	13	14	14	16	10	12	16	11	20	11	12	11	16	10	17	14	20	11	11	20	13	20	10	18	17	15	14	14	17	17	18	19	18	14	10	11	13	10	11	13	20	19	14	18	12	10	14	19	11	20	12	11	14	18	16	13	16	18	17	14	18	11	13	20	15	16	14	16	13	17	17	12	18	10	16	15	17	19	10	15	16	11	15	20	19	13	10	11	19	17	17	15	20	10	16	17	10	11	16	17	19	13	15	11	20	16	10	20	14	19	16	16	10	20	15	19	15	10	16	19	12	19	19	13	15	13	19	14	13	11	11	17	19	19	16	16	15	17	18	13	17	11	19	18	13	20	12	13	11	11	11	12	10	17	11	19	14	18	20	17	12	15	16	15	10	11	15	15	14	10	10	16	19	10	15	11	12	18	17	16	19	19	15	14	15	10	19	20	14	10	13	19	10	12	17	18	17	16	18	14	13	20	11	14	15	15	11	19	19	17	14	12	17	15	13	19	13	14	15	10	10	13	13	12	19	20	18	11	18	13	16	12	18	18	20	11	12	19	14	20	10	10	16	14	19	10	20	12	18	18	18	10	10	19	12	16	11	15	14	18	10	12	13	19	11	15	11	16	11	17	19	19	20	17	19	20	15	20	20	18	10	11	15	14	14	10	14	18	14	15	15	17	12	15	17	10	12	11	19	12	17	13	10	15	19	13	20	11	12	16	19	17	20	17	14	12	13	20	15	20	19	13	10	14	11	17	18	15	17	12	12	20	12	15	12	11	14	18	16	17	15	10	18	15	14	11	20	10	10	18	15	15	10	18	14	20	14	18	16	10	18	18	11	11	14	11	11	16	16	12	11	10	17	10	19	18	16	10	11	13	11	14	12	14	13	18	11	10	13	18	14	13	18	12	14	13	15	10	18	16	19	20	15	12	19	12	16	11	10	12	14	20	14	19	16	15	11	18	17	10	11	18	11	12	17	19	13	15	10	11	12	15	15	15	14	20	14	15	16	16	19	14	12	16	18	10	18	17	18	19	10	11	14	10	13	12	17	18	11	16	13	15	18	10	19	15	14	12	13	14	19	17	10	13	16	12	15	15	14	18	17	10	14	19	15	11	17	12	16	13	13	17	17	16	17	20	17	19	15	16	19	12	11	17	19	10	13	16	16	13	10	11	17	20	10	20	18	17	10	19	15	20	10	17	20	16	15	17	12	10	11	12	11	16	11	10	20	13	10	11	12	12	14	10	10	19	15	18	14	11	10	18	12	10	14	10	13	15	17	17	15	18	10	10	16	18	20	12	13	17	13	16	18	20	12	18	17	11	10	15	10	12	11	19	19	10	14	13	17	14	12	11	14	14	12	11	19	10	11	11	20	17	19	12	16	17	12	12	19	17	17	10	11	19	17	19	20	11	18	16	16	14	10	14	19	14	13	10	18	13	14	12	18	20	15	15	20	13	14	17	14	19	11	15	10	15	17	14	15	19	11	14	18	12	12	
1	1	1	1	1	1	1	1	1	1	1	1	1	1	1	1	1	1	1	1	1	1	1	1	1	1	1	1	1	1	1	1	1	1	1	1	1	1	1	1	1	1	1	1	1	1	1	1	1	1	1	1	1	1	1	1	1	1	1	1	1	1	1	1	1	1	1	1	1	1	1	1	1	1	1	2	2	2	2	2	2	2	2	2	2	2	2	2	2	2	2	2	2	2	2	2	2	2	2	2	2	2	2	2	2	2	2	2	2	2	2	2	2	2	2	2	2	2	2	2	2	2	2	2	2	2	2	2	2	2	2	2	3	3	3	3	3	3	3	3	3	3	3	3	3	3	3	3	3	3	3	3	3	3	3	3	3	3	3	3	3	3	3	3	3	3	3	3	3	3	3	3	3	3	3	3	3	3	3	3	3	3	3	4	4	4	4	4	4	4	4	4	4	4	4	4	4	4	4	4	4	4	4	4	4	4	4	4	4	4	4	4	4	4	4	4	4	4	4	4	4	4	4	4	4	4	4	4	4	4	4	4	4	4	4	4	4	4	4	4	4	4	4	4	4	4	4	4	4	4	4	4	4	4	4	4	4	4	4	4	4	4	5	5	5	5	5	5	5	5	5	5	5	5	5	5	5	5	5	5	5	5	5	5	5	5	5	5	5	5	5	5	5	5	5	5	5	5	5	5	5	5	5	5	5	5	5	5	5	5	5	5	5	5	5	5	5	5	5	5	5	5	5	5	6	6	6	6	6	6	6	6	6	6	6	6	6	6	6	6	6	6	6	6	6	6	6	6	6	6	6	6	6	6	6	6	6	6	6	6	6	6	6	6	6	6	6	6	6	6	6	6	6	6	6	6	6	6	6	6	6	6	6	6	6	6	6	6	6	6	6	6	6	7	7	7	7	7	7	7	7	7	7	7	7	7	7	7	7	7	7	7	7	7	7	7	7	7	7	7	7	7	7	7	7	7	7	7	7	7	7	7	7	7	7	7	7	7	7	7	7	7	7	7	7	7	7	7	7	7	7	7	7	7	7	7	7	7	7	7	7	7	7	7	7	7	7	7	7	7	7	7	7	7	7	7	7	7	8	8	8	8	8	8	8	8	8	8	8	8	8	8	8	8	8	8	8	8	8	8	8	8	8	8	8	8	8	8	8	8	8	8	8	8	8	8	8	8	8	8	8	8	8	8	8	8	8	8	8	8	8	8	8	8	8	8	8	8	8	8	8	8	8	8	8	8	8	8	8	8	9	9	9	9	9	9	9	9	9	9	9	9	9	9	9	9	9	9	9	9	9	9	9	9	9	9	9	9	9	9	9	9	9	9	9	9	9	9	9	9	9	9	9	9	9	9	9	9	9	9	9	9	9	9	9	9	9	9	9	9	9	10	10	10	10	10	10	10	10	10	10	10	10	10	10	10	10	10	10	10	10	10	10	10	10	10	10	10	10	10	10	10	10	10	10	10	10	10	10	10	10	10	10	10	10	10	10	10	10	10	10	10	10	10	11	11	11	11	11	11	11	11	11	11	11	11	11	11	11	11	11	11	11	11	11	11	11	11	11	11	11	11	11	11	11	11	11	11	11	11	11	11	11	11	11	11	11	11	11	11	11	11	11	11	11	11	11	11	11	11	11	11	11	11	11	11	12	12	12	12	12	12	12	12	12	12	12	12	12	12	12	12	12	12	12	12	12	12	12	12	12	12	12	12	12	12	12	12	12	12	12	12	12	12	12	12	12	12	12	12	12	12	12	12	12	12	12	12	12	12	12	12	12	12	12	12	12	12	12	12	12	12	12	12	12	12	12	12	12	12	12	13	13	13	13	13	13	13	13	13	13	13	13	13	13	13	13	13	13	13	13	13	13	13	13	13	13	13	13	13	13	13	13	13	13	13	13	13	13	13	13	13	13	13	13	13	13	13	13	13	13	13	13	13	13	13	13	13	13	13	13	13	13	13	13	13	13	13	14	14	14	14	14	14	14	14	14	14	14	14	14	14	14	14	14	14	14	14	14	14	14	14	14	14	14	14	14	14	14	14	14	14	14	14	14	14	14	14	14	14	14	14	14	14	14	14	14	14	14	14	14	14	14	14	14	14	14	14	14	14	14	14	14	14	14	14	14	14	14	14	14	15	15	15	15	15	15	15	15	15	15	15	15	15	15	15	15	15	15	15	15	15	15	15	15	15	15	15	15	15	15	15	15	15	15	15	15	15	15	15	15	15	15	15	15	15	15	15	15	15	15	15	15	15	15	15	15	15	15	15	
