1000
45	6
333	14.3
30	29	29	26	26	31	29	30	31	31	31	30	26	29	31	28	30	30	26	29	26	28	30	26	27	30	26	29	27	28	27	28	26	27	30	31	28	30	26	31	29	27	29	26	26	29	26	27	27	30	29	26	30	26	27	31	31	26	29	30	31	30	30	30	30	30	28	28	29	29	28	31	29	30	29	26	27	31	29	26	29	26	27	30	27	30	27	27	26	29	30	31	30	28	27	29	27	28	27	29	26	27	28	31	28	28	27	31	28	29	31	31	29	29	31	26	29	28	27	26	31	27	29	28	29	31	29	31	27	29	29	27	29	31	28	27	27	26	30	29	30	28	28	26	27	30	31	27	26	30	26	30	31	31	28	29	30	30	31	27	28	29	31	30	28	30	30	26	26	29	28	31	31	28	27	29	29	29	30	29	30	29	26	26	29	28	31	31	26	27	31	29	30	27	28	26	31	27	31	31	26	31	28	31	26	29	26	27	30	30	26	28	27	27	29	29	29	30	28	26	30	30	30	27	28	26	26	26	31	26	27	26	27	31	28	31	29	30	27	30	26	30	26	29	28	28	28	30	28	26	31	29	29	29	27	29	28	27	28	31	27	30	31	31	28	26	29	26	30	28	31	29	26	26	28	31	31	29	27	28	29	31	28	29	28	30	27	30	30	30	29	28	28	30	26	31	28	27	31	26	27	28	29	26	26	31	29	29	31	29	30	30	27	31	29	26	30	31	27	26	28	30	30	29	27	29	27	30	26	26	28	29	31	28	29	31	31	29	27	31	26	26	27	29	27	30	31	27	26	28	26	30	27	29	28	31	26	29	30	31	27	31	31	29	30	27	29	27	28	29	29	28	30	28	30	30	29	30	26	26	29	31	28	31	31	30	29	30	31	29	30	29	27	29	26	27	31	30	27	29	28	28	31	27	31	31	30	27	30	28	30	27	26	26	26	26	30	29	28	27	28	30	28	27	31	31	27	27	27	26	29	29	31	28	26	27	30	26	28	29	29	31	27	30	27	31	28	26	27	28	26	29	30	28	29	31	29	26	30	31	30	29	28	30	26	31	26	29	28	27	26	31	29	29	29	31	30	31	27	29	29	27	27	28	30	28	28	29	31	27	30	31	27	30	30	31	31	29	30	31	26	29	29	31	30	30	30	31	26	31	26	28	26	28	26	28	29	27	27	26	28	28	27	28	27	28	27	29	30	26	27	29	30	26	29	29	30	31	27	28	30	28	29	30	27	26	27	30	29	28	26	28	27	27	28	29	30	29	26	28	30	29	29	28	28	28	31	27	27	27	31	26	26	28	29	29	30	28	27	29	30	31	28	31	31	28	31	29	31	28	31	28	28	27	31	27	28	29	28	28	29	29	28	28	30	30	27	29	26	31	29	28	27	31	30	29	30	31	27	26	31	26	30	28	26	31	27	26	27	26	26	31	26	31	30	26	26	26	26	29	26	29	27	31	31	28	29	27	31	26	28	30	27	31	26	29	29	27	26	30	28	27	29	29	30	29	26	28	31	31	28	30	31	28	27	26	29	29	29	28	27	26	30	27	29	31	30	31	29	30	29	30	28	27	31	27	26	30	28	29	28	31	26	28	30	28	28	28	29	31	28	28	31	27	31	26	31	29	31	27	30	26	30	28	31	27	29	27	31	27	28	27	30	26	30	27	28	30	28	31	29	31	30	28	27	28	26	29	30	29	31	30	27	31	27	28	28	30	27	29	31	28	31	29	28	31	28	30	26	29	27	27	29	31	31	31	29	30	28	28	26	29	27	27	29	26	26	31	28	27	26	28	26	26	29	26	31	29	30	30	31	27	31	26	27	29	28	31	26	29	26	26	26	28	26	27	28	31	26	31	26	31	26	26	31	29	31	27	27	27	31	27	30	27	31	31	26	30	28	30	27	28	27	28	31	29	29	28	27	29	28	30	31	28	26	27	31	28	28	29	28	28	30	30	28	31	27	30	27	27	29	26	31	30	27	26	27	26	28	31	27	31	28	29	28	31	27	28	27	30	29	30	27	31	26	31	29	27	31	31	30	27	26	27	30	28	30	27	26	30	30	29	26	26	29	31	27	26	30	31	30	31	28	28	28	29	28	30	26	28	28	28	26	30	29	31	26	26	28	27	29	26	31	26	28	30	30	30	26	31	29	29	30	28	30	26	27	27	27	30	27	26	30	30	27	31	30	26	30	30	31	29	29	28	31	27	27	26	27	31	31	26	27	27	29	28	29	31	26	26	28	31	31	28	27	29	29	31	30	27	
84	76	82	85	94	90	77	76	88	90	86	77	84	77	89	84	89	90	94	87	78	93	82	77	92	87	80	81	81	90	78	77	86	82	83	78	93	91	92	93	82	82	91	83	87	77	92	86	78	86	81	94	78	90	80	88	85	93	77	89	92	80	79	79	88	92	82	79	76	78	80	83	94	93	89	85	77	93	86	77	79	88	93	92	84	89	88	90	82	91	93	80	80	77	77	79	85	80	81	79	90	83	78	84	91	80	78	76	91	91	94	77	86	91	80	89	91	78	85	87	90	78	89	79	76	76	90	85	79	86	87	87	94	83	85	93	86	91	84	85	84	89	82	91	93	84	81	76	76	86	85	94	88	77	90	81	76	84	86	83	86	92	86	76	90	88	93	87	92	77	93	79	77	76	88	87	79	78	93	81	82	76	82	91	92	76	83	89	93	79	89	87	76	77	83	76	91	87	92	94	87	90	83	82	88	94	81	87	80	82	92	92	88	82	92	88	89	77	94	80	92	78	77	88	89	81	84	80	83	93	77	94	82	85	85	83	81	85	85	88	87	81	94	87	79	85	94	94	80	78	89	81	87	88	83	77	79	84	77	93	78	84	81	82	91	85	82	81	76	91	94	77	93	87	77	84	86	81	93	79	89	91	80	93	80	91	94	84	83	86	90	89	86	81	90	91	79	87	76	91	88	86	92	90	84	76	87	83	89	93	91	78	91	93	85	92	83	76	89	82	82	77	82	83	81	92	82	86	79	82	89	83	91	84	90	78	93	76	87	82	76	93	89	91	84	84	86	76	87	85	78	88	94	91	83	82	83	86	77	84	94	90	77	93	85	80	79	88	88	81	93	81	84	87	79	76	76	79	80	82	84	77	94	78	86	91	83	78	81	78	82	90	93	84	85	81	89	83	79	89	77	85	83	77	77	94	84	82	76	83	93	78	88	94	90	87	80	94	85	89	93	92	79	81	83	82	88	76	92	82	77	89	82	77	94	81	83	83	94	88	94	79	78	85	85	79	83	76	77	85	94	76	91	86	82	76	92	78	88	83	78	82	80	87	78	93	81	86	83	87	89	90	87	93	83	82	77	89	76	93	87	86	79	94	92	84	77	81	84	85	81	82	77	82	78	88	78	87	90	76	80	83	78	82	94	82	85	90	88	85	76	93	92	84	76	84	92	80	91	78	87	81	86	94	83	80	80	81	80	87	90	81	81	76	78	85	86	92	77	78	80	88	82	90	76	89	84	79	84	78	94	92	90	92	83	79	91	83	80	76	88	88	79	76	84	88	80	86	89	79	85	88	83	81	91	92	78	89	87	85	94	84	76	89	82	81	80	82	80	86	81	90	84	93	86	87	87	92	78	86	84	92	90	84	81	90	81	89	80	93	78	81	81	84	79	88	83	87	79	94	87	81	84	87	88	85	94	90	85	77	89	80	78	82	88	93	83	79	81	84	78	85	81	86	84	83	87	92	79	78	76	80	92	78	83	85	90	91	89	80	77	85	76	82	76	82	88	84	78	83	89	82	86	90	78	86	82	91	88	76	82	84	78	86	87	87	93	86	79	79	76	78	82	94	81	77	76	78	82	76	80	91	83	94	86	77	85	76	81	93	77	80	78	76	82	88	94	84	82	88	80	78	85	78	90	76	81	76	84	91	83	80	86	77	80	79	80	82	78	90	77	91	77	76	90	88	93	94	78	87	79	82	93	80	89	86	88	82	84	79	78	81	76	90	79	85	87	80	87	82	90	87	83	85	85	85	90	86	84	94	81	78	76	77	94	83	91	76	93	90	88	93	81	86	89	91	90	83	78	91	87	82	83	84	94	93	81	83	91	84	76	82	85	80	80	92	93	94	77	85	78	79	94	82	90	85	84	84	79	94	93	91	87	79	76	88	88	91	93	80	79	90	84	82	94	79	81	90	79	87	80	79	76	77	80	92	86	94	92	85	77	82	86	84	84	94	79	91	85	82	76	82	82	78	81	80	79	83	77	76	84	92	87	89	91	91	84	92	79	94	88	91	81	93	84	85	89	79	77	80	78	85	88	83	93	89	76	80	79	85	81	76	84	80	80	86	77	92	76	92	80	94	91	94	90	87	84	87	92	86	82	88	93	87	78	94	78	83	79	85	94	91	81	91	84	91	91	89	83	80	93	80	77	90	86	88	93	77	90	91	89	85	78	85	86	83	76	76	91	76	84	76	84	87	93	93	82	84	77	76	91	92	84	90	88	92	79	77	77	77	88	86	88	91	81	79	88	92	82	79	
29.7	16.5	17.6	11	15.4	11	16.5	16.5	23.1	28.6	29.7	27.5	15.4	16.5	17.6	16.5	11	20.9	29.7	18.7	20.9	15.4	24.2	16.5	13.2	25.3	15.4	22	15.4	24.2	30.8	29.7	17.6	31.9	15.4	18.7	24.2	28.6	19.8	24.2	17.6	19.8	20.9	17.6	17.6	12.1	33	31.9	28.6	11	30.8	12.1	12.1	17.6	30.8	19.8	14.3	30.8	31.9	27.5	17.6	29.7	19.8	14.3	11	23.1	25.3	17.6	27.5	12.1	31.9	30.8	23.1	12.1	13.2	29.7	23.1	14.3	17.6	18.7	14.3	28.6	22	17.6	23.1	19.8	20.9	25.3	26.4	29.7	27.5	22	17.6	26.4	17.6	26.4	12.1	14.3	31.9	28.6	24.2	14.3	27.5	23.1	20.9	29.7	22	14.3	25.3	17.6	29.7	16.5	14.3	14.3	19.8	33	20.9	11	13.2	20.9	33	27.5	12.1	31.9	30.8	26.4	16.5	20.9	12.1	14.3	24.2	26.4	27.5	28.6	15.4	29.7	14.3	12.1	20.9	11	24.2	12.1	20.9	17.6	30.8	16.5	30.8	15.4	18.7	24.2	22	33	12.1	15.4	27.5	20.9	22	30.8	18.7	16.5	31.9	18.7	20.9	13.2	26.4	30.8	20.9	17.6	20.9	30.8	23.1	28.6	20.9	13.2	13.2	24.2	29.7	17.6	11	25.3	31.9	11	29.7	19.8	13.2	14.3	11	17.6	29.7	17.6	18.7	13.2	19.8	15.4	18.7	19.8	17.6	18.7	11	12.1	27.5	13.2	31.9	14.3	20.9	27.5	23.1	22	27.5	28.6	13.2	33	22	31.9	27.5	26.4	18.7	13.2	11	22	20.9	26.4	15.4	18.7	30.8	22	18.7	14.3	26.4	27.5	19.8	15.4	30.8	30.8	26.4	19.8	28.6	18.7	29.7	26.4	18.7	29.7	17.6	19.8	18.7	24.2	12.1	26.4	14.3	15.4	23.1	24.2	28.6	20.9	29.7	29.7	30.8	23.1	12.1	33	19.8	25.3	16.5	22	23.1	25.3	31.9	25.3	26.4	12.1	25.3	12.1	24.2	16.5	26.4	16.5	17.6	33	12.1	27.5	15.4	17.6	19.8	33	27.5	11	19.8	14.3	29.7	31.9	26.4	23.1	17.6	25.3	28.6	20.9	19.8	29.7	29.7	19.8	13.2	16.5	20.9	27.5	31.9	13.2	20.9	16.5	22	11	19.8	22	25.3	11	22	16.5	25.3	18.7	23.1	28.6	29.7	24.2	29.7	28.6	31.9	26.4	26.4	30.8	25.3	14.3	14.3	14.3	23.1	14.3	14.3	27.5	19.8	20.9	26.4	18.7	30.8	15.4	24.2	30.8	22	25.3	15.4	24.2	11	19.8	23.1	24.2	19.8	24.2	20.9	13.2	18.7	24.2	33	30.8	23.1	16.5	30.8	22	15.4	15.4	20.9	28.6	28.6	30.8	23.1	13.2	13.2	23.1	12.1	18.7	20.9	16.5	11	11	13.2	11	28.6	31.9	30.8	15.4	18.7	17.6	24.2	26.4	13.2	27.5	31.9	31.9	17.6	14.3	11	31.9	29.7	13.2	29.7	15.4	26.4	27.5	22	13.2	30.8	24.2	12.1	24.2	15.4	12.1	26.4	13.2	19.8	15.4	23.1	11	30.8	33	14.3	18.7	23.1	18.7	19.8	22	30.8	28.6	18.7	18.7	14.3	18.7	30.8	31.9	25.3	29.7	27.5	33	27.5	33	31.9	25.3	11	31.9	11	31.9	13.2	19.8	31.9	18.7	23.1	27.5	22	12.1	29.7	28.6	26.4	24.2	24.2	23.1	19.8	15.4	20.9	20.9	16.5	27.5	13.2	17.6	19.8	15.4	29.7	22	30.8	19.8	22	27.5	24.2	29.7	12.1	13.2	11	29.7	22	11	14.3	19.8	31.9	23.1	12.1	18.7	12.1	25.3	18.7	13.2	19.8	31.9	11	31.9	29.7	19.8	24.2	33	11	33	26.4	22	29.7	18.7	16.5	23.1	13.2	14.3	30.8	11	13.2	13.2	18.7	24.2	31.9	18.7	16.5	29.7	24.2	17.6	25.3	18.7	22	11	25.3	24.2	22	14.3	22	24.2	27.5	27.5	16.5	24.2	24.2	17.6	16.5	25.3	29.7	19.8	22	20.9	16.5	29.7	28.6	12.1	24.2	13.2	16.5	26.4	19.8	13.2	11	17.6	16.5	27.5	27.5	26.4	31.9	16.5	29.7	19.8	12.1	23.1	33	24.2	12.1	16.5	15.4	18.7	22	23.1	12.1	13.2	22	27.5	12.1	19.8	15.4	23.1	28.6	14.3	31.9	17.6	14.3	16.5	11	23.1	14.3	23.1	11	23.1	13.2	16.5	30.8	24.2	23.1	28.6	29.7	25.3	28.6	27.5	23.1	33	11	16.5	30.8	22	30.8	29.7	29.7	22	27.5	18.7	12.1	31.9	19.8	27.5	31.9	24.2	22	30.8	26.4	22	24.2	13.2	16.5	29.7	25.3	29.7	17.6	29.7	29.7	25.3	17.6	25.3	33	14.3	23.1	23.1	18.7	16.5	11	14.3	29.7	18.7	33	18.7	12.1	11	29.7	24.2	15.4	33	26.4	29.7	30.8	11	26.4	29.7	15.4	30.8	22	14.3	18.7	15.4	22	17.6	18.7	27.5	16.5	19.8	15.4	29.7	15.4	16.5	18.7	23.1	24.2	23.1	13.2	19.8	19.8	23.1	25.3	18.7	33	31.9	22	22	31.9	16.5	33	15.4	29.7	33	12.1	12.1	20.9	27.5	14.3	18.7	14.3	27.5	12.1	28.6	25.3	20.9	14.3	13.2	16.5	13.2	13.2	18.7	22	29.7	13.2	23.1	29.7	19.8	23.1	24.2	17.6	30.8	12.1	29.7	23.1	20.9	14.3	23.1	11	20.9	18.7	11	14.3	18.7	14.3	19.8	14.3	23.1	23.1	23.1	13.2	15.4	19.8	26.4	28.6	12.1	31.9	11	17.6	18.7	31.9	24.2	18.7	30.8	29.7	11	17.6	26.4	13.2	12.1	12.1	25.3	17.6	13.2	17.6	26.4	22	22	25.3	12.1	24.2	22	22	26.4	18.7	30.8	29.7	22	23.1	23.1	30.8	28.6	30.8	29.7	14.3	23.1	19.8	16.5	33	18.7	27.5	13.2	12.1	17.6	11	12.1	27.5	31.9	31.9	22	24.2	24.2	22	14.3	31.9	19.8	15.4	24.2	20.9	11	24.2	17.6	19.8	13.2	17.6	27.5	17.6	20.9	29.7	17.6	13.2	20.9	29.7	15.4	26.4	13.2	28.6	29.7	19.8	25.3	23.1	20.9	19.8	27.5	24.2	23.1	11	31.9	31.9	16.5	16.5	19.8	17.6	20.9	31.9	12.1	28.6	33	33	28.6	25.3	12.1	27.5	15.4	22	22	18.7	29.7	19.8	19.8	30.8	24.2	11	18.7	24.2	25.3	28.6	14.3	13.2	29.7	30.8	24.2	33	14.3	31.9	17.6	18.7	27.5	12.1	31.9	14.3	15.4	12.1	17.6	18.7	23.1	20.9	17.6	16.5	17.6	24.2	18.7	27.5	14.3	24.2	13.2	20.9	14.3	28.6	12.1	33	22	19.8	14.3	22	19.8	13.2	15.4	12.1	28.6	27.5	26.4	13.2	18.7	22	31.9	30.8	22	17.6	15.4	31.9	22	15.4	30.8	28.6	26.4	24.2	29.7	19.8	22	22	15.4	17.6	14.3	24.2	12.1	31.9	18.7	28.6	30.8	30.8	23.1	33	27.5	25.3	30.8	20.9	26.4	17.6	22	24.2	24.2	17.6	25.3	25.3	24.2	19.8	11	22	33	12.1	22	13.2	16.5	30.8	13.2	19.8	29.7	27.5	20.9	23.1	29.7	25.3	16.5	23.1	22	12.1	16.5	14.3	22	19.8	24.2	13.2	19.8	30.8	23.1	27.5	19.8	30.8	20.9	24.2	14.3	29.7	29.7	
29.7	28.6	28.6	27.5	15.4	30.8	26.4	25.3	31.9	20.9	12.1	29.7	30.8	18.7	25.3	33	29.7	29.7	26.4	30.8	18.7	20.9	19.8	29.7	15.4	33	12.1	19.8	23.1	28.6	22	33	24.2	12.1	30.8	19.8	30.8	12.1	25.3	17.6	15.4	31.9	13.2	19.8	33	28.6	23.1	25.3	29.7	14.3	24.2	27.5	27.5	19.8	12.1	33	23.1	28.6	30.8	27.5	13.2	29.7	12.1	27.5	31.9	17.6	12.1	28.6	25.3	20.9	28.6	19.8	26.4	27.5	26.4	13.2	22	13.2	12.1	31.9	18.7	29.7	15.4	22	25.3	20.9	23.1	11	13.2	18.7	25.3	15.4	30.8	28.6	12.1	33	25.3	13.2	19.8	11	28.6	19.8	13.2	31.9	17.6	20.9	17.6	24.2	18.7	20.9	16.5	29.7	25.3	15.4	15.4	18.7	13.2	13.2	22	24.2	31.9	18.7	29.7	20.9	20.9	23.1	17.6	13.2	11	25.3	29.7	29.7	14.3	23.1	12.1	12.1	25.3	12.1	16.5	11	26.4	33	25.3	23.1	13.2	12.1	24.2	18.7	28.6	17.6	30.8	16.5	18.7	18.7	27.5	33	11	12.1	26.4	14.3	24.2	30.8	20.9	27.5	30.8	30.8	18.7	26.4	22	30.8	18.7	15.4	25.3	28.6	17.6	18.7	23.1	20.9	27.5	28.6	26.4	25.3	24.2	19.8	23.1	33	11	25.3	29.7	19.8	24.2	24.2	24.2	22	18.7	27.5	25.3	33	19.8	25.3	33	19.8	12.1	18.7	17.6	23.1	14.3	20.9	30.8	23.1	16.5	23.1	15.4	19.8	17.6	29.7	27.5	17.6	13.2	23.1	30.8	13.2	30.8	23.1	12.1	12.1	26.4	27.5	13.2	15.4	24.2	29.7	30.8	24.2	23.1	14.3	11	20.9	22	11	24.2	19.8	12.1	22	29.7	19.8	15.4	33	30.8	11	22	23.1	17.6	22	22	33	11	19.8	31.9	16.5	24.2	16.5	19.8	24.2	16.5	16.5	19.8	26.4	26.4	12.1	27.5	18.7	20.9	29.7	23.1	23.1	28.6	30.8	12.1	17.6	31.9	31.9	14.3	12.1	12.1	23.1	26.4	28.6	26.4	16.5	27.5	13.2	24.2	14.3	25.3	17.6	20.9	28.6	23.1	31.9	28.6	11	23.1	30.8	22	25.3	16.5	15.4	28.6	15.4	31.9	11	24.2	13.2	30.8	14.3	26.4	12.1	27.5	17.6	17.6	11	11	19.8	11	33	22	31.9	25.3	16.5	26.4	24.2	33	33	19.8	31.9	22	25.3	16.5	30.8	24.2	11	15.4	16.5	15.4	31.9	11	19.8	14.3	17.6	26.4	28.6	26.4	14.3	28.6	11	23.1	28.6	11	30.8	26.4	30.8	18.7	22	25.3	18.7	18.7	17.6	13.2	17.6	19.8	11	28.6	18.7	30.8	18.7	13.2	11	29.7	16.5	15.4	15.4	24.2	24.2	22	33	24.2	30.8	30.8	31.9	18.7	22	24.2	22	18.7	20.9	12.1	26.4	31.9	27.5	24.2	16.5	22	30.8	12.1	25.3	22	20.9	14.3	12.1	27.5	15.4	29.7	13.2	20.9	22	27.5	25.3	31.9	11	18.7	28.6	26.4	19.8	23.1	12.1	23.1	22	23.1	20.9	17.6	23.1	13.2	11	17.6	18.7	18.7	16.5	17.6	24.2	16.5	16.5	31.9	11	23.1	18.7	26.4	25.3	20.9	27.5	12.1	15.4	17.6	33	30.8	33	31.9	31.9	19.8	31.9	24.2	16.5	13.2	12.1	17.6	20.9	20.9	16.5	17.6	24.2	16.5	23.1	27.5	28.6	18.7	28.6	18.7	29.7	28.6	13.2	27.5	16.5	12.1	30.8	22	25.3	15.4	31.9	26.4	18.7	17.6	24.2	19.8	33	19.8	12.1	26.4	25.3	28.6	28.6	17.6	27.5	13.2	30.8	33	19.8	14.3	24.2	17.6	15.4	30.8	24.2	17.6	33	25.3	13.2	11	30.8	15.4	23.1	18.7	24.2	11	25.3	31.9	31.9	28.6	25.3	22	19.8	15.4	19.8	23.1	11	11	26.4	31.9	11	11	33	15.4	25.3	31.9	22	18.7	16.5	31.9	15.4	13.2	25.3	22	13.2	25.3	13.2	20.9	14.3	23.1	29.7	18.7	14.3	33	17.6	25.3	11	18.7	23.1	16.5	30.8	26.4	33	12.1	23.1	22	18.7	30.8	19.8	28.6	30.8	18.7	11	28.6	30.8	33	24.2	29.7	11	27.5	12.1	22	12.1	23.1	15.4	15.4	16.5	31.9	15.4	12.1	12.1	23.1	16.5	26.4	30.8	27.5	18.7	14.3	31.9	30.8	24.2	11	29.7	24.2	25.3	14.3	29.7	16.5	27.5	31.9	15.4	20.9	27.5	28.6	27.5	11	29.7	11	31.9	31.9	24.2	23.1	22	23.1	30.8	22	31.9	16.5	20.9	13.2	15.4	13.2	17.6	18.7	23.1	18.7	31.9	29.7	27.5	28.6	19.8	26.4	11	24.2	33	16.5	33	33	28.6	18.7	28.6	24.2	28.6	12.1	23.1	26.4	13.2	20.9	33	14.3	14.3	13.2	14.3	26.4	26.4	18.7	14.3	11	20.9	18.7	14.3	27.5	33	13.2	20.9	14.3	16.5	12.1	25.3	14.3	19.8	16.5	27.5	22	30.8	29.7	23.1	25.3	28.6	11	30.8	11	16.5	29.7	18.7	30.8	29.7	17.6	19.8	19.8	11	15.4	27.5	30.8	27.5	27.5	26.4	27.5	20.9	14.3	26.4	15.4	19.8	12.1	23.1	13.2	18.7	29.7	29.7	23.1	23.1	15.4	22	19.8	30.8	19.8	20.9	14.3	18.7	29.7	25.3	22	18.7	22	28.6	13.2	29.7	13.2	15.4	30.8	15.4	22	19.8	17.6	12.1	14.3	31.9	27.5	25.3	29.7	31.9	33	22	25.3	14.3	26.4	20.9	22	26.4	17.6	30.8	27.5	31.9	16.5	14.3	27.5	11	15.4	29.7	28.6	22	13.2	25.3	23.1	14.3	24.2	14.3	11	14.3	20.9	18.7	18.7	31.9	14.3	24.2	28.6	11	23.1	33	19.8	23.1	30.8	15.4	19.8	33	15.4	30.8	27.5	13.2	26.4	28.6	26.4	14.3	24.2	15.4	12.1	17.6	15.4	28.6	26.4	33	16.5	18.7	27.5	17.6	15.4	15.4	27.5	14.3	29.7	26.4	25.3	13.2	18.7	16.5	22	29.7	20.9	15.4	29.7	22	12.1	28.6	22	27.5	28.6	15.4	31.9	30.8	19.8	20.9	24.2	12.1	15.4	11	25.3	11	31.9	26.4	12.1	13.2	20.9	29.7	14.3	27.5	18.7	18.7	29.7	13.2	29.7	19.8	23.1	24.2	12.1	27.5	17.6	22	14.3	25.3	11	18.7	30.8	13.2	16.5	26.4	13.2	15.4	16.5	17.6	27.5	31.9	30.8	29.7	16.5	16.5	18.7	14.3	11	14.3	27.5	16.5	33	19.8	13.2	22	23.1	33	12.1	25.3	13.2	27.5	19.8	11	28.6	19.8	13.2	25.3	27.5	27.5	24.2	22	27.5	11	15.4	31.9	27.5	22	30.8	19.8	19.8	23.1	15.4	26.4	19.8	23.1	29.7	16.5	25.3	12.1	16.5	33	13.2	26.4	25.3	20.9	11	20.9	33	25.3	14.3	30.8	33	19.8	19.8	14.3	26.4	28.6	12.1	31.9	15.4	23.1	24.2	17.6	28.6	23.1	18.7	17.6	27.5	20.9	16.5	15.4	14.3	27.5	19.8	14.3	18.7	33	18.7	19.8	22	20.9	11	26.4	33	15.4	28.6	12.1	19.8	19.8	24.2	29.7	14.3	19.8	17.6	26.4	19.8	13.2	22	15.4	31.9	29.7	15.4	31.9	
11	30.8	29.7	27.5	13.2	26.4	15.4	30.8	20.9	18.7	29.7	30.8	13.2	31.9	24.2	13.2	17.6	27.5	15.4	13.2	26.4	13.2	27.5	28.6	30.8	27.5	20.9	28.6	16.5	23.1	18.7	26.4	26.4	11	23.1	33	18.7	11	27.5	24.2	23.1	22	31.9	14.3	12.1	
15	17	11	10	20	19	20	15	17	15	15	20	12	12	13	19	18	10	14	17	15	15	20	18	14	19	10	16	19	20	19	17	15	17	10	19	10	15	13	13	16	14	13	14	15	20	18	18	19	10	17	19	12	19	17	15	10	16	19	18	12	13	16	10	10	11	12	15	13	18	11	10	16	15	11	16	17	15	19	19	18	18	10	19	17	20	13	17	20	12	19	17	17	18	10	10	10	13	19	17	17	19	13	14	15	12	15	13	15	15	15	19	15	15	19	16	16	12	12	17	13	10	13	16	15	13	18	20	10	13	17	14	20	12	14	20	10	18	19	12	16	16	12	17	17	15	14	16	13	20	14	17	16	20	12	10	18	16	15	10	15	14	15	14	16	18	12	17	10	20	11	16	17	20	17	20	13	18	15	20	12	20	13	10	10	12	17	13	18	13	14	17	10	11	18	15	16	12	13	13	14	10	10	17	18	10	17	18	15	11	18	11	18	19	20	12	13	19	11	17	13	18	15	10	13	13	14	14	13	10	10	17	20	20	18	14	15	15	11	19	10	13	15	19	14	10	13	14	13	13	15	19	11	12	18	13	19	18	12	11	14	12	14	14	13	11	12	17	13	13	18	10	18	19	20	13	20	13	16	20	15	11	15	16	12	20	12	17	15	10	12	17	15	15	13	15	16	16	14	15	13	17	16	10	16	16	17	16	12	16	13	14	11	20	18	12	17	15	13	13	12	20	13	16	13	14	19	12	16	19	17	13	19	14	19	11	16	17	17	15	17	20	13	17	17	10	17	11	12	15	18	15	16	18	10	14	10	14	20	19	20	16	14	13	17	15	10	14	12	20	15	12	10	18	13	12	17	18	15	14	14	16	12	17	13	12	14	13	10	12	20	20	10	19	16	14	20	10	15	20	15	10	11	14	18	11	19	15	14	10	17	20	10	15	15	15	12	16	11	10	12	11	11	17	10	14	13	17	15	19	13	16	13	10	15	18	16	14	15	17	10	10	19	13	13	16	13	14	12	14	10	12	20	13	14	11	10	18	15	13	11	20	13	13	14	15	12	16	19	17	17	15	20	11	13	18	20	20	10	12	12	17	16	14	12	20	19	12	11	11	19	18	15	10	10	18	12	10	19	12	18	19	17	16	17	15	13	10	11	16	11	16	18	16	16	10	11	17	10	17	17	17	16	20	20	19	18	16	17	19	15	16	17	15	17	14	14	14	19	16	13	18	10	11	13	19	20	10	19	10	20	18	11	16	10	11	10	17	12	10	12	13	19	11	15	16	18	10	15	17	10	10	11	18	17	19	15	19	15	12	15	14	18	10	15	10	16	14	18	18	17	12	17	13	12	14	17	17	16	11	16	13	19	13	17	10	10	19	19	13	12	10	20	10	13	16	12	19	15	19	17	11	18	18	12	17	16	17	14	18	14	13	16	12	11	17	19	17	11	17	10	20	10	14	11	13	18	18	16	10	17	16	14	10	14	17	12	14	10	13	19	11	19	16	11	17	15	16	13	17	13	13	19	15	18	19	17	12	12	10	12	10	16	19	19	19	15	14	17	14	17	10	14	11	16	13	16	11	17	16	16	16	20	16	19	12	19	18	15	12	12	19	13	20	13	13	13	12	14	12	18	19	12	12	19	15	17	17	20	15	17	12	20	13	14	14	10	15	16	13	20	12	17	17	14	11	17	14	18	13	19	10	11	18	16	18	12	20	12	16	19	10	20	10	15	19	10	15	20	20	14	10	12	19	12	12	20	11	12	12	17	16	12	16	12	16	17	19	10	10	13	17	20	10	14	14	20	19	13	17	10	15	15	14	15	13	12	19	20	12	19	17	13	11	10	10	15	20	17	17	19	12	19	12	10	12	19	13	17	15	18	11	14	14	20	17	16	14	18	12	12	16	13	14	20	12	18	14	11	16	13	19	14	11	10	10	15	13	20	18	17	15	11	13	17	16	19	10	16	15	13	19	11	19	11	17	11	17	12	18	20	17	16	17	13	11	10	15	15	15	13	17	19	19	18	17	20	11	19	11	20	14	10	16	17	10	10	20	17	15	13	17	20	20	10	16	13	10	18	19	14	19	14	17	20	12	14	19	16	12	11	13	14	11	12	15	19	11	12	13	14	12	18	11	17	13	17	14	14	11	14	10	16	16	11	12	20	11	17	18	18	10	10	10	17	11	18	14	17	19	17	13	10	20	12	19	13	11	16	12	18	15	14	18	12	19	12	19	19	16	11	15	13	12	15	12	11	10	13	11	
1	1	1	1	1	1	1	1	1	1	1	1	1	1	1	1	1	1	1	1	1	1	1	1	1	1	2	2	2	2	2	2	2	2	2	2	2	2	2	2	2	2	2	2	2	2	2	2	2	2	2	3	3	3	3	3	3	3	3	3	3	3	3	3	3	3	3	3	3	4	4	4	4	4	4	4	4	4	4	4	4	4	4	4	4	4	4	5	5	5	5	5	5	5	5	5	5	5	5	5	5	5	5	5	5	5	5	5	5	5	5	5	5	5	5	5	5	6	6	6	6	6	6	6	6	6	6	6	6	6	6	6	6	6	6	6	6	6	6	6	7	7	7	7	7	7	7	7	7	7	7	7	7	7	7	7	7	7	7	7	7	7	8	8	8	8	8	8	8	8	8	8	8	8	8	8	8	8	8	8	8	8	8	8	9	9	9	9	9	9	9	9	9	9	9	9	9	9	9	9	9	9	9	9	9	10	10	10	10	10	10	10	10	10	10	10	10	10	10	10	10	10	10	10	10	10	11	11	11	11	11	11	11	11	11	11	11	11	11	11	11	11	11	11	11	12	12	12	12	12	12	12	12	12	12	12	12	13	13	13	13	13	13	13	13	13	13	13	13	13	13	13	13	13	13	13	13	14	14	14	14	14	14	14	14	14	14	14	14	14	14	14	14	14	14	14	14	14	14	14	14	14	15	15	15	15	15	15	15	15	15	15	15	15	15	15	15	15	15	15	15	15	15	16	16	16	16	16	16	16	16	16	16	16	16	16	16	16	16	16	16	16	16	16	16	17	17	17	17	17	17	17	17	17	17	17	17	17	17	17	17	17	17	17	17	17	17	17	17	18	18	18	18	18	18	18	18	18	18	18	18	18	18	18	18	19	19	19	19	19	19	19	19	19	19	19	19	19	19	19	19	19	19	19	19	19	19	19	19	19	20	20	20	20	20	20	20	20	20	20	20	20	20	20	20	20	20	20	20	20	20	20	20	20	20	20	21	21	21	21	21	21	21	21	21	21	21	21	21	21	21	21	21	21	21	21	21	21	21	22	22	22	22	22	22	22	22	22	22	22	22	22	22	22	22	22	22	22	22	23	23	23	23	23	23	23	23	23	23	23	23	23	23	23	23	23	23	23	23	23	23	23	23	23	24	24	24	24	24	24	24	24	24	24	24	24	24	24	24	24	24	24	24	24	24	24	24	25	25	25	25	25	25	25	25	25	25	25	25	25	25	25	25	25	25	25	26	26	26	26	26	26	26	26	26	26	26	26	26	26	26	26	26	27	27	27	27	27	27	27	27	27	27	27	27	27	27	27	28	28	28	28	28	28	28	28	28	28	28	28	28	28	28	28	28	28	28	28	28	28	28	29	29	29	29	29	29	29	29	29	29	29	29	29	29	29	29	29	29	29	30	30	30	30	30	30	30	30	30	30	30	30	30	30	30	30	30	31	31	31	31	31	31	31	31	31	31	31	31	31	31	31	31	31	31	31	31	31	31	31	31	31	31	31	31	31	31	31	31	31	31	31	31	31	31	32	32	32	32	32	32	32	32	32	32	32	32	32	32	32	32	32	32	32	32	32	32	33	33	33	33	33	33	33	33	33	33	33	33	33	33	33	33	33	33	33	33	33	34	34	34	34	34	34	34	34	34	34	34	34	34	34	34	34	34	35	35	35	35	35	35	35	35	35	35	35	35	35	35	35	35	35	35	35	35	36	36	36	36	36	36	36	36	36	36	36	36	36	36	36	36	36	36	36	37	37	37	37	37	37	37	37	37	37	37	37	37	37	37	37	37	37	37	37	37	37	37	37	38	38	38	38	38	38	38	38	38	38	38	38	38	38	38	38	38	38	38	38	38	38	38	38	38	38	38	39	39	39	39	39	39	39	39	39	39	39	39	39	39	39	39	39	39	39	39	39	39	39	40	40	40	40	40	40	40	40	40	40	40	40	40	40	40	40	40	40	40	40	40	40	40	40	40	40	40	41	41	41	41	41	41	41	41	41	41	41	41	41	41	41	41	41	41	41	41	41	41	41	41	41	42	42	42	42	42	42	42	42	42	42	42	42	42	42	42	42	42	42	42	42	42	42	42	42	42	42	42	42	42	43	43	43	43	43	43	43	43	43	43	43	43	43	43	43	43	43	43	43	43	43	43	43	43	43	43	44	44	44	44	44	44	44	44	44	44	44	44	44	44	44	44	44	44	44	44	44	44	44	44	45	45	45	45	45	45	45	45	45	45	45	45	45	45	45	45	45	45	45	45	45	
