1000
15	3
1086	17.6
26	26	28	28	28	31	26	27	30	29	27	30	30	27	30	30	28	28	29	30	31	27	28	28	30	28	28	28	29	29	26	31	31	31	29	27	26	30	27	31	31	27	28	30	26	28	28	26	26	27	27	31	30	30	27	27	28	30	30	30	31	30	31	29	28	27	30	30	29	30	30	27	30	29	26	26	31	28	30	28	30	31	31	28	29	31	28	28	26	26	27	26	26	30	29	28	27	27	29	27	26	29	26	28	30	29	30	30	27	29	29	28	28	31	26	29	27	31	26	30	31	29	30	28	26	27	26	27	27	26	30	27	27	27	28	26	30	28	30	31	26	28	28	27	28	31	30	26	28	29	29	31	26	27	30	30	28	26	27	27	30	31	26	28	27	28	29	26	26	27	30	29	27	31	27	26	31	26	27	29	30	27	27	26	30	26	26	31	27	26	30	26	28	28	26	27	27	28	28	28	29	29	28	26	26	31	26	30	29	30	29	26	30	26	26	28	30	29	31	29	26	27	29	28	31	28	29	28	27	31	26	30	31	28	30	28	29	31	27	26	31	26	28	29	31	29	27	29	26	31	30	28	28	27	27	26	28	28	28	27	30	30	27	27	26	28	27	31	31	29	28	28	31	31	30	27	30	27	31	31	31	30	26	26	31	26	29	28	30	27	27	27	26	28	26	28	28	28	26	29	30	28	27	28	30	29	26	28	30	31	29	27	30	30	27	29	26	26	28	31	31	27	27	28	31	31	28	29	30	29	28	31	30	27	30	26	28	30	28	29	29	28	27	31	30	31	28	31	31	29	26	31	29	29	31	28	27	27	29	29	28	29	30	27	31	29	29	31	31	28	27	26	28	26	29	28	27	26	29	31	29	28	31	30	29	27	30	31	27	31	26	27	31	26	30	29	26	30	26	26	31	26	30	30	28	29	27	26	29	26	27	27	29	29	31	27	26	26	28	31	27	27	28	26	29	27	31	30	26	28	28	31	26	26	28	26	26	26	26	31	26	26	31	28	31	26	31	31	29	26	27	30	28	28	31	26	31	31	31	29	26	30	26	29	29	30	28	30	26	26	28	27	30	29	26	30	27	26	28	31	27	27	31	28	26	28	26	31	30	26	28	30	26	30	28	27	30	31	26	29	28	29	30	29	27	31	28	27	26	31	27	28	26	26	31	27	27	28	30	31	26	28	27	28	27	26	27	31	26	31	31	29	28	28	30	29	31	29	30	27	28	30	26	28	27	30	31	30	30	31	31	29	29	29	31	27	26	31	27	29	26	30	27	27	26	30	31	31	28	27	30	28	27	27	27	28	31	26	26	27	30	27	26	28	27	27	30	31	31	28	28	26	26	26	28	30	28	28	29	30	31	27	26	29	28	29	31	27	29	26	26	31	29	27	30	30	27	27	28	27	27	29	27	29	29	27	31	27	30	26	27	28	26	29	27	31	29	28	30	28	26	26	28	30	31	27	30	31	29	26	30	26	31	31	30	30	29	30	30	30	27	28	31	27	29	28	30	28	30	31	27	27	30	31	27	27	31	27	28	27	27	28	29	31	28	30	30	26	27	29	27	30	29	28	26	27	26	27	31	26	29	31	27	31	31	29	30	28	30	31	31	26	27	30	29	30	30	31	26	26	28	29	27	31	27	27	29	31	28	29	29	28	31	31	27	27	26	30	31	26	29	28	31	28	31	29	27	29	30	31	31	29	29	29	27	30	30	26	26	29	31	28	30	30	31	28	30	30	30	27	31	29	26	28	26	27	31	26	28	31	30	30	29	27	30	30	28	30	29	31	29	30	29	31	28	30	29	30	31	29	30	26	28	29	27	31	31	28	29	29	31	29	30	31	27	26	26	27	27	30	29	29	27	31	28	26	30	29	30	31	29	30	31	27	31	26	28	26	29	28	27	27	29	30	30	30	29	30	27	26	30	30	27	27	31	29	31	28	29	30	28	29	31	31	31	27	28	29	30	31	31	28	26	30	29	26	29	26	31	31	26	30	28	29	30	26	29	28	31	28	28	31	27	27	29	30	29	28	28	27	29	29	29	31	29	26	31	28	27	27	31	31	29	27	28	27	28	29	30	29	27	29	27	26	26	28	28	27	31	31	26	26	27	31	27	30	30	27	26	28	26	27	26	28	27	31	28	30	27	27	26	29	28	28	31	30	29	31	26	26	30	28	26	26	31	30	28	28	27	26	31	31	26	27	30	26	30	28	28	26	30	29	26	31	28	31	29	27	29	27	28	28	27	26	28	26	26	29	26	31	
94	84	80	85	85	80	89	91	76	91	94	88	91	93	81	77	76	87	80	79	87	83	78	83	82	94	86	88	89	76	90	94	87	78	82	78	79	83	79	86	92	78	83	83	86	83	92	78	94	78	86	82	79	82	82	85	83	88	78	88	77	86	88	83	85	91	84	84	89	77	94	84	90	90	84	79	76	84	84	78	90	82	76	80	89	80	91	81	90	82	80	79	92	89	81	94	87	88	88	80	90	79	85	91	91	76	86	93	82	94	78	82	91	90	82	77	81	94	80	82	89	80	82	89	93	80	94	86	77	85	87	88	89	82	94	89	89	87	83	90	90	87	94	93	77	93	86	85	82	91	90	77	94	80	76	79	80	81	83	92	91	85	84	89	87	79	88	82	81	77	82	84	82	79	93	82	81	85	85	92	93	85	77	85	89	84	78	87	86	78	86	92	81	77	77	88	76	93	91	87	83	94	84	82	87	88	87	76	91	90	84	85	76	84	77	89	92	85	88	93	89	79	84	88	81	94	81	94	90	78	94	79	83	84	89	81	81	91	86	85	82	88	84	90	85	86	81	76	88	82	76	78	87	89	83	76	93	85	84	77	81	84	77	94	94	78	94	76	77	93	86	83	86	85	81	82	86	89	86	76	88	77	86	78	87	80	94	77	79	92	94	91	83	88	87	81	76	89	80	93	87	90	90	85	85	82	87	83	90	89	80	80	94	85	83	90	90	81	93	88	84	80	86	79	79	80	85	76	90	78	88	80	87	81	87	92	86	84	93	84	78	87	86	81	85	78	94	79	85	91	86	83	89	82	77	85	91	81	89	94	91	91	88	81	79	87	92	84	76	90	89	84	77	84	93	81	85	94	83	91	81	81	93	86	92	88	82	87	93	84	78	90	85	79	82	84	77	86	86	85	94	84	93	89	83	94	87	79	76	83	76	90	79	77	79	79	76	82	88	78	85	93	87	84	91	87	89	84	86	94	77	76	78	79	93	82	76	76	77	79	76	82	83	91	90	85	91	86	84	88	84	93	84	76	85	77	80	85	78	76	87	87	89	91	76	88	83	94	94	88	92	76	85	91	88	84	83	92	84	88	80	93	83	86	91	84	90	87	91	82	94	81	85	91	89	83	83	89	85	76	76	87	83	88	81	83	88	93	86	79	76	94	78	87	79	89	76	91	93	77	94	89	77	78	85	80	94	84	83	79	93	76	90	83	77	76	76	89	82	88	80	76	78	92	79	78	89	89	86	84	83	78	87	83	82	77	77	83	87	90	90	82	83	79	92	80	94	77	91	76	79	90	87	82	90	94	84	81	76	81	80	76	85	83	79	89	88	83	87	87	77	83	91	88	83	87	77	81	80	81	94	78	79	83	88	88	81	85	88	94	77	78	86	89	87	79	91	77	79	76	76	89	76	77	88	93	76	91	78	87	90	94	93	92	82	77	90	88	77	86	78	82	91	92	81	93	91	87	83	78	80	90	87	83	83	91	90	79	77	91	82	81	86	85	85	87	83	76	78	77	80	91	83	85	80	82	90	94	94	83	91	93	80	91	84	76	91	93	93	86	81	85	84	81	94	80	92	78	81	94	87	80	77	80	89	94	89	87	91	89	84	91	85	82	87	84	79	79	83	94	81	86	83	88	93	83	93	86	77	85	89	80	82	89	77	77	89	83	80	85	80	85	78	76	81	87	86	79	84	89	82	86	89	89	91	91	85	87	90	82	87	83	77	82	93	90	79	94	93	94	93	76	84	86	89	83	94	78	76	88	85	79	91	79	93	83	91	92	78	94	78	94	81	89	87	91	89	92	78	92	82	89	90	88	88	77	88	76	83	80	77	84	92	90	86	84	83	88	93	83	93	85	88	86	85	89	81	79	82	79	89	78	90	93	80	93	91	90	80	76	81	93	86	87	80	82	87	88	88	90	77	86	84	90	88	86	94	78	86	77	83	92	80	83	85	92	90	76	93	89	80	92	89	93	91	85	82	91	89	81	94	85	84	93	80	84	76	84	90	85	86	82	88	86	84	77	85	77	87	81	84	83	84	94	90	86	84	93	85	91	85	76	78	79	80	92	85	84	77	94	92	80	82	84	88	90	87	89	85	79	81	84	89	86	92	90	90	88	83	86	81	76	86	88	84	76	79	86	93	89	77	78	79	91	79	93	79	78	85	81	82	76	84	81	92	84	87	80	81	79	82	83	76	91	93	77	85	93	92	77	83	91	77	93	90	89	77	76	86	84	80	89	90	79	80	81	77	91	79	78	
30.8	20.9	24.2	17.6	19.8	13.2	33	11	23.1	15.4	23.1	22	29.7	28.6	31.9	31.9	23.1	18.7	31.9	16.5	20.9	28.6	16.5	27.5	17.6	13.2	25.3	24.2	16.5	26.4	28.6	33	17.6	22	17.6	27.5	19.8	23.1	24.2	14.3	11	29.7	11	33	26.4	15.4	24.2	13.2	20.9	25.3	20.9	23.1	24.2	23.1	18.7	31.9	29.7	29.7	27.5	29.7	18.7	18.7	26.4	28.6	30.8	19.8	33	27.5	28.6	13.2	31.9	31.9	16.5	11	24.2	19.8	16.5	33	26.4	22	31.9	15.4	31.9	20.9	27.5	31.9	13.2	18.7	15.4	14.3	22	13.2	24.2	30.8	31.9	19.8	26.4	31.9	28.6	25.3	20.9	24.2	18.7	25.3	18.7	28.6	15.4	23.1	12.1	19.8	22	26.4	13.2	24.2	27.5	33	18.7	12.1	11	14.3	16.5	25.3	23.1	27.5	14.3	14.3	18.7	18.7	27.5	33	12.1	12.1	15.4	19.8	17.6	29.7	13.2	30.8	15.4	28.6	12.1	25.3	16.5	20.9	30.8	28.6	16.5	27.5	28.6	27.5	27.5	18.7	15.4	31.9	23.1	13.2	18.7	15.4	26.4	22	31.9	11	25.3	31.9	33	26.4	20.9	19.8	24.2	22	26.4	19.8	19.8	17.6	23.1	19.8	24.2	22	26.4	25.3	15.4	31.9	27.5	24.2	30.8	25.3	23.1	11	30.8	33	23.1	12.1	12.1	18.7	33	12.1	11	28.6	25.3	30.8	14.3	28.6	26.4	30.8	11	18.7	19.8	26.4	11	14.3	13.2	16.5	30.8	31.9	24.2	22	18.7	28.6	27.5	19.8	17.6	18.7	31.9	26.4	26.4	24.2	22	20.9	12.1	26.4	16.5	11	24.2	13.2	24.2	31.9	17.6	28.6	26.4	29.7	13.2	17.6	16.5	24.2	29.7	28.6	13.2	33	28.6	29.7	26.4	23.1	15.4	29.7	28.6	20.9	28.6	14.3	20.9	31.9	13.2	20.9	12.1	31.9	16.5	12.1	22	19.8	25.3	23.1	31.9	19.8	24.2	28.6	13.2	29.7	25.3	11	13.2	22	28.6	30.8	12.1	33	26.4	33	15.4	29.7	29.7	23.1	15.4	14.3	13.2	27.5	28.6	25.3	17.6	19.8	15.4	11	24.2	14.3	14.3	30.8	17.6	23.1	14.3	30.8	11	18.7	18.7	18.7	15.4	16.5	11	12.1	12.1	25.3	18.7	22	18.7	20.9	22	13.2	14.3	23.1	30.8	11	13.2	15.4	25.3	25.3	20.9	14.3	26.4	26.4	23.1	16.5	22	24.2	19.8	28.6	28.6	24.2	22	22	11	14.3	23.1	14.3	25.3	25.3	20.9	28.6	23.1	26.4	33	11	24.2	30.8	25.3	13.2	20.9	19.8	29.7	14.3	24.2	27.5	31.9	33	24.2	20.9	15.4	13.2	22	20.9	33	16.5	27.5	11	11	13.2	33	13.2	20.9	23.1	31.9	16.5	14.3	13.2	12.1	14.3	28.6	15.4	27.5	26.4	16.5	11	17.6	23.1	14.3	13.2	16.5	26.4	18.7	20.9	22	26.4	23.1	22	12.1	23.1	14.3	20.9	22	30.8	19.8	22	25.3	22	13.2	12.1	14.3	17.6	33	28.6	28.6	29.7	25.3	20.9	12.1	19.8	19.8	26.4	16.5	15.4	20.9	29.7	22	19.8	16.5	13.2	20.9	30.8	31.9	31.9	33	13.2	14.3	27.5	29.7	17.6	31.9	16.5	18.7	33	16.5	11	24.2	13.2	19.8	14.3	33	14.3	31.9	22	14.3	33	20.9	24.2	31.9	17.6	22	27.5	17.6	18.7	26.4	30.8	15.4	33	11	15.4	15.4	24.2	23.1	15.4	23.1	24.2	11	17.6	27.5	19.8	29.7	24.2	31.9	30.8	19.8	12.1	33	11	31.9	23.1	29.7	15.4	19.8	22	29.7	30.8	28.6	18.7	12.1	16.5	30.8	25.3	28.6	31.9	26.4	14.3	17.6	15.4	27.5	30.8	15.4	24.2	19.8	24.2	24.2	30.8	19.8	24.2	13.2	27.5	26.4	27.5	25.3	17.6	33	25.3	30.8	15.4	30.8	28.6	24.2	24.2	18.7	24.2	26.4	25.3	14.3	28.6	30.8	22	16.5	19.8	22	31.9	19.8	15.4	18.7	16.5	16.5	14.3	17.6	11	22	13.2	20.9	31.9	22	31.9	19.8	25.3	31.9	27.5	28.6	20.9	15.4	17.6	17.6	15.4	19.8	13.2	14.3	20.9	30.8	33	29.7	20.9	26.4	28.6	14.3	31.9	12.1	29.7	33	18.7	20.9	14.3	28.6	28.6	29.7	20.9	22	13.2	25.3	23.1	26.4	26.4	11	11	28.6	27.5	31.9	20.9	33	24.2	33	33	22	18.7	23.1	25.3	14.3	28.6	18.7	15.4	23.1	31.9	33	25.3	26.4	28.6	13.2	25.3	18.7	23.1	16.5	11	12.1	20.9	29.7	15.4	22	19.8	24.2	13.2	14.3	31.9	30.8	27.5	23.1	24.2	13.2	24.2	27.5	28.6	16.5	28.6	23.1	13.2	16.5	33	19.8	14.3	20.9	22	23.1	19.8	22	14.3	31.9	17.6	13.2	15.4	24.2	28.6	14.3	31.9	22	14.3	18.7	27.5	33	13.2	29.7	16.5	22	31.9	15.4	13.2	30.8	12.1	26.4	25.3	12.1	17.6	31.9	18.7	23.1	13.2	12.1	27.5	13.2	13.2	28.6	31.9	16.5	18.7	24.2	31.9	16.5	27.5	13.2	15.4	30.8	12.1	26.4	26.4	12.1	27.5	33	27.5	33	31.9	15.4	28.6	19.8	13.2	16.5	23.1	20.9	20.9	23.1	27.5	25.3	11	31.9	17.6	25.3	28.6	15.4	33	25.3	30.8	30.8	19.8	26.4	29.7	22	24.2	11	33	15.4	31.9	31.9	16.5	17.6	12.1	24.2	16.5	27.5	18.7	19.8	22	20.9	19.8	11	23.1	18.7	22	26.4	17.6	18.7	23.1	25.3	22	20.9	16.5	12.1	31.9	30.8	14.3	22	13.2	14.3	30.8	29.7	18.7	29.7	15.4	22	17.6	18.7	22	11	27.5	15.4	15.4	14.3	11	33	23.1	30.8	13.2	26.4	25.3	30.8	30.8	26.4	16.5	19.8	18.7	27.5	13.2	33	20.9	29.7	30.8	31.9	15.4	33	12.1	14.3	30.8	18.7	23.1	22	29.7	15.4	11	18.7	20.9	16.5	18.7	17.6	27.5	20.9	29.7	27.5	29.7	11	13.2	15.4	14.3	19.8	17.6	12.1	31.9	19.8	26.4	28.6	28.6	25.3	22	28.6	25.3	29.7	31.9	29.7	16.5	24.2	13.2	26.4	11	18.7	19.8	22	20.9	16.5	23.1	18.7	31.9	16.5	16.5	33	28.6	24.2	27.5	28.6	14.3	18.7	15.4	26.4	25.3	25.3	29.7	26.4	27.5	29.7	24.2	17.6	31.9	13.2	25.3	27.5	24.2	26.4	28.6	20.9	18.7	22	26.4	14.3	33	14.3	18.7	27.5	15.4	33	18.7	19.8	13.2	17.6	26.4	24.2	23.1	24.2	19.8	33	29.7	13.2	22	16.5	16.5	27.5	31.9	18.7	19.8	33	12.1	30.8	11	14.3	27.5	27.5	17.6	33	11	24.2	20.9	25.3	13.2	11	20.9	27.5	29.7	26.4	25.3	19.8	25.3	20.9	30.8	20.9	17.6	20.9	19.8	23.1	19.8	18.7	23.1	22	24.2	11	17.6	15.4	33	25.3	17.6	24.2	22	15.4	19.8	18.7	13.2	33	24.2	13.2	29.7	14.3	27.5	27.5	12.1	12.1	29.7	15.4	23.1	15.4	33	27.5	27.5	25.3	19.8	30.8	18.7	26.4	17.6	28.6	12.1	18.7	25.3	
23.1	16.5	26.4	18.7	30.8	33	26.4	13.2	30.8	25.3	23.1	18.7	26.4	29.7	28.6	13.2	13.2	28.6	24.2	27.5	31.9	30.8	11	26.4	24.2	30.8	17.6	12.1	17.6	31.9	12.1	11	23.1	18.7	28.6	19.8	33	33	23.1	30.8	14.3	31.9	25.3	18.7	24.2	17.6	19.8	33	17.6	22	31.9	22	26.4	25.3	28.6	12.1	13.2	13.2	13.2	24.2	12.1	24.2	20.9	27.5	22	29.7	12.1	20.9	29.7	19.8	25.3	17.6	22	22	26.4	33	25.3	27.5	27.5	26.4	20.9	27.5	23.1	16.5	20.9	28.6	25.3	17.6	12.1	18.7	33	28.6	26.4	11	15.4	20.9	15.4	19.8	20.9	12.1	31.9	18.7	18.7	15.4	11	15.4	20.9	23.1	12.1	13.2	18.7	20.9	33	31.9	33	11	22	16.5	20.9	14.3	12.1	31.9	15.4	18.7	27.5	11	15.4	25.3	11	17.6	11	18.7	33	29.7	16.5	23.1	24.2	14.3	31.9	15.4	19.8	28.6	31.9	30.8	25.3	17.6	24.2	20.9	30.8	20.9	11	30.8	11	29.7	11	18.7	13.2	16.5	14.3	11	25.3	19.8	30.8	23.1	12.1	15.4	29.7	27.5	22	20.9	24.2	26.4	11	17.6	18.7	14.3	16.5	30.8	31.9	29.7	33	30.8	20.9	16.5	29.7	30.8	24.2	18.7	15.4	23.1	13.2	16.5	23.1	27.5	33	24.2	13.2	26.4	30.8	16.5	33	16.5	26.4	31.9	11	16.5	18.7	24.2	15.4	30.8	19.8	23.1	26.4	23.1	20.9	17.6	20.9	18.7	18.7	15.4	11	13.2	26.4	18.7	18.7	27.5	27.5	27.5	17.6	14.3	26.4	12.1	31.9	18.7	31.9	23.1	29.7	20.9	33	24.2	22	30.8	33	16.5	23.1	13.2	19.8	25.3	26.4	12.1	31.9	29.7	23.1	22	31.9	24.2	25.3	19.8	24.2	24.2	18.7	23.1	22	13.2	26.4	23.1	20.9	17.6	33	17.6	20.9	16.5	17.6	19.8	23.1	22	11	29.7	13.2	18.7	28.6	17.6	20.9	28.6	24.2	29.7	16.5	28.6	18.7	22	12.1	12.1	11	13.2	17.6	17.6	20.9	28.6	29.7	33	24.2	30.8	20.9	31.9	29.7	11	29.7	24.2	14.3	25.3	18.7	14.3	33	31.9	11	24.2	14.3	14.3	24.2	24.2	18.7	15.4	24.2	18.7	15.4	12.1	29.7	33	30.8	24.2	27.5	13.2	13.2	30.8	12.1	28.6	27.5	19.8	23.1	24.2	22	30.8	25.3	25.3	17.6	18.7	33	25.3	13.2	27.5	19.8	18.7	16.5	25.3	22	30.8	16.5	22	14.3	13.2	15.4	14.3	17.6	17.6	20.9	18.7	18.7	28.6	23.1	20.9	25.3	15.4	14.3	24.2	12.1	17.6	19.8	18.7	24.2	20.9	15.4	29.7	17.6	22	24.2	31.9	29.7	25.3	20.9	28.6	24.2	26.4	13.2	11	27.5	15.4	26.4	29.7	13.2	31.9	33	22	25.3	27.5	18.7	17.6	30.8	12.1	17.6	20.9	27.5	31.9	13.2	18.7	27.5	19.8	29.7	25.3	16.5	16.5	26.4	23.1	29.7	14.3	18.7	31.9	31.9	23.1	12.1	29.7	18.7	29.7	27.5	12.1	23.1	14.3	20.9	23.1	30.8	11	18.7	13.2	15.4	16.5	29.7	23.1	30.8	25.3	15.4	13.2	15.4	14.3	33	29.7	12.1	22	23.1	24.2	27.5	19.8	13.2	17.6	22	16.5	18.7	23.1	25.3	28.6	19.8	14.3	18.7	13.2	22	19.8	19.8	29.7	12.1	19.8	25.3	33	17.6	27.5	29.7	16.5	18.7	30.8	17.6	33	28.6	31.9	26.4	16.5	13.2	16.5	25.3	27.5	12.1	19.8	23.1	28.6	27.5	33	25.3	22	29.7	12.1	20.9	24.2	19.8	25.3	20.9	18.7	23.1	11	22	14.3	20.9	16.5	18.7	18.7	28.6	31.9	12.1	24.2	31.9	17.6	19.8	27.5	23.1	28.6	12.1	17.6	33	25.3	13.2	23.1	26.4	31.9	25.3	27.5	28.6	23.1	25.3	27.5	20.9	14.3	30.8	27.5	25.3	30.8	18.7	33	11	11	25.3	27.5	14.3	30.8	20.9	30.8	24.2	14.3	24.2	14.3	26.4	25.3	30.8	15.4	31.9	11	30.8	27.5	23.1	13.2	31.9	27.5	26.4	14.3	11	22	30.8	31.9	30.8	16.5	33	22	31.9	33	23.1	30.8	12.1	29.7	15.4	18.7	28.6	13.2	30.8	23.1	27.5	20.9	28.6	22	15.4	24.2	29.7	28.6	28.6	30.8	20.9	31.9	29.7	30.8	20.9	13.2	30.8	27.5	24.2	28.6	29.7	13.2	17.6	28.6	31.9	30.8	14.3	17.6	16.5	12.1	30.8	24.2	17.6	24.2	13.2	30.8	25.3	23.1	30.8	11	15.4	19.8	15.4	26.4	30.8	24.2	20.9	18.7	16.5	26.4	14.3	12.1	30.8	19.8	25.3	28.6	33	20.9	11	14.3	16.5	31.9	27.5	24.2	29.7	16.5	16.5	25.3	31.9	31.9	14.3	28.6	25.3	22	19.8	16.5	18.7	26.4	19.8	18.7	22	22	22	29.7	30.8	23.1	18.7	19.8	22	19.8	19.8	26.4	17.6	13.2	12.1	11	22	26.4	16.5	25.3	17.6	27.5	25.3	22	17.6	19.8	27.5	22	29.7	24.2	29.7	26.4	25.3	14.3	28.6	26.4	17.6	27.5	12.1	31.9	19.8	15.4	14.3	13.2	24.2	33	26.4	25.3	31.9	24.2	14.3	17.6	11	27.5	24.2	25.3	11	11	33	28.6	12.1	30.8	28.6	16.5	17.6	30.8	26.4	20.9	27.5	24.2	26.4	30.8	19.8	14.3	17.6	31.9	17.6	16.5	22	30.8	18.7	11	16.5	12.1	22	27.5	33	27.5	27.5	16.5	26.4	23.1	29.7	30.8	24.2	25.3	23.1	23.1	13.2	19.8	26.4	25.3	19.8	33	11	27.5	23.1	13.2	12.1	33	30.8	11	28.6	33	19.8	16.5	17.6	14.3	28.6	20.9	11	15.4	26.4	18.7	24.2	31.9	20.9	18.7	26.4	26.4	28.6	17.6	33	18.7	15.4	14.3	18.7	16.5	24.2	16.5	12.1	27.5	24.2	22	14.3	30.8	27.5	17.6	13.2	24.2	20.9	15.4	11	27.5	20.9	18.7	22	14.3	27.5	18.7	29.7	31.9	22	15.4	13.2	25.3	26.4	23.1	24.2	19.8	26.4	26.4	19.8	19.8	20.9	22	16.5	16.5	25.3	14.3	12.1	13.2	14.3	31.9	19.8	22	27.5	29.7	11	16.5	31.9	17.6	26.4	23.1	33	33	16.5	16.5	31.9	17.6	13.2	22	14.3	25.3	22	15.4	25.3	27.5	11	24.2	14.3	33	22	12.1	33	15.4	30.8	26.4	33	23.1	31.9	28.6	29.7	26.4	18.7	16.5	11	31.9	24.2	18.7	31.9	11	27.5	24.2	29.7	12.1	22	23.1	18.7	16.5	23.1	20.9	27.5	29.7	13.2	26.4	28.6	26.4	25.3	30.8	29.7	24.2	18.7	20.9	11	25.3	23.1	20.9	25.3	25.3	17.6	24.2	18.7	33	28.6	11	28.6	31.9	33	14.3	12.1	33	24.2	19.8	24.2	23.1	13.2	17.6	29.7	26.4	28.6	11	27.5	25.3	17.6	13.2	22	14.3	14.3	19.8	12.1	16.5	20.9	28.6	26.4	33	17.6	19.8	30.8	14.3	16.5	11	18.7	26.4	23.1	31.9	31.9	15.4	33	17.6	25.3	13.2	33	14.3	31.9	11	23.1	16.5	29.7	29.7	15.4	13.2	
27.5	13.2	29.7	30.8	28.6	18.7	11	12.1	28.6	20.9	14.3	24.2	31.9	15.4	18.7	
20	20	15	18	16	10	10	18	15	11	10	18	10	10	14	13	17	13	16	18	17	15	11	11	14	10	19	13	16	13	12	14	17	16	14	15	20	10	10	20	19	18	20	18	18	17	17	16	17	18	16	18	14	15	10	11	19	12	10	17	18	19	15	14	11	14	10	14	12	18	14	19	10	19	11	17	20	19	12	16	16	11	18	11	13	10	11	12	11	16	17	20	12	16	16	14	13	14	16	11	10	20	12	19	11	13	12	10	10	17	16	14	12	19	13	10	17	10	14	13	19	11	18	10	18	20	12	16	12	11	19	19	11	13	13	20	15	12	14	17	20	12	10	16	10	13	11	14	18	16	19	16	12	20	10	12	19	16	18	15	19	13	20	17	10	15	15	15	13	18	13	12	16	19	11	11	20	16	13	14	17	13	19	18	18	11	17	12	15	19	19	18	14	10	12	18	20	11	15	16	17	13	16	10	14	13	13	15	16	20	19	17	13	13	16	14	12	15	20	10	17	13	18	18	10	15	11	10	14	10	15	12	11	16	20	12	19	13	20	11	18	17	17	13	16	11	20	11	11	16	16	17	20	17	10	15	15	11	20	11	12	13	10	20	12	10	10	15	11	10	16	12	16	10	16	12	11	14	14	10	16	16	19	18	19	15	18	20	19	14	19	13	19	18	17	20	16	12	18	14	18	16	20	13	20	14	16	17	10	12	13	15	20	14	18	11	10	13	12	16	15	15	18	18	13	19	15	20	15	16	17	14	19	16	15	17	12	14	10	18	16	14	13	13	10	15	11	17	11	18	17	16	11	13	20	16	12	13	17	18	11	16	16	13	13	11	13	18	17	14	17	16	20	10	12	14	12	17	18	12	19	11	12	16	14	14	15	11	13	15	16	17	18	11	13	10	18	13	10	14	11	19	14	18	14	12	14	17	17	18	19	10	16	10	17	18	11	17	16	18	19	10	20	19	12	15	15	15	15	13	20	16	16	16	19	14	13	10	10	14	16	16	17	16	19	20	17	13	10	20	18	15	19	13	17	20	11	18	14	14	10	15	12	10	16	11	12	15	12	14	10	17	10	19	13	12	17	19	14	20	14	11	13	19	14	17	12	17	18	20	10	13	12	18	19	19	14	15	16	11	15	13	15	15	10	20	15	18	13	16	15	13	14	12	18	16	17	11	17	13	18	15	11	18	10	17	11	20	15	19	12	11	16	20	11	10	20	10	14	18	15	14	18	13	18	19	19	14	20	17	14	14	18	14	18	18	11	11	18	15	17	19	18	19	18	18	16	14	12	17	15	19	14	10	15	12	15	10	20	12	12	17	12	14	19	17	13	20	14	16	12	13	13	13	13	20	20	14	14	16	18	11	19	14	14	18	18	16	19	12	12	17	11	10	13	18	10	20	19	13	16	14	18	19	14	19	18	17	12	10	11	16	17	14	18	18	11	17	15	14	12	17	20	19	14	13	18	14	14	20	12	13	18	17	13	14	12	13	18	20	14	15	14	12	16	10	10	16	11	15	11	14	10	13	20	10	19	11	11	17	19	13	14	14	16	19	17	18	15	14	13	11	14	11	15	15	14	18	15	11	19	16	14	18	19	20	18	19	12	16	11	15	13	16	13	13	14	18	18	15	20	13	19	20	20	14	11	10	16	17	12	17	17	17	17	20	13	18	12	13	19	16	14	12	11	14	10	16	17	18	15	20	13	20	11	17	13	15	19	17	17	12	13	19	15	19	14	19	15	18	13	20	18	18	10	19	13	18	11	20	16	16	12	11	18	15	19	10	17	15	18	16	19	19	18	16	13	10	11	13	20	14	18	15	18	14	18	10	13	14	16	12	10	16	15	16	12	19	16	19	11	17	14	19	14	18	13	12	13	20	10	14	18	14	15	16	16	16	15	17	11	15	17	18	18	13	10	11	10	10	16	14	18	13	10	12	17	20	10	13	20	11	19	12	16	18	15	14	14	10	19	13	18	12	12	15	18	18	18	10	11	11	12	11	12	13	19	20	16	12	18	13	16	10	10	11	19	11	11	20	19	15	17	18	13	18	15	12	14	17	12	12	10	12	11	19	13	14	18	16	15	12	16	20	11	17	13	19	19	10	13	18	12	12	10	15	11	16	19	16	14	20	20	18	14	15	12	14	18	14	17	10	15	10	14	20	10	16	10	16	16	16	15	17	19	11	13	15	10	16	17	18	16	14	16	13	19	13	17	10	18	15	12	20	19	14	10	16	14	10	10	18	13	13	13	14	12	12	18	12	
1	1	1	1	1	1	1	1	1	1	1	1	1	1	1	1	1	1	1	1	1	1	1	1	1	1	1	1	1	1	1	1	1	1	1	1	1	1	1	1	1	1	1	1	1	1	1	1	1	1	1	1	1	1	1	1	1	1	1	1	2	2	2	2	2	2	2	2	2	2	2	2	2	2	2	2	2	2	2	2	2	2	2	2	2	2	2	2	2	2	2	2	2	2	2	2	2	2	2	2	2	2	2	2	2	2	2	2	2	2	2	2	2	2	2	2	2	2	2	2	2	2	2	2	2	2	2	2	2	2	2	2	3	3	3	3	3	3	3	3	3	3	3	3	3	3	3	3	3	3	3	3	3	3	3	3	3	3	3	3	3	3	3	3	3	3	3	3	3	3	3	3	3	3	3	3	3	3	3	3	3	3	3	3	3	3	3	3	3	3	3	3	3	3	3	3	3	3	3	3	3	3	3	3	3	3	4	4	4	4	4	4	4	4	4	4	4	4	4	4	4	4	4	4	4	4	4	4	4	4	4	4	4	4	4	4	4	4	4	4	4	4	4	4	4	4	4	4	4	4	4	4	4	4	4	4	4	4	4	4	4	4	4	4	4	4	4	4	4	4	4	5	5	5	5	5	5	5	5	5	5	5	5	5	5	5	5	5	5	5	5	5	5	5	5	5	5	5	5	5	5	5	5	5	5	5	5	5	5	5	5	5	5	5	5	5	5	5	5	5	5	5	5	5	6	6	6	6	6	6	6	6	6	6	6	6	6	6	6	6	6	6	6	6	6	6	6	6	6	6	6	6	6	6	6	6	6	6	6	6	6	6	6	6	6	6	6	6	6	6	6	6	6	6	6	6	6	6	6	6	6	6	6	6	6	6	6	6	6	6	6	6	6	6	7	7	7	7	7	7	7	7	7	7	7	7	7	7	7	7	7	7	7	7	7	7	7	7	7	7	7	7	7	7	7	7	7	7	7	7	7	7	7	7	7	7	7	7	7	7	7	7	7	7	7	7	7	7	8	8	8	8	8	8	8	8	8	8	8	8	8	8	8	8	8	8	8	8	8	8	8	8	8	8	8	8	8	8	8	8	8	8	8	8	8	8	8	8	8	8	8	8	8	8	8	8	8	8	8	8	8	8	8	8	8	8	8	8	8	8	8	8	8	8	8	8	8	8	8	9	9	9	9	9	9	9	9	9	9	9	9	9	9	9	9	9	9	9	9	9	9	9	9	9	9	9	9	9	9	9	9	9	9	9	9	9	9	9	9	9	9	9	9	9	9	9	9	9	9	9	9	9	9	9	9	9	9	9	9	9	9	9	9	9	9	9	9	10	10	10	10	10	10	10	10	10	10	10	10	10	10	10	10	10	10	10	10	10	10	10	10	10	10	10	10	10	10	10	10	10	10	10	10	10	10	10	10	10	10	10	10	10	10	10	10	10	10	10	10	10	10	10	10	10	10	10	10	10	10	10	10	10	10	10	10	10	10	10	10	10	10	10	11	11	11	11	11	11	11	11	11	11	11	11	11	11	11	11	11	11	11	11	11	11	11	11	11	11	11	11	11	11	11	11	11	11	11	11	11	11	11	11	11	11	11	11	11	11	11	11	11	11	11	11	11	11	11	11	11	11	11	11	12	12	12	12	12	12	12	12	12	12	12	12	12	12	12	12	12	12	12	12	12	12	12	12	12	12	12	12	12	12	12	12	12	12	12	12	12	12	12	12	12	12	12	12	12	12	12	12	12	12	12	12	12	12	12	12	12	12	12	12	12	12	12	12	12	12	12	12	12	12	12	13	13	13	13	13	13	13	13	13	13	13	13	13	13	13	13	13	13	13	13	13	13	13	13	13	13	13	13	13	13	13	13	13	13	13	13	13	13	13	13	13	13	13	13	13	13	13	13	13	13	13	13	13	13	13	13	13	13	13	13	13	13	13	13	13	13	13	13	13	13	13	13	13	13	13	13	13	13	14	14	14	14	14	14	14	14	14	14	14	14	14	14	14	14	14	14	14	14	14	14	14	14	14	14	14	14	14	14	14	14	14	14	14	14	14	14	14	14	14	14	14	14	14	14	14	14	14	14	14	14	14	14	14	14	14	14	14	14	14	14	14	15	15	15	15	15	15	15	15	15	15	15	15	15	15	15	15	15	15	15	15	15	15	15	15	15	15	15	15	15	15	15	15	15	15	15	15	15	15	15	15	15	15	15	15	15	15	15	15	15	15	15	15	15	15	15	15	15	15	15	15	15	15	15	15	15	15	
