1000
30	10
543	25.3
30	31	29	30	26	30	30	31	31	27	30	30	26	29	27	28	28	26	28	30	30	28	29	31	31	27	31	26	27	30	27	27	31	27	29	29	31	29	29	26	31	27	28	31	27	31	26	26	31	27	29	31	29	27	29	31	28	30	27	26	31	31	31	30	31	31	27	29	28	30	26	31	28	30	31	30	30	26	27	30	30	27	31	28	27	31	28	29	29	27	31	30	28	30	30	26	29	30	28	28	29	26	30	28	28	29	27	26	29	30	30	29	29	31	26	27	28	29	30	30	27	30	31	28	29	30	28	26	30	30	28	31	28	29	29	27	28	28	29	30	29	29	31	31	28	28	30	30	31	26	27	30	29	30	28	31	26	29	27	30	28	26	29	31	26	29	29	29	30	27	29	29	30	26	28	27	28	31	26	31	29	27	28	28	31	31	28	30	29	26	30	26	31	30	27	31	30	27	31	31	26	27	27	28	27	31	29	26	28	26	31	31	27	30	26	26	30	26	31	29	27	30	26	29	28	31	29	29	31	29	28	28	29	28	30	29	29	31	29	31	26	29	30	27	27	29	29	29	26	28	30	26	26	28	28	30	28	31	27	26	31	27	28	26	27	27	31	30	28	30	26	29	30	29	31	31	26	29	28	29	27	29	29	27	27	27	30	26	31	30	30	27	31	26	28	27	28	29	28	30	27	26	29	26	28	29	29	27	26	30	31	28	27	26	26	28	31	30	26	28	30	26	26	31	30	27	28	27	31	30	28	28	26	28	31	29	29	29	30	29	31	30	30	30	27	28	26	30	31	26	27	26	30	31	31	30	26	31	29	30	26	28	26	26	26	28	26	29	29	30	31	30	27	31	28	27	27	30	26	30	31	31	28	27	31	28	27	29	31	28	27	26	31	30	31	26	29	31	29	26	29	30	30	29	31	26	26	29	30	26	26	31	31	30	31	26	29	26	26	29	29	26	28	27	30	26	30	29	30	31	29	30	26	29	28	31	31	29	30	29	31	31	28	31	28	29	27	31	30	29	26	27	31	31	27	26	28	26	30	26	30	28	29	31	26	29	31	31	31	29	26	26	30	28	27	28	28	28	28	27	29	26	26	26	29	26	30	31	30	26	30	28	31	31	28	28	27	30	28	29	27	26	30	27	28	30	26	31	28	30	31	31	26	31	29	30	29	28	27	31	31	30	26	30	28	27	27	29	27	28	30	28	29	27	28	31	30	30	31	29	29	30	26	27	31	27	31	31	31	30	31	28	30	29	29	26	26	30	26	29	28	28	28	31	31	29	30	31	28	28	26	28	28	28	29	28	30	26	28	28	29	31	26	30	29	28	31	26	31	29	29	30	30	30	31	26	26	26	31	31	30	31	28	28	28	31	26	26	30	31	27	27	30	28	28	28	28	29	26	31	31	27	30	28	28	28	28	28	28	26	29	29	30	28	29	31	31	31	31	31	27	29	26	31	29	29	31	27	30	26	31	28	27	26	28	29	28	31	27	27	29	30	26	27	31	26	29	27	30	27	28	27	29	28	29	30	27	31	31	28	31	28	28	28	28	28	29	29	28	26	28	31	30	27	29	29	30	26	28	27	27	31	28	30	28	31	29	28	29	26	26	28	28	27	31	27	30	26	29	26	31	31	31	28	29	29	27	30	30	29	31	31	30	30	26	30	30	28	30	30	27	29	31	28	27	26	28	26	30	27	30	31	29	31	30	28	26	29	30	29	28	26	30	30	30	29	30	30	30	31	28	26	31	30	30	28	28	29	29	28	31	28	31	29	30	30	31	29	29	30	31	29	27	30	28	31	29	27	27	30	31	30	31	26	28	29	29	29	28	28	28	29	27	27	31	30	29	29	29	30	26	28	28	31	31	28	29	26	29	29	28	26	28	31	26	28	28	29	28	29	26	30	29	27	30	29	29	31	29	26	31	28	30	26	28	31	29	31	30	26	30	27	31	31	30	30	31	30	26	31	26	30	31	31	29	26	26	26	31	27	28	27	26	26	27	31	29	28	27	29	31	29	26	29	26	28	31	31	29	26	30	26	27	30	27	27	31	31	26	31	26	27	27	29	30	27	31	30	26	29	31	26	27	30	31	29	26	30	30	26	30	27	31	30	28	30	31	27	29	30	30	29	28	26	31	26	29	28	28	31	29	28	31	28	27	26	28	28	29	27	29	27	26	30	26	28	27	28	26	29	27	28	30	31	28	27	29	31	26	31	27	26	29	30	29	29	27	26	31	26	26	26	26	26	31	28	31	30	30	28	
76	82	92	88	88	76	89	85	88	78	93	87	78	90	76	88	78	78	89	76	87	86	87	94	76	82	80	92	84	82	81	86	77	85	79	87	76	90	83	87	87	82	82	78	78	77	92	93	93	93	90	76	92	94	89	84	84	92	81	85	78	92	80	88	83	88	77	88	94	90	89	85	90	80	86	90	93	82	94	91	84	89	92	82	83	94	86	91	76	90	90	78	83	77	90	83	84	88	80	93	87	85	78	80	78	87	89	83	87	92	77	88	84	79	88	90	80	78	82	80	82	86	90	94	79	81	92	84	88	77	94	94	81	86	93	84	93	76	86	91	91	94	77	82	78	84	83	84	77	84	87	89	89	92	94	92	78	76	94	85	89	84	93	77	79	76	77	92	87	80	91	93	90	85	94	90	83	76	88	84	76	81	87	80	82	87	79	78	85	80	94	76	77	88	79	93	85	94	94	92	83	93	78	92	93	92	86	80	88	87	89	81	92	77	87	82	82	92	87	87	79	85	90	90	76	87	92	77	77	78	84	80	86	76	76	86	76	88	92	85	91	94	77	88	82	93	78	94	80	85	90	77	91	92	94	86	86	76	86	90	76	88	82	77	94	86	84	80	93	83	84	80	93	88	87	89	83	82	90	94	88	78	87	76	88	77	84	81	88	77	79	83	85	88	83	93	83	76	77	88	88	87	79	82	85	86	78	82	86	78	77	85	92	88	81	78	78	76	88	83	80	87	92	77	78	89	76	84	81	78	85	90	92	83	84	86	91	78	84	88	82	85	79	90	92	86	81	80	82	93	86	92	93	77	80	76	87	77	84	83	84	81	82	94	93	81	89	90	77	82	87	91	92	84	77	91	81	81	93	86	76	85	92	88	92	83	92	76	94	87	76	82	76	89	82	93	80	86	81	78	84	92	87	89	88	94	84	79	82	78	91	90	78	82	89	89	78	84	76	78	81	92	91	88	93	91	88	82	86	92	88	94	92	77	77	90	85	91	83	80	89	83	90	76	76	88	89	83	84	92	87	87	80	76	80	90	81	79	87	81	93	84	91	91	93	83	88	76	93	76	79	83	91	94	91	94	81	79	83	80	87	83	89	85	94	92	94	87	80	85	78	77	85	87	76	92	89	79	93	89	86	85	82	83	93	90	82	80	89	92	77	80	82	92	78	88	81	81	92	92	76	82	79	79	77	76	91	94	81	86	82	78	83	91	85	87	79	94	83	77	85	81	91	89	81	78	85	84	84	92	79	79	89	85	76	83	86	86	83	81	81	92	87	86	81	93	82	85	87	76	93	80	89	85	91	91	84	90	87	86	82	77	84	88	91	90	87	77	84	94	89	87	84	85	94	88	90	76	87	89	89	83	86	85	76	82	81	93	76	77	80	80	88	86	82	87	79	77	88	91	85	78	92	82	78	83	76	81	81	94	89	77	92	81	90	79	92	93	84	77	89	89	83	89	83	77	89	88	94	76	91	82	92	88	87	87	87	84	90	91	85	91	94	88	79	77	83	79	77	89	79	80	84	89	81	86	77	90	90	87	89	89	93	85	90	80	88	78	77	94	79	94	86	81	84	94	94	86	94	76	94	84	82	83	80	84	83	76	79	83	79	81	80	85	89	93	91	81	91	85	83	76	82	81	85	90	77	90	84	85	88	92	86	78	78	89	77	90	76	85	80	79	94	81	88	92	90	94	88	91	78	86	84	82	80	94	83	90	81	78	81	85	90	83	81	90	92	79	90	77	78	89	93	94	83	89	84	82	86	81	91	79	81	83	77	79	90	94	86	93	79	87	86	90	92	86	76	93	88	76	86	93	78	77	79	87	88	85	78	86	80	77	81	88	85	78	89	76	88	80	81	89	87	86	88	86	91	86	86	80	92	80	93	76	92	82	81	76	79	83	86	85	88	79	91	92	76	87	85	93	84	77	90	81	83	88	87	93	83	85	85	77	85	84	76	88	83	94	92	88	90	94	83	77	77	91	83	92	86	92	81	91	92	77	85	94	88	84	94	84	77	88	87	82	77	84	83	94	91	91	82	85	94	78	92	79	80	92	92	83	92	94	93	83	81	77	94	93	89	93	81	78	79	79	82	85	91	91	86	82	88	81	87	78	87	76	85	83	91	79	81	80	87	93	80	86	91	80	90	94	78	77	83	94	91	80	89	94	84	81	86	88	81	89	79	90	87	94	94	91	92	91	89	85	93	82	92	82	78	78	89	84	83	82	94	88	83	85	92	81	88	76	78	85	77	80	81	83	88	80	
33	25.3	19.8	24.2	23.1	22	12.1	11	25.3	17.6	12.1	11	23.1	19.8	25.3	28.6	16.5	17.6	24.2	12.1	19.8	30.8	18.7	12.1	15.4	26.4	17.6	13.2	16.5	33	33	11	17.6	20.9	28.6	28.6	20.9	24.2	16.5	30.8	13.2	12.1	28.6	31.9	28.6	19.8	17.6	28.6	17.6	16.5	19.8	17.6	15.4	11	14.3	25.3	26.4	29.7	28.6	27.5	20.9	17.6	25.3	28.6	30.8	18.7	30.8	14.3	20.9	24.2	30.8	11	12.1	25.3	14.3	18.7	23.1	29.7	13.2	16.5	20.9	24.2	20.9	33	13.2	24.2	13.2	31.9	15.4	24.2	29.7	19.8	25.3	31.9	20.9	30.8	17.6	18.7	31.9	20.9	31.9	30.8	11	15.4	33	20.9	27.5	16.5	14.3	14.3	24.2	13.2	11	26.4	15.4	12.1	24.2	12.1	29.7	16.5	20.9	25.3	26.4	26.4	22	11	19.8	17.6	29.7	28.6	15.4	12.1	27.5	28.6	23.1	15.4	26.4	13.2	16.5	29.7	33	19.8	15.4	23.1	13.2	31.9	31.9	28.6	17.6	20.9	33	25.3	28.6	13.2	28.6	27.5	12.1	26.4	22	29.7	27.5	29.7	22	24.2	14.3	25.3	26.4	33	29.7	26.4	29.7	28.6	15.4	19.8	28.6	26.4	12.1	16.5	12.1	15.4	20.9	16.5	28.6	30.8	16.5	14.3	22	11	28.6	12.1	23.1	27.5	27.5	24.2	24.2	28.6	16.5	16.5	25.3	28.6	18.7	24.2	13.2	25.3	15.4	18.7	18.7	20.9	18.7	11	22	26.4	31.9	19.8	18.7	28.6	33	28.6	12.1	19.8	20.9	15.4	23.1	29.7	29.7	19.8	18.7	19.8	31.9	16.5	23.1	28.6	13.2	11	17.6	31.9	13.2	19.8	11	25.3	18.7	25.3	31.9	15.4	31.9	12.1	19.8	31.9	25.3	24.2	17.6	26.4	29.7	19.8	17.6	17.6	12.1	12.1	33	17.6	12.1	20.9	29.7	17.6	19.8	13.2	16.5	30.8	19.8	12.1	31.9	13.2	12.1	30.8	29.7	24.2	30.8	26.4	16.5	33	31.9	30.8	11	20.9	27.5	27.5	24.2	11	30.8	18.7	11	11	23.1	13.2	33	23.1	17.6	19.8	27.5	22	30.8	26.4	27.5	13.2	16.5	14.3	28.6	28.6	19.8	30.8	30.8	19.8	28.6	16.5	30.8	30.8	22	12.1	27.5	28.6	28.6	31.9	13.2	24.2	29.7	27.5	24.2	16.5	23.1	13.2	19.8	26.4	15.4	28.6	29.7	15.4	13.2	19.8	15.4	18.7	17.6	29.7	31.9	26.4	24.2	12.1	23.1	14.3	19.8	11	29.7	13.2	14.3	33	20.9	16.5	24.2	28.6	20.9	12.1	28.6	33	19.8	18.7	20.9	16.5	30.8	22	22	29.7	14.3	23.1	31.9	14.3	22	17.6	26.4	23.1	33	23.1	26.4	15.4	18.7	14.3	23.1	20.9	25.3	12.1	33	11	11	28.6	15.4	12.1	16.5	29.7	29.7	12.1	33	19.8	22	31.9	15.4	16.5	24.2	19.8	11	20.9	15.4	23.1	18.7	20.9	26.4	31.9	13.2	26.4	16.5	16.5	33	16.5	30.8	17.6	18.7	30.8	33	17.6	12.1	22	17.6	29.7	18.7	17.6	22	24.2	19.8	23.1	17.6	11	22	14.3	27.5	18.7	14.3	25.3	17.6	19.8	17.6	31.9	30.8	17.6	26.4	30.8	14.3	25.3	13.2	27.5	27.5	25.3	19.8	28.6	11	19.8	31.9	12.1	17.6	15.4	13.2	31.9	17.6	20.9	20.9	30.8	25.3	25.3	33	24.2	25.3	28.6	13.2	28.6	23.1	27.5	11	22	31.9	31.9	19.8	30.8	12.1	12.1	11	12.1	24.2	11	13.2	20.9	20.9	11	22	16.5	30.8	28.6	29.7	33	13.2	15.4	28.6	20.9	13.2	28.6	18.7	27.5	33	18.7	30.8	18.7	27.5	11	26.4	14.3	29.7	29.7	18.7	33	33	19.8	26.4	15.4	28.6	31.9	25.3	17.6	23.1	13.2	15.4	27.5	28.6	33	12.1	13.2	33	24.2	20.9	26.4	23.1	25.3	26.4	13.2	27.5	31.9	23.1	12.1	12.1	28.6	23.1	19.8	20.9	22	33	17.6	20.9	18.7	30.8	12.1	12.1	14.3	22	33	15.4	25.3	18.7	28.6	15.4	18.7	19.8	23.1	25.3	29.7	16.5	11	25.3	26.4	27.5	17.6	20.9	12.1	27.5	23.1	29.7	19.8	24.2	29.7	25.3	27.5	13.2	12.1	31.9	14.3	29.7	16.5	28.6	22	14.3	11	13.2	23.1	14.3	20.9	31.9	18.7	18.7	27.5	27.5	25.3	33	26.4	22	25.3	22	24.2	31.9	24.2	20.9	16.5	17.6	13.2	18.7	30.8	27.5	24.2	29.7	11	19.8	20.9	12.1	20.9	17.6	13.2	12.1	12.1	17.6	16.5	31.9	29.7	17.6	12.1	33	18.7	29.7	26.4	25.3	25.3	13.2	17.6	31.9	12.1	22	19.8	12.1	17.6	17.6	27.5	12.1	13.2	19.8	28.6	11	20.9	16.5	29.7	33	22	25.3	14.3	28.6	33	14.3	28.6	12.1	17.6	18.7	12.1	23.1	13.2	11	23.1	31.9	13.2	17.6	29.7	22	16.5	15.4	15.4	15.4	20.9	22	26.4	26.4	33	18.7	13.2	14.3	11	11	25.3	33	24.2	14.3	33	15.4	15.4	33	14.3	25.3	31.9	19.8	16.5	16.5	20.9	22	19.8	30.8	13.2	27.5	30.8	31.9	15.4	26.4	11	22	13.2	18.7	15.4	30.8	12.1	28.6	25.3	27.5	29.7	29.7	26.4	30.8	18.7	27.5	19.8	14.3	23.1	13.2	16.5	22	33	19.8	18.7	12.1	30.8	14.3	15.4	33	33	28.6	33	26.4	28.6	22	11	15.4	31.9	17.6	22	29.7	11	15.4	19.8	24.2	13.2	18.7	11	23.1	12.1	28.6	25.3	30.8	29.7	33	19.8	22	31.9	30.8	16.5	30.8	16.5	24.2	22	19.8	23.1	22	18.7	23.1	33	11	18.7	20.9	25.3	29.7	16.5	30.8	30.8	14.3	27.5	26.4	19.8	19.8	25.3	12.1	23.1	31.9	27.5	12.1	18.7	28.6	24.2	14.3	33	13.2	13.2	14.3	27.5	22	14.3	16.5	12.1	26.4	15.4	23.1	17.6	31.9	33	31.9	16.5	15.4	31.9	22	15.4	23.1	24.2	29.7	14.3	27.5	26.4	25.3	33	11	20.9	24.2	28.6	24.2	13.2	12.1	33	27.5	31.9	17.6	16.5	18.7	28.6	15.4	24.2	26.4	28.6	31.9	12.1	24.2	33	11	27.5	18.7	24.2	16.5	16.5	13.2	23.1	14.3	29.7	22	31.9	29.7	33	26.4	31.9	24.2	25.3	23.1	13.2	12.1	14.3	13.2	17.6	27.5	20.9	13.2	20.9	25.3	19.8	29.7	25.3	26.4	14.3	19.8	20.9	19.8	24.2	20.9	12.1	17.6	18.7	27.5	23.1	29.7	33	17.6	26.4	12.1	25.3	20.9	31.9	19.8	18.7	20.9	29.7	14.3	11	14.3	15.4	33	14.3	24.2	27.5	13.2	25.3	13.2	23.1	19.8	24.2	30.8	26.4	12.1	20.9	18.7	14.3	18.7	23.1	28.6	12.1	30.8	33	18.7	20.9	15.4	22	18.7	15.4	24.2	14.3	31.9	24.2	17.6	28.6	15.4	31.9	13.2	27.5	14.3	28.6	13.2	17.6	31.9	18.7	27.5	13.2	15.4	11	18.7	29.7	22	11	19.8	11	22	25.3	23.1	28.6	24.2	30.8	25.3	20.9	28.6	14.3	22	11	
23.1	22	33	24.2	17.6	24.2	22	13.2	27.5	12.1	16.5	19.8	15.4	22	23.1	25.3	14.3	16.5	19.8	18.7	20.9	29.7	12.1	23.1	27.5	23.1	27.5	23.1	17.6	19.8	22	24.2	14.3	27.5	27.5	16.5	16.5	14.3	19.8	27.5	30.8	18.7	30.8	30.8	22	27.5	15.4	33	23.1	11	12.1	14.3	18.7	20.9	12.1	13.2	12.1	31.9	16.5	26.4	23.1	27.5	19.8	30.8	20.9	22	17.6	20.9	26.4	17.6	23.1	14.3	20.9	30.8	19.8	31.9	16.5	11	14.3	23.1	29.7	15.4	25.3	23.1	28.6	26.4	22	16.5	11	19.8	31.9	33	24.2	11	31.9	20.9	13.2	27.5	31.9	23.1	19.8	14.3	20.9	16.5	17.6	14.3	13.2	30.8	12.1	25.3	30.8	18.7	31.9	20.9	31.9	13.2	24.2	29.7	27.5	20.9	28.6	27.5	12.1	18.7	22	28.6	12.1	16.5	11	25.3	22	27.5	20.9	14.3	29.7	18.7	30.8	18.7	30.8	19.8	13.2	16.5	27.5	26.4	24.2	26.4	28.6	14.3	29.7	26.4	16.5	22	33	26.4	17.6	24.2	24.2	11	28.6	23.1	24.2	11	23.1	24.2	17.6	12.1	17.6	25.3	27.5	22	24.2	28.6	29.7	17.6	19.8	25.3	19.8	23.1	13.2	19.8	15.4	11	14.3	14.3	11	19.8	14.3	12.1	16.5	14.3	19.8	20.9	15.4	20.9	25.3	29.7	30.8	19.8	29.7	30.8	19.8	20.9	14.3	16.5	11	20.9	18.7	31.9	30.8	28.6	22	29.7	29.7	29.7	22	23.1	23.1	29.7	19.8	18.7	12.1	17.6	16.5	12.1	31.9	25.3	17.6	13.2	30.8	14.3	11	28.6	31.9	31.9	31.9	18.7	11	13.2	26.4	19.8	26.4	26.4	33	22	19.8	26.4	22	27.5	22	29.7	30.8	15.4	31.9	29.7	22	18.7	14.3	30.8	20.9	23.1	29.7	11	22	28.6	29.7	23.1	16.5	33	26.4	23.1	13.2	24.2	33	18.7	23.1	20.9	16.5	20.9	23.1	33	29.7	15.4	30.8	12.1	15.4	23.1	15.4	26.4	29.7	22	30.8	18.7	27.5	18.7	18.7	17.6	20.9	24.2	28.6	27.5	16.5	14.3	25.3	20.9	33	31.9	29.7	14.3	19.8	25.3	17.6	15.4	27.5	20.9	33	27.5	31.9	24.2	20.9	30.8	31.9	30.8	14.3	12.1	13.2	11	30.8	25.3	22	33	13.2	15.4	11	17.6	14.3	16.5	18.7	18.7	26.4	26.4	19.8	25.3	26.4	33	23.1	16.5	28.6	20.9	15.4	16.5	28.6	22	26.4	17.6	25.3	33	18.7	28.6	22	27.5	23.1	27.5	16.5	20.9	11	18.7	18.7	24.2	28.6	33	23.1	17.6	29.7	11	15.4	25.3	20.9	27.5	22	16.5	15.4	16.5	31.9	23.1	14.3	24.2	31.9	19.8	18.7	31.9	13.2	19.8	30.8	14.3	13.2	11	11	26.4	29.7	19.8	24.2	12.1	25.3	14.3	24.2	31.9	24.2	15.4	22	12.1	26.4	12.1	22	27.5	14.3	17.6	24.2	31.9	31.9	30.8	26.4	15.4	15.4	23.1	11	20.9	15.4	16.5	29.7	20.9	20.9	26.4	30.8	20.9	33	29.7	23.1	20.9	31.9	23.1	23.1	18.7	33	28.6	18.7	31.9	29.7	33	14.3	20.9	12.1	26.4	12.1	20.9	31.9	23.1	11	20.9	12.1	15.4	26.4	30.8	25.3	31.9	24.2	19.8	29.7	16.5	28.6	30.8	22	13.2	28.6	20.9	15.4	30.8	25.3	23.1	16.5	30.8	18.7	31.9	18.7	18.7	25.3	11	29.7	19.8	33	28.6	23.1	31.9	17.6	31.9	25.3	23.1	20.9	33	11	25.3	28.6	14.3	14.3	15.4	28.6	19.8	13.2	20.9	14.3	16.5	30.8	17.6	19.8	19.8	19.8	29.7	16.5	29.7	13.2	14.3	11	24.2	12.1	23.1	19.8	25.3	33	33	19.8	18.7	27.5	26.4	28.6	17.6	22	26.4	24.2	22	11	26.4	13.2	12.1	25.3	25.3	22	13.2	18.7	31.9	31.9	15.4	12.1	12.1	31.9	24.2	17.6	31.9	24.2	13.2	22	13.2	17.6	23.1	14.3	24.2	25.3	22	18.7	24.2	23.1	16.5	30.8	14.3	13.2	18.7	27.5	30.8	13.2	11	27.5	14.3	30.8	12.1	13.2	18.7	22	22	27.5	15.4	24.2	20.9	16.5	26.4	13.2	17.6	11	27.5	25.3	31.9	19.8	29.7	28.6	16.5	22	16.5	30.8	28.6	19.8	13.2	16.5	25.3	14.3	11	23.1	18.7	13.2	27.5	27.5	27.5	20.9	26.4	33	20.9	25.3	20.9	15.4	17.6	12.1	23.1	19.8	25.3	24.2	29.7	23.1	22	27.5	17.6	20.9	28.6	26.4	27.5	31.9	31.9	26.4	15.4	17.6	14.3	14.3	17.6	27.5	24.2	29.7	30.8	12.1	20.9	14.3	27.5	27.5	17.6	12.1	30.8	24.2	16.5	15.4	33	17.6	29.7	18.7	16.5	12.1	17.6	16.5	29.7	26.4	29.7	33	11	18.7	27.5	13.2	22	31.9	15.4	11	13.2	31.9	11	31.9	13.2	27.5	18.7	13.2	30.8	16.5	20.9	30.8	18.7	22	17.6	22	31.9	30.8	20.9	28.6	16.5	13.2	27.5	20.9	27.5	24.2	20.9	31.9	17.6	15.4	16.5	30.8	27.5	31.9	30.8	33	22	31.9	30.8	14.3	27.5	26.4	11	30.8	23.1	12.1	14.3	11	12.1	22	13.2	33	20.9	27.5	17.6	30.8	25.3	16.5	28.6	24.2	18.7	27.5	20.9	22	17.6	31.9	22	27.5	19.8	20.9	13.2	28.6	14.3	29.7	15.4	30.8	19.8	19.8	20.9	18.7	30.8	31.9	12.1	20.9	26.4	19.8	22	15.4	31.9	15.4	25.3	22	33	25.3	24.2	28.6	30.8	14.3	20.9	33	31.9	17.6	25.3	22	31.9	19.8	23.1	18.7	29.7	17.6	18.7	25.3	13.2	27.5	30.8	18.7	16.5	16.5	25.3	18.7	28.6	31.9	20.9	23.1	24.2	14.3	11	30.8	15.4	14.3	14.3	13.2	19.8	31.9	25.3	19.8	22	24.2	23.1	17.6	16.5	30.8	23.1	27.5	13.2	16.5	16.5	13.2	19.8	18.7	26.4	31.9	30.8	18.7	31.9	23.1	11	12.1	24.2	24.2	11	11	16.5	27.5	18.7	23.1	26.4	19.8	11	16.5	24.2	16.5	14.3	29.7	16.5	24.2	15.4	18.7	29.7	16.5	14.3	20.9	25.3	17.6	25.3	23.1	22	25.3	23.1	27.5	16.5	12.1	25.3	13.2	31.9	19.8	17.6	24.2	22	19.8	11	33	27.5	18.7	11	26.4	25.3	20.9	18.7	23.1	16.5	12.1	12.1	15.4	11	13.2	14.3	24.2	25.3	30.8	23.1	26.4	29.7	15.4	17.6	25.3	25.3	12.1	11	13.2	29.7	27.5	25.3	14.3	25.3	15.4	25.3	13.2	33	20.9	28.6	25.3	17.6	14.3	23.1	28.6	30.8	29.7	23.1	17.6	12.1	11	20.9	24.2	31.9	14.3	22	31.9	18.7	27.5	24.2	12.1	12.1	27.5	26.4	24.2	24.2	19.8	27.5	18.7	15.4	16.5	14.3	29.7	13.2	30.8	22	11	13.2	12.1	11	12.1	14.3	23.1	13.2	24.2	13.2	26.4	25.3	24.2	26.4	17.6	15.4	25.3	29.7	31.9	22	20.9	29.7	19.8	19.8	20.9	17.6	33	14.3	20.9	15.4	24.2	13.2	18.7	28.6	11	26.4	27.5	16.5	19.8	33	
20.9	33	25.3	25.3	11	16.5	20.9	31.9	29.7	20.9	33	24.2	31.9	12.1	19.8	11	16.5	12.1	23.1	30.8	26.4	28.6	31.9	11	11	27.5	12.1	25.3	14.3	33	
12	19	14	14	13	11	17	13	17	16	18	18	16	16	12	13	18	15	15	11	14	15	10	13	16	17	14	11	19	12	12	11	19	20	18	10	20	20	18	16	15	15	15	16	17	17	12	10	11	17	19	11	20	20	18	17	20	17	13	12	20	10	11	12	16	10	11	20	12	13	17	20	10	20	10	18	19	17	10	14	10	14	20	14	12	17	11	17	13	17	11	20	17	15	11	12	10	20	14	18	15	11	18	17	13	11	19	11	10	11	12	14	10	20	18	18	11	14	14	13	12	17	20	12	12	15	15	13	17	16	20	10	11	15	14	19	11	17	10	15	11	20	14	18	12	14	14	16	20	13	17	19	15	20	17	15	15	12	11	18	17	11	10	20	19	11	10	17	14	11	16	10	19	13	20	12	19	11	20	20	18	14	13	12	19	17	15	13	10	18	20	15	11	20	14	15	10	12	14	20	20	12	20	18	18	17	20	16	12	16	18	17	20	14	18	18	17	12	18	13	16	11	20	17	11	15	10	20	12	18	20	20	13	17	17	15	19	20	13	20	11	14	13	16	10	11	13	10	12	15	14	18	14	14	16	18	12	14	14	16	18	18	16	14	10	12	19	17	11	17	17	17	12	11	13	10	15	16	12	12	10	19	17	11	19	11	15	16	18	14	10	12	13	10	10	11	13	13	20	13	15	10	14	12	10	11	20	17	12	12	17	19	13	10	18	13	11	11	14	14	18	17	12	15	15	11	13	17	14	15	10	15	16	17	19	20	11	15	18	15	13	11	15	18	10	15	11	18	12	18	10	12	11	14	20	18	15	18	12	20	17	11	13	17	11	18	13	12	12	13	11	15	19	15	12	15	15	15	16	16	14	20	15	10	12	18	20	17	15	14	12	13	18	18	15	15	17	15	20	15	13	17	19	13	17	19	13	15	10	17	12	18	16	14	18	11	20	13	14	17	17	12	15	10	15	12	11	15	12	16	11	15	20	17	17	15	17	18	10	20	20	16	15	11	16	13	12	12	14	15	17	11	12	12	10	13	20	20	16	10	13	18	12	17	19	20	19	10	20	16	14	20	17	12	16	13	20	18	11	10	19	19	16	20	10	15	11	11	14	14	19	18	17	20	10	16	14	16	12	18	13	18	18	19	11	10	19	10	12	14	10	12	17	12	12	20	13	15	19	11	18	20	18	11	12	17	18	16	10	20	17	20	18	11	10	13	20	13	15	12	20	11	18	18	17	12	14	14	11	10	12	12	17	18	15	17	11	12	19	15	10	15	17	12	15	16	15	16	18	11	16	15	18	16	19	10	20	18	10	11	10	20	10	14	16	12	16	17	14	10	16	12	14	14	19	18	13	13	11	12	18	11	11	10	14	13	20	17	15	19	17	10	14	10	17	16	14	12	11	11	19	20	12	19	13	12	11	16	15	12	16	19	10	20	11	13	15	16	13	15	14	14	19	10	11	10	20	17	18	12	12	11	12	17	10	20	16	19	19	13	17	12	10	13	11	14	12	16	14	14	17	17	16	11	13	15	10	13	14	20	16	18	19	12	17	14	19	19	11	17	16	10	19	19	12	18	18	16	20	20	20	18	18	19	16	16	15	13	17	20	20	19	15	17	14	13	19	11	20	17	20	16	13	20	10	17	15	13	15	13	16	14	12	18	20	15	13	14	14	13	14	14	10	20	14	16	14	18	18	11	15	12	12	19	12	19	10	17	12	17	18	19	15	19	19	12	10	15	14	11	18	14	12	19	10	15	13	16	15	20	20	16	20	16	16	17	10	16	15	15	16	13	15	20	11	15	13	11	13	10	18	20	12	18	17	18	15	18	20	15	11	14	18	18	18	17	11	12	12	11	20	17	19	20	19	14	10	20	17	19	14	12	11	10	20	11	10	14	13	12	12	17	10	18	14	11	13	11	11	16	18	10	14	16	12	19	17	12	10	10	19	10	14	14	20	13	10	17	20	20	19	13	10	14	17	14	14	11	20	18	17	14	14	11	16	19	15	15	18	15	16	16	17	16	20	14	12	12	15	16	16	10	14	16	17	18	15	15	13	18	16	19	14	12	15	11	17	10	18	13	11	12	11	19	19	10	16	19	11	17	11	20	10	17	20	11	10	15	15	11	11	17	11	19	18	19	20	10	13	18	19	12	19	20	20	17	20	18	17	14	10	10	20	11	13	11	16	19	18	16	14	12	14	17	10	14	19	11	19	17	20	15	11	18	13	19	11	12	20	16	18	13	13	16	17	19	15	11	12	16	
1	1	1	1	1	1	1	1	1	1	1	1	1	1	1	1	1	1	1	1	1	1	1	1	1	1	1	1	1	1	2	2	2	2	2	2	2	2	2	2	2	2	2	2	2	2	2	2	2	2	2	2	2	2	2	2	2	2	2	2	2	2	2	2	2	2	3	3	3	3	3	3	3	3	3	3	3	3	3	3	3	3	3	3	3	3	3	3	3	4	4	4	4	4	4	4	4	4	4	4	4	4	4	4	4	4	4	4	4	4	4	4	4	4	4	4	4	4	4	4	4	4	4	4	4	4	4	4	4	4	4	5	5	5	5	5	5	5	5	5	5	5	5	5	5	5	5	5	5	5	5	5	5	5	5	5	5	5	5	5	5	5	5	5	5	5	6	6	6	6	6	6	6	6	6	6	6	6	6	6	6	6	6	6	6	6	6	6	6	6	6	6	6	6	6	6	6	6	6	7	7	7	7	7	7	7	7	7	7	7	7	7	7	7	7	7	7	7	7	7	7	7	7	7	7	7	7	7	7	7	7	7	7	7	7	7	7	7	7	7	8	8	8	8	8	8	8	8	8	8	8	8	8	8	8	8	8	8	8	8	8	8	8	8	8	8	8	9	9	9	9	9	9	9	9	9	9	9	9	9	9	9	9	9	9	9	9	9	9	9	9	9	9	9	9	9	9	9	10	10	10	10	10	10	10	10	10	10	10	10	10	10	10	10	10	10	10	10	10	10	10	10	10	10	10	10	10	10	10	10	10	10	10	10	10	10	10	10	11	11	11	11	11	11	11	11	11	11	11	11	11	11	11	11	11	11	11	11	11	11	11	11	11	11	11	11	11	11	11	11	11	11	11	11	11	12	12	12	12	12	12	12	12	12	12	12	12	12	12	12	12	12	12	12	12	12	12	12	12	12	12	12	12	12	12	12	12	12	12	12	12	12	12	12	12	13	13	13	13	13	13	13	13	13	13	13	13	13	13	13	13	13	13	13	13	13	13	13	13	13	13	14	14	14	14	14	14	14	14	14	14	14	14	14	14	14	14	14	14	14	14	14	14	14	14	14	14	14	14	14	14	15	15	15	15	15	15	15	15	15	15	15	15	15	15	15	15	15	15	15	15	15	15	15	15	15	15	15	15	15	15	15	15	15	15	15	16	16	16	16	16	16	16	16	16	16	16	16	16	16	16	16	16	16	16	16	16	16	16	17	17	17	17	17	17	17	17	17	17	17	17	17	17	17	17	17	17	17	17	17	17	17	17	17	17	17	17	17	17	17	17	17	17	18	18	18	18	18	18	18	18	18	18	18	18	18	18	18	18	18	18	18	18	18	19	19	19	19	19	19	19	19	19	19	19	19	19	19	19	19	19	19	19	19	19	19	19	19	19	19	19	19	19	19	19	19	20	20	20	20	20	20	20	20	20	20	20	20	20	20	20	20	20	20	20	20	20	20	20	20	20	20	20	20	20	20	20	20	20	20	20	21	21	21	21	21	21	21	21	21	21	21	21	21	21	21	21	21	21	21	21	21	21	21	21	21	21	21	21	21	21	21	21	21	21	21	21	21	22	22	22	22	22	22	22	22	22	22	22	22	22	22	22	22	22	22	22	22	22	22	22	22	22	22	22	22	22	22	22	22	22	22	22	22	22	22	22	22	23	23	23	23	23	23	23	23	23	23	23	23	23	23	23	23	23	23	23	23	23	23	23	23	23	23	23	23	23	24	24	24	24	24	24	24	24	24	24	24	24	24	24	24	24	24	24	24	24	24	24	24	24	24	24	24	24	25	25	25	25	25	25	25	25	25	25	25	25	25	25	25	25	25	25	25	25	25	25	25	25	25	25	25	25	25	25	25	25	25	25	26	26	26	26	26	26	26	26	26	26	26	26	26	26	26	26	26	26	26	26	26	26	26	26	26	26	26	26	26	26	26	26	27	27	27	27	27	27	27	27	27	27	27	27	27	27	27	27	27	27	27	27	27	27	27	27	27	27	27	27	27	27	27	27	27	27	27	27	27	27	27	27	27	27	27	27	27	27	27	27	27	27	27	28	28	28	28	28	28	28	28	28	28	28	28	28	28	28	28	28	28	28	28	28	28	28	28	28	28	28	28	28	28	28	28	28	28	28	28	28	28	29	29	29	29	29	29	29	29	29	29	29	29	29	29	29	29	29	29	29	29	29	29	29	29	29	29	29	29	29	29	29	29	30	30	30	30	30	30	30	30	30	30	30	30	30	30	30	30	30	30	30	30	30	30	30	30	30	30	30	30	
