1000
30	8
521	19.8
28	29	27	31	28	29	31	26	27	28	26	31	27	31	30	31	31	26	29	28	28	31	30	30	29	28	31	29	30	26	29	28	27	31	27	27	26	27	30	26	28	28	26	26	29	31	31	27	29	26	28	27	31	28	30	28	26	31	31	26	30	31	26	29	31	28	31	26	26	30	31	30	31	29	26	26	27	30	30	26	31	31	29	29	30	27	28	28	28	29	28	31	31	26	27	29	26	31	29	31	29	28	30	31	31	31	29	30	27	28	27	26	27	31	31	31	28	27	27	29	28	27	30	28	27	31	30	29	28	29	27	26	30	27	28	26	31	27	26	31	27	31	29	31	27	26	31	27	31	28	28	28	28	26	28	30	27	27	29	27	31	29	30	28	30	29	31	27	30	26	29	28	29	29	29	29	29	26	29	26	27	28	27	28	27	26	27	29	27	27	29	26	30	29	30	27	28	26	28	31	29	29	28	26	28	29	30	30	28	30	29	26	27	29	27	28	27	29	31	31	28	30	30	29	26	29	28	28	27	27	29	28	28	27	26	30	26	31	27	26	30	30	29	30	31	27	28	27	26	31	29	26	27	30	29	31	27	29	30	27	29	27	31	30	27	28	26	27	31	26	27	30	29	26	27	30	28	29	27	26	28	28	31	30	30	27	28	31	28	28	30	28	26	31	27	30	30	26	26	29	30	31	27	31	26	26	30	29	29	30	28	27	30	26	29	28	27	29	30	30	31	27	26	29	28	31	30	27	27	31	30	31	29	28	30	31	29	30	30	31	26	27	28	30	27	30	27	31	30	28	28	28	28	29	26	31	26	28	27	30	26	26	27	28	26	26	30	26	28	30	28	30	30	29	28	30	27	26	26	28	29	26	26	29	30	28	28	29	26	26	31	30	30	26	30	28	30	26	29	29	27	31	29	29	31	29	27	28	30	29	30	28	27	31	26	29	29	28	29	30	26	31	29	26	31	26	26	27	28	28	27	26	30	29	30	29	28	27	28	29	27	31	31	31	31	27	31	30	29	29	31	29	27	28	29	29	26	29	27	28	27	28	29	28	28	29	31	31	28	28	30	30	29	27	31	28	27	26	28	26	30	30	26	27	29	28	27	27	27	27	29	28	27	29	27	27	28	26	30	26	31	26	26	28	26	31	31	29	31	27	30	31	30	27	29	28	31	27	28	26	26	31	29	26	29	28	26	30	30	29	29	28	29	28	30	28	29	28	26	29	29	26	30	28	26	27	26	31	31	27	27	28	27	31	29	30	30	27	31	31	27	27	26	29	28	28	29	31	31	26	31	29	26	28	31	31	27	28	31	27	27	30	27	26	31	27	30	30	27	30	30	31	26	28	27	31	29	27	30	31	26	27	31	28	27	29	30	28	28	30	27	26	31	29	31	29	29	28	28	30	29	26	28	27	26	27	27	30	31	30	31	28	29	26	28	31	27	31	27	29	30	29	31	28	30	29	27	31	30	26	29	26	31	31	28	29	27	27	29	26	30	30	28	26	28	26	30	26	26	30	29	30	29	29	31	29	30	31	31	30	28	30	28	29	29	27	27	31	30	26	28	28	28	26	31	29	31	27	30	26	28	29	26	27	28	28	27	30	27	28	29	28	27	29	29	29	31	31	26	28	31	27	28	26	31	30	29	27	29	28	29	30	27	27	26	27	30	30	30	27	30	26	29	27	31	29	27	29	26	31	29	28	26	29	26	29	28	28	29	30	27	27	27	27	29	30	27	29	28	31	26	30	28	27	26	27	26	30	30	30	27	27	30	26	30	28	29	29	31	27	31	30	27	26	31	31	28	26	30	28	30	26	31	27	27	31	31	29	26	26	30	28	26	28	27	30	31	31	29	31	28	27	31	29	31	29	31	29	26	28	28	27	31	31	26	30	27	31	26	27	29	26	28	26	31	30	26	26	29	28	26	27	26	29	31	27	28	31	30	28	27	27	26	31	27	28	31	27	28	29	26	27	28	29	28	27	26	30	28	28	30	31	27	30	29	28	29	27	30	31	29	26	28	29	28	26	27	30	30	28	31	29	29	30	29	30	30	28	30	28	31	31	31	28	27	26	26	29	26	26	31	30	27	26	29	30	31	31	29	28	31	28	30	30	30	27	30	30	27	27	27	29	28	26	30	28	28	31	31	30	28	28	30	27	30	29	27	29	26	31	28	27	29	26	26	30	30	29	27	29	27	30	28	29	26	27	27	28	27	28	29	26	31	31	27	26	31	28	26	26	29	30	27	31	29	30	30	27	28	28	
82	76	93	85	84	80	94	76	90	80	93	94	83	89	80	91	77	94	94	76	76	87	85	82	77	86	86	77	83	93	83	94	77	93	82	82	80	90	76	93	78	80	93	94	83	86	80	83	85	86	89	93	87	88	94	78	94	82	79	89	78	93	85	81	84	88	77	77	78	86	91	76	81	87	85	86	85	89	93	77	76	86	79	94	89	94	79	93	88	89	90	94	94	89	88	87	86	76	82	92	84	92	92	76	84	76	85	94	77	79	93	94	83	84	87	92	82	86	88	83	88	92	82	84	78	76	93	80	81	81	81	76	89	84	83	85	94	79	82	81	88	80	93	93	91	86	85	77	88	81	83	90	76	79	86	94	87	84	90	87	78	85	93	84	85	80	94	88	81	76	79	76	89	85	84	88	81	94	86	83	78	79	91	87	76	81	93	81	92	78	79	91	93	78	86	92	91	84	81	93	84	88	80	91	86	78	78	82	81	78	77	89	88	78	78	87	84	77	80	88	77	87	92	83	83	81	80	79	77	91	87	91	93	93	76	92	86	77	79	84	94	83	78	91	87	92	92	86	78	79	93	92	89	94	84	94	78	88	81	86	90	76	84	92	93	80	81	76	78	83	87	82	93	81	94	92	86	89	86	83	90	79	91	86	83	86	89	94	91	78	78	87	81	90	82	83	77	76	87	89	83	94	87	83	88	80	92	92	86	88	85	80	90	79	90	94	94	94	76	77	87	91	82	82	93	76	76	93	91	76	86	93	92	86	86	80	81	87	86	77	77	76	92	85	86	80	88	91	81	81	92	83	76	83	81	84	90	86	76	81	76	88	87	81	78	85	89	85	83	76	76	80	92	83	89	78	83	92	79	79	93	78	76	81	76	94	76	89	84	78	84	91	79	87	80	76	78	77	94	93	77	85	92	94	87	83	89	87	88	94	79	94	87	83	76	83	80	88	88	79	91	90	77	77	90	88	85	76	84	77	85	91	87	90	82	89	78	85	78	82	90	91	80	79	92	94	85	94	80	85	88	91	84	92	84	83	85	78	86	82	92	88	80	82	83	81	92	94	81	80	90	76	88	94	92	81	79	89	93	87	77	82	79	94	88	77	91	89	77	88	81	76	80	82	85	83	90	79	83	81	76	76	93	78	83	86	77	88	92	81	80	91	79	76	78	90	84	81	89	76	86	90	80	92	88	86	79	93	83	77	91	79	93	90	91	94	83	76	93	77	86	81	77	84	92	84	85	77	85	87	83	83	80	84	83	79	84	87	77	82	91	90	86	81	82	82	82	88	77	87	78	77	78	88	79	78	84	94	82	77	87	76	77	88	91	81	78	88	78	79	77	94	89	88	90	92	77	82	92	82	81	87	78	87	86	78	94	92	87	86	84	91	94	87	76	82	88	79	90	79	89	88	92	90	77	76	86	83	80	92	89	85	76	87	83	89	76	86	92	89	84	79	91	83	89	87	84	80	90	76	94	90	82	84	79	88	80	91	84	77	79	88	94	91	78	85	85	83	89	89	83	90	89	93	92	79	79	77	86	90	84	86	77	83	89	94	88	82	78	84	86	91	85	79	79	81	91	84	78	86	91	91	92	87	93	83	92	78	83	76	78	76	79	84	80	76	81	91	93	90	85	91	88	94	83	86	94	76	91	83	87	85	93	94	81	76	76	86	81	86	79	92	92	91	77	87	79	93	81	91	84	91	86	83	87	91	86	94	93	78	78	91	79	83	87	87	87	82	91	83	81	78	79	85	89	78	87	92	77	77	76	94	90	93	91	91	76	80	92	76	91	86	78	85	88	89	77	77	93	78	80	86	85	79	76	79	91	83	90	78	78	80	77	90	80	94	90	81	88	86	82	91	84	89	93	78	89	82	85	78	82	82	84	83	76	78	93	92	94	94	86	81	93	81	86	78	88	78	87	93	80	92	85	92	84	77	77	85	91	81	91	84	85	89	88	92	81	91	91	94	77	94	77	83	80	85	77	90	88	83	89	86	77	82	77	76	84	82	78	78	83	79	86	81	91	83	91	90	91	84	92	87	85	80	91	83	91	87	92	81	94	81	81	79	92	84	79	79	87	82	85	88	84	81	90	84	85	77	77	85	76	89	93	83	90	87	85	79	88	89	76	77	82	79	88	84	84	85	88	78	91	87	93	77	92	88	92	81	83	84	89	90	87	83	80	87	76	86	84	93	86	81	76	91	91	92	81	76	84	81	92	88	92	87	87	82	87	86	88	83	81	79	89	82	87	91	91	80	81	89	
22	19.8	12.1	19.8	27.5	30.8	33	16.5	30.8	29.7	28.6	28.6	11	27.5	18.7	14.3	12.1	25.3	19.8	27.5	30.8	11	24.2	27.5	15.4	23.1	29.7	11	26.4	29.7	33	26.4	24.2	30.8	22	16.5	30.8	33	29.7	22	29.7	22	20.9	29.7	15.4	25.3	12.1	24.2	28.6	23.1	27.5	17.6	15.4	13.2	30.8	30.8	26.4	22	14.3	28.6	29.7	20.9	15.4	23.1	23.1	13.2	22	14.3	15.4	33	25.3	14.3	27.5	19.8	15.4	26.4	18.7	23.1	12.1	31.9	23.1	17.6	26.4	23.1	13.2	33	18.7	33	13.2	28.6	33	30.8	30.8	19.8	30.8	18.7	27.5	31.9	25.3	27.5	31.9	13.2	30.8	17.6	25.3	18.7	23.1	14.3	26.4	20.9	13.2	18.7	13.2	22	22	24.2	25.3	25.3	14.3	16.5	13.2	25.3	18.7	13.2	25.3	16.5	29.7	25.3	15.4	17.6	22	27.5	26.4	29.7	26.4	17.6	25.3	11	19.8	28.6	27.5	12.1	15.4	31.9	22	16.5	12.1	23.1	20.9	15.4	28.6	13.2	29.7	25.3	22	18.7	23.1	24.2	14.3	13.2	25.3	11	11	29.7	20.9	28.6	13.2	16.5	19.8	27.5	29.7	19.8	11	15.4	29.7	29.7	18.7	16.5	28.6	26.4	15.4	11	18.7	28.6	19.8	24.2	18.7	30.8	14.3	12.1	19.8	17.6	19.8	28.6	18.7	23.1	19.8	33	23.1	29.7	18.7	30.8	25.3	27.5	20.9	14.3	28.6	19.8	33	11	12.1	33	30.8	25.3	18.7	18.7	20.9	30.8	25.3	28.6	33	16.5	18.7	17.6	28.6	14.3	18.7	11	15.4	20.9	26.4	13.2	29.7	23.1	23.1	15.4	25.3	22	33	15.4	30.8	13.2	24.2	19.8	30.8	14.3	30.8	24.2	31.9	25.3	26.4	20.9	12.1	19.8	33	28.6	31.9	29.7	28.6	26.4	14.3	11	17.6	17.6	31.9	27.5	12.1	13.2	31.9	13.2	18.7	18.7	16.5	33	22	11	18.7	31.9	19.8	16.5	24.2	26.4	20.9	30.8	29.7	28.6	25.3	14.3	24.2	17.6	12.1	30.8	31.9	24.2	25.3	18.7	19.8	18.7	27.5	31.9	12.1	22	27.5	27.5	17.6	26.4	23.1	26.4	25.3	20.9	26.4	11	28.6	25.3	13.2	33	13.2	26.4	24.2	22	20.9	28.6	31.9	12.1	26.4	27.5	12.1	25.3	19.8	15.4	19.8	28.6	15.4	18.7	23.1	18.7	29.7	30.8	30.8	15.4	11	17.6	19.8	25.3	33	20.9	27.5	15.4	11	33	20.9	18.7	17.6	33	16.5	26.4	30.8	20.9	26.4	11	18.7	17.6	19.8	22	18.7	18.7	26.4	13.2	25.3	11	31.9	19.8	11	27.5	24.2	11	26.4	29.7	29.7	19.8	29.7	17.6	29.7	24.2	17.6	14.3	29.7	23.1	16.5	28.6	26.4	24.2	27.5	16.5	23.1	26.4	15.4	29.7	11	13.2	22	18.7	15.4	23.1	15.4	22	23.1	13.2	26.4	20.9	18.7	14.3	25.3	23.1	31.9	28.6	20.9	12.1	29.7	12.1	29.7	17.6	26.4	11	28.6	26.4	24.2	20.9	24.2	30.8	17.6	30.8	17.6	12.1	28.6	33	20.9	27.5	15.4	26.4	25.3	24.2	12.1	25.3	18.7	18.7	27.5	12.1	16.5	31.9	31.9	27.5	18.7	23.1	26.4	12.1	26.4	30.8	22	15.4	33	30.8	27.5	14.3	19.8	25.3	11	13.2	11	16.5	23.1	19.8	18.7	28.6	15.4	18.7	26.4	19.8	27.5	23.1	31.9	23.1	33	27.5	30.8	19.8	17.6	27.5	18.7	29.7	12.1	18.7	19.8	14.3	19.8	29.7	28.6	16.5	11	25.3	18.7	19.8	18.7	19.8	17.6	14.3	15.4	19.8	26.4	12.1	26.4	19.8	16.5	28.6	18.7	12.1	24.2	25.3	28.6	20.9	26.4	27.5	20.9	28.6	17.6	15.4	14.3	23.1	31.9	27.5	29.7	15.4	24.2	13.2	17.6	13.2	30.8	17.6	25.3	18.7	27.5	31.9	15.4	15.4	27.5	15.4	25.3	30.8	14.3	30.8	19.8	22	24.2	24.2	17.6	17.6	33	16.5	16.5	25.3	28.6	27.5	17.6	16.5	11	18.7	11	23.1	23.1	17.6	15.4	15.4	16.5	29.7	11	23.1	14.3	28.6	25.3	29.7	14.3	11	13.2	24.2	24.2	25.3	22	16.5	18.7	20.9	33	16.5	29.7	19.8	16.5	14.3	28.6	23.1	25.3	26.4	23.1	15.4	16.5	31.9	24.2	30.8	19.8	31.9	29.7	19.8	16.5	22	29.7	27.5	23.1	22	27.5	29.7	13.2	22	12.1	16.5	23.1	18.7	13.2	18.7	28.6	26.4	30.8	23.1	25.3	16.5	23.1	25.3	20.9	29.7	24.2	23.1	14.3	19.8	27.5	11	28.6	11	23.1	13.2	25.3	30.8	16.5	31.9	23.1	13.2	26.4	26.4	28.6	22	17.6	17.6	28.6	25.3	20.9	29.7	27.5	25.3	13.2	25.3	17.6	23.1	24.2	14.3	15.4	15.4	23.1	11	25.3	13.2	28.6	30.8	25.3	13.2	18.7	28.6	23.1	16.5	27.5	24.2	28.6	27.5	25.3	24.2	14.3	25.3	12.1	28.6	12.1	26.4	12.1	30.8	30.8	19.8	29.7	16.5	33	18.7	27.5	20.9	25.3	33	16.5	31.9	31.9	28.6	13.2	30.8	28.6	27.5	31.9	30.8	28.6	26.4	17.6	16.5	19.8	24.2	16.5	25.3	22	30.8	26.4	22	20.9	33	20.9	20.9	28.6	20.9	25.3	18.7	24.2	28.6	19.8	19.8	18.7	26.4	16.5	26.4	27.5	33	18.7	25.3	15.4	13.2	20.9	31.9	33	18.7	16.5	13.2	16.5	28.6	20.9	17.6	29.7	26.4	24.2	23.1	29.7	17.6	27.5	24.2	33	29.7	30.8	33	20.9	31.9	24.2	29.7	27.5	33	17.6	30.8	14.3	18.7	25.3	26.4	12.1	30.8	18.7	23.1	28.6	22	27.5	19.8	13.2	22	29.7	33	16.5	27.5	20.9	29.7	26.4	19.8	12.1	28.6	28.6	11	24.2	13.2	22	25.3	30.8	13.2	11	20.9	27.5	29.7	33	14.3	11	31.9	23.1	16.5	31.9	24.2	26.4	30.8	20.9	33	24.2	33	26.4	18.7	30.8	33	28.6	20.9	17.6	33	31.9	11	12.1	17.6	29.7	33	20.9	33	16.5	26.4	28.6	22	27.5	28.6	14.3	30.8	30.8	13.2	22	22	28.6	17.6	19.8	27.5	29.7	18.7	25.3	28.6	25.3	33	16.5	26.4	26.4	28.6	30.8	26.4	20.9	12.1	11	27.5	30.8	19.8	18.7	30.8	13.2	27.5	17.6	13.2	20.9	18.7	29.7	25.3	33	11	19.8	22	15.4	30.8	20.9	13.2	23.1	15.4	15.4	23.1	15.4	27.5	19.8	29.7	19.8	33	22	16.5	14.3	17.6	25.3	15.4	19.8	28.6	26.4	29.7	13.2	11	29.7	13.2	20.9	24.2	33	18.7	27.5	23.1	20.9	27.5	19.8	15.4	16.5	13.2	33	12.1	16.5	28.6	26.4	14.3	25.3	16.5	14.3	15.4	11	26.4	16.5	23.1	31.9	30.8	31.9	12.1	11	33	31.9	28.6	24.2	15.4	16.5	15.4	11	28.6	23.1	15.4	28.6	11	13.2	20.9	30.8	27.5	11	23.1	23.1	29.7	17.6	30.8	23.1	12.1	15.4	16.5	28.6	12.1	30.8	11	12.1	27.5	11	13.2	16.5	25.3	11	33	33	19.8	14.3	30.8	25.3	15.4	
18.7	26.4	24.2	17.6	29.7	30.8	22	22	30.8	24.2	20.9	28.6	14.3	19.8	23.1	15.4	25.3	29.7	18.7	12.1	15.4	22	11	18.7	16.5	20.9	24.2	25.3	23.1	25.3	20.9	13.2	28.6	16.5	25.3	19.8	27.5	18.7	14.3	14.3	24.2	26.4	19.8	22	14.3	26.4	13.2	15.4	29.7	13.2	20.9	18.7	31.9	15.4	13.2	11	33	12.1	28.6	11	26.4	20.9	17.6	31.9	20.9	13.2	22	23.1	12.1	29.7	11	18.7	31.9	16.5	11	24.2	31.9	29.7	24.2	15.4	11	26.4	24.2	27.5	19.8	11	16.5	11	18.7	33	26.4	30.8	26.4	33	16.5	12.1	28.6	27.5	23.1	31.9	11	19.8	25.3	30.8	18.7	16.5	11	17.6	23.1	31.9	23.1	28.6	17.6	25.3	22	12.1	15.4	18.7	23.1	29.7	16.5	24.2	24.2	20.9	31.9	13.2	33	25.3	20.9	17.6	13.2	18.7	28.6	24.2	23.1	33	20.9	12.1	30.8	33	12.1	31.9	22	16.5	14.3	22	14.3	13.2	20.9	12.1	19.8	15.4	24.2	16.5	33	11	28.6	24.2	30.8	13.2	25.3	33	14.3	17.6	19.8	17.6	19.8	33	12.1	18.7	26.4	23.1	25.3	12.1	19.8	31.9	11	11	24.2	12.1	18.7	27.5	23.1	11	16.5	12.1	27.5	28.6	20.9	19.8	15.4	16.5	33	17.6	24.2	25.3	28.6	14.3	33	28.6	24.2	20.9	28.6	18.7	13.2	31.9	26.4	31.9	14.3	15.4	15.4	19.8	23.1	11	22	23.1	30.8	17.6	27.5	27.5	19.8	22	29.7	20.9	22	29.7	31.9	15.4	20.9	17.6	11	20.9	20.9	19.8	26.4	23.1	23.1	29.7	13.2	12.1	11	12.1	25.3	24.2	17.6	27.5	33	25.3	13.2	30.8	25.3	16.5	13.2	18.7	29.7	27.5	17.6	31.9	33	16.5	24.2	25.3	30.8	20.9	25.3	16.5	26.4	22	13.2	27.5	29.7	23.1	17.6	15.4	24.2	22	13.2	17.6	12.1	12.1	33	25.3	12.1	12.1	27.5	23.1	12.1	19.8	20.9	11	13.2	12.1	29.7	12.1	29.7	16.5	27.5	23.1	30.8	33	20.9	13.2	16.5	23.1	27.5	15.4	27.5	20.9	19.8	25.3	28.6	26.4	26.4	31.9	29.7	31.9	18.7	24.2	30.8	16.5	33	16.5	27.5	14.3	17.6	20.9	22	20.9	23.1	19.8	20.9	17.6	17.6	13.2	22	19.8	11	25.3	23.1	29.7	27.5	14.3	13.2	27.5	15.4	15.4	11	11	18.7	12.1	24.2	14.3	17.6	17.6	18.7	16.5	20.9	28.6	22	16.5	33	28.6	17.6	15.4	26.4	29.7	23.1	20.9	25.3	18.7	26.4	24.2	30.8	22	23.1	29.7	16.5	22	17.6	19.8	23.1	25.3	14.3	29.7	22	16.5	11	19.8	22	13.2	29.7	22	15.4	19.8	20.9	23.1	15.4	27.5	33	16.5	16.5	30.8	30.8	26.4	17.6	18.7	14.3	28.6	18.7	22	20.9	16.5	31.9	11	25.3	33	24.2	11	11	22	18.7	31.9	24.2	25.3	18.7	22	26.4	27.5	19.8	15.4	33	14.3	20.9	27.5	27.5	11	17.6	24.2	16.5	30.8	20.9	14.3	14.3	13.2	12.1	19.8	11	28.6	27.5	16.5	20.9	14.3	20.9	25.3	29.7	25.3	24.2	25.3	23.1	31.9	30.8	23.1	30.8	15.4	18.7	31.9	15.4	26.4	14.3	11	27.5	11	14.3	17.6	27.5	18.7	23.1	28.6	30.8	22	25.3	25.3	24.2	17.6	31.9	16.5	20.9	33	18.7	28.6	14.3	18.7	30.8	23.1	16.5	16.5	15.4	29.7	13.2	16.5	24.2	18.7	25.3	31.9	17.6	29.7	14.3	13.2	27.5	23.1	30.8	24.2	33	15.4	33	25.3	31.9	27.5	15.4	16.5	11	15.4	20.9	18.7	31.9	33	11	26.4	33	29.7	11	12.1	23.1	14.3	13.2	25.3	18.7	15.4	14.3	15.4	22	16.5	17.6	19.8	33	15.4	20.9	19.8	16.5	17.6	29.7	11	28.6	22	18.7	17.6	28.6	13.2	23.1	20.9	16.5	15.4	15.4	12.1	13.2	31.9	23.1	15.4	12.1	16.5	33	20.9	18.7	12.1	19.8	31.9	14.3	17.6	28.6	30.8	12.1	31.9	31.9	13.2	14.3	24.2	30.8	22	27.5	30.8	17.6	17.6	12.1	11	30.8	27.5	15.4	23.1	23.1	12.1	16.5	25.3	24.2	30.8	11	18.7	23.1	11	31.9	14.3	31.9	12.1	24.2	33	23.1	17.6	29.7	16.5	28.6	26.4	33	28.6	18.7	23.1	18.7	13.2	26.4	31.9	24.2	28.6	19.8	31.9	28.6	16.5	11	26.4	26.4	17.6	14.3	11	17.6	19.8	26.4	11	26.4	27.5	19.8	19.8	23.1	19.8	20.9	29.7	12.1	22	15.4	13.2	20.9	31.9	27.5	22	17.6	15.4	28.6	30.8	11	25.3	18.7	29.7	23.1	19.8	17.6	15.4	19.8	24.2	30.8	24.2	12.1	18.7	28.6	13.2	11	28.6	30.8	31.9	12.1	22	20.9	20.9	11	25.3	18.7	33	23.1	29.7	22	16.5	20.9	15.4	12.1	17.6	23.1	31.9	16.5	26.4	12.1	13.2	23.1	13.2	18.7	26.4	26.4	24.2	24.2	30.8	26.4	24.2	19.8	27.5	19.8	30.8	29.7	16.5	28.6	28.6	26.4	17.6	22	26.4	27.5	14.3	17.6	11	24.2	33	31.9	15.4	11	28.6	16.5	11	13.2	23.1	22	23.1	30.8	14.3	23.1	26.4	24.2	29.7	20.9	26.4	28.6	33	12.1	12.1	12.1	33	33	25.3	11	26.4	25.3	31.9	18.7	14.3	23.1	30.8	28.6	22	17.6	13.2	15.4	26.4	31.9	12.1	24.2	25.3	18.7	11	31.9	29.7	23.1	24.2	11	20.9	11	11	16.5	18.7	33	33	11	26.4	14.3	24.2	23.1	28.6	16.5	11	20.9	33	20.9	26.4	28.6	16.5	13.2	25.3	29.7	23.1	29.7	11	24.2	31.9	17.6	15.4	27.5	23.1	30.8	24.2	11	14.3	25.3	12.1	24.2	24.2	19.8	24.2	18.7	22	33	28.6	11	19.8	26.4	27.5	11	17.6	19.8	29.7	28.6	31.9	31.9	12.1	33	24.2	24.2	11	20.9	30.8	19.8	28.6	25.3	20.9	29.7	13.2	33	31.9	15.4	26.4	17.6	28.6	26.4	24.2	29.7	15.4	19.8	25.3	31.9	20.9	27.5	31.9	25.3	30.8	18.7	30.8	19.8	23.1	11	16.5	30.8	24.2	16.5	31.9	17.6	13.2	31.9	20.9	23.1	18.7	28.6	29.7	30.8	23.1	11	11	30.8	28.6	23.1	25.3	27.5	16.5	18.7	12.1	12.1	30.8	31.9	22	11	23.1	20.9	26.4	14.3	12.1	20.9	26.4	18.7	14.3	22	20.9	25.3	27.5	33	24.2	28.6	30.8	20.9	26.4	11	13.2	19.8	25.3	13.2	30.8	19.8	13.2	25.3	13.2	17.6	30.8	17.6	25.3	24.2	26.4	25.3	27.5	33	19.8	29.7	18.7	12.1	11	23.1	29.7	12.1	28.6	29.7	29.7	27.5	20.9	18.7	23.1	27.5	15.4	27.5	13.2	30.8	29.7	29.7	33	28.6	25.3	15.4	22	26.4	19.8	29.7	12.1	17.6	13.2	26.4	19.8	11	19.8	20.9	27.5	20.9	29.7	24.2	20.9	24.2	16.5	23.1	12.1	16.5	23.1	30.8	18.7	14.3	20.9	
29.7	15.4	17.6	26.4	27.5	27.5	25.3	25.3	31.9	20.9	26.4	14.3	33	24.2	25.3	18.7	13.2	12.1	11	31.9	29.7	12.1	14.3	19.8	23.1	16.5	26.4	16.5	30.8	20.9	
16	17	16	19	14	18	15	15	12	18	18	18	14	10	11	19	13	10	10	14	17	10	19	15	19	20	11	14	20	17	19	16	10	20	10	10	20	20	19	16	18	18	20	20	12	20	14	10	16	16	10	12	13	19	20	13	16	14	18	19	16	20	13	10	15	14	13	14	20	19	12	18	11	11	10	13	10	13	11	14	20	18	16	17	20	17	12	14	19	17	14	14	18	19	18	18	12	12	19	17	17	17	19	18	20	15	19	11	17	19	17	12	19	19	15	20	10	15	18	10	10	11	13	20	15	18	14	11	15	14	18	10	11	18	18	14	19	14	16	17	19	15	13	13	13	17	19	11	11	17	14	15	13	19	16	15	18	20	12	11	20	16	10	19	10	17	18	10	11	11	14	10	18	18	17	15	14	13	12	18	14	15	16	10	19	11	15	10	15	13	15	20	19	18	19	13	13	15	12	12	18	13	18	12	12	18	15	13	16	14	10	19	18	19	18	17	15	11	18	14	13	12	19	12	10	10	18	19	20	14	11	10	18	19	13	11	15	12	17	18	15	15	11	11	14	13	14	13	10	10	12	16	19	14	12	20	15	17	12	15	10	14	13	20	18	12	10	18	10	19	19	12	17	10	16	19	11	16	12	15	10	11	18	19	15	15	12	11	12	15	19	10	10	12	11	11	10	12	16	11	10	18	17	13	16	13	10	13	14	20	14	10	13	12	11	18	17	14	15	15	19	10	17	11	13	17	16	10	14	13	14	19	16	14	17	15	20	17	11	16	18	19	13	10	13	12	11	13	19	16	18	15	11	11	16	10	12	13	11	20	16	20	16	15	15	12	16	19	20	12	16	13	14	12	12	12	18	10	12	20	14	18	19	19	15	11	19	18	18	16	20	19	12	15	17	18	14	16	12	18	17	18	19	12	17	18	11	16	15	11	11	20	20	17	13	19	19	20	14	15	11	12	19	16	16	15	11	16	14	13	14	18	17	11	20	10	18	15	19	16	13	10	11	10	11	19	12	14	13	11	20	15	17	16	20	14	20	10	13	15	12	19	15	16	10	12	10	19	20	18	18	16	19	20	20	15	18	15	15	12	17	20	19	15	12	12	20	14	18	13	10	17	18	11	15	16	10	10	12	15	20	12	10	15	11	13	14	10	13	14	11	20	13	17	12	15	13	18	16	14	11	14	14	18	14	20	16	19	16	16	14	10	11	14	15	20	12	18	13	10	19	12	13	15	17	12	10	11	12	10	16	20	16	16	17	12	16	10	20	13	20	11	16	18	11	16	12	17	18	20	14	10	12	19	14	11	13	20	15	18	10	18	12	14	13	12	19	20	10	11	12	17	20	10	10	19	18	11	10	14	20	16	13	14	20	12	17	12	18	15	10	16	12	13	12	20	10	19	13	12	14	15	20	13	17	11	12	10	20	15	10	17	18	17	17	11	14	11	18	16	15	17	16	13	17	13	20	17	11	12	13	16	11	13	19	18	18	13	14	13	12	14	15	17	15	18	19	12	14	11	15	15	18	16	10	11	16	13	18	19	12	16	15	15	10	16	19	20	11	11	15	12	16	20	19	11	18	18	13	14	19	13	13	16	15	18	14	18	20	20	19	19	10	18	16	12	12	17	17	12	15	17	18	12	12	14	20	19	14	13	15	15	20	20	12	13	10	14	11	18	19	17	17	19	18	13	10	14	19	12	14	14	16	13	18	10	17	18	16	19	18	11	15	15	18	11	19	12	18	12	17	18	20	15	10	14	17	17	19	10	12	19	11	17	19	18	17	15	15	20	16	18	10	17	18	17	19	12	19	20	17	12	13	20	12	20	16	18	10	13	16	11	16	10	14	14	15	15	14	15	19	16	19	17	10	18	20	16	17	14	13	15	20	17	15	15	13	10	20	20	15	10	10	18	20	20	16	12	15	20	17	17	16	11	16	10	12	12	13	20	20	10	17	16	12	19	20	15	12	17	15	11	18	15	13	20	20	20	12	19	13	19	10	16	15	15	13	14	11	20	17	14	13	19	20	12	12	20	13	13	17	16	19	18	14	15	12	13	17	16	20	16	14	13	11	16	16	18	13	13	15	20	14	18	19	20	19	13	14	17	12	14	16	19	13	10	18	16	18	18	16	19	15	11	20	10	20	13	16	19	13	18	14	17	18	18	19	10	17	11	17	12	15	19	11	10	18	10	13	20	18	15	20	10	16	17	10	11	17	10	17	19	19	19	18	18	15	20	20	17	11	11	12	20	18	16	11	17	11	18	
1	1	1	1	1	1	1	1	1	1	1	1	1	1	1	1	1	1	1	1	1	1	1	1	1	1	1	1	1	1	1	1	1	1	1	1	1	1	2	2	2	2	2	2	2	2	2	2	2	2	2	2	2	2	2	2	2	2	2	2	2	2	2	2	2	2	2	2	2	2	2	2	2	2	2	2	2	2	3	3	3	3	3	3	3	3	3	3	3	3	3	3	3	3	3	3	3	3	3	3	3	3	3	3	3	3	3	3	3	3	4	4	4	4	4	4	4	4	4	4	4	4	4	4	4	4	4	4	4	4	4	4	4	4	4	4	4	4	4	4	4	4	4	4	4	4	5	5	5	5	5	5	5	5	5	5	5	5	5	5	5	5	5	5	5	5	5	5	5	5	5	5	5	5	5	5	5	5	5	5	5	5	5	5	5	5	6	6	6	6	6	6	6	6	6	6	6	6	6	6	6	6	6	6	6	6	6	6	6	6	6	6	6	6	6	6	6	6	6	6	7	7	7	7	7	7	7	7	7	7	7	7	7	7	7	7	7	7	7	7	8	8	8	8	8	8	8	8	8	8	8	8	8	8	8	8	8	8	8	8	8	8	8	8	8	8	8	8	8	8	8	8	8	8	8	8	9	9	9	9	9	9	9	9	9	9	9	9	9	9	9	9	9	9	9	9	9	9	9	9	9	9	9	9	9	9	9	9	9	9	9	9	10	10	10	10	10	10	10	10	10	10	10	10	10	10	10	10	10	10	10	10	10	10	10	10	10	10	10	10	11	11	11	11	11	11	11	11	11	11	11	11	11	11	11	11	11	11	11	11	11	11	11	11	11	11	12	12	12	12	12	12	12	12	12	12	12	12	12	12	12	12	12	12	12	12	12	12	12	12	13	13	13	13	13	13	13	13	13	13	13	13	13	13	13	13	13	13	13	13	13	13	13	13	13	13	13	14	14	14	14	14	14	14	14	14	14	14	14	14	14	14	14	14	14	14	14	14	14	14	14	14	14	14	14	14	14	14	14	14	15	15	15	15	15	15	15	15	15	15	15	15	15	15	15	15	15	15	15	15	15	15	15	15	15	15	15	15	15	15	15	15	15	15	15	15	15	15	15	15	15	15	15	16	16	16	16	16	16	16	16	16	16	16	16	16	16	16	16	16	16	16	16	16	17	17	17	17	17	17	17	17	17	17	17	17	17	17	17	17	17	17	17	17	17	17	17	17	17	17	17	17	17	17	17	17	17	17	17	17	17	17	17	17	17	17	18	18	18	18	18	18	18	18	18	18	18	18	18	18	18	18	18	18	18	18	18	18	18	18	18	18	18	18	18	18	18	18	18	18	18	18	19	19	19	19	19	19	19	19	19	19	19	19	19	19	19	19	19	19	19	19	19	19	19	19	19	19	19	19	19	19	19	19	19	19	19	19	19	19	19	19	19	20	20	20	20	20	20	20	20	20	20	20	20	20	20	20	20	20	20	20	20	20	20	20	20	20	20	20	20	20	20	20	20	21	21	21	21	21	21	21	21	21	21	21	21	21	21	21	21	21	21	21	21	21	21	21	21	21	21	21	21	21	21	21	21	21	22	22	22	22	22	22	22	22	22	22	22	22	22	22	22	22	22	22	22	22	22	22	22	22	22	22	22	22	22	22	22	23	23	23	23	23	23	23	23	23	23	23	23	23	23	23	23	23	23	23	23	23	23	23	23	23	23	23	23	23	23	23	23	23	24	24	24	24	24	24	24	24	24	24	24	24	24	24	24	24	24	24	24	24	24	24	24	24	24	24	24	24	24	24	25	25	25	25	25	25	25	25	25	25	25	25	25	25	25	25	25	25	25	25	25	25	25	25	25	25	25	25	25	25	25	25	25	25	25	26	26	26	26	26	26	26	26	26	26	26	26	26	26	26	26	26	26	26	26	26	26	26	26	26	26	26	26	26	26	26	26	26	26	26	26	26	26	26	26	27	27	27	27	27	27	27	27	27	27	27	27	27	27	27	27	27	27	27	27	27	27	27	27	27	27	27	27	27	27	27	27	27	28	28	28	28	28	28	28	28	28	28	28	28	28	28	28	28	28	28	28	28	28	28	28	28	28	28	28	28	28	28	28	28	28	28	28	28	28	28	28	29	29	29	29	29	29	29	29	29	29	29	29	29	29	29	29	29	29	29	29	29	29	29	29	29	29	29	29	29	29	30	30	30	30	30	30	30	30	30	30	30	30	30	30	30	30	30	30	30	30	30	30	30	30	30	30	30	30	30	30	30	
