1000
30	4
544	11
29	27	30	27	30	27	30	26	31	27	27	26	31	27	31	30	31	31	31	30	26	29	31	28	31	27	26	26	26	26	31	28	26	30	29	28	27	29	27	28	27	28	28	31	26	28	27	26	28	29	31	28	26	31	28	27	27	31	26	27	28	30	27	27	30	27	29	29	31	28	26	31	30	27	29	29	31	28	28	30	28	30	26	29	30	26	29	27	30	29	28	29	31	30	27	28	27	30	27	26	30	29	26	31	30	28	28	29	31	29	29	27	29	27	26	26	29	29	26	28	27	31	29	28	28	28	28	29	30	30	29	28	31	28	28	30	26	31	31	31	28	29	31	30	31	28	30	29	27	27	29	31	29	31	26	27	27	31	28	30	29	30	31	27	27	26	30	28	31	31	30	29	31	29	31	31	29	27	26	26	28	30	30	27	26	31	26	28	28	29	30	28	31	26	26	31	28	31	31	29	30	26	31	30	29	26	31	31	29	30	30	26	30	30	28	29	27	31	26	29	30	30	31	30	26	27	30	31	30	29	28	27	27	28	26	27	31	30	28	29	29	31	29	28	27	31	28	29	26	31	26	31	29	31	31	31	30	26	30	29	30	28	26	26	27	30	29	30	31	27	29	31	27	26	27	30	28	31	28	26	27	28	26	31	26	29	29	28	30	29	26	31	28	31	26	26	30	30	31	30	31	29	27	30	31	27	31	27	26	29	29	27	26	31	28	29	28	26	30	30	28	30	29	29	30	29	26	26	29	27	29	28	30	28	30	29	27	30	31	27	27	30	29	28	31	26	29	27	31	30	27	26	31	30	26	27	31	27	31	28	29	31	30	28	30	30	28	28	26	31	29	29	31	31	26	29	28	27	29	26	28	31	29	28	29	28	28	31	31	29	31	27	26	30	28	26	26	31	27	28	29	29	30	27	30	26	30	28	26	28	29	30	28	30	27	29	26	30	28	30	30	29	28	28	30	30	28	27	28	29	27	26	28	26	28	26	29	31	29	30	30	26	29	31	27	27	29	31	28	31	29	29	26	26	28	31	29	28	28	27	26	26	28	26	30	28	31	27	27	30	31	28	31	29	27	28	28	30	27	27	31	28	30	31	27	31	28	31	29	27	29	31	26	27	29	27	27	31	28	31	28	28	28	28	29	30	31	28	31	29	29	27	30	28	27	31	30	29	29	29	27	28	31	31	28	27	29	27	26	26	26	29	28	26	26	31	28	31	31	29	30	28	30	30	26	30	29	31	30	30	27	29	31	28	31	29	30	26	31	26	30	27	26	29	29	27	31	29	30	28	27	29	26	29	30	31	28	29	30	30	29	29	30	28	26	26	30	31	30	27	31	29	26	27	30	26	28	29	30	28	28	31	31	29	30	28	29	27	31	29	28	26	31	29	30	26	31	30	31	27	31	27	28	30	28	29	30	27	28	28	29	31	26	28	30	31	26	28	28	26	29	31	29	28	31	28	29	28	30	27	29	31	29	29	28	29	29	29	31	30	27	26	28	26	31	29	26	27	29	31	26	28	26	29	26	30	31	28	31	27	29	30	29	27	30	27	31	31	29	29	29	30	29	29	30	30	29	26	26	27	28	29	27	29	30	28	28	29	27	26	29	27	30	29	27	27	27	29	30	27	28	31	30	30	27	27	31	31	27	31	26	30	30	29	30	30	30	26	26	28	27	30	30	26	30	31	31	26	27	27	26	27	28	30	26	29	27	28	29	31	30	29	29	27	26	28	26	31	26	29	26	31	27	30	27	27	29	26	27	29	28	26	26	26	27	30	31	28	31	28	30	29	30	30	31	31	26	29	31	27	26	30	27	31	26	30	26	30	31	27	27	27	28	30	29	29	26	26	27	31	28	28	28	29	26	28	28	27	27	26	31	28	29	29	27	30	30	26	30	28	29	26	30	29	26	27	26	26	28	30	29	31	31	26	26	26	31	29	26	27	29	30	26	31	26	28	26	27	28	29	28	28	28	26	29	27	27	31	30	30	27	28	30	26	31	28	31	27	29	29	30	29	29	26	27	30	27	29	30	28	28	27	31	26	29	26	26	28	29	27	28	28	28	31	31	29	29	28	30	27	27	27	29	28	30	29	29	30	27	27	28	31	28	29	26	26	28	30	31	26	30	26	27	31	28	27	26	30	31	31	30	31	26	26	30	27	28	28	27	27	27	27	26	26	28	28	29	26	27	29	30	29	26	31	30	28	27	29	26	27	29	28	27	29	26	29	31	31	26	29	31	29	27	27	28	27	29	28	31	26	
94	92	94	85	86	92	84	79	86	79	83	93	89	85	88	94	87	94	92	80	80	87	80	86	93	91	81	85	88	92	88	78	94	88	85	78	87	77	77	91	79	86	79	89	82	86	88	82	78	77	84	88	82	78	76	85	86	88	83	87	79	90	83	87	88	81	80	86	91	79	85	82	80	82	79	88	83	92	84	80	87	77	77	90	81	89	92	94	84	92	87	88	78	87	77	85	80	79	76	82	88	88	79	79	79	85	91	89	93	94	81	89	93	82	81	91	94	87	83	91	87	91	77	86	78	82	76	78	88	87	79	83	76	81	92	76	90	85	77	86	82	82	77	92	91	80	87	81	88	92	81	90	94	94	85	83	89	80	84	80	91	89	90	76	91	84	93	78	77	89	83	91	93	92	83	82	91	86	79	78	79	82	77	87	89	88	76	76	91	90	80	84	94	86	87	83	78	82	83	94	81	90	86	89	77	78	83	92	80	78	83	77	79	76	93	89	85	87	81	83	84	83	86	84	88	85	85	94	87	77	84	83	93	79	94	88	80	93	78	80	83	78	84	94	86	91	83	89	80	90	79	87	86	77	81	93	77	80	82	88	84	82	88	78	93	86	78	87	83	85	88	84	80	76	93	94	93	80	80	88	90	82	82	79	84	91	83	88	85	85	87	90	83	92	77	89	87	94	87	87	85	92	89	83	82	76	76	81	87	88	84	82	87	84	77	92	93	94	90	87	80	83	83	83	94	83	91	87	81	84	90	90	82	88	84	86	91	90	92	85	92	92	88	89	85	84	82	90	84	93	94	76	89	85	81	81	81	79	90	90	84	92	79	91	86	81	77	85	93	84	86	83	88	86	78	87	92	79	81	84	93	93	89	88	91	82	77	76	93	89	78	86	86	94	79	89	81	77	79	80	79	84	83	81	80	84	80	83	90	92	90	80	87	82	86	78	92	93	82	89	80	90	88	77	91	88	82	84	81	93	93	93	93	92	90	77	87	76	87	76	87	79	82	88	93	81	93	84	87	83	81	88	86	90	86	82	82	90	94	84	85	91	91	84	80	90	93	87	87	77	92	91	91	77	86	87	90	80	86	79	85	83	80	90	83	78	93	77	93	90	91	84	76	82	77	88	84	94	81	87	77	93	90	84	77	88	94	83	77	89	77	79	89	81	82	76	82	88	81	89	83	88	92	78	81	94	77	81	79	76	90	83	85	92	85	85	89	91	92	90	85	82	94	81	87	88	84	84	80	92	79	87	86	86	87	77	93	82	88	84	76	94	86	87	80	93	82	91	94	82	76	90	77	90	79	84	85	86	79	83	94	87	85	83	85	85	76	78	94	91	78	88	78	92	92	79	83	91	93	77	92	82	89	84	86	82	79	88	85	79	81	93	82	94	79	76	89	81	82	80	81	84	90	86	78	77	79	93	88	85	90	79	91	92	80	90	78	92	89	94	84	78	91	89	80	86	79	84	77	83	79	94	78	91	88	89	84	76	78	82	84	93	83	89	87	91	80	88	91	85	87	80	85	90	78	91	90	76	80	94	85	89	78	94	78	76	78	78	77	79	91	84	87	82	89	87	86	86	77	84	77	85	77	78	84	86	91	88	85	85	84	78	85	88	80	76	92	80	93	86	88	80	79	92	86	76	79	87	87	84	78	84	83	79	88	93	83	78	88	79	79	87	94	84	79	94	77	86	81	85	91	76	81	79	86	77	79	86	86	85	78	79	86	82	85	84	93	90	92	83	86	84	89	93	79	93	77	86	76	85	88	87	88	77	85	87	91	89	86	84	81	76	90	94	85	78	76	89	81	91	92	82	92	82	78	80	87	87	88	80	76	77	80	83	94	83	76	92	78	79	87	82	88	83	85	90	86	77	76	91	93	76	91	78	86	90	88	94	82	93	88	80	93	80	78	78	90	89	83	85	81	89	86	85	78	94	79	87	76	87	90	76	82	90	86	87	81	86	84	93	92	89	94	91	81	94	92	78	86	85	87	76	86	82	86	92	83	79	84	85	82	79	80	94	84	85	91	76	85	84	78	87	88	77	80	91	92	84	87	85	82	94	85	86	78	90	85	76	92	81	92	82	76	93	77	91	90	82	77	84	77	79	86	91	90	86	93	89	89	90	87	89	81	82	79	83	94	77	78	80	84	83	82	87	94	78	81	94	78	90	89	80	88	82	91	83	89	84	87	91	79	78	89	87	79	87	81	76	90	76	85	85	81	88	88	92	87	87	92	88	79	90	94	86	94	90	77	92	83	83	
13.2	13.2	16.5	12.1	25.3	30.8	24.2	11	16.5	28.6	30.8	29.7	30.8	17.6	23.1	14.3	11	25.3	33	16.5	26.4	23.1	23.1	16.5	23.1	25.3	19.8	27.5	24.2	14.3	16.5	30.8	22	22	16.5	31.9	27.5	33	28.6	27.5	15.4	30.8	33	12.1	20.9	33	22	19.8	12.1	31.9	23.1	18.7	29.7	26.4	22	18.7	12.1	27.5	27.5	31.9	24.2	11	19.8	11	23.1	27.5	28.6	18.7	20.9	12.1	16.5	24.2	13.2	13.2	19.8	28.6	19.8	20.9	22	19.8	25.3	11	28.6	14.3	31.9	28.6	22	31.9	29.7	20.9	19.8	12.1	33	17.6	24.2	29.7	11	23.1	29.7	30.8	24.2	23.1	18.7	12.1	14.3	28.6	13.2	22	20.9	27.5	11	14.3	15.4	23.1	19.8	31.9	29.7	13.2	29.7	11	26.4	28.6	20.9	26.4	20.9	25.3	33	28.6	23.1	24.2	26.4	22	29.7	15.4	11	27.5	22	22	30.8	30.8	23.1	20.9	27.5	33	24.2	11	27.5	13.2	31.9	12.1	20.9	31.9	20.9	11	31.9	11	20.9	12.1	33	17.6	22	16.5	24.2	17.6	16.5	23.1	19.8	20.9	23.1	15.4	20.9	19.8	16.5	17.6	17.6	17.6	26.4	27.5	13.2	12.1	29.7	18.7	33	12.1	17.6	20.9	30.8	12.1	23.1	16.5	11	28.6	14.3	16.5	14.3	11	29.7	17.6	26.4	18.7	13.2	20.9	33	33	18.7	13.2	13.2	26.4	23.1	20.9	27.5	30.8	17.6	13.2	20.9	30.8	11	15.4	14.3	16.5	33	31.9	16.5	16.5	18.7	30.8	15.4	15.4	16.5	30.8	30.8	25.3	12.1	18.7	19.8	18.7	14.3	31.9	15.4	28.6	15.4	18.7	27.5	22	11	28.6	13.2	12.1	23.1	22	11	31.9	24.2	24.2	25.3	15.4	13.2	11	20.9	22	24.2	27.5	25.3	19.8	20.9	19.8	25.3	23.1	22	29.7	25.3	13.2	25.3	26.4	29.7	26.4	15.4	11	23.1	26.4	15.4	17.6	24.2	33	18.7	11	27.5	31.9	14.3	23.1	17.6	24.2	13.2	16.5	13.2	25.3	24.2	19.8	22	22	22	12.1	28.6	19.8	26.4	28.6	12.1	20.9	24.2	28.6	25.3	22	12.1	15.4	28.6	20.9	27.5	24.2	31.9	15.4	23.1	27.5	16.5	27.5	16.5	23.1	15.4	33	33	22	15.4	20.9	23.1	28.6	22	33	12.1	15.4	23.1	26.4	19.8	25.3	27.5	20.9	17.6	24.2	20.9	24.2	11	22	26.4	14.3	16.5	18.7	16.5	27.5	18.7	13.2	11	16.5	30.8	23.1	19.8	13.2	22	16.5	27.5	22	26.4	11	17.6	13.2	26.4	14.3	18.7	13.2	29.7	29.7	13.2	18.7	12.1	16.5	26.4	22	22	14.3	12.1	26.4	16.5	20.9	28.6	14.3	17.6	17.6	33	24.2	25.3	22	27.5	33	22	19.8	13.2	19.8	17.6	25.3	13.2	11	30.8	30.8	20.9	29.7	24.2	20.9	18.7	17.6	29.7	33	17.6	11	17.6	24.2	20.9	22	26.4	30.8	27.5	27.5	19.8	25.3	19.8	25.3	17.6	27.5	20.9	27.5	19.8	23.1	25.3	18.7	27.5	28.6	26.4	20.9	18.7	16.5	19.8	27.5	20.9	24.2	28.6	25.3	25.3	17.6	13.2	14.3	25.3	30.8	22	31.9	16.5	27.5	11	33	17.6	23.1	27.5	20.9	23.1	33	33	30.8	20.9	12.1	28.6	20.9	25.3	14.3	29.7	27.5	19.8	16.5	29.7	30.8	31.9	20.9	25.3	22	13.2	28.6	25.3	11	13.2	22	13.2	26.4	12.1	25.3	33	13.2	22	17.6	12.1	17.6	19.8	18.7	22	17.6	27.5	15.4	13.2	33	18.7	20.9	30.8	24.2	13.2	18.7	22	26.4	15.4	28.6	14.3	25.3	24.2	28.6	22	28.6	22	31.9	31.9	30.8	30.8	11	26.4	28.6	28.6	13.2	20.9	27.5	19.8	33	31.9	17.6	33	26.4	18.7	14.3	16.5	28.6	28.6	11	13.2	17.6	25.3	30.8	11	33	19.8	15.4	18.7	29.7	14.3	24.2	11	13.2	20.9	11	26.4	18.7	15.4	23.1	19.8	31.9	18.7	30.8	26.4	17.6	12.1	20.9	31.9	29.7	30.8	19.8	17.6	15.4	12.1	18.7	23.1	22	23.1	18.7	18.7	29.7	14.3	28.6	15.4	18.7	33	18.7	25.3	33	18.7	29.7	14.3	26.4	18.7	23.1	33	18.7	13.2	14.3	17.6	26.4	31.9	30.8	17.6	20.9	11	26.4	14.3	14.3	23.1	23.1	11	26.4	28.6	13.2	13.2	22	30.8	17.6	15.4	27.5	15.4	11	28.6	24.2	17.6	30.8	19.8	29.7	25.3	23.1	28.6	28.6	29.7	12.1	24.2	16.5	15.4	18.7	31.9	31.9	33	25.3	25.3	14.3	25.3	20.9	11	24.2	27.5	31.9	17.6	16.5	22	23.1	31.9	29.7	27.5	17.6	15.4	11	31.9	17.6	14.3	12.1	26.4	23.1	11	23.1	13.2	29.7	14.3	30.8	14.3	20.9	23.1	20.9	12.1	12.1	11	25.3	23.1	23.1	26.4	11	28.6	25.3	25.3	17.6	19.8	28.6	25.3	25.3	30.8	29.7	33	19.8	22	29.7	25.3	18.7	16.5	22	24.2	30.8	33	14.3	19.8	14.3	17.6	20.9	12.1	20.9	17.6	13.2	26.4	17.6	30.8	14.3	29.7	11	30.8	26.4	14.3	23.1	19.8	13.2	12.1	13.2	24.2	14.3	17.6	13.2	17.6	29.7	33	29.7	31.9	24.2	15.4	14.3	12.1	13.2	31.9	31.9	24.2	28.6	14.3	24.2	22	17.6	22	26.4	12.1	25.3	15.4	27.5	23.1	16.5	25.3	20.9	28.6	14.3	30.8	16.5	23.1	17.6	26.4	15.4	15.4	31.9	12.1	18.7	24.2	33	14.3	23.1	24.2	30.8	28.6	16.5	25.3	25.3	13.2	14.3	24.2	12.1	26.4	11	20.9	29.7	15.4	33	15.4	29.7	14.3	28.6	31.9	24.2	30.8	25.3	18.7	24.2	22	24.2	19.8	20.9	26.4	13.2	22	11	17.6	23.1	31.9	18.7	29.7	25.3	22	19.8	29.7	16.5	11	14.3	11	20.9	23.1	15.4	26.4	12.1	27.5	12.1	13.2	26.4	25.3	28.6	23.1	30.8	25.3	30.8	14.3	24.2	13.2	20.9	11	28.6	15.4	14.3	23.1	18.7	15.4	27.5	20.9	20.9	18.7	28.6	13.2	20.9	13.2	14.3	13.2	31.9	13.2	15.4	26.4	17.6	31.9	28.6	22	29.7	29.7	17.6	19.8	28.6	29.7	17.6	23.1	27.5	25.3	33	23.1	30.8	14.3	28.6	18.7	15.4	13.2	27.5	17.6	20.9	25.3	25.3	16.5	16.5	16.5	28.6	12.1	23.1	25.3	28.6	18.7	18.7	22	31.9	19.8	18.7	11	27.5	13.2	13.2	19.8	14.3	28.6	11	28.6	22	27.5	29.7	13.2	29.7	19.8	30.8	28.6	26.4	27.5	31.9	33	31.9	18.7	31.9	25.3	15.4	18.7	13.2	33	28.6	24.2	14.3	11	31.9	24.2	20.9	26.4	19.8	13.2	25.3	20.9	24.2	26.4	22	17.6	20.9	30.8	19.8	20.9	16.5	18.7	15.4	22	16.5	29.7	18.7	26.4	19.8	22	24.2	23.1	19.8	27.5	33	20.9	22	26.4	27.5	18.7	30.8	30.8	18.7	16.5	17.6	31.9	22	26.4	13.2	12.1	23.1	17.6	22	
33	22	18.7	24.2	12.1	14.3	26.4	26.4	24.2	26.4	23.1	14.3	26.4	26.4	27.5	27.5	27.5	23.1	30.8	27.5	11	16.5	11	16.5	26.4	33	27.5	31.9	26.4	19.8	28.6	15.4	15.4	20.9	17.6	18.7	25.3	28.6	30.8	28.6	29.7	14.3	19.8	25.3	29.7	16.5	26.4	20.9	13.2	23.1	20.9	13.2	12.1	23.1	20.9	15.4	28.6	28.6	17.6	11	33	17.6	24.2	20.9	11	27.5	26.4	11	25.3	15.4	27.5	18.7	16.5	29.7	18.7	16.5	18.7	33	18.7	28.6	17.6	20.9	29.7	29.7	25.3	16.5	22	26.4	22	12.1	22	22	25.3	18.7	26.4	12.1	17.6	27.5	20.9	18.7	18.7	17.6	24.2	22	33	22	12.1	17.6	27.5	24.2	19.8	23.1	20.9	13.2	13.2	31.9	27.5	24.2	30.8	30.8	27.5	33	12.1	27.5	30.8	23.1	14.3	22	16.5	17.6	13.2	11	19.8	11	22	18.7	17.6	25.3	24.2	22	26.4	16.5	24.2	27.5	25.3	20.9	24.2	22	20.9	31.9	26.4	12.1	31.9	12.1	30.8	16.5	12.1	29.7	19.8	33	29.7	14.3	19.8	16.5	12.1	23.1	24.2	33	19.8	24.2	27.5	24.2	25.3	25.3	30.8	17.6	20.9	28.6	23.1	27.5	18.7	16.5	18.7	18.7	23.1	20.9	31.9	17.6	26.4	22	29.7	30.8	12.1	28.6	23.1	24.2	29.7	15.4	14.3	31.9	11	17.6	22	13.2	31.9	33	17.6	13.2	29.7	24.2	23.1	11	15.4	17.6	16.5	23.1	27.5	33	15.4	17.6	25.3	18.7	22	13.2	18.7	16.5	13.2	11	25.3	17.6	25.3	19.8	22	23.1	19.8	23.1	25.3	12.1	18.7	20.9	20.9	28.6	18.7	31.9	23.1	26.4	26.4	19.8	25.3	33	12.1	26.4	17.6	25.3	14.3	13.2	11	28.6	31.9	23.1	24.2	30.8	23.1	33	18.7	28.6	33	29.7	23.1	19.8	20.9	24.2	31.9	17.6	29.7	25.3	11	31.9	33	17.6	28.6	17.6	23.1	29.7	28.6	22	29.7	12.1	19.8	19.8	17.6	20.9	33	13.2	22	29.7	15.4	19.8	18.7	26.4	31.9	14.3	17.6	16.5	24.2	31.9	33	15.4	16.5	33	27.5	13.2	19.8	27.5	16.5	23.1	15.4	19.8	26.4	28.6	30.8	24.2	15.4	15.4	25.3	25.3	11	17.6	24.2	29.7	11	33	17.6	27.5	28.6	30.8	12.1	13.2	22	27.5	17.6	16.5	33	13.2	33	13.2	11	13.2	24.2	20.9	24.2	22	27.5	25.3	33	33	28.6	11	31.9	26.4	16.5	17.6	27.5	15.4	16.5	27.5	28.6	24.2	30.8	26.4	23.1	33	27.5	14.3	27.5	24.2	25.3	26.4	11	11	11	16.5	20.9	11	19.8	20.9	16.5	17.6	31.9	19.8	31.9	14.3	11	16.5	14.3	11	11	26.4	25.3	33	15.4	20.9	27.5	13.2	11	23.1	26.4	18.7	22	27.5	22	19.8	12.1	30.8	14.3	16.5	16.5	24.2	16.5	17.6	13.2	31.9	29.7	17.6	27.5	33	31.9	12.1	29.7	20.9	31.9	23.1	19.8	13.2	14.3	27.5	18.7	17.6	17.6	23.1	23.1	25.3	25.3	18.7	15.4	18.7	29.7	17.6	22	31.9	23.1	18.7	12.1	14.3	27.5	15.4	25.3	12.1	29.7	13.2	17.6	11	27.5	31.9	14.3	18.7	11	12.1	31.9	25.3	11	12.1	28.6	24.2	33	27.5	33	24.2	23.1	33	11	33	30.8	28.6	13.2	12.1	31.9	14.3	28.6	16.5	17.6	23.1	33	26.4	24.2	20.9	12.1	28.6	22	12.1	17.6	27.5	25.3	16.5	18.7	26.4	20.9	23.1	17.6	11	15.4	23.1	31.9	12.1	24.2	27.5	22	28.6	33	18.7	14.3	28.6	24.2	17.6	22	27.5	12.1	18.7	13.2	22	26.4	13.2	20.9	31.9	30.8	14.3	28.6	28.6	17.6	31.9	33	18.7	29.7	13.2	19.8	29.7	19.8	14.3	33	23.1	20.9	19.8	15.4	24.2	24.2	17.6	18.7	33	23.1	17.6	19.8	13.2	30.8	19.8	16.5	24.2	20.9	12.1	29.7	25.3	19.8	22	15.4	27.5	31.9	31.9	29.7	17.6	29.7	11	33	26.4	13.2	33	28.6	13.2	31.9	31.9	11	12.1	28.6	20.9	11	24.2	16.5	14.3	19.8	15.4	16.5	29.7	23.1	33	23.1	18.7	20.9	16.5	20.9	22	29.7	27.5	28.6	16.5	12.1	22	22	15.4	33	26.4	22	15.4	13.2	19.8	11	33	11	26.4	24.2	20.9	11	30.8	25.3	12.1	16.5	11	29.7	31.9	24.2	24.2	11	22	14.3	30.8	19.8	33	18.7	11	13.2	17.6	28.6	31.9	14.3	11	12.1	31.9	31.9	20.9	24.2	17.6	18.7	27.5	23.1	31.9	11	11	23.1	26.4	17.6	22	14.3	19.8	27.5	30.8	27.5	18.7	24.2	27.5	24.2	18.7	11	33	26.4	15.4	30.8	18.7	18.7	13.2	33	12.1	12.1	33	20.9	22	24.2	28.6	18.7	11	31.9	27.5	31.9	29.7	13.2	11	26.4	23.1	29.7	11	29.7	12.1	11	29.7	33	33	31.9	27.5	25.3	24.2	15.4	12.1	25.3	24.2	19.8	30.8	25.3	12.1	27.5	28.6	13.2	13.2	11	11	19.8	33	20.9	26.4	30.8	33	27.5	13.2	13.2	20.9	19.8	11	18.7	23.1	25.3	16.5	15.4	22	25.3	19.8	24.2	12.1	28.6	23.1	20.9	14.3	16.5	20.9	26.4	25.3	31.9	16.5	25.3	19.8	28.6	16.5	18.7	24.2	29.7	14.3	17.6	23.1	27.5	12.1	12.1	14.3	24.2	27.5	19.8	13.2	12.1	11	19.8	18.7	16.5	20.9	19.8	15.4	13.2	13.2	23.1	23.1	26.4	20.9	30.8	22	25.3	22	12.1	19.8	15.4	16.5	22	31.9	20.9	27.5	19.8	33	12.1	11	11	29.7	23.1	23.1	17.6	28.6	14.3	12.1	28.6	23.1	20.9	19.8	28.6	25.3	18.7	27.5	16.5	12.1	13.2	22	23.1	33	16.5	28.6	27.5	28.6	31.9	24.2	33	30.8	12.1	23.1	24.2	13.2	15.4	19.8	26.4	24.2	18.7	16.5	19.8	25.3	31.9	16.5	16.5	11	31.9	11	18.7	13.2	28.6	25.3	31.9	27.5	14.3	19.8	27.5	28.6	24.2	26.4	26.4	24.2	25.3	31.9	27.5	22	15.4	29.7	14.3	28.6	31.9	27.5	25.3	20.9	17.6	25.3	24.2	27.5	30.8	23.1	19.8	13.2	29.7	30.8	28.6	19.8	24.2	24.2	27.5	17.6	24.2	15.4	25.3	30.8	25.3	24.2	17.6	33	16.5	30.8	31.9	31.9	31.9	24.2	11	17.6	23.1	33	28.6	19.8	23.1	11	16.5	28.6	14.3	19.8	33	26.4	20.9	12.1	14.3	17.6	17.6	17.6	31.9	27.5	24.2	26.4	16.5	15.4	18.7	30.8	26.4	12.1	15.4	13.2	23.1	29.7	33	28.6	22	33	18.7	14.3	29.7	11	13.2	23.1	28.6	30.8	11	30.8	25.3	22	30.8	23.1	17.6	30.8	26.4	15.4	15.4	14.3	14.3	26.4	28.6	19.8	29.7	30.8	19.8	13.2	13.2	12.1	16.5	13.2	12.1	20.9	27.5	16.5	27.5	31.9	16.5	31.9	22	18.7	24.2	33	33	12.1	11	12.1	
13.2	24.2	33	27.5	18.7	24.2	26.4	14.3	25.3	25.3	16.5	29.7	19.8	27.5	28.6	17.6	18.7	19.8	24.2	14.3	16.5	31.9	11	16.5	33	30.8	13.2	14.3	19.8	33	
20	13	20	17	19	10	14	13	15	18	14	19	18	15	13	14	10	10	10	10	12	14	10	13	10	20	18	13	19	18	17	13	17	15	15	17	19	11	17	16	19	18	20	17	13	20	16	20	14	15	13	18	13	12	14	10	12	13	11	18	15	15	20	10	10	10	19	17	13	17	10	14	16	17	18	16	13	17	15	13	17	14	16	15	12	14	15	20	17	17	15	18	14	16	15	20	15	12	15	19	11	17	19	17	10	19	16	15	17	16	11	10	14	16	18	11	11	19	16	11	13	10	10	13	10	14	17	12	12	20	19	12	19	20	17	10	13	13	12	12	14	17	15	13	11	15	13	12	19	11	12	18	15	16	15	20	10	15	12	11	15	11	10	15	16	15	12	15	15	19	17	10	15	16	17	19	13	13	12	18	11	15	10	16	18	10	10	15	20	20	10	17	10	16	12	12	10	14	20	14	15	12	20	12	13	19	16	15	12	19	17	10	11	17	11	20	19	12	12	10	11	15	15	18	17	16	17	16	11	15	20	18	20	12	18	11	17	19	18	19	10	18	20	20	14	15	14	17	14	15	14	18	18	19	19	16	18	20	16	15	10	16	12	14	14	15	11	11	19	19	11	10	10	10	18	20	10	15	15	20	20	17	14	12	16	15	19	12	20	15	12	15	13	15	14	13	10	16	14	18	12	10	16	20	14	18	14	15	15	10	14	14	11	15	15	16	14	20	17	13	18	19	12	15	19	14	15	11	13	13	17	12	17	17	13	18	13	13	18	17	12	13	18	11	15	19	12	17	15	12	12	16	11	18	20	15	14	11	13	11	18	18	14	19	12	16	11	11	10	20	15	12	20	16	18	20	10	12	10	14	15	17	17	15	17	20	13	14	18	12	20	10	10	16	15	18	17	17	20	20	20	15	20	11	19	15	14	16	20	13	17	12	17	20	12	16	12	15	16	18	19	12	12	18	20	12	12	15	13	20	15	20	18	20	14	17	15	13	17	10	13	13	13	17	17	11	16	17	20	10	16	18	17	11	17	16	18	16	15	19	19	15	11	17	18	19	14	15	20	16	15	10	14	19	20	19	18	20	11	14	12	15	18	13	14	12	13	11	13	20	17	11	20	20	14	14	17	19	16	16	11	16	10	20	20	19	12	19	15	10	19	18	18	20	13	18	20	14	15	15	10	18	18	16	13	11	12	15	15	17	16	12	14	14	20	19	10	19	11	15	14	14	19	17	12	17	12	16	15	19	18	16	18	10	20	12	17	14	15	12	19	16	10	20	14	10	17	16	13	19	14	15	19	18	13	10	14	20	14	14	18	10	17	13	13	15	14	13	11	20	12	11	13	17	11	17	11	19	10	15	10	14	10	11	20	20	12	12	18	17	14	15	18	11	10	19	17	12	10	18	20	17	12	20	15	15	19	11	15	18	18	18	20	13	15	14	19	16	15	19	17	13	11	18	11	13	17	16	13	20	19	15	17	16	10	11	10	12	15	14	17	19	19	14	15	15	14	19	12	19	11	10	10	16	14	10	14	20	20	20	18	13	14	12	17	10	15	18	15	14	15	18	13	19	15	12	13	17	13	18	16	12	15	12	14	12	14	12	12	13	17	17	12	16	13	18	20	18	16	12	10	17	13	20	19	20	11	10	10	12	12	20	17	14	14	10	17	12	19	14	13	18	12	11	18	13	18	17	20	17	15	12	15	15	10	18	18	13	16	14	20	16	16	16	12	12	18	18	19	15	13	20	16	18	20	12	14	19	18	16	11	15	18	20	10	10	11	17	20	19	17	17	18	16	17	18	20	14	11	13	10	15	12	17	19	14	13	11	15	14	17	19	17	20	20	19	10	14	11	10	18	14	19	12	14	14	17	14	11	15	10	14	16	14	10	19	14	16	10	14	20	11	18	10	20	14	14	14	11	15	17	16	12	20	10	12	20	20	12	19	11	16	15	20	16	19	16	17	12	18	14	12	20	18	15	18	15	11	13	20	17	11	11	14	13	17	18	19	19	11	18	18	18	19	12	20	13	20	12	10	10	13	10	13	14	15	10	19	17	16	14	18	16	17	17	15	14	10	18	11	10	16	15	18	20	12	15	14	13	18	19	18	11	17	16	20	16	19	15	16	18	16	17	17	15	17	11	18	18	16	14	13	10	15	17	16	10	20	17	17	12	12	18	15	19	16	18	16	17	20	16	18	12	12	13	15	11	12	19	19	18	11	17	16	12	12	18	13	13	15	15	17	20	17	12	11	18	11	15	18	
1	1	1	1	1	1	1	1	1	1	1	1	1	1	1	1	1	1	1	2	2	2	2	2	2	2	2	2	2	2	2	2	2	2	2	2	2	2	2	2	2	2	2	2	2	2	2	2	2	2	2	2	2	2	2	2	2	2	2	2	2	3	3	3	3	3	3	3	3	3	3	3	3	3	3	3	3	3	3	3	3	3	3	3	3	3	3	3	3	3	3	3	4	4	4	4	4	4	4	4	4	4	4	4	4	4	4	4	4	4	4	4	4	4	4	4	4	5	5	5	5	5	5	5	5	5	5	5	5	5	5	5	5	5	5	5	5	5	5	5	5	5	5	6	6	6	6	6	6	6	6	6	6	6	6	6	6	6	6	6	6	6	6	6	6	6	6	6	6	6	6	6	6	6	6	6	7	7	7	7	7	7	7	7	7	7	7	7	7	7	7	7	7	7	7	7	7	7	7	7	8	8	8	8	8	8	8	8	8	8	8	8	8	8	8	8	8	8	8	8	8	8	8	8	8	8	8	8	8	8	8	9	9	9	9	9	9	9	9	9	9	9	9	9	9	9	9	9	9	9	9	9	9	9	9	9	9	9	9	9	9	9	9	9	9	9	9	9	9	9	9	10	10	10	10	10	10	10	10	10	10	10	10	10	10	10	10	10	10	10	10	10	10	10	10	10	10	10	10	10	10	10	10	10	10	10	11	11	11	11	11	11	11	11	11	11	11	11	11	11	11	11	11	11	11	11	11	11	11	11	11	11	11	11	11	11	11	11	11	11	11	11	11	11	12	12	12	12	12	12	12	12	12	12	12	12	12	12	12	12	12	12	12	12	12	12	12	12	12	12	12	12	12	12	12	12	12	12	12	12	12	12	12	12	13	13	13	13	13	13	13	13	13	13	13	13	13	13	13	13	13	13	13	13	13	13	13	13	13	13	13	13	13	13	13	13	13	13	13	13	14	14	14	14	14	14	14	14	14	14	14	14	14	14	14	14	14	14	14	14	14	14	14	14	14	15	15	15	15	15	15	15	15	15	15	15	15	15	15	15	15	15	15	15	15	15	15	15	15	15	15	15	15	15	15	15	16	16	16	16	16	16	16	16	16	16	16	16	16	16	16	16	16	16	16	16	16	16	16	16	16	16	16	16	16	16	16	16	16	16	16	16	16	16	16	17	17	17	17	17	17	17	17	17	17	17	17	17	17	17	17	17	17	17	17	17	17	17	17	17	17	17	17	18	18	18	18	18	18	18	18	18	18	18	18	18	18	18	18	18	18	18	18	18	18	18	18	18	18	18	18	18	18	18	18	18	18	18	18	18	18	18	18	18	18	18	18	19	19	19	19	19	19	19	19	19	19	19	19	19	19	19	19	19	19	19	19	19	19	19	19	19	19	19	19	19	19	19	19	19	19	19	19	19	19	19	20	20	20	20	20	20	20	20	20	20	20	20	20	20	20	20	20	20	20	20	20	20	20	20	20	20	20	20	20	21	21	21	21	21	21	21	21	21	21	21	21	21	21	21	21	21	21	21	21	21	21	21	21	21	21	21	21	21	21	21	21	21	21	21	21	22	22	22	22	22	22	22	22	22	22	22	22	22	22	22	22	22	22	22	22	22	22	22	22	22	22	22	22	22	22	22	22	22	23	23	23	23	23	23	23	23	23	23	23	23	23	23	23	23	23	23	23	23	23	23	23	23	23	23	23	23	23	23	23	23	23	23	23	24	24	24	24	24	24	24	24	24	24	24	24	24	24	24	24	24	24	24	24	24	24	24	24	24	24	24	24	24	24	24	24	25	25	25	25	25	25	25	25	25	25	25	25	25	25	25	25	25	25	25	25	25	25	25	25	25	25	25	25	25	25	25	25	25	26	26	26	26	26	26	26	26	26	26	26	26	26	26	26	26	26	26	26	26	26	26	26	26	26	26	26	26	26	26	26	26	26	26	26	26	26	26	26	27	27	27	27	27	27	27	27	27	27	27	27	27	27	27	27	27	27	27	27	27	27	27	27	27	27	27	27	27	27	27	27	27	27	27	27	27	27	27	28	28	28	28	28	28	28	28	28	28	28	28	28	28	28	28	28	28	28	28	28	28	28	28	28	28	28	28	28	28	28	28	28	28	28	28	29	29	29	29	29	29	29	29	29	29	29	29	29	29	29	29	29	29	29	29	29	29	29	29	29	29	29	29	29	29	29	29	29	29	29	29	29	30	30	30	30	30	30	30	30	30	30	30	30	30	30	30	30	30	30	30	30	30	30	30	30	30	
