1000
15	3
1091	15.4
29	26	30	26	26	30	29	30	30	31	28	27	28	31	29	27	27	29	30	27	27	29	28	26	31	31	27	31	30	27	30	26	26	31	30	27	31	28	29	31	30	28	31	30	26	28	26	28	31	31	28	30	26	31	26	26	29	30	31	29	27	31	29	27	27	29	30	31	30	28	31	27	30	27	31	31	30	31	30	31	26	27	26	26	29	26	30	31	30	30	28	28	26	26	28	26	26	29	30	29	28	31	30	27	30	30	30	29	26	28	29	31	26	30	26	27	29	28	28	27	26	27	28	26	30	31	30	28	31	26	31	26	29	29	26	28	26	29	31	26	26	26	27	31	28	29	31	28	29	31	30	27	28	31	30	31	28	27	26	27	29	26	26	26	29	26	27	27	27	31	27	28	27	31	26	28	26	29	31	27	26	26	28	30	30	30	30	27	28	27	29	26	31	30	30	28	30	26	26	26	30	29	28	28	31	31	29	27	29	26	26	30	26	29	27	26	27	30	28	26	31	27	30	30	26	31	30	30	31	27	30	31	30	26	27	28	27	26	28	30	29	26	31	30	28	30	30	30	27	27	30	28	30	30	26	28	27	30	28	29	29	31	28	27	31	29	28	27	29	27	26	30	28	28	30	29	28	26	26	30	31	29	26	26	30	30	31	28	27	28	26	27	26	29	30	30	29	28	26	30	26	26	29	26	28	29	28	27	26	31	27	29	26	31	29	28	26	26	31	29	31	31	27	26	29	31	26	31	29	27	27	26	26	27	29	26	29	26	29	27	26	31	26	30	29	26	26	29	28	29	29	28	26	28	30	30	30	26	27	26	31	26	26	27	28	28	27	31	31	27	31	29	28	30	30	27	30	31	28	27	26	29	30	31	30	26	26	29	28	27	26	30	29	27	26	27	31	30	29	30	29	31	31	29	31	29	31	31	27	29	28	30	28	31	26	29	30	29	28	29	29	26	29	29	29	30	30	30	27	27	31	28	26	26	30	28	27	26	29	31	26	27	26	26	31	26	27	27	31	31	26	31	27	26	27	31	31	28	31	28	27	27	29	26	27	28	27	31	26	27	29	27	27	28	29	29	30	26	27	30	26	30	29	30	30	26	29	30	29	30	28	29	30	30	27	31	30	28	27	29	27	29	26	30	29	30	29	26	27	31	28	30	28	26	31	31	28	30	28	29	31	30	28	29	30	29	28	27	28	31	28	27	26	29	27	27	31	27	30	26	28	29	29	26	27	27	27	31	31	26	29	29	28	30	27	30	26	26	26	28	29	26	26	27	28	28	29	28	31	30	31	31	30	26	31	26	27	31	31	30	29	29	28	29	31	26	28	30	31	30	29	26	26	29	30	26	28	31	28	26	29	31	30	26	28	29	28	26	29	31	30	30	31	30	28	26	30	27	27	26	31	29	26	28	30	31	26	30	27	29	29	29	26	31	26	29	30	28	31	31	28	30	29	27	29	28	26	26	29	29	29	26	28	29	26	30	31	28	27	30	27	28	30	26	31	29	27	28	29	26	27	30	30	30	29	29	31	29	29	31	26	28	31	31	27	28	30	27	29	31	31	28	30	29	30	27	31	30	29	31	31	31	27	29	31	30	28	30	31	26	28	27	30	29	31	29	29	31	31	31	26	27	27	28	30	26	27	29	28	29	29	28	27	30	28	30	27	27	28	31	30	27	28	31	28	31	31	29	26	29	28	29	30	31	26	26	31	29	26	28	28	31	27	27	30	31	27	29	30	27	30	31	29	29	27	27	28	26	30	28	28	27	29	31	26	28	29	26	26	30	28	26	31	28	26	29	29	30	26	27	29	30	26	26	31	29	26	29	31	31	26	30	28	27	28	30	26	28	29	29	29	30	27	26	26	31	30	28	30	31	31	30	28	31	28	27	26	26	31	28	26	31	28	28	29	30	28	26	31	31	31	26	27	30	27	27	30	29	29	31	31	29	31	27	27	26	26	30	31	29	28	29	27	31	26	27	28	30	29	27	27	26	31	30	30	26	30	27	27	28	28	31	29	27	31	26	28	27	27	29	29	29	28	31	27	31	27	28	31	31	26	29	27	30	31	26	27	28	27	27	27	31	28	29	30	30	29	29	31	27	28	29	31	30	30	30	28	29	31	30	28	28	26	30	26	29	26	29	28	31	26	30	28	27	29	27	26	30	31	31	28	27	28	27	27	29	30	30	27	29	29	29	26	28	27	28	27	29	29	28	31	30	30	30	29	31	29	30	29	27	27	26	30	30	31	26	28	29	31	28	
80	76	82	93	91	89	76	80	87	79	85	87	82	89	94	81	90	88	80	79	92	91	94	91	79	93	80	83	92	85	76	81	88	80	94	86	88	92	80	78	89	82	91	84	80	83	93	89	80	76	78	94	82	89	80	87	90	91	91	79	77	90	80	82	94	80	76	84	93	87	76	93	91	92	88	77	80	89	84	85	77	76	87	84	85	89	82	82	90	84	84	80	83	85	85	93	90	81	84	83	85	88	91	82	80	77	86	76	80	79	83	85	83	79	78	89	76	88	92	84	90	93	81	76	90	85	80	90	76	79	79	82	79	94	76	77	81	94	90	82	94	91	77	77	90	94	76	86	85	90	93	83	88	79	76	89	83	85	85	84	83	92	77	88	81	82	89	85	91	92	77	85	85	77	93	90	78	77	76	82	77	85	88	85	90	82	84	85	80	80	88	91	94	89	90	82	89	89	84	76	84	92	80	86	79	80	82	89	93	84	92	90	91	91	86	78	86	86	78	78	87	79	90	78	88	82	93	80	89	84	85	76	82	81	85	84	94	80	86	88	77	86	94	92	82	82	86	79	77	83	94	93	77	82	94	82	77	80	81	90	76	84	83	84	89	80	77	83	92	91	76	86	78	87	88	92	84	86	79	92	79	87	84	79	78	90	83	87	90	85	85	80	79	87	81	84	93	80	86	94	87	94	83	82	94	85	94	76	82	94	83	80	77	81	76	94	94	79	88	79	79	92	92	93	81	94	87	90	89	83	81	93	78	78	81	93	80	83	87	78	81	92	79	92	94	86	85	91	90	76	89	92	78	82	80	87	83	81	80	90	86	80	81	76	90	82	85	94	84	76	90	83	84	77	92	76	93	81	83	90	77	87	89	90	89	87	93	79	78	92	82	77	91	83	79	87	81	77	85	76	85	81	88	78	90	81	77	93	86	78	84	88	81	88	84	90	94	93	77	81	92	87	83	93	85	91	79	88	76	89	93	78	92	85	79	82	92	91	94	93	83	76	87	87	90	85	91	85	92	89	82	80	83	81	76	90	76	84	78	89	82	80	84	80	81	86	83	82	81	84	79	79	81	90	90	92	86	87	93	91	76	93	82	86	85	90	83	87	83	76	85	90	88	90	83	84	90	76	80	81	77	87	94	91	91	93	81	78	94	80	78	82	82	81	82	88	82	82	86	81	80	77	86	78	85	77	79	89	93	82	80	84	84	86	88	94	82	82	82	89	87	93	77	82	91	84	93	76	79	76	79	88	92	83	90	87	93	81	78	79	93	77	78	81	78	91	90	81	90	82	86	81	78	79	84	89	84	93	91	86	80	85	94	89	90	92	83	79	87	92	94	82	80	84	91	76	88	85	90	79	90	94	86	81	76	84	83	82	82	76	80	92	93	94	79	80	76	86	88	78	94	92	91	87	84	78	92	76	86	86	80	90	91	78	93	91	86	81	90	91	87	76	77	89	91	76	87	83	87	86	94	80	76	87	86	76	84	94	91	77	87	76	84	94	81	90	86	90	92	82	78	90	91	77	85	94	79	79	84	88	76	88	86	77	89	76	79	85	77	91	81	89	82	83	78	85	89	77	83	79	94	80	84	80	79	78	91	89	80	89	94	78	93	81	81	86	86	78	92	86	94	93	82	83	76	90	89	94	91	91	92	88	88	79	90	81	84	93	94	89	89	86	84	84	77	89	80	78	84	87	77	87	91	81	92	89	87	81	81	89	92	84	80	83	80	78	92	87	81	85	80	78	87	84	91	90	89	80	77	81	80	85	87	90	82	77	80	88	82	91	77	86	84	83	79	82	88	93	93	79	76	84	78	90	78	85	83	85	91	77	78	76	89	93	82	78	87	88	87	92	80	84	79	80	93	87	86	79	87	82	88	94	88	82	85	88	85	86	81	94	79	92	88	77	77	92	91	76	84	80	90	83	90	79	76	85	80	85	81	79	91	77	93	80	93	92	83	94	76	88	92	93	76	83	88	87	82	94	77	87	77	91	84	93	88	90	86	87	91	93	91	79	85	91	85	78	85	87	80	81	78	80	85	78	84	86	87	94	78	89	87	91	92	78	76	94	88	82	80	77	93	86	86	84	92	88	88	86	85	93	83	78	93	83	82	84	92	76	87	82	84	94	89	83	92	82	80	89	84	80	87	90	92	83	78	85	86	85	79	79	93	93	89	82	94	76	76	79	93	81	82	91	88	93	84	90	86	93	77	90	92	76	78	84	88	78	78	79	82	92	84	84	91	89	85	84	94	76	85	91	
12.1	23.1	31.9	28.6	15.4	16.5	23.1	16.5	12.1	33	18.7	24.2	29.7	26.4	25.3	29.7	29.7	17.6	24.2	33	12.1	30.8	17.6	25.3	26.4	30.8	17.6	11	28.6	14.3	27.5	12.1	17.6	17.6	30.8	25.3	12.1	26.4	22	24.2	31.9	15.4	29.7	17.6	19.8	33	19.8	14.3	23.1	25.3	29.7	28.6	16.5	18.7	14.3	13.2	20.9	17.6	13.2	11	29.7	23.1	16.5	33	25.3	22	23.1	27.5	25.3	25.3	19.8	18.7	18.7	28.6	23.1	16.5	25.3	15.4	31.9	20.9	28.6	15.4	30.8	29.7	33	17.6	29.7	29.7	29.7	27.5	29.7	33	27.5	20.9	30.8	27.5	20.9	14.3	27.5	13.2	33	15.4	15.4	31.9	29.7	28.6	17.6	13.2	19.8	33	23.1	27.5	24.2	20.9	15.4	24.2	29.7	13.2	13.2	22	11	26.4	23.1	12.1	14.3	16.5	22	16.5	11	33	24.2	20.9	11	31.9	13.2	14.3	18.7	24.2	30.8	28.6	17.6	24.2	25.3	25.3	16.5	25.3	33	13.2	25.3	11	33	13.2	13.2	24.2	20.9	15.4	14.3	23.1	23.1	23.1	23.1	29.7	31.9	19.8	12.1	23.1	23.1	26.4	12.1	16.5	11	14.3	23.1	28.6	19.8	30.8	17.6	19.8	30.8	16.5	13.2	15.4	29.7	14.3	33	14.3	22	11	30.8	13.2	23.1	18.7	33	23.1	27.5	14.3	22	17.6	18.7	17.6	27.5	24.2	15.4	24.2	23.1	14.3	14.3	14.3	29.7	18.7	28.6	28.6	13.2	18.7	26.4	25.3	31.9	30.8	20.9	17.6	25.3	23.1	31.9	16.5	31.9	18.7	15.4	31.9	15.4	26.4	20.9	24.2	30.8	22	15.4	18.7	16.5	13.2	27.5	22	16.5	30.8	12.1	14.3	18.7	19.8	33	20.9	25.3	16.5	29.7	20.9	28.6	33	22	29.7	24.2	14.3	17.6	23.1	12.1	27.5	28.6	28.6	28.6	20.9	15.4	12.1	22	18.7	12.1	23.1	30.8	14.3	30.8	27.5	26.4	29.7	22	26.4	17.6	28.6	22	18.7	22	19.8	23.1	30.8	28.6	33	30.8	29.7	28.6	31.9	27.5	24.2	30.8	16.5	19.8	11	19.8	14.3	25.3	19.8	31.9	16.5	11	25.3	14.3	17.6	31.9	27.5	22	20.9	26.4	33	29.7	11	25.3	27.5	33	17.6	24.2	16.5	20.9	12.1	19.8	18.7	25.3	30.8	24.2	30.8	12.1	14.3	18.7	33	28.6	15.4	23.1	13.2	31.9	28.6	16.5	31.9	25.3	23.1	12.1	14.3	25.3	29.7	18.7	31.9	17.6	14.3	24.2	27.5	19.8	27.5	12.1	22	15.4	17.6	23.1	14.3	27.5	15.4	13.2	14.3	17.6	29.7	13.2	12.1	20.9	33	27.5	18.7	17.6	28.6	22	13.2	20.9	28.6	20.9	31.9	14.3	27.5	25.3	26.4	27.5	26.4	12.1	16.5	26.4	16.5	19.8	26.4	26.4	31.9	25.3	12.1	29.7	11	24.2	33	13.2	18.7	27.5	24.2	26.4	23.1	33	12.1	28.6	30.8	33	28.6	30.8	33	11	19.8	26.4	33	13.2	30.8	25.3	33	20.9	20.9	24.2	31.9	33	29.7	13.2	11	28.6	29.7	11	29.7	11	13.2	27.5	14.3	26.4	25.3	29.7	29.7	28.6	12.1	31.9	23.1	15.4	14.3	25.3	29.7	12.1	18.7	33	33	19.8	24.2	12.1	22	19.8	20.9	17.6	20.9	15.4	19.8	17.6	30.8	29.7	19.8	11	25.3	13.2	17.6	33	18.7	15.4	22	24.2	24.2	24.2	20.9	15.4	24.2	12.1	20.9	26.4	23.1	17.6	30.8	20.9	20.9	30.8	29.7	30.8	15.4	14.3	23.1	30.8	26.4	29.7	24.2	15.4	27.5	29.7	27.5	23.1	20.9	22	17.6	28.6	15.4	23.1	18.7	22	15.4	17.6	28.6	12.1	33	31.9	27.5	27.5	31.9	29.7	28.6	11	29.7	28.6	27.5	24.2	14.3	28.6	19.8	24.2	24.2	24.2	29.7	31.9	16.5	30.8	26.4	12.1	23.1	16.5	22	18.7	29.7	12.1	22	30.8	17.6	17.6	28.6	30.8	28.6	16.5	20.9	14.3	30.8	30.8	25.3	31.9	29.7	13.2	12.1	23.1	31.9	13.2	20.9	12.1	26.4	25.3	19.8	26.4	18.7	15.4	18.7	20.9	25.3	19.8	15.4	27.5	26.4	30.8	27.5	17.6	17.6	13.2	22	26.4	15.4	19.8	16.5	31.9	14.3	29.7	13.2	16.5	30.8	20.9	20.9	24.2	23.1	22	28.6	25.3	14.3	26.4	33	19.8	23.1	22	19.8	19.8	24.2	24.2	26.4	28.6	28.6	20.9	25.3	13.2	25.3	19.8	22	14.3	26.4	15.4	31.9	13.2	23.1	14.3	30.8	17.6	20.9	23.1	26.4	22	15.4	11	31.9	12.1	33	23.1	15.4	20.9	15.4	26.4	26.4	18.7	19.8	23.1	27.5	29.7	14.3	12.1	24.2	31.9	17.6	15.4	15.4	26.4	33	16.5	14.3	27.5	22	15.4	24.2	14.3	25.3	12.1	17.6	22	25.3	26.4	27.5	26.4	11	26.4	13.2	22	20.9	31.9	17.6	28.6	26.4	18.7	19.8	14.3	23.1	17.6	33	23.1	16.5	16.5	11	14.3	31.9	20.9	15.4	26.4	23.1	19.8	31.9	12.1	26.4	33	27.5	20.9	17.6	14.3	27.5	22	16.5	19.8	26.4	16.5	27.5	19.8	11	17.6	17.6	15.4	27.5	26.4	20.9	12.1	11	19.8	30.8	15.4	26.4	33	33	25.3	31.9	29.7	14.3	14.3	16.5	29.7	17.6	24.2	15.4	12.1	12.1	18.7	20.9	11	12.1	23.1	17.6	11	16.5	15.4	22	29.7	27.5	12.1	22	18.7	30.8	24.2	30.8	23.1	25.3	14.3	22	14.3	25.3	20.9	15.4	29.7	26.4	30.8	17.6	16.5	17.6	27.5	17.6	15.4	26.4	22	15.4	24.2	23.1	28.6	15.4	16.5	24.2	31.9	24.2	22	18.7	22	12.1	27.5	26.4	20.9	28.6	30.8	12.1	12.1	22	25.3	12.1	18.7	22	31.9	12.1	19.8	23.1	28.6	12.1	26.4	18.7	27.5	19.8	19.8	31.9	18.7	27.5	13.2	13.2	18.7	15.4	28.6	30.8	30.8	29.7	14.3	20.9	33	27.5	16.5	17.6	19.8	20.9	15.4	15.4	33	19.8	15.4	26.4	27.5	17.6	25.3	14.3	20.9	18.7	20.9	11	29.7	12.1	11	12.1	27.5	14.3	31.9	26.4	30.8	14.3	29.7	19.8	26.4	30.8	26.4	31.9	14.3	11	20.9	27.5	28.6	28.6	31.9	19.8	17.6	19.8	28.6	12.1	27.5	19.8	24.2	28.6	24.2	18.7	29.7	13.2	33	31.9	14.3	25.3	28.6	14.3	26.4	12.1	12.1	20.9	20.9	23.1	24.2	25.3	30.8	24.2	29.7	12.1	24.2	23.1	19.8	16.5	12.1	30.8	15.4	11	12.1	13.2	14.3	31.9	24.2	31.9	25.3	31.9	12.1	24.2	14.3	18.7	31.9	11	29.7	18.7	19.8	14.3	13.2	11	31.9	13.2	22	30.8	27.5	11	20.9	23.1	26.4	25.3	18.7	18.7	20.9	17.6	18.7	24.2	31.9	25.3	25.3	25.3	29.7	24.2	31.9	33	16.5	14.3	13.2	31.9	16.5	23.1	25.3	17.6	15.4	23.1	11	19.8	27.5	27.5	14.3	26.4	30.8	12.1	18.7	17.6	15.4	16.5	13.2	33	29.7	18.7	28.6	18.7	19.8	13.2	15.4	19.8	13.2	14.3	19.8	28.6	26.4	30.8	
23.1	23.1	29.7	33	18.7	26.4	23.1	19.8	27.5	31.9	16.5	11	11	28.6	14.3	26.4	15.4	24.2	25.3	15.4	20.9	16.5	27.5	12.1	30.8	14.3	12.1	14.3	20.9	33	33	30.8	17.6	13.2	26.4	17.6	26.4	19.8	13.2	29.7	15.4	18.7	30.8	11	12.1	30.8	33	30.8	25.3	30.8	30.8	20.9	22	11	17.6	20.9	30.8	12.1	23.1	19.8	15.4	24.2	16.5	14.3	13.2	18.7	22	30.8	27.5	14.3	16.5	11	31.9	24.2	12.1	22	31.9	25.3	29.7	25.3	12.1	19.8	33	33	29.7	31.9	18.7	15.4	11	23.1	11	11	28.6	19.8	19.8	12.1	25.3	12.1	19.8	28.6	19.8	27.5	29.7	24.2	15.4	20.9	25.3	27.5	33	20.9	30.8	15.4	17.6	30.8	12.1	33	19.8	20.9	13.2	18.7	33	23.1	12.1	24.2	23.1	26.4	33	16.5	24.2	11	15.4	12.1	18.7	29.7	13.2	22	15.4	31.9	28.6	16.5	20.9	27.5	18.7	25.3	24.2	16.5	19.8	14.3	15.4	23.1	15.4	33	26.4	14.3	22	11	18.7	24.2	33	23.1	22	30.8	17.6	12.1	17.6	29.7	33	12.1	27.5	27.5	25.3	13.2	26.4	13.2	22	23.1	28.6	22	13.2	33	30.8	23.1	12.1	25.3	28.6	23.1	19.8	23.1	20.9	24.2	12.1	14.3	33	23.1	19.8	27.5	29.7	22	17.6	17.6	25.3	25.3	33	17.6	15.4	26.4	14.3	26.4	11	27.5	20.9	13.2	14.3	22	26.4	17.6	18.7	13.2	14.3	27.5	28.6	30.8	33	15.4	30.8	14.3	26.4	30.8	33	26.4	13.2	26.4	19.8	17.6	17.6	13.2	27.5	11	22	23.1	23.1	14.3	15.4	15.4	16.5	27.5	16.5	33	12.1	22	27.5	27.5	29.7	15.4	30.8	11	11	17.6	14.3	22	19.8	31.9	12.1	13.2	33	31.9	22	30.8	23.1	11	11	29.7	23.1	23.1	25.3	33	33	12.1	30.8	29.7	26.4	23.1	25.3	28.6	20.9	11	27.5	33	33	13.2	27.5	29.7	19.8	29.7	26.4	24.2	27.5	24.2	22	18.7	20.9	24.2	28.6	12.1	23.1	19.8	14.3	23.1	19.8	12.1	16.5	29.7	24.2	16.5	30.8	28.6	28.6	26.4	12.1	25.3	33	26.4	17.6	23.1	25.3	27.5	24.2	23.1	11	18.7	28.6	17.6	17.6	17.6	11	25.3	25.3	13.2	16.5	28.6	24.2	33	22	16.5	16.5	30.8	22	14.3	12.1	14.3	14.3	22	27.5	19.8	28.6	16.5	15.4	14.3	31.9	27.5	20.9	26.4	25.3	20.9	12.1	19.8	11	28.6	13.2	31.9	33	19.8	25.3	26.4	24.2	12.1	31.9	20.9	23.1	14.3	13.2	12.1	33	25.3	28.6	14.3	19.8	29.7	26.4	17.6	31.9	20.9	14.3	31.9	27.5	27.5	31.9	27.5	33	20.9	19.8	13.2	28.6	30.8	33	16.5	28.6	15.4	33	17.6	31.9	27.5	17.6	17.6	31.9	28.6	16.5	27.5	20.9	15.4	15.4	15.4	25.3	15.4	30.8	19.8	26.4	26.4	20.9	12.1	31.9	18.7	24.2	27.5	17.6	20.9	15.4	13.2	29.7	12.1	11	13.2	22	18.7	31.9	26.4	15.4	15.4	31.9	13.2	31.9	20.9	16.5	12.1	27.5	12.1	20.9	17.6	24.2	28.6	24.2	27.5	13.2	16.5	18.7	23.1	15.4	33	17.6	16.5	19.8	18.7	31.9	17.6	22	13.2	31.9	23.1	22	16.5	19.8	15.4	25.3	33	29.7	31.9	14.3	18.7	13.2	30.8	31.9	13.2	14.3	22	31.9	30.8	24.2	13.2	28.6	31.9	33	30.8	28.6	31.9	23.1	18.7	24.2	30.8	29.7	17.6	11	25.3	22	18.7	19.8	28.6	15.4	33	13.2	13.2	18.7	12.1	11	27.5	25.3	31.9	30.8	33	18.7	23.1	14.3	16.5	15.4	20.9	18.7	22	19.8	24.2	18.7	15.4	14.3	31.9	27.5	20.9	12.1	14.3	15.4	29.7	29.7	24.2	13.2	23.1	33	33	22	24.2	14.3	15.4	29.7	24.2	20.9	20.9	31.9	14.3	12.1	16.5	27.5	33	33	28.6	33	23.1	19.8	13.2	28.6	30.8	14.3	33	33	33	11	13.2	23.1	20.9	23.1	25.3	17.6	19.8	15.4	20.9	11	22	16.5	20.9	27.5	18.7	24.2	20.9	17.6	12.1	17.6	12.1	18.7	12.1	25.3	13.2	29.7	16.5	11	16.5	18.7	22	29.7	27.5	30.8	26.4	23.1	28.6	15.4	15.4	17.6	14.3	20.9	19.8	20.9	25.3	16.5	33	31.9	26.4	29.7	15.4	15.4	15.4	31.9	22	17.6	19.8	12.1	13.2	11	11	25.3	25.3	14.3	24.2	14.3	17.6	18.7	30.8	14.3	30.8	14.3	26.4	11	17.6	20.9	31.9	12.1	33	24.2	15.4	30.8	13.2	20.9	31.9	27.5	29.7	24.2	28.6	23.1	19.8	18.7	27.5	26.4	20.9	16.5	31.9	31.9	14.3	31.9	22	25.3	23.1	30.8	25.3	19.8	30.8	20.9	33	27.5	16.5	28.6	12.1	18.7	20.9	27.5	26.4	24.2	19.8	27.5	33	12.1	16.5	33	31.9	19.8	20.9	28.6	17.6	20.9	19.8	17.6	25.3	17.6	20.9	12.1	29.7	27.5	14.3	12.1	13.2	14.3	14.3	30.8	30.8	29.7	15.4	24.2	28.6	29.7	27.5	28.6	17.6	18.7	27.5	15.4	28.6	13.2	33	17.6	28.6	23.1	25.3	18.7	25.3	31.9	18.7	23.1	29.7	29.7	15.4	29.7	23.1	14.3	19.8	24.2	24.2	16.5	31.9	29.7	14.3	22	16.5	12.1	13.2	22	27.5	12.1	27.5	20.9	28.6	22	30.8	22	22	24.2	20.9	27.5	27.5	25.3	23.1	29.7	28.6	24.2	23.1	23.1	24.2	12.1	18.7	20.9	15.4	28.6	16.5	30.8	28.6	11	25.3	18.7	27.5	13.2	27.5	29.7	14.3	16.5	15.4	33	31.9	27.5	28.6	25.3	30.8	27.5	17.6	26.4	19.8	30.8	22	23.1	25.3	15.4	24.2	19.8	12.1	27.5	28.6	15.4	13.2	33	13.2	25.3	16.5	13.2	31.9	18.7	16.5	27.5	16.5	28.6	18.7	29.7	22	23.1	22	13.2	25.3	18.7	27.5	23.1	29.7	31.9	22	16.5	15.4	26.4	26.4	24.2	22	17.6	19.8	19.8	23.1	30.8	13.2	18.7	28.6	24.2	17.6	18.7	20.9	17.6	25.3	18.7	28.6	26.4	22	30.8	14.3	23.1	17.6	24.2	18.7	28.6	19.8	24.2	20.9	23.1	16.5	31.9	16.5	27.5	22	16.5	23.1	16.5	23.1	26.4	13.2	17.6	19.8	13.2	29.7	26.4	31.9	28.6	24.2	13.2	12.1	30.8	17.6	28.6	17.6	29.7	30.8	11	17.6	26.4	16.5	22	19.8	23.1	22	33	23.1	24.2	17.6	15.4	27.5	16.5	30.8	29.7	28.6	29.7	22	15.4	29.7	19.8	22	31.9	12.1	12.1	12.1	30.8	20.9	18.7	20.9	13.2	13.2	11	11	23.1	13.2	25.3	28.6	27.5	13.2	19.8	17.6	13.2	16.5	15.4	11	22	16.5	19.8	19.8	33	16.5	13.2	15.4	30.8	31.9	25.3	20.9	31.9	19.8	31.9	13.2	22	26.4	19.8	17.6	19.8	22	13.2	27.5	14.3	33	33	16.5	26.4	18.7	19.8	13.2	11	23.1	27.5	23.1	29.7	27.5	
13.2	11	16.5	11	33	26.4	28.6	22	30.8	16.5	11	33	13.2	20.9	20.9	
10	11	14	19	14	18	10	20	12	19	14	19	11	17	11	11	15	16	15	12	13	13	20	18	17	17	20	19	17	13	11	10	15	19	16	19	13	14	19	10	10	12	15	11	13	19	16	11	16	15	20	19	10	11	20	11	13	12	18	18	10	20	16	12	20	10	13	15	17	19	15	12	12	19	17	12	14	16	10	12	16	14	20	15	16	20	19	19	19	16	14	15	15	20	18	14	14	13	12	16	17	20	14	20	17	16	11	17	16	19	15	13	13	15	13	19	14	12	15	16	18	17	14	19	13	17	12	15	11	20	11	13	14	17	16	14	12	10	13	11	11	17	10	12	18	19	20	19	10	15	16	16	19	14	15	12	10	13	12	20	16	18	12	17	19	12	12	11	11	10	15	19	10	14	17	14	17	13	12	13	12	13	11	14	10	10	17	18	18	12	16	14	18	10	18	11	20	18	18	15	17	15	16	17	12	10	18	15	14	14	12	20	17	19	12	13	12	16	11	14	18	14	17	18	10	16	20	11	15	17	13	18	17	14	20	20	14	14	14	17	19	18	16	20	19	14	13	19	18	19	11	19	12	20	18	12	16	19	15	17	18	15	13	15	12	18	13	20	11	20	19	10	14	17	20	19	15	13	16	20	11	17	12	16	12	15	15	10	11	15	20	10	12	11	11	17	13	20	17	13	16	12	11	19	12	14	15	14	19	17	13	17	17	14	18	17	10	18	16	20	11	13	18	13	15	16	16	12	16	11	12	20	17	14	11	13	12	16	17	13	12	16	18	20	19	16	19	15	10	18	17	11	18	12	15	16	16	20	11	15	19	14	11	20	15	20	18	11	14	17	20	20	18	12	17	17	17	20	15	12	16	20	16	13	19	15	17	10	16	19	13	18	10	12	16	11	17	19	18	20	12	20	15	17	19	13	11	12	15	10	10	17	12	10	14	15	20	20	17	20	16	15	20	15	12	12	11	16	13	13	18	11	11	12	12	18	20	11	10	20	18	17	17	18	12	14	12	17	13	18	10	15	19	15	13	15	13	19	12	19	11	17	12	17	13	19	17	17	14	16	15	12	18	18	11	11	13	17	15	10	18	17	12	16	12	12	17	15	12	14	14	20	12	13	13	12	18	12	10	11	20	13	17	17	12	10	20	13	17	20	11	13	20	13	19	16	11	17	10	19	15	14	19	11	14	14	14	20	19	11	15	11	11	17	15	18	11	18	15	17	10	17	10	18	10	18	11	10	10	13	18	12	10	15	14	16	12	14	19	14	11	18	16	19	20	17	12	13	18	17	16	11	10	11	11	10	20	15	14	10	17	11	15	17	12	11	12	12	12	18	15	18	11	19	10	12	10	15	16	17	16	10	16	19	18	10	20	11	12	17	10	16	18	16	16	19	18	12	10	10	15	18	16	12	18	20	18	16	10	15	20	15	16	20	16	18	19	17	16	12	11	15	14	20	20	10	13	20	18	11	13	17	14	18	15	20	12	11	18	18	13	19	20	12	19	16	17	13	16	17	13	19	14	19	15	20	20	18	20	14	15	13	13	12	15	14	17	14	14	18	19	19	15	20	17	17	10	16	13	16	16	18	12	11	18	20	20	15	10	20	17	18	12	13	10	15	12	17	10	11	17	18	20	19	16	12	11	11	13	17	12	15	16	14	13	15	16	19	10	13	12	20	16	20	11	17	19	12	13	10	14	20	12	20	13	15	15	19	14	10	15	13	18	10	12	19	17	13	12	19	12	20	20	12	11	17	19	16	11	13	11	20	13	12	11	11	15	14	16	20	10	16	18	16	12	16	20	20	19	10	10	18	10	13	11	13	15	14	11	17	18	15	15	15	14	14	14	15	18	12	12	11	14	10	20	16	15	20	17	15	15	19	17	10	15	17	20	12	10	12	13	20	16	12	14	19	17	19	19	13	20	15	11	20	12	10	19	11	16	15	18	20	19	13	10	17	12	10	16	12	20	17	16	16	13	20	19	10	20	10	18	20	15	20	12	18	19	20	11	20	12	16	12	18	15	18	16	13	11	14	20	19	19	19	16	20	17	16	14	15	10	11	12	19	16	11	11	13	11	11	20	17	19	13	12	18	10	10	16	16	11	15	12	17	12	11	14	18	13	13	12	13	13	15	17	18	17	13	15	11	16	19	15	13	20	19	17	18	17	15	16	18	13	10	14	15	14	10	12	19	17	18	16	12	19	20	17	11	20	12	19	12	11	10	13	16	13	16	20	14	12	16	18	14	20	10	11	20	13	17	
1	1	1	1	1	1	1	1	1	1	1	1	1	1	1	1	1	1	1	1	1	1	1	1	1	1	1	1	1	1	1	1	1	1	1	1	1	1	1	1	1	1	1	1	1	1	1	1	1	1	1	1	1	1	1	1	1	1	1	1	1	2	2	2	2	2	2	2	2	2	2	2	2	2	2	2	2	2	2	2	2	2	2	2	2	2	2	2	2	2	2	2	2	2	2	2	2	2	2	2	2	2	2	2	2	2	2	2	2	2	2	2	2	2	2	2	2	2	2	2	2	2	2	2	2	2	2	2	2	2	3	3	3	3	3	3	3	3	3	3	3	3	3	3	3	3	3	3	3	3	3	3	3	3	3	3	3	3	3	3	3	3	3	3	3	3	3	3	3	3	3	3	3	3	3	3	3	3	3	3	3	3	3	3	3	3	3	4	4	4	4	4	4	4	4	4	4	4	4	4	4	4	4	4	4	4	4	4	4	4	4	4	4	4	4	4	4	4	4	4	4	4	4	4	4	4	4	4	4	4	4	4	4	4	4	4	4	4	4	4	4	4	4	4	4	4	4	4	4	4	4	4	4	5	5	5	5	5	5	5	5	5	5	5	5	5	5	5	5	5	5	5	5	5	5	5	5	5	5	5	5	5	5	5	5	5	5	5	5	5	5	5	5	5	5	5	5	5	5	5	5	5	5	5	5	5	5	5	5	5	5	5	5	5	5	5	5	5	6	6	6	6	6	6	6	6	6	6	6	6	6	6	6	6	6	6	6	6	6	6	6	6	6	6	6	6	6	6	6	6	6	6	6	6	6	6	6	6	6	6	6	6	6	6	6	6	6	6	6	6	6	6	6	6	6	6	6	6	6	6	6	6	7	7	7	7	7	7	7	7	7	7	7	7	7	7	7	7	7	7	7	7	7	7	7	7	7	7	7	7	7	7	7	7	7	7	7	7	7	7	7	7	7	7	7	7	7	7	7	7	7	7	7	7	7	7	7	7	7	7	7	7	7	7	7	7	7	7	7	7	7	7	8	8	8	8	8	8	8	8	8	8	8	8	8	8	8	8	8	8	8	8	8	8	8	8	8	8	8	8	8	8	8	8	8	8	8	8	8	8	8	8	8	8	8	8	8	8	8	8	8	8	8	8	8	8	8	8	8	8	8	8	8	8	8	8	8	8	8	8	9	9	9	9	9	9	9	9	9	9	9	9	9	9	9	9	9	9	9	9	9	9	9	9	9	9	9	9	9	9	9	9	9	9	9	9	9	9	9	9	9	9	9	9	9	9	9	9	9	9	9	9	9	9	9	9	9	9	9	9	9	9	9	9	9	9	9	9	9	9	9	9	9	9	10	10	10	10	10	10	10	10	10	10	10	10	10	10	10	10	10	10	10	10	10	10	10	10	10	10	10	10	10	10	10	10	10	10	10	10	10	10	10	10	10	10	10	10	10	10	10	10	10	10	10	10	10	10	10	10	10	10	10	10	10	10	10	10	10	10	10	10	10	11	11	11	11	11	11	11	11	11	11	11	11	11	11	11	11	11	11	11	11	11	11	11	11	11	11	11	11	11	11	11	11	11	11	11	11	11	11	11	11	11	11	11	11	11	11	11	11	11	11	11	11	11	11	11	11	11	11	11	11	11	11	11	11	11	11	11	11	11	11	11	11	11	11	12	12	12	12	12	12	12	12	12	12	12	12	12	12	12	12	12	12	12	12	12	12	12	12	12	12	12	12	12	12	12	12	12	12	12	12	12	12	12	12	12	12	12	12	12	12	12	12	12	12	12	12	12	12	12	12	12	12	12	12	12	12	12	12	12	12	12	12	12	12	13	13	13	13	13	13	13	13	13	13	13	13	13	13	13	13	13	13	13	13	13	13	13	13	13	13	13	13	13	13	13	13	13	13	13	13	13	13	13	13	13	13	13	13	13	13	13	13	13	13	13	13	13	14	14	14	14	14	14	14	14	14	14	14	14	14	14	14	14	14	14	14	14	14	14	14	14	14	14	14	14	14	14	14	14	14	14	14	14	14	14	14	14	14	14	14	14	14	14	14	14	14	14	14	14	14	14	14	14	14	14	14	14	14	14	14	14	14	14	14	14	14	14	14	14	14	14	15	15	15	15	15	15	15	15	15	15	15	15	15	15	15	15	15	15	15	15	15	15	15	15	15	15	15	15	15	15	15	15	15	15	15	15	15	15	15	15	15	15	15	15	15	15	15	15	15	15	15	15	15	15	15	15	15	15	15	15	15	15	15	15	15	15	
