1000
30	4
535	20.9
29	29	31	28	30	28	31	28	29	31	31	29	31	29	31	30	27	31	26	26	26	29	30	29	27	27	29	29	30	28	29	30	29	30	30	28	28	30	30	30	28	30	26	31	29	26	30	27	26	26	30	29	29	31	27	26	31	29	30	30	30	27	26	28	30	28	26	28	29	30	31	31	31	28	27	26	26	27	27	31	27	31	30	30	30	26	30	30	31	28	27	27	27	31	28	31	28	30	26	30	26	29	29	27	28	29	26	31	27	29	31	28	26	26	28	30	29	26	31	27	30	30	30	31	28	29	27	30	27	27	29	26	30	26	31	29	30	31	31	30	28	26	29	30	29	29	29	29	26	27	28	29	26	28	26	31	28	30	29	27	26	28	26	28	30	29	27	26	28	29	31	30	28	26	31	29	30	31	29	27	31	29	27	30	30	26	26	30	31	29	29	28	27	31	26	28	29	30	30	31	27	31	31	31	27	27	30	27	27	26	30	30	27	31	31	27	29	26	28	31	31	28	28	31	30	26	26	26	31	30	27	26	31	27	31	27	27	28	31	26	27	28	27	31	27	26	28	31	30	28	29	28	31	29	28	26	30	27	31	30	27	28	28	27	29	27	28	28	28	26	30	29	26	30	31	27	27	29	26	31	31	30	30	26	28	31	29	31	26	31	31	27	31	31	26	30	28	27	31	28	26	29	30	29	31	30	26	26	30	30	27	30	29	28	26	31	29	29	29	26	29	30	27	31	27	27	29	26	26	31	27	28	26	26	30	30	28	30	28	28	26	30	30	26	30	26	29	28	27	30	27	26	28	28	31	31	28	28	31	27	26	28	29	27	31	30	28	29	31	26	28	26	28	29	27	26	30	30	27	30	30	31	31	31	31	26	26	28	30	29	31	29	30	27	30	29	26	31	31	30	29	31	28	27	26	31	27	28	29	27	30	27	28	26	29	28	27	31	30	28	30	29	30	30	26	30	31	31	29	28	28	30	31	27	28	28	31	31	31	26	28	26	31	30	27	28	30	27	26	26	30	29	30	30	26	27	28	30	28	27	28	29	29	27	30	26	30	30	27	30	30	26	28	29	28	28	26	31	30	31	31	29	28	27	26	31	31	28	28	29	29	28	31	26	27	28	30	31	26	27	26	28	31	30	26	27	28	31	26	29	27	30	28	28	30	26	31	26	26	27	30	31	30	28	29	27	30	27	28	29	29	29	31	27	29	31	26	28	30	27	31	29	27	31	28	28	27	31	29	28	26	29	30	30	26	27	29	27	31	31	27	28	27	26	27	30	31	27	26	27	27	28	30	30	29	28	30	29	29	27	28	27	26	30	28	28	26	29	30	31	31	29	28	26	27	30	27	31	29	31	30	29	31	28	31	29	31	27	29	28	28	31	26	27	31	31	30	28	31	29	27	28	31	29	27	27	30	29	30	27	31	28	27	26	31	27	31	27	30	28	26	30	27	26	31	30	29	27	31	31	29	31	27	26	28	27	28	27	27	31	31	26	26	30	28	27	26	31	30	28	28	28	30	27	29	31	29	26	29	29	29	31	28	30	29	27	30	26	26	29	31	31	30	31	29	30	30	30	30	27	31	28	30	29	27	28	30	28	26	28	27	30	29	30	27	27	27	31	26	27	31	28	30	31	26	27	31	29	31	28	29	27	29	29	28	30	27	27	26	28	30	31	28	28	26	30	31	28	29	27	29	31	30	29	31	29	28	28	26	27	29	26	30	26	27	26	28	29	31	29	27	31	29	28	28	26	30	26	31	31	27	27	31	30	28	29	26	26	31	28	29	29	31	31	27	29	31	29	31	30	26	31	28	31	28	31	29	28	27	29	28	31	29	29	29	30	26	26	30	27	27	29	27	27	28	26	30	28	31	27	26	31	31	31	27	29	28	31	26	26	28	30	29	28	26	28	29	26	31	31	27	30	27	31	30	29	29	27	30	30	26	26	27	28	26	30	31	27	31	31	31	29	28	30	27	28	29	30	30	31	29	27	26	26	29	28	29	31	26	27	30	26	26	31	27	30	28	28	30	27	26	27	28	26	29	31	29	28	28	29	26	26	31	31	29	31	27	26	30	28	29	29	27	31	29	28	30	28	28	29	26	27	26	31	27	27	27	28	26	29	27	31	28	30	28	30	27	27	31	30	28	26	31	31	27	27	27	28	26	31	28	30	30	31	31	28	26	31	30	31	26	30	30	30	29	26	28	26	31	26	26	26	26	31	31	27	27	28	30	28	31	28	30	28	30	26	26	30	28	28	
81	90	83	87	76	85	92	76	81	93	85	77	90	81	79	86	86	82	86	91	93	86	90	82	82	92	94	92	84	77	90	89	80	90	84	92	87	93	94	83	78	94	88	91	90	88	92	93	90	93	85	77	89	91	84	81	77	80	81	94	80	93	86	87	84	77	78	88	78	93	77	92	78	91	81	93	78	84	94	86	87	82	84	87	94	77	80	88	88	80	82	81	83	85	86	85	90	79	83	78	91	83	76	80	82	84	92	76	91	80	83	77	78	78	85	79	91	79	89	92	89	87	90	84	90	89	89	85	82	92	81	86	89	79	93	90	76	87	82	86	76	94	79	85	92	77	84	86	93	82	82	80	88	84	84	93	86	91	85	79	90	88	82	77	82	88	80	82	87	79	84	89	89	87	78	76	94	83	79	85	90	86	90	83	88	86	77	93	76	82	89	93	92	80	88	92	78	82	84	82	91	80	92	84	92	76	91	90	80	87	77	94	78	84	94	82	88	82	87	77	94	78	94	80	85	92	80	82	93	87	80	87	79	93	90	82	83	92	83	87	84	91	82	94	92	81	84	85	84	82	92	91	76	77	87	88	83	87	86	78	89	78	85	94	83	82	80	77	86	80	82	78	82	92	80	83	90	80	94	93	85	90	91	77	91	92	83	82	82	91	81	83	94	83	86	93	94	92	78	76	82	81	84	88	82	93	91	80	82	92	81	86	88	87	82	77	81	80	77	77	87	81	84	80	79	82	90	80	85	85	76	94	87	82	82	84	78	89	77	92	93	91	85	91	90	84	80	93	80	82	78	92	93	94	79	92	84	92	84	88	91	90	94	94	92	88	76	87	87	85	76	84	84	77	80	94	82	92	92	78	90	84	86	79	88	76	90	78	83	91	87	77	84	82	80	88	85	76	93	84	87	91	91	88	94	94	91	84	83	78	91	81	85	87	80	83	80	87	83	83	94	86	78	80	90	80	93	86	91	82	77	82	91	76	81	81	80	91	80	85	90	80	87	89	79	76	90	80	91	84	81	94	88	82	82	91	91	85	85	82	86	80	87	87	85	77	81	90	90	78	82	87	80	91	94	79	79	92	78	81	79	92	86	78	91	80	78	85	90	81	81	77	78	93	90	94	94	81	78	77	90	84	84	83	83	77	82	94	86	92	85	94	91	80	91	85	85	84	79	87	88	77	79	77	81	94	77	80	81	85	93	94	77	88	93	85	82	91	84	78	86	84	88	83	85	92	86	89	83	76	89	84	78	84	91	88	76	78	83	83	79	86	86	80	77	94	85	76	89	77	80	76	92	89	77	80	92	93	85	83	86	78	87	88	76	82	84	78	84	76	87	84	76	82	88	81	91	85	86	82	93	77	84	90	91	94	86	90	85	85	90	92	77	91	92	84	80	81	88	76	94	80	83	76	94	81	78	77	94	90	82	76	81	93	93	81	94	80	88	77	88	76	93	85	86	92	77	76	84	88	81	93	76	87	80	87	91	77	84	93	87	81	79	83	92	80	79	91	84	94	84	85	81	89	80	86	87	88	94	79	89	77	81	86	90	76	81	94	91	83	81	90	82	91	77	76	85	84	91	84	90	80	84	81	84	80	89	78	84	92	79	88	88	83	82	83	77	78	76	81	87	94	82	78	83	82	84	88	79	84	87	93	91	76	85	93	91	78	83	76	94	77	80	83	83	89	94	85	93	81	76	76	88	78	77	88	78	85	80	87	87	83	88	84	89	85	76	92	81	83	91	93	78	94	93	92	89	79	81	89	84	78	90	86	92	79	94	83	80	91	87	89	82	86	93	77	79	90	83	80	91	82	80	90	94	85	87	92	94	81	87	86	78	87	86	93	77	87	86	88	88	90	86	84	92	78	91	84	78	77	90	85	80	91	89	86	88	92	83	78	84	81	85	76	83	92	92	77	78	86	86	82	90	77	93	80	80	92	85	78	90	78	84	81	79	82	86	91	86	94	88	89	84	89	93	80	90	83	83	92	83	86	84	94	82	81	77	87	84	83	93	88	84	84	81	93	94	93	78	92	82	93	89	91	80	76	85	91	94	92	81	80	85	76	89	80	81	83	77	91	82	91	92	88	81	80	87	77	87	77	84	91	77	77	85	91	94	77	88	93	88	82	86	90	77	78	84	87	94	77	94	79	85	87	88	77	81	86	85	81	90	86	78	89	77	90	93	88	82	93	81	92	81	87	86	81	83	84	94	88	85	94	83	78	89	90	79	87	90	76	89	81	89	80	86	79	82	81	80	87	
25.3	23.1	13.2	22	16.5	28.6	23.1	22	26.4	14.3	27.5	17.6	22	16.5	27.5	22	13.2	30.8	14.3	15.4	20.9	12.1	13.2	11	19.8	18.7	31.9	15.4	26.4	14.3	14.3	25.3	31.9	23.1	18.7	30.8	25.3	22	17.6	28.6	31.9	15.4	27.5	33	30.8	14.3	16.5	25.3	28.6	33	20.9	31.9	27.5	18.7	15.4	28.6	29.7	33	25.3	26.4	14.3	26.4	20.9	16.5	20.9	14.3	23.1	14.3	22	17.6	18.7	28.6	31.9	17.6	29.7	26.4	20.9	18.7	27.5	33	28.6	23.1	17.6	28.6	30.8	13.2	27.5	25.3	17.6	19.8	31.9	15.4	16.5	12.1	17.6	16.5	26.4	17.6	11	23.1	12.1	31.9	33	17.6	11	31.9	12.1	15.4	16.5	11	26.4	26.4	29.7	25.3	22	22	15.4	13.2	29.7	30.8	28.6	22	22	13.2	23.1	13.2	25.3	22	33	15.4	19.8	12.1	16.5	33	31.9	13.2	18.7	22	11	15.4	27.5	18.7	14.3	23.1	18.7	20.9	26.4	22	20.9	33	18.7	14.3	19.8	28.6	30.8	25.3	25.3	30.8	17.6	20.9	13.2	13.2	18.7	16.5	14.3	13.2	25.3	31.9	25.3	28.6	28.6	28.6	33	19.8	24.2	26.4	20.9	23.1	30.8	23.1	31.9	22	30.8	29.7	16.5	14.3	28.6	31.9	33	26.4	23.1	12.1	16.5	14.3	19.8	24.2	17.6	20.9	19.8	20.9	30.8	16.5	29.7	17.6	16.5	11	26.4	12.1	12.1	26.4	26.4	29.7	13.2	18.7	29.7	23.1	12.1	22	24.2	23.1	13.2	18.7	24.2	26.4	23.1	29.7	14.3	26.4	24.2	29.7	12.1	15.4	12.1	24.2	28.6	25.3	24.2	15.4	22	30.8	30.8	23.1	14.3	15.4	31.9	23.1	27.5	20.9	12.1	29.7	30.8	19.8	23.1	25.3	25.3	11	13.2	18.7	25.3	16.5	22	18.7	18.7	31.9	26.4	11	29.7	24.2	13.2	30.8	27.5	29.7	33	31.9	22	19.8	17.6	25.3	13.2	15.4	27.5	24.2	33	25.3	17.6	33	27.5	18.7	13.2	24.2	17.6	11	19.8	29.7	19.8	31.9	31.9	20.9	28.6	25.3	22	12.1	22	14.3	24.2	29.7	17.6	13.2	15.4	30.8	31.9	27.5	11	14.3	26.4	20.9	27.5	18.7	15.4	19.8	23.1	23.1	31.9	18.7	16.5	19.8	11	12.1	15.4	31.9	11	14.3	25.3	26.4	31.9	11	29.7	24.2	25.3	27.5	27.5	31.9	22	12.1	27.5	12.1	28.6	33	14.3	18.7	11	15.4	16.5	19.8	15.4	19.8	22	22	20.9	27.5	29.7	26.4	14.3	24.2	27.5	27.5	12.1	18.7	30.8	33	25.3	14.3	16.5	19.8	24.2	33	11	11	17.6	16.5	13.2	28.6	12.1	20.9	25.3	31.9	20.9	16.5	17.6	30.8	18.7	19.8	11	14.3	15.4	33	22	15.4	19.8	23.1	14.3	27.5	12.1	18.7	25.3	11	13.2	25.3	29.7	13.2	33	16.5	31.9	30.8	33	26.4	29.7	25.3	26.4	27.5	13.2	26.4	29.7	33	23.1	30.8	14.3	31.9	17.6	24.2	18.7	27.5	22	28.6	13.2	17.6	11	33	11	15.4	29.7	15.4	20.9	12.1	30.8	13.2	18.7	29.7	11	11	30.8	19.8	15.4	14.3	26.4	31.9	11	25.3	29.7	18.7	16.5	16.5	24.2	33	18.7	30.8	25.3	25.3	23.1	15.4	16.5	14.3	14.3	28.6	13.2	19.8	30.8	11	26.4	30.8	28.6	24.2	12.1	11	16.5	23.1	13.2	13.2	33	19.8	30.8	24.2	22	22	33	17.6	33	13.2	23.1	17.6	14.3	25.3	30.8	22	15.4	26.4	19.8	15.4	18.7	24.2	14.3	22	17.6	18.7	19.8	22	24.2	13.2	19.8	25.3	11	14.3	18.7	23.1	31.9	15.4	16.5	11	20.9	14.3	29.7	29.7	22	27.5	23.1	24.2	14.3	17.6	11	19.8	19.8	29.7	31.9	12.1	12.1	18.7	15.4	18.7	20.9	11	24.2	20.9	31.9	29.7	33	24.2	27.5	28.6	22	20.9	30.8	25.3	15.4	33	33	31.9	19.8	22	15.4	22	13.2	18.7	31.9	19.8	24.2	27.5	19.8	28.6	19.8	12.1	30.8	15.4	22	31.9	27.5	15.4	24.2	17.6	30.8	24.2	11	22	16.5	24.2	15.4	13.2	30.8	19.8	30.8	18.7	12.1	13.2	33	24.2	20.9	19.8	24.2	18.7	24.2	13.2	25.3	19.8	11	17.6	18.7	31.9	29.7	23.1	13.2	16.5	12.1	20.9	25.3	29.7	28.6	28.6	23.1	11	16.5	16.5	22	13.2	19.8	27.5	12.1	28.6	18.7	31.9	24.2	33	30.8	29.7	15.4	19.8	15.4	25.3	27.5	20.9	15.4	15.4	19.8	30.8	18.7	26.4	25.3	33	24.2	29.7	19.8	33	14.3	28.6	11	31.9	17.6	22	33	29.7	14.3	20.9	18.7	27.5	11	23.1	31.9	14.3	11	15.4	33	14.3	29.7	16.5	20.9	18.7	33	13.2	15.4	28.6	25.3	20.9	23.1	30.8	12.1	14.3	27.5	29.7	33	30.8	27.5	11	16.5	11	18.7	28.6	30.8	31.9	11	20.9	29.7	31.9	19.8	19.8	23.1	28.6	29.7	26.4	26.4	25.3	12.1	13.2	31.9	31.9	22	28.6	31.9	13.2	33	27.5	22	24.2	12.1	30.8	20.9	33	14.3	25.3	22	31.9	20.9	20.9	12.1	28.6	23.1	20.9	15.4	11	15.4	11	25.3	17.6	18.7	13.2	11	30.8	22	33	14.3	13.2	19.8	26.4	22	16.5	13.2	22	20.9	25.3	16.5	14.3	24.2	11	17.6	20.9	33	11	24.2	26.4	26.4	11	28.6	30.8	30.8	30.8	26.4	11	11	24.2	15.4	22	23.1	13.2	15.4	31.9	27.5	13.2	25.3	14.3	13.2	19.8	27.5	31.9	13.2	25.3	11	26.4	22	20.9	31.9	16.5	14.3	15.4	11	17.6	20.9	29.7	20.9	17.6	18.7	28.6	26.4	14.3	14.3	24.2	18.7	33	30.8	16.5	30.8	33	25.3	15.4	28.6	27.5	19.8	18.7	16.5	11	16.5	11	17.6	11	28.6	30.8	28.6	33	24.2	28.6	16.5	25.3	28.6	25.3	22	17.6	27.5	20.9	30.8	30.8	12.1	25.3	16.5	31.9	23.1	23.1	18.7	14.3	31.9	25.3	19.8	30.8	19.8	17.6	31.9	16.5	12.1	14.3	28.6	12.1	33	20.9	27.5	17.6	15.4	23.1	22	29.7	28.6	11	11	14.3	14.3	11	28.6	31.9	24.2	16.5	15.4	15.4	11	26.4	15.4	31.9	28.6	17.6	12.1	17.6	11	18.7	17.6	23.1	15.4	25.3	13.2	14.3	12.1	25.3	23.1	30.8	27.5	19.8	17.6	17.6	28.6	13.2	23.1	17.6	11	25.3	14.3	31.9	23.1	27.5	18.7	18.7	26.4	25.3	30.8	26.4	20.9	23.1	16.5	30.8	33	31.9	24.2	13.2	29.7	28.6	24.2	14.3	26.4	29.7	27.5	27.5	14.3	13.2	18.7	25.3	22	19.8	24.2	33	18.7	27.5	19.8	11	33	25.3	25.3	14.3	30.8	30.8	13.2	29.7	29.7	33	33	31.9	33	33	17.6	20.9	20.9	25.3	33	24.2	24.2	25.3	27.5	23.1	14.3	33	23.1	27.5	18.7	15.4	26.4	17.6	13.2	27.5	31.9	19.8	
31.9	16.5	29.7	20.9	30.8	17.6	30.8	24.2	26.4	29.7	19.8	28.6	14.3	20.9	15.4	30.8	29.7	19.8	23.1	26.4	11	33	15.4	13.2	13.2	28.6	23.1	33	22	26.4	25.3	25.3	31.9	17.6	20.9	16.5	17.6	30.8	29.7	23.1	19.8	27.5	25.3	25.3	26.4	15.4	22	19.8	31.9	25.3	20.9	28.6	15.4	28.6	13.2	11	16.5	11	12.1	25.3	15.4	13.2	14.3	31.9	16.5	31.9	24.2	15.4	19.8	22	14.3	25.3	20.9	12.1	16.5	29.7	11	24.2	18.7	17.6	15.4	33	27.5	20.9	19.8	28.6	24.2	24.2	13.2	17.6	24.2	30.8	16.5	17.6	25.3	22	13.2	25.3	23.1	13.2	33	31.9	31.9	20.9	13.2	27.5	24.2	23.1	12.1	13.2	13.2	16.5	19.8	22	12.1	20.9	24.2	31.9	14.3	29.7	28.6	15.4	22	33	30.8	20.9	13.2	18.7	28.6	15.4	16.5	15.4	19.8	29.7	29.7	14.3	23.1	27.5	30.8	33	33	31.9	33	17.6	28.6	31.9	20.9	12.1	31.9	14.3	24.2	31.9	30.8	19.8	26.4	25.3	15.4	30.8	29.7	31.9	13.2	29.7	20.9	12.1	31.9	28.6	31.9	20.9	29.7	27.5	14.3	20.9	18.7	25.3	14.3	18.7	13.2	17.6	31.9	17.6	28.6	29.7	13.2	16.5	19.8	20.9	25.3	20.9	16.5	19.8	18.7	13.2	27.5	28.6	29.7	33	29.7	11	23.1	26.4	22	19.8	19.8	24.2	12.1	29.7	17.6	13.2	29.7	27.5	26.4	25.3	27.5	24.2	16.5	28.6	12.1	29.7	12.1	13.2	29.7	15.4	16.5	14.3	27.5	30.8	24.2	19.8	24.2	16.5	33	19.8	13.2	12.1	20.9	16.5	18.7	14.3	18.7	16.5	18.7	11	19.8	14.3	27.5	14.3	12.1	14.3	30.8	29.7	22	19.8	13.2	13.2	27.5	30.8	16.5	22	17.6	19.8	24.2	13.2	17.6	25.3	23.1	19.8	30.8	18.7	18.7	16.5	30.8	18.7	14.3	23.1	29.7	17.6	17.6	11	18.7	26.4	23.1	12.1	20.9	25.3	20.9	33	26.4	13.2	24.2	30.8	31.9	30.8	31.9	15.4	24.2	30.8	24.2	14.3	30.8	25.3	13.2	31.9	13.2	12.1	27.5	12.1	11	29.7	23.1	25.3	33	31.9	12.1	27.5	18.7	29.7	26.4	19.8	27.5	30.8	26.4	24.2	20.9	24.2	30.8	29.7	20.9	31.9	12.1	24.2	15.4	20.9	29.7	12.1	31.9	31.9	16.5	13.2	24.2	16.5	25.3	30.8	24.2	33	23.1	33	14.3	11	25.3	12.1	18.7	29.7	28.6	24.2	11	12.1	13.2	30.8	13.2	20.9	26.4	22	13.2	31.9	23.1	23.1	12.1	22	22	31.9	11	27.5	24.2	29.7	22	28.6	23.1	16.5	23.1	13.2	17.6	23.1	33	33	13.2	26.4	16.5	27.5	29.7	33	13.2	11	23.1	31.9	20.9	26.4	25.3	20.9	18.7	27.5	28.6	26.4	24.2	25.3	26.4	33	17.6	30.8	24.2	19.8	24.2	29.7	30.8	30.8	24.2	31.9	29.7	27.5	31.9	33	22	30.8	11	19.8	26.4	19.8	25.3	19.8	26.4	22	11	27.5	23.1	24.2	27.5	12.1	15.4	20.9	15.4	27.5	28.6	18.7	14.3	28.6	31.9	11	14.3	20.9	26.4	23.1	22	24.2	15.4	30.8	11	15.4	11	22	23.1	19.8	30.8	15.4	27.5	12.1	22	33	30.8	15.4	24.2	11	12.1	16.5	15.4	33	33	20.9	14.3	30.8	27.5	23.1	33	14.3	30.8	16.5	18.7	28.6	20.9	29.7	25.3	17.6	25.3	28.6	27.5	24.2	14.3	27.5	13.2	20.9	15.4	12.1	11	28.6	14.3	24.2	24.2	33	33	22	25.3	12.1	15.4	25.3	12.1	11	27.5	33	23.1	22	24.2	16.5	15.4	22	14.3	19.8	27.5	26.4	17.6	14.3	25.3	25.3	18.7	25.3	26.4	14.3	12.1	17.6	23.1	15.4	33	19.8	24.2	33	22	23.1	18.7	11	18.7	30.8	12.1	27.5	33	11	29.7	26.4	15.4	12.1	15.4	19.8	20.9	14.3	29.7	18.7	22	26.4	33	22	18.7	22	13.2	11	12.1	19.8	11	15.4	12.1	18.7	12.1	18.7	31.9	13.2	14.3	25.3	23.1	23.1	17.6	31.9	13.2	26.4	29.7	11	33	30.8	27.5	30.8	29.7	28.6	16.5	14.3	30.8	20.9	19.8	28.6	11	13.2	30.8	23.1	33	17.6	17.6	27.5	27.5	31.9	31.9	20.9	30.8	26.4	30.8	14.3	18.7	27.5	14.3	16.5	17.6	30.8	28.6	12.1	14.3	20.9	16.5	20.9	20.9	22	17.6	33	18.7	12.1	16.5	31.9	22	24.2	33	26.4	31.9	13.2	14.3	15.4	22	19.8	11	11	31.9	27.5	20.9	33	17.6	24.2	22	19.8	19.8	17.6	20.9	12.1	25.3	11	30.8	18.7	20.9	17.6	19.8	15.4	28.6	14.3	19.8	14.3	18.7	15.4	23.1	26.4	22	17.6	13.2	27.5	22	16.5	15.4	13.2	25.3	14.3	31.9	11	27.5	29.7	26.4	31.9	27.5	29.7	22	19.8	13.2	23.1	23.1	20.9	20.9	30.8	28.6	22	11	29.7	26.4	11	14.3	31.9	23.1	26.4	11	18.7	14.3	27.5	22	28.6	18.7	26.4	26.4	30.8	12.1	17.6	27.5	28.6	13.2	14.3	25.3	23.1	23.1	26.4	11	17.6	13.2	20.9	15.4	33	26.4	11	28.6	27.5	16.5	18.7	28.6	28.6	11	23.1	14.3	24.2	31.9	28.6	24.2	33	26.4	14.3	12.1	33	11	20.9	12.1	33	19.8	19.8	29.7	23.1	16.5	16.5	13.2	18.7	19.8	15.4	14.3	13.2	17.6	11	26.4	30.8	15.4	23.1	19.8	27.5	24.2	18.7	29.7	11	26.4	22	24.2	24.2	26.4	26.4	18.7	31.9	12.1	15.4	11	12.1	15.4	23.1	26.4	18.7	27.5	22	23.1	19.8	15.4	29.7	22	14.3	20.9	25.3	26.4	26.4	31.9	25.3	23.1	31.9	13.2	13.2	19.8	26.4	23.1	23.1	17.6	25.3	31.9	17.6	17.6	23.1	19.8	33	24.2	22	12.1	29.7	18.7	17.6	17.6	22	26.4	19.8	13.2	20.9	19.8	19.8	19.8	16.5	14.3	14.3	24.2	28.6	30.8	26.4	15.4	23.1	31.9	33	33	11	16.5	17.6	29.7	25.3	11	18.7	12.1	15.4	27.5	11	25.3	16.5	24.2	17.6	23.1	15.4	11	31.9	33	31.9	24.2	18.7	33	31.9	16.5	17.6	17.6	23.1	31.9	18.7	23.1	25.3	30.8	22	26.4	22	23.1	22	19.8	14.3	30.8	29.7	28.6	13.2	17.6	24.2	15.4	25.3	24.2	15.4	13.2	26.4	26.4	14.3	16.5	33	13.2	25.3	15.4	12.1	12.1	11	26.4	19.8	11	16.5	17.6	22	19.8	13.2	19.8	24.2	19.8	28.6	23.1	30.8	31.9	22	14.3	27.5	11	30.8	11	11	16.5	17.6	27.5	13.2	18.7	14.3	25.3	22	14.3	15.4	23.1	12.1	12.1	15.4	16.5	29.7	33	17.6	19.8	19.8	33	27.5	33	31.9	24.2	12.1	30.8	14.3	29.7	26.4	12.1	26.4	16.5	27.5	27.5	13.2	31.9	29.7	26.4	11	19.8	19.8	23.1	18.7	19.8	23.1	25.3	22	17.6	25.3	13.2	19.8	11	31.9	
30.8	17.6	23.1	24.2	12.1	16.5	29.7	31.9	19.8	19.8	25.3	17.6	30.8	26.4	30.8	30.8	13.2	30.8	25.3	20.9	27.5	25.3	26.4	17.6	33	31.9	29.7	15.4	25.3	20.9	
12	18	20	14	11	19	12	20	18	17	17	19	19	15	19	11	13	10	13	19	17	18	18	10	14	11	19	16	18	19	14	14	18	13	10	15	14	17	16	18	10	12	17	19	16	10	14	18	10	12	14	11	16	18	11	16	10	18	19	15	10	20	10	19	16	17	15	18	14	20	18	13	12	16	19	16	18	16	19	10	17	16	11	14	10	17	17	16	16	16	19	13	17	15	19	12	12	17	11	17	11	19	15	12	15	17	16	13	14	13	15	17	20	14	15	12	11	19	19	16	20	17	16	14	14	20	19	20	13	14	15	20	18	12	11	12	20	16	12	16	16	13	12	12	12	15	13	20	20	11	13	15	12	12	14	17	11	12	17	20	13	11	13	15	16	14	19	20	14	18	16	17	12	20	13	11	18	20	18	16	12	13	13	16	16	16	12	18	12	18	14	13	17	20	12	18	17	18	20	19	16	12	17	20	14	20	20	17	10	11	17	12	11	16	17	13	10	15	11	14	16	15	20	18	19	10	18	20	17	17	10	18	16	14	16	20	13	13	13	14	17	11	10	20	10	18	17	17	13	18	13	16	10	14	13	14	18	12	11	15	20	12	10	19	15	19	15	15	19	13	10	11	12	18	19	18	15	17	18	18	18	18	15	20	15	15	14	12	19	13	15	18	19	11	17	17	11	11	14	16	10	12	20	14	12	15	15	16	12	13	14	15	13	10	17	14	18	11	14	10	19	17	12	20	15	14	17	16	20	12	19	18	17	17	12	15	20	13	13	16	18	20	14	13	15	16	17	15	11	11	14	10	18	12	12	15	18	14	14	20	17	11	20	17	20	10	16	11	16	17	18	20	12	14	19	17	13	13	14	12	20	14	20	11	14	11	19	20	19	17	17	13	11	14	18	12	19	12	12	15	13	13	17	18	18	11	18	13	10	17	10	16	20	14	17	10	17	18	19	13	20	16	18	18	14	10	13	15	14	18	19	10	12	10	10	17	20	12	10	10	16	18	14	20	14	20	11	14	11	19	10	20	20	20	20	11	15	14	20	12	17	16	12	11	17	11	17	19	12	19	10	18	18	18	20	19	19	17	13	16	11	13	15	20	11	10	13	16	14	20	12	18	16	10	19	13	14	20	18	16	20	17	19	14	20	12	20	14	11	20	19	19	11	12	19	15	12	13	15	13	15	17	18	12	18	15	14	19	17	18	15	16	20	10	20	19	11	10	18	12	16	19	19	19	17	13	13	16	18	15	10	10	13	12	19	18	18	17	13	13	19	15	13	17	14	16	18	10	16	18	11	17	19	10	17	11	13	14	20	20	10	19	20	15	14	19	20	18	15	12	14	17	20	13	12	12	17	18	13	19	19	16	12	17	18	13	20	12	13	19	10	19	15	11	10	14	18	10	12	16	16	18	16	10	14	20	11	15	16	19	20	11	20	12	15	15	20	14	11	20	14	20	11	14	18	18	14	13	13	10	16	14	11	16	16	12	11	10	10	17	14	14	14	12	13	16	10	18	17	20	12	16	10	14	20	10	11	12	14	15	16	18	17	20	14	13	15	14	13	15	14	12	14	18	10	19	10	12	14	16	14	17	10	16	20	17	20	11	18	19	16	11	12	18	17	20	19	15	19	10	16	14	16	10	15	20	17	20	15	18	12	12	17	16	18	10	20	13	17	10	10	14	15	12	12	10	10	11	19	19	11	20	20	19	14	13	16	12	12	19	16	19	16	17	16	20	13	12	19	15	20	14	11	13	14	15	18	15	17	19	14	16	10	11	13	12	14	19	10	15	19	20	17	16	12	10	14	13	11	13	10	12	11	11	12	19	20	13	13	18	18	18	17	17	12	11	13	12	16	11	18	11	11	13	18	19	20	10	17	10	13	13	19	17	13	18	16	13	19	11	15	17	17	15	11	18	18	14	18	12	12	14	13	13	14	20	16	14	11	16	12	17	19	16	12	18	12	15	17	11	12	11	12	17	11	17	19	17	16	13	16	16	10	10	20	14	15	14	18	12	11	15	19	19	14	15	10	18	20	16	15	10	15	10	10	15	18	12	12	19	14	14	17	17	19	17	14	11	20	10	18	18	16	15	13	14	17	16	14	19	18	19	17	18	15	16	20	13	12	17	20	16	18	19	18	11	10	14	19	10	20	14	17	12	12	10	16	15	14	17	17	13	11	14	11	14	16	13	14	20	14	10	15	16	14	19	16	10	11	20	16	19	10	18	19	19	17	13	13	13	14	15	16	18	10	20	13	12	19	16	
1	1	1	1	1	1	1	1	1	1	1	1	1	1	1	1	1	1	1	1	1	1	1	1	1	1	1	1	1	1	1	1	1	2	2	2	2	2	2	2	2	2	2	2	2	2	2	2	2	2	2	2	2	2	2	2	2	2	3	3	3	3	3	3	3	3	3	3	3	3	3	3	3	3	3	3	3	3	3	3	3	3	3	3	3	3	3	3	3	3	3	3	3	3	3	3	3	4	4	4	4	4	4	4	4	4	4	4	4	4	4	4	4	4	4	4	4	4	4	4	4	4	4	4	4	4	4	4	4	4	4	4	4	4	4	5	5	5	5	5	5	5	5	5	5	5	5	5	5	5	5	5	5	5	5	5	5	5	5	5	5	5	5	5	5	6	6	6	6	6	6	6	6	6	6	6	6	6	6	6	6	6	6	6	6	6	6	6	6	6	6	6	6	6	6	6	6	6	6	6	6	6	6	6	6	7	7	7	7	7	7	7	7	7	7	7	7	7	7	7	7	7	7	7	7	7	7	7	7	7	7	7	7	7	7	7	7	7	8	8	8	8	8	8	8	8	8	8	8	8	8	8	8	8	8	8	8	8	8	8	8	8	8	8	8	8	8	8	9	9	9	9	9	9	9	9	9	9	9	9	9	9	9	9	9	9	9	9	9	9	9	9	9	9	9	9	9	9	9	9	9	9	9	10	10	10	10	10	10	10	10	10	10	10	10	10	10	10	10	10	10	10	10	10	10	10	10	10	10	10	10	10	10	10	11	11	11	11	11	11	11	11	11	11	11	11	11	11	11	11	11	11	11	11	11	11	11	11	11	11	11	11	11	11	11	11	11	11	11	11	11	11	11	11	11	11	11	11	11	11	11	11	12	12	12	12	12	12	12	12	12	12	12	12	12	12	12	12	12	12	12	12	12	12	13	13	13	13	13	13	13	13	13	13	13	13	13	13	13	13	13	13	13	13	13	13	13	13	13	13	13	13	13	13	14	14	14	14	14	14	14	14	14	14	14	14	14	14	14	14	14	14	14	14	14	14	14	14	14	14	14	14	14	14	14	14	14	14	14	14	15	15	15	15	15	15	15	15	15	15	15	15	15	15	15	15	15	15	15	15	15	15	15	15	15	15	15	15	15	15	15	15	15	15	15	15	15	15	15	15	15	16	16	16	16	16	16	16	16	16	16	16	16	16	16	16	16	16	16	16	16	16	16	16	16	16	16	16	16	16	16	16	16	16	16	16	16	17	17	17	17	17	17	17	17	17	17	17	17	17	17	17	17	17	17	17	17	17	17	17	17	17	17	17	18	18	18	18	18	18	18	18	18	18	18	18	18	18	18	18	18	18	18	18	18	18	18	18	18	18	18	18	18	18	18	18	18	19	19	19	19	19	19	19	19	19	19	19	19	19	19	19	19	19	19	19	19	19	19	19	19	19	19	19	19	19	19	19	19	19	19	19	20	20	20	20	20	20	20	20	20	20	20	20	20	20	20	20	20	20	20	20	20	20	20	20	20	20	20	20	20	20	21	21	21	21	21	21	21	21	21	21	21	21	21	21	21	21	21	21	21	21	21	21	21	21	21	21	21	21	21	21	21	21	21	21	21	21	22	22	22	22	22	22	22	22	22	22	22	22	22	22	22	22	22	22	22	22	22	22	22	22	22	22	22	22	22	22	22	22	22	22	22	22	22	22	22	22	22	23	23	23	23	23	23	23	23	23	23	23	23	23	23	23	23	23	23	23	23	23	23	23	23	23	23	23	23	23	23	24	24	24	24	24	24	24	24	24	24	24	24	24	24	24	24	24	24	24	24	24	24	24	24	24	24	24	24	24	24	24	24	24	25	25	25	25	25	25	25	25	25	25	25	25	25	25	25	25	25	25	25	25	25	25	25	25	25	25	25	25	25	25	25	25	25	25	26	26	26	26	26	26	26	26	26	26	26	26	26	26	26	26	26	26	26	26	26	26	26	26	26	26	26	26	26	26	26	26	26	26	26	26	27	27	27	27	27	27	27	27	27	27	27	27	27	27	27	27	27	27	27	27	27	27	27	27	27	27	27	27	27	27	27	27	27	28	28	28	28	28	28	28	28	28	28	28	28	28	28	28	28	28	28	28	28	28	29	29	29	29	29	29	29	29	29	29	29	29	29	29	29	29	29	29	29	29	29	29	29	29	29	29	29	29	29	30	30	30	30	30	30	30	30	30	30	30	30	30	30	30	30	30	30	30	30	30	30	30	30	30	30	30	30	30	30	30	30	30	30	30	
