1000
30	4
533	17.6
26	28	28	30	26	31	29	27	29	28	28	28	28	26	31	30	31	31	28	30	27	28	31	27	27	27	26	30	28	31	28	31	29	27	30	26	28	31	26	29	26	31	28	26	31	30	29	30	29	31	31	31	31	27	27	28	30	29	28	29	27	30	28	29	27	27	27	31	26	29	26	29	31	31	31	29	27	30	26	30	27	31	28	27	28	28	27	26	26	30	26	29	29	29	31	27	27	29	28	30	28	26	28	26	28	30	26	28	29	29	28	29	31	27	30	27	30	26	28	31	28	27	28	28	28	27	26	31	30	26	27	29	27	27	29	26	29	27	29	28	27	28	30	31	27	30	31	29	26	27	28	27	31	29	31	28	31	31	29	30	26	26	28	27	26	30	29	28	28	30	31	26	28	31	31	29	31	27	28	30	27	31	30	26	27	26	29	31	27	29	27	28	31	29	27	31	30	29	27	28	27	27	31	28	29	26	29	26	27	27	26	28	30	28	29	27	28	31	29	31	29	31	26	30	30	28	30	30	29	29	27	28	31	29	27	31	27	30	30	29	30	31	31	30	30	30	27	26	31	29	27	26	30	29	31	27	26	26	30	26	31	30	29	27	27	30	31	31	29	30	26	29	26	27	30	27	26	29	27	31	31	27	26	29	30	28	29	29	26	27	28	30	28	30	30	26	27	31	30	29	30	28	26	27	30	28	26	28	27	31	31	26	29	31	26	30	31	29	31	31	28	27	31	27	29	30	26	31	26	29	29	26	28	30	29	26	27	28	30	29	29	27	30	31	30	26	29	28	28	26	29	28	26	26	27	28	29	30	29	30	29	27	31	26	31	31	27	30	31	29	28	31	28	27	31	26	29	27	28	30	29	28	29	29	27	28	29	30	28	29	31	26	27	30	27	28	27	31	31	31	26	31	29	29	27	28	31	29	30	28	28	31	29	29	30	27	30	26	28	29	26	28	29	27	29	31	27	29	29	30	27	26	27	29	26	26	29	31	31	29	27	29	30	29	31	30	30	26	27	27	30	28	27	26	27	28	29	26	28	31	29	30	29	30	31	27	31	28	26	28	28	26	27	28	30	29	26	31	31	28	28	27	27	31	26	29	28	29	31	31	26	31	28	27	28	31	27	30	31	30	27	27	26	29	29	29	26	28	27	31	29	29	26	28	27	27	29	27	28	29	29	31	26	26	31	30	31	30	27	31	26	26	31	26	30	26	28	27	29	29	29	28	29	26	26	28	27	29	27	30	28	30	28	30	29	27	26	29	28	26	30	30	29	29	29	31	28	31	31	28	31	26	27	27	30	27	28	30	31	27	27	30	29	26	28	30	27	31	26	30	26	28	26	28	31	31	26	26	26	31	31	28	26	29	28	30	29	29	29	28	29	31	27	29	30	26	27	26	31	28	26	30	29	29	26	29	31	30	27	29	29	29	31	28	26	31	28	28	31	30	30	31	28	27	31	27	29	31	31	29	28	27	27	30	31	30	30	26	28	26	27	31	30	31	28	28	27	30	31	26	31	30	27	31	28	28	29	27	30	31	30	31	30	29	28	26	31	31	26	31	31	30	27	29	29	30	29	30	29	27	28	30	29	27	30	30	28	27	30	31	30	31	29	31	28	27	27	27	30	27	30	29	28	31	28	28	28	30	30	26	30	26	28	27	26	26	30	27	28	29	28	27	28	28	31	29	31	28	28	31	26	26	30	29	28	29	27	31	28	28	28	28	27	28	29	28	27	31	29	27	26	29	27	30	30	26	28	30	31	29	29	31	29	30	30	27	26	26	30	26	30	30	26	27	27	28	27	28	29	26	28	31	30	31	27	29	28	29	26	28	29	26	26	26	27	31	28	29	28	28	26	27	30	28	31	30	26	27	28	30	30	28	27	28	31	27	30	31	29	29	29	30	27	30	26	28	31	29	26	27	26	29	26	31	30	27	30	28	26	31	30	30	26	29	29	28	27	30	30	30	29	26	30	26	31	28	28	30	26	28	31	31	31	31	31	31	29	27	27	26	27	29	26	28	30	30	27	26	30	26	27	27	29	28	31	27	27	29	28	29	27	28	26	30	28	29	27	26	27	27	27	31	31	28	29	30	29	31	28	26	27	28	30	29	27	28	26	26	27	27	30	30	30	30	31	31	28	28	26	31	28	27	29	28	27	31	30	31	28	30	26	28	26	29	26	28	28	30	28	29	31	29	28	26	26	26	29	30	29	28	30	28	28	28	31	28	29	30	26	30	29	28	28	29	30	30	27	28	31	28	
76	77	91	78	79	93	76	83	76	81	94	88	85	80	87	89	85	80	81	78	86	86	88	76	92	90	82	77	91	76	91	91	83	83	85	84	93	80	90	78	84	85	86	86	90	90	89	87	76	93	94	87	89	79	93	80	88	77	78	86	77	85	84	82	87	89	94	94	86	76	79	90	92	93	79	90	94	90	89	92	90	83	90	87	86	85	93	83	79	78	86	88	83	77	83	88	86	93	78	92	76	90	83	84	88	77	80	82	93	77	89	84	94	93	92	79	80	85	89	87	84	87	90	78	93	76	89	86	90	91	80	89	78	93	87	92	78	83	77	93	78	84	81	84	85	85	79	79	76	83	77	89	94	83	82	76	94	88	94	78	88	90	80	90	94	93	80	79	83	82	79	82	79	94	85	89	90	79	93	86	84	77	78	81	93	88	76	84	85	93	91	92	86	77	94	82	77	81	89	90	76	92	89	90	90	76	82	76	92	82	83	80	85	92	86	81	84	81	84	94	76	93	88	85	76	83	87	87	79	78	92	85	83	77	92	81	76	76	79	88	86	82	78	80	81	86	89	81	78	89	77	84	78	85	92	85	82	82	82	84	80	76	82	79	76	92	89	90	80	81	91	83	76	76	90	79	80	86	76	76	88	84	82	92	88	79	84	82	83	78	78	84	86	89	76	81	91	83	91	91	76	85	78	85	84	90	92	80	92	85	92	86	91	91	76	92	84	78	93	88	82	90	92	80	76	79	80	87	89	87	83	87	77	87	86	78	90	77	82	93	94	77	80	80	76	91	82	76	76	83	91	88	93	91	87	87	88	92	94	83	89	77	94	90	80	76	78	91	86	85	81	79	79	94	84	77	82	82	85	82	86	78	78	94	81	84	77	76	82	79	83	82	91	77	77	88	82	84	79	88	84	79	85	93	76	91	89	89	81	94	78	76	83	88	85	81	88	80	90	83	93	89	88	91	89	91	82	91	78	91	93	89	92	81	92	78	93	93	93	79	87	90	91	84	92	78	93	85	86	84	80	86	92	85	88	78	93	91	76	83	93	79	76	89	87	89	92	91	83	89	82	77	90	92	88	78	86	79	83	92	79	77	76	93	82	77	93	85	87	77	82	85	87	85	88	76	76	86	89	88	93	87	78	79	83	82	85	92	81	89	87	86	81	92	78	89	86	93	86	77	84	79	92	84	77	82	82	87	77	86	93	85	79	86	93	82	87	94	81	84	79	78	78	82	92	89	92	84	91	93	76	92	81	86	90	86	92	85	85	82	76	77	85	89	90	91	92	86	83	80	93	83	82	90	88	94	76	79	81	90	91	80	84	83	90	76	80	88	93	87	90	76	89	77	87	86	81	90	76	82	83	90	79	76	76	94	83	78	91	85	86	91	84	78	76	77	87	79	88	91	80	78	80	85	77	85	93	89	79	94	93	83	87	93	81	77	90	82	76	94	82	82	91	78	79	81	79	78	78	81	81	93	87	80	89	77	77	89	80	91	79	80	77	85	82	86	83	76	93	85	85	84	80	81	79	92	94	92	86	86	91	80	79	93	77	81	89	91	92	94	84	85	94	90	77	85	85	83	77	76	77	81	86	91	77	90	92	78	82	81	82	83	83	76	83	85	80	91	94	91	90	87	82	82	87	79	88	78	85	92	81	93	77	79	84	88	77	80	89	76	81	89	77	89	80	82	87	86	87	90	87	78	85	94	92	79	88	89	77	85	81	92	94	78	83	86	85	76	91	85	90	81	89	82	82	90	94	89	93	89	83	86	86	85	94	86	82	84	94	80	83	86	85	82	80	85	93	82	85	81	90	77	82	86	91	86	90	86	83	80	81	93	81	80	90	82	93	83	94	78	83	86	87	89	80	88	83	83	82	84	86	94	92	77	80	80	78	84	92	87	92	93	78	88	89	93	82	94	83	77	78	93	92	84	80	82	78	90	93	92	86	85	77	86	81	86	79	94	87	77	93	82	79	86	92	92	81	94	89	94	81	91	84	82	86	77	86	77	82	86	77	85	86	78	86	87	90	86	90	84	76	84	88	77	84	82	79	82	78	90	76	77	81	91	81	84	86	76	77	77	77	92	85	94	90	80	82	94	90	94	86	86	84	87	76	91	89	84	88	87	80	91	86	76	79	80	78	93	89	79	91	87	93	83	92	89	89	79	82	93	90	90	86	78	90	90	89	84	92	81	82	94	80	86	90	85	86	78	79	92	80	78	91	78	79	94	82	81	79	92	94	80	78	87	79	94	84	81	91	89	
19.8	17.6	26.4	29.7	30.8	23.1	19.8	29.7	31.9	12.1	31.9	16.5	27.5	15.4	12.1	19.8	33	25.3	28.6	33	14.3	12.1	31.9	14.3	24.2	16.5	33	14.3	13.2	23.1	31.9	12.1	11	27.5	26.4	15.4	29.7	24.2	27.5	33	11	29.7	15.4	14.3	29.7	30.8	24.2	31.9	12.1	23.1	25.3	20.9	25.3	20.9	13.2	25.3	26.4	12.1	14.3	25.3	13.2	16.5	26.4	22	28.6	25.3	25.3	16.5	33	30.8	24.2	20.9	26.4	13.2	18.7	30.8	27.5	14.3	24.2	19.8	30.8	16.5	31.9	12.1	20.9	11	16.5	24.2	27.5	33	28.6	13.2	30.8	29.7	30.8	13.2	16.5	27.5	15.4	20.9	16.5	28.6	11	16.5	31.9	24.2	23.1	18.7	16.5	12.1	15.4	30.8	33	28.6	31.9	12.1	28.6	24.2	20.9	25.3	14.3	26.4	13.2	20.9	11	16.5	27.5	18.7	26.4	26.4	12.1	24.2	33	17.6	24.2	18.7	28.6	29.7	23.1	23.1	19.8	22	20.9	18.7	31.9	12.1	13.2	26.4	24.2	30.8	25.3	30.8	27.5	31.9	20.9	18.7	31.9	24.2	18.7	13.2	15.4	17.6	25.3	31.9	15.4	26.4	25.3	26.4	26.4	23.1	29.7	16.5	17.6	15.4	20.9	15.4	22	18.7	23.1	28.6	20.9	18.7	30.8	27.5	14.3	33	30.8	29.7	24.2	20.9	19.8	24.2	15.4	16.5	25.3	13.2	14.3	27.5	24.2	18.7	28.6	11	17.6	11	22	17.6	12.1	27.5	26.4	29.7	14.3	24.2	22	12.1	27.5	14.3	31.9	11	33	29.7	12.1	20.9	33	28.6	18.7	20.9	16.5	11	19.8	17.6	20.9	20.9	25.3	31.9	20.9	25.3	13.2	33	20.9	22	24.2	29.7	16.5	18.7	30.8	12.1	30.8	14.3	27.5	23.1	18.7	22	12.1	27.5	28.6	27.5	17.6	25.3	23.1	26.4	19.8	31.9	12.1	18.7	20.9	27.5	12.1	18.7	13.2	33	16.5	12.1	29.7	28.6	22	31.9	14.3	27.5	26.4	19.8	31.9	17.6	13.2	20.9	15.4	29.7	17.6	28.6	15.4	20.9	13.2	20.9	28.6	22	16.5	19.8	16.5	29.7	25.3	15.4	13.2	22	25.3	19.8	22	20.9	24.2	23.1	20.9	24.2	17.6	24.2	15.4	25.3	13.2	18.7	14.3	23.1	14.3	29.7	31.9	14.3	12.1	18.7	20.9	31.9	16.5	22	30.8	23.1	12.1	27.5	23.1	28.6	25.3	12.1	31.9	20.9	20.9	20.9	33	18.7	29.7	31.9	19.8	26.4	27.5	31.9	23.1	28.6	29.7	18.7	13.2	17.6	30.8	26.4	16.5	33	26.4	20.9	29.7	12.1	20.9	26.4	29.7	26.4	33	33	26.4	11	14.3	33	24.2	31.9	28.6	28.6	18.7	19.8	19.8	30.8	25.3	19.8	17.6	30.8	24.2	16.5	17.6	13.2	30.8	22	19.8	30.8	31.9	15.4	11	28.6	22	12.1	27.5	17.6	33	13.2	25.3	23.1	25.3	14.3	13.2	20.9	19.8	28.6	33	17.6	16.5	30.8	33	18.7	11	18.7	14.3	16.5	14.3	28.6	18.7	14.3	15.4	24.2	19.8	26.4	27.5	20.9	22	31.9	33	22	16.5	13.2	31.9	19.8	23.1	24.2	13.2	20.9	22	19.8	30.8	25.3	14.3	22	24.2	27.5	29.7	26.4	28.6	12.1	17.6	31.9	17.6	13.2	11	29.7	13.2	30.8	13.2	13.2	16.5	20.9	22	12.1	31.9	14.3	14.3	31.9	23.1	24.2	27.5	33	14.3	11	27.5	29.7	11	15.4	28.6	33	13.2	14.3	29.7	20.9	29.7	23.1	19.8	23.1	15.4	17.6	28.6	24.2	26.4	27.5	18.7	12.1	28.6	20.9	24.2	24.2	14.3	23.1	17.6	33	26.4	15.4	14.3	23.1	13.2	19.8	13.2	24.2	16.5	15.4	22	28.6	22	27.5	18.7	18.7	11	11	24.2	13.2	22	20.9	22	17.6	12.1	29.7	11	17.6	26.4	27.5	20.9	29.7	27.5	30.8	30.8	30.8	29.7	24.2	12.1	27.5	17.6	15.4	14.3	17.6	19.8	13.2	25.3	18.7	31.9	26.4	26.4	30.8	20.9	19.8	24.2	31.9	33	17.6	18.7	12.1	17.6	18.7	15.4	24.2	16.5	15.4	31.9	18.7	33	16.5	22	30.8	20.9	27.5	18.7	23.1	28.6	28.6	33	31.9	11	12.1	14.3	33	23.1	29.7	19.8	26.4	33	25.3	11	29.7	12.1	27.5	26.4	17.6	19.8	11	12.1	28.6	16.5	33	22	15.4	31.9	11	16.5	12.1	13.2	22	17.6	26.4	31.9	26.4	18.7	15.4	28.6	14.3	31.9	27.5	26.4	19.8	24.2	16.5	25.3	13.2	24.2	13.2	12.1	24.2	26.4	27.5	16.5	31.9	33	24.2	27.5	28.6	33	27.5	13.2	24.2	22	15.4	16.5	23.1	12.1	30.8	11	18.7	27.5	30.8	29.7	22	19.8	23.1	29.7	12.1	17.6	30.8	26.4	19.8	12.1	17.6	27.5	18.7	14.3	15.4	28.6	29.7	20.9	29.7	26.4	13.2	11	11	22	13.2	14.3	20.9	15.4	11	27.5	31.9	15.4	16.5	11	22	22	14.3	24.2	11	30.8	27.5	31.9	17.6	13.2	29.7	23.1	31.9	22	11	19.8	23.1	19.8	29.7	23.1	31.9	18.7	33	17.6	31.9	26.4	12.1	25.3	29.7	17.6	31.9	29.7	19.8	31.9	22	19.8	30.8	27.5	26.4	15.4	30.8	12.1	29.7	29.7	12.1	11	28.6	19.8	12.1	27.5	29.7	12.1	25.3	33	22	29.7	13.2	27.5	25.3	15.4	31.9	29.7	14.3	26.4	27.5	20.9	30.8	18.7	15.4	26.4	25.3	31.9	23.1	13.2	16.5	12.1	30.8	31.9	13.2	29.7	27.5	20.9	12.1	19.8	16.5	33	22	26.4	22	25.3	15.4	12.1	24.2	22	22	17.6	28.6	17.6	20.9	27.5	17.6	31.9	25.3	29.7	12.1	22	17.6	33	33	14.3	33	28.6	31.9	28.6	31.9	28.6	30.8	16.5	13.2	18.7	33	30.8	18.7	25.3	23.1	14.3	25.3	12.1	11	13.2	20.9	25.3	27.5	16.5	22	29.7	17.6	12.1	28.6	25.3	29.7	18.7	30.8	18.7	33	22	25.3	11	23.1	13.2	17.6	12.1	27.5	15.4	12.1	24.2	30.8	16.5	25.3	24.2	18.7	28.6	15.4	27.5	22	31.9	23.1	24.2	13.2	13.2	19.8	16.5	24.2	28.6	23.1	26.4	17.6	17.6	28.6	16.5	14.3	19.8	24.2	23.1	25.3	29.7	17.6	27.5	12.1	29.7	27.5	15.4	18.7	11	20.9	31.9	13.2	30.8	25.3	22	13.2	27.5	28.6	22	20.9	17.6	31.9	30.8	31.9	11	13.2	25.3	15.4	24.2	22	30.8	15.4	17.6	27.5	31.9	16.5	13.2	14.3	13.2	11	20.9	20.9	31.9	13.2	33	15.4	20.9	25.3	16.5	29.7	19.8	20.9	25.3	18.7	19.8	29.7	29.7	15.4	16.5	22	26.4	33	11	17.6	26.4	11	30.8	33	15.4	24.2	26.4	17.6	28.6	20.9	28.6	33	12.1	11	20.9	33	30.8	22	33	22	15.4	28.6	26.4	26.4	12.1	27.5	23.1	33	33	16.5	13.2	15.4	29.7	28.6	12.1	29.7	28.6	17.6	20.9	22	17.6	29.7	27.5	23.1	16.5	14.3	15.4	15.4	16.5	15.4	25.3	28.6	31.9	23.1	26.4	28.6	
33	22	31.9	25.3	31.9	33	28.6	28.6	16.5	11	24.2	24.2	13.2	33	29.7	17.6	14.3	11	31.9	13.2	16.5	33	30.8	29.7	25.3	26.4	24.2	30.8	33	17.6	26.4	19.8	22	13.2	12.1	25.3	31.9	23.1	23.1	33	13.2	13.2	13.2	18.7	18.7	23.1	16.5	17.6	33	19.8	19.8	11	30.8	11	17.6	31.9	14.3	17.6	13.2	25.3	16.5	19.8	30.8	19.8	26.4	30.8	29.7	25.3	26.4	15.4	25.3	12.1	11	24.2	16.5	33	19.8	22	26.4	28.6	14.3	13.2	12.1	24.2	16.5	29.7	15.4	24.2	24.2	20.9	15.4	20.9	27.5	29.7	18.7	18.7	22	13.2	22	24.2	30.8	14.3	18.7	18.7	26.4	16.5	22	27.5	11	22	14.3	27.5	15.4	31.9	26.4	12.1	11	24.2	11	11	14.3	18.7	17.6	15.4	33	22	11	19.8	29.7	14.3	13.2	23.1	13.2	19.8	24.2	16.5	31.9	12.1	11	20.9	13.2	28.6	31.9	22	17.6	20.9	13.2	16.5	24.2	20.9	19.8	17.6	33	14.3	16.5	23.1	31.9	22	12.1	30.8	24.2	30.8	24.2	11	19.8	12.1	27.5	17.6	13.2	28.6	16.5	20.9	33	15.4	11	15.4	22	16.5	19.8	24.2	33	16.5	11	19.8	31.9	15.4	23.1	31.9	16.5	33	18.7	27.5	31.9	15.4	15.4	15.4	27.5	27.5	27.5	24.2	29.7	26.4	28.6	16.5	18.7	13.2	25.3	28.6	29.7	17.6	26.4	12.1	18.7	28.6	11	17.6	33	30.8	27.5	15.4	14.3	15.4	17.6	17.6	19.8	15.4	24.2	33	25.3	19.8	18.7	11	19.8	28.6	14.3	22	29.7	26.4	25.3	17.6	23.1	27.5	26.4	16.5	22	29.7	13.2	28.6	24.2	25.3	31.9	33	16.5	11	24.2	23.1	31.9	22	12.1	28.6	20.9	33	23.1	26.4	26.4	27.5	17.6	29.7	33	23.1	26.4	23.1	20.9	16.5	27.5	19.8	30.8	14.3	14.3	11	25.3	16.5	28.6	14.3	30.8	28.6	26.4	28.6	20.9	31.9	26.4	18.7	12.1	18.7	20.9	20.9	18.7	13.2	11	29.7	20.9	30.8	33	22	15.4	24.2	18.7	29.7	31.9	18.7	28.6	31.9	18.7	31.9	12.1	17.6	17.6	15.4	20.9	12.1	24.2	14.3	16.5	29.7	27.5	26.4	28.6	31.9	11	26.4	31.9	23.1	22	18.7	18.7	22	30.8	29.7	28.6	29.7	15.4	17.6	22	15.4	28.6	15.4	15.4	28.6	22	18.7	23.1	19.8	19.8	20.9	15.4	18.7	23.1	29.7	29.7	30.8	13.2	13.2	33	17.6	24.2	30.8	26.4	16.5	15.4	17.6	26.4	27.5	30.8	18.7	22	26.4	27.5	28.6	33	13.2	14.3	11	31.9	33	16.5	15.4	30.8	31.9	13.2	30.8	22	31.9	31.9	18.7	27.5	28.6	20.9	30.8	22	13.2	24.2	30.8	12.1	22	33	26.4	19.8	16.5	28.6	12.1	27.5	27.5	31.9	15.4	13.2	29.7	12.1	25.3	25.3	22	14.3	20.9	17.6	30.8	17.6	20.9	31.9	19.8	14.3	27.5	11	28.6	24.2	33	31.9	24.2	26.4	19.8	29.7	14.3	18.7	20.9	23.1	25.3	33	15.4	20.9	14.3	28.6	18.7	28.6	16.5	25.3	17.6	30.8	22	17.6	25.3	12.1	20.9	24.2	23.1	29.7	30.8	22	14.3	33	23.1	15.4	26.4	22	24.2	26.4	19.8	17.6	28.6	18.7	29.7	25.3	15.4	25.3	33	24.2	23.1	29.7	23.1	13.2	33	17.6	29.7	27.5	17.6	14.3	30.8	30.8	20.9	25.3	17.6	31.9	11	13.2	28.6	31.9	15.4	24.2	27.5	11	29.7	20.9	17.6	30.8	14.3	33	15.4	11	27.5	24.2	30.8	14.3	19.8	14.3	13.2	11	31.9	31.9	26.4	19.8	29.7	26.4	29.7	27.5	22	17.6	26.4	33	33	11	22	27.5	27.5	18.7	18.7	16.5	33	25.3	31.9	28.6	14.3	12.1	13.2	24.2	12.1	16.5	26.4	27.5	33	28.6	27.5	12.1	30.8	14.3	31.9	29.7	14.3	17.6	25.3	18.7	18.7	22	25.3	25.3	11	27.5	16.5	28.6	18.7	17.6	12.1	14.3	31.9	20.9	12.1	29.7	16.5	33	27.5	19.8	24.2	20.9	33	13.2	25.3	22	20.9	29.7	14.3	16.5	33	29.7	17.6	30.8	22	22	17.6	18.7	18.7	29.7	25.3	27.5	19.8	28.6	26.4	13.2	27.5	25.3	13.2	23.1	26.4	26.4	24.2	26.4	24.2	16.5	17.6	25.3	30.8	24.2	26.4	20.9	27.5	23.1	27.5	14.3	11	31.9	18.7	30.8	24.2	24.2	18.7	11	20.9	30.8	15.4	18.7	27.5	12.1	11	14.3	33	24.2	13.2	14.3	33	30.8	19.8	15.4	18.7	15.4	11	24.2	28.6	19.8	17.6	13.2	16.5	25.3	26.4	31.9	17.6	30.8	13.2	30.8	23.1	29.7	13.2	25.3	24.2	24.2	29.7	20.9	27.5	11	16.5	33	11	24.2	31.9	31.9	13.2	17.6	13.2	31.9	19.8	18.7	15.4	14.3	22	19.8	20.9	28.6	30.8	12.1	26.4	27.5	17.6	18.7	11	13.2	12.1	17.6	25.3	11	25.3	26.4	14.3	22	19.8	13.2	26.4	13.2	16.5	15.4	12.1	29.7	16.5	14.3	15.4	27.5	12.1	15.4	15.4	22	28.6	15.4	16.5	33	27.5	11	11	33	30.8	23.1	23.1	26.4	20.9	30.8	27.5	17.6	31.9	25.3	26.4	20.9	25.3	24.2	13.2	16.5	16.5	16.5	19.8	14.3	17.6	14.3	17.6	17.6	11	25.3	23.1	31.9	20.9	20.9	30.8	12.1	33	20.9	14.3	20.9	11	19.8	19.8	19.8	28.6	27.5	20.9	19.8	15.4	16.5	18.7	19.8	27.5	25.3	18.7	22	25.3	16.5	22	20.9	29.7	23.1	25.3	15.4	28.6	11	18.7	27.5	26.4	19.8	26.4	19.8	25.3	18.7	28.6	18.7	18.7	20.9	26.4	29.7	19.8	28.6	30.8	18.7	30.8	22	30.8	13.2	15.4	17.6	15.4	16.5	19.8	12.1	23.1	29.7	12.1	13.2	29.7	13.2	27.5	30.8	33	23.1	31.9	20.9	33	29.7	31.9	14.3	22	13.2	14.3	29.7	30.8	20.9	31.9	12.1	11	13.2	20.9	14.3	22	23.1	16.5	15.4	20.9	27.5	33	19.8	12.1	18.7	18.7	15.4	19.8	22	19.8	33	17.6	19.8	23.1	17.6	28.6	31.9	31.9	31.9	25.3	27.5	11	30.8	18.7	29.7	14.3	26.4	29.7	25.3	15.4	31.9	11	29.7	13.2	17.6	29.7	18.7	33	22	28.6	20.9	28.6	11	16.5	12.1	18.7	33	33	33	23.1	20.9	20.9	23.1	13.2	19.8	27.5	14.3	30.8	22	30.8	28.6	27.5	28.6	17.6	12.1	25.3	25.3	16.5	17.6	22	11	19.8	23.1	12.1	13.2	25.3	33	29.7	19.8	12.1	19.8	14.3	31.9	24.2	23.1	26.4	26.4	24.2	30.8	28.6	22	23.1	16.5	26.4	31.9	20.9	30.8	30.8	13.2	33	26.4	19.8	13.2	29.7	28.6	14.3	31.9	15.4	23.1	27.5	11	25.3	26.4	26.4	17.6	31.9	23.1	23.1	26.4	17.6	14.3	14.3	12.1	29.7	11	33	14.3	20.9	17.6	28.6	12.1	23.1	18.7	31.9	15.4	15.4	
29.7	20.9	12.1	17.6	27.5	29.7	17.6	14.3	31.9	23.1	16.5	24.2	13.2	11	28.6	22	17.6	31.9	15.4	23.1	13.2	27.5	26.4	16.5	24.2	12.1	14.3	22	17.6	26.4	
13	12	11	20	19	15	18	12	12	15	17	16	18	10	18	16	10	14	11	19	14	15	19	12	14	13	13	13	16	16	14	12	13	18	19	13	13	10	13	11	17	14	10	19	20	16	20	17	16	17	20	10	11	13	14	16	10	19	20	20	14	13	16	20	12	15	19	12	20	10	13	10	10	13	11	17	16	11	20	17	14	18	17	20	17	18	17	20	10	15	10	16	19	12	13	12	13	16	14	17	19	10	13	20	19	19	19	18	12	10	14	17	19	17	13	12	19	15	10	18	16	13	13	12	11	14	12	10	16	11	18	10	10	17	18	16	13	13	20	15	18	20	16	17	19	11	20	19	15	17	17	12	12	14	10	10	10	19	12	12	16	10	13	12	18	10	14	20	16	19	16	16	17	13	17	18	16	16	10	15	10	14	12	19	11	17	10	14	11	15	11	14	19	20	11	16	11	15	16	15	20	17	15	11	13	14	18	19	18	12	17	10	17	10	11	18	18	16	10	11	11	20	19	10	15	10	19	16	14	17	16	14	14	16	13	17	14	12	10	19	20	13	13	17	14	12	16	14	20	10	19	11	18	11	13	14	19	13	15	12	19	20	13	15	16	20	13	14	16	17	10	20	17	16	17	20	16	14	11	20	17	12	15	17	12	18	14	16	14	19	13	11	11	16	12	11	20	11	19	13	13	18	20	12	14	12	18	10	11	15	17	19	17	19	13	14	16	12	11	16	19	12	13	15	20	11	18	16	13	13	20	19	16	11	20	10	19	12	12	17	10	15	12	14	13	16	11	14	11	16	12	17	16	15	13	16	18	20	15	10	11	17	19	18	11	14	17	14	14	20	12	17	12	12	10	20	19	18	10	17	16	16	18	10	10	13	15	13	12	13	11	19	17	11	14	19	15	13	15	14	15	14	14	11	16	12	18	20	12	17	10	14	16	15	11	17	14	18	20	16	11	12	16	10	14	12	15	17	17	19	17	16	10	13	14	13	18	20	19	12	19	14	11	16	16	13	16	13	11	18	20	15	15	13	13	13	16	14	10	16	12	17	11	20	17	12	15	15	11	13	17	16	20	15	12	14	17	16	11	12	20	14	13	13	20	11	13	12	13	17	20	11	20	10	13	12	11	11	12	10	11	20	20	13	12	17	13	16	11	13	12	13	13	12	15	11	15	16	18	11	19	17	16	16	16	20	11	20	14	10	20	20	17	11	16	19	10	14	17	19	12	11	19	16	11	13	10	20	16	15	11	19	17	10	10	11	11	18	19	13	11	14	15	11	18	20	15	12	10	19	17	13	14	11	15	17	16	13	13	10	18	14	17	12	18	20	17	18	18	19	10	16	11	10	10	14	13	19	13	19	19	20	19	14	17	17	17	16	10	14	19	20	12	19	18	12	16	16	14	13	15	16	17	20	20	15	18	15	11	10	18	14	12	20	18	16	20	14	15	15	20	14	11	19	15	10	19	12	13	20	10	15	14	15	15	17	11	16	15	10	14	14	20	13	19	12	11	20	10	13	15	13	10	13	10	20	13	10	18	13	10	12	11	13	20	17	17	19	11	12	11	18	16	20	16	18	14	17	20	10	13	15	14	20	18	14	17	17	12	20	20	14	14	13	20	19	19	11	17	19	11	18	15	15	15	11	19	18	18	15	11	19	13	11	10	15	16	12	14	16	10	16	11	13	19	12	15	19	14	19	20	20	17	10	17	15	17	12	17	14	14	17	18	16	17	10	13	12	10	10	18	17	16	14	20	11	13	20	10	10	13	17	15	13	13	11	18	11	10	17	13	12	11	20	14	19	14	20	13	20	14	13	16	11	16	16	16	15	16	14	15	16	14	11	11	15	17	18	20	10	15	16	20	11	17	17	14	16	17	15	12	12	19	18	16	20	18	14	13	14	11	13	11	19	19	19	13	16	14	18	20	12	14	11	13	17	12	14	12	20	15	17	11	18	18	17	12	19	12	17	12	17	12	19	14	10	16	17	17	15	11	20	14	10	20	17	19	15	13	13	15	19	12	10	14	15	14	13	10	18	17	19	18	12	16	20	17	16	14	19	20	10	19	20	13	15	14	14	17	19	17	13	20	20	19	11	10	13	13	19	18	18	15	14	18	10	12	18	12	15	20	18	18	13	17	12	14	10	19	11	10	18	12	18	11	12	16	16	20	13	13	10	16	13	15	11	12	12	13	18	18	15	17	19	12	14	20	20	18	19	19	13	12	10	17	11	20	10	14	17	16	10	10	17	14	13	10	19	16	11	
1	1	1	1	1	1	1	1	1	1	1	1	1	1	1	1	1	1	1	1	1	1	1	1	1	1	1	1	1	1	1	1	1	1	1	2	2	2	2	2	2	2	2	2	2	2	2	2	2	2	2	2	2	2	2	2	2	2	2	2	2	2	2	2	2	2	2	2	2	2	3	3	3	3	3	3	3	3	3	3	3	3	3	3	3	3	3	3	3	3	3	3	3	3	3	3	3	3	3	3	3	3	3	3	3	3	4	4	4	4	4	4	4	4	4	4	4	4	4	4	4	4	4	4	4	4	4	4	4	4	4	5	5	5	5	5	5	5	5	5	5	5	5	5	5	5	5	5	5	5	5	5	5	5	5	5	5	5	5	5	5	5	5	5	5	5	5	5	5	5	5	6	6	6	6	6	6	6	6	6	6	6	6	6	6	6	6	6	6	6	6	6	6	6	6	6	6	6	6	6	6	6	7	7	7	7	7	7	7	7	7	7	7	7	7	7	7	7	7	7	7	7	7	7	7	7	7	7	7	8	8	8	8	8	8	8	8	8	8	8	8	8	8	8	8	8	8	8	8	8	8	8	8	8	8	8	8	8	8	8	8	8	9	9	9	9	9	9	9	9	9	9	9	9	9	9	9	9	9	9	9	10	10	10	10	10	10	10	10	10	10	10	10	10	10	10	10	10	10	10	10	10	10	10	10	10	10	10	10	10	10	10	10	11	11	11	11	11	11	11	11	11	11	11	11	11	11	11	11	11	11	11	11	11	11	11	11	11	11	11	12	12	12	12	12	12	12	12	12	12	12	12	12	12	12	12	12	12	12	12	12	12	12	12	12	12	12	12	13	13	13	13	13	13	13	13	13	13	13	13	13	13	13	13	13	13	13	13	13	13	13	13	13	13	13	13	13	13	13	13	13	13	13	13	14	14	14	14	14	14	14	14	14	14	14	14	14	14	14	14	14	14	14	14	14	14	14	14	14	14	14	14	14	14	14	15	15	15	15	15	15	15	15	15	15	15	15	15	15	15	15	15	15	15	15	15	15	15	15	15	15	15	15	15	15	15	15	15	15	15	15	15	15	15	15	16	16	16	16	16	16	16	16	16	16	16	16	16	16	16	16	16	16	16	16	16	16	16	16	16	16	16	16	16	16	16	17	17	17	17	17	17	17	17	17	17	17	17	17	17	17	17	17	17	17	17	17	17	17	17	17	17	17	17	17	18	18	18	18	18	18	18	18	18	18	18	18	18	18	18	18	18	18	18	18	18	18	18	18	18	18	18	18	18	18	18	18	18	18	18	18	18	18	19	19	19	19	19	19	19	19	19	19	19	19	19	19	19	19	19	19	19	19	19	19	19	19	19	19	19	19	19	19	19	19	19	19	19	19	19	19	20	20	20	20	20	20	20	20	20	20	20	20	20	20	20	20	20	20	20	20	20	20	20	20	20	20	20	20	20	20	20	20	20	20	20	20	21	21	21	21	21	21	21	21	21	21	21	21	21	21	21	21	21	21	21	21	21	21	21	21	21	21	21	21	21	21	21	21	21	22	22	22	22	22	22	22	22	22	22	22	22	22	22	22	22	22	22	22	22	22	22	22	22	22	22	22	22	22	22	22	22	22	22	22	22	22	22	22	22	22	22	23	23	23	23	23	23	23	23	23	23	23	23	23	23	23	23	23	23	23	23	23	23	23	23	23	23	23	23	24	24	24	24	24	24	24	24	24	24	24	24	24	24	24	24	24	24	24	24	24	24	24	24	24	24	24	24	24	24	24	24	24	24	24	24	24	24	24	24	25	25	25	25	25	25	25	25	25	25	25	25	25	25	25	25	25	25	25	25	25	25	25	25	25	25	25	25	25	25	25	25	25	26	26	26	26	26	26	26	26	26	26	26	26	26	26	26	26	26	26	26	26	26	26	26	26	26	26	26	26	26	27	27	27	27	27	27	27	27	27	27	27	27	27	27	27	27	27	27	27	27	27	27	27	27	27	27	27	27	27	27	27	27	27	27	27	27	27	27	27	27	27	27	28	28	28	28	28	28	28	28	28	28	28	28	28	28	28	28	28	28	28	28	28	28	28	28	28	28	28	28	28	28	28	28	29	29	29	29	29	29	29	29	29	29	29	29	29	29	29	29	29	29	29	29	29	29	29	29	29	29	29	29	29	29	29	29	29	29	29	29	29	29	29	29	29	29	29	30	30	30	30	30	30	30	30	30	30	30	30	30	30	30	30	30	30	30	30	30	30	30	30	30	30	30	30	30	30	30	
