1000
15	4
1060	23.1
26	26	26	28	28	31	30	28	30	26	27	26	28	27	30	28	26	26	26	27	28	31	26	31	30	30	26	28	30	31	29	28	26	26	31	28	27	30	26	31	26	29	30	29	29	27	28	30	28	26	26	27	26	26	28	30	29	29	29	27	31	29	26	27	30	26	29	27	26	27	28	28	28	29	26	30	28	28	31	28	28	28	26	30	30	29	29	27	30	28	27	27	26	29	30	29	27	31	29	30	29	27	29	31	30	28	29	31	30	30	31	27	26	26	30	30	29	26	27	31	29	30	30	31	31	28	27	30	26	28	26	30	29	28	31	30	31	29	27	28	31	28	26	27	27	31	27	31	28	26	26	31	26	29	31	28	30	27	30	30	30	31	30	26	31	28	31	28	28	30	30	29	26	27	26	29	29	26	29	27	29	30	27	31	31	31	31	29	27	26	27	27	26	27	31	29	30	31	29	29	30	31	30	26	28	29	31	29	29	27	26	28	31	27	26	26	29	26	26	27	30	30	27	31	27	27	28	26	27	29	26	28	30	28	30	29	28	29	31	29	27	26	31	31	31	28	29	26	31	26	27	30	26	27	26	30	28	31	27	27	31	31	30	26	28	28	26	27	27	29	30	31	28	27	31	27	29	28	30	28	29	29	26	31	26	28	28	29	29	28	28	31	29	26	29	27	30	26	28	28	30	29	30	30	30	26	27	30	27	31	28	26	26	31	31	30	29	26	28	27	27	29	27	28	30	27	26	27	26	27	31	26	27	27	31	30	27	30	26	30	26	28	29	31	30	29	27	31	30	27	29	30	29	31	26	26	29	29	30	31	26	31	29	28	29	28	29	31	30	27	28	28	29	30	28	31	31	31	31	31	26	30	31	29	26	26	30	26	28	29	31	28	27	28	30	27	31	28	29	27	31	27	29	29	29	27	28	27	28	26	31	26	27	30	27	31	27	30	26	30	29	29	31	30	30	27	29	29	28	29	30	26	26	28	29	28	31	26	29	26	30	28	28	31	27	31	26	28	27	27	28	30	31	31	29	26	29	30	27	31	30	29	26	26	26	27	30	31	26	27	30	28	27	27	28	29	30	30	28	29	28	30	31	27	28	27	31	28	29	31	31	28	29	26	29	29	27	30	28	26	27	31	28	29	27	30	28	31	30	30	28	28	29	31	30	28	26	28	29	31	28	30	26	26	30	28	27	26	31	30	26	31	28	31	30	30	28	28	27	28	29	30	30	26	29	28	31	26	30	26	29	28	27	30	31	30	31	30	28	31	27	29	29	27	31	26	27	26	28	28	31	31	28	30	27	29	27	27	27	31	27	28	30	27	28	29	29	28	30	30	31	31	27	26	31	27	31	31	30	30	28	30	27	29	30	27	27	30	26	29	26	30	26	30	30	31	31	26	26	30	28	30	31	31	29	31	26	30	27	30	29	30	29	31	28	29	27	26	27	31	27	27	28	26	26	27	28	31	31	30	30	30	29	28	30	26	31	27	29	30	30	27	29	28	28	30	31	28	31	31	30	31	28	29	27	31	30	31	29	31	30	28	27	31	30	31	26	30	26	30	29	31	29	28	30	30	28	29	29	27	30	31	28	31	30	31	27	28	29	28	27	30	28	31	31	26	31	31	31	28	27	28	29	28	28	28	29	31	30	26	26	27	31	31	31	29	30	29	27	29	29	28	30	27	29	27	31	27	30	26	26	29	28	30	30	30	29	30	31	31	28	30	31	29	29	31	28	30	28	31	31	27	28	28	28	31	29	31	29	29	28	27	28	27	28	30	31	28	30	29	27	31	27	29	30	30	27	29	28	26	27	29	26	27	30	30	30	29	26	26	27	31	30	26	30	28	29	26	30	29	31	30	28	30	27	30	27	29	31	26	28	31	28	27	26	31	30	31	27	26	29	30	30	30	26	31	27	27	26	29	29	27	27	31	26	28	28	28	30	29	30	28	30	26	28	27	31	30	30	28	28	29	31	31	31	28	29	26	30	27	30	28	27	27	30	29	28	27	31	29	26	26	30	28	29	31	29	31	29	26	31	31	29	28	29	26	31	30	26	29	27	30	31	30	26	26	29	31	30	31	31	27	29	29	31	26	29	27	26	28	26	28	30	31	31	30	26	26	26	29	27	31	31	27	28	31	30	26	28	26	30	27	31	31	29	31	31	29	28	26	27	30	30	30	28	27	31	31	30	27	29	28	29	31	26	26	31	28	28	28	28	28	30	27	30	29	30	27	27	31	28	26	28	31	28	30	26	31	26	30	
88	89	81	87	89	94	90	92	77	85	90	92	83	85	87	90	90	91	81	93	76	87	94	85	90	83	76	77	86	94	88	78	92	77	84	93	87	92	88	76	91	92	90	79	84	89	84	93	89	84	82	79	86	82	76	91	78	79	82	84	81	86	90	76	91	94	92	77	81	79	89	90	87	92	83	94	80	92	92	91	87	84	87	89	86	89	89	89	86	89	79	82	91	85	83	78	85	88	93	85	79	92	87	87	93	87	77	87	94	92	93	82	91	81	88	80	85	90	93	93	86	83	81	77	91	83	91	80	78	90	94	89	81	85	77	90	84	84	90	80	87	84	89	91	81	87	92	84	93	90	92	88	82	86	77	90	87	79	94	91	94	87	93	77	79	86	87	81	90	89	76	87	93	90	79	87	82	91	92	86	78	86	84	86	92	89	82	92	89	89	89	92	88	94	79	86	81	83	91	91	76	80	77	83	90	91	88	83	80	93	84	86	80	91	93	88	86	94	89	76	77	85	78	94	91	89	86	80	83	83	82	85	80	92	84	90	92	90	78	80	79	92	92	78	92	90	76	84	94	83	76	78	85	77	81	76	88	82	89	84	78	80	84	88	89	89	77	90	78	76	81	86	85	94	92	88	85	83	87	82	88	83	84	82	80	80	87	82	82	91	80	84	94	85	83	87	90	92	83	81	76	78	81	83	77	81	86	83	76	80	77	82	76	83	93	79	91	78	77	91	92	83	91	88	90	87	82	84	88	87	88	88	85	94	76	82	80	79	86	80	90	84	84	86	90	91	90	80	90	76	78	85	81	85	83	85	93	87	79	93	80	80	85	87	80	84	84	82	77	92	78	94	88	92	94	78	87	85	83	92	94	83	82	84	90	85	86	93	94	76	93	85	77	92	90	83	92	82	82	93	92	94	87	79	82	92	89	86	90	76	88	80	77	79	85	77	81	79	92	80	86	82	89	91	78	76	78	87	86	77	76	85	84	80	93	86	82	81	80	92	84	88	83	87	91	90	91	77	90	92	77	76	90	83	82	77	90	82	92	81	78	89	81	88	77	92	88	80	92	86	85	87	76	93	92	87	91	83	90	93	79	82	84	79	88	81	89	87	79	92	79	86	80	81	89	84	82	90	81	81	77	83	91	80	89	87	89	92	94	91	93	93	82	89	90	89	85	90	93	87	85	90	88	89	87	82	83	92	94	87	81	76	89	91	90	76	80	76	85	88	92	89	94	82	93	88	87	80	87	76	91	78	80	90	89	87	90	80	78	82	86	82	82	87	87	79	94	91	85	86	83	87	88	86	93	81	86	78	91	92	82	91	90	88	79	80	90	89	85	78	81	82	83	89	94	79	88	82	82	86	89	77	90	79	88	82	90	79	83	93	91	77	86	91	78	77	82	87	84	94	92	80	77	87	78	76	82	79	81	91	80	81	92	82	92	79	83	87	86	88	81	76	76	92	77	87	82	94	87	81	81	84	76	87	77	81	84	80	84	78	87	93	82	91	79	94	94	87	84	90	83	94	89	86	77	88	94	77	83	78	94	87	87	84	94	86	78	83	82	87	90	86	79	83	89	77	87	80	80	76	88	89	83	89	84	93	90	94	83	81	86	87	78	82	83	81	82	80	82	85	92	77	82	88	81	83	88	78	79	83	79	77	90	86	84	88	93	76	80	86	82	81	93	91	80	85	83	80	91	84	94	77	94	83	76	78	85	89	84	86	82	80	86	78	85	76	94	90	90	84	90	79	86	85	84	87	85	79	79	82	77	81	82	82	87	82	93	92	90	80	91	79	90	84	80	76	89	86	79	87	89	83	93	90	83	93	79	85	79	94	94	79	90	81	86	94	84	83	90	83	91	83	78	91	80	84	80	91	92	91	94	77	81	79	86	88	77	90	80	86	88	88	90	90	76	92	91	91	85	81	82	80	90	92	87	91	92	80	81	92	85	89	90	79	86	94	86	82	90	76	81	87	83	77	88	79	92	82	91	94	94	86	76	80	83	87	85	86	92	93	85	84	83	81	81	90	81	94	93	87	91	81	78	88	88	94	89	92	90	79	91	83	92	81	92	82	89	94	77	85	88	83	87	76	77	92	93	83	78	89	81	82	94	76	80	78	77	87	76	88	91	79	80	82	89	82	86	82	84	91	86	76	91	94	85	92	88	88	86	92	94	77	92	77	78	92	86	79	94	85	83	82	86	82	87	77	78	81	80	91	93	92	87	80	86	86	79	84	84	88	93	84	92	89	83	90	80	82	81	79	
30.8	31.9	17.6	14.3	11	30.8	16.5	27.5	33	18.7	19.8	20.9	13.2	26.4	23.1	17.6	18.7	15.4	12.1	27.5	18.7	15.4	18.7	30.8	18.7	33	14.3	13.2	30.8	22	19.8	13.2	26.4	22	18.7	27.5	22	17.6	12.1	29.7	16.5	19.8	14.3	23.1	15.4	20.9	16.5	23.1	13.2	22	12.1	17.6	31.9	12.1	20.9	11	29.7	30.8	25.3	16.5	28.6	18.7	31.9	17.6	14.3	26.4	26.4	17.6	20.9	22	16.5	28.6	25.3	20.9	23.1	25.3	17.6	23.1	12.1	25.3	11	24.2	11	16.5	18.7	31.9	22	19.8	33	13.2	24.2	25.3	11	14.3	25.3	27.5	23.1	18.7	15.4	20.9	22	31.9	30.8	16.5	24.2	24.2	20.9	25.3	19.8	17.6	26.4	15.4	30.8	30.8	23.1	17.6	23.1	22	17.6	17.6	24.2	29.7	12.1	23.1	23.1	17.6	17.6	22	22	15.4	18.7	22	17.6	12.1	13.2	14.3	22	28.6	30.8	25.3	11	20.9	30.8	31.9	15.4	16.5	31.9	28.6	23.1	22	30.8	14.3	11	27.5	23.1	18.7	28.6	26.4	14.3	16.5	11	33	24.2	16.5	23.1	23.1	30.8	30.8	12.1	18.7	31.9	18.7	27.5	15.4	17.6	22	27.5	28.6	33	16.5	18.7	23.1	29.7	12.1	22	11	13.2	14.3	13.2	28.6	19.8	30.8	16.5	29.7	19.8	17.6	13.2	15.4	15.4	27.5	33	29.7	19.8	17.6	17.6	25.3	15.4	13.2	24.2	31.9	13.2	23.1	13.2	22	12.1	28.6	16.5	19.8	24.2	12.1	30.8	19.8	11	11	24.2	16.5	33	29.7	26.4	27.5	15.4	31.9	17.6	24.2	14.3	23.1	31.9	23.1	22	11	26.4	22	25.3	17.6	16.5	33	22	16.5	22	17.6	28.6	26.4	22	27.5	23.1	22	23.1	23.1	15.4	24.2	22	12.1	12.1	17.6	23.1	19.8	19.8	28.6	13.2	31.9	16.5	23.1	13.2	11	19.8	27.5	20.9	27.5	28.6	23.1	26.4	31.9	25.3	30.8	20.9	19.8	31.9	22	22	24.2	12.1	28.6	17.6	31.9	27.5	13.2	29.7	28.6	24.2	30.8	17.6	33	13.2	22	20.9	15.4	28.6	24.2	22	11	12.1	27.5	16.5	11	33	33	29.7	25.3	22	18.7	11	15.4	31.9	30.8	26.4	25.3	26.4	26.4	13.2	23.1	26.4	20.9	30.8	20.9	23.1	17.6	30.8	12.1	18.7	12.1	16.5	18.7	33	13.2	28.6	30.8	13.2	16.5	19.8	12.1	31.9	18.7	31.9	22	33	30.8	26.4	26.4	13.2	27.5	26.4	22	17.6	26.4	20.9	27.5	27.5	22	20.9	26.4	11	15.4	20.9	27.5	13.2	30.8	24.2	33	15.4	25.3	11	17.6	20.9	12.1	12.1	22	20.9	16.5	28.6	11	28.6	31.9	19.8	19.8	23.1	19.8	30.8	22	30.8	33	11	31.9	12.1	14.3	29.7	14.3	13.2	11	15.4	17.6	30.8	20.9	31.9	31.9	26.4	27.5	25.3	22	24.2	15.4	23.1	15.4	14.3	31.9	25.3	14.3	33	13.2	13.2	28.6	12.1	24.2	16.5	28.6	25.3	33	33	11	11	22	28.6	20.9	33	33	17.6	24.2	24.2	33	27.5	23.1	26.4	18.7	11	26.4	28.6	23.1	11	30.8	17.6	11	20.9	24.2	29.7	17.6	27.5	24.2	22	19.8	25.3	18.7	30.8	19.8	12.1	28.6	26.4	20.9	30.8	19.8	23.1	29.7	27.5	28.6	27.5	28.6	33	29.7	12.1	33	14.3	20.9	14.3	26.4	30.8	22	24.2	24.2	24.2	16.5	14.3	19.8	15.4	13.2	16.5	23.1	24.2	25.3	15.4	29.7	27.5	29.7	16.5	13.2	31.9	30.8	24.2	26.4	12.1	30.8	28.6	24.2	24.2	27.5	15.4	20.9	13.2	33	23.1	14.3	12.1	31.9	13.2	20.9	12.1	17.6	25.3	14.3	29.7	23.1	20.9	29.7	26.4	29.7	24.2	15.4	11	11	23.1	13.2	18.7	19.8	13.2	19.8	14.3	11	28.6	30.8	23.1	27.5	18.7	20.9	30.8	20.9	20.9	16.5	29.7	22	19.8	19.8	24.2	26.4	16.5	14.3	28.6	14.3	28.6	16.5	17.6	31.9	11	29.7	23.1	25.3	24.2	17.6	25.3	22	14.3	16.5	22	17.6	29.7	15.4	30.8	29.7	11	26.4	14.3	29.7	11	30.8	22	12.1	16.5	22	19.8	16.5	26.4	22	12.1	24.2	27.5	15.4	13.2	23.1	24.2	19.8	23.1	12.1	14.3	24.2	24.2	24.2	19.8	14.3	17.6	25.3	13.2	29.7	33	28.6	20.9	16.5	20.9	26.4	16.5	25.3	16.5	27.5	28.6	23.1	12.1	22	19.8	25.3	22	31.9	22	30.8	26.4	28.6	17.6	14.3	29.7	29.7	13.2	25.3	12.1	24.2	26.4	18.7	25.3	23.1	19.8	13.2	24.2	28.6	14.3	28.6	26.4	15.4	28.6	14.3	29.7	15.4	24.2	25.3	16.5	18.7	12.1	28.6	28.6	28.6	31.9	18.7	17.6	15.4	31.9	12.1	30.8	16.5	13.2	23.1	23.1	30.8	23.1	26.4	28.6	14.3	28.6	18.7	30.8	14.3	19.8	15.4	30.8	14.3	17.6	15.4	16.5	15.4	31.9	15.4	14.3	19.8	27.5	29.7	31.9	13.2	29.7	33	23.1	17.6	17.6	14.3	17.6	14.3	19.8	20.9	19.8	27.5	17.6	22	19.8	16.5	27.5	11	12.1	22	13.2	18.7	15.4	26.4	11	13.2	11	18.7	15.4	16.5	25.3	30.8	33	15.4	33	28.6	17.6	13.2	31.9	28.6	12.1	27.5	14.3	22	11	14.3	27.5	13.2	28.6	27.5	24.2	31.9	18.7	30.8	28.6	33	14.3	27.5	12.1	19.8	24.2	12.1	14.3	19.8	33	18.7	31.9	16.5	29.7	28.6	24.2	33	25.3	26.4	15.4	33	23.1	12.1	17.6	14.3	12.1	13.2	18.7	19.8	14.3	12.1	28.6	29.7	30.8	13.2	13.2	27.5	24.2	12.1	17.6	14.3	16.5	17.6	13.2	20.9	33	18.7	19.8	16.5	14.3	33	31.9	23.1	23.1	11	26.4	23.1	16.5	14.3	26.4	24.2	28.6	16.5	24.2	11	30.8	22	24.2	30.8	29.7	26.4	33	25.3	27.5	25.3	20.9	29.7	31.9	22	15.4	15.4	26.4	16.5	22	29.7	29.7	18.7	14.3	24.2	16.5	23.1	30.8	24.2	12.1	25.3	12.1	20.9	14.3	25.3	20.9	24.2	13.2	30.8	18.7	16.5	22	26.4	16.5	30.8	30.8	26.4	19.8	16.5	28.6	31.9	30.8	25.3	33	27.5	26.4	20.9	28.6	33	17.6	24.2	23.1	28.6	31.9	18.7	28.6	24.2	26.4	26.4	24.2	14.3	24.2	13.2	11	30.8	29.7	12.1	12.1	11	24.2	13.2	22	29.7	33	26.4	19.8	33	14.3	11	20.9	13.2	13.2	13.2	27.5	20.9	15.4	16.5	16.5	18.7	18.7	29.7	33	11	20.9	12.1	25.3	25.3	30.8	28.6	24.2	33	13.2	31.9	31.9	30.8	15.4	31.9	17.6	30.8	15.4	25.3	18.7	13.2	25.3	25.3	26.4	29.7	24.2	25.3	29.7	33	18.7	17.6	15.4	18.7	20.9	30.8	15.4	16.5	25.3	26.4	33	24.2	30.8	20.9	27.5	15.4	14.3	11	12.1	25.3	22	12.1	23.1	18.7	30.8	28.6	27.5	14.3	16.5	30.8	17.6	28.6	
13.2	13.2	27.5	20.9	30.8	14.3	26.4	25.3	29.7	11	29.7	31.9	20.9	30.8	25.3	30.8	33	14.3	23.1	18.7	17.6	24.2	12.1	24.2	18.7	25.3	14.3	20.9	27.5	12.1	14.3	24.2	17.6	25.3	28.6	18.7	12.1	30.8	13.2	19.8	25.3	17.6	18.7	26.4	23.1	23.1	24.2	31.9	30.8	18.7	12.1	29.7	15.4	28.6	12.1	30.8	13.2	30.8	18.7	17.6	23.1	11	13.2	25.3	23.1	24.2	17.6	16.5	17.6	30.8	11	24.2	12.1	33	31.9	20.9	16.5	18.7	25.3	29.7	13.2	28.6	30.8	16.5	33	12.1	14.3	14.3	29.7	30.8	17.6	29.7	27.5	28.6	29.7	15.4	17.6	28.6	18.7	11	17.6	27.5	29.7	27.5	14.3	20.9	13.2	14.3	26.4	18.7	26.4	15.4	17.6	24.2	29.7	17.6	15.4	26.4	13.2	15.4	15.4	28.6	19.8	14.3	25.3	33	28.6	28.6	17.6	23.1	23.1	25.3	20.9	14.3	26.4	29.7	28.6	25.3	17.6	25.3	30.8	18.7	12.1	17.6	30.8	12.1	18.7	19.8	16.5	26.4	33	27.5	22	28.6	14.3	16.5	25.3	12.1	28.6	25.3	30.8	25.3	19.8	23.1	15.4	15.4	16.5	31.9	18.7	24.2	33	31.9	25.3	25.3	19.8	13.2	13.2	15.4	17.6	11	25.3	31.9	13.2	14.3	11	18.7	11	17.6	12.1	11	19.8	19.8	17.6	26.4	12.1	25.3	12.1	22	16.5	14.3	29.7	29.7	23.1	19.8	18.7	25.3	14.3	14.3	33	29.7	12.1	19.8	26.4	26.4	12.1	22	11	33	19.8	28.6	26.4	22	20.9	15.4	18.7	11	23.1	33	17.6	33	15.4	33	18.7	23.1	15.4	23.1	15.4	33	19.8	14.3	18.7	12.1	29.7	18.7	33	26.4	29.7	28.6	12.1	31.9	33	23.1	29.7	24.2	19.8	29.7	15.4	31.9	14.3	18.7	17.6	29.7	16.5	16.5	19.8	16.5	25.3	31.9	30.8	14.3	23.1	13.2	15.4	30.8	16.5	25.3	19.8	11	27.5	26.4	20.9	17.6	29.7	26.4	13.2	23.1	25.3	25.3	15.4	14.3	15.4	27.5	25.3	28.6	18.7	11	16.5	17.6	30.8	17.6	29.7	33	11	29.7	22	15.4	25.3	17.6	12.1	27.5	28.6	23.1	15.4	28.6	16.5	23.1	29.7	15.4	23.1	31.9	28.6	27.5	26.4	27.5	28.6	33	30.8	31.9	14.3	14.3	30.8	22	17.6	12.1	28.6	28.6	20.9	11	16.5	20.9	14.3	18.7	31.9	25.3	33	13.2	14.3	14.3	12.1	27.5	25.3	11	18.7	15.4	20.9	14.3	19.8	22	33	11	12.1	19.8	23.1	15.4	31.9	19.8	26.4	30.8	19.8	17.6	20.9	17.6	27.5	30.8	11	22	18.7	20.9	17.6	18.7	18.7	19.8	26.4	27.5	25.3	12.1	16.5	33	26.4	33	16.5	13.2	18.7	17.6	17.6	15.4	29.7	26.4	33	16.5	13.2	18.7	30.8	16.5	20.9	27.5	19.8	26.4	13.2	22	18.7	14.3	18.7	19.8	17.6	33	19.8	31.9	30.8	13.2	16.5	26.4	29.7	27.5	31.9	29.7	30.8	29.7	16.5	29.7	14.3	24.2	15.4	28.6	15.4	22	31.9	14.3	31.9	24.2	16.5	23.1	16.5	24.2	18.7	12.1	33	23.1	18.7	14.3	16.5	31.9	33	14.3	14.3	26.4	19.8	30.8	11	20.9	25.3	22	28.6	12.1	12.1	26.4	13.2	15.4	24.2	16.5	20.9	23.1	25.3	26.4	13.2	27.5	31.9	13.2	14.3	20.9	28.6	26.4	24.2	25.3	17.6	16.5	16.5	33	22	14.3	26.4	25.3	28.6	24.2	14.3	30.8	22	20.9	18.7	18.7	33	25.3	23.1	16.5	24.2	25.3	26.4	28.6	22	30.8	18.7	22	20.9	20.9	25.3	15.4	11	20.9	23.1	16.5	19.8	17.6	31.9	14.3	18.7	33	16.5	23.1	30.8	27.5	30.8	31.9	30.8	23.1	27.5	12.1	33	17.6	26.4	15.4	18.7	24.2	25.3	13.2	18.7	30.8	20.9	29.7	33	12.1	18.7	33	27.5	29.7	28.6	14.3	33	27.5	24.2	29.7	26.4	12.1	19.8	19.8	19.8	28.6	28.6	33	17.6	27.5	30.8	14.3	31.9	29.7	22	24.2	22	22	22	14.3	20.9	30.8	22	26.4	28.6	24.2	30.8	30.8	23.1	29.7	23.1	30.8	16.5	26.4	25.3	16.5	30.8	25.3	13.2	31.9	26.4	19.8	23.1	22	29.7	28.6	30.8	20.9	11	24.2	27.5	27.5	18.7	13.2	23.1	25.3	16.5	20.9	20.9	25.3	13.2	13.2	11	23.1	28.6	26.4	11	15.4	20.9	20.9	12.1	24.2	30.8	17.6	30.8	23.1	24.2	30.8	29.7	29.7	33	33	11	20.9	23.1	25.3	33	30.8	23.1	20.9	12.1	33	24.2	16.5	14.3	19.8	22	17.6	28.6	23.1	30.8	18.7	33	24.2	19.8	22	30.8	30.8	16.5	27.5	15.4	17.6	20.9	28.6	23.1	18.7	13.2	26.4	17.6	30.8	23.1	14.3	30.8	30.8	12.1	31.9	28.6	28.6	30.8	26.4	30.8	33	30.8	25.3	18.7	33	22	18.7	17.6	14.3	13.2	26.4	12.1	18.7	14.3	23.1	11	31.9	31.9	12.1	14.3	26.4	23.1	16.5	14.3	28.6	29.7	23.1	31.9	20.9	26.4	23.1	20.9	11	18.7	13.2	11	14.3	20.9	27.5	19.8	33	12.1	33	29.7	20.9	19.8	16.5	12.1	13.2	26.4	15.4	12.1	27.5	27.5	13.2	22	16.5	25.3	30.8	26.4	24.2	20.9	16.5	18.7	14.3	20.9	11	18.7	16.5	25.3	23.1	24.2	15.4	24.2	19.8	31.9	17.6	25.3	29.7	30.8	14.3	23.1	29.7	13.2	30.8	23.1	26.4	14.3	27.5	28.6	13.2	12.1	33	20.9	12.1	28.6	26.4	29.7	19.8	22	30.8	13.2	24.2	19.8	30.8	16.5	17.6	24.2	30.8	29.7	15.4	23.1	18.7	31.9	23.1	26.4	25.3	18.7	16.5	18.7	17.6	18.7	31.9	25.3	20.9	15.4	25.3	31.9	30.8	20.9	15.4	26.4	13.2	13.2	24.2	30.8	19.8	30.8	31.9	23.1	29.7	16.5	30.8	13.2	31.9	25.3	12.1	19.8	12.1	28.6	13.2	16.5	16.5	20.9	22	20.9	15.4	29.7	22	26.4	33	28.6	24.2	16.5	11	16.5	20.9	11	24.2	27.5	12.1	19.8	19.8	33	17.6	25.3	19.8	15.4	16.5	15.4	24.2	22	26.4	19.8	14.3	30.8	20.9	15.4	19.8	11	13.2	16.5	18.7	18.7	30.8	30.8	20.9	23.1	18.7	22	27.5	33	22	22	33	26.4	16.5	28.6	13.2	13.2	19.8	31.9	22	33	24.2	22	31.9	27.5	19.8	30.8	16.5	19.8	18.7	28.6	18.7	17.6	19.8	15.4	23.1	19.8	11	25.3	28.6	22	33	13.2	16.5	20.9	24.2	17.6	18.7	24.2	23.1	19.8	18.7	17.6	19.8	29.7	25.3	30.8	12.1	25.3	12.1	13.2	14.3	19.8	18.7	30.8	30.8	11	11	30.8	17.6	15.4	33	19.8	22	18.7	33	22	19.8	12.1	27.5	29.7	14.3	20.9	31.9	20.9	19.8	25.3	11	22	33	25.3	26.4	28.6	27.5	19.8	22	31.9	27.5	15.4	17.6	26.4	12.1	33	12.1	26.4	15.4	15.4	33	30.8	23.1	20.9	14.3	15.4	16.5	22	31.9	
33	33	28.6	19.8	30.8	14.3	13.2	19.8	26.4	25.3	19.8	22	18.7	29.7	11	
17	13	10	11	20	18	18	12	18	17	16	12	20	17	15	12	13	18	15	15	20	19	16	17	19	15	17	20	10	16	13	17	10	18	16	19	14	13	13	17	14	14	18	14	17	19	19	15	20	19	20	13	12	11	18	14	20	16	15	14	10	10	18	10	10	15	15	17	10	17	10	15	13	16	10	14	12	15	12	15	20	16	12	18	10	14	11	15	18	20	16	11	16	13	18	13	19	17	10	15	12	15	11	13	19	10	12	11	11	16	11	16	12	12	18	12	13	16	15	16	14	19	10	13	13	13	18	10	15	13	20	18	11	15	15	15	10	14	19	18	10	16	13	13	19	19	18	11	17	18	19	10	20	20	18	19	11	12	20	16	15	20	17	10	19	19	18	19	14	19	17	14	19	17	12	13	16	19	16	12	16	19	14	14	14	11	19	12	16	11	12	15	20	14	17	20	11	10	20	17	18	12	14	14	15	19	17	18	14	18	18	20	15	17	11	12	20	18	20	13	20	14	13	17	17	17	19	14	16	19	10	13	12	15	16	11	13	18	14	14	15	13	14	10	11	14	16	20	20	16	20	18	16	16	12	19	20	18	16	17	13	17	13	18	20	20	15	11	14	19	19	19	11	15	19	17	20	10	13	17	18	14	10	15	11	19	20	14	14	16	15	16	12	19	12	10	18	19	11	16	16	19	17	12	19	16	17	11	17	10	18	16	13	20	20	19	14	17	10	14	13	10	18	10	15	17	13	10	12	18	18	12	14	15	14	10	14	14	11	20	18	15	10	19	10	12	11	16	20	13	15	20	15	12	10	19	17	20	18	12	14	16	19	12	18	16	12	13	15	19	16	16	13	11	14	15	18	17	16	20	18	13	13	13	13	10	16	20	18	15	19	12	14	20	13	12	12	19	15	12	17	19	14	18	15	19	18	10	16	19	15	16	20	12	15	11	19	10	12	10	16	10	20	19	11	19	18	20	18	13	17	18	10	18	14	20	13	11	15	19	10	20	15	10	15	15	11	10	10	17	19	12	13	15	15	19	16	13	16	16	16	11	13	16	11	10	13	19	19	20	15	16	16	10	14	13	18	12	11	19	15	17	16	14	16	11	16	19	15	12	20	20	14	18	15	15	10	10	14	12	13	14	17	11	19	16	17	12	10	12	20	11	13	13	15	15	13	18	10	17	10	20	16	14	15	14	11	19	11	17	16	20	18	20	11	16	11	18	19	11	13	14	20	20	10	11	14	18	13	11	16	16	10	14	20	10	18	11	20	12	17	13	15	14	10	17	11	18	14	20	16	15	16	13	11	11	11	13	13	11	17	14	16	11	15	19	13	16	11	19	15	20	16	11	12	18	12	16	12	13	14	11	15	17	14	10	19	20	14	16	16	14	16	17	16	11	20	19	16	14	20	20	13	20	18	11	11	20	16	19	16	13	10	18	20	19	16	15	18	13	10	12	17	11	13	17	12	14	10	16	14	13	11	12	19	10	19	13	14	16	10	20	11	13	10	16	16	12	17	15	13	15	19	19	11	12	20	16	12	18	18	14	14	12	18	16	13	15	16	13	12	15	18	10	19	12	14	15	19	16	15	17	14	19	14	17	16	15	12	17	16	12	10	12	12	10	14	18	20	14	12	12	19	11	14	19	17	11	17	20	11	15	13	15	20	17	19	19	13	20	19	13	15	14	12	15	10	18	11	11	20	15	11	18	12	20	16	15	16	14	17	16	14	13	14	16	15	10	11	15	18	17	15	12	18	14	14	16	12	20	17	13	15	20	11	15	15	15	19	13	17	11	15	12	14	20	16	10	13	18	19	17	10	20	13	18	13	12	17	15	17	18	12	13	12	12	12	13	15	15	16	19	17	11	10	11	15	19	14	18	10	20	20	15	10	16	20	12	16	15	16	14	18	12	17	11	20	14	15	16	19	20	12	19	12	16	15	15	16	17	18	18	17	13	11	18	16	10	17	18	17	16	16	19	16	16	14	12	14	14	18	13	12	20	13	13	16	12	12	12	12	20	19	19	15	19	18	18	12	13	10	10	19	14	12	13	11	19	16	15	14	16	13	13	20	10	18	16	17	11	12	20	16	19	17	14	10	17	19	11	14	10	14	17	10	18	10	20	16	19	18	18	14	11	17	16	16	16	15	16	19	10	18	19	19	19	13	11	15	12	14	20	16	16	16	17	16	20	19	13	12	20	10	15	18	20	16	17	19	17	20	16	10	20	12	18	19	16	16	16	14	14	10	14	12	19	18	20	12	12	
1	1	1	1	1	1	1	1	1	1	1	1	1	1	1	1	1	1	1	1	1	1	1	1	1	1	1	1	1	1	1	1	1	1	1	1	1	1	1	1	1	1	1	1	1	1	1	1	1	1	1	1	1	1	1	1	2	2	2	2	2	2	2	2	2	2	2	2	2	2	2	2	2	2	2	2	2	2	2	2	2	2	2	2	2	2	2	2	2	2	2	2	2	2	2	2	2	2	2	2	2	2	2	2	2	2	2	2	2	2	2	2	2	2	2	2	2	2	2	3	3	3	3	3	3	3	3	3	3	3	3	3	3	3	3	3	3	3	3	3	3	3	3	3	3	3	3	3	3	3	3	3	3	3	3	3	3	3	3	3	3	3	3	3	3	3	3	3	3	3	3	3	3	3	3	3	3	3	3	3	3	3	3	3	3	3	3	3	3	3	3	3	3	3	3	3	3	3	4	4	4	4	4	4	4	4	4	4	4	4	4	4	4	4	4	4	4	4	4	4	4	4	4	4	4	4	4	4	4	4	4	4	4	4	4	4	4	4	4	4	4	4	4	4	4	4	4	4	4	4	4	4	4	4	4	4	4	4	4	4	4	4	4	4	4	5	5	5	5	5	5	5	5	5	5	5	5	5	5	5	5	5	5	5	5	5	5	5	5	5	5	5	5	5	5	5	5	5	5	5	5	5	5	5	5	5	5	5	5	5	5	5	5	5	5	5	5	5	5	5	5	5	5	5	5	5	5	6	6	6	6	6	6	6	6	6	6	6	6	6	6	6	6	6	6	6	6	6	6	6	6	6	6	6	6	6	6	6	6	6	6	6	6	6	6	6	6	6	6	6	6	6	6	6	6	6	6	6	6	6	6	6	6	6	6	6	6	6	6	6	6	6	7	7	7	7	7	7	7	7	7	7	7	7	7	7	7	7	7	7	7	7	7	7	7	7	7	7	7	7	7	7	7	7	7	7	7	7	7	7	7	7	7	7	7	7	7	7	7	7	7	7	7	7	7	7	7	7	7	7	7	7	7	7	8	8	8	8	8	8	8	8	8	8	8	8	8	8	8	8	8	8	8	8	8	8	8	8	8	8	8	8	8	8	8	8	8	8	8	8	8	8	8	8	8	8	8	8	8	8	8	8	8	8	8	8	8	8	8	8	8	8	8	8	8	8	8	8	8	8	8	8	9	9	9	9	9	9	9	9	9	9	9	9	9	9	9	9	9	9	9	9	9	9	9	9	9	9	9	9	9	9	9	9	9	9	9	9	9	9	9	9	9	9	9	9	9	9	9	9	9	9	9	9	9	9	9	9	9	9	9	9	9	9	9	9	9	9	9	9	9	9	9	9	9	9	9	10	10	10	10	10	10	10	10	10	10	10	10	10	10	10	10	10	10	10	10	10	10	10	10	10	10	10	10	10	10	10	10	10	10	10	10	10	10	10	10	10	10	10	10	10	10	10	10	10	10	10	10	10	10	10	10	10	10	10	10	10	10	10	10	10	10	10	10	10	10	10	10	10	10	11	11	11	11	11	11	11	11	11	11	11	11	11	11	11	11	11	11	11	11	11	11	11	11	11	11	11	11	11	11	11	11	11	11	11	11	11	11	11	11	11	11	11	11	11	11	11	11	11	11	11	11	11	11	11	11	11	11	12	12	12	12	12	12	12	12	12	12	12	12	12	12	12	12	12	12	12	12	12	12	12	12	12	12	12	12	12	12	12	12	12	12	12	12	12	12	12	12	12	12	12	12	12	12	12	12	12	12	12	12	12	12	12	12	12	12	12	12	12	12	12	13	13	13	13	13	13	13	13	13	13	13	13	13	13	13	13	13	13	13	13	13	13	13	13	13	13	13	13	13	13	13	13	13	13	13	13	13	13	13	13	13	13	13	13	13	13	13	13	13	13	13	13	13	13	13	13	13	13	13	13	13	13	13	13	13	13	13	13	13	14	14	14	14	14	14	14	14	14	14	14	14	14	14	14	14	14	14	14	14	14	14	14	14	14	14	14	14	14	14	14	14	14	14	14	14	14	14	14	14	14	14	14	14	14	14	14	14	14	14	14	14	14	14	14	14	14	14	14	14	14	14	14	14	14	14	14	14	14	14	14	15	15	15	15	15	15	15	15	15	15	15	15	15	15	15	15	15	15	15	15	15	15	15	15	15	15	15	15	15	15	15	15	15	15	15	15	15	15	15	15	15	15	15	15	15	15	15	15	15	15	15	15	15	15	15	15	15	15	15	15	15	15	15	15	15	15	15	15	
