1000
30	4
522	25.3
26	31	26	26	30	26	31	28	27	28	28	30	30	31	27	26	28	29	29	30	27	29	26	26	30	30	31	30	31	31	27	27	28	27	30	26	31	27	31	27	29	29	28	31	26	28	28	31	26	26	26	28	27	31	30	30	29	26	27	29	26	31	28	26	30	29	31	29	28	26	26	28	29	27	28	31	27	26	29	26	30	27	30	29	27	31	31	30	30	31	31	31	29	29	31	26	27	27	29	28	29	26	31	31	27	31	31	31	27	31	30	28	29	29	28	27	26	30	26	29	31	28	26	31	28	30	29	30	31	28	30	28	28	27	28	30	29	31	27	26	29	29	27	28	29	29	28	29	31	29	28	30	30	26	27	27	27	30	30	31	27	30	28	29	29	26	27	26	27	28	27	27	30	29	29	29	29	29	26	28	31	27	27	29	28	28	28	28	31	26	31	28	28	26	31	31	27	31	31	27	28	26	28	30	29	31	28	28	26	30	27	31	29	28	31	28	27	30	27	31	31	28	30	27	31	26	28	30	28	28	29	29	31	31	28	27	28	28	27	30	28	26	31	28	30	31	28	28	28	26	26	30	30	31	31	27	29	27	26	27	29	27	27	26	30	26	28	30	28	30	29	28	27	26	27	31	31	31	30	29	30	30	29	30	27	27	26	29	29	26	28	27	28	30	27	29	31	31	26	28	27	31	26	31	30	27	28	29	27	26	27	30	29	31	27	27	27	30	28	29	27	28	29	29	27	29	31	31	29	27	26	26	27	31	29	31	28	30	28	26	31	26	30	31	27	31	30	30	31	29	26	30	30	26	27	31	29	31	28	30	28	28	26	27	29	27	26	29	31	29	30	28	27	27	27	26	30	31	29	30	30	27	26	26	26	31	26	26	30	31	30	28	28	30	31	30	27	28	27	30	30	27	28	26	27	28	31	28	31	27	29	30	29	30	26	30	29	26	30	28	31	28	27	28	27	30	28	31	30	30	30	27	27	31	31	28	29	29	29	27	31	31	30	30	28	28	29	30	27	29	27	30	27	30	29	28	30	29	30	26	26	30	29	27	26	26	28	28	30	28	28	31	30	26	27	29	28	29	31	28	26	31	27	29	30	28	26	29	29	28	31	29	29	28	27	27	26	31	26	27	26	30	28	29	31	30	30	31	29	30	31	28	31	30	27	31	26	28	28	26	26	27	26	29	30	28	30	27	26	29	27	31	30	27	30	28	29	31	29	30	28	27	26	26	28	31	27	30	30	26	28	30	29	27	30	31	29	30	30	26	29	28	27	29	27	30	29	26	27	27	26	30	30	26	30	27	29	28	29	31	31	29	31	29	29	28	27	27	29	31	28	28	31	26	28	28	28	30	27	29	31	27	28	31	30	28	29	31	31	26	29	31	30	26	30	26	27	30	30	29	30	30	26	30	28	30	28	26	27	26	26	28	29	28	26	27	31	31	27	28	28	26	28	27	28	30	28	28	26	28	31	28	30	27	27	27	31	26	26	27	27	29	26	31	31	30	28	27	27	29	27	27	27	31	30	30	30	30	27	26	27	28	31	30	30	28	26	26	28	30	29	26	31	27	26	28	30	31	29	30	31	29	26	29	27	30	29	29	27	27	27	27	27	26	26	29	30	26	31	26	29	31	28	27	30	29	26	27	31	28	26	29	31	31	29	29	30	27	28	29	30	28	30	31	27	26	27	28	26	31	30	28	30	30	31	28	26	31	31	29	31	29	29	26	29	31	29	29	28	31	28	29	28	29	28	31	28	26	26	29	28	29	29	30	28	29	28	30	27	28	30	29	28	26	26	29	29	26	31	27	31	26	29	27	30	30	29	26	29	29	28	31	26	27	30	27	30	26	26	28	26	28	29	29	26	27	26	30	30	29	26	28	29	27	28	31	26	28	30	29	30	30	29	31	30	30	26	27	27	27	27	26	30	30	27	31	30	31	27	30	28	28	27	31	27	28	31	30	31	30	27	30	30	26	27	31	30	29	26	30	27	27	31	26	28	28	26	29	30	28	29	30	29	28	31	29	29	31	27	26	31	27	27	30	26	31	28	31	27	29	26	30	31	28	28	29	31	27	30	30	28	28	27	27	26	31	29	29	30	30	30	29	30	29	28	28	27	31	27	27	28	31	29	31	27	31	27	30	29	30	26	31	30	30	26	29	27	26	30	26	31	27	30	28	29	31	31	27	30	30	31	29	30	30	30	30	30	31	28	30	29	28	27	27	29	28	30	28	30	28	31	26	31	30	27	26	27	27	30	31	
90	87	81	78	94	83	89	82	87	86	81	83	83	87	85	83	87	91	85	77	92	94	91	82	93	89	91	94	88	84	84	94	79	86	91	93	88	77	85	76	88	76	82	94	78	91	87	92	83	88	86	89	78	93	82	79	94	89	76	80	87	81	77	83	89	86	89	77	79	90	86	80	82	78	91	80	86	81	76	94	81	94	84	82	81	89	83	82	90	83	86	90	78	89	80	83	91	86	77	79	78	80	86	76	79	80	83	85	87	79	76	94	94	93	80	87	86	93	85	76	80	91	84	87	80	91	90	89	90	76	76	84	94	78	80	79	93	87	84	86	93	89	91	82	87	92	87	88	87	86	79	85	92	81	87	76	89	76	83	77	84	93	93	89	89	94	92	93	78	77	84	77	78	77	82	92	77	92	88	84	77	87	79	94	83	82	86	89	76	93	93	93	83	76	94	81	88	86	93	86	86	81	86	76	76	82	85	91	84	76	76	90	76	85	94	83	76	86	85	76	83	76	83	80	94	93	85	89	90	84	89	76	92	82	79	89	90	87	88	87	77	77	85	92	77	77	78	93	91	84	90	86	90	78	87	77	91	84	84	82	94	86	92	93	82	84	87	83	87	76	85	89	94	88	87	77	86	81	80	83	93	83	89	77	79	76	92	91	93	94	81	94	93	83	92	87	79	79	77	88	91	81	84	83	83	83	85	94	77	85	90	93	86	82	89	89	92	91	82	86	76	76	77	86	89	83	85	81	91	80	82	86	80	82	81	87	77	90	87	91	78	82	94	77	89	88	89	92	79	82	85	92	93	94	94	76	83	82	79	84	91	91	86	86	86	81	85	80	87	80	91	83	77	91	86	82	89	79	83	85	80	88	82	85	85	79	76	88	91	78	94	90	76	76	79	81	84	83	85	94	91	85	86	81	89	76	89	84	82	77	81	82	89	89	83	84	80	88	76	89	84	94	76	84	82	88	82	78	92	80	92	89	87	84	76	87	92	85	90	85	76	80	89	88	93	94	76	78	89	80	84	88	86	77	91	93	92	92	83	94	85	81	77	94	93	82	87	93	83	89	80	90	77	77	81	88	87	90	91	82	77	79	79	92	76	92	82	85	83	79	81	79	90	87	78	84	84	84	81	88	86	89	80	92	87	80	92	94	87	82	89	76	84	77	90	86	79	92	89	93	81	79	93	89	90	81	84	77	85	78	80	87	83	87	79	88	80	79	81	83	84	79	83	82	90	90	90	92	78	78	85	94	89	91	84	93	78	91	93	76	93	92	79	86	90	90	85	93	94	76	77	81	84	78	89	83	88	90	86	77	92	93	82	77	88	78	86	92	83	92	86	87	77	83	93	85	92	77	88	78	82	85	79	80	83	90	91	78	81	94	94	83	89	76	84	87	83	76	79	91	94	81	92	94	92	86	90	84	91	89	81	94	94	79	89	76	94	87	80	81	92	87	88	85	77	80	94	76	80	77	83	77	78	80	79	92	86	94	77	92	94	78	88	86	84	79	83	87	90	90	90	92	85	86	91	77	94	93	85	80	76	86	87	91	79	81	91	86	78	94	93	90	84	79	84	89	83	80	77	76	78	80	91	92	81	85	77	82	90	76	89	83	89	85	91	80	88	84	86	80	77	86	76	78	85	83	79	87	76	87	92	90	86	92	89	92	93	92	78	87	85	91	91	79	82	90	81	93	87	88	79	82	76	84	91	87	90	86	77	82	77	90	92	80	84	79	78	88	94	93	83	84	94	81	90	77	80	86	83	94	82	86	85	79	89	87	85	80	79	91	86	94	90	86	92	91	94	76	86	85	81	85	82	90	82	82	78	87	88	83	81	84	87	91	86	88	94	76	77	81	76	79	89	88	76	91	76	79	90	79	90	92	88	80	89	94	86	77	85	77	78	82	76	87	86	90	86	93	81	94	88	92	81	86	84	85	78	76	78	85	79	83	78	82	90	92	84	85	79	87	78	81	80	86	77	80	94	79	88	84	86	93	80	81	82	89	76	77	78	76	89	77	83	89	81	80	93	91	87	77	76	77	86	87	85	93	78	83	87	86	90	93	86	89	82	85	81	83	93	85	79	85	80	91	83	77	86	85	92	91	77	80	76	91	80	77	89	83	90	76	83	83	90	80	91	93	81	83	85	84	83	82	88	81	87	90	93	82	91	85	87	79	82	86	81	81	78	91	76	77	80	84	76	80	80	80	87	80	79	92	78	81	91	90	94	85	77	88	83	91	82	83	92	88	92	83	86	92	77	91	
18.7	27.5	30.8	24.2	13.2	17.6	12.1	22	26.4	13.2	20.9	12.1	17.6	14.3	24.2	25.3	19.8	19.8	20.9	18.7	11	28.6	11	33	28.6	18.7	13.2	30.8	17.6	16.5	17.6	31.9	25.3	29.7	20.9	26.4	29.7	24.2	26.4	26.4	23.1	26.4	13.2	15.4	13.2	18.7	27.5	14.3	14.3	24.2	15.4	20.9	24.2	15.4	26.4	25.3	17.6	25.3	15.4	15.4	18.7	26.4	31.9	23.1	12.1	33	20.9	13.2	33	14.3	22	19.8	14.3	18.7	18.7	11	25.3	11	18.7	19.8	30.8	33	18.7	30.8	26.4	17.6	12.1	20.9	23.1	24.2	19.8	24.2	13.2	11	19.8	25.3	26.4	28.6	28.6	33	17.6	24.2	22	17.6	23.1	28.6	26.4	30.8	22	11	26.4	15.4	20.9	20.9	18.7	30.8	28.6	27.5	17.6	18.7	18.7	20.9	13.2	15.4	12.1	27.5	25.3	22	28.6	24.2	31.9	25.3	16.5	16.5	12.1	30.8	19.8	17.6	15.4	22	28.6	24.2	15.4	29.7	23.1	16.5	23.1	24.2	30.8	13.2	24.2	17.6	18.7	14.3	26.4	14.3	11	29.7	23.1	14.3	30.8	26.4	22	22	23.1	25.3	28.6	15.4	29.7	31.9	12.1	20.9	33	16.5	28.6	13.2	20.9	13.2	30.8	19.8	18.7	19.8	17.6	25.3	17.6	15.4	29.7	26.4	26.4	16.5	22	25.3	22	18.7	29.7	18.7	16.5	20.9	23.1	28.6	11	30.8	15.4	31.9	24.2	23.1	29.7	31.9	26.4	28.6	29.7	16.5	26.4	17.6	16.5	14.3	23.1	27.5	16.5	22	11	12.1	33	19.8	20.9	11	23.1	11	22	12.1	19.8	23.1	19.8	23.1	18.7	16.5	20.9	30.8	23.1	13.2	11	29.7	31.9	23.1	16.5	11	19.8	23.1	25.3	26.4	27.5	25.3	20.9	20.9	28.6	26.4	17.6	12.1	17.6	11	24.2	25.3	15.4	29.7	14.3	16.5	29.7	19.8	20.9	30.8	22	19.8	16.5	17.6	15.4	11	26.4	13.2	27.5	15.4	14.3	33	28.6	33	23.1	17.6	27.5	18.7	26.4	23.1	24.2	26.4	11	30.8	22	18.7	26.4	19.8	19.8	15.4	12.1	14.3	12.1	31.9	24.2	30.8	29.7	14.3	28.6	25.3	31.9	11	26.4	31.9	25.3	31.9	24.2	12.1	18.7	18.7	24.2	24.2	24.2	24.2	23.1	25.3	26.4	18.7	30.8	18.7	25.3	11	27.5	15.4	30.8	29.7	17.6	30.8	18.7	20.9	28.6	31.9	33	29.7	22	31.9	13.2	19.8	18.7	24.2	30.8	23.1	26.4	15.4	15.4	18.7	26.4	12.1	31.9	26.4	23.1	20.9	31.9	23.1	15.4	29.7	12.1	33	14.3	14.3	27.5	24.2	16.5	17.6	15.4	15.4	17.6	31.9	19.8	12.1	22	15.4	12.1	28.6	27.5	28.6	29.7	22	16.5	14.3	29.7	15.4	26.4	26.4	15.4	20.9	17.6	17.6	14.3	27.5	13.2	20.9	33	30.8	31.9	33	17.6	29.7	19.8	14.3	24.2	22	30.8	16.5	23.1	23.1	33	17.6	14.3	16.5	31.9	29.7	17.6	20.9	30.8	24.2	20.9	30.8	11	29.7	15.4	14.3	17.6	23.1	11	28.6	19.8	15.4	33	13.2	29.7	22	28.6	26.4	20.9	20.9	28.6	27.5	23.1	11	30.8	11	11	23.1	18.7	14.3	26.4	12.1	13.2	26.4	28.6	18.7	25.3	30.8	33	14.3	15.4	12.1	27.5	29.7	33	28.6	11	27.5	16.5	16.5	19.8	29.7	23.1	23.1	11	23.1	27.5	22	19.8	12.1	28.6	19.8	27.5	29.7	26.4	23.1	18.7	20.9	24.2	20.9	18.7	16.5	17.6	12.1	19.8	15.4	20.9	19.8	28.6	30.8	12.1	16.5	18.7	22	28.6	16.5	28.6	19.8	20.9	31.9	19.8	22	27.5	13.2	28.6	27.5	18.7	18.7	19.8	15.4	27.5	23.1	22	16.5	25.3	22	16.5	29.7	22	12.1	13.2	19.8	13.2	22	16.5	16.5	16.5	27.5	13.2	33	17.6	16.5	24.2	30.8	20.9	31.9	29.7	31.9	22	16.5	11	14.3	20.9	15.4	27.5	24.2	24.2	30.8	26.4	28.6	13.2	22	30.8	23.1	30.8	27.5	20.9	26.4	22	26.4	28.6	19.8	27.5	30.8	30.8	27.5	28.6	14.3	16.5	23.1	20.9	26.4	33	24.2	26.4	25.3	29.7	31.9	29.7	33	18.7	13.2	13.2	24.2	19.8	13.2	25.3	14.3	27.5	15.4	33	20.9	24.2	13.2	30.8	17.6	20.9	20.9	14.3	20.9	11	19.8	30.8	11	33	19.8	18.7	19.8	29.7	19.8	31.9	15.4	25.3	31.9	30.8	12.1	11	17.6	25.3	26.4	26.4	14.3	17.6	24.2	31.9	13.2	17.6	29.7	20.9	23.1	13.2	31.9	27.5	26.4	18.7	26.4	33	19.8	17.6	12.1	26.4	33	23.1	16.5	22	16.5	15.4	16.5	28.6	24.2	29.7	25.3	13.2	11	18.7	15.4	20.9	31.9	13.2	16.5	11	14.3	14.3	20.9	29.7	25.3	14.3	28.6	24.2	33	26.4	26.4	22	17.6	17.6	22	26.4	19.8	23.1	13.2	29.7	25.3	17.6	30.8	12.1	14.3	22	24.2	11	29.7	11	13.2	19.8	29.7	14.3	19.8	26.4	25.3	25.3	25.3	11	30.8	11	28.6	16.5	11	23.1	11	31.9	19.8	25.3	20.9	25.3	26.4	26.4	12.1	26.4	12.1	13.2	20.9	19.8	15.4	33	23.1	14.3	22	29.7	24.2	22	20.9	28.6	15.4	27.5	15.4	29.7	24.2	25.3	24.2	29.7	29.7	33	26.4	20.9	23.1	19.8	25.3	19.8	12.1	31.9	26.4	33	33	15.4	11	29.7	15.4	11	26.4	20.9	29.7	26.4	13.2	11	27.5	25.3	33	16.5	28.6	13.2	20.9	33	26.4	14.3	11	13.2	24.2	17.6	23.1	31.9	16.5	12.1	18.7	31.9	30.8	26.4	30.8	26.4	17.6	14.3	11	16.5	24.2	19.8	30.8	27.5	16.5	26.4	18.7	14.3	33	26.4	23.1	11	15.4	30.8	15.4	24.2	18.7	22	19.8	19.8	24.2	19.8	16.5	11	18.7	30.8	16.5	15.4	30.8	16.5	22	19.8	11	15.4	13.2	14.3	16.5	16.5	26.4	13.2	33	11	28.6	29.7	14.3	31.9	19.8	28.6	27.5	27.5	18.7	18.7	22	11	15.4	30.8	27.5	29.7	13.2	18.7	13.2	17.6	28.6	31.9	27.5	20.9	31.9	11	12.1	19.8	17.6	17.6	27.5	20.9	25.3	23.1	14.3	13.2	19.8	20.9	24.2	29.7	30.8	12.1	12.1	19.8	27.5	30.8	22	28.6	33	14.3	14.3	27.5	28.6	16.5	27.5	18.7	33	27.5	14.3	17.6	18.7	28.6	27.5	23.1	20.9	14.3	30.8	19.8	11	33	29.7	18.7	33	13.2	18.7	27.5	22	11	16.5	30.8	25.3	25.3	13.2	19.8	12.1	27.5	30.8	17.6	33	14.3	11	25.3	20.9	24.2	26.4	31.9	20.9	29.7	30.8	14.3	26.4	23.1	28.6	23.1	15.4	13.2	30.8	29.7	33	19.8	26.4	12.1	16.5	17.6	19.8	25.3	31.9	22	11	20.9	13.2	20.9	24.2	20.9	26.4	28.6	14.3	16.5	24.2	19.8	19.8	13.2	33	33	13.2	30.8	14.3	28.6	13.2	26.4	31.9	31.9	26.4	29.7	27.5	24.2	26.4	24.2	19.8	19.8	19.8	
20.9	24.2	25.3	27.5	27.5	31.9	33	16.5	17.6	22	29.7	22	27.5	23.1	16.5	33	13.2	13.2	16.5	26.4	23.1	15.4	18.7	16.5	25.3	23.1	20.9	28.6	16.5	20.9	14.3	29.7	18.7	25.3	12.1	22	17.6	27.5	29.7	30.8	33	15.4	17.6	12.1	30.8	30.8	13.2	27.5	22	23.1	14.3	14.3	29.7	11	11	14.3	13.2	18.7	28.6	22	26.4	27.5	23.1	24.2	30.8	26.4	29.7	20.9	17.6	29.7	23.1	16.5	17.6	15.4	13.2	12.1	33	14.3	27.5	25.3	23.1	26.4	18.7	16.5	14.3	20.9	26.4	22	29.7	24.2	30.8	25.3	33	24.2	24.2	25.3	24.2	14.3	16.5	19.8	18.7	17.6	15.4	22	24.2	25.3	20.9	19.8	17.6	27.5	28.6	26.4	31.9	12.1	27.5	31.9	30.8	27.5	26.4	23.1	18.7	33	24.2	22	17.6	20.9	13.2	12.1	15.4	20.9	17.6	31.9	24.2	12.1	24.2	18.7	20.9	28.6	31.9	11	25.3	31.9	14.3	28.6	26.4	15.4	29.7	15.4	14.3	22	20.9	27.5	22	31.9	12.1	11	15.4	12.1	30.8	27.5	18.7	28.6	23.1	27.5	27.5	13.2	31.9	17.6	28.6	27.5	19.8	29.7	19.8	17.6	30.8	11	19.8	11	23.1	29.7	24.2	28.6	23.1	28.6	24.2	31.9	31.9	28.6	14.3	28.6	28.6	33	12.1	19.8	16.5	22	30.8	29.7	31.9	18.7	13.2	12.1	20.9	27.5	18.7	25.3	31.9	15.4	13.2	17.6	16.5	18.7	23.1	30.8	29.7	23.1	19.8	33	24.2	13.2	20.9	26.4	30.8	22	28.6	16.5	33	11	12.1	16.5	12.1	23.1	29.7	26.4	28.6	12.1	23.1	25.3	33	25.3	16.5	13.2	16.5	25.3	26.4	15.4	13.2	28.6	29.7	19.8	23.1	24.2	26.4	17.6	26.4	14.3	26.4	25.3	29.7	25.3	30.8	28.6	24.2	26.4	11	12.1	14.3	24.2	31.9	28.6	12.1	12.1	17.6	16.5	22	26.4	31.9	33	17.6	24.2	12.1	31.9	20.9	33	33	27.5	27.5	11	26.4	11	13.2	30.8	18.7	18.7	31.9	17.6	19.8	13.2	23.1	19.8	19.8	11	28.6	15.4	18.7	28.6	11	20.9	16.5	23.1	18.7	22	18.7	11	27.5	28.6	13.2	13.2	16.5	18.7	15.4	18.7	22	18.7	16.5	28.6	15.4	16.5	14.3	23.1	33	27.5	15.4	22	29.7	12.1	13.2	25.3	30.8	16.5	26.4	16.5	19.8	18.7	13.2	20.9	30.8	23.1	12.1	22	26.4	27.5	27.5	15.4	16.5	28.6	24.2	28.6	31.9	29.7	18.7	24.2	31.9	11	30.8	25.3	16.5	28.6	24.2	16.5	16.5	31.9	18.7	20.9	24.2	12.1	31.9	27.5	12.1	19.8	15.4	27.5	26.4	18.7	27.5	11	22	12.1	33	17.6	15.4	13.2	14.3	20.9	16.5	19.8	19.8	25.3	24.2	15.4	17.6	12.1	28.6	16.5	14.3	23.1	14.3	13.2	11	23.1	25.3	27.5	16.5	28.6	16.5	17.6	31.9	13.2	12.1	28.6	14.3	11	26.4	30.8	25.3	20.9	28.6	31.9	24.2	33	17.6	13.2	19.8	15.4	11	25.3	27.5	14.3	28.6	25.3	27.5	11	31.9	11	18.7	14.3	15.4	20.9	22	30.8	28.6	31.9	25.3	15.4	17.6	14.3	30.8	33	18.7	31.9	19.8	17.6	20.9	22	11	15.4	24.2	17.6	15.4	26.4	17.6	24.2	20.9	13.2	25.3	33	16.5	31.9	22	13.2	19.8	19.8	25.3	11	12.1	14.3	13.2	31.9	14.3	18.7	20.9	19.8	12.1	30.8	19.8	11	22	16.5	31.9	11	14.3	23.1	11	11	19.8	17.6	27.5	31.9	23.1	11	18.7	24.2	28.6	30.8	24.2	29.7	23.1	11	18.7	25.3	29.7	30.8	12.1	12.1	18.7	16.5	17.6	13.2	27.5	25.3	27.5	25.3	28.6	27.5	12.1	17.6	20.9	33	16.5	17.6	20.9	18.7	13.2	33	18.7	16.5	17.6	22	18.7	33	30.8	26.4	23.1	18.7	33	31.9	25.3	19.8	13.2	33	33	29.7	28.6	14.3	16.5	15.4	20.9	26.4	28.6	12.1	17.6	16.5	33	15.4	16.5	15.4	11	11	20.9	16.5	24.2	18.7	24.2	12.1	22	11	14.3	20.9	26.4	12.1	15.4	13.2	30.8	22	12.1	27.5	12.1	24.2	23.1	28.6	29.7	19.8	17.6	13.2	27.5	22	14.3	22	15.4	19.8	12.1	27.5	16.5	30.8	25.3	27.5	26.4	18.7	18.7	11	24.2	26.4	26.4	25.3	23.1	28.6	14.3	20.9	27.5	17.6	30.8	33	30.8	27.5	14.3	26.4	28.6	30.8	27.5	11	27.5	14.3	19.8	11	33	19.8	11	19.8	28.6	33	13.2	25.3	23.1	16.5	14.3	15.4	22	29.7	24.2	33	14.3	22	11	28.6	18.7	26.4	15.4	14.3	19.8	23.1	11	22	17.6	24.2	18.7	11	28.6	33	20.9	29.7	12.1	20.9	28.6	33	31.9	20.9	30.8	31.9	26.4	24.2	23.1	25.3	16.5	16.5	19.8	14.3	33	30.8	24.2	23.1	17.6	23.1	30.8	11	31.9	13.2	24.2	24.2	23.1	23.1	14.3	11	33	26.4	16.5	18.7	14.3	13.2	19.8	33	16.5	16.5	11	16.5	15.4	25.3	16.5	26.4	22	12.1	15.4	23.1	29.7	20.9	15.4	11	22	23.1	20.9	22	26.4	17.6	19.8	20.9	12.1	23.1	26.4	16.5	15.4	18.7	11	11	16.5	15.4	27.5	11	30.8	25.3	24.2	11	22	20.9	12.1	11	12.1	12.1	17.6	11	23.1	22	15.4	31.9	27.5	16.5	25.3	27.5	19.8	31.9	14.3	14.3	18.7	26.4	26.4	11	29.7	31.9	26.4	26.4	29.7	27.5	19.8	15.4	14.3	22	26.4	29.7	28.6	24.2	24.2	14.3	19.8	13.2	25.3	25.3	13.2	16.5	18.7	16.5	14.3	23.1	17.6	22	13.2	29.7	29.7	23.1	27.5	25.3	26.4	30.8	18.7	30.8	22	14.3	18.7	23.1	31.9	30.8	14.3	31.9	29.7	13.2	33	27.5	26.4	11	29.7	16.5	30.8	13.2	16.5	15.4	33	28.6	18.7	16.5	14.3	16.5	11	30.8	24.2	20.9	22	17.6	26.4	23.1	22	28.6	31.9	11	14.3	22	24.2	14.3	30.8	23.1	14.3	13.2	14.3	23.1	17.6	12.1	31.9	30.8	29.7	25.3	25.3	30.8	29.7	11	28.6	15.4	33	30.8	15.4	20.9	11	27.5	25.3	16.5	13.2	29.7	31.9	26.4	24.2	17.6	28.6	23.1	25.3	33	31.9	17.6	28.6	16.5	15.4	18.7	31.9	15.4	15.4	18.7	31.9	12.1	27.5	27.5	28.6	28.6	17.6	16.5	14.3	24.2	15.4	14.3	20.9	25.3	19.8	19.8	11	18.7	26.4	27.5	17.6	12.1	20.9	24.2	28.6	33	13.2	11	15.4	14.3	20.9	33	28.6	23.1	14.3	19.8	11	23.1	15.4	24.2	11	29.7	14.3	17.6	26.4	30.8	27.5	31.9	16.5	23.1	16.5	18.7	11	24.2	13.2	18.7	25.3	28.6	27.5	28.6	24.2	22	15.4	15.4	24.2	27.5	14.3	17.6	18.7	26.4	29.7	20.9	14.3	28.6	26.4	13.2	31.9	33	30.8	26.4	19.8	26.4	14.3	26.4	26.4	15.4	11	19.8	27.5	31.9	
13.2	29.7	23.1	30.8	23.1	14.3	33	17.6	11	16.5	26.4	20.9	31.9	14.3	20.9	16.5	24.2	18.7	26.4	29.7	18.7	25.3	27.5	31.9	33	20.9	30.8	17.6	33	19.8	
10	12	18	17	18	10	14	12	20	20	15	11	19	12	18	13	12	12	14	18	20	15	13	15	15	11	15	11	15	11	13	17	11	20	17	15	16	18	18	20	14	14	17	12	17	10	13	14	13	18	18	11	10	13	18	13	16	11	19	17	13	11	20	10	12	18	12	11	13	16	15	18	13	18	19	17	13	10	15	20	13	14	19	19	17	10	18	13	19	10	14	15	19	17	16	10	17	20	20	18	19	10	20	12	12	15	12	14	13	11	10	11	14	17	15	20	15	20	11	10	14	12	17	10	15	12	18	11	13	18	20	13	11	14	10	16	19	15	20	14	10	10	17	18	19	20	12	17	14	19	15	11	10	10	10	15	19	20	14	12	17	13	13	15	19	19	18	12	20	19	19	19	11	11	16	13	10	20	16	18	11	19	14	19	15	20	19	16	19	17	10	11	18	15	15	19	11	12	16	10	17	19	16	12	13	15	17	19	16	13	15	19	12	19	12	20	15	13	17	20	18	18	12	10	14	20	18	15	12	18	12	16	16	19	13	14	12	12	14	17	12	16	15	15	13	15	16	10	13	15	19	10	13	17	19	17	17	15	10	12	14	19	15	19	19	18	20	19	14	18	19	10	11	13	17	17	16	16	15	19	20	17	15	16	11	11	17	20	15	15	14	12	20	13	15	10	13	13	16	12	20	17	13	10	11	20	16	14	17	12	18	16	19	20	13	12	13	14	14	15	11	15	13	20	13	19	12	17	12	18	16	11	17	20	19	14	20	17	18	18	13	11	15	18	15	12	12	10	14	18	16	16	15	11	16	12	17	17	20	11	14	13	19	19	11	20	18	11	19	14	12	16	16	18	11	19	13	18	14	15	13	14	18	19	15	10	11	14	18	19	18	12	18	12	19	19	17	14	20	15	15	18	13	11	19	15	19	13	11	14	20	10	20	20	10	14	20	10	19	11	18	20	10	13	17	11	15	17	20	16	17	13	11	17	19	18	20	17	14	13	12	12	20	17	11	20	13	12	12	14	13	12	10	12	19	16	19	11	20	10	12	14	14	12	12	10	14	11	19	18	17	14	14	16	12	11	13	11	13	14	15	11	19	18	12	13	15	15	17	15	15	19	18	10	11	10	19	14	10	20	11	12	19	15	19	10	10	18	13	16	13	18	20	12	13	11	18	18	11	17	16	19	12	17	15	18	15	14	19	12	19	12	12	15	20	16	12	19	12	10	14	13	19	15	20	20	15	17	16	17	10	14	15	12	18	10	15	15	18	11	15	10	12	17	18	15	20	18	19	11	12	17	17	12	15	14	17	20	10	12	17	20	19	15	11	18	20	12	12	17	13	11	14	15	15	10	14	16	13	18	19	15	18	13	12	12	10	14	18	15	14	18	10	14	19	13	13	13	11	10	17	12	15	14	18	16	16	11	10	11	18	11	19	14	17	15	17	18	17	11	12	12	19	14	12	11	15	12	15	19	16	17	18	18	18	15	17	10	19	20	13	15	14	19	11	14	18	14	20	20	12	16	11	10	18	17	13	18	11	20	11	12	14	19	20	13	11	10	19	13	18	19	15	14	14	15	18	13	20	12	16	20	17	10	17	12	15	14	13	13	14	16	17	20	10	11	11	12	10	10	13	16	19	11	18	12	19	13	13	18	16	11	15	11	15	13	13	10	14	17	18	15	10	20	19	10	13	19	11	11	19	18	13	11	14	12	16	18	10	15	12	15	20	14	17	13	17	19	11	11	17	17	20	16	20	18	13	13	10	14	10	16	11	13	13	13	12	19	13	20	18	10	16	16	15	20	10	13	10	14	18	16	13	14	14	17	19	19	13	10	15	18	20	12	15	14	20	17	18	13	17	19	16	12	10	19	12	15	12	18	10	12	12	14	10	11	11	15	14	13	12	16	13	12	14	17	11	15	17	20	18	10	10	15	10	19	17	18	15	13	19	13	16	19	12	11	20	16	12	17	17	14	13	16	17	17	16	20	10	12	15	16	13	14	17	17	16	16	10	17	13	17	19	13	14	15	20	13	15	14	17	15	14	16	20	11	14	13	11	13	20	18	20	11	18	18	13	15	14	12	12	10	19	17	14	12	18	19	14	10	11	19	12	19	17	15	11	14	13	15	16	19	20	15	17	12	13	12	17	13	18	13	16	19	12	15	13	18	15	10	18	14	20	15	10	20	12	20	16	15	14	16	20	13	13	12	15	11	17	12	19	17	13	15	18	12	14	10	19	19	19	16	12	16	14	13	18	15	20	11	
1	1	1	1	1	1	1	1	1	1	1	1	1	1	1	1	1	1	1	1	1	1	1	1	1	1	1	1	1	1	1	1	1	1	1	1	1	1	1	1	1	1	1	1	1	2	2	2	2	2	2	2	2	2	2	2	2	2	2	2	2	2	2	2	2	2	2	2	2	2	2	2	2	2	2	2	2	2	2	3	3	3	3	3	3	3	3	3	3	3	3	3	3	3	3	3	3	3	3	3	3	3	3	3	3	3	3	3	3	3	3	3	3	3	3	4	4	4	4	4	4	4	4	4	4	4	4	4	4	4	4	4	4	4	4	4	4	4	4	4	4	5	5	5	5	5	5	5	5	5	5	5	5	5	5	5	5	5	5	5	5	5	5	5	5	5	5	5	5	6	6	6	6	6	6	6	6	6	6	6	6	6	6	6	6	6	6	6	6	6	6	6	6	6	6	6	6	6	6	6	6	6	6	7	7	7	7	7	7	7	7	7	7	7	7	7	7	7	7	7	7	7	7	7	7	7	7	7	7	7	7	7	7	7	7	8	8	8	8	8	8	8	8	8	8	8	8	8	8	8	8	8	8	8	8	8	8	8	8	8	8	8	8	8	8	8	8	8	8	8	8	8	9	9	9	9	9	9	9	9	9	9	9	9	9	9	9	9	9	9	9	9	9	9	9	9	9	9	9	9	9	9	9	9	10	10	10	10	10	10	10	10	10	10	10	10	10	10	10	10	10	10	10	10	10	10	10	10	10	10	10	10	10	10	10	10	10	10	10	10	10	10	10	10	10	10	10	10	10	10	10	11	11	11	11	11	11	11	11	11	11	11	11	11	11	11	11	11	11	11	11	11	11	11	11	11	11	11	11	11	11	11	11	11	11	11	11	11	11	11	12	12	12	12	12	12	12	12	12	12	12	12	12	12	12	12	12	12	12	12	12	12	12	12	12	12	12	12	12	13	13	13	13	13	13	13	13	13	13	13	13	13	13	13	13	13	13	13	13	13	13	13	13	13	13	13	13	13	13	13	13	14	14	14	14	14	14	14	14	14	14	14	14	14	14	14	14	14	14	14	14	14	14	14	14	14	14	14	14	14	14	14	15	15	15	15	15	15	15	15	15	15	15	15	15	15	15	15	15	15	15	15	15	15	15	15	15	15	15	15	15	15	16	16	16	16	16	16	16	16	16	16	16	16	16	16	16	16	16	16	16	16	16	16	16	16	16	16	16	16	16	16	16	16	16	16	16	16	16	16	16	16	16	17	17	17	17	17	17	17	17	17	17	17	17	17	17	17	17	17	17	17	17	17	17	17	17	17	18	18	18	18	18	18	18	18	18	18	18	18	18	18	18	18	18	18	18	18	18	18	18	18	18	18	19	19	19	19	19	19	19	19	19	19	19	19	19	19	19	19	19	19	19	19	19	19	19	19	19	19	19	19	19	19	20	20	20	20	20	20	20	20	20	20	20	20	20	20	20	20	20	20	20	20	20	20	20	20	20	20	20	20	20	20	20	20	20	20	20	20	20	20	20	20	21	21	21	21	21	21	21	21	21	21	21	21	21	21	21	21	21	21	21	21	21	21	21	21	21	21	21	21	21	21	21	21	21	21	21	21	22	22	22	22	22	22	22	22	22	22	22	22	22	22	22	22	22	22	22	22	22	22	22	22	22	22	22	22	22	22	22	22	22	22	22	22	22	23	23	23	23	23	23	23	23	23	23	23	23	23	23	23	23	23	23	23	23	23	23	23	23	23	23	23	23	23	23	23	23	23	24	24	24	24	24	24	24	24	24	24	24	24	24	24	24	24	24	24	24	24	24	24	24	24	24	24	24	24	24	24	24	24	24	24	24	24	24	24	24	24	25	25	25	25	25	25	25	25	25	25	25	25	25	25	25	25	25	25	25	25	26	26	26	26	26	26	26	26	26	26	26	26	26	26	26	26	26	26	26	26	26	26	27	27	27	27	27	27	27	27	27	27	27	27	27	27	27	27	27	27	27	27	27	27	27	27	27	27	27	27	27	27	27	27	27	27	27	27	27	27	27	27	27	27	28	28	28	28	28	28	28	28	28	28	28	28	28	28	28	28	28	28	28	28	28	28	28	28	28	28	28	28	28	28	28	28	28	28	28	28	28	28	28	28	28	28	28	29	29	29	29	29	29	29	29	29	29	29	29	29	29	29	29	29	29	29	29	29	29	29	29	29	30	30	30	30	30	30	30	30	30	30	30	30	30	30	30	30	30	30	30	30	30	30	30	30	30	30	30	30	
