1000
45	14
357	23.1
28	30	27	27	29	31	26	28	27	26	30	29	29	27	28	28	29	28	29	31	29	27	28	31	26	27	30	26	29	31	28	31	27	27	30	29	27	27	26	31	31	29	31	26	27	29	26	27	31	26	31	29	28	26	28	29	26	28	30	30	30	26	29	31	31	31	28	30	27	29	30	26	26	30	31	28	28	31	28	26	30	29	31	30	29	27	27	26	27	28	29	31	27	27	31	27	28	30	26	29	27	30	27	31	29	30	30	31	27	30	28	30	28	31	29	30	31	28	27	27	29	30	29	29	28	30	28	28	27	30	26	27	26	31	29	30	30	30	31	28	26	30	28	27	28	29	26	27	26	30	29	26	27	29	29	27	26	26	30	28	30	27	31	29	27	31	31	30	27	29	30	29	26	29	26	30	31	28	27	29	31	31	26	29	28	27	28	31	28	27	27	26	27	30	27	29	31	28	27	26	31	26	30	29	29	29	28	29	27	31	28	29	31	31	27	31	26	27	26	27	31	28	28	31	30	27	27	26	26	28	31	29	31	30	30	28	28	31	28	31	26	31	27	31	30	29	26	29	28	29	31	30	30	27	31	28	29	27	26	26	26	29	31	29	28	30	27	30	26	29	28	27	31	26	31	27	30	30	30	26	31	29	29	28	28	31	28	30	26	30	26	26	27	27	31	27	26	28	28	29	30	28	27	27	30	30	29	26	27	27	27	29	30	26	29	28	31	28	29	26	30	27	28	27	29	28	26	26	27	31	31	29	31	31	30	27	31	30	29	26	31	30	31	26	31	29	27	26	28	28	28	28	30	31	28	26	31	26	29	29	26	30	28	26	27	28	31	28	27	27	31	28	26	26	28	26	28	27	26	27	27	26	26	29	27	28	30	28	27	30	31	28	31	29	29	28	27	26	27	26	30	28	28	31	28	31	27	26	31	29	27	28	27	27	28	29	28	29	30	30	28	31	29	28	31	30	27	30	28	26	26	30	26	31	30	27	28	26	28	29	30	28	27	30	31	31	31	29	26	26	29	27	27	31	31	28	29	28	28	29	28	28	31	30	29	28	31	26	30	29	29	30	28	31	27	31	30	31	27	27	28	30	28	31	30	30	31	27	26	26	30	28	29	27	27	26	30	26	26	28	31	28	30	31	31	28	29	30	26	26	27	27	27	30	27	27	26	28	31	29	30	27	28	27	27	27	30	27	26	27	28	31	28	29	28	27	30	28	26	28	26	29	30	27	30	26	26	29	28	29	27	30	28	29	29	27	30	31	29	27	28	31	31	27	28	27	31	31	27	30	27	30	28	31	29	31	29	30	29	29	26	26	30	27	31	29	31	29	31	30	29	27	29	31	29	29	27	27	28	31	29	31	26	30	31	29	29	29	28	26	30	27	27	29	29	26	31	29	28	30	30	28	30	31	31	26	26	30	28	29	29	31	31	31	28	29	27	28	31	26	30	31	30	26	31	29	28	28	27	29	30	28	26	31	27	31	31	31	29	30	29	27	31	27	27	28	28	28	28	26	28	30	31	29	27	30	26	29	31	27	27	28	26	28	30	29	29	31	28	27	31	30	28	31	29	30	29	31	30	27	28	30	30	30	26	28	31	29	29	30	30	26	27	31	30	29	26	31	31	29	27	26	27	29	29	27	27	30	26	31	28	26	26	31	26	26	29	31	30	27	30	27	30	27	27	31	28	28	27	31	31	26	28	29	30	30	26	29	30	26	27	29	29	29	29	30	26	28	31	29	31	31	26	30	30	29	26	27	28	26	26	27	29	26	30	26	27	27	26	30	29	31	29	29	29	27	28	31	26	31	29	27	26	27	30	27	29	30	26	31	26	28	30	26	28	28	30	31	28	27	26	30	29	28	29	27	26	28	31	30	29	31	30	31	30	26	30	31	31	30	29	29	30	29	28	26	31	31	27	29	30	30	28	30	29	27	26	31	27	31	29	27	29	28	27	30	28	27	27	29	31	29	29	29	27	27	28	28	29	27	27	30	31	29	26	27	26	29	28	27	30	31	31	29	27	30	28	28	27	27	26	30	30	31	29	28	29	29	27	31	29	29	27	29	28	30	27	29	26	26	27	28	30	28	31	29	30	26	28	26	29	30	28	27	30	29	29	26	31	26	29	28	31	28	30	29	30	31	27	29	28	27	30	27	27	26	29	31	26	27	30	30	30	31	31	31	29	27	26	26	29	29	26	30	27	28	31	26	26	30	27	26	28	30	28	26	30	28	30	30	29	26	26	27	31	28	31	27	26	31	
88	89	77	79	85	83	90	78	91	85	81	77	83	80	86	83	93	86	77	86	88	83	82	76	80	76	80	91	91	76	84	84	92	80	86	78	83	78	85	87	93	84	90	80	90	89	76	84	86	86	88	94	91	90	93	93	76	93	79	80	84	79	86	82	76	90	79	84	94	85	94	80	93	82	84	81	82	89	86	86	86	80	83	81	91	80	93	80	88	94	93	93	79	88	88	87	84	77	83	91	89	87	85	77	91	77	87	76	90	94	81	91	83	87	89	76	92	78	83	93	89	91	91	84	90	80	93	90	93	88	84	81	86	83	78	84	81	85	84	90	92	83	81	80	86	90	87	77	89	78	90	92	85	87	76	90	93	83	82	81	94	76	87	76	79	87	80	78	91	78	93	82	90	83	78	86	94	93	84	84	85	80	88	76	90	93	80	89	93	85	85	94	91	76	90	81	91	81	82	86	87	91	91	89	83	81	89	90	93	86	91	93	90	83	87	91	92	82	76	94	84	80	80	92	82	91	76	86	81	76	79	86	81	90	81	81	86	87	89	87	79	79	92	86	78	85	84	87	76	88	82	76	76	82	93	77	80	77	94	87	78	85	76	79	84	82	77	90	86	91	82	87	86	81	90	91	81	92	84	89	79	86	93	83	89	78	89	88	88	91	90	80	86	91	89	92	86	86	81	79	76	86	85	86	91	91	84	87	83	94	92	80	82	84	85	82	87	87	80	79	92	83	85	85	93	83	94	79	85	92	82	82	91	76	81	84	88	93	82	85	88	81	77	84	77	81	76	82	84	83	85	84	77	83	90	84	88	91	86	83	76	92	81	78	92	79	90	83	86	87	83	84	81	84	92	86	83	76	89	76	84	80	78	81	78	80	92	84	94	77	84	88	81	87	90	84	93	88	91	87	77	94	92	81	91	86	84	84	86	79	89	81	79	88	94	92	93	85	94	89	80	89	89	94	87	91	84	86	93	76	94	76	76	86	87	82	76	89	78	76	88	91	94	87	93	85	85	84	89	76	90	93	84	94	80	78	90	85	94	86	78	84	89	78	79	90	82	90	90	87	80	82	80	92	86	77	78	90	84	79	83	86	76	82	92	82	84	92	89	76	88	77	87	85	76	83	80	84	94	82	76	80	80	93	93	90	85	79	86	89	90	76	77	90	77	87	76	83	80	94	94	80	93	76	81	84	91	89	88	93	90	87	86	83	91	83	80	87	86	80	89	94	84	91	84	83	93	78	84	77	77	92	84	77	79	79	76	77	88	80	85	91	87	92	77	80	86	84	76	83	90	89	89	83	76	91	76	78	82	81	85	77	90	83	79	88	77	88	78	80	83	91	91	85	81	89	83	83	91	94	77	93	89	92	86	83	91	78	94	82	80	93	91	86	83	90	84	86	83	79	79	88	82	83	84	92	90	76	90	82	85	78	85	88	88	80	83	92	92	80	92	93	83	94	93	82	87	84	93	81	78	78	81	84	76	85	86	92	80	81	76	92	78	91	76	79	90	82	77	86	84	83	79	84	85	79	92	79	88	93	92	90	82	94	88	89	94	91	80	90	84	89	78	81	93	81	92	93	80	80	76	81	84	81	85	91	91	94	82	84	89	78	93	91	91	86	94	86	88	94	83	84	87	79	93	77	78	76	83	77	89	78	92	92	79	88	85	84	80	93	88	90	92	80	91	79	86	91	83	76	78	84	89	83	84	77	83	79	76	76	82	78	88	80	85	90	78	87	94	94	89	78	93	82	82	82	83	90	87	78	87	81	83	81	82	92	94	94	76	94	78	90	87	88	78	86	93	92	82	77	79	79	76	89	91	90	87	91	93	80	92	88	78	89	80	93	77	78	79	94	86	89	80	77	80	87	81	86	85	83	79	76	79	82	89	92	90	76	89	77	90	82	78	87	82	91	90	90	77	81	82	90	77	84	91	85	86	91	77	79	91	77	90	82	93	86	90	76	86	78	77	88	84	80	92	91	78	81	93	89	79	79	90	84	78	93	81	81	81	89	79	90	82	94	89	91	92	85	83	85	88	84	81	90	90	91	83	91	83	76	94	89	78	79	94	91	89	93	89	82	77	84	94	82	92	85	86	93	77	86	83	81	85	93	83	91	90	86	94	82	93	84	89	91	90	90	92	78	87	81	92	76	93	87	79	93	85	81	84	79	89	79	82	87	76	76	79	87	89	81	89	79	77	78	88	82	76	86	94	79	89	91	79	89	91	92	92	84	90	84	87	93	87	91	86	93	90	93	83	87	
18.7	23.1	17.6	30.8	11	16.5	12.1	17.6	20.9	15.4	13.2	20.9	25.3	33	27.5	18.7	17.6	19.8	13.2	25.3	25.3	33	31.9	17.6	22	30.8	25.3	15.4	11	12.1	14.3	30.8	25.3	30.8	30.8	22	23.1	19.8	31.9	30.8	14.3	31.9	19.8	20.9	25.3	23.1	29.7	22	26.4	33	17.6	22	20.9	23.1	23.1	16.5	24.2	31.9	16.5	20.9	25.3	27.5	29.7	27.5	14.3	25.3	33	18.7	20.9	17.6	24.2	16.5	14.3	27.5	27.5	31.9	26.4	24.2	23.1	33	15.4	11	12.1	12.1	28.6	15.4	17.6	15.4	20.9	12.1	16.5	14.3	29.7	20.9	26.4	11	27.5	30.8	20.9	25.3	26.4	24.2	13.2	30.8	27.5	14.3	22	12.1	14.3	13.2	33	28.6	15.4	14.3	23.1	26.4	16.5	12.1	29.7	13.2	25.3	17.6	20.9	15.4	20.9	26.4	31.9	29.7	28.6	33	18.7	11	30.8	33	12.1	30.8	26.4	29.7	11	17.6	20.9	26.4	31.9	30.8	33	12.1	29.7	20.9	28.6	25.3	29.7	13.2	19.8	26.4	14.3	12.1	28.6	33	31.9	23.1	30.8	22	30.8	22	12.1	31.9	23.1	26.4	12.1	16.5	13.2	25.3	26.4	13.2	28.6	18.7	11	19.8	17.6	18.7	30.8	28.6	11	11	16.5	13.2	15.4	22	29.7	22	20.9	30.8	31.9	29.7	31.9	17.6	33	15.4	20.9	28.6	14.3	30.8	33	33	24.2	25.3	27.5	23.1	11	12.1	19.8	28.6	31.9	16.5	31.9	25.3	12.1	13.2	18.7	20.9	13.2	22	23.1	29.7	23.1	11	14.3	20.9	23.1	23.1	25.3	23.1	20.9	30.8	22	11	20.9	28.6	27.5	13.2	20.9	29.7	18.7	26.4	23.1	25.3	14.3	16.5	24.2	26.4	14.3	24.2	22	15.4	24.2	18.7	28.6	25.3	12.1	12.1	16.5	26.4	25.3	26.4	25.3	19.8	27.5	31.9	31.9	22	29.7	17.6	11	17.6	19.8	24.2	24.2	12.1	17.6	13.2	14.3	23.1	20.9	27.5	14.3	24.2	20.9	22	19.8	26.4	33	27.5	19.8	33	15.4	15.4	26.4	24.2	24.2	31.9	17.6	26.4	17.6	24.2	11	22	30.8	14.3	31.9	29.7	26.4	13.2	30.8	17.6	28.6	25.3	29.7	19.8	25.3	31.9	24.2	14.3	18.7	30.8	15.4	33	16.5	20.9	16.5	26.4	33	17.6	31.9	30.8	28.6	25.3	16.5	29.7	26.4	14.3	18.7	27.5	27.5	27.5	15.4	23.1	26.4	12.1	30.8	23.1	13.2	16.5	23.1	29.7	29.7	20.9	28.6	23.1	27.5	14.3	27.5	30.8	20.9	31.9	16.5	18.7	25.3	20.9	18.7	28.6	17.6	22	20.9	12.1	19.8	18.7	17.6	33	19.8	13.2	15.4	23.1	23.1	23.1	12.1	31.9	31.9	15.4	12.1	16.5	16.5	23.1	29.7	22	26.4	26.4	13.2	11	16.5	18.7	16.5	29.7	26.4	29.7	19.8	26.4	24.2	13.2	24.2	27.5	16.5	15.4	13.2	26.4	23.1	16.5	15.4	31.9	23.1	28.6	17.6	30.8	12.1	28.6	33	20.9	12.1	18.7	17.6	28.6	24.2	22	17.6	31.9	19.8	23.1	29.7	14.3	33	17.6	14.3	23.1	13.2	13.2	31.9	17.6	31.9	28.6	13.2	16.5	14.3	23.1	28.6	30.8	31.9	24.2	28.6	18.7	30.8	17.6	26.4	29.7	12.1	14.3	20.9	25.3	12.1	28.6	25.3	16.5	31.9	23.1	27.5	19.8	26.4	14.3	13.2	25.3	29.7	29.7	13.2	25.3	27.5	18.7	17.6	19.8	25.3	16.5	18.7	23.1	16.5	14.3	23.1	30.8	14.3	23.1	27.5	16.5	31.9	27.5	28.6	13.2	20.9	27.5	12.1	17.6	16.5	11	17.6	14.3	20.9	17.6	16.5	29.7	14.3	27.5	31.9	25.3	33	24.2	31.9	26.4	23.1	16.5	17.6	23.1	20.9	31.9	30.8	12.1	15.4	12.1	27.5	13.2	22	11	15.4	15.4	24.2	17.6	12.1	27.5	25.3	24.2	24.2	20.9	19.8	25.3	28.6	14.3	20.9	23.1	16.5	13.2	26.4	11	22	11	25.3	28.6	33	22	24.2	17.6	15.4	22	30.8	11	29.7	14.3	28.6	33	25.3	19.8	28.6	25.3	19.8	18.7	24.2	26.4	28.6	14.3	13.2	28.6	27.5	24.2	31.9	27.5	31.9	13.2	16.5	29.7	23.1	25.3	28.6	25.3	13.2	20.9	20.9	14.3	33	11	13.2	25.3	12.1	23.1	25.3	13.2	20.9	16.5	12.1	16.5	28.6	22	12.1	23.1	16.5	13.2	20.9	30.8	24.2	14.3	17.6	18.7	13.2	22	24.2	28.6	17.6	20.9	26.4	19.8	19.8	19.8	23.1	30.8	26.4	26.4	14.3	13.2	26.4	30.8	31.9	16.5	15.4	28.6	14.3	31.9	31.9	18.7	31.9	14.3	26.4	22	11	27.5	16.5	24.2	33	22	23.1	22	26.4	22	13.2	19.8	12.1	27.5	31.9	11	26.4	23.1	22	22	20.9	12.1	28.6	25.3	30.8	11	19.8	33	31.9	28.6	16.5	22	33	20.9	28.6	16.5	22	11	33	25.3	16.5	14.3	22	18.7	27.5	25.3	18.7	28.6	15.4	18.7	16.5	11	13.2	12.1	13.2	16.5	22	18.7	11	14.3	24.2	19.8	25.3	27.5	19.8	29.7	23.1	29.7	25.3	14.3	26.4	22	28.6	29.7	14.3	22	15.4	11	11	12.1	15.4	25.3	16.5	23.1	17.6	14.3	15.4	28.6	27.5	33	27.5	13.2	25.3	19.8	12.1	30.8	12.1	25.3	17.6	22	12.1	31.9	22	13.2	29.7	25.3	14.3	18.7	13.2	13.2	25.3	30.8	29.7	31.9	12.1	28.6	12.1	22	11	24.2	19.8	13.2	29.7	27.5	27.5	24.2	12.1	31.9	24.2	27.5	20.9	30.8	31.9	20.9	27.5	27.5	18.7	22	13.2	30.8	19.8	11	19.8	33	15.4	31.9	15.4	24.2	27.5	29.7	16.5	17.6	22	30.8	23.1	20.9	18.7	27.5	26.4	13.2	13.2	11	29.7	23.1	19.8	25.3	14.3	29.7	33	15.4	30.8	23.1	12.1	12.1	17.6	25.3	26.4	15.4	22	23.1	27.5	33	33	22	13.2	23.1	11	30.8	23.1	33	15.4	17.6	17.6	29.7	24.2	30.8	33	30.8	26.4	27.5	30.8	29.7	22	20.9	33	24.2	28.6	13.2	23.1	33	16.5	33	18.7	26.4	31.9	14.3	13.2	23.1	25.3	28.6	20.9	13.2	26.4	20.9	19.8	23.1	26.4	26.4	26.4	20.9	24.2	12.1	19.8	29.7	26.4	12.1	13.2	26.4	33	25.3	29.7	23.1	24.2	19.8	18.7	31.9	29.7	29.7	29.7	23.1	16.5	26.4	25.3	23.1	33	27.5	26.4	18.7	16.5	24.2	33	15.4	20.9	22	17.6	13.2	14.3	22	25.3	14.3	18.7	33	28.6	17.6	29.7	27.5	31.9	30.8	22	29.7	22	33	24.2	11	18.7	19.8	13.2	23.1	12.1	14.3	16.5	31.9	31.9	24.2	17.6	12.1	22	11	24.2	12.1	23.1	16.5	15.4	31.9	30.8	27.5	14.3	18.7	19.8	28.6	26.4	19.8	27.5	11	20.9	25.3	11	33	24.2	24.2	29.7	20.9	28.6	22	17.6	33	24.2	12.1	22	28.6	26.4	18.7	12.1	19.8	30.8	18.7	18.7	18.7	23.1	26.4	31.9	27.5	12.1	15.4	26.4	24.2	
14.3	18.7	20.9	17.6	12.1	13.2	28.6	13.2	20.9	16.5	25.3	17.6	19.8	18.7	14.3	30.8	31.9	28.6	11	27.5	24.2	17.6	18.7	30.8	17.6	28.6	27.5	20.9	22	31.9	29.7	23.1	25.3	11	30.8	16.5	24.2	26.4	26.4	31.9	24.2	28.6	25.3	17.6	31.9	18.7	18.7	12.1	14.3	18.7	19.8	31.9	27.5	31.9	27.5	20.9	28.6	18.7	12.1	31.9	28.6	20.9	15.4	31.9	15.4	27.5	24.2	12.1	13.2	15.4	17.6	15.4	11	22	27.5	16.5	33	18.7	17.6	16.5	19.8	22	16.5	14.3	30.8	18.7	30.8	29.7	26.4	31.9	25.3	31.9	24.2	30.8	27.5	17.6	24.2	12.1	24.2	12.1	26.4	22	30.8	22	20.9	27.5	22	31.9	23.1	22	25.3	13.2	20.9	14.3	13.2	19.8	15.4	33	16.5	22	29.7	20.9	29.7	33	14.3	25.3	31.9	24.2	18.7	16.5	15.4	18.7	19.8	30.8	30.8	29.7	18.7	30.8	30.8	13.2	11	14.3	31.9	30.8	12.1	13.2	20.9	11	17.6	28.6	27.5	24.2	23.1	33	13.2	19.8	31.9	15.4	27.5	33	18.7	29.7	12.1	33	26.4	17.6	31.9	27.5	11	27.5	13.2	25.3	20.9	20.9	28.6	17.6	30.8	13.2	23.1	12.1	25.3	26.4	11	15.4	11	11	14.3	18.7	11	13.2	27.5	20.9	27.5	26.4	11	16.5	31.9	27.5	22	26.4	27.5	15.4	20.9	23.1	29.7	20.9	17.6	22	27.5	15.4	11	16.5	29.7	30.8	19.8	13.2	13.2	25.3	17.6	27.5	13.2	12.1	22	11	26.4	18.7	16.5	17.6	16.5	13.2	15.4	15.4	25.3	13.2	13.2	24.2	11	19.8	17.6	28.6	15.4	11	17.6	15.4	18.7	27.5	31.9	18.7	33	11	26.4	11	33	13.2	30.8	16.5	31.9	18.7	33	33	29.7	24.2	11	15.4	12.1	24.2	11	29.7	27.5	18.7	15.4	31.9	14.3	28.6	25.3	13.2	31.9	17.6	30.8	26.4	33	23.1	24.2	16.5	27.5	31.9	31.9	33	22	31.9	33	33	26.4	20.9	23.1	29.7	20.9	16.5	23.1	17.6	24.2	29.7	11	28.6	30.8	33	14.3	16.5	24.2	23.1	12.1	27.5	31.9	31.9	27.5	26.4	26.4	23.1	26.4	33	33	27.5	14.3	26.4	23.1	13.2	27.5	18.7	15.4	20.9	17.6	11	22	11	27.5	18.7	33	15.4	26.4	20.9	26.4	22	27.5	31.9	15.4	29.7	11	20.9	31.9	29.7	28.6	29.7	31.9	25.3	16.5	26.4	23.1	31.9	14.3	31.9	15.4	25.3	17.6	26.4	28.6	13.2	11	26.4	13.2	15.4	18.7	30.8	12.1	17.6	18.7	14.3	11	12.1	29.7	12.1	15.4	28.6	22	24.2	27.5	27.5	20.9	23.1	30.8	19.8	24.2	15.4	17.6	26.4	19.8	33	17.6	14.3	23.1	24.2	17.6	12.1	19.8	12.1	13.2	27.5	15.4	23.1	16.5	14.3	30.8	22	18.7	30.8	17.6	18.7	22	16.5	24.2	24.2	12.1	25.3	12.1	12.1	22	33	13.2	26.4	22	22	22	22	24.2	19.8	18.7	28.6	29.7	20.9	26.4	23.1	11	15.4	28.6	20.9	27.5	19.8	24.2	16.5	23.1	28.6	31.9	26.4	22	25.3	19.8	29.7	24.2	12.1	18.7	31.9	28.6	20.9	31.9	25.3	15.4	24.2	19.8	20.9	30.8	25.3	13.2	28.6	19.8	24.2	22	25.3	20.9	19.8	29.7	11	31.9	15.4	22	17.6	15.4	29.7	12.1	11	24.2	30.8	13.2	27.5	13.2	31.9	30.8	12.1	19.8	11	25.3	28.6	11	26.4	20.9	30.8	15.4	11	24.2	15.4	11	33	25.3	16.5	11	33	27.5	28.6	22	26.4	23.1	13.2	30.8	26.4	22	12.1	18.7	17.6	13.2	15.4	31.9	17.6	29.7	11	27.5	19.8	31.9	27.5	19.8	24.2	33	27.5	25.3	27.5	28.6	24.2	31.9	33	26.4	12.1	27.5	33	13.2	14.3	14.3	14.3	33	17.6	18.7	27.5	31.9	29.7	28.6	22	18.7	19.8	25.3	24.2	14.3	11	29.7	22	13.2	25.3	29.7	27.5	18.7	23.1	26.4	15.4	13.2	26.4	28.6	24.2	18.7	23.1	18.7	18.7	27.5	19.8	19.8	20.9	25.3	31.9	15.4	25.3	30.8	18.7	12.1	14.3	11	15.4	31.9	20.9	33	14.3	11	33	24.2	14.3	27.5	19.8	19.8	31.9	26.4	27.5	27.5	26.4	33	33	20.9	33	30.8	19.8	11	30.8	26.4	23.1	13.2	25.3	26.4	13.2	26.4	11	20.9	33	25.3	15.4	11	25.3	24.2	24.2	17.6	30.8	16.5	11	12.1	22	12.1	19.8	12.1	11	31.9	30.8	19.8	28.6	24.2	18.7	15.4	20.9	15.4	18.7	28.6	19.8	16.5	25.3	27.5	11	18.7	29.7	11	31.9	31.9	13.2	28.6	23.1	27.5	30.8	31.9	29.7	15.4	11	23.1	17.6	15.4	15.4	12.1	28.6	16.5	14.3	22	19.8	19.8	12.1	13.2	16.5	14.3	12.1	29.7	16.5	30.8	31.9	19.8	20.9	28.6	18.7	33	13.2	13.2	29.7	29.7	28.6	25.3	30.8	15.4	26.4	15.4	15.4	26.4	14.3	31.9	24.2	29.7	14.3	20.9	19.8	14.3	13.2	33	29.7	14.3	22	12.1	11	23.1	31.9	26.4	14.3	27.5	22	20.9	23.1	25.3	30.8	11	12.1	28.6	23.1	29.7	20.9	16.5	15.4	23.1	15.4	11	27.5	16.5	26.4	19.8	31.9	31.9	12.1	25.3	12.1	13.2	15.4	23.1	20.9	31.9	20.9	16.5	19.8	19.8	20.9	25.3	24.2	22	31.9	19.8	31.9	28.6	19.8	12.1	19.8	28.6	16.5	14.3	12.1	18.7	29.7	17.6	31.9	19.8	18.7	16.5	14.3	31.9	20.9	17.6	19.8	19.8	22	17.6	28.6	11	16.5	15.4	24.2	25.3	30.8	17.6	13.2	33	22	16.5	13.2	22	25.3	12.1	33	26.4	25.3	19.8	16.5	28.6	19.8	11	18.7	31.9	22	11	28.6	29.7	13.2	14.3	26.4	24.2	23.1	29.7	11	24.2	30.8	13.2	11	29.7	20.9	22	18.7	14.3	24.2	31.9	31.9	18.7	24.2	26.4	15.4	16.5	16.5	28.6	29.7	18.7	12.1	24.2	16.5	18.7	31.9	22	11	23.1	24.2	24.2	30.8	20.9	33	17.6	24.2	27.5	13.2	16.5	22	28.6	16.5	15.4	14.3	18.7	33	15.4	33	16.5	14.3	11	31.9	19.8	31.9	15.4	14.3	20.9	29.7	31.9	31.9	27.5	13.2	20.9	20.9	25.3	11	12.1	29.7	20.9	19.8	29.7	29.7	26.4	33	22	24.2	30.8	14.3	31.9	20.9	33	14.3	24.2	11	11	24.2	11	33	31.9	25.3	15.4	18.7	17.6	23.1	28.6	25.3	14.3	22	28.6	30.8	29.7	31.9	16.5	16.5	20.9	15.4	14.3	33	20.9	17.6	20.9	25.3	11	22	31.9	14.3	28.6	30.8	16.5	28.6	23.1	30.8	24.2	28.6	19.8	33	12.1	31.9	25.3	33	13.2	12.1	12.1	11	25.3	24.2	12.1	30.8	33	27.5	30.8	26.4	29.7	13.2	12.1	14.3	20.9	13.2	18.7	16.5	27.5	30.8	29.7	11	15.4	11	33	29.7	20.9	20.9	33	30.8	
19.8	12.1	31.9	19.8	27.5	19.8	33	27.5	26.4	11	31.9	23.1	19.8	11	18.7	24.2	17.6	31.9	33	24.2	12.1	23.1	20.9	27.5	23.1	15.4	22	17.6	27.5	25.3	22	30.8	30.8	28.6	30.8	29.7	13.2	16.5	14.3	17.6	28.6	30.8	11	18.7	20.9	
14	14	15	13	10	10	11	15	10	14	12	10	16	14	18	16	13	14	13	18	19	14	19	19	13	14	10	13	20	19	13	16	13	16	20	15	16	17	17	11	10	10	14	17	16	10	11	15	16	20	10	14	11	20	11	12	14	12	18	17	15	13	13	19	15	12	18	12	19	19	16	17	11	18	16	20	11	20	19	16	17	17	18	17	17	14	16	15	12	17	10	15	17	17	18	18	11	12	15	14	10	14	13	10	17	12	12	16	18	16	16	15	12	20	12	12	14	10	16	12	14	11	20	16	15	20	10	12	17	14	19	13	15	13	15	20	13	17	19	20	17	17	19	10	20	13	16	10	16	20	20	19	19	19	12	20	18	10	16	14	18	10	19	17	12	15	12	13	10	14	12	15	20	11	11	13	15	16	12	14	16	18	16	13	17	10	16	11	20	17	13	13	18	10	17	14	18	15	19	20	11	17	10	13	13	12	19	16	18	12	20	19	16	14	19	15	13	13	12	15	13	13	11	10	12	16	10	13	16	18	13	11	14	18	14	19	14	11	18	20	12	13	17	20	19	16	16	11	20	13	19	19	16	15	11	19	16	15	12	18	18	20	10	15	19	19	20	19	10	12	14	20	18	12	13	13	18	16	12	15	15	17	16	17	14	18	15	11	12	11	20	10	14	16	14	10	16	12	17	20	15	19	16	14	13	16	13	14	11	19	19	13	10	10	13	19	11	16	14	14	20	16	16	11	12	17	19	16	15	11	12	14	13	16	13	19	17	20	10	13	10	14	18	13	19	12	17	15	18	15	18	10	12	17	13	15	20	18	19	10	18	14	14	13	18	14	16	17	15	15	16	13	11	13	17	15	15	20	15	13	14	17	10	12	16	14	20	14	14	12	17	13	11	18	12	13	19	12	18	11	15	17	10	17	16	19	17	13	17	18	12	17	11	14	20	20	16	16	16	18	17	17	11	13	14	11	18	19	16	16	13	15	12	16	20	16	16	14	10	19	13	11	17	15	18	18	10	18	15	19	12	16	20	20	17	20	13	11	12	11	18	10	19	15	16	16	10	11	11	13	13	12	13	12	16	16	17	13	17	15	17	17	19	17	14	14	18	18	11	14	19	16	16	12	16	18	18	17	12	20	15	15	13	20	14	18	16	12	13	20	12	14	15	20	10	15	10	12	18	14	14	11	13	16	12	18	15	19	13	17	20	11	10	16	13	14	20	20	15	13	17	12	13	15	13	10	18	17	17	12	18	17	14	14	13	10	10	20	16	11	17	15	11	17	16	12	17	15	20	11	18	15	20	19	14	10	13	20	14	20	14	15	10	13	17	13	12	18	14	12	13	15	14	13	12	20	19	11	13	15	14	10	13	12	11	19	12	12	19	13	11	18	13	14	16	10	14	14	15	20	16	16	19	15	11	13	18	10	17	17	16	10	18	17	17	17	20	11	17	15	18	14	11	19	10	18	11	18	14	15	15	11	18	16	10	14	13	16	14	13	20	13	18	18	17	16	18	17	16	12	14	14	14	12	13	10	16	12	20	11	18	19	19	19	14	12	20	15	17	14	18	12	17	13	13	17	19	11	13	19	20	16	12	16	17	16	19	18	11	16	12	19	16	16	17	11	14	10	19	14	10	15	18	19	14	13	12	18	19	19	15	10	17	13	14	18	16	11	20	10	10	16	14	20	13	17	20	15	19	17	14	18	15	17	13	14	16	10	11	14	13	12	17	13	15	17	12	15	17	11	14	17	17	13	17	13	14	11	10	17	20	13	17	18	20	15	18	12	19	11	16	10	12	14	16	20	20	10	11	16	18	13	14	16	13	11	16	20	10	12	15	11	19	14	19	16	16	10	12	12	20	10	16	16	20	18	13	15	10	19	20	10	10	17	18	13	15	12	11	20	20	17	10	20	19	19	12	14	19	15	17	16	20	16	20	20	12	18	11	10	12	14	20	10	14	18	16	15	16	12	17	20	12	14	20	10	16	20	16	18	10	15	13	12	20	18	14	10	11	20	18	20	14	17	11	18	17	17	10	20	17	16	12	11	10	15	17	16	12	17	11	13	12	15	20	19	12	20	18	10	19	17	18	10	18	11	19	12	10	11	10	15	20	16	18	14	19	17	17	15	12	17	11	10	14	16	13	11	19	10	16	20	13	12	19	18	15	20	12	15	15	12	10	11	16	18	10	20	13	17	14	18	17	10	18	17	17	19	12	11	16	12	10	17	16	16	20	15	12	13	13	10	19	15	12	17	19	15	20	20	
1	1	1	1	1	1	1	1	1	1	1	1	1	1	1	1	1	1	1	1	1	1	1	1	1	1	1	1	1	1	2	2	2	2	2	2	2	2	2	2	2	2	2	2	2	2	2	2	2	2	2	3	3	3	3	3	3	3	3	3	3	3	3	3	3	3	3	3	3	3	3	3	3	3	3	3	3	3	3	4	4	4	4	4	4	4	4	4	4	4	4	4	4	4	4	4	4	4	4	4	4	4	4	5	5	5	5	5	5	5	5	5	5	5	5	5	5	5	5	5	5	5	5	5	6	6	6	6	6	6	6	6	6	6	6	6	6	6	6	6	6	6	6	6	6	6	6	6	6	6	6	6	6	6	6	6	6	6	6	7	7	7	7	7	7	7	7	7	7	7	7	7	7	7	7	7	8	8	8	8	8	8	8	8	8	8	8	8	8	8	8	8	8	8	8	8	9	9	9	9	9	9	9	9	9	9	9	9	9	9	9	9	9	9	9	9	9	9	9	9	9	9	9	9	9	9	9	9	10	10	10	10	10	10	10	10	10	10	10	10	10	10	10	10	10	10	10	10	10	10	11	11	11	11	11	11	11	11	11	11	11	11	11	11	11	11	11	11	11	11	11	11	11	11	11	11	11	11	12	12	12	12	12	12	12	12	12	12	12	12	12	12	12	12	12	12	12	12	12	12	12	12	12	12	13	13	13	13	13	13	13	13	13	13	13	13	13	13	13	13	13	13	13	13	13	13	14	14	14	14	14	14	14	14	14	14	14	14	14	14	14	14	14	14	14	14	14	14	14	15	15	15	15	15	15	15	15	15	15	15	15	15	15	15	15	15	15	15	15	15	15	15	15	15	16	16	16	16	16	16	16	16	16	16	16	16	16	16	17	17	17	17	17	17	17	17	17	17	17	17	17	17	17	18	18	18	18	18	18	18	18	18	18	18	18	18	18	18	18	18	18	18	18	18	18	18	18	18	18	18	18	18	18	19	19	19	19	19	19	19	19	19	19	19	19	19	19	19	19	19	19	19	19	20	20	20	20	20	20	20	20	20	20	20	20	20	21	21	21	21	21	21	21	21	21	21	21	21	21	21	21	21	21	21	21	22	22	22	22	22	22	22	22	22	22	22	22	22	22	22	22	22	22	23	23	23	23	23	23	23	23	23	23	23	23	23	23	23	23	23	23	23	23	24	24	24	24	24	24	24	24	24	24	24	24	24	24	24	24	24	24	24	24	24	24	24	24	24	25	25	25	25	25	25	25	25	25	25	25	25	25	25	25	25	25	25	25	25	25	25	26	26	26	26	26	26	26	26	26	26	26	26	26	26	26	26	26	26	26	27	27	27	27	27	27	27	27	27	27	27	27	27	27	27	27	27	27	27	27	28	28	28	28	28	28	28	28	28	28	28	28	28	28	28	28	29	29	29	29	29	29	29	29	29	29	29	29	29	29	29	29	29	29	29	30	30	30	30	30	30	30	30	30	30	30	30	30	30	30	30	30	30	30	30	30	30	30	30	30	31	31	31	31	31	31	31	31	31	31	31	31	31	31	31	32	32	32	32	32	32	32	32	32	32	32	32	32	32	32	32	32	32	32	33	33	33	33	33	33	33	33	33	33	33	33	33	33	33	33	33	33	33	33	33	33	33	33	33	33	33	34	34	34	34	34	34	34	34	34	34	34	34	34	34	34	34	34	34	34	34	34	34	35	35	35	35	35	35	35	35	35	35	35	35	35	35	35	35	35	35	35	35	35	35	35	35	36	36	36	36	36	36	36	36	36	36	36	36	36	36	36	36	36	36	36	37	37	37	37	37	37	37	37	37	37	37	37	37	37	37	37	37	37	37	37	38	38	38	38	38	38	38	38	38	38	38	38	38	38	38	38	38	38	38	38	39	39	39	39	39	39	39	39	39	39	39	39	39	39	39	39	39	39	39	39	39	40	40	40	40	40	40	40	40	40	40	40	40	40	40	40	40	40	40	40	40	40	40	40	41	41	41	41	41	41	41	41	41	41	41	41	41	41	41	41	41	41	41	41	41	41	41	42	42	42	42	42	42	42	42	42	42	42	42	42	42	42	42	42	42	42	42	42	43	43	43	43	43	43	43	43	43	43	43	43	43	43	43	43	43	43	43	43	43	43	43	43	43	43	43	43	43	43	44	44	44	44	44	44	44	44	44	44	44	44	44	44	44	44	44	44	44	44	44	44	45	45	45	45	45	45	45	45	45	45	45	45	45	45	45	45	45	45	45	45	45	45	45	45	45	
