1000
15	5
1105	33
27	26	27	27	27	27	31	28	28	28	28	31	26	28	27	26	28	30	26	31	30	26	29	26	29	29	26	28	27	31	27	28	31	30	27	29	30	30	30	27	28	30	30	28	27	29	28	30	28	31	27	31	30	26	27	28	28	31	26	29	29	26	27	27	29	28	31	26	30	28	26	31	27	28	31	26	29	26	26	26	27	29	30	27	28	31	31	28	26	29	29	27	31	29	28	27	31	28	30	26	29	30	31	28	31	26	29	29	27	26	29	29	29	27	27	26	30	27	30	29	26	29	27	29	26	27	31	28	27	31	29	29	30	29	28	29	30	29	27	29	27	28	31	28	26	26	29	26	30	27	27	29	28	28	26	27	30	29	29	31	30	26	26	27	31	28	31	31	28	26	30	26	31	27	30	29	29	27	30	29	29	29	28	27	27	26	26	28	31	31	26	30	31	28	30	28	28	29	28	31	26	30	28	30	26	30	30	31	28	28	30	30	30	28	27	28	31	27	28	26	27	31	30	29	30	26	27	27	27	31	30	29	29	27	27	29	27	29	31	26	28	28	28	28	30	30	31	31	27	31	26	30	28	31	30	30	31	31	27	30	29	26	28	29	27	28	31	30	30	29	27	31	29	28	30	26	26	27	28	26	26	30	28	27	28	27	27	30	31	29	30	27	29	31	26	26	30	27	29	27	29	26	30	28	30	30	31	26	28	29	30	26	26	26	28	31	31	30	31	26	26	31	26	27	28	28	31	27	28	28	29	27	26	26	30	30	26	28	28	30	26	27	31	30	26	29	30	31	28	26	26	31	29	31	26	31	30	26	28	29	30	30	29	27	27	26	29	28	26	26	31	28	26	28	27	29	28	28	28	28	31	31	27	27	26	27	28	29	30	27	29	26	30	29	30	31	26	29	30	29	28	30	27	30	26	30	30	31	29	27	30	30	28	30	28	30	31	29	28	31	28	27	29	30	30	31	31	28	27	27	31	31	31	31	26	31	31	29	27	28	28	28	26	26	29	27	28	27	29	26	30	27	31	28	28	31	28	27	27	26	30	30	28	26	30	28	27	29	28	29	26	31	30	26	30	29	29	26	28	31	26	27	27	27	26	26	27	26	30	29	28	27	27	26	26	29	31	31	27	29	28	27	27	30	26	27	29	29	28	26	27	26	27	30	26	26	28	28	27	29	28	28	31	31	27	30	28	28	31	28	30	30	27	26	28	29	29	31	27	27	27	30	29	30	30	28	28	30	29	29	27	27	26	29	28	27	26	26	26	31	26	31	26	30	26	26	28	30	30	26	30	29	31	28	29	31	28	29	26	31	31	30	27	30	31	30	26	28	29	27	26	28	31	27	27	27	29	26	29	30	29	26	29	26	29	27	26	30	27	29	27	28	30	29	29	27	31	30	26	29	29	30	27	28	29	30	30	27	26	26	26	31	27	29	27	27	27	29	30	31	31	31	26	30	30	26	26	29	31	29	26	26	29	30	29	28	27	29	31	29	28	31	31	28	27	29	27	31	29	27	26	26	30	29	26	28	31	28	30	26	26	29	29	26	31	31	29	27	26	27	27	30	26	29	29	27	30	26	29	26	31	27	28	29	29	27	30	28	31	26	28	26	26	27	27	27	29	27	26	27	31	26	29	29	29	27	29	29	30	26	28	26	28	31	30	28	27	27	28	30	30	31	27	26	27	26	30	28	28	27	28	26	26	26	30	31	30	29	29	26	28	26	28	26	26	26	28	26	28	26	26	28	27	26	30	26	31	28	29	26	27	28	31	29	30	26	31	31	26	28	26	27	30	31	30	28	31	27	26	30	28	30	30	26	26	29	31	31	30	29	30	29	27	30	30	28	28	31	28	29	26	26	29	27	31	28	30	31	30	30	28	26	27	29	26	31	29	28	26	29	27	26	29	27	29	30	27	31	29	30	30	31	30	27	26	30	31	31	26	27	29	28	26	31	29	28	30	30	30	30	31	31	26	26	29	28	29	29	30	27	30	31	30	29	31	27	28	27	30	29	31	30	27	31	31	28	28	26	28	28	29	31	27	29	29	30	29	26	31	26	29	26	31	29	31	27	30	29	26	27	26	26	29	28	30	29	28	28	26	28	29	30	29	28	30	28	30	29	27	26	31	26	29	26	31	28	31	30	30	30	31	27	29	29	29	28	31	28	26	27	27	31	29	28	27	31	26	29	28	29	27	28	30	26	28	31	31	31	28	27	29	26	29	26	30	28	26	30	27	28	26	30	26	30	29	30	31	31	30	30	
89	80	84	86	82	90	81	81	94	79	76	94	85	87	85	86	94	84	81	79	91	85	90	88	83	88	84	80	87	94	94	83	76	85	78	93	87	90	81	93	76	78	83	83	92	92	81	84	93	90	85	91	79	87	77	92	79	92	87	79	82	80	93	85	80	81	92	88	85	94	93	93	93	79	77	86	90	89	94	81	80	79	88	92	94	80	93	90	82	77	87	82	88	94	91	85	94	80	88	91	79	80	79	93	76	84	94	88	82	84	90	86	85	76	79	90	85	82	78	76	78	89	76	84	91	76	81	90	79	84	85	90	86	92	90	91	88	80	79	85	89	80	87	86	94	87	76	77	78	93	83	77	86	79	81	81	92	84	92	92	88	85	92	89	90	81	82	85	84	91	85	85	91	86	82	93	93	93	92	80	82	77	87	88	77	87	86	91	92	84	78	93	87	78	77	83	85	92	89	77	88	81	82	79	76	83	77	91	78	94	76	89	84	83	94	76	81	76	94	88	89	88	85	88	77	85	82	86	79	90	94	88	85	82	85	88	77	85	90	91	88	88	93	79	87	76	91	94	79	76	93	83	92	87	86	91	78	86	83	76	89	78	91	91	76	82	79	92	82	82	83	81	85	91	77	87	93	80	90	79	81	92	87	84	89	85	90	87	90	79	78	76	76	86	87	86	87	92	80	83	78	77	93	94	78	93	76	90	77	90	81	78	94	91	86	84	90	94	77	85	85	80	83	84	86	92	80	79	80	93	78	78	91	93	90	80	89	89	82	83	87	76	90	86	90	79	82	86	87	87	92	86	82	83	85	83	87	83	86	76	94	82	91	85	88	84	94	92	86	82	92	92	84	78	94	89	92	76	87	76	86	84	88	77	87	89	82	82	90	91	86	84	78	83	85	90	82	89	83	76	81	88	88	78	78	76	84	81	84	90	93	92	78	76	90	79	78	86	83	82	92	91	92	83	88	78	82	85	84	76	76	87	89	81	77	78	79	83	93	81	76	79	78	88	83	82	84	92	83	78	94	76	87	90	81	92	90	90	90	92	76	77	77	77	83	93	77	90	87	86	90	91	89	94	85	90	84	77	85	83	81	86	92	92	88	86	82	91	80	86	91	93	92	88	80	91	81	80	79	93	87	84	93	93	93	77	82	87	90	91	86	78	88	90	79	78	92	87	86	94	94	81	82	90	91	76	82	77	87	77	84	77	78	83	87	91	79	76	93	90	77	90	79	89	89	89	82	87	91	90	78	89	76	83	81	94	79	90	78	83	81	83	91	91	87	76	92	83	89	82	91	90	85	93	80	92	85	88	85	92	86	79	83	84	84	92	80	83	79	81	80	77	94	91	91	77	94	91	94	81	83	81	84	94	86	87	76	80	79	81	82	94	81	87	85	76	77	87	88	90	85	94	94	82	82	84	79	90	83	76	84	83	94	93	89	85	76	76	86	81	82	92	82	82	90	83	86	92	77	94	83	82	79	90	77	86	84	93	82	78	79	83	91	80	93	79	90	76	92	90	83	82	94	86	92	87	92	94	86	86	88	85	83	82	90	90	88	83	92	77	77	88	90	78	88	81	90	93	86	83	88	82	82	85	79	76	78	94	90	82	87	85	79	83	94	84	83	77	82	88	81	82	82	92	91	85	87	81	84	86	86	93	87	85	85	84	83	89	87	76	84	85	94	92	91	90	82	81	83	78	94	84	86	79	87	85	83	87	94	77	85	92	92	80	79	86	84	88	80	78	76	91	91	93	77	88	82	82	92	87	81	80	86	90	88	87	86	83	78	79	93	93	81	92	79	93	89	82	79	86	77	84	88	94	80	79	76	84	82	85	77	87	87	94	90	78	85	85	92	86	93	83	88	86	87	81	85	79	92	76	86	93	79	81	84	90	81	90	85	81	93	79	77	83	91	94	87	80	83	93	89	79	92	82	77	88	78	87	87	93	81	85	86	92	88	91	90	86	94	83	77	92	86	93	78	82	85	80	78	81	94	86	76	79	78	82	78	89	91	82	79	86	92	80	87	77	93	87	92	87	78	80	84	88	92	77	78	90	88	86	80	77	87	80	83	85	91	92	80	82	76	89	93	80	87	94	89	90	78	90	83	88	94	90	92	92	94	83	76	86	94	78	86	82	94	94	90	82	87	82	89	86	80	91	85	87	94	82	77	82	82	82	93	79	89	93	89	79	77	86	82	86	78	84	87	76	82	80	76	85	80	80	87	80	91	91	88	80	85	77	90	87	86	77	94	90	87	93	92	90	
33	31.9	14.3	28.6	29.7	19.8	30.8	30.8	30.8	25.3	28.6	25.3	33	27.5	27.5	25.3	30.8	11	25.3	17.6	18.7	26.4	31.9	28.6	25.3	13.2	28.6	24.2	12.1	16.5	19.8	25.3	19.8	19.8	22	18.7	28.6	13.2	29.7	27.5	12.1	16.5	11	11	20.9	31.9	28.6	28.6	13.2	30.8	12.1	20.9	30.8	33	30.8	12.1	25.3	29.7	30.8	24.2	18.7	22	26.4	30.8	29.7	22	14.3	24.2	30.8	26.4	23.1	22	27.5	13.2	27.5	27.5	13.2	33	19.8	12.1	31.9	14.3	29.7	19.8	25.3	15.4	26.4	25.3	18.7	17.6	33	25.3	15.4	22	29.7	14.3	26.4	18.7	33	33	28.6	13.2	30.8	18.7	33	24.2	27.5	27.5	22	19.8	28.6	30.8	20.9	15.4	17.6	14.3	11	33	27.5	25.3	29.7	30.8	13.2	30.8	22	28.6	12.1	26.4	20.9	28.6	16.5	24.2	12.1	11	28.6	33	18.7	22	25.3	27.5	23.1	30.8	22	12.1	30.8	31.9	27.5	23.1	22	26.4	25.3	31.9	11	33	25.3	29.7	25.3	16.5	13.2	18.7	33	14.3	29.7	19.8	17.6	23.1	13.2	27.5	28.6	24.2	23.1	16.5	17.6	30.8	26.4	18.7	22	33	25.3	23.1	26.4	24.2	11	18.7	24.2	14.3	33	12.1	29.7	12.1	31.9	13.2	31.9	25.3	17.6	22	15.4	11	12.1	20.9	17.6	12.1	28.6	28.6	23.1	23.1	20.9	14.3	13.2	25.3	20.9	13.2	25.3	17.6	31.9	23.1	33	26.4	29.7	20.9	20.9	11	31.9	12.1	27.5	22	22	11	14.3	12.1	18.7	12.1	31.9	33	17.6	30.8	24.2	16.5	22	17.6	31.9	25.3	28.6	23.1	13.2	18.7	15.4	16.5	13.2	24.2	12.1	18.7	31.9	31.9	25.3	23.1	18.7	31.9	18.7	19.8	11	33	15.4	23.1	16.5	24.2	31.9	24.2	20.9	30.8	31.9	14.3	16.5	12.1	28.6	13.2	22	22	20.9	17.6	22	25.3	24.2	14.3	11	19.8	23.1	20.9	29.7	26.4	16.5	24.2	19.8	29.7	23.1	27.5	17.6	12.1	13.2	28.6	22	22	11	13.2	20.9	19.8	12.1	16.5	25.3	24.2	31.9	30.8	26.4	15.4	23.1	19.8	13.2	31.9	16.5	30.8	22	19.8	13.2	24.2	22	24.2	20.9	12.1	31.9	12.1	28.6	12.1	14.3	14.3	11	12.1	14.3	18.7	30.8	27.5	14.3	18.7	13.2	30.8	29.7	29.7	33	15.4	28.6	18.7	28.6	13.2	16.5	19.8	33	12.1	11	17.6	29.7	14.3	11	27.5	27.5	24.2	27.5	28.6	18.7	29.7	27.5	20.9	14.3	33	24.2	29.7	13.2	33	23.1	14.3	31.9	17.6	22	12.1	25.3	28.6	33	20.9	31.9	24.2	11	28.6	27.5	16.5	14.3	28.6	26.4	16.5	27.5	29.7	16.5	20.9	14.3	29.7	16.5	25.3	25.3	27.5	19.8	22	13.2	22	25.3	19.8	19.8	15.4	31.9	15.4	26.4	16.5	20.9	27.5	15.4	22	18.7	11	29.7	30.8	11	23.1	14.3	26.4	29.7	19.8	30.8	18.7	30.8	29.7	26.4	12.1	28.6	14.3	12.1	17.6	14.3	24.2	14.3	25.3	13.2	16.5	26.4	27.5	13.2	14.3	31.9	25.3	13.2	23.1	23.1	28.6	14.3	13.2	20.9	17.6	26.4	28.6	29.7	28.6	31.9	31.9	17.6	23.1	28.6	23.1	22	26.4	23.1	13.2	13.2	17.6	20.9	13.2	27.5	24.2	14.3	18.7	23.1	11	17.6	13.2	14.3	29.7	20.9	18.7	27.5	12.1	33	19.8	23.1	20.9	17.6	14.3	25.3	26.4	17.6	15.4	22	16.5	20.9	16.5	25.3	11	23.1	13.2	18.7	22	20.9	28.6	31.9	15.4	27.5	19.8	19.8	25.3	16.5	20.9	33	18.7	16.5	27.5	14.3	16.5	16.5	11	27.5	25.3	22	11	14.3	23.1	20.9	19.8	22	26.4	24.2	16.5	27.5	11	23.1	26.4	28.6	25.3	13.2	27.5	27.5	16.5	11	17.6	15.4	22	24.2	20.9	25.3	15.4	12.1	25.3	20.9	20.9	28.6	20.9	30.8	17.6	16.5	27.5	31.9	29.7	24.2	29.7	23.1	33	17.6	17.6	15.4	18.7	26.4	31.9	19.8	24.2	11	22	12.1	18.7	22	12.1	25.3	11	33	16.5	18.7	16.5	28.6	27.5	25.3	24.2	26.4	27.5	28.6	14.3	20.9	26.4	16.5	13.2	12.1	23.1	20.9	15.4	23.1	13.2	18.7	22	29.7	31.9	30.8	20.9	31.9	20.9	24.2	18.7	31.9	30.8	26.4	33	19.8	19.8	31.9	12.1	12.1	19.8	15.4	28.6	24.2	23.1	20.9	31.9	14.3	26.4	12.1	26.4	30.8	30.8	28.6	26.4	18.7	12.1	12.1	29.7	24.2	20.9	25.3	23.1	15.4	17.6	27.5	17.6	29.7	22	26.4	11	24.2	12.1	28.6	33	19.8	19.8	22	22	29.7	25.3	19.8	18.7	22	28.6	26.4	29.7	18.7	18.7	13.2	25.3	33	24.2	29.7	30.8	22	24.2	22	24.2	30.8	26.4	22	13.2	13.2	25.3	14.3	13.2	12.1	27.5	19.8	22	31.9	11	26.4	33	27.5	12.1	30.8	26.4	31.9	18.7	20.9	28.6	16.5	20.9	15.4	14.3	18.7	12.1	12.1	14.3	33	18.7	15.4	14.3	24.2	18.7	15.4	31.9	30.8	16.5	14.3	17.6	11	15.4	17.6	15.4	18.7	20.9	16.5	23.1	33	19.8	20.9	26.4	26.4	20.9	28.6	25.3	28.6	28.6	29.7	24.2	24.2	23.1	31.9	28.6	26.4	28.6	12.1	12.1	19.8	28.6	18.7	26.4	28.6	12.1	18.7	18.7	29.7	18.7	14.3	30.8	14.3	16.5	30.8	15.4	26.4	20.9	29.7	31.9	31.9	11	20.9	17.6	15.4	18.7	25.3	25.3	24.2	12.1	15.4	12.1	12.1	27.5	28.6	17.6	31.9	15.4	12.1	30.8	18.7	18.7	27.5	26.4	20.9	30.8	28.6	19.8	13.2	12.1	33	20.9	25.3	20.9	33	33	24.2	12.1	20.9	15.4	27.5	14.3	18.7	31.9	18.7	22	28.6	17.6	19.8	25.3	12.1	25.3	18.7	25.3	31.9	16.5	29.7	17.6	23.1	15.4	17.6	11	17.6	26.4	11	22	26.4	11	28.6	17.6	29.7	15.4	12.1	27.5	14.3	23.1	28.6	29.7	20.9	30.8	24.2	33	29.7	27.5	16.5	20.9	17.6	20.9	22	20.9	24.2	20.9	15.4	27.5	24.2	28.6	22	26.4	26.4	12.1	22	20.9	14.3	27.5	16.5	15.4	30.8	33	24.2	33	33	22	27.5	28.6	31.9	17.6	13.2	18.7	12.1	23.1	22	28.6	14.3	12.1	18.7	18.7	24.2	23.1	16.5	12.1	17.6	33	19.8	22	19.8	31.9	23.1	17.6	23.1	14.3	17.6	15.4	22	20.9	19.8	12.1	30.8	23.1	13.2	20.9	17.6	11	19.8	29.7	33	23.1	26.4	31.9	15.4	23.1	23.1	28.6	29.7	27.5	12.1	23.1	13.2	16.5	23.1	13.2	24.2	13.2	24.2	17.6	27.5	26.4	31.9	33	15.4	16.5	15.4	19.8	33	13.2	19.8	33	22	27.5	24.2	24.2	23.1	19.8	29.7	31.9	18.7	16.5	15.4	28.6	30.8	29.7	31.9	28.6	25.3	18.7	11	22	29.7	28.6	25.3	24.2	27.5	19.8	27.5	15.4	
11	20.9	30.8	25.3	28.6	23.1	29.7	18.7	27.5	15.4	31.9	16.5	17.6	27.5	13.2	33	20.9	22	25.3	18.7	11	13.2	29.7	28.6	23.1	24.2	26.4	20.9	17.6	28.6	15.4	29.7	14.3	15.4	19.8	20.9	30.8	25.3	31.9	12.1	22	13.2	29.7	17.6	16.5	30.8	19.8	33	20.9	13.2	25.3	20.9	11	23.1	20.9	15.4	12.1	13.2	22	26.4	14.3	19.8	13.2	12.1	27.5	20.9	23.1	28.6	16.5	25.3	18.7	14.3	15.4	23.1	18.7	26.4	26.4	25.3	22	11	15.4	13.2	33	31.9	26.4	15.4	15.4	16.5	11	17.6	16.5	11	26.4	27.5	26.4	25.3	24.2	27.5	30.8	20.9	29.7	18.7	33	16.5	24.2	28.6	13.2	11	23.1	30.8	12.1	27.5	12.1	28.6	33	22	24.2	17.6	18.7	18.7	17.6	28.6	33	18.7	17.6	19.8	28.6	23.1	24.2	16.5	24.2	19.8	26.4	22	27.5	12.1	19.8	22	13.2	23.1	22	30.8	29.7	30.8	30.8	23.1	33	27.5	33	16.5	12.1	17.6	33	20.9	20.9	24.2	17.6	18.7	14.3	24.2	22	28.6	14.3	27.5	23.1	33	14.3	20.9	27.5	28.6	31.9	18.7	24.2	19.8	31.9	14.3	30.8	14.3	14.3	29.7	28.6	15.4	19.8	15.4	13.2	30.8	31.9	22	19.8	23.1	13.2	25.3	31.9	16.5	13.2	27.5	13.2	25.3	15.4	17.6	17.6	14.3	30.8	19.8	25.3	31.9	25.3	13.2	15.4	16.5	17.6	33	11	25.3	11	12.1	31.9	29.7	28.6	31.9	15.4	29.7	31.9	18.7	16.5	24.2	29.7	19.8	28.6	27.5	30.8	22	22	27.5	11	27.5	15.4	27.5	15.4	20.9	14.3	14.3	27.5	14.3	25.3	30.8	12.1	26.4	17.6	28.6	31.9	19.8	26.4	17.6	33	30.8	17.6	15.4	28.6	14.3	15.4	11	15.4	28.6	11	14.3	17.6	28.6	24.2	27.5	27.5	30.8	23.1	31.9	22	30.8	27.5	11	18.7	26.4	33	12.1	13.2	18.7	16.5	14.3	33	14.3	12.1	11	26.4	13.2	17.6	23.1	15.4	18.7	13.2	16.5	31.9	18.7	17.6	26.4	29.7	13.2	25.3	11	14.3	16.5	15.4	24.2	22	26.4	28.6	30.8	26.4	17.6	11	27.5	27.5	16.5	28.6	22	26.4	25.3	20.9	28.6	11	20.9	13.2	31.9	13.2	31.9	18.7	12.1	13.2	25.3	30.8	15.4	11	23.1	30.8	22	23.1	29.7	28.6	16.5	22	29.7	26.4	12.1	20.9	33	33	22	19.8	33	24.2	31.9	25.3	25.3	13.2	19.8	27.5	12.1	18.7	33	22	26.4	31.9	22	24.2	16.5	12.1	17.6	33	18.7	11	16.5	13.2	17.6	20.9	23.1	27.5	13.2	27.5	26.4	20.9	11	28.6	26.4	11	16.5	20.9	17.6	28.6	28.6	15.4	18.7	31.9	15.4	18.7	14.3	12.1	33	30.8	18.7	22	28.6	27.5	25.3	27.5	31.9	31.9	20.9	25.3	12.1	22	13.2	25.3	27.5	26.4	13.2	17.6	26.4	14.3	31.9	16.5	26.4	16.5	28.6	26.4	11	26.4	20.9	27.5	14.3	15.4	12.1	12.1	23.1	12.1	24.2	17.6	16.5	11	17.6	23.1	18.7	14.3	16.5	31.9	11	20.9	28.6	13.2	29.7	23.1	14.3	24.2	22	31.9	26.4	20.9	25.3	20.9	13.2	24.2	26.4	14.3	33	33	25.3	17.6	28.6	17.6	12.1	20.9	13.2	28.6	26.4	14.3	26.4	22	24.2	20.9	25.3	14.3	24.2	17.6	11	25.3	22	30.8	11	29.7	30.8	18.7	31.9	31.9	11	31.9	11	24.2	19.8	29.7	31.9	28.6	27.5	25.3	17.6	22	17.6	28.6	13.2	15.4	30.8	20.9	30.8	33	12.1	20.9	20.9	25.3	18.7	12.1	24.2	24.2	24.2	33	31.9	19.8	16.5	20.9	18.7	12.1	24.2	29.7	29.7	31.9	11	15.4	28.6	18.7	19.8	24.2	28.6	28.6	25.3	11	11	28.6	20.9	27.5	28.6	17.6	20.9	31.9	26.4	12.1	30.8	15.4	11	22	14.3	30.8	31.9	18.7	18.7	27.5	16.5	25.3	23.1	12.1	16.5	33	13.2	19.8	16.5	20.9	30.8	30.8	13.2	20.9	16.5	14.3	31.9	14.3	31.9	15.4	25.3	24.2	22	28.6	33	12.1	16.5	11	22	25.3	26.4	26.4	15.4	12.1	19.8	29.7	27.5	27.5	22	29.7	23.1	13.2	31.9	16.5	11	15.4	31.9	33	24.2	19.8	33	17.6	18.7	15.4	11	25.3	15.4	12.1	25.3	31.9	27.5	28.6	28.6	24.2	11	17.6	28.6	14.3	31.9	22	27.5	18.7	30.8	30.8	22	33	20.9	20.9	22	20.9	33	14.3	29.7	33	27.5	28.6	28.6	14.3	18.7	29.7	13.2	14.3	33	20.9	19.8	28.6	13.2	16.5	29.7	25.3	20.9	30.8	31.9	19.8	14.3	33	18.7	17.6	26.4	33	18.7	14.3	26.4	30.8	11	30.8	11	22	18.7	24.2	33	28.6	12.1	24.2	25.3	22	13.2	13.2	19.8	23.1	11	16.5	33	23.1	15.4	11	15.4	25.3	11	25.3	17.6	19.8	20.9	23.1	22	20.9	20.9	29.7	14.3	11	12.1	17.6	33	30.8	14.3	31.9	13.2	27.5	29.7	12.1	25.3	23.1	16.5	24.2	23.1	20.9	25.3	11	11	27.5	18.7	11	16.5	11	14.3	23.1	12.1	30.8	29.7	14.3	29.7	24.2	31.9	13.2	26.4	12.1	25.3	18.7	16.5	16.5	11	26.4	14.3	13.2	14.3	17.6	30.8	26.4	18.7	15.4	27.5	27.5	19.8	18.7	26.4	25.3	20.9	17.6	27.5	26.4	30.8	18.7	24.2	23.1	16.5	27.5	19.8	33	25.3	27.5	18.7	24.2	30.8	20.9	26.4	16.5	12.1	20.9	20.9	27.5	27.5	30.8	25.3	29.7	15.4	27.5	29.7	15.4	23.1	31.9	15.4	31.9	24.2	17.6	11	24.2	17.6	29.7	14.3	18.7	12.1	22	16.5	24.2	27.5	24.2	22	29.7	20.9	33	20.9	22	28.6	16.5	20.9	28.6	31.9	33	23.1	33	12.1	27.5	12.1	24.2	29.7	12.1	28.6	23.1	18.7	23.1	12.1	33	23.1	26.4	26.4	17.6	11	29.7	13.2	27.5	24.2	33	19.8	18.7	25.3	13.2	14.3	28.6	33	20.9	29.7	14.3	14.3	30.8	17.6	28.6	33	27.5	31.9	14.3	23.1	27.5	20.9	25.3	33	17.6	15.4	15.4	27.5	23.1	11	18.7	26.4	14.3	13.2	20.9	28.6	20.9	24.2	18.7	15.4	30.8	20.9	23.1	30.8	13.2	12.1	27.5	30.8	23.1	27.5	27.5	22	33	19.8	29.7	29.7	25.3	29.7	28.6	18.7	20.9	15.4	17.6	27.5	22	23.1	31.9	18.7	19.8	11	16.5	20.9	24.2	31.9	26.4	15.4	13.2	12.1	27.5	31.9	19.8	19.8	15.4	17.6	15.4	31.9	24.2	12.1	15.4	26.4	27.5	26.4	18.7	26.4	16.5	16.5	27.5	20.9	26.4	19.8	13.2	33	26.4	18.7	25.3	19.8	30.8	16.5	30.8	31.9	25.3	27.5	12.1	20.9	29.7	26.4	33	13.2	11	25.3	15.4	22	14.3	13.2	14.3	27.5	15.4	19.8	18.7	20.9	31.9	22	25.3	24.2	28.6	28.6	33	20.9	13.2	31.9	
29.7	26.4	25.3	30.8	25.3	27.5	28.6	20.9	14.3	24.2	30.8	11	22	30.8	22	
12	19	19	14	15	16	18	20	10	16	15	11	20	17	15	11	16	20	18	18	19	14	18	14	17	15	11	10	15	15	10	20	14	10	14	20	18	14	19	10	19	19	10	12	14	15	10	20	16	10	10	10	16	20	10	20	19	16	12	10	15	10	15	10	16	17	20	17	17	15	14	16	19	18	20	19	17	13	17	12	18	15	10	17	17	14	12	13	14	15	16	18	15	13	14	14	19	15	17	20	17	15	17	11	15	18	13	19	18	13	16	15	19	19	20	18	12	13	15	10	20	19	18	10	20	10	11	14	14	11	17	12	16	17	18	19	20	12	16	16	18	18	12	10	17	12	16	17	15	14	13	15	12	16	10	11	13	13	20	12	18	11	19	19	14	13	15	17	20	10	16	18	18	14	10	18	19	10	19	14	14	16	16	16	20	11	18	14	11	14	11	19	13	16	15	10	11	16	16	18	16	11	12	15	12	18	11	10	14	19	15	16	19	10	17	18	14	10	11	19	15	20	20	16	10	10	12	13	12	15	17	14	10	11	14	10	11	20	10	17	19	20	20	16	14	16	13	18	17	20	14	18	17	16	19	11	14	15	14	20	11	16	19	13	13	12	20	19	16	19	19	13	14	14	15	10	18	18	20	20	18	11	18	17	10	18	17	13	20	12	17	19	19	18	19	19	20	13	15	17	18	12	12	15	10	17	16	16	14	15	19	15	11	20	15	15	18	12	17	18	11	10	17	19	20	20	11	13	10	10	18	16	13	16	13	10	18	18	19	11	16	20	17	18	20	10	18	11	16	13	12	18	11	20	10	17	11	10	10	12	11	19	13	14	13	10	11	20	16	15	13	17	14	20	14	20	20	14	13	14	13	15	10	12	19	17	13	20	10	11	14	11	14	11	13	13	15	17	19	12	18	12	15	20	16	13	20	20	18	17	15	19	17	16	11	15	13	11	17	14	13	12	16	15	15	18	19	12	15	18	16	20	15	12	16	18	13	19	11	14	10	13	14	16	18	16	18	11	17	13	17	10	16	11	17	16	18	20	11	17	16	12	15	20	18	17	16	10	16	16	15	17	10	12	20	14	13	20	17	12	17	11	20	17	15	10	14	14	11	13	17	10	20	11	20	15	11	14	13	17	12	11	12	13	18	19	13	12	20	18	13	17	13	17	12	16	19	17	13	17	11	16	11	16	11	12	17	11	17	15	13	11	10	18	12	11	17	10	18	17	11	11	12	19	11	11	14	12	14	11	15	10	12	12	16	11	11	15	13	16	19	11	15	20	14	19	17	14	15	19	20	10	17	18	12	12	10	13	11	10	12	19	13	10	15	15	14	16	11	12	10	10	11	12	11	14	10	13	16	14	11	17	19	19	11	17	12	13	20	16	20	10	10	11	16	16	12	11	16	20	20	13	17	19	17	15	20	18	11	13	18	12	16	17	10	16	12	19	12	15	10	13	19	16	18	20	15	18	17	17	18	17	10	12	19	16	10	18	13	18	14	17	11	12	11	15	10	20	17	15	19	18	16	15	12	10	19	19	20	13	15	14	15	12	18	12	14	18	19	16	15	14	12	14	15	10	20	17	18	17	10	17	10	17	17	18	13	12	18	11	19	20	18	19	13	16	15	15	13	14	17	12	10	19	20	11	16	18	13	17	18	13	20	15	10	10	10	15	19	19	20	17	19	12	18	19	16	15	19	20	13	15	11	17	17	17	14	19	15	17	14	17	18	19	19	10	17	16	17	12	14	10	13	15	12	20	11	13	14	13	16	18	15	19	13	14	10	18	10	17	14	18	20	12	11	18	12	20	13	16	13	11	19	14	17	11	17	15	15	20	15	11	10	18	14	15	12	17	20	13	16	20	10	10	17	20	17	12	18	12	12	16	13	19	11	12	10	18	11	19	20	18	14	20	14	10	11	19	18	20	16	19	10	19	14	14	13	19	20	15	16	20	10	19	18	12	12	19	15	17	16	16	11	11	16	17	15	19	15	12	17	19	16	14	17	12	20	12	12	17	16	13	14	12	12	20	16	16	17	18	15	19	12	19	14	20	14	19	10	11	14	16	17	16	11	12	18	18	16	20	16	14	19	10	14	11	17	14	12	19	19	11	14	10	18	13	12	12	13	11	20	10	13	13	20	20	14	13	11	14	13	10	12	17	19	16	19	15	19	15	18	17	13	13	13	14	20	14	14	18	15	19	12	12	17	15	11	20	19	14	15	16	20	20	11	17	10	18	19	19	12	13	20	15	16	13	18	13	12	10	
1	1	1	1	1	1	1	1	1	1	1	1	1	1	1	1	1	1	1	1	1	1	1	1	1	1	1	1	1	1	1	1	1	1	1	1	1	1	1	1	1	1	1	1	1	1	1	1	1	1	1	1	1	1	1	1	1	1	1	1	1	1	1	1	1	1	1	1	2	2	2	2	2	2	2	2	2	2	2	2	2	2	2	2	2	2	2	2	2	2	2	2	2	2	2	2	2	2	2	2	2	2	2	2	2	2	2	2	2	2	2	2	2	2	2	2	2	2	2	2	2	2	2	2	2	2	2	2	2	2	2	2	2	2	2	2	2	2	2	2	3	3	3	3	3	3	3	3	3	3	3	3	3	3	3	3	3	3	3	3	3	3	3	3	3	3	3	3	3	3	3	3	3	3	3	3	3	3	3	3	3	3	3	3	3	3	3	3	3	3	3	3	3	3	3	3	3	3	3	3	4	4	4	4	4	4	4	4	4	4	4	4	4	4	4	4	4	4	4	4	4	4	4	4	4	4	4	4	4	4	4	4	4	4	4	4	4	4	4	4	4	4	4	4	4	4	4	4	4	4	4	4	4	4	4	4	4	4	4	4	4	4	4	4	4	4	4	4	4	5	5	5	5	5	5	5	5	5	5	5	5	5	5	5	5	5	5	5	5	5	5	5	5	5	5	5	5	5	5	5	5	5	5	5	5	5	5	5	5	5	5	5	5	5	5	5	5	5	5	5	5	5	5	5	5	5	5	5	5	5	5	5	6	6	6	6	6	6	6	6	6	6	6	6	6	6	6	6	6	6	6	6	6	6	6	6	6	6	6	6	6	6	6	6	6	6	6	6	6	6	6	6	6	6	6	6	6	6	6	6	6	6	6	6	6	6	6	6	6	6	6	6	6	6	6	6	6	6	7	7	7	7	7	7	7	7	7	7	7	7	7	7	7	7	7	7	7	7	7	7	7	7	7	7	7	7	7	7	7	7	7	7	7	7	7	7	7	7	7	7	7	7	7	7	7	7	7	7	7	7	7	7	7	7	7	7	7	7	7	7	7	7	7	7	7	7	7	7	8	8	8	8	8	8	8	8	8	8	8	8	8	8	8	8	8	8	8	8	8	8	8	8	8	8	8	8	8	8	8	8	8	8	8	8	8	8	8	8	8	8	8	8	8	8	8	8	8	8	8	8	8	8	8	8	8	8	8	8	8	8	8	8	8	8	8	8	8	8	9	9	9	9	9	9	9	9	9	9	9	9	9	9	9	9	9	9	9	9	9	9	9	9	9	9	9	9	9	9	9	9	9	9	9	9	9	9	9	9	9	9	9	9	9	9	9	9	9	9	9	9	9	9	9	9	10	10	10	10	10	10	10	10	10	10	10	10	10	10	10	10	10	10	10	10	10	10	10	10	10	10	10	10	10	10	10	10	10	10	10	10	10	10	10	10	10	10	10	10	10	10	10	10	10	10	10	10	10	10	10	10	10	10	10	10	10	10	10	10	10	10	10	10	10	10	10	10	10	10	10	11	11	11	11	11	11	11	11	11	11	11	11	11	11	11	11	11	11	11	11	11	11	11	11	11	11	11	11	11	11	11	11	11	11	11	11	11	11	11	11	11	11	11	11	11	11	11	11	11	11	11	11	11	11	11	11	12	12	12	12	12	12	12	12	12	12	12	12	12	12	12	12	12	12	12	12	12	12	12	12	12	12	12	12	12	12	12	12	12	12	12	12	12	12	12	12	12	12	12	12	12	12	12	12	12	12	12	12	12	12	12	12	12	12	12	12	12	12	12	12	12	12	12	12	12	12	12	12	12	12	12	12	12	13	13	13	13	13	13	13	13	13	13	13	13	13	13	13	13	13	13	13	13	13	13	13	13	13	13	13	13	13	13	13	13	13	13	13	13	13	13	13	13	13	13	13	13	13	13	13	13	13	13	13	13	13	13	13	14	14	14	14	14	14	14	14	14	14	14	14	14	14	14	14	14	14	14	14	14	14	14	14	14	14	14	14	14	14	14	14	14	14	14	14	14	14	14	14	14	14	14	14	14	14	14	14	14	14	14	14	14	14	14	14	14	14	14	14	14	14	14	14	14	15	15	15	15	15	15	15	15	15	15	15	15	15	15	15	15	15	15	15	15	15	15	15	15	15	15	15	15	15	15	15	15	15	15	15	15	15	15	15	15	15	15	15	15	15	15	15	15	15	15	15	15	15	15	15	15	15	15	15	15	15	15	15	15	15	15	15	15	15	15	15	15	15	15	15	15	15	15	
