1000
30	8
505	24.2
28	29	30	26	31	31	30	28	27	26	26	28	26	29	26	26	31	30	27	27	30	28	27	29	28	29	30	29	26	28	26	26	29	27	31	29	28	29	28	29	31	31	27	27	28	27	29	30	29	29	29	28	26	29	29	30	28	29	31	30	26	31	28	28	31	31	28	29	26	29	28	27	29	30	29	31	27	27	30	31	30	29	26	30	27	27	28	30	26	29	31	30	26	26	27	28	31	30	28	29	27	29	26	30	31	29	26	27	26	30	27	26	31	27	29	31	27	27	26	29	26	29	30	31	31	26	26	26	30	30	30	27	30	30	28	29	29	29	31	27	31	31	26	30	26	26	31	31	31	27	28	30	27	31	28	28	30	30	27	28	28	27	28	29	30	30	27	26	26	27	28	30	27	30	28	28	27	30	27	28	26	28	29	27	27	31	31	27	27	31	27	28	28	26	31	31	29	30	31	28	26	28	31	30	27	26	31	26	29	28	28	29	26	26	27	28	30	30	30	26	28	26	28	29	29	31	30	31	27	31	30	30	26	29	28	30	31	31	30	29	31	29	31	27	30	27	31	30	30	26	31	28	29	29	29	28	28	28	29	28	27	28	27	26	30	27	28	30	26	30	31	29	31	27	26	26	29	27	26	26	31	30	31	27	30	30	30	27	27	27	29	31	31	29	30	27	26	29	27	29	28	27	27	27	29	27	26	29	27	28	28	29	27	28	30	31	29	28	28	27	27	28	29	26	26	31	26	28	29	31	30	28	27	27	28	31	31	30	31	27	26	26	29	31	28	29	30	28	27	28	28	30	27	27	29	26	30	26	31	31	26	31	29	27	30	29	28	29	27	29	28	31	30	29	28	31	26	28	26	30	26	28	26	27	27	29	30	31	30	26	31	30	27	31	30	26	30	28	29	28	31	29	31	29	31	29	27	29	26	28	28	26	28	30	31	31	26	26	29	31	30	29	28	29	31	28	28	30	28	29	26	31	31	26	31	31	29	26	26	26	26	29	30	27	31	30	30	29	27	27	28	29	30	31	27	27	27	31	31	30	27	30	28	26	30	28	31	31	26	28	30	30	30	27	31	26	31	30	28	28	31	27	30	29	27	29	27	30	31	31	30	26	26	26	28	27	27	28	30	31	27	30	29	30	27	30	28	31	26	26	31	28	31	30	31	27	27	28	29	28	30	28	29	30	27	31	31	30	27	29	26	28	30	28	26	31	26	27	30	28	27	30	30	26	28	31	26	28	27	31	26	28	29	26	30	29	28	30	30	27	26	30	31	27	31	26	26	29	29	26	31	31	28	28	26	26	27	31	27	28	27	29	28	31	26	31	26	27	26	30	26	30	28	31	28	26	29	26	28	27	30	31	29	26	27	31	26	31	29	30	31	27	28	26	26	28	29	29	31	30	27	29	29	31	27	27	28	30	31	31	26	26	27	30	31	26	26	30	29	31	26	30	28	29	26	28	26	27	31	30	31	28	30	29	31	28	31	28	31	28	28	27	30	31	28	30	26	27	30	29	29	28	27	28	27	27	29	28	28	29	31	26	29	28	28	29	30	29	29	30	26	31	27	26	29	28	26	26	28	28	27	28	27	30	27	30	30	27	28	31	27	29	31	31	30	29	31	28	29	31	29	28	28	28	28	26	29	31	28	31	27	28	29	26	31	27	29	30	30	29	28	28	27	27	30	28	29	30	28	29	28	29	29	30	31	27	29	30	30	30	27	27	26	26	28	31	28	26	29	30	28	29	29	28	28	29	26	30	27	28	26	28	29	28	31	30	30	26	29	27	31	27	30	29	29	26	27	26	30	29	26	28	31	29	30	30	29	26	28	29	28	27	30	28	31	29	29	26	26	26	27	31	29	31	31	26	31	26	27	29	31	28	30	26	31	29	26	27	31	28	26	29	26	31	26	30	26	28	27	27	27	28	29	27	31	26	30	31	27	26	31	29	29	29	31	26	31	28	28	28	26	31	26	30	28	27	31	27	30	29	29	31	31	29	29	27	26	26	28	28	28	27	26	27	31	28	30	26	31	28	26	29	26	27	29	27	28	28	31	27	26	26	28	31	26	26	27	30	27	27	26	26	31	29	26	30	27	26	30	26	31	28	27	27	26	31	26	31	27	29	29	28	27	30	27	28	30	31	31	29	27	28	29	28	31	27	29	28	30	26	31	28	29	31	29	31	28	28	29	28	29	30	31	30	29	27	26	30	30	28	31	27	28	26	29	29	28	27	31	31	30	28	28	26	28	31	30	28	26	27	
78	85	80	87	84	76	83	94	77	78	91	84	84	87	94	92	79	91	85	81	76	89	85	91	86	83	78	88	83	90	86	90	94	92	87	94	77	90	81	92	94	84	87	80	86	84	81	90	80	79	76	82	88	94	81	89	94	90	84	87	80	91	92	93	94	91	78	89	86	79	90	86	85	90	77	78	88	86	90	76	92	89	87	90	89	81	79	93	91	80	86	81	76	89	83	78	77	81	76	79	77	83	91	83	91	85	78	80	87	79	85	89	83	89	85	78	90	87	82	91	78	87	76	85	78	92	82	78	79	82	88	89	78	88	90	80	83	91	76	88	78	86	91	79	77	93	85	89	89	85	91	81	92	90	81	85	87	90	84	88	77	90	94	80	81	85	91	91	85	78	89	91	85	82	84	90	92	85	79	93	82	82	77	81	85	93	90	89	94	88	81	83	81	80	87	93	91	76	81	92	84	80	90	94	88	93	80	92	89	85	82	92	94	81	87	85	86	81	76	93	78	93	86	83	86	88	90	83	88	85	89	85	84	79	83	80	78	77	94	76	93	90	76	91	81	87	94	77	86	88	79	88	84	83	80	80	80	81	78	82	81	85	84	86	87	77	86	85	79	90	91	80	80	80	89	78	94	93	83	85	79	87	77	89	85	83	87	93	77	86	88	87	82	90	91	86	76	81	81	83	93	79	77	84	85	80	94	88	88	87	81	89	92	80	79	90	88	82	89	77	89	86	93	76	89	92	90	87	82	83	91	93	83	94	87	94	92	91	94	82	93	94	90	91	78	78	80	78	81	89	88	90	91	91	78	85	80	91	81	85	90	83	84	81	79	86	88	90	86	87	82	88	82	80	76	83	91	89	90	91	90	76	78	79	76	81	90	84	82	90	84	85	91	86	76	77	78	88	91	92	82	79	89	87	94	81	80	77	81	88	90	92	90	88	93	90	78	77	83	86	79	84	93	86	89	83	76	76	77	82	80	92	89	89	92	81	78	80	76	88	78	81	89	94	94	77	80	82	82	81	83	86	76	87	90	94	80	86	78	86	76	77	87	80	81	86	89	93	93	80	82	81	86	81	86	85	90	86	86	89	78	92	89	92	90	84	87	83	78	90	91	90	82	86	84	89	77	83	80	78	77	77	81	81	91	88	91	93	94	92	94	81	82	78	78	83	94	84	93	77	87	80	93	94	82	89	91	86	93	76	80	76	79	86	80	79	84	78	83	79	81	82	81	88	88	93	93	88	91	83	78	87	86	77	80	80	94	92	83	85	94	83	91	92	89	85	82	94	88	80	84	90	76	93	87	94	78	83	82	76	79	84	90	78	93	89	80	81	83	89	76	83	80	94	82	76	79	81	86	91	82	77	93	79	92	81	91	89	85	93	94	94	86	91	79	78	77	91	82	81	89	87	88	85	79	91	82	90	81	87	92	80	90	77	89	87	85	92	85	91	83	84	83	81	89	93	83	91	90	80	92	82	82	85	82	82	82	86	83	76	92	89	88	77	83	82	91	76	79	94	88	84	76	83	91	93	86	77	85	84	80	89	88	82	94	90	83	79	86	93	86	91	77	82	93	94	85	84	86	92	83	83	76	81	80	86	83	83	77	81	82	92	82	93	92	88	77	83	91	89	77	77	89	90	83	82	79	91	77	78	83	87	85	79	87	94	76	86	87	93	81	85	89	86	84	90	81	79	78	89	77	94	85	93	92	83	89	84	88	79	90	79	87	90	78	81	76	81	76	80	94	92	76	87	92	89	94	89	86	87	92	82	88	86	88	80	94	82	87	89	81	86	92	81	90	90	79	77	87	78	78	89	76	85	94	80	87	76	76	90	77	82	79	84	86	83	86	80	90	94	87	90	79	85	84	85	82	90	86	84	87	89	76	78	83	78	86	90	78	89	93	85	81	79	88	83	82	77	84	91	84	92	77	77	90	77	76	89	76	81	86	88	87	80	82	89	81	86	82	82	84	80	89	87	88	93	77	79	90	94	88	81	86	91	89	88	77	82	76	86	93	86	88	76	90	80	91	87	78	92	84	88	81	87	92	90	76	80	93	82	83	78	89	76	91	92	94	82	88	82	90	87	85	89	79	93	81	82	83	93	93	76	89	82	85	85	89	76	89	93	88	84	88	87	92	85	77	86	78	86	82	88	78	93	78	76	83	76	88	87	81	90	93	81	84	91	83	85	83	90	86	92	94	90	88	86	88	94	92	89	76	83	79	83	92	87	83	90	87	89	76	79	81	85	85	88	79	88	84	84	
27.5	24.2	30.8	20.9	30.8	17.6	12.1	27.5	22	26.4	14.3	23.1	25.3	16.5	27.5	18.7	20.9	11	16.5	19.8	25.3	25.3	27.5	20.9	29.7	24.2	24.2	23.1	11	26.4	22	15.4	29.7	19.8	11	22	29.7	29.7	24.2	17.6	12.1	12.1	27.5	26.4	14.3	12.1	31.9	18.7	11	26.4	18.7	13.2	13.2	13.2	28.6	26.4	13.2	12.1	30.8	26.4	29.7	15.4	33	12.1	27.5	14.3	13.2	22	16.5	33	22	25.3	17.6	25.3	16.5	27.5	12.1	11	11	15.4	24.2	22	12.1	20.9	12.1	17.6	29.7	20.9	15.4	16.5	29.7	12.1	26.4	26.4	29.7	31.9	15.4	29.7	15.4	12.1	18.7	29.7	33	29.7	11	25.3	24.2	11	12.1	20.9	12.1	33	30.8	18.7	28.6	13.2	14.3	30.8	17.6	30.8	22	13.2	11	11	18.7	13.2	31.9	11	31.9	26.4	33	18.7	16.5	28.6	11	28.6	11	27.5	11	26.4	19.8	26.4	16.5	11	25.3	13.2	25.3	24.2	23.1	28.6	18.7	14.3	30.8	18.7	18.7	28.6	16.5	27.5	12.1	15.4	13.2	31.9	14.3	19.8	24.2	16.5	16.5	26.4	11	16.5	33	20.9	16.5	12.1	17.6	29.7	16.5	11	15.4	26.4	26.4	13.2	26.4	20.9	24.2	19.8	20.9	15.4	22	13.2	16.5	15.4	12.1	33	15.4	15.4	30.8	26.4	27.5	14.3	12.1	11	14.3	12.1	18.7	22	29.7	12.1	24.2	15.4	33	31.9	19.8	27.5	12.1	31.9	28.6	19.8	31.9	18.7	30.8	26.4	29.7	16.5	27.5	18.7	17.6	11	13.2	24.2	30.8	28.6	17.6	14.3	11	18.7	18.7	22	33	13.2	15.4	20.9	20.9	12.1	17.6	33	27.5	26.4	15.4	16.5	20.9	24.2	28.6	33	12.1	14.3	16.5	19.8	12.1	17.6	31.9	20.9	24.2	23.1	26.4	29.7	30.8	27.5	16.5	15.4	13.2	26.4	19.8	28.6	18.7	18.7	33	12.1	23.1	25.3	18.7	13.2	31.9	19.8	22	19.8	23.1	13.2	19.8	22	33	22	33	23.1	14.3	28.6	14.3	33	28.6	11	27.5	11	25.3	31.9	14.3	24.2	19.8	29.7	29.7	24.2	12.1	19.8	24.2	15.4	30.8	14.3	26.4	17.6	16.5	30.8	28.6	16.5	13.2	27.5	15.4	17.6	13.2	14.3	13.2	18.7	12.1	18.7	15.4	17.6	19.8	22	15.4	22	17.6	31.9	33	25.3	20.9	11	27.5	31.9	31.9	18.7	33	27.5	11	33	30.8	28.6	15.4	22	26.4	20.9	30.8	13.2	25.3	27.5	24.2	16.5	14.3	15.4	28.6	29.7	33	26.4	33	20.9	20.9	31.9	25.3	28.6	30.8	31.9	29.7	20.9	30.8	12.1	22	14.3	14.3	24.2	28.6	30.8	25.3	11	33	12.1	20.9	25.3	29.7	16.5	26.4	33	30.8	13.2	12.1	33	11	20.9	17.6	33	13.2	15.4	16.5	13.2	31.9	12.1	14.3	30.8	26.4	24.2	19.8	16.5	18.7	30.8	25.3	28.6	17.6	13.2	31.9	30.8	18.7	25.3	28.6	13.2	28.6	11	14.3	20.9	26.4	31.9	19.8	23.1	29.7	24.2	16.5	23.1	20.9	28.6	27.5	13.2	31.9	15.4	31.9	28.6	19.8	23.1	11	11	22	31.9	20.9	14.3	12.1	13.2	33	13.2	22	16.5	11	33	15.4	19.8	23.1	31.9	25.3	16.5	18.7	27.5	22	19.8	13.2	26.4	29.7	23.1	12.1	24.2	22	20.9	27.5	12.1	27.5	11	27.5	29.7	23.1	20.9	22	13.2	33	22	25.3	18.7	19.8	12.1	15.4	22	20.9	13.2	12.1	22	19.8	30.8	26.4	17.6	18.7	15.4	24.2	18.7	27.5	17.6	33	26.4	18.7	28.6	31.9	18.7	15.4	15.4	22	19.8	26.4	27.5	31.9	12.1	13.2	30.8	23.1	28.6	18.7	23.1	11	25.3	24.2	13.2	25.3	23.1	22	14.3	22	24.2	23.1	25.3	29.7	20.9	29.7	27.5	23.1	27.5	20.9	13.2	27.5	31.9	20.9	11	20.9	28.6	12.1	13.2	16.5	20.9	17.6	12.1	12.1	11	15.4	14.3	13.2	11	24.2	27.5	11	28.6	16.5	17.6	31.9	12.1	33	31.9	20.9	28.6	11	11	19.8	20.9	15.4	15.4	12.1	30.8	16.5	22	27.5	19.8	29.7	30.8	25.3	18.7	25.3	33	17.6	12.1	25.3	19.8	29.7	30.8	11	28.6	11	13.2	26.4	18.7	20.9	27.5	23.1	19.8	19.8	13.2	15.4	22	13.2	24.2	33	19.8	24.2	28.6	30.8	13.2	16.5	31.9	11	31.9	12.1	28.6	27.5	15.4	27.5	20.9	28.6	29.7	22	12.1	30.8	19.8	14.3	19.8	11	11	31.9	14.3	25.3	16.5	14.3	33	12.1	22	16.5	15.4	27.5	23.1	31.9	12.1	14.3	25.3	22	17.6	28.6	22	22	13.2	26.4	17.6	14.3	24.2	14.3	18.7	20.9	12.1	20.9	19.8	12.1	31.9	14.3	13.2	20.9	11	23.1	27.5	19.8	12.1	28.6	18.7	30.8	13.2	24.2	28.6	14.3	28.6	22	25.3	25.3	19.8	19.8	19.8	25.3	30.8	33	20.9	30.8	27.5	23.1	11	24.2	18.7	33	19.8	11	18.7	29.7	25.3	29.7	16.5	25.3	31.9	22	15.4	33	19.8	29.7	20.9	15.4	22	26.4	27.5	13.2	20.9	19.8	13.2	24.2	29.7	16.5	16.5	13.2	33	31.9	26.4	13.2	28.6	31.9	30.8	24.2	26.4	33	24.2	15.4	26.4	24.2	27.5	30.8	28.6	11	31.9	11	13.2	15.4	22	18.7	11	20.9	18.7	33	17.6	12.1	23.1	17.6	20.9	19.8	27.5	24.2	19.8	23.1	17.6	24.2	11	23.1	20.9	11	23.1	26.4	22	30.8	14.3	22	29.7	13.2	33	25.3	28.6	27.5	11	18.7	12.1	12.1	31.9	14.3	29.7	15.4	22	13.2	11	14.3	11	29.7	31.9	13.2	33	12.1	20.9	16.5	28.6	33	30.8	25.3	22	33	11	11	29.7	18.7	17.6	17.6	24.2	18.7	31.9	26.4	13.2	12.1	17.6	22	31.9	14.3	22	17.6	22	14.3	17.6	17.6	31.9	24.2	29.7	26.4	12.1	29.7	30.8	15.4	23.1	19.8	11	18.7	25.3	31.9	33	23.1	11	25.3	12.1	31.9	26.4	19.8	20.9	22	26.4	27.5	17.6	29.7	23.1	20.9	33	31.9	27.5	14.3	12.1	12.1	29.7	12.1	18.7	17.6	30.8	22	24.2	24.2	25.3	15.4	28.6	11	18.7	28.6	13.2	19.8	24.2	29.7	12.1	28.6	16.5	14.3	31.9	22	22	22	22	15.4	14.3	22	20.9	25.3	31.9	23.1	25.3	17.6	24.2	26.4	23.1	15.4	12.1	16.5	15.4	29.7	29.7	27.5	20.9	29.7	15.4	33	22	27.5	27.5	20.9	12.1	24.2	12.1	33	14.3	31.9	33	18.7	33	18.7	23.1	27.5	18.7	13.2	26.4	19.8	31.9	25.3	28.6	15.4	12.1	24.2	24.2	33	20.9	27.5	25.3	33	26.4	18.7	17.6	18.7	31.9	33	24.2	26.4	22	23.1	17.6	33	24.2	33	26.4	18.7	33	33	22	12.1	15.4	25.3	25.3	31.9	31.9	15.4	25.3	33	33	30.8	19.8	
18.7	11	22	19.8	14.3	15.4	24.2	20.9	12.1	33	27.5	16.5	25.3	24.2	20.9	13.2	18.7	25.3	25.3	18.7	22	23.1	12.1	15.4	24.2	18.7	19.8	14.3	25.3	30.8	16.5	11	17.6	18.7	12.1	22	25.3	25.3	11	23.1	19.8	33	22	22	18.7	28.6	13.2	11	17.6	26.4	30.8	15.4	20.9	14.3	17.6	16.5	19.8	16.5	19.8	26.4	27.5	13.2	26.4	17.6	26.4	24.2	33	22	29.7	30.8	26.4	25.3	19.8	14.3	17.6	11	20.9	28.6	13.2	31.9	13.2	12.1	20.9	23.1	13.2	33	28.6	33	12.1	26.4	23.1	11	20.9	13.2	19.8	31.9	31.9	19.8	13.2	17.6	12.1	16.5	11	31.9	11	17.6	24.2	23.1	12.1	12.1	14.3	25.3	26.4	26.4	12.1	27.5	17.6	11	14.3	28.6	11	18.7	28.6	18.7	13.2	11	19.8	30.8	27.5	15.4	25.3	18.7	11	22	23.1	11	30.8	25.3	22	13.2	12.1	13.2	15.4	33	15.4	23.1	17.6	13.2	23.1	26.4	13.2	13.2	33	24.2	16.5	15.4	29.7	30.8	28.6	20.9	17.6	25.3	22	17.6	24.2	14.3	13.2	29.7	26.4	27.5	26.4	28.6	17.6	11	23.1	27.5	15.4	13.2	12.1	25.3	17.6	12.1	26.4	23.1	28.6	27.5	19.8	17.6	24.2	15.4	26.4	33	15.4	24.2	14.3	17.6	26.4	13.2	28.6	29.7	18.7	27.5	23.1	31.9	24.2	19.8	12.1	18.7	33	15.4	27.5	19.8	18.7	13.2	20.9	28.6	13.2	14.3	29.7	25.3	22	25.3	30.8	18.7	15.4	27.5	20.9	13.2	13.2	22	11	25.3	25.3	12.1	31.9	29.7	29.7	20.9	18.7	26.4	17.6	13.2	20.9	28.6	33	23.1	17.6	31.9	22	29.7	11	33	13.2	33	17.6	18.7	18.7	15.4	16.5	27.5	30.8	11	13.2	28.6	30.8	29.7	28.6	12.1	17.6	28.6	23.1	19.8	31.9	12.1	25.3	29.7	23.1	33	18.7	20.9	11	33	23.1	12.1	24.2	28.6	20.9	18.7	22	22	26.4	26.4	30.8	23.1	23.1	29.7	31.9	12.1	24.2	12.1	31.9	14.3	17.6	28.6	13.2	17.6	29.7	16.5	27.5	30.8	20.9	25.3	16.5	20.9	19.8	12.1	31.9	20.9	28.6	26.4	28.6	12.1	33	22	16.5	24.2	20.9	20.9	26.4	18.7	20.9	24.2	12.1	33	11	13.2	18.7	18.7	28.6	20.9	22	24.2	18.7	14.3	14.3	27.5	15.4	18.7	23.1	19.8	30.8	30.8	15.4	11	19.8	28.6	25.3	11	13.2	13.2	19.8	28.6	23.1	25.3	12.1	14.3	15.4	22	16.5	22	20.9	15.4	20.9	19.8	20.9	33	17.6	19.8	30.8	18.7	29.7	13.2	19.8	19.8	13.2	19.8	26.4	29.7	33	17.6	24.2	11	20.9	15.4	28.6	31.9	19.8	25.3	13.2	28.6	33	33	22	15.4	13.2	31.9	22	11	29.7	31.9	20.9	12.1	16.5	27.5	19.8	17.6	12.1	33	14.3	30.8	14.3	17.6	22	31.9	12.1	28.6	20.9	13.2	20.9	15.4	16.5	29.7	20.9	17.6	14.3	29.7	11	27.5	25.3	31.9	17.6	19.8	23.1	11	30.8	20.9	23.1	25.3	16.5	24.2	13.2	11	26.4	11	12.1	29.7	17.6	31.9	33	14.3	17.6	14.3	27.5	26.4	28.6	15.4	22	29.7	29.7	30.8	16.5	24.2	27.5	28.6	16.5	13.2	16.5	33	12.1	17.6	26.4	29.7	33	26.4	19.8	31.9	13.2	30.8	33	20.9	12.1	28.6	33	13.2	24.2	26.4	20.9	12.1	28.6	31.9	27.5	15.4	19.8	28.6	15.4	26.4	28.6	26.4	18.7	33	25.3	29.7	17.6	23.1	11	17.6	31.9	24.2	16.5	15.4	18.7	30.8	28.6	14.3	23.1	33	29.7	24.2	22	14.3	12.1	24.2	31.9	31.9	25.3	24.2	11	25.3	30.8	15.4	20.9	29.7	17.6	28.6	16.5	30.8	33	22	11	31.9	12.1	18.7	13.2	11	12.1	28.6	17.6	16.5	24.2	16.5	13.2	11	26.4	33	27.5	11	26.4	25.3	12.1	16.5	12.1	23.1	29.7	14.3	18.7	22	31.9	19.8	18.7	13.2	28.6	13.2	26.4	12.1	15.4	25.3	13.2	27.5	16.5	26.4	12.1	29.7	33	11	19.8	16.5	25.3	33	33	17.6	25.3	22	20.9	28.6	15.4	27.5	26.4	23.1	23.1	13.2	17.6	25.3	18.7	13.2	31.9	18.7	19.8	23.1	16.5	14.3	31.9	16.5	22	25.3	27.5	31.9	17.6	14.3	16.5	13.2	33	25.3	14.3	27.5	14.3	20.9	29.7	17.6	14.3	29.7	26.4	33	29.7	11	11	30.8	25.3	20.9	14.3	19.8	12.1	26.4	23.1	16.5	20.9	15.4	22	27.5	16.5	18.7	25.3	15.4	31.9	23.1	29.7	12.1	13.2	30.8	14.3	26.4	12.1	17.6	33	13.2	16.5	28.6	29.7	14.3	20.9	26.4	24.2	19.8	30.8	20.9	18.7	18.7	18.7	13.2	22	13.2	15.4	12.1	30.8	15.4	22	28.6	12.1	17.6	17.6	12.1	17.6	19.8	15.4	24.2	18.7	29.7	20.9	13.2	16.5	28.6	13.2	27.5	20.9	14.3	23.1	20.9	26.4	31.9	22	20.9	33	17.6	23.1	22	19.8	23.1	15.4	15.4	33	23.1	20.9	22	18.7	33	17.6	20.9	23.1	15.4	33	16.5	19.8	33	11	23.1	26.4	11	31.9	16.5	19.8	29.7	18.7	19.8	11	23.1	25.3	17.6	17.6	12.1	13.2	13.2	26.4	14.3	17.6	24.2	29.7	33	25.3	29.7	14.3	25.3	29.7	16.5	16.5	13.2	26.4	19.8	33	20.9	13.2	22	22	15.4	22	19.8	16.5	13.2	23.1	16.5	26.4	15.4	20.9	15.4	24.2	17.6	12.1	23.1	18.7	19.8	11	26.4	13.2	11	26.4	20.9	30.8	24.2	17.6	15.4	29.7	29.7	11	23.1	15.4	12.1	18.7	18.7	28.6	11	17.6	18.7	17.6	17.6	33	26.4	28.6	33	31.9	12.1	18.7	22	13.2	29.7	15.4	28.6	17.6	14.3	23.1	29.7	16.5	25.3	27.5	28.6	12.1	30.8	31.9	17.6	30.8	24.2	30.8	14.3	17.6	33	28.6	29.7	13.2	23.1	26.4	15.4	25.3	23.1	15.4	22	25.3	30.8	27.5	18.7	17.6	20.9	19.8	27.5	26.4	23.1	25.3	26.4	31.9	12.1	12.1	13.2	17.6	28.6	31.9	19.8	23.1	11	12.1	30.8	18.7	23.1	12.1	28.6	12.1	13.2	18.7	33	30.8	20.9	25.3	28.6	23.1	24.2	22	18.7	31.9	15.4	18.7	14.3	33	23.1	29.7	29.7	14.3	29.7	14.3	31.9	28.6	33	22	31.9	23.1	17.6	27.5	18.7	17.6	13.2	18.7	28.6	33	11	29.7	22	19.8	12.1	14.3	17.6	23.1	24.2	11	30.8	17.6	19.8	29.7	30.8	28.6	20.9	13.2	13.2	20.9	33	22	11	11	30.8	14.3	17.6	27.5	12.1	22	25.3	29.7	16.5	30.8	29.7	26.4	12.1	22	16.5	27.5	20.9	24.2	22	28.6	22	26.4	18.7	28.6	25.3	18.7	23.1	20.9	25.3	11	31.9	18.7	19.8	24.2	12.1	28.6	29.7	17.6	26.4	26.4	26.4	26.4	15.4	25.3	17.6	22	22	17.6	17.6	
31.9	26.4	28.6	14.3	17.6	28.6	24.2	18.7	28.6	30.8	20.9	24.2	19.8	16.5	28.6	30.8	12.1	27.5	26.4	29.7	20.9	26.4	22	11	29.7	22	17.6	20.9	31.9	30.8	
17	17	19	16	20	15	10	20	13	10	10	15	11	19	17	19	15	10	12	19	20	17	10	13	14	12	18	11	20	15	17	19	18	20	14	16	20	10	12	12	17	13	17	12	18	11	20	17	13	19	17	17	16	12	15	17	19	14	19	15	20	12	20	18	12	16	14	16	12	20	12	15	20	13	11	17	19	20	10	13	20	20	17	18	20	16	14	10	13	17	19	18	15	14	20	20	17	13	15	16	17	13	12	13	16	14	17	11	14	12	20	18	18	14	10	12	14	14	16	14	20	18	18	13	12	16	19	13	10	10	11	15	13	12	15	18	19	18	19	16	18	16	17	16	10	20	12	20	12	15	16	12	15	19	15	10	14	18	20	18	20	20	11	14	10	18	16	10	16	13	11	17	16	14	13	17	19	15	14	14	11	11	18	16	18	12	15	18	18	16	15	16	10	13	11	10	11	18	20	20	10	13	18	11	19	12	18	10	18	13	11	15	20	17	10	20	20	16	13	10	19	11	18	17	13	14	14	14	17	15	18	13	12	17	10	17	10	12	18	17	15	10	11	15	12	20	10	17	16	20	10	19	18	19	14	17	20	14	20	10	16	17	16	12	12	19	12	14	14	16	20	20	15	17	16	17	13	10	11	10	15	15	10	18	17	20	12	13	18	18	10	10	10	10	19	12	18	12	20	16	20	12	17	18	17	17	20	10	17	13	11	16	17	20	17	12	11	10	13	15	14	15	11	11	12	20	11	20	17	11	19	15	19	12	14	11	19	14	10	15	13	12	20	10	15	11	15	16	16	14	11	19	10	18	16	16	19	15	15	18	15	20	12	15	18	12	16	11	12	14	16	18	20	16	11	11	10	15	20	16	14	12	17	14	19	14	17	20	19	16	19	16	14	11	10	18	18	18	11	13	18	15	11	17	20	18	16	14	13	11	12	13	12	11	14	14	18	20	18	12	13	13	19	16	19	18	12	14	14	15	19	19	15	19	17	10	19	17	10	18	10	18	20	15	11	15	17	10	13	14	16	14	18	20	17	13	12	10	17	14	12	19	12	18	17	14	15	20	12	10	10	12	16	10	12	15	10	18	19	10	13	13	12	15	14	20	11	15	18	10	10	11	11	15	11	16	16	20	11	20	14	18	17	11	19	19	14	20	11	11	10	13	17	19	10	18	15	18	18	15	17	12	18	11	17	20	19	10	19	19	17	16	17	16	11	14	17	12	15	13	14	11	20	11	11	19	15	20	15	18	17	14	15	18	14	15	17	14	14	16	13	20	18	14	15	15	20	20	13	11	19	16	11	17	16	16	20	10	14	13	15	13	12	14	15	14	20	14	18	13	18	16	13	20	12	15	19	14	10	19	13	15	13	18	20	12	11	19	13	15	18	13	10	20	19	13	17	20	13	17	11	15	18	13	17	10	13	11	20	10	19	17	17	20	10	19	17	17	20	12	19	18	11	18	12	11	11	17	10	16	14	19	10	20	16	19	16	11	13	10	17	20	14	17	16	19	15	13	20	11	19	14	16	10	20	16	12	13	20	16	10	20	18	14	13	12	19	12	14	13	10	20	12	11	16	10	11	14	18	14	19	20	11	18	19	19	12	20	16	17	18	19	16	13	16	10	18	12	19	19	18	16	16	15	17	14	14	12	13	18	11	15	15	14	13	18	20	14	15	10	15	11	11	16	19	16	18	10	14	18	19	14	18	13	17	15	15	15	10	20	20	18	10	13	20	17	15	13	14	11	16	11	15	17	13	19	12	17	13	10	18	17	12	15	19	16	19	16	11	15	13	11	13	13	20	16	18	15	10	15	20	20	16	18	12	19	20	17	16	13	20	20	20	12	14	10	18	13	12	12	15	13	11	13	12	15	16	19	14	15	17	16	17	14	13	11	10	18	14	13	10	13	14	11	10	20	11	13	11	10	20	13	15	11	11	19	13	10	15	14	14	10	10	11	13	16	12	20	14	14	11	18	17	12	18	14	14	14	19	15	14	20	19	16	20	16	14	13	19	15	15	18	19	11	17	19	11	13	17	10	18	20	20	19	11	16	10	20	15	10	18	12	17	16	20	15	16	18	19	18	12	16	11	14	12	11	19	13	16	19	10	16	12	10	16	16	20	17	19	16	16	15	11	19	16	17	13	16	13	20	16	15	14	13	20	13	13	15	14	17	13	16	18	12	14	15	13	16	14	12	12	12	16	15	14	15	11	17	15	20	19	20	14	20	20	12	19	15	16	11	17	15	12	11	16	13	17	15	17	16	
1	1	1	1	1	1	1	1	1	1	1	1	1	1	1	1	1	1	1	1	1	1	1	1	1	1	1	1	1	1	1	1	1	1	1	1	1	1	1	1	2	2	2	2	2	2	2	2	2	2	2	2	2	2	2	2	2	2	2	2	2	2	2	2	2	2	2	2	2	2	2	2	2	2	2	2	3	3	3	3	3	3	3	3	3	3	3	3	3	3	3	3	3	3	3	3	3	3	3	3	3	3	3	3	3	3	3	3	3	3	3	3	3	4	4	4	4	4	4	4	4	4	4	4	4	4	4	4	4	4	4	4	4	4	4	4	4	4	4	4	4	4	4	4	4	4	5	5	5	5	5	5	5	5	5	5	5	5	5	5	5	5	5	5	5	5	5	5	5	5	5	5	5	5	5	5	6	6	6	6	6	6	6	6	6	6	6	6	6	6	6	6	6	6	6	6	6	6	6	6	6	6	6	6	6	6	6	6	7	7	7	7	7	7	7	7	7	7	7	7	7	7	7	7	7	7	7	7	7	7	7	7	7	7	7	7	7	7	7	7	8	8	8	8	8	8	8	8	8	8	8	8	8	8	8	8	8	8	8	8	8	8	8	8	8	8	8	8	8	8	8	8	8	8	8	9	9	9	9	9	9	9	9	9	9	9	9	9	9	9	9	9	9	9	9	9	9	9	9	9	9	9	9	9	9	9	9	9	9	9	9	9	9	9	9	9	10	10	10	10	10	10	10	10	10	10	10	10	10	10	10	10	10	10	10	10	10	10	10	11	11	11	11	11	11	11	11	11	11	11	11	11	11	11	11	11	11	11	11	11	11	11	11	12	12	12	12	12	12	12	12	12	12	12	12	12	12	12	12	12	12	12	12	12	12	12	12	12	12	12	12	12	12	12	12	12	12	12	12	12	12	12	12	12	12	12	12	12	12	13	13	13	13	13	13	13	13	13	13	13	13	13	13	13	13	13	13	13	13	13	13	13	13	13	13	13	13	13	13	13	13	13	13	13	13	13	13	14	14	14	14	14	14	14	14	14	14	14	14	14	14	14	14	14	14	14	14	14	14	14	14	14	14	14	14	14	14	14	14	14	14	14	14	14	14	15	15	15	15	15	15	15	15	15	15	15	15	15	15	15	15	15	15	15	15	15	15	15	15	15	15	15	15	15	16	16	16	16	16	16	16	16	16	16	16	16	16	16	16	16	16	16	16	16	16	16	16	16	16	16	16	16	16	16	16	16	17	17	17	17	17	17	17	17	17	17	17	17	17	17	17	17	17	17	17	17	17	17	17	17	17	17	17	17	17	17	17	17	17	17	18	18	18	18	18	18	18	18	18	18	18	18	18	18	18	18	18	18	18	18	18	18	18	18	18	18	18	18	18	18	19	19	19	19	19	19	19	19	19	19	19	19	19	19	19	19	19	19	19	19	19	19	19	19	19	19	19	19	19	19	19	19	19	19	19	19	19	19	19	20	20	20	20	20	20	20	20	20	20	20	20	20	20	20	20	20	20	20	20	20	20	20	20	20	20	20	20	20	20	20	20	20	20	21	21	21	21	21	21	21	21	21	21	21	21	21	21	21	21	21	21	21	21	21	21	21	21	21	21	21	21	21	21	21	21	21	21	21	22	22	22	22	22	22	22	22	22	22	22	22	22	22	22	22	22	22	22	22	22	22	22	22	22	22	22	22	22	22	22	22	22	22	22	22	22	23	23	23	23	23	23	23	23	23	23	23	23	23	23	23	23	23	23	23	23	23	23	23	23	23	23	23	23	23	23	23	23	23	23	24	24	24	24	24	24	24	24	24	24	24	24	24	24	24	24	24	24	24	24	24	24	24	24	24	24	24	24	24	24	25	25	25	25	25	25	25	25	25	25	25	25	25	25	25	25	25	25	25	25	25	25	25	25	25	25	25	25	26	26	26	26	26	26	26	26	26	26	26	26	26	26	26	26	26	26	26	26	26	26	26	26	26	26	26	26	26	26	26	26	26	26	26	26	26	26	26	26	26	26	27	27	27	27	27	27	27	27	27	27	27	27	27	27	27	27	27	27	27	27	27	27	27	27	27	27	27	27	27	27	28	28	28	28	28	28	28	28	28	28	28	28	28	28	28	28	28	28	28	28	28	28	28	28	28	28	28	29	29	29	29	29	29	29	29	29	29	29	29	29	29	29	29	29	29	29	29	29	29	29	29	30	30	30	30	30	30	30	30	30	30	30	30	30	30	30	30	30	30	30	30	30	30	30	30	30	30	30	30	30	30	
