1000
30	3
522	28.6
30	27	29	31	30	27	30	27	26	26	31	31	28	26	30	29	27	27	27	27	29	31	26	28	30	31	31	29	30	27	26	28	27	29	30	27	29	31	29	27	31	30	28	30	26	27	27	29	29	26	29	29	31	30	29	29	31	27	31	31	27	31	28	26	26	28	28	26	26	29	30	27	28	27	26	30	26	30	30	30	30	29	31	27	26	29	30	27	29	26	28	31	29	28	29	28	30	26	29	29	29	27	28	29	26	28	27	30	27	26	29	30	26	27	26	27	30	31	30	27	31	30	30	30	29	28	26	27	31	27	29	28	29	27	31	27	29	31	26	31	26	27	26	28	30	31	29	30	30	31	30	28	30	27	31	30	27	27	29	29	30	28	26	29	28	26	29	27	28	31	26	30	26	30	29	29	30	26	27	26	31	27	30	27	26	30	30	29	30	31	26	28	30	27	30	28	30	29	26	31	26	28	26	27	28	30	27	27	31	27	26	28	30	26	30	26	26	28	28	31	31	28	27	31	31	26	29	28	30	31	26	26	27	28	28	29	30	27	31	26	30	30	26	29	30	28	27	28	30	30	30	28	27	26	31	27	30	29	29	28	28	26	27	27	27	26	29	28	31	30	30	28	31	26	30	28	26	30	28	28	27	28	29	31	26	27	26	29	29	30	29	26	29	30	29	31	27	28	31	28	30	28	26	26	30	28	29	28	29	29	27	30	28	31	30	27	28	27	28	31	28	31	27	28	31	28	29	28	29	31	28	26	31	26	28	31	28	29	27	26	29	27	30	27	31	29	29	30	29	26	28	31	26	26	29	29	27	28	30	27	31	31	26	29	29	31	30	30	29	29	30	26	27	28	26	31	29	31	27	27	31	30	31	29	28	31	28	30	27	28	26	28	31	31	28	27	28	31	30	29	29	29	31	27	28	28	30	28	28	30	26	30	30	29	27	26	29	28	29	26	30	30	26	28	26	30	28	27	29	29	27	31	29	29	29	27	27	28	28	29	31	27	31	29	28	29	31	26	26	27	26	27	29	30	28	27	27	28	26	29	30	27	26	31	30	26	29	29	29	27	27	29	31	30	31	27	31	30	29	27	27	28	30	31	27	31	31	26	28	28	27	29	27	26	31	28	28	28	27	31	28	27	31	30	30	29	27	26	26	31	30	27	28	31	29	27	29	30	27	29	30	26	27	31	29	27	27	30	27	31	31	31	29	28	31	29	30	31	29	31	29	26	28	29	29	31	31	30	31	29	29	30	26	29	28	31	26	27	28	28	30	30	29	29	27	26	30	31	26	26	30	27	26	31	27	31	30	30	28	29	27	30	30	31	28	26	29	29	26	29	31	31	30	26	27	28	31	28	30	30	26	28	27	28	29	30	31	26	29	29	28	31	28	31	26	29	28	27	31	31	30	27	30	28	28	28	26	29	30	30	30	26	30	26	27	28	29	31	31	28	31	29	31	27	27	30	30	31	30	30	30	29	27	28	27	31	28	26	31	29	30	28	28	26	26	28	30	29	27	26	29	31	27	31	30	29	31	30	29	27	27	30	29	28	29	31	30	28	26	29	31	30	27	31	26	27	26	29	26	31	29	31	26	31	26	29	30	26	31	28	31	30	28	27	28	29	29	29	30	26	27	29	29	27	26	26	30	31	31	30	27	26	27	30	26	26	27	27	31	26	28	26	30	28	31	29	31	28	26	29	26	28	30	31	28	27	27	27	31	26	26	27	28	27	26	28	31	26	30	31	29	27	27	27	30	27	27	27	26	30	30	27	29	30	26	26	26	27	28	31	28	31	29	27	27	29	26	29	28	31	27	28	26	30	30	27	29	27	26	28	29	30	29	28	28	28	27	28	30	31	29	31	27	26	30	30	31	29	28	27	26	29	31	27	28	27	28	31	26	31	31	31	28	29	27	31	30	27	31	29	31	28	27	26	28	29	29	30	30	30	27	27	27	28	27	30	30	28	29	26	26	27	28	28	29	30	30	30	26	27	31	31	30	28	30	30	27	28	26	27	31	30	27	27	31	27	29	29	28	29	31	28	31	31	29	28	29	29	26	27	28	26	30	27	30	31	30	31	30	26	31	27	27	26	31	29	30	30	26	29	29	26	30	27	29	31	31	31	27	27	27	27	31	28	31	29	30	30	29	31	31	28	27	27	27	29	30	27	28	27	29	31	27	26	30	28	27	31	28	28	26	28	27	29	30	28	29	26	28	31	29	27	26	26	29	26	29	26	27	30	28	30	27	31	29	26	29	27	31	31	
86	86	80	77	92	91	91	88	76	87	87	87	85	77	81	80	84	86	90	76	80	90	76	91	88	92	80	76	91	87	85	85	92	86	90	87	91	78	78	83	83	76	83	89	82	92	83	87	89	88	78	87	79	88	89	83	90	90	89	89	82	81	93	80	81	85	94	82	94	88	80	81	89	88	76	77	78	79	79	92	91	77	80	89	91	94	90	94	86	77	83	81	81	93	91	84	85	90	82	89	94	82	86	85	83	89	82	88	78	81	83	91	90	94	81	92	86	77	86	93	93	90	76	85	76	89	90	82	78	76	94	84	85	91	92	92	80	83	79	80	86	90	77	77	85	89	90	82	90	82	83	87	80	93	87	87	82	92	86	79	79	76	77	89	85	82	88	79	78	77	94	89	92	80	78	92	79	79	78	87	76	93	81	82	91	94	80	77	83	89	84	79	76	83	83	83	80	92	83	81	91	81	90	94	83	88	94	89	92	83	85	76	88	84	76	78	80	88	90	93	80	85	86	82	87	86	77	93	82	86	90	88	85	80	91	82	80	87	88	86	86	86	86	79	82	77	80	94	89	89	90	77	81	79	90	88	83	76	94	93	78	84	87	78	86	92	92	83	80	85	78	76	87	94	89	88	86	84	81	90	91	79	83	88	78	84	90	79	84	92	87	84	90	79	80	81	80	94	93	93	85	89	80	89	77	89	85	76	94	91	89	88	87	77	88	94	92	89	93	79	77	77	91	93	91	90	82	89	76	84	94	81	88	90	80	86	79	91	83	88	93	78	89	88	82	85	88	83	94	89	86	83	78	79	76	80	82	84	80	87	77	94	77	85	77	90	84	84	90	89	84	85	78	87	87	93	86	84	81	84	79	93	84	84	90	83	86	82	94	86	76	77	83	83	79	92	92	79	78	80	90	86	94	90	92	78	83	91	84	86	90	90	87	85	85	89	93	93	86	85	78	92	83	87	90	91	83	82	80	94	88	90	87	93	77	85	77	76	90	83	81	83	76	88	88	77	90	93	89	80	87	94	85	87	81	85	79	85	86	84	84	86	89	93	84	78	82	85	78	89	93	92	76	90	79	93	85	82	89	90	84	89	86	93	77	89	90	76	90	87	92	89	90	91	80	86	85	79	80	85	90	83	92	84	85	83	89	84	84	88	78	91	86	81	89	87	92	79	81	91	77	84	78	82	94	91	77	80	85	78	85	91	94	86	94	89	78	81	87	76	76	85	82	85	85	92	93	85	87	81	78	81	92	80	92	78	79	89	93	82	87	88	81	86	84	77	91	91	86	78	92	84	77	78	80	78	85	84	86	86	93	82	77	77	79	82	88	81	78	77	77	79	93	92	94	88	85	83	91	92	77	82	88	82	78	88	83	83	77	84	87	90	88	82	91	79	92	77	82	94	77	85	78	83	83	76	77	79	93	82	77	80	81	83	80	92	79	79	89	84	76	89	87	79	77	88	94	87	89	90	94	78	88	91	78	81	77	90	85	89	91	78	81	87	81	82	92	79	79	91	79	94	80	85	86	83	83	83	87	89	84	92	82	86	86	89	93	94	81	84	87	79	79	81	90	88	92	91	84	78	80	93	77	79	92	85	93	85	81	93	79	79	82	88	84	91	81	90	93	86	85	77	88	87	94	85	84	84	84	83	86	93	94	77	92	77	91	78	94	87	76	85	88	89	88	91	87	77	85	76	83	80	92	87	85	77	81	88	76	91	81	88	89	90	78	89	86	86	76	77	87	84	85	83	89	85	94	76	81	87	89	76	94	81	76	76	85	83	90	80	79	91	77	91	76	76	90	76	90	86	79	85	86	88	85	79	90	94	88	88	91	76	77	79	76	80	78	84	91	78	78	83	82	94	92	80	87	79	89	88	83	92	80	81	86	86	82	90	85	94	93	94	92	84	78	80	94	82	91	84	84	85	77	82	79	87	76	92	83	88	77	79	85	78	84	87	79	81	87	86	85	77	89	88	84	77	78	90	85	81	93	92	90	92	86	81	94	81	90	86	84	76	94	84	84	90	80	92	83	79	91	91	82	89	90	85	88	85	90	94	85	83	83	92	90	85	78	85	78	82	94	94	80	90	77	76	90	84	88	88	80	81	81	93	78	80	79	94	89	89	78	91	91	85	82	85	79	93	94	86	82	84	82	80	85	91	93	82	93	86	91	79	78	86	84	90	80	87	81	82	82	83	76	78	77	84	91	78	77	85	77	83	81	90	94	86	76	92	77	83	93	93	93	90	82	88	78	87	83	77	
13.2	30.8	24.2	11	18.7	27.5	22	27.5	23.1	33	28.6	12.1	19.8	24.2	26.4	13.2	29.7	30.8	14.3	15.4	29.7	29.7	19.8	33	18.7	25.3	27.5	30.8	12.1	17.6	15.4	24.2	29.7	15.4	24.2	26.4	24.2	27.5	11	14.3	18.7	12.1	19.8	27.5	22	20.9	14.3	12.1	20.9	27.5	13.2	22	16.5	20.9	16.5	29.7	29.7	12.1	16.5	25.3	14.3	23.1	27.5	26.4	19.8	16.5	18.7	22	18.7	27.5	15.4	29.7	11	17.6	18.7	23.1	24.2	11	24.2	14.3	23.1	33	31.9	31.9	11	19.8	22	28.6	31.9	17.6	33	23.1	13.2	31.9	33	16.5	25.3	20.9	11	15.4	30.8	30.8	16.5	30.8	18.7	26.4	18.7	13.2	27.5	14.3	12.1	25.3	11	31.9	31.9	19.8	28.6	19.8	29.7	33	12.1	26.4	12.1	33	11	23.1	22	13.2	15.4	29.7	26.4	29.7	27.5	25.3	20.9	15.4	15.4	14.3	14.3	23.1	20.9	17.6	22	24.2	20.9	25.3	27.5	23.1	30.8	26.4	30.8	22	17.6	26.4	24.2	28.6	23.1	12.1	14.3	24.2	30.8	22	14.3	14.3	22	23.1	16.5	16.5	22	15.4	29.7	12.1	29.7	33	20.9	25.3	12.1	29.7	16.5	13.2	25.3	12.1	22	17.6	30.8	13.2	33	13.2	28.6	14.3	17.6	28.6	28.6	23.1	25.3	24.2	31.9	27.5	29.7	28.6	11	17.6	23.1	33	15.4	25.3	16.5	14.3	12.1	30.8	33	18.7	28.6	28.6	31.9	25.3	12.1	28.6	25.3	24.2	12.1	14.3	16.5	20.9	30.8	24.2	26.4	33	12.1	28.6	27.5	28.6	23.1	24.2	12.1	33	15.4	18.7	33	12.1	31.9	26.4	29.7	12.1	13.2	11	24.2	12.1	19.8	29.7	19.8	17.6	17.6	30.8	14.3	33	30.8	12.1	15.4	24.2	16.5	12.1	15.4	26.4	29.7	19.8	15.4	31.9	23.1	18.7	25.3	33	16.5	19.8	14.3	30.8	33	18.7	28.6	25.3	14.3	12.1	15.4	24.2	12.1	29.7	27.5	30.8	28.6	12.1	19.8	29.7	22	14.3	26.4	30.8	16.5	33	28.6	25.3	17.6	29.7	16.5	27.5	13.2	27.5	23.1	29.7	19.8	26.4	18.7	13.2	25.3	20.9	31.9	15.4	27.5	17.6	29.7	12.1	18.7	15.4	13.2	15.4	25.3	18.7	16.5	17.6	30.8	29.7	18.7	27.5	20.9	13.2	25.3	23.1	12.1	11	18.7	11	15.4	23.1	19.8	26.4	27.5	27.5	17.6	16.5	15.4	26.4	31.9	18.7	18.7	11	13.2	27.5	28.6	13.2	26.4	17.6	20.9	26.4	16.5	25.3	26.4	18.7	29.7	22	22	12.1	11	30.8	30.8	31.9	22	19.8	30.8	27.5	27.5	14.3	18.7	30.8	15.4	16.5	13.2	26.4	12.1	13.2	23.1	29.7	29.7	24.2	13.2	29.7	29.7	11	13.2	19.8	26.4	33	25.3	22	25.3	26.4	12.1	16.5	24.2	24.2	27.5	16.5	11	17.6	15.4	25.3	15.4	17.6	16.5	27.5	17.6	23.1	12.1	26.4	25.3	33	15.4	19.8	19.8	17.6	33	30.8	26.4	25.3	23.1	23.1	19.8	13.2	29.7	20.9	17.6	22	16.5	22	24.2	13.2	12.1	26.4	11	14.3	15.4	30.8	14.3	14.3	25.3	30.8	23.1	30.8	26.4	16.5	14.3	13.2	27.5	15.4	22	23.1	26.4	13.2	14.3	16.5	11	19.8	31.9	11	15.4	11	13.2	15.4	27.5	16.5	25.3	33	11	15.4	15.4	13.2	12.1	15.4	25.3	12.1	31.9	11	18.7	20.9	18.7	16.5	25.3	20.9	27.5	30.8	22	24.2	24.2	22	12.1	23.1	23.1	29.7	14.3	15.4	20.9	20.9	25.3	23.1	16.5	30.8	13.2	28.6	30.8	20.9	16.5	17.6	16.5	11	28.6	17.6	25.3	28.6	17.6	25.3	28.6	17.6	29.7	22	19.8	33	17.6	11	24.2	22	18.7	14.3	15.4	18.7	13.2	26.4	33	16.5	12.1	24.2	12.1	20.9	26.4	24.2	22	25.3	16.5	17.6	33	23.1	19.8	30.8	33	26.4	11	29.7	17.6	20.9	16.5	28.6	25.3	25.3	20.9	28.6	26.4	33	25.3	28.6	16.5	11	33	27.5	33	15.4	18.7	18.7	26.4	17.6	28.6	33	24.2	25.3	14.3	19.8	25.3	22	14.3	17.6	19.8	30.8	23.1	19.8	26.4	27.5	27.5	18.7	17.6	25.3	27.5	28.6	33	33	26.4	30.8	20.9	27.5	24.2	25.3	23.1	16.5	27.5	18.7	22	23.1	24.2	15.4	12.1	26.4	18.7	28.6	29.7	19.8	17.6	28.6	33	18.7	14.3	33	22	12.1	24.2	22	15.4	11	19.8	12.1	29.7	14.3	16.5	11	16.5	15.4	25.3	22	24.2	12.1	22	14.3	11	18.7	19.8	27.5	23.1	28.6	31.9	26.4	11	22	17.6	23.1	12.1	17.6	26.4	27.5	22	20.9	26.4	11	13.2	15.4	22	31.9	13.2	12.1	26.4	12.1	26.4	15.4	25.3	25.3	20.9	27.5	18.7	31.9	22	28.6	18.7	30.8	23.1	24.2	13.2	13.2	24.2	12.1	23.1	29.7	13.2	12.1	23.1	26.4	11	25.3	19.8	16.5	26.4	27.5	26.4	13.2	25.3	22	31.9	20.9	17.6	23.1	18.7	31.9	24.2	13.2	16.5	27.5	25.3	29.7	20.9	25.3	30.8	19.8	31.9	24.2	28.6	27.5	25.3	28.6	18.7	17.6	31.9	33	31.9	26.4	17.6	13.2	13.2	15.4	28.6	28.6	24.2	19.8	16.5	16.5	30.8	30.8	23.1	22	17.6	19.8	18.7	24.2	27.5	19.8	14.3	19.8	30.8	14.3	28.6	31.9	28.6	22	15.4	33	11	27.5	19.8	13.2	25.3	30.8	27.5	16.5	27.5	31.9	24.2	18.7	28.6	19.8	30.8	33	16.5	30.8	12.1	17.6	20.9	31.9	19.8	20.9	18.7	11	11	12.1	29.7	13.2	27.5	18.7	28.6	15.4	28.6	26.4	14.3	26.4	27.5	20.9	14.3	27.5	29.7	11	30.8	22	22	26.4	14.3	17.6	16.5	27.5	16.5	14.3	17.6	14.3	25.3	26.4	33	17.6	31.9	25.3	24.2	26.4	17.6	27.5	27.5	13.2	26.4	19.8	26.4	13.2	14.3	27.5	11	23.1	16.5	17.6	31.9	31.9	27.5	26.4	11	24.2	19.8	27.5	31.9	12.1	23.1	12.1	17.6	22	22	12.1	24.2	15.4	33	15.4	13.2	22	26.4	12.1	15.4	31.9	17.6	26.4	24.2	17.6	17.6	12.1	17.6	26.4	31.9	20.9	20.9	14.3	25.3	19.8	33	11	14.3	11	19.8	20.9	28.6	28.6	33	25.3	29.7	33	19.8	31.9	16.5	30.8	14.3	19.8	31.9	23.1	30.8	27.5	25.3	15.4	12.1	14.3	29.7	23.1	11	28.6	28.6	18.7	19.8	13.2	16.5	29.7	12.1	24.2	12.1	25.3	30.8	19.8	28.6	18.7	28.6	33	12.1	14.3	30.8	15.4	15.4	30.8	20.9	13.2	20.9	23.1	22	24.2	26.4	22	28.6	14.3	27.5	20.9	23.1	29.7	29.7	25.3	20.9	33	14.3	25.3	23.1	24.2	18.7	23.1	20.9	19.8	26.4	15.4	28.6	12.1	27.5	12.1	16.5	23.1	13.2	22	29.7	17.6	13.2	13.2	19.8	28.6	25.3	31.9	33	30.8	17.6	14.3	23.1	25.3	18.7	16.5	11	18.7	
11	19.8	22	26.4	29.7	19.8	14.3	25.3	26.4	24.2	19.8	22	13.2	14.3	15.4	22	11	13.2	24.2	24.2	30.8	31.9	18.7	33	28.6	30.8	17.6	22	13.2	19.8	24.2	11	11	13.2	23.1	30.8	14.3	29.7	23.1	19.8	15.4	33	17.6	29.7	26.4	30.8	31.9	14.3	22	30.8	23.1	26.4	23.1	29.7	22	19.8	25.3	14.3	14.3	33	11	19.8	25.3	27.5	20.9	23.1	20.9	29.7	31.9	23.1	18.7	24.2	17.6	16.5	22	26.4	23.1	22	24.2	23.1	20.9	18.7	28.6	27.5	20.9	30.8	18.7	14.3	15.4	25.3	15.4	13.2	26.4	15.4	28.6	20.9	14.3	13.2	25.3	13.2	24.2	15.4	28.6	25.3	23.1	33	26.4	14.3	17.6	20.9	22	12.1	31.9	33	22	14.3	25.3	19.8	33	16.5	13.2	20.9	23.1	12.1	28.6	24.2	29.7	23.1	28.6	13.2	29.7	24.2	18.7	30.8	31.9	29.7	18.7	22	17.6	29.7	31.9	15.4	22	18.7	25.3	30.8	17.6	22	19.8	33	24.2	28.6	29.7	30.8	19.8	11	29.7	30.8	12.1	30.8	23.1	18.7	24.2	16.5	27.5	18.7	14.3	14.3	22	19.8	24.2	20.9	24.2	29.7	27.5	30.8	22	16.5	28.6	25.3	29.7	23.1	22	22	27.5	15.4	16.5	25.3	17.6	24.2	16.5	27.5	22	28.6	13.2	19.8	13.2	27.5	29.7	13.2	15.4	33	16.5	17.6	15.4	31.9	26.4	13.2	20.9	17.6	17.6	18.7	22	26.4	25.3	19.8	20.9	23.1	17.6	12.1	12.1	14.3	31.9	26.4	28.6	19.8	33	20.9	28.6	20.9	19.8	26.4	15.4	26.4	20.9	20.9	19.8	16.5	25.3	28.6	20.9	25.3	25.3	12.1	29.7	26.4	13.2	20.9	33	28.6	22	31.9	13.2	12.1	19.8	14.3	14.3	17.6	23.1	16.5	14.3	27.5	24.2	27.5	24.2	13.2	18.7	29.7	26.4	11	15.4	27.5	24.2	23.1	25.3	30.8	20.9	26.4	14.3	12.1	24.2	13.2	23.1	18.7	27.5	15.4	12.1	31.9	29.7	26.4	29.7	28.6	19.8	19.8	22	31.9	33	30.8	19.8	24.2	23.1	16.5	30.8	12.1	27.5	33	23.1	14.3	15.4	24.2	23.1	23.1	18.7	12.1	19.8	12.1	11	26.4	17.6	27.5	14.3	15.4	16.5	27.5	14.3	23.1	23.1	23.1	14.3	24.2	17.6	31.9	29.7	25.3	22	23.1	25.3	23.1	15.4	25.3	27.5	26.4	33	27.5	15.4	11	24.2	30.8	24.2	17.6	16.5	30.8	15.4	12.1	11	17.6	17.6	18.7	22	16.5	16.5	29.7	11	20.9	15.4	14.3	25.3	26.4	30.8	14.3	14.3	11	20.9	33	18.7	30.8	17.6	15.4	27.5	22	22	28.6	18.7	25.3	17.6	29.7	17.6	12.1	26.4	18.7	14.3	25.3	20.9	15.4	19.8	22	11	28.6	11	33	12.1	22	28.6	26.4	22	29.7	31.9	12.1	22	26.4	30.8	12.1	23.1	19.8	24.2	23.1	30.8	24.2	20.9	28.6	23.1	19.8	12.1	27.5	20.9	16.5	30.8	13.2	15.4	23.1	30.8	27.5	20.9	22	15.4	22	23.1	25.3	23.1	16.5	26.4	19.8	31.9	22	26.4	11	29.7	26.4	33	33	20.9	28.6	14.3	29.7	30.8	24.2	20.9	19.8	22	31.9	12.1	18.7	20.9	23.1	26.4	30.8	25.3	28.6	31.9	12.1	15.4	16.5	15.4	24.2	28.6	16.5	19.8	20.9	19.8	11	33	25.3	27.5	29.7	33	15.4	33	13.2	22	25.3	20.9	20.9	22	28.6	17.6	15.4	14.3	11	19.8	29.7	18.7	28.6	11	31.9	17.6	33	30.8	26.4	14.3	29.7	19.8	17.6	26.4	18.7	17.6	24.2	28.6	24.2	33	15.4	15.4	23.1	16.5	16.5	14.3	33	25.3	17.6	31.9	24.2	31.9	27.5	11	22	24.2	31.9	33	24.2	23.1	30.8	33	12.1	17.6	24.2	11	19.8	19.8	23.1	16.5	12.1	24.2	20.9	13.2	18.7	28.6	26.4	27.5	15.4	11	17.6	19.8	18.7	24.2	22	31.9	30.8	31.9	17.6	22	18.7	17.6	19.8	17.6	20.9	26.4	27.5	28.6	13.2	25.3	24.2	13.2	26.4	16.5	15.4	14.3	19.8	28.6	19.8	17.6	15.4	29.7	29.7	16.5	27.5	16.5	28.6	18.7	15.4	20.9	20.9	16.5	11	15.4	27.5	31.9	30.8	20.9	15.4	22	16.5	12.1	12.1	16.5	30.8	16.5	31.9	23.1	23.1	12.1	23.1	33	22	28.6	29.7	13.2	18.7	18.7	11	20.9	28.6	29.7	30.8	17.6	25.3	17.6	19.8	30.8	16.5	13.2	27.5	18.7	22	12.1	12.1	28.6	11	33	23.1	16.5	31.9	28.6	33	23.1	27.5	25.3	22	19.8	14.3	20.9	22	11	27.5	18.7	27.5	19.8	11	13.2	16.5	14.3	20.9	17.6	20.9	22	18.7	27.5	26.4	22	33	26.4	30.8	20.9	30.8	20.9	24.2	19.8	24.2	18.7	26.4	30.8	28.6	17.6	20.9	13.2	33	17.6	23.1	23.1	19.8	18.7	17.6	20.9	17.6	11	20.9	26.4	14.3	27.5	16.5	31.9	19.8	22	17.6	11	20.9	18.7	24.2	19.8	25.3	12.1	28.6	31.9	29.7	15.4	13.2	12.1	20.9	20.9	13.2	30.8	18.7	24.2	28.6	25.3	24.2	11	33	27.5	33	28.6	27.5	16.5	31.9	14.3	31.9	33	27.5	24.2	12.1	28.6	22	19.8	13.2	11	24.2	33	26.4	12.1	16.5	16.5	29.7	33	12.1	22	30.8	24.2	22	16.5	33	33	11	14.3	16.5	14.3	19.8	22	18.7	17.6	33	14.3	30.8	20.9	13.2	26.4	26.4	15.4	25.3	13.2	17.6	33	33	33	28.6	15.4	27.5	11	25.3	12.1	19.8	20.9	33	16.5	15.4	26.4	15.4	27.5	30.8	20.9	18.7	28.6	30.8	17.6	20.9	20.9	22	14.3	18.7	16.5	30.8	23.1	16.5	30.8	15.4	23.1	33	13.2	30.8	11	27.5	23.1	33	24.2	12.1	22	27.5	30.8	25.3	16.5	30.8	24.2	13.2	18.7	13.2	17.6	15.4	29.7	16.5	15.4	22	29.7	31.9	16.5	13.2	17.6	26.4	26.4	22	27.5	23.1	12.1	28.6	29.7	30.8	15.4	31.9	12.1	33	23.1	28.6	11	33	20.9	29.7	20.9	29.7	30.8	20.9	18.7	17.6	18.7	19.8	20.9	18.7	31.9	11	26.4	23.1	18.7	27.5	25.3	23.1	15.4	29.7	27.5	18.7	23.1	33	30.8	13.2	17.6	29.7	13.2	19.8	14.3	28.6	29.7	17.6	14.3	28.6	25.3	26.4	33	18.7	27.5	33	20.9	33	11	12.1	17.6	33	23.1	11	28.6	33	18.7	33	29.7	22	19.8	26.4	26.4	29.7	13.2	15.4	15.4	24.2	13.2	19.8	15.4	19.8	25.3	13.2	27.5	19.8	25.3	17.6	17.6	33	22	22	13.2	20.9	13.2	26.4	18.7	25.3	25.3	26.4	20.9	16.5	11	19.8	29.7	24.2	25.3	30.8	29.7	30.8	30.8	13.2	28.6	27.5	13.2	33	25.3	18.7	33	24.2	11	19.8	25.3	26.4	18.7	20.9	13.2	26.4	29.7	33	11	17.6	13.2	18.7	14.3	20.9	20.9	31.9	15.4	22	28.6	24.2	
15.4	29.7	27.5	22	24.2	19.8	26.4	26.4	24.2	17.6	28.6	14.3	12.1	18.7	13.2	23.1	14.3	13.2	18.7	19.8	25.3	12.1	31.9	15.4	26.4	12.1	25.3	17.6	12.1	15.4	
10	19	15	12	14	17	15	11	14	19	16	17	13	15	10	13	17	13	13	10	16	12	16	11	18	20	15	17	11	20	16	11	12	19	16	20	20	12	18	16	17	12	20	17	16	17	20	11	17	15	13	16	19	17	12	13	15	11	11	18	14	20	16	10	15	20	19	11	12	15	10	14	19	11	16	11	19	20	10	17	20	12	13	13	15	20	10	12	18	11	17	17	15	20	20	20	19	17	10	11	17	18	11	13	19	20	10	16	17	17	13	20	15	17	19	17	15	19	12	20	18	10	12	15	10	11	11	10	17	17	18	10	10	10	10	15	18	13	18	10	19	13	20	18	18	15	15	11	16	19	13	19	12	11	11	18	18	12	16	19	10	15	11	17	16	17	19	16	10	13	20	12	18	15	10	14	11	20	10	12	16	17	18	12	18	17	17	10	13	14	17	14	10	13	15	12	12	10	16	16	12	10	17	20	19	17	11	13	15	10	19	12	17	18	11	13	19	15	20	16	15	15	20	18	14	20	16	14	17	14	17	12	13	11	17	14	12	18	15	15	17	16	11	19	16	15	18	20	11	11	20	10	13	18	13	20	16	17	12	18	18	11	20	18	17	14	20	13	18	10	18	12	11	10	18	13	12	10	18	12	15	20	13	19	17	14	13	20	19	10	16	11	11	10	13	13	17	14	14	16	16	19	13	14	10	16	12	19	16	18	10	16	12	12	12	18	14	20	18	14	13	18	18	19	19	15	14	10	18	11	17	12	15	10	17	11	15	13	15	17	13	14	15	10	10	16	12	18	20	14	18	19	17	20	10	20	11	18	14	12	10	20	14	19	19	15	12	17	19	11	19	15	14	11	13	10	18	18	18	18	20	19	19	17	13	19	17	20	10	19	20	13	14	16	16	19	15	14	18	13	17	10	18	17	17	11	18	20	12	17	13	16	11	11	17	14	10	18	19	12	14	13	12	20	16	10	15	19	13	15	15	11	17	12	12	15	15	19	18	11	18	19	11	19	18	11	15	15	10	13	11	16	16	15	16	13	20	10	11	14	20	12	13	10	17	18	10	17	14	19	13	14	16	17	11	11	10	16	10	20	14	16	20	15	19	13	14	18	19	10	11	15	13	14	20	12	11	17	15	18	19	11	19	19	10	11	15	14	14	13	13	12	11	13	15	14	13	12	14	13	10	10	12	17	17	18	12	17	16	14	13	15	17	19	17	11	14	15	10	11	14	18	20	18	15	17	10	16	12	16	19	12	15	12	15	12	16	13	17	15	20	12	17	17	15	16	12	19	16	14	16	10	15	18	11	14	12	15	14	19	16	10	13	12	19	15	12	16	14	15	13	11	20	16	14	15	13	10	11	12	12	13	12	13	10	13	11	13	14	11	13	19	17	20	18	17	16	14	12	11	10	13	10	19	15	17	14	10	19	13	16	19	18	16	20	15	12	20	10	20	15	14	18	12	14	19	12	18	10	13	14	16	11	15	14	17	18	15	14	17	12	15	15	10	17	11	13	18	14	17	16	15	11	17	11	11	13	18	19	20	10	19	10	19	14	13	18	19	20	13	14	11	13	14	11	20	10	20	11	16	19	20	11	16	19	13	12	13	14	10	17	18	10	18	17	14	12	17	20	10	12	13	19	16	20	14	17	15	19	19	14	12	15	19	19	14	10	16	15	16	20	18	13	10	17	19	15	16	14	12	10	16	18	15	17	10	15	18	17	20	17	14	15	10	18	10	20	13	11	12	13	10	20	10	17	16	20	13	14	18	15	14	19	13	20	18	13	20	10	17	20	13	20	12	20	14	16	14	16	20	12	13	15	20	14	17	10	16	20	16	17	14	19	17	10	10	10	15	12	15	17	17	16	15	17	15	18	17	19	11	13	18	12	17	14	10	16	19	17	13	11	20	13	17	11	13	11	16	20	20	19	18	12	16	12	20	14	10	15	10	19	16	11	12	17	16	10	13	17	14	14	16	18	20	10	12	13	14	19	19	15	13	15	18	15	10	14	14	10	10	11	18	17	11	14	16	12	12	17	12	13	16	20	11	15	13	19	10	14	15	12	18	18	10	17	10	14	13	14	20	20	20	13	11	19	16	20	13	19	19	10	10	17	20	10	13	16	20	20	13	10	11	11	18	19	17	19	20	10	19	13	11	14	17	10	19	15	20	16	20	12	16	14	10	18	10	16	11	14	13	17	14	10	19	19	14	20	17	10	11	13	10	12	10	17	15	10	17	14	13	12	16	11	17	20	11	10	15	17	10	
1	1	1	1	1	1	1	1	1	1	1	1	1	1	1	1	1	1	1	1	1	1	1	1	1	1	1	1	1	1	1	1	1	1	2	2	2	2	2	2	2	2	2	2	2	2	2	2	2	2	2	2	2	2	2	2	2	2	2	2	2	2	2	2	2	2	2	2	2	3	3	3	3	3	3	3	3	3	3	3	3	3	3	3	3	3	3	3	3	3	3	3	3	3	3	3	4	4	4	4	4	4	4	4	4	4	4	4	4	4	4	4	4	4	4	4	4	4	4	4	4	4	4	4	4	4	4	4	4	4	5	5	5	5	5	5	5	5	5	5	5	5	5	5	5	5	5	5	5	5	5	5	5	5	5	5	5	5	5	5	5	5	5	6	6	6	6	6	6	6	6	6	6	6	6	6	6	6	6	6	6	6	6	6	6	6	6	6	6	6	6	6	6	6	6	6	6	6	6	6	6	6	6	7	7	7	7	7	7	7	7	7	7	7	7	7	7	7	7	7	7	7	7	7	7	7	7	7	7	7	7	7	7	7	7	7	7	7	7	7	7	7	7	8	8	8	8	8	8	8	8	8	8	8	8	8	8	8	8	8	8	8	8	8	8	8	8	8	8	8	8	8	8	8	8	8	8	9	9	9	9	9	9	9	9	9	9	9	9	9	9	9	9	9	9	9	9	9	9	9	9	9	9	9	9	9	9	10	10	10	10	10	10	10	10	10	10	10	10	10	10	10	10	10	10	10	10	10	10	10	10	10	10	10	10	10	10	10	10	11	11	11	11	11	11	11	11	11	11	11	11	11	11	11	11	11	11	11	11	11	11	11	11	11	11	11	11	11	11	11	11	11	12	12	12	12	12	12	12	12	12	12	12	12	12	12	12	12	12	12	12	12	12	12	12	12	12	12	12	12	12	12	12	12	13	13	13	13	13	13	13	13	13	13	13	13	13	13	13	13	13	13	13	13	13	13	13	13	13	13	13	13	13	13	13	13	13	13	14	14	14	14	14	14	14	14	14	14	14	14	14	14	14	14	14	14	14	14	14	14	14	14	14	14	14	14	14	14	14	14	14	14	14	14	14	15	15	15	15	15	15	15	15	15	15	15	15	15	15	15	15	15	15	15	15	15	15	15	15	15	15	15	15	15	15	15	16	16	16	16	16	16	16	16	16	16	16	16	16	16	16	16	16	16	16	16	16	16	16	16	16	16	16	17	17	17	17	17	17	17	17	17	17	17	17	17	17	17	17	17	17	17	17	17	17	17	17	17	17	17	17	17	17	17	17	17	17	17	17	17	17	17	17	17	17	18	18	18	18	18	18	18	18	18	18	18	18	18	18	18	18	18	18	18	18	18	18	18	18	18	18	18	18	18	18	18	18	18	18	18	18	18	18	18	19	19	19	19	19	19	19	19	19	19	19	19	19	19	19	19	19	19	19	19	19	19	19	19	19	19	19	19	19	19	19	19	19	19	19	19	19	19	19	19	19	19	19	19	19	20	20	20	20	20	20	20	20	20	20	20	20	20	20	20	20	20	20	20	20	20	20	20	20	20	20	20	20	20	20	20	20	21	21	21	21	21	21	21	21	21	21	21	21	21	21	21	21	21	21	21	21	21	21	21	21	21	21	21	21	21	21	21	21	21	21	21	22	22	22	22	22	22	22	22	22	22	22	22	22	22	22	22	22	22	22	22	23	23	23	23	23	23	23	23	23	23	23	23	23	23	23	23	23	23	23	23	23	23	23	23	24	24	24	24	24	24	24	24	24	24	24	24	24	24	24	24	24	24	24	24	24	24	24	24	24	24	24	24	24	24	24	24	24	24	24	24	24	25	25	25	25	25	25	25	25	25	25	25	25	25	25	25	25	25	25	25	25	25	25	25	25	25	25	25	25	25	25	25	25	25	25	25	25	25	26	26	26	26	26	26	26	26	26	26	26	26	26	26	26	26	26	26	26	26	26	26	26	26	26	26	26	26	26	26	26	26	26	26	27	27	27	27	27	27	27	27	27	27	27	27	27	27	27	27	27	27	27	27	27	27	27	27	27	27	27	27	27	27	28	28	28	28	28	28	28	28	28	28	28	28	28	28	28	28	28	28	28	28	28	28	28	28	28	28	28	28	29	29	29	29	29	29	29	29	29	29	29	29	29	29	29	29	29	29	29	29	29	29	29	29	29	29	29	29	29	29	29	29	30	30	30	30	30	30	30	30	30	30	30	30	30	30	30	30	30	30	30	30	30	30	30	30	30	30	30	30	30	30	30	30	
