1000
15	2
1059	14.3
31	27	28	27	30	26	29	31	30	28	28	28	29	28	28	31	31	29	28	27	28	30	27	30	27	28	27	26	29	29	31	31	30	30	31	31	27	26	31	29	27	30	26	28	26	28	31	28	29	31	28	28	31	29	29	31	27	31	29	28	27	27	27	29	30	28	26	27	27	29	26	27	27	31	29	28	29	28	28	28	27	31	27	28	30	30	29	26	27	31	28	28	29	28	28	30	30	31	29	27	26	26	27	28	26	30	28	31	27	30	30	30	29	26	29	30	27	28	31	27	28	31	31	26	30	28	28	31	30	28	28	31	26	29	31	28	28	29	31	30	27	30	28	29	28	31	29	31	27	28	31	29	29	28	26	29	26	28	26	29	26	30	29	30	28	26	27	31	26	30	26	28	27	30	30	30	27	27	26	31	27	26	27	27	26	27	29	27	26	26	31	28	30	27	30	26	31	26	29	27	27	29	28	27	29	26	28	30	28	26	31	31	28	29	28	29	28	31	30	26	29	27	28	31	31	30	31	26	27	28	29	28	28	30	27	29	30	29	26	30	30	26	30	29	30	27	28	30	28	26	28	31	28	29	30	31	26	30	28	30	29	30	29	26	30	28	29	27	28	27	30	26	30	31	29	31	27	30	26	30	27	26	31	30	31	26	31	28	26	26	30	30	31	31	29	26	27	30	29	27	27	26	29	31	30	27	28	29	31	28	30	29	27	28	31	26	26	29	31	28	29	31	26	29	29	30	29	26	28	28	27	28	31	30	26	27	29	26	28	29	28	30	31	26	26	27	31	28	31	26	31	31	29	28	31	28	31	29	30	31	29	27	26	26	27	31	27	26	27	30	30	29	27	30	26	29	31	28	26	30	26	29	27	30	29	26	29	31	28	26	28	26	27	27	29	29	27	26	26	31	29	26	31	27	27	30	30	26	31	27	29	31	28	28	29	31	30	27	30	26	31	26	27	30	31	27	26	30	26	29	31	28	30	27	31	31	31	26	26	29	28	26	28	31	29	27	27	27	30	29	29	28	27	31	28	27	30	27	26	31	29	29	27	27	27	28	28	30	27	30	27	29	28	30	31	27	29	31	26	28	31	29	28	29	28	31	30	31	29	28	26	29	27	27	30	27	27	27	29	29	28	31	26	26	28	29	31	26	29	26	31	31	26	28	31	28	29	28	26	26	30	28	27	26	27	31	31	31	29	28	28	31	30	26	30	27	27	30	28	26	29	31	26	29	31	26	27	26	29	30	31	27	31	30	30	30	28	30	27	28	31	31	30	28	26	29	27	30	26	29	28	29	26	30	27	29	29	26	29	30	27	28	29	28	29	31	26	28	31	29	31	27	26	27	29	31	26	29	26	30	30	29	28	30	29	31	28	31	29	28	31	28	29	26	27	29	26	30	29	29	28	31	27	28	28	30	27	27	27	26	31	31	30	30	27	30	27	29	29	29	31	28	28	26	26	30	29	26	29	27	26	26	27	29	26	26	28	29	27	30	29	28	31	29	29	30	31	28	26	26	31	26	29	31	29	31	29	31	28	27	31	27	29	30	29	28	30	27	30	31	29	31	29	28	31	28	29	30	31	28	26	30	27	30	27	27	30	30	31	26	27	31	27	27	27	31	30	27	26	30	30	27	29	30	29	30	27	29	27	29	29	30	29	29	28	27	26	26	31	28	28	30	29	26	30	29	28	31	31	31	31	28	30	26	27	30	29	27	28	27	26	31	29	28	30	31	27	29	31	28	28	31	31	31	29	28	26	27	29	29	30	30	30	29	28	30	28	31	26	29	28	30	28	27	29	29	27	27	29	28	31	29	27	29	29	26	28	29	27	26	26	26	31	31	30	29	28	26	27	27	27	27	30	28	29	29	29	31	30	29	27	31	30	28	26	26	28	31	27	29	26	30	28	30	28	28	26	29	26	28	29	26	30	30	29	31	27	29	28	28	26	30	30	26	30	28	30	29	29	26	29	31	27	31	30	29	27	31	31	27	28	29	29	26	28	29	29	30	26	28	28	30	28	29	28	26	27	30	26	31	28	29	26	29	30	26	26	31	27	27	30	26	28	26	28	27	31	31	28	26	27	30	27	29	29	30	31	26	29	30	28	29	26	29	29	27	31	26	28	31	29	30	28	29	27	31	26	30	27	26	26	30	27	31	29	26	26	29	26	29	29	28	26	29	31	29	30	27	29	30	26	26	31	31	27	30	30	28	31	30	30	28	31	28	29	29	31	27	29	29	31	26	31	31	31	27	29	28	29	28	
87	86	76	82	82	86	89	79	78	77	89	92	79	82	89	79	91	91	91	90	92	92	78	88	90	93	90	84	77	86	84	86	84	94	86	94	85	76	90	76	77	76	79	86	89	88	92	76	86	82	94	87	77	90	80	89	91	80	81	94	79	76	91	87	93	86	88	84	93	91	83	81	84	81	93	82	90	79	76	79	85	88	77	84	76	85	88	84	85	76	92	81	93	87	94	88	87	86	94	77	92	86	83	94	77	76	79	83	86	94	76	83	78	84	89	91	87	76	92	85	94	79	77	91	81	78	76	92	92	76	80	83	80	77	82	78	76	81	79	80	90	84	92	93	87	91	84	91	94	93	87	86	88	84	85	84	89	85	93	76	91	84	94	87	88	77	85	91	76	82	89	86	94	89	86	94	79	89	93	91	92	78	77	89	77	88	77	76	84	76	87	78	81	94	87	85	80	85	80	83	85	80	85	89	93	84	92	85	91	77	88	87	92	82	91	85	84	89	87	85	90	94	87	79	86	76	81	91	94	80	92	81	92	82	82	89	90	87	91	76	86	85	86	88	85	89	81	79	77	76	87	88	87	85	89	89	93	86	79	92	91	80	87	86	89	90	94	90	77	85	89	86	92	80	80	76	76	91	79	82	82	84	91	91	79	85	85	89	90	91	80	85	83	83	79	89	93	86	76	88	89	86	92	93	88	91	85	78	85	81	89	77	88	85	83	84	89	85	78	84	85	83	83	76	88	79	87	76	88	87	85	81	88	93	80	92	79	82	94	82	78	76	78	85	76	90	79	88	79	83	79	80	76	88	82	93	83	77	88	88	80	87	84	87	86	93	79	77	93	84	90	90	87	89	93	77	87	94	93	78	93	83	87	86	78	78	81	89	80	87	79	83	87	82	84	80	94	76	84	91	82	93	91	88	85	86	85	77	94	79	87	83	88	92	79	94	87	83	85	86	77	91	76	86	77	82	76	82	85	87	78	81	81	85	85	86	78	89	79	91	80	91	91	89	87	76	91	92	91	84	82	76	87	81	89	76	93	89	94	88	90	92	94	84	84	76	83	92	83	80	88	80	87	77	76	90	80	81	81	82	84	82	91	94	80	86	90	76	79	81	94	93	88	77	83	76	93	79	89	92	92	87	81	89	81	92	79	89	76	81	78	84	89	87	81	81	90	86	90	77	87	88	83	78	76	86	91	76	88	90	79	80	90	93	92	92	76	94	87	94	93	85	77	94	80	77	81	82	82	85	85	90	91	81	77	90	92	79	79	90	82	82	92	90	93	77	94	79	79	80	85	94	88	87	87	86	82	93	76	81	88	79	81	85	78	80	78	90	79	77	88	81	79	93	77	77	78	76	89	87	84	94	82	82	90	84	77	80	82	94	83	77	93	91	89	94	78	82	83	86	92	80	82	86	85	90	82	94	78	89	90	76	80	94	88	78	91	80	93	93	90	79	94	94	80	76	79	82	81	93	76	81	86	80	85	90	92	84	85	84	79	91	79	83	94	84	77	90	86	79	88	77	85	83	93	82	85	81	89	91	92	87	81	76	79	89	82	90	91	78	90	78	93	88	84	84	86	86	78	82	78	86	93	93	94	77	77	84	91	86	93	93	92	89	85	86	81	83	84	86	86	92	88	90	79	85	86	90	90	89	85	89	93	76	86	91	79	79	79	88	82	79	78	89	77	89	88	86	78	89	79	79	87	82	78	81	93	85	92	90	91	77	76	77	92	89	91	93	84	81	78	82	79	88	87	94	87	94	83	93	92	77	78	82	82	91	77	91	87	76	83	79	90	89	85	79	76	93	92	88	78	92	81	89	79	86	89	83	88	87	80	92	77	85	90	82	91	77	77	92	93	85	81	93	93	77	91	85	92	80	86	77	82	94	88	90	86	86	78	77	89	91	94	88	93	80	77	80	89	89	81	87	90	93	94	82	79	86	94	92	88	76	92	78	80	83	90	92	91	84	78	82	91	89	86	78	88	77	86	76	79	91	79	90	80	89	78	82	81	92	91	91	79	84	93	86	93	83	87	85	78	83	76	91	83	93	93	93	76	79	78	92	93	91	89	94	86	94	85	93	90	77	83	85	86	83	81	78	91	92	82	77	93	82	80	85	88	93	91	91	91	93	86	78	76	86	82	91	80	90	83	94	88	82	78	81	94	92	83	93	84	85	78	80	80	91	83	86	93	89	92	82	91	84	76	91	77	83	79	85	87	80	86	88	82	80	82	76	77	90	83	89	88	76	76	86	82	78	86	86	
30.8	15.4	29.7	29.7	25.3	17.6	14.3	20.9	12.1	11	26.4	16.5	13.2	29.7	30.8	11	27.5	28.6	27.5	31.9	22	14.3	17.6	23.1	33	24.2	31.9	28.6	17.6	11	13.2	23.1	12.1	19.8	20.9	26.4	30.8	14.3	11	17.6	31.9	22	33	22	25.3	30.8	27.5	13.2	20.9	13.2	17.6	31.9	12.1	27.5	26.4	18.7	15.4	27.5	17.6	30.8	27.5	12.1	31.9	19.8	15.4	23.1	11	31.9	23.1	30.8	14.3	15.4	23.1	20.9	16.5	13.2	27.5	18.7	24.2	17.6	29.7	28.6	25.3	23.1	24.2	27.5	13.2	19.8	13.2	14.3	33	29.7	11	24.2	20.9	29.7	17.6	17.6	20.9	14.3	22	25.3	25.3	13.2	33	16.5	27.5	28.6	33	17.6	14.3	14.3	26.4	27.5	16.5	13.2	16.5	28.6	17.6	11	30.8	25.3	12.1	31.9	23.1	18.7	12.1	20.9	31.9	20.9	29.7	30.8	29.7	25.3	15.4	19.8	28.6	33	33	22	20.9	24.2	18.7	17.6	27.5	29.7	22	27.5	26.4	25.3	25.3	15.4	14.3	28.6	22	13.2	30.8	20.9	12.1	12.1	15.4	19.8	31.9	13.2	20.9	28.6	11	22	30.8	33	29.7	30.8	19.8	28.6	31.9	18.7	33	27.5	17.6	29.7	26.4	14.3	19.8	28.6	30.8	11	19.8	18.7	29.7	26.4	27.5	23.1	13.2	31.9	31.9	31.9	31.9	25.3	20.9	31.9	30.8	19.8	16.5	24.2	25.3	29.7	16.5	16.5	31.9	20.9	26.4	20.9	28.6	17.6	11	22	19.8	30.8	25.3	19.8	14.3	15.4	27.5	24.2	28.6	25.3	27.5	20.9	33	14.3	15.4	27.5	27.5	12.1	25.3	17.6	26.4	33	17.6	33	26.4	28.6	26.4	17.6	24.2	24.2	22	20.9	17.6	20.9	29.7	17.6	13.2	20.9	16.5	30.8	22	18.7	12.1	17.6	12.1	12.1	29.7	33	28.6	30.8	26.4	33	23.1	26.4	27.5	22	23.1	16.5	24.2	24.2	23.1	31.9	15.4	28.6	27.5	16.5	29.7	25.3	18.7	17.6	17.6	16.5	22	33	25.3	20.9	27.5	31.9	19.8	15.4	16.5	30.8	25.3	26.4	26.4	17.6	30.8	28.6	13.2	25.3	27.5	24.2	22	14.3	33	24.2	27.5	17.6	28.6	13.2	26.4	24.2	14.3	24.2	23.1	30.8	13.2	27.5	25.3	33	22	11	12.1	22	14.3	15.4	17.6	20.9	20.9	31.9	30.8	22	33	25.3	33	26.4	26.4	23.1	29.7	24.2	14.3	23.1	17.6	20.9	29.7	23.1	11	26.4	20.9	23.1	19.8	20.9	11	11	11	31.9	17.6	17.6	29.7	14.3	30.8	24.2	20.9	11	22	12.1	17.6	30.8	18.7	26.4	18.7	14.3	24.2	29.7	28.6	33	33	27.5	31.9	11	18.7	12.1	11	16.5	20.9	19.8	23.1	31.9	33	25.3	33	11	28.6	23.1	13.2	30.8	12.1	24.2	30.8	24.2	11	20.9	19.8	30.8	33	28.6	17.6	15.4	18.7	27.5	26.4	26.4	20.9	12.1	14.3	19.8	27.5	15.4	24.2	25.3	19.8	17.6	20.9	18.7	26.4	31.9	23.1	20.9	23.1	33	11	27.5	20.9	20.9	29.7	13.2	12.1	29.7	20.9	29.7	23.1	20.9	30.8	28.6	15.4	28.6	15.4	28.6	17.6	24.2	33	20.9	12.1	26.4	18.7	29.7	14.3	20.9	19.8	12.1	12.1	16.5	28.6	19.8	14.3	30.8	11	14.3	15.4	24.2	18.7	24.2	33	27.5	13.2	14.3	29.7	26.4	23.1	17.6	27.5	13.2	13.2	15.4	20.9	17.6	14.3	11	14.3	20.9	22	23.1	11	24.2	14.3	26.4	11	31.9	19.8	16.5	15.4	22	26.4	17.6	25.3	31.9	13.2	31.9	24.2	14.3	11	33	12.1	22	18.7	23.1	29.7	26.4	25.3	15.4	33	13.2	23.1	30.8	24.2	12.1	11	23.1	15.4	27.5	20.9	24.2	14.3	33	24.2	24.2	23.1	27.5	24.2	17.6	13.2	24.2	14.3	17.6	29.7	16.5	19.8	23.1	15.4	17.6	15.4	31.9	28.6	33	12.1	23.1	17.6	15.4	15.4	30.8	26.4	31.9	11	22	28.6	12.1	22	28.6	22	33	30.8	13.2	17.6	26.4	25.3	13.2	33	23.1	13.2	23.1	28.6	19.8	23.1	19.8	15.4	31.9	25.3	33	20.9	18.7	31.9	25.3	14.3	11	11	18.7	16.5	11	18.7	18.7	19.8	19.8	20.9	14.3	25.3	22	31.9	23.1	22	25.3	30.8	23.1	24.2	19.8	23.1	23.1	15.4	15.4	15.4	16.5	33	15.4	28.6	24.2	12.1	18.7	27.5	12.1	30.8	17.6	11	22	23.1	15.4	27.5	26.4	23.1	23.1	27.5	14.3	28.6	11	23.1	33	23.1	33	33	29.7	17.6	18.7	30.8	29.7	24.2	33	19.8	14.3	14.3	11	30.8	17.6	20.9	33	17.6	17.6	28.6	18.7	33	12.1	14.3	16.5	27.5	31.9	24.2	13.2	20.9	25.3	20.9	22	13.2	11	31.9	29.7	17.6	29.7	13.2	31.9	24.2	24.2	30.8	26.4	19.8	13.2	16.5	24.2	15.4	19.8	28.6	13.2	16.5	30.8	27.5	23.1	19.8	22	23.1	25.3	13.2	14.3	15.4	15.4	13.2	29.7	18.7	25.3	16.5	14.3	14.3	28.6	11	29.7	13.2	23.1	33	15.4	23.1	33	30.8	18.7	30.8	26.4	26.4	14.3	31.9	14.3	23.1	11	27.5	19.8	29.7	14.3	18.7	22	18.7	26.4	15.4	18.7	17.6	18.7	17.6	12.1	31.9	30.8	22	30.8	14.3	29.7	33	25.3	15.4	12.1	30.8	14.3	33	12.1	16.5	15.4	25.3	18.7	28.6	27.5	17.6	17.6	28.6	31.9	30.8	11	14.3	29.7	14.3	13.2	14.3	17.6	31.9	15.4	11	27.5	18.7	22	29.7	23.1	23.1	12.1	12.1	26.4	12.1	15.4	22	30.8	15.4	11	22	22	14.3	26.4	18.7	31.9	11	26.4	28.6	15.4	26.4	26.4	18.7	17.6	23.1	17.6	14.3	19.8	17.6	15.4	30.8	30.8	31.9	28.6	19.8	11	18.7	26.4	28.6	13.2	24.2	17.6	16.5	11	17.6	18.7	16.5	17.6	14.3	24.2	28.6	31.9	13.2	31.9	26.4	16.5	22	12.1	17.6	30.8	13.2	13.2	31.9	20.9	31.9	18.7	31.9	27.5	14.3	26.4	30.8	11	18.7	16.5	12.1	23.1	12.1	22	14.3	19.8	14.3	33	23.1	23.1	19.8	16.5	16.5	24.2	26.4	27.5	30.8	17.6	13.2	12.1	31.9	11	25.3	28.6	17.6	27.5	16.5	12.1	16.5	24.2	11	29.7	19.8	29.7	13.2	27.5	16.5	24.2	24.2	22	22	16.5	20.9	13.2	15.4	25.3	25.3	26.4	23.1	27.5	23.1	18.7	14.3	17.6	20.9	31.9	20.9	22	24.2	17.6	14.3	18.7	29.7	19.8	18.7	18.7	24.2	25.3	15.4	19.8	13.2	19.8	22	22	33	24.2	11	12.1	27.5	27.5	28.6	20.9	11	17.6	20.9	25.3	15.4	29.7	33	20.9	28.6	33	30.8	19.8	29.7	17.6	31.9	25.3	27.5	33	17.6	22	22	17.6	13.2	31.9	31.9	17.6	29.7	12.1	13.2	25.3	15.4	33	23.1	29.7	17.6	11	20.9	31.9	19.8	20.9	17.6	28.6	26.4	14.3	11	30.8	23.1	30.8	
22	28.6	29.7	27.5	24.2	27.5	20.9	12.1	26.4	12.1	13.2	11	17.6	27.5	13.2	15.4	18.7	23.1	31.9	29.7	16.5	26.4	15.4	22	15.4	12.1	14.3	28.6	14.3	15.4	26.4	27.5	28.6	33	11	22	25.3	12.1	22	27.5	18.7	19.8	11	14.3	31.9	16.5	20.9	26.4	27.5	15.4	15.4	33	17.6	20.9	22	28.6	15.4	24.2	13.2	13.2	30.8	28.6	25.3	30.8	13.2	28.6	23.1	26.4	22	26.4	27.5	25.3	31.9	13.2	24.2	30.8	17.6	28.6	18.7	31.9	24.2	20.9	18.7	15.4	18.7	27.5	26.4	30.8	23.1	22	22	29.7	25.3	24.2	16.5	29.7	26.4	18.7	11	27.5	18.7	29.7	27.5	12.1	31.9	12.1	17.6	16.5	15.4	24.2	25.3	16.5	15.4	14.3	27.5	33	19.8	23.1	13.2	33	17.6	20.9	19.8	33	18.7	22	16.5	13.2	33	22	23.1	24.2	19.8	18.7	29.7	20.9	14.3	28.6	16.5	25.3	20.9	31.9	14.3	33	24.2	13.2	28.6	23.1	24.2	18.7	11	29.7	28.6	12.1	15.4	25.3	20.9	18.7	33	13.2	27.5	18.7	22	13.2	11	17.6	30.8	12.1	28.6	19.8	24.2	26.4	13.2	25.3	23.1	12.1	18.7	23.1	14.3	31.9	24.2	18.7	27.5	26.4	14.3	15.4	26.4	29.7	18.7	28.6	19.8	14.3	25.3	16.5	14.3	25.3	23.1	30.8	19.8	16.5	13.2	13.2	33	31.9	33	30.8	11	18.7	20.9	14.3	19.8	26.4	29.7	27.5	19.8	11	18.7	13.2	29.7	23.1	27.5	18.7	27.5	11	24.2	29.7	23.1	22	14.3	27.5	18.7	20.9	18.7	25.3	23.1	18.7	19.8	12.1	12.1	25.3	33	16.5	33	31.9	11	23.1	26.4	28.6	28.6	29.7	27.5	20.9	23.1	23.1	22	19.8	28.6	31.9	25.3	26.4	20.9	29.7	23.1	24.2	22	22	25.3	14.3	29.7	11	24.2	22	17.6	19.8	18.7	11	22	28.6	28.6	25.3	24.2	24.2	14.3	12.1	33	14.3	26.4	33	29.7	14.3	13.2	22	28.6	20.9	19.8	18.7	29.7	26.4	28.6	23.1	14.3	12.1	22	24.2	14.3	28.6	30.8	19.8	15.4	33	31.9	11	30.8	19.8	29.7	19.8	31.9	15.4	26.4	27.5	33	13.2	31.9	14.3	14.3	11	27.5	17.6	17.6	30.8	28.6	28.6	22	20.9	18.7	29.7	17.6	14.3	11	27.5	18.7	18.7	14.3	24.2	26.4	20.9	30.8	15.4	22	28.6	11	20.9	23.1	29.7	12.1	28.6	16.5	19.8	31.9	23.1	30.8	27.5	27.5	13.2	11	18.7	30.8	28.6	15.4	22	18.7	26.4	19.8	25.3	14.3	19.8	24.2	30.8	11	27.5	14.3	12.1	15.4	11	28.6	31.9	18.7	11	28.6	12.1	20.9	29.7	12.1	19.8	17.6	31.9	17.6	29.7	11	14.3	26.4	17.6	16.5	26.4	26.4	30.8	33	19.8	24.2	17.6	24.2	23.1	19.8	16.5	13.2	33	26.4	29.7	31.9	15.4	22	23.1	13.2	14.3	15.4	33	31.9	22	31.9	20.9	27.5	19.8	23.1	23.1	31.9	19.8	18.7	11	17.6	30.8	16.5	26.4	12.1	29.7	24.2	17.6	25.3	30.8	16.5	23.1	13.2	30.8	28.6	15.4	30.8	13.2	15.4	19.8	20.9	25.3	16.5	11	33	24.2	19.8	16.5	17.6	31.9	15.4	17.6	18.7	23.1	15.4	29.7	26.4	26.4	11	14.3	19.8	30.8	20.9	14.3	33	19.8	15.4	12.1	20.9	16.5	31.9	23.1	29.7	33	15.4	23.1	24.2	29.7	15.4	29.7	27.5	27.5	13.2	17.6	22	15.4	11	11	20.9	31.9	23.1	22	33	19.8	13.2	11	12.1	31.9	17.6	14.3	18.7	13.2	12.1	30.8	12.1	25.3	19.8	31.9	30.8	11	11	20.9	17.6	17.6	24.2	19.8	27.5	23.1	26.4	20.9	33	23.1	29.7	16.5	24.2	30.8	19.8	15.4	25.3	11	19.8	23.1	11	12.1	25.3	30.8	11	27.5	13.2	26.4	15.4	31.9	16.5	16.5	26.4	25.3	19.8	11	17.6	33	12.1	14.3	18.7	16.5	27.5	18.7	23.1	11	23.1	24.2	16.5	30.8	13.2	30.8	14.3	23.1	24.2	16.5	13.2	15.4	19.8	13.2	31.9	28.6	15.4	14.3	13.2	16.5	18.7	15.4	28.6	14.3	13.2	31.9	26.4	33	20.9	26.4	18.7	13.2	26.4	28.6	12.1	29.7	20.9	26.4	15.4	16.5	15.4	17.6	22	24.2	18.7	11	31.9	16.5	23.1	17.6	19.8	26.4	17.6	25.3	26.4	12.1	33	30.8	13.2	18.7	31.9	24.2	24.2	12.1	19.8	29.7	12.1	13.2	27.5	19.8	30.8	14.3	16.5	30.8	31.9	11	20.9	16.5	24.2	11	16.5	20.9	19.8	25.3	16.5	24.2	12.1	20.9	15.4	12.1	17.6	29.7	17.6	33	20.9	24.2	11	24.2	27.5	17.6	12.1	26.4	22	19.8	18.7	29.7	29.7	26.4	31.9	24.2	16.5	25.3	12.1	15.4	27.5	24.2	15.4	14.3	24.2	29.7	27.5	30.8	13.2	27.5	23.1	11	18.7	19.8	11	18.7	13.2	16.5	26.4	33	24.2	23.1	24.2	28.6	18.7	17.6	30.8	26.4	33	29.7	19.8	27.5	15.4	22	29.7	16.5	22	33	11	11	17.6	18.7	18.7	27.5	25.3	14.3	25.3	27.5	26.4	33	19.8	24.2	15.4	31.9	20.9	11	22	31.9	30.8	25.3	16.5	18.7	26.4	16.5	33	19.8	15.4	29.7	19.8	14.3	13.2	22	12.1	16.5	27.5	17.6	17.6	16.5	19.8	20.9	12.1	12.1	16.5	19.8	17.6	22	16.5	15.4	22	24.2	13.2	18.7	17.6	31.9	30.8	17.6	13.2	22	24.2	26.4	13.2	27.5	12.1	11	19.8	23.1	13.2	33	28.6	24.2	33	11	16.5	29.7	14.3	11	18.7	31.9	31.9	24.2	11	28.6	27.5	12.1	17.6	28.6	16.5	26.4	11	20.9	25.3	17.6	26.4	18.7	16.5	17.6	12.1	13.2	31.9	27.5	13.2	28.6	23.1	11	19.8	25.3	11	16.5	26.4	25.3	15.4	20.9	20.9	33	23.1	24.2	26.4	24.2	23.1	16.5	26.4	28.6	23.1	23.1	20.9	29.7	17.6	20.9	33	16.5	26.4	28.6	26.4	27.5	12.1	18.7	30.8	22	23.1	18.7	17.6	24.2	30.8	15.4	28.6	24.2	20.9	18.7	22	26.4	19.8	25.3	27.5	17.6	17.6	15.4	24.2	15.4	17.6	29.7	14.3	13.2	27.5	25.3	20.9	22	16.5	25.3	11	15.4	23.1	24.2	28.6	24.2	14.3	28.6	18.7	22	30.8	14.3	19.8	19.8	33	16.5	20.9	16.5	20.9	17.6	15.4	27.5	20.9	13.2	20.9	30.8	31.9	14.3	25.3	29.7	20.9	11	29.7	17.6	19.8	20.9	16.5	33	24.2	11	17.6	14.3	29.7	17.6	33	29.7	26.4	19.8	13.2	17.6	30.8	17.6	16.5	19.8	29.7	13.2	17.6	18.7	23.1	13.2	25.3	11	11	26.4	27.5	16.5	20.9	28.6	13.2	12.1	26.4	17.6	28.6	27.5	31.9	23.1	25.3	11	23.1	33	24.2	14.3	26.4	26.4	27.5	29.7	17.6	15.4	33	19.8	30.8	31.9	19.8	33	16.5	15.4	28.6	33	28.6	26.4	22	18.7	
33	27.5	14.3	26.4	15.4	11	12.1	22	20.9	30.8	11	23.1	23.1	24.2	18.7	
19	15	19	14	18	13	17	13	18	14	11	18	11	14	10	16	16	13	10	18	14	11	14	10	10	13	13	20	12	18	19	13	13	16	16	13	19	17	17	15	16	17	16	10	13	16	12	13	20	19	18	11	14	17	10	12	17	15	11	20	14	17	19	16	11	20	13	19	13	11	20	15	17	15	13	15	10	17	11	11	19	13	16	18	16	14	11	19	20	15	12	18	19	15	16	16	16	14	19	15	13	12	12	10	12	16	20	14	18	14	20	12	17	12	15	17	15	11	16	18	17	19	12	16	16	17	19	19	11	17	20	12	18	12	14	20	10	12	20	17	11	11	10	15	11	19	11	16	15	17	12	11	15	16	16	17	13	11	17	19	10	11	16	16	19	20	13	19	11	18	15	15	15	11	16	18	18	19	12	20	18	16	20	11	14	15	12	16	11	13	12	18	16	19	17	20	13	13	10	11	13	19	10	19	20	17	15	17	14	18	13	12	11	12	19	20	10	15	13	14	13	20	15	14	10	17	17	15	13	16	13	14	14	16	10	18	11	20	10	11	14	20	16	15	12	14	12	18	20	15	18	18	16	18	12	15	13	10	12	19	20	17	11	10	19	20	16	12	10	17	20	20	12	14	16	10	10	15	20	17	20	14	12	17	12	20	20	10	16	19	20	11	18	20	17	17	20	20	20	18	18	20	19	16	11	16	12	18	18	16	18	10	17	20	12	19	18	14	16	17	13	19	16	10	10	12	10	15	20	15	14	17	20	16	16	16	16	15	15	17	18	20	14	13	11	14	12	20	14	17	13	19	15	15	14	20	11	17	14	14	10	18	20	10	14	19	15	19	17	15	10	12	16	20	20	11	15	10	16	11	18	17	14	16	17	14	10	16	15	12	14	15	19	14	19	18	11	15	15	14	19	18	14	12	14	20	20	17	14	17	13	16	15	20	12	20	19	14	10	14	12	18	16	18	14	19	10	16	17	19	11	16	18	10	17	20	17	16	18	17	15	15	11	20	20	14	19	16	15	17	15	14	16	18	14	15	10	20	14	18	18	14	15	10	13	16	16	12	15	13	10	19	18	14	13	10	11	17	18	10	14	19	16	19	13	18	19	20	18	18	18	12	18	11	12	14	10	16	16	16	13	11	12	14	10	19	18	19	11	20	11	13	15	18	18	10	16	20	12	19	12	18	18	10	20	18	13	20	16	14	15	15	17	18	15	20	14	15	15	20	19	18	12	20	13	19	18	17	18	14	11	19	15	14	13	16	15	13	13	11	14	14	20	17	11	16	19	16	15	10	17	19	13	17	13	18	18	19	15	19	20	19	11	15	12	20	11	13	10	17	15	19	10	11	10	19	15	14	19	18	10	11	13	19	18	15	13	14	13	14	11	14	12	17	19	19	13	14	19	16	19	19	14	17	10	12	12	20	17	15	18	18	12	20	18	17	18	10	18	18	10	12	10	15	19	19	17	11	10	11	13	19	12	10	14	15	18	18	14	19	19	11	12	17	12	16	14	19	15	18	10	13	13	15	15	16	11	12	13	11	19	13	14	17	18	20	17	16	18	16	10	15	14	13	20	18	14	18	19	16	18	13	12	10	16	12	10	13	15	13	12	17	17	19	10	13	18	13	12	18	19	14	15	19	17	14	20	12	20	10	11	11	11	20	11	10	13	12	13	11	13	12	13	15	18	19	11	18	19	16	14	19	20	13	12	10	14	15	15	10	13	12	13	13	20	20	18	15	17	12	16	19	19	17	19	19	15	19	20	12	20	10	17	10	17	10	11	10	11	14	16	10	17	15	10	14	12	16	19	14	15	19	20	19	19	13	20	15	10	19	19	15	18	14	12	14	10	20	17	16	20	14	19	19	15	18	19	11	15	10	16	10	12	16	20	13	12	18	17	19	20	12	17	15	19	10	20	14	19	15	12	17	10	15	17	19	20	17	17	12	12	12	10	16	14	16	11	14	11	18	17	18	18	16	16	15	18	12	16	20	14	12	12	10	11	12	13	12	16	14	13	11	19	15	15	16	19	14	16	11	20	20	10	18	20	10	14	20	14	10	10	17	12	20	15	19	20	11	14	16	14	19	15	16	17	20	15	17	19	15	19	13	16	14	17	20	11	18	10	17	11	16	17	12	17	16	11	15	15	16	15	20	15	19	14	17	11	16	16	18	10	10	18	17	15	14	12	15	20	10	18	12	14	14	19	10	18	18	19	13	11	13	15	17	12	19	19	17	14	13	14	12	16	17	18	19	20	17	10	10	
1	1	1	1	1	1	1	1	1	1	1	1	1	1	1	1	1	1	1	1	1	1	1	1	1	1	1	1	1	1	1	1	1	1	1	1	1	1	1	1	1	1	1	1	1	1	1	1	1	1	1	1	1	1	1	1	1	1	1	1	1	1	1	1	2	2	2	2	2	2	2	2	2	2	2	2	2	2	2	2	2	2	2	2	2	2	2	2	2	2	2	2	2	2	2	2	2	2	2	2	2	2	2	2	2	2	2	2	2	2	2	2	2	2	2	2	2	2	2	2	2	2	2	2	2	2	2	2	2	2	2	2	2	2	3	3	3	3	3	3	3	3	3	3	3	3	3	3	3	3	3	3	3	3	3	3	3	3	3	3	3	3	3	3	3	3	3	3	3	3	3	3	3	3	3	3	3	3	3	3	3	3	3	3	3	4	4	4	4	4	4	4	4	4	4	4	4	4	4	4	4	4	4	4	4	4	4	4	4	4	4	4	4	4	4	4	4	4	4	4	4	4	4	4	4	4	4	4	4	4	4	4	4	4	4	4	4	4	4	4	4	4	4	4	4	4	4	4	4	4	4	4	4	4	4	4	4	4	4	4	4	4	5	5	5	5	5	5	5	5	5	5	5	5	5	5	5	5	5	5	5	5	5	5	5	5	5	5	5	5	5	5	5	5	5	5	5	5	5	5	5	5	5	5	5	5	5	5	5	5	5	5	5	5	5	5	5	5	5	5	5	5	6	6	6	6	6	6	6	6	6	6	6	6	6	6	6	6	6	6	6	6	6	6	6	6	6	6	6	6	6	6	6	6	6	6	6	6	6	6	6	6	6	6	6	6	6	6	6	6	6	6	6	6	6	6	6	6	6	6	6	6	6	6	6	6	6	6	6	6	6	7	7	7	7	7	7	7	7	7	7	7	7	7	7	7	7	7	7	7	7	7	7	7	7	7	7	7	7	7	7	7	7	7	7	7	7	7	7	7	7	7	7	7	7	7	7	7	7	7	7	7	7	7	7	7	7	7	7	7	7	7	7	7	7	7	7	7	7	7	7	7	7	8	8	8	8	8	8	8	8	8	8	8	8	8	8	8	8	8	8	8	8	8	8	8	8	8	8	8	8	8	8	8	8	8	8	8	8	8	8	8	8	8	8	8	8	8	8	8	8	8	8	8	8	8	8	8	8	8	8	8	8	8	8	8	8	8	8	8	8	8	8	8	8	8	8	9	9	9	9	9	9	9	9	9	9	9	9	9	9	9	9	9	9	9	9	9	9	9	9	9	9	9	9	9	9	9	9	9	9	9	9	9	9	9	9	9	9	9	9	9	9	9	9	9	9	9	9	9	9	9	9	9	9	9	9	9	10	10	10	10	10	10	10	10	10	10	10	10	10	10	10	10	10	10	10	10	10	10	10	10	10	10	10	10	10	10	10	10	10	10	10	10	10	10	10	10	10	10	10	10	10	10	10	10	10	10	10	10	10	10	10	10	10	11	11	11	11	11	11	11	11	11	11	11	11	11	11	11	11	11	11	11	11	11	11	11	11	11	11	11	11	11	11	11	11	11	11	11	11	11	11	11	11	11	11	11	11	11	11	11	11	11	11	11	11	11	11	11	11	11	11	11	11	11	11	11	11	11	11	11	11	11	11	11	11	11	11	11	11	12	12	12	12	12	12	12	12	12	12	12	12	12	12	12	12	12	12	12	12	12	12	12	12	12	12	12	12	12	12	12	12	12	12	12	12	12	12	12	12	12	12	12	12	12	12	12	12	12	12	12	12	12	12	12	12	12	12	12	12	12	13	13	13	13	13	13	13	13	13	13	13	13	13	13	13	13	13	13	13	13	13	13	13	13	13	13	13	13	13	13	13	13	13	13	13	13	13	13	13	13	13	13	13	13	13	13	13	13	13	13	13	13	13	13	13	13	13	13	13	13	13	13	13	13	13	13	13	13	13	14	14	14	14	14	14	14	14	14	14	14	14	14	14	14	14	14	14	14	14	14	14	14	14	14	14	14	14	14	14	14	14	14	14	14	14	14	14	14	14	14	14	14	14	14	14	14	14	14	14	14	14	14	14	14	14	14	14	14	14	14	14	14	14	14	14	14	15	15	15	15	15	15	15	15	15	15	15	15	15	15	15	15	15	15	15	15	15	15	15	15	15	15	15	15	15	15	15	15	15	15	15	15	15	15	15	15	15	15	15	15	15	15	15	15	15	15	15	15	15	15	15	15	15	15	15	15	15	15	15	15	15	15	15	15	15	15	15	15	
