1000
45	10
346	29.7
28	27	30	27	26	28	27	26	27	31	29	27	30	31	29	26	28	29	26	31	27	28	27	31	30	27	26	30	29	26	28	27	28	30	30	26	28	30	26	26	26	27	28	29	27	29	30	27	27	31	29	28	30	28	30	27	30	28	26	26	29	30	31	28	31	29	28	26	26	28	26	28	28	29	26	28	30	30	26	29	29	30	29	29	31	31	28	31	31	29	27	31	30	29	28	27	31	27	28	30	26	30	28	30	28	29	30	26	27	29	31	26	27	29	27	27	30	31	28	27	30	30	30	28	28	29	31	31	30	28	27	31	28	26	29	26	27	28	26	26	26	30	30	28	29	29	27	30	26	26	30	30	30	27	28	31	27	27	28	31	28	26	27	28	29	28	30	31	31	29	26	27	31	29	29	31	29	31	26	28	28	30	26	30	27	28	28	27	29	26	29	26	29	27	29	28	27	28	29	31	27	29	30	31	31	30	27	31	27	31	29	26	31	29	28	31	31	26	26	29	29	26	30	30	29	28	31	30	28	29	28	26	29	30	27	31	28	27	27	29	31	29	29	29	31	27	30	30	28	28	26	28	29	27	30	30	26	30	28	30	29	29	28	26	28	26	28	27	26	30	31	30	31	29	31	26	30	30	31	30	30	31	31	26	26	31	31	27	27	29	26	27	30	31	28	27	31	31	31	29	27	26	30	26	26	29	27	27	26	28	28	30	26	26	31	31	29	29	28	29	28	30	30	27	29	28	30	31	28	27	31	26	30	29	27	26	30	27	28	28	30	30	30	30	28	27	27	27	27	28	29	29	27	29	30	31	30	26	31	30	29	28	28	26	28	27	27	29	31	26	27	29	26	28	30	27	26	27	27	31	29	27	28	28	28	26	27	30	29	31	29	26	26	26	26	30	30	31	28	26	29	27	26	28	26	31	27	28	27	29	27	30	28	28	29	29	28	30	29	28	27	27	28	30	26	27	29	31	27	30	26	26	31	26	28	27	27	29	26	27	26	28	26	31	30	27	30	26	28	26	28	27	30	26	29	29	31	28	28	31	29	30	28	29	29	28	27	27	28	31	27	30	30	29	26	26	29	26	28	30	28	26	27	26	26	31	29	26	26	28	31	30	31	29	26	26	30	29	26	28	31	30	30	26	31	31	28	30	31	26	28	31	28	30	26	29	28	26	31	29	30	31	30	28	29	26	26	28	30	27	27	29	26	27	26	26	30	29	31	31	26	28	30	27	26	30	30	27	27	26	31	28	28	28	28	28	26	28	30	29	30	26	26	26	30	31	28	26	28	29	30	27	30	27	28	29	26	30	29	31	27	30	26	27	30	26	30	28	27	26	30	28	30	27	31	31	26	30	29	26	27	28	26	27	30	28	27	28	26	31	29	29	31	28	31	30	31	26	31	31	29	29	31	26	30	29	29	28	29	26	30	26	27	29	30	31	29	30	28	29	27	29	29	27	26	28	30	26	26	27	28	27	30	29	31	30	29	29	28	30	26	26	31	26	26	27	30	26	26	29	27	31	29	28	31	31	29	28	30	27	30	31	30	29	28	29	30	26	28	28	28	27	28	26	30	30	29	31	31	27	28	31	29	27	27	29	28	27	30	29	26	30	26	30	28	26	28	28	28	31	30	31	28	28	28	27	31	28	31	29	28	26	31	26	31	26	26	30	26	31	31	28	27	30	31	30	28	28	30	30	31	29	31	30	28	26	29	31	31	26	26	31	27	29	31	26	28	28	30	31	26	28	30	31	30	27	27	30	26	28	27	30	31	27	31	29	26	30	31	28	28	29	27	27	29	28	27	27	28	28	26	29	29	26	27	28	30	30	27	28	31	29	30	31	29	28	30	27	27	28	26	28	26	31	29	26	31	29	28	31	31	29	29	26	28	28	29	31	31	26	29	26	30	27	31	31	31	29	28	29	29	29	27	30	28	30	27	27	28	29	31	26	28	31	30	29	31	28	27	26	28	28	29	29	31	28	27	26	28	31	29	26	26	29	31	26	27	31	26	31	26	30	26	26	27	31	28	30	27	31	28	31	26	31	29	29	31	28	28	30	29	28	27	27	29	30	28	31	26	31	27	29	29	30	26	27	30	26	30	26	30	26	27	29	27	30	27	30	29	28	31	29	27	30	26	28	31	26	27	26	29	31	28	29	27	31	31	26	27	29	28	28	28	30	29	26	28	28	27	31	31	29	27	27	29	27	30	28	27	27	30	27	31	29	27	31	26	27	31	29	27	30	29	30	28	29	30	29	26	27	
86	79	88	77	91	78	79	83	91	94	93	83	81	82	84	85	92	85	77	88	93	83	81	76	81	82	89	87	84	89	93	83	78	79	80	85	94	91	89	77	82	81	81	81	84	81	81	82	82	88	82	85	80	91	85	82	76	89	94	86	91	83	87	85	90	87	76	92	85	76	78	79	79	94	83	76	83	88	76	80	79	89	90	83	93	83	88	76	93	90	78	89	91	81	90	78	86	92	84	81	93	89	82	91	82	85	84	91	92	86	77	76	81	91	91	82	92	86	86	84	79	80	76	84	92	77	89	90	89	79	79	93	88	92	93	94	79	91	79	80	81	87	93	81	86	77	90	78	78	86	78	93	80	76	77	77	79	76	84	92	90	89	89	89	85	85	86	83	91	83	92	82	94	80	87	82	85	92	86	76	88	76	76	77	77	85	92	88	80	76	85	87	89	86	89	86	88	80	91	85	92	85	88	89	87	94	80	86	84	76	89	80	91	77	76	93	85	86	94	85	77	92	78	83	87	79	77	76	77	81	89	86	81	93	77	92	83	86	92	76	86	85	85	76	79	85	78	89	91	78	78	90	79	78	93	91	76	81	93	78	88	78	78	82	84	94	79	92	89	84	80	93	88	78	86	80	88	88	77	88	89	84	77	92	81	86	93	91	88	85	78	81	79	76	80	91	85	90	92	86	89	78	90	92	79	86	77	76	87	88	84	80	78	80	83	86	91	82	94	79	88	79	79	82	92	88	84	78	83	78	90	91	93	87	79	82	77	86	91	76	77	88	81	82	83	85	88	79	83	82	78	77	84	93	91	92	91	80	76	79	90	85	80	89	92	79	76	82	93	90	93	81	80	87	86	92	76	77	85	77	91	89	91	79	82	82	92	76	85	83	81	90	94	91	83	83	91	90	82	92	89	79	84	76	83	87	86	90	88	88	94	88	78	89	90	90	85	83	82	77	85	84	93	89	81	81	93	86	86	94	81	81	85	90	91	81	92	91	78	85	81	89	85	92	77	83	79	77	88	79	85	88	83	93	77	82	92	79	84	91	93	76	94	85	85	92	86	79	87	89	76	85	77	77	79	92	80	81	76	82	78	90	89	82	82	77	86	76	90	90	93	81	90	78	89	92	92	83	76	88	83	77	81	87	82	86	90	84	85	89	76	76	94	83	94	92	90	77	78	81	78	88	84	85	88	77	92	86	82	85	94	81	82	89	94	86	86	81	94	93	87	77	90	85	82	79	78	80	89	83	79	94	89	89	89	83	76	78	76	83	83	78	76	77	84	88	81	81	84	91	85	86	87	76	76	77	92	92	93	83	87	77	82	86	88	87	88	89	84	84	82	89	82	91	93	83	85	84	80	94	78	87	87	80	84	76	93	81	84	77	91	81	94	90	88	89	94	76	88	91	88	79	77	90	94	84	83	90	84	81	90	77	92	90	80	90	78	87	91	80	76	93	85	94	88	87	85	86	77	86	82	87	84	82	86	90	93	85	76	87	93	80	83	93	88	76	94	83	92	76	78	88	88	79	77	76	89	77	91	93	78	93	79	87	81	87	78	78	94	76	78	79	88	90	94	91	88	88	86	82	93	76	82	94	81	88	78	88	79	93	88	76	76	84	91	82	84	77	82	93	87	91	78	89	81	81	81	87	85	84	89	78	82	84	78	93	82	83	84	83	81	84	83	77	89	83	84	79	79	92	81	82	82	85	91	93	93	86	78	79	88	86	85	76	77	82	79	93	91	79	89	86	88	84	92	94	82	80	92	79	77	79	85	89	84	76	87	80	94	86	91	92	78	94	84	77	84	90	80	76	93	84	84	84	80	76	85	77	80	87	78	87	81	85	76	92	78	89	90	78	85	77	91	90	85	83	92	81	80	91	94	93	92	89	90	81	80	81	89	94	78	93	87	92	90	85	89	76	92	80	80	93	80	83	79	93	90	83	77	82	91	87	83	88	86	76	83	80	78	91	83	89	78	77	94	76	77	93	92	81	87	85	86	83	93	77	80	83	90	83	90	89	87	88	89	85	91	93	94	87	94	85	94	86	76	79	79	84	76	78	93	85	80	94	87	77	77	89	90	86	88	86	86	77	92	91	88	94	76	94	78	89	76	87	86	86	82	82	80	82	86	91	85	88	93	76	89	76	82	79	92	91	76	90	76	80	94	85	86	77	89	94	92	77	80	93	76	83	81	88	81	85	89	84	85	76	92	79	88	78	82	90	92	77	90	81	81	83	90	79	82	90	82	81	76	90	82	81	88	93	
12.1	31.9	31.9	24.2	26.4	16.5	31.9	30.8	26.4	23.1	12.1	17.6	24.2	29.7	28.6	17.6	15.4	33	25.3	33	14.3	26.4	17.6	18.7	15.4	14.3	29.7	29.7	24.2	31.9	13.2	14.3	25.3	30.8	23.1	13.2	12.1	25.3	12.1	30.8	22	17.6	14.3	11	30.8	31.9	28.6	16.5	18.7	11	33	31.9	18.7	23.1	20.9	20.9	26.4	19.8	14.3	18.7	33	12.1	14.3	17.6	31.9	19.8	19.8	11	30.8	14.3	14.3	26.4	11	17.6	17.6	23.1	11	23.1	12.1	17.6	20.9	24.2	25.3	24.2	20.9	12.1	27.5	27.5	28.6	33	16.5	18.7	24.2	11	13.2	33	25.3	14.3	12.1	23.1	15.4	19.8	26.4	18.7	23.1	29.7	18.7	13.2	14.3	33	20.9	16.5	13.2	15.4	29.7	14.3	25.3	33	24.2	31.9	14.3	27.5	27.5	23.1	20.9	17.6	15.4	30.8	13.2	23.1	24.2	28.6	25.3	26.4	26.4	17.6	29.7	29.7	13.2	31.9	18.7	23.1	28.6	16.5	22	17.6	12.1	15.4	29.7	18.7	12.1	23.1	12.1	15.4	15.4	13.2	16.5	13.2	19.8	29.7	33	16.5	29.7	20.9	20.9	16.5	11	33	16.5	22	13.2	22	28.6	22	22	33	12.1	18.7	23.1	20.9	15.4	16.5	19.8	23.1	17.6	33	31.9	16.5	31.9	20.9	11	24.2	31.9	16.5	26.4	23.1	25.3	25.3	12.1	33	24.2	16.5	22	33	24.2	19.8	26.4	14.3	24.2	23.1	13.2	29.7	17.6	15.4	30.8	20.9	14.3	25.3	15.4	19.8	26.4	17.6	19.8	17.6	18.7	19.8	19.8	33	19.8	28.6	17.6	20.9	30.8	16.5	29.7	16.5	11	23.1	27.5	12.1	19.8	16.5	16.5	16.5	11	12.1	23.1	27.5	16.5	14.3	22	27.5	13.2	15.4	19.8	22	30.8	18.7	11	33	27.5	28.6	31.9	12.1	14.3	17.6	33	18.7	31.9	33	14.3	13.2	12.1	30.8	15.4	20.9	28.6	25.3	12.1	28.6	23.1	16.5	31.9	19.8	29.7	12.1	30.8	26.4	23.1	22	28.6	12.1	25.3	31.9	26.4	18.7	29.7	28.6	15.4	26.4	30.8	30.8	33	13.2	12.1	18.7	28.6	22	24.2	30.8	16.5	30.8	33	11	27.5	27.5	19.8	17.6	22	17.6	27.5	11	31.9	22	13.2	31.9	30.8	30.8	29.7	16.5	15.4	19.8	19.8	31.9	11	22	27.5	33	33	31.9	12.1	17.6	11	12.1	17.6	31.9	31.9	28.6	13.2	12.1	24.2	29.7	14.3	15.4	25.3	33	20.9	29.7	20.9	28.6	29.7	30.8	17.6	19.8	26.4	18.7	31.9	24.2	20.9	18.7	19.8	33	13.2	14.3	31.9	16.5	13.2	24.2	23.1	11	31.9	17.6	30.8	33	24.2	15.4	12.1	30.8	26.4	18.7	29.7	27.5	11	18.7	24.2	26.4	20.9	16.5	25.3	19.8	26.4	20.9	28.6	22	16.5	17.6	30.8	12.1	33	19.8	16.5	31.9	14.3	26.4	18.7	33	12.1	27.5	22	25.3	13.2	27.5	26.4	33	12.1	28.6	27.5	15.4	17.6	15.4	25.3	27.5	22	20.9	12.1	13.2	16.5	31.9	30.8	11	18.7	11	20.9	25.3	26.4	18.7	15.4	25.3	12.1	25.3	33	33	15.4	29.7	15.4	13.2	19.8	20.9	14.3	16.5	31.9	17.6	28.6	14.3	16.5	33	25.3	28.6	11	15.4	23.1	27.5	29.7	33	24.2	29.7	17.6	20.9	16.5	28.6	11	15.4	30.8	30.8	27.5	11	28.6	29.7	30.8	28.6	14.3	29.7	23.1	26.4	11	11	19.8	20.9	29.7	16.5	31.9	27.5	16.5	19.8	25.3	24.2	20.9	33	13.2	27.5	12.1	18.7	15.4	27.5	26.4	25.3	27.5	30.8	15.4	27.5	15.4	29.7	23.1	27.5	12.1	24.2	19.8	27.5	31.9	20.9	11	28.6	24.2	23.1	26.4	24.2	25.3	24.2	29.7	18.7	14.3	15.4	16.5	23.1	28.6	25.3	24.2	29.7	18.7	14.3	33	15.4	20.9	15.4	18.7	26.4	24.2	22	22	16.5	25.3	23.1	20.9	28.6	22	33	18.7	23.1	13.2	33	22	16.5	28.6	12.1	25.3	29.7	11	31.9	23.1	24.2	16.5	14.3	23.1	30.8	24.2	13.2	28.6	14.3	11	16.5	23.1	33	25.3	23.1	19.8	28.6	19.8	14.3	22	18.7	17.6	17.6	29.7	19.8	20.9	20.9	15.4	27.5	26.4	26.4	13.2	28.6	26.4	33	14.3	20.9	11	20.9	23.1	28.6	18.7	23.1	28.6	23.1	18.7	33	25.3	17.6	25.3	29.7	11	25.3	24.2	27.5	14.3	16.5	25.3	30.8	11	16.5	18.7	12.1	23.1	15.4	33	14.3	14.3	26.4	26.4	27.5	26.4	19.8	15.4	13.2	15.4	11	18.7	15.4	16.5	19.8	22	27.5	25.3	16.5	29.7	11	19.8	16.5	26.4	14.3	18.7	18.7	18.7	14.3	29.7	17.6	15.4	13.2	15.4	11	18.7	12.1	26.4	25.3	20.9	22	30.8	30.8	14.3	22	16.5	28.6	23.1	22	15.4	14.3	18.7	17.6	22	26.4	18.7	33	26.4	16.5	17.6	15.4	26.4	27.5	22	13.2	11	14.3	26.4	11	30.8	11	29.7	28.6	30.8	33	17.6	18.7	20.9	11	15.4	23.1	30.8	14.3	20.9	20.9	29.7	33	24.2	31.9	28.6	11	19.8	28.6	27.5	16.5	15.4	27.5	28.6	24.2	13.2	26.4	23.1	18.7	28.6	27.5	13.2	25.3	20.9	14.3	33	29.7	30.8	12.1	26.4	18.7	30.8	29.7	13.2	23.1	22	28.6	20.9	25.3	30.8	15.4	13.2	31.9	33	19.8	13.2	19.8	24.2	33	19.8	22	24.2	25.3	22	22	22	24.2	31.9	19.8	22	24.2	11	23.1	24.2	33	31.9	19.8	12.1	33	23.1	15.4	29.7	33	29.7	11	13.2	23.1	29.7	31.9	19.8	16.5	13.2	27.5	27.5	22	28.6	17.6	29.7	22	33	22	29.7	12.1	18.7	26.4	14.3	19.8	28.6	25.3	30.8	26.4	23.1	24.2	33	20.9	26.4	31.9	23.1	13.2	25.3	25.3	16.5	15.4	17.6	14.3	24.2	16.5	24.2	16.5	13.2	31.9	23.1	33	23.1	24.2	20.9	22	27.5	30.8	29.7	12.1	14.3	14.3	13.2	13.2	11	14.3	33	13.2	33	12.1	27.5	22	15.4	31.9	22	31.9	28.6	11	25.3	11	33	30.8	12.1	27.5	13.2	29.7	15.4	23.1	28.6	33	19.8	12.1	19.8	16.5	23.1	16.5	26.4	20.9	15.4	23.1	25.3	26.4	14.3	29.7	27.5	12.1	26.4	16.5	28.6	22	17.6	17.6	23.1	30.8	18.7	20.9	20.9	20.9	16.5	22	13.2	24.2	18.7	25.3	18.7	30.8	30.8	29.7	23.1	12.1	27.5	24.2	12.1	25.3	18.7	30.8	18.7	28.6	11	30.8	22	22	15.4	20.9	33	24.2	13.2	23.1	26.4	31.9	14.3	27.5	24.2	11	29.7	22	23.1	18.7	11	22	26.4	19.8	30.8	28.6	30.8	13.2	17.6	15.4	26.4	16.5	30.8	16.5	16.5	26.4	15.4	28.6	28.6	27.5	28.6	17.6	24.2	19.8	19.8	23.1	29.7	29.7	13.2	23.1	14.3	31.9	14.3	12.1	30.8	14.3	19.8	13.2	24.2	14.3	23.1	28.6	
22	30.8	23.1	20.9	30.8	22	25.3	18.7	18.7	22	12.1	19.8	26.4	28.6	12.1	17.6	29.7	25.3	24.2	33	23.1	19.8	27.5	33	12.1	27.5	16.5	27.5	22	29.7	25.3	31.9	25.3	14.3	29.7	31.9	22	11	25.3	20.9	25.3	16.5	11	13.2	22	14.3	28.6	15.4	29.7	26.4	30.8	11	15.4	27.5	13.2	23.1	11	31.9	29.7	31.9	16.5	11	33	15.4	13.2	28.6	26.4	25.3	29.7	31.9	17.6	11	33	17.6	11	26.4	22	29.7	16.5	14.3	28.6	24.2	15.4	24.2	15.4	20.9	27.5	18.7	30.8	26.4	14.3	28.6	25.3	28.6	23.1	28.6	22	19.8	27.5	11	11	20.9	26.4	12.1	11	16.5	12.1	20.9	26.4	28.6	29.7	18.7	30.8	31.9	20.9	19.8	16.5	18.7	23.1	33	26.4	33	16.5	11	15.4	28.6	23.1	22	13.2	11	27.5	13.2	31.9	29.7	26.4	23.1	27.5	33	13.2	12.1	11	12.1	11	31.9	25.3	12.1	12.1	20.9	27.5	16.5	25.3	33	22	17.6	12.1	27.5	16.5	15.4	33	25.3	30.8	28.6	13.2	16.5	29.7	15.4	25.3	27.5	19.8	28.6	31.9	14.3	17.6	22	29.7	16.5	24.2	28.6	29.7	16.5	30.8	25.3	31.9	26.4	28.6	33	25.3	19.8	17.6	16.5	24.2	19.8	29.7	11	14.3	33	29.7	15.4	31.9	15.4	28.6	27.5	16.5	27.5	27.5	23.1	24.2	24.2	33	20.9	33	13.2	11	17.6	31.9	16.5	22	23.1	16.5	14.3	15.4	24.2	12.1	22	33	30.8	31.9	15.4	22	14.3	33	18.7	19.8	14.3	16.5	28.6	33	24.2	15.4	23.1	22	24.2	19.8	29.7	26.4	30.8	18.7	23.1	20.9	27.5	12.1	13.2	11	29.7	17.6	27.5	29.7	14.3	18.7	12.1	25.3	13.2	13.2	31.9	13.2	33	13.2	12.1	29.7	12.1	13.2	26.4	27.5	12.1	14.3	13.2	18.7	12.1	11	28.6	17.6	17.6	20.9	23.1	11	27.5	30.8	28.6	29.7	29.7	14.3	22	20.9	11	16.5	12.1	28.6	23.1	15.4	33	31.9	26.4	18.7	11	22	31.9	33	28.6	26.4	33	17.6	15.4	27.5	12.1	24.2	31.9	28.6	23.1	17.6	15.4	17.6	31.9	19.8	31.9	31.9	17.6	17.6	16.5	13.2	30.8	13.2	22	13.2	18.7	23.1	15.4	24.2	23.1	28.6	29.7	27.5	17.6	33	17.6	30.8	26.4	17.6	24.2	22	11	24.2	25.3	23.1	14.3	26.4	16.5	14.3	26.4	25.3	13.2	31.9	20.9	13.2	27.5	18.7	28.6	27.5	33	11	24.2	23.1	18.7	18.7	13.2	17.6	31.9	20.9	25.3	33	24.2	27.5	17.6	24.2	31.9	27.5	14.3	14.3	20.9	25.3	13.2	30.8	14.3	12.1	25.3	28.6	31.9	20.9	30.8	12.1	15.4	16.5	30.8	11	30.8	24.2	22	13.2	14.3	28.6	17.6	22	26.4	15.4	26.4	18.7	11	26.4	20.9	29.7	31.9	27.5	26.4	17.6	19.8	29.7	33	22	11	19.8	33	23.1	31.9	16.5	22	29.7	30.8	31.9	19.8	29.7	12.1	15.4	16.5	19.8	13.2	25.3	24.2	15.4	25.3	16.5	30.8	17.6	24.2	33	25.3	20.9	17.6	30.8	33	11	31.9	19.8	11	14.3	31.9	19.8	11	31.9	25.3	16.5	30.8	14.3	29.7	11	11	15.4	31.9	27.5	29.7	13.2	23.1	17.6	33	25.3	11	11	22	15.4	19.8	23.1	13.2	18.7	22	29.7	20.9	28.6	17.6	29.7	19.8	14.3	16.5	25.3	23.1	14.3	19.8	23.1	23.1	17.6	26.4	28.6	14.3	31.9	14.3	26.4	18.7	24.2	20.9	20.9	30.8	28.6	14.3	25.3	12.1	31.9	14.3	22	22	31.9	24.2	25.3	17.6	23.1	20.9	25.3	16.5	33	26.4	20.9	25.3	24.2	18.7	25.3	26.4	11	20.9	28.6	13.2	31.9	26.4	29.7	18.7	25.3	22	31.9	25.3	24.2	28.6	27.5	29.7	13.2	11	17.6	18.7	11	28.6	26.4	33	17.6	23.1	33	28.6	31.9	15.4	25.3	20.9	13.2	30.8	17.6	28.6	31.9	14.3	31.9	26.4	25.3	28.6	17.6	16.5	19.8	19.8	31.9	31.9	16.5	28.6	33	19.8	22	30.8	31.9	17.6	23.1	20.9	13.2	24.2	22	11	25.3	31.9	23.1	22	30.8	11	30.8	11	29.7	13.2	17.6	31.9	29.7	16.5	12.1	28.6	26.4	12.1	19.8	30.8	11	13.2	30.8	27.5	29.7	28.6	16.5	20.9	33	25.3	28.6	33	16.5	24.2	20.9	24.2	29.7	27.5	20.9	29.7	26.4	31.9	19.8	19.8	22	18.7	23.1	30.8	16.5	19.8	14.3	31.9	15.4	28.6	27.5	14.3	27.5	27.5	15.4	17.6	17.6	16.5	22	23.1	25.3	13.2	12.1	25.3	25.3	15.4	33	23.1	25.3	33	27.5	13.2	14.3	12.1	22	33	26.4	31.9	31.9	29.7	25.3	16.5	28.6	20.9	17.6	22	24.2	25.3	20.9	15.4	22	27.5	22	24.2	19.8	24.2	27.5	14.3	19.8	22	13.2	22	31.9	12.1	31.9	31.9	28.6	23.1	14.3	24.2	13.2	28.6	15.4	29.7	25.3	11	17.6	17.6	22	14.3	33	33	14.3	14.3	28.6	17.6	17.6	28.6	29.7	22	18.7	31.9	27.5	24.2	29.7	25.3	18.7	22	24.2	26.4	30.8	17.6	13.2	23.1	31.9	27.5	30.8	24.2	31.9	31.9	18.7	18.7	26.4	30.8	33	29.7	30.8	26.4	23.1	20.9	16.5	12.1	31.9	25.3	26.4	11	27.5	20.9	29.7	11	15.4	20.9	19.8	29.7	23.1	16.5	22	28.6	28.6	16.5	23.1	26.4	27.5	24.2	17.6	11	13.2	27.5	22	20.9	14.3	23.1	19.8	30.8	20.9	18.7	11	19.8	13.2	29.7	25.3	27.5	23.1	33	30.8	22	11	28.6	15.4	19.8	13.2	11	23.1	22	15.4	22	27.5	12.1	17.6	12.1	27.5	28.6	19.8	17.6	29.7	18.7	12.1	20.9	30.8	31.9	29.7	17.6	17.6	24.2	15.4	14.3	25.3	28.6	20.9	12.1	18.7	13.2	15.4	18.7	22	22	25.3	12.1	24.2	24.2	18.7	27.5	23.1	12.1	15.4	12.1	26.4	18.7	29.7	14.3	20.9	22	22	33	16.5	12.1	24.2	27.5	17.6	19.8	25.3	17.6	11	13.2	27.5	26.4	12.1	31.9	15.4	26.4	15.4	31.9	11	25.3	15.4	22	16.5	22	20.9	24.2	11	25.3	23.1	24.2	12.1	29.7	13.2	28.6	20.9	16.5	31.9	20.9	17.6	12.1	13.2	20.9	31.9	28.6	20.9	12.1	16.5	19.8	17.6	13.2	30.8	27.5	28.6	12.1	31.9	24.2	31.9	15.4	30.8	28.6	19.8	14.3	28.6	33	33	25.3	15.4	12.1	29.7	25.3	20.9	31.9	15.4	26.4	29.7	30.8	24.2	18.7	13.2	15.4	29.7	27.5	12.1	15.4	12.1	22	18.7	19.8	26.4	11	18.7	12.1	14.3	15.4	27.5	25.3	17.6	27.5	18.7	26.4	25.3	26.4	11	27.5	19.8	16.5	30.8	25.3	27.5	28.6	12.1	24.2	23.1	19.8	19.8	26.4	18.7	27.5	11	30.8	30.8	17.6	26.4	20.9	29.7	22	27.5	29.7	
19.8	19.8	16.5	19.8	20.9	27.5	31.9	20.9	15.4	22	33	29.7	22	19.8	28.6	33	19.8	26.4	15.4	16.5	12.1	26.4	17.6	24.2	18.7	19.8	29.7	14.3	28.6	28.6	24.2	13.2	22	18.7	14.3	20.9	17.6	17.6	27.5	20.9	18.7	11	16.5	11	28.6	
19	17	20	16	14	16	10	19	14	20	13	14	13	20	17	11	11	15	18	17	14	16	17	20	11	16	16	12	20	12	15	13	12	20	12	14	20	17	16	13	10	10	10	18	20	19	13	19	14	12	15	16	16	13	19	19	16	18	16	15	15	11	15	13	11	10	12	12	10	10	16	15	13	20	12	12	13	13	13	16	18	14	11	16	19	14	10	13	13	11	14	17	10	10	20	10	19	20	11	11	12	11	17	16	20	14	10	10	20	16	17	19	11	10	17	14	13	11	16	13	13	20	11	14	17	13	13	17	14	10	20	18	15	20	17	19	16	10	12	19	12	14	18	20	19	11	20	19	14	12	18	15	17	19	10	17	10	13	20	10	11	18	11	16	14	17	15	12	16	13	12	12	17	10	10	11	17	10	11	16	14	10	13	15	19	15	19	14	19	11	20	19	18	18	20	19	18	10	17	13	13	14	12	13	10	14	18	10	15	17	12	13	12	19	19	16	10	17	11	16	15	16	19	10	10	18	15	10	15	15	11	14	10	19	15	18	19	11	13	20	12	15	17	19	10	10	18	12	20	16	12	17	18	19	16	20	15	11	18	16	18	17	11	16	11	15	20	17	13	11	10	11	16	19	19	10	11	13	16	15	12	15	12	15	16	14	19	13	16	15	14	14	13	17	11	12	17	14	14	12	10	13	16	20	19	17	17	17	20	19	19	15	12	20	20	19	15	15	19	12	12	13	13	13	16	19	13	12	12	18	12	15	16	15	14	11	20	14	10	17	17	11	16	17	13	16	14	14	13	18	18	12	17	20	19	18	18	13	16	10	18	20	18	10	12	19	10	15	17	16	10	18	18	17	16	12	18	11	13	19	20	12	19	15	13	16	15	17	15	19	18	20	14	17	15	15	12	19	11	11	12	20	11	15	10	16	14	20	15	18	17	15	18	15	20	14	15	17	20	11	15	10	20	18	19	16	12	13	12	17	11	15	10	12	20	12	19	10	13	15	13	15	13	13	17	15	12	17	19	10	19	11	14	10	14	11	12	17	13	13	15	15	20	18	14	19	15	18	18	15	17	17	18	16	17	10	11	20	11	10	15	17	19	19	12	16	15	19	10	18	18	14	16	17	19	14	12	19	11	14	19	17	12	13	20	13	15	16	14	18	11	12	14	10	18	17	11	16	17	20	10	12	17	12	13	10	20	15	18	12	19	15	20	12	18	17	13	13	17	14	12	19	19	14	10	19	20	20	11	20	20	17	15	18	17	19	19	18	16	16	14	17	17	10	13	13	12	15	14	20	11	13	12	14	10	10	19	19	20	16	19	20	12	16	14	18	17	13	16	11	20	16	17	19	16	19	12	11	13	19	15	14	16	19	18	17	15	11	15	17	19	19	17	15	18	11	18	17	18	10	19	20	14	12	13	14	18	17	12	12	10	20	13	10	10	14	16	14	15	14	12	15	11	18	17	20	13	17	11	11	19	14	15	20	14	13	16	13	14	13	12	12	10	19	19	15	17	20	11	18	14	20	12	11	11	13	17	12	20	14	13	13	13	10	11	11	20	10	10	18	16	14	12	13	12	18	14	17	18	14	15	17	19	10	15	18	17	16	19	16	10	14	16	15	20	19	15	17	12	20	11	17	15	13	19	14	17	15	12	12	20	14	18	17	20	20	10	11	18	18	15	15	15	14	12	15	17	15	16	18	17	17	14	17	10	11	15	10	10	12	20	14	19	14	10	11	14	18	18	11	17	11	18	17	10	10	10	20	10	17	14	13	12	20	10	19	18	16	15	12	10	14	11	19	16	20	17	19	11	12	13	10	14	12	13	18	17	12	16	11	14	19	12	10	15	20	16	12	14	13	18	15	16	14	15	13	13	15	12	15	20	20	13	14	15	16	17	10	13	13	16	15	19	18	13	20	10	11	14	12	14	19	19	19	13	13	18	20	15	19	15	12	17	19	15	14	11	14	12	18	12	10	18	14	10	17	10	15	20	19	19	15	17	16	11	20	12	19	11	12	13	12	13	15	12	11	16	14	19	10	14	14	15	14	16	14	20	16	20	20	20	19	14	15	13	20	10	17	10	12	14	19	16	10	16	16	13	11	12	18	15	17	16	16	16	12	10	16	12	12	17	12	14	11	10	11	17	17	10	18	15	18	11	16	20	11	10	11	19	14	19	10	12	19	19	14	13	17	17	11	17	18	19	10	17	16	11	18	19	19	12	11	14	12	19	17	10	19	19	18	20	14	18	11	18	11	19	15	10	19	
1	1	1	1	1	1	1	1	1	1	1	1	1	1	1	1	1	1	1	1	1	1	2	2	2	2	2	2	2	2	2	2	2	2	2	2	2	2	2	2	2	2	2	2	2	3	3	3	3	3	3	3	3	3	3	3	3	3	3	3	3	3	3	4	4	4	4	4	4	4	4	4	4	4	4	4	4	4	4	4	4	4	4	4	4	4	4	4	4	4	5	5	5	5	5	5	5	5	5	5	5	5	5	5	5	5	5	5	6	6	6	6	6	6	6	6	6	6	6	6	6	6	6	6	6	6	6	6	6	6	7	7	7	7	7	7	7	7	7	7	7	7	7	7	7	7	7	8	8	8	8	8	8	8	8	8	8	8	8	8	8	8	8	8	8	8	8	8	8	8	8	8	8	8	8	9	9	9	9	9	9	9	9	9	9	9	9	9	9	9	9	9	9	9	9	9	9	9	9	9	9	9	9	9	10	10	10	10	10	10	10	10	10	10	10	10	10	10	10	10	10	10	10	10	11	11	11	11	11	11	11	11	11	11	11	11	11	11	11	11	11	11	11	11	11	12	12	12	12	12	12	12	12	12	12	12	12	12	12	13	13	13	13	13	13	13	13	13	13	13	13	13	13	13	13	13	13	13	13	14	14	14	14	14	14	14	14	14	14	14	14	14	14	14	14	14	14	14	14	14	14	15	15	15	15	15	15	15	15	15	15	15	15	15	15	15	15	15	15	15	15	16	16	16	16	16	16	16	16	16	16	16	16	16	16	16	16	16	17	17	17	17	17	17	17	17	17	17	17	17	17	17	17	17	17	17	17	17	18	18	18	18	18	18	18	18	18	18	18	18	18	18	18	18	18	18	19	19	19	19	19	19	19	19	19	19	19	19	19	19	19	19	19	19	19	19	19	19	19	19	19	19	19	19	19	19	20	20	20	20	20	20	20	20	20	20	20	20	20	20	20	20	20	20	20	21	21	21	21	21	21	21	21	21	21	21	21	21	21	21	21	21	21	21	21	21	21	22	22	22	22	22	22	22	22	22	22	22	22	22	22	22	22	22	22	22	22	22	22	22	23	23	23	23	23	23	23	23	23	23	23	23	23	23	23	23	23	23	23	23	23	23	24	24	24	24	24	24	24	24	24	24	24	24	24	24	24	24	24	24	24	24	24	24	24	25	25	25	25	25	25	25	25	25	25	25	25	25	25	25	25	25	25	25	25	26	26	26	26	26	26	26	26	26	26	26	26	26	26	26	26	26	26	26	26	26	26	27	27	27	27	27	27	27	27	27	27	27	27	27	27	27	27	27	27	27	27	27	27	27	27	28	28	28	28	28	28	28	28	28	28	28	28	28	28	28	28	28	28	28	28	28	28	29	29	29	29	29	29	29	29	29	29	29	29	29	29	29	29	29	29	29	29	29	29	29	29	30	30	30	30	30	30	30	30	30	30	30	30	30	30	30	31	31	31	31	31	31	31	31	31	31	31	31	31	31	31	31	31	31	32	32	32	32	32	32	32	32	32	32	32	32	32	32	32	32	32	32	32	32	32	32	32	32	32	32	32	32	33	33	33	33	33	33	33	33	33	33	33	33	33	33	33	33	33	33	33	33	33	33	33	34	34	34	34	34	34	34	34	34	34	34	34	34	34	34	34	34	34	34	34	34	34	34	34	34	34	35	35	35	35	35	35	35	35	35	35	35	35	35	35	35	35	35	35	35	35	35	35	35	35	35	35	35	35	35	35	35	35	35	35	36	36	36	36	36	36	36	36	36	36	36	36	36	36	36	36	36	36	36	36	36	36	36	37	37	37	37	37	37	37	37	37	37	37	37	37	37	37	37	37	37	37	37	37	37	37	38	38	38	38	38	38	38	38	38	38	38	38	38	38	38	38	38	38	38	38	38	38	39	39	39	39	39	39	39	39	39	39	39	39	39	39	39	39	39	39	39	39	39	39	39	39	40	40	40	40	40	40	40	40	40	40	40	40	40	40	40	40	40	40	40	40	40	40	40	40	41	41	41	41	41	41	41	41	41	41	41	41	41	41	41	41	41	41	41	41	42	42	42	42	42	42	42	42	42	42	42	42	42	42	42	42	42	42	42	42	42	43	43	43	43	43	43	43	43	43	43	43	43	43	43	43	43	43	43	43	43	43	43	43	43	44	44	44	44	44	44	44	44	44	44	44	44	44	44	44	44	44	44	44	44	44	44	44	44	45	45	45	45	45	45	45	45	45	45	45	45	45	45	45	45	45	45	45	45	45	45	45	45	
