1000
30	6
543	27.5
29	31	26	27	29	31	26	30	31	30	26	30	30	30	28	26	31	31	27	30	26	29	30	28	26	31	30	30	31	31	26	26	28	27	28	26	29	26	29	26	27	29	29	27	26	29	27	28	28	27	28	26	28	28	28	26	27	26	31	28	29	26	28	26	30	30	29	29	27	29	30	29	30	31	26	29	27	28	27	30	31	28	31	30	27	30	31	27	26	26	27	29	31	26	31	29	29	31	29	26	31	28	31	26	26	30	29	28	31	28	26	30	29	30	28	27	28	31	27	28	29	30	28	30	28	31	30	30	28	30	27	28	27	28	26	27	29	29	26	27	31	30	29	26	29	28	31	30	29	29	29	29	30	27	27	26	29	26	31	30	27	27	28	31	29	27	29	26	29	30	29	29	27	29	31	30	29	31	27	26	27	28	30	26	29	28	28	28	29	26	30	26	29	29	26	27	30	27	30	27	30	31	31	28	29	28	27	27	30	28	28	26	29	29	27	29	30	31	29	27	27	26	26	27	30	29	26	28	28	30	28	26	30	29	29	30	27	28	29	27	28	27	29	30	26	30	31	29	28	30	27	27	29	29	28	30	26	29	26	29	31	30	26	29	26	31	30	27	30	28	26	29	31	28	27	27	26	29	27	30	31	26	27	31	26	26	27	29	29	28	27	31	27	27	26	26	27	27	31	30	26	26	26	27	28	26	29	31	29	27	26	27	27	30	27	28	31	29	27	27	26	26	27	31	29	29	31	26	26	29	26	26	29	26	28	29	28	30	31	26	30	29	27	28	28	29	28	26	29	27	31	29	30	26	26	29	29	29	26	26	27	26	31	30	26	29	29	30	30	28	30	27	31	29	27	27	31	28	28	27	31	27	30	28	31	30	29	30	28	26	26	30	28	29	27	27	31	30	30	31	30	31	28	27	30	27	27	30	30	28	28	30	30	31	29	27	31	28	29	26	31	27	31	31	26	26	26	30	27	29	30	26	28	31	31	28	29	29	28	26	30	26	30	26	27	29	29	26	27	31	29	29	26	29	27	29	31	31	26	28	30	26	29	26	28	27	26	30	28	31	28	31	28	27	28	29	26	30	31	30	27	29	30	31	31	31	31	26	28	30	26	30	28	28	29	29	30	30	27	30	30	26	26	31	26	28	31	30	30	31	30	30	27	27	31	27	29	28	26	28	28	31	31	27	26	30	27	30	27	31	28	27	31	30	29	28	30	28	28	28	28	30	30	27	29	31	28	27	30	31	31	31	30	31	27	27	26	31	26	31	26	31	28	28	27	26	29	26	28	26	30	31	28	27	29	27	27	26	26	28	29	27	30	31	31	28	30	28	30	29	30	31	26	27	27	29	30	29	31	30	28	29	30	26	27	27	27	29	31	29	30	28	27	26	29	30	28	27	28	30	30	30	26	27	31	30	30	28	28	29	27	31	28	27	29	27	31	28	26	31	28	30	29	31	30	30	26	28	26	28	26	29	29	29	31	29	29	27	30	26	26	29	29	26	29	26	30	28	29	29	29	29	27	29	31	27	29	28	26	26	27	31	28	27	30	27	27	30	26	27	26	27	30	26	30	30	26	26	26	26	29	28	28	28	31	27	27	30	30	29	30	30	28	28	31	26	29	29	28	28	26	31	30	31	28	27	30	27	27	27	26	31	31	28	31	29	26	26	28	26	26	29	28	26	27	27	30	29	29	27	27	29	29	26	27	28	27	26	28	28	29	29	28	29	26	27	27	29	30	31	26	27	27	27	26	27	26	31	29	27	29	28	26	26	29	27	29	28	28	26	28	29	31	31	29	28	31	30	29	29	31	29	31	29	29	27	27	27	29	27	28	29	30	29	28	28	28	26	30	29	27	29	29	31	26	27	28	27	27	27	26	29	31	28	29	30	29	29	26	28	26	26	27	26	27	27	27	31	28	30	26	29	30	27	30	30	27	29	30	30	29	27	26	28	28	31	27	29	28	30	27	31	30	28	27	27	28	26	29	27	27	28	27	29	29	26	31	27	26	27	31	27	30	29	31	27	27	30	30	30	31	27	28	31	28	26	26	31	31	30	29	30	29	31	29	29	31	29	30	27	27	28	27	27	28	29	30	28	26	28	26	27	29	26	31	28	31	31	26	30	27	29	29	29	27	31	28	31	29	29	29	29	31	29	27	26	28	29	29	30	30	31	29	30	26	27	30	26	26	29	30	28	31	30	29	29	29	31	26	26	31	26	28	26	26	29	30	31	26	30	26	26	27	26	26	27	27	27	31	27	
92	84	94	83	80	94	80	93	93	93	94	89	78	79	79	92	77	92	88	87	86	83	82	93	92	88	84	85	85	89	94	77	93	89	85	81	84	94	79	94	82	84	94	79	79	84	84	88	82	87	93	85	94	85	84	79	84	82	94	88	92	93	82	94	77	82	79	82	77	79	88	92	78	85	79	76	80	82	86	93	77	82	90	92	87	78	76	93	82	93	78	89	76	94	82	91	85	89	91	76	89	86	93	85	83	91	86	84	87	85	94	90	78	87	80	82	78	81	87	94	86	80	86	79	77	94	79	88	82	85	83	79	76	94	78	81	85	77	84	89	80	84	90	88	81	92	84	92	94	76	93	82	90	93	79	90	93	88	82	90	89	90	88	89	93	94	82	79	77	81	92	80	86	93	83	86	86	90	89	77	94	82	77	89	84	81	86	77	89	81	84	94	89	85	85	83	77	87	87	78	83	87	89	92	81	89	93	76	80	76	76	78	86	86	79	77	85	91	83	77	90	87	80	89	85	94	81	86	92	80	90	77	88	79	76	92	86	84	88	76	89	78	83	78	86	90	86	88	82	82	85	77	92	83	89	90	84	86	88	89	82	86	78	81	90	77	81	81	78	86	86	92	86	94	76	84	93	80	85	89	84	91	86	83	81	91	92	92	86	77	91	83	83	80	86	84	85	91	80	88	77	87	80	76	93	83	80	83	92	79	78	92	78	91	78	86	94	91	79	91	84	79	87	78	91	93	92	89	85	80	86	83	76	92	93	77	89	80	80	93	76	94	79	80	83	85	84	76	91	89	92	83	90	89	79	84	93	89	82	85	84	88	90	89	82	82	92	87	86	80	94	76	90	84	90	90	83	89	88	84	86	79	94	82	88	83	80	83	81	89	87	94	79	89	80	87	93	89	83	88	81	84	84	88	92	88	80	79	88	82	89	93	91	81	86	84	94	82	79	78	78	83	82	85	83	86	82	78	88	80	85	92	80	83	84	81	92	87	79	84	85	79	94	79	80	79	83	76	87	86	80	84	85	81	79	84	93	78	80	86	90	92	82	87	86	86	91	84	78	78	78	76	79	88	81	81	87	87	89	92	88	92	92	94	84	93	78	85	88	85	92	80	83	77	89	92	84	89	92	91	79	82	82	84	90	91	78	83	91	80	90	88	93	93	78	85	90	81	88	76	92	85	80	92	88	80	92	94	83	76	86	80	83	89	86	85	83	77	85	83	77	88	87	80	90	94	80	93	77	83	77	88	89	90	79	92	82	89	78	85	79	80	92	84	77	90	81	77	94	84	92	77	82	90	89	89	91	86	81	78	87	89	89	86	77	85	89	86	78	79	85	90	93	93	83	91	76	93	80	81	78	94	89	89	86	92	80	83	84	77	77	94	87	92	83	76	88	76	80	88	78	86	85	91	79	83	82	94	91	94	84	77	91	94	93	82	79	90	86	86	85	77	76	93	88	76	93	93	76	94	83	82	88	87	78	87	86	83	77	76	80	89	77	91	84	87	79	94	83	88	83	89	82	77	87	77	88	89	80	90	84	91	80	93	80	79	87	78	86	82	93	86	81	92	82	92	84	90	86	80	86	81	94	90	92	76	93	81	90	89	78	83	89	78	90	94	91	83	90	79	90	88	78	94	87	77	79	79	79	76	79	84	94	90	81	84	85	83	79	93	89	80	89	86	86	76	77	81	79	78	92	78	80	82	81	86	86	90	84	83	93	93	91	83	86	81	81	76	81	91	80	91	92	94	90	76	84	81	86	91	81	86	87	93	80	78	91	76	84	87	91	86	79	88	86	92	89	89	88	86	87	87	81	88	88	84	77	94	91	79	78	88	89	79	79	86	85	83	92	89	77	87	80	94	84	76	78	77	80	78	92	85	88	91	76	84	92	94	94	86	89	90	80	79	77	82	91	84	86	80	79	82	90	94	91	77	93	93	88	85	78	89	86	94	88	93	86	78	90	84	79	80	79	76	86	86	88	82	93	78	77	76	93	77	88	83	76	85	92	84	92	79	94	78	93	85	83	78	92	87	76	81	83	87	85	93	94	87	88	76	92	94	81	79	91	86	77	83	87	93	88	87	86	94	87	94	84	85	91	87	81	90	83	78	77	80	78	82	82	93	94	85	79	84	85	91	86	86	80	88	89	87	87	89	92	84	89	92	79	79	85	77	77	83	94	78	76	79	87	86	84	83	91	88	86	83	83	87	78	89	92	79	85	84	90	92	76	91	76	90	83	88	84	89	93	78	76	92	82	86	
12.1	25.3	27.5	24.2	23.1	23.1	12.1	16.5	24.2	28.6	19.8	18.7	23.1	13.2	25.3	22	20.9	12.1	16.5	26.4	24.2	25.3	18.7	18.7	23.1	19.8	19.8	11	14.3	20.9	14.3	13.2	25.3	15.4	27.5	19.8	28.6	18.7	27.5	26.4	28.6	20.9	16.5	12.1	12.1	33	15.4	15.4	29.7	24.2	30.8	11	27.5	14.3	11	27.5	11	11	14.3	12.1	14.3	29.7	19.8	15.4	29.7	17.6	30.8	26.4	17.6	15.4	28.6	27.5	17.6	22	15.4	24.2	15.4	24.2	30.8	25.3	19.8	14.3	31.9	15.4	12.1	15.4	25.3	25.3	28.6	22	15.4	24.2	24.2	17.6	30.8	17.6	29.7	29.7	16.5	19.8	12.1	31.9	18.7	11	22	15.4	16.5	26.4	28.6	24.2	12.1	26.4	20.9	25.3	29.7	17.6	18.7	26.4	24.2	14.3	29.7	14.3	29.7	29.7	28.6	22	16.5	16.5	19.8	15.4	17.6	15.4	29.7	20.9	14.3	18.7	29.7	13.2	25.3	26.4	25.3	13.2	22	13.2	30.8	12.1	33	17.6	20.9	13.2	11	30.8	18.7	14.3	13.2	16.5	26.4	33	28.6	23.1	12.1	25.3	13.2	13.2	11	15.4	23.1	25.3	27.5	33	11	25.3	18.7	27.5	27.5	18.7	24.2	19.8	23.1	26.4	33	29.7	25.3	20.9	27.5	33	14.3	24.2	23.1	19.8	29.7	14.3	28.6	15.4	16.5	18.7	14.3	12.1	30.8	30.8	11	22	23.1	15.4	30.8	16.5	25.3	12.1	20.9	23.1	16.5	19.8	28.6	25.3	31.9	13.2	17.6	16.5	15.4	28.6	29.7	24.2	22	19.8	29.7	19.8	27.5	30.8	33	33	30.8	18.7	16.5	33	27.5	20.9	29.7	13.2	13.2	16.5	22	16.5	33	12.1	24.2	30.8	25.3	12.1	29.7	13.2	17.6	20.9	26.4	22	24.2	16.5	28.6	23.1	23.1	15.4	13.2	16.5	27.5	28.6	18.7	30.8	27.5	25.3	30.8	15.4	11	18.7	29.7	19.8	18.7	11	12.1	19.8	27.5	22	18.7	30.8	28.6	28.6	27.5	13.2	27.5	14.3	25.3	13.2	28.6	23.1	28.6	33	30.8	23.1	33	33	31.9	15.4	26.4	19.8	26.4	20.9	16.5	27.5	14.3	20.9	22	31.9	31.9	23.1	27.5	11	27.5	18.7	29.7	15.4	13.2	27.5	33	17.6	14.3	19.8	13.2	19.8	26.4	13.2	13.2	22	31.9	29.7	29.7	18.7	29.7	29.7	14.3	26.4	19.8	26.4	22	12.1	14.3	24.2	12.1	17.6	33	15.4	22	25.3	33	15.4	19.8	17.6	14.3	11	11	27.5	23.1	22	22	20.9	26.4	22	25.3	33	20.9	11	15.4	25.3	24.2	29.7	15.4	22	33	22	28.6	33	20.9	23.1	16.5	19.8	16.5	20.9	16.5	16.5	18.7	13.2	29.7	15.4	12.1	12.1	17.6	13.2	15.4	29.7	25.3	11	27.5	18.7	16.5	22	26.4	31.9	20.9	16.5	30.8	30.8	23.1	29.7	28.6	18.7	14.3	13.2	27.5	24.2	31.9	12.1	31.9	18.7	29.7	22	16.5	25.3	20.9	15.4	33	13.2	23.1	22	28.6	18.7	19.8	19.8	17.6	18.7	11	16.5	13.2	25.3	18.7	19.8	25.3	13.2	17.6	20.9	13.2	13.2	33	19.8	13.2	31.9	11	27.5	30.8	14.3	31.9	29.7	23.1	12.1	18.7	26.4	30.8	28.6	29.7	14.3	24.2	26.4	14.3	12.1	15.4	12.1	27.5	11	31.9	22	26.4	19.8	28.6	15.4	17.6	30.8	13.2	12.1	12.1	17.6	19.8	30.8	14.3	30.8	30.8	16.5	26.4	18.7	25.3	31.9	14.3	27.5	15.4	20.9	19.8	12.1	22	31.9	17.6	18.7	25.3	24.2	19.8	23.1	19.8	28.6	14.3	25.3	23.1	12.1	31.9	12.1	23.1	31.9	23.1	13.2	18.7	33	22	19.8	29.7	20.9	14.3	27.5	19.8	28.6	28.6	17.6	24.2	18.7	28.6	17.6	15.4	16.5	26.4	26.4	12.1	26.4	12.1	13.2	25.3	33	31.9	28.6	22	13.2	28.6	11	13.2	11	29.7	31.9	11	13.2	17.6	25.3	14.3	19.8	17.6	23.1	20.9	28.6	17.6	19.8	14.3	16.5	30.8	18.7	17.6	31.9	23.1	14.3	14.3	19.8	23.1	24.2	30.8	24.2	25.3	24.2	20.9	27.5	29.7	20.9	18.7	13.2	30.8	28.6	28.6	12.1	31.9	28.6	18.7	11	29.7	23.1	15.4	25.3	19.8	19.8	15.4	31.9	15.4	19.8	13.2	22	30.8	13.2	33	15.4	20.9	13.2	23.1	33	27.5	16.5	24.2	20.9	28.6	23.1	26.4	23.1	14.3	15.4	29.7	17.6	20.9	11	19.8	24.2	15.4	26.4	33	27.5	27.5	29.7	30.8	20.9	33	33	11	27.5	22	29.7	16.5	26.4	26.4	24.2	33	31.9	25.3	14.3	22	24.2	17.6	28.6	15.4	22	22	24.2	20.9	29.7	33	20.9	29.7	29.7	13.2	23.1	19.8	27.5	25.3	31.9	26.4	13.2	29.7	20.9	33	18.7	19.8	33	30.8	22	26.4	17.6	24.2	17.6	16.5	16.5	30.8	33	13.2	24.2	25.3	14.3	16.5	20.9	24.2	18.7	33	18.7	20.9	15.4	16.5	18.7	30.8	12.1	29.7	14.3	24.2	29.7	22	17.6	25.3	20.9	13.2	27.5	19.8	24.2	13.2	22	26.4	17.6	28.6	13.2	25.3	26.4	22	11	16.5	31.9	22	31.9	12.1	26.4	27.5	19.8	11	31.9	29.7	22	20.9	26.4	31.9	29.7	24.2	19.8	33	20.9	25.3	24.2	16.5	22	29.7	19.8	18.7	23.1	13.2	15.4	11	29.7	27.5	26.4	13.2	31.9	13.2	23.1	13.2	13.2	14.3	12.1	18.7	17.6	18.7	30.8	27.5	13.2	28.6	19.8	22	31.9	27.5	19.8	26.4	12.1	23.1	27.5	18.7	15.4	33	23.1	26.4	11	25.3	25.3	18.7	28.6	23.1	26.4	29.7	25.3	24.2	29.7	12.1	14.3	27.5	23.1	28.6	14.3	33	13.2	22	15.4	24.2	22	27.5	33	14.3	17.6	23.1	18.7	31.9	20.9	14.3	33	13.2	26.4	31.9	19.8	23.1	14.3	17.6	18.7	14.3	15.4	25.3	19.8	12.1	25.3	33	13.2	28.6	31.9	22	14.3	12.1	27.5	31.9	22	28.6	31.9	24.2	16.5	18.7	26.4	12.1	13.2	25.3	14.3	16.5	13.2	12.1	18.7	33	22	13.2	30.8	13.2	26.4	23.1	15.4	30.8	29.7	19.8	11	33	33	31.9	26.4	31.9	17.6	18.7	30.8	16.5	27.5	28.6	16.5	13.2	16.5	12.1	28.6	20.9	20.9	18.7	14.3	20.9	26.4	33	16.5	29.7	28.6	22	24.2	23.1	13.2	18.7	20.9	14.3	14.3	27.5	13.2	19.8	23.1	31.9	11	30.8	19.8	22	20.9	33	27.5	13.2	20.9	25.3	19.8	13.2	30.8	17.6	18.7	28.6	15.4	15.4	27.5	33	26.4	13.2	11	29.7	22	19.8	33	19.8	31.9	30.8	23.1	16.5	29.7	14.3	12.1	20.9	22	15.4	24.2	11	26.4	26.4	26.4	12.1	12.1	22	16.5	13.2	15.4	31.9	29.7	16.5	13.2	27.5	13.2	22	33	29.7	12.1	25.3	14.3	27.5	16.5	19.8	12.1	11	31.9	22	33	25.3	13.2	33	27.5	14.3	14.3	31.9	22	29.7	22	17.6	19.8	
12.1	23.1	33	24.2	19.8	24.2	28.6	26.4	23.1	22	28.6	26.4	30.8	25.3	11	12.1	11	31.9	28.6	28.6	20.9	20.9	14.3	16.5	27.5	19.8	31.9	11	11	26.4	13.2	28.6	33	15.4	14.3	14.3	25.3	29.7	17.6	25.3	17.6	20.9	30.8	25.3	27.5	24.2	31.9	26.4	26.4	29.7	16.5	24.2	31.9	20.9	11	20.9	18.7	17.6	29.7	11	25.3	25.3	19.8	15.4	31.9	16.5	12.1	29.7	17.6	12.1	28.6	29.7	31.9	18.7	18.7	33	15.4	27.5	12.1	33	22	15.4	19.8	27.5	20.9	27.5	20.9	19.8	16.5	13.2	22	15.4	33	29.7	22	23.1	16.5	27.5	16.5	12.1	19.8	22	26.4	15.4	22	27.5	13.2	30.8	14.3	25.3	19.8	23.1	12.1	12.1	23.1	25.3	30.8	24.2	19.8	18.7	27.5	27.5	17.6	25.3	24.2	27.5	33	28.6	28.6	12.1	30.8	16.5	25.3	22	33	31.9	19.8	11	15.4	24.2	17.6	18.7	18.7	18.7	14.3	17.6	23.1	15.4	27.5	31.9	16.5	26.4	24.2	17.6	16.5	13.2	12.1	13.2	19.8	11	13.2	31.9	23.1	20.9	15.4	30.8	12.1	24.2	17.6	23.1	11	24.2	17.6	23.1	27.5	11	19.8	17.6	16.5	24.2	29.7	19.8	23.1	28.6	17.6	27.5	30.8	26.4	33	24.2	26.4	19.8	18.7	30.8	11	12.1	25.3	11	27.5	27.5	25.3	12.1	33	16.5	18.7	31.9	27.5	30.8	27.5	28.6	12.1	17.6	18.7	20.9	29.7	22	15.4	23.1	22	14.3	33	20.9	23.1	17.6	25.3	29.7	14.3	16.5	25.3	16.5	30.8	28.6	28.6	31.9	13.2	24.2	25.3	20.9	22	18.7	20.9	16.5	20.9	13.2	13.2	30.8	18.7	26.4	13.2	31.9	15.4	33	33	11	27.5	33	19.8	15.4	13.2	33	25.3	31.9	27.5	20.9	29.7	20.9	12.1	30.8	16.5	17.6	29.7	17.6	13.2	22	23.1	33	18.7	19.8	12.1	17.6	24.2	28.6	26.4	25.3	18.7	33	27.5	16.5	13.2	18.7	30.8	20.9	24.2	28.6	29.7	28.6	24.2	24.2	12.1	25.3	23.1	18.7	28.6	29.7	18.7	13.2	11	31.9	19.8	19.8	15.4	16.5	18.7	11	24.2	15.4	25.3	33	31.9	25.3	31.9	15.4	23.1	22	13.2	31.9	26.4	11	27.5	14.3	28.6	19.8	20.9	16.5	14.3	14.3	29.7	28.6	18.7	28.6	22	23.1	18.7	11	26.4	16.5	24.2	26.4	23.1	26.4	14.3	27.5	29.7	16.5	30.8	19.8	17.6	15.4	33	30.8	33	16.5	18.7	20.9	18.7	17.6	18.7	26.4	29.7	26.4	25.3	23.1	20.9	19.8	23.1	29.7	30.8	27.5	18.7	23.1	23.1	18.7	24.2	24.2	17.6	13.2	15.4	26.4	18.7	16.5	30.8	24.2	25.3	23.1	16.5	13.2	12.1	17.6	16.5	20.9	28.6	30.8	17.6	29.7	20.9	20.9	26.4	18.7	12.1	14.3	24.2	18.7	24.2	29.7	15.4	16.5	13.2	24.2	28.6	27.5	18.7	11	22	13.2	18.7	17.6	26.4	15.4	18.7	12.1	31.9	20.9	25.3	26.4	18.7	16.5	33	27.5	26.4	25.3	14.3	15.4	17.6	25.3	20.9	24.2	30.8	22	29.7	25.3	27.5	19.8	25.3	15.4	26.4	14.3	11	14.3	26.4	30.8	30.8	27.5	22	26.4	13.2	16.5	12.1	16.5	24.2	24.2	29.7	28.6	23.1	12.1	25.3	18.7	15.4	33	20.9	16.5	28.6	23.1	17.6	23.1	13.2	19.8	27.5	22	20.9	30.8	23.1	31.9	15.4	23.1	23.1	26.4	24.2	17.6	27.5	14.3	13.2	28.6	11	16.5	28.6	20.9	16.5	13.2	30.8	30.8	14.3	11	22	29.7	11	16.5	27.5	17.6	20.9	18.7	31.9	24.2	28.6	25.3	22	13.2	18.7	27.5	20.9	30.8	31.9	24.2	27.5	26.4	30.8	27.5	23.1	25.3	27.5	27.5	28.6	26.4	24.2	13.2	27.5	31.9	23.1	20.9	23.1	28.6	16.5	11	12.1	17.6	17.6	27.5	29.7	12.1	14.3	15.4	26.4	22	31.9	28.6	22	16.5	15.4	28.6	23.1	30.8	19.8	31.9	15.4	31.9	22	14.3	14.3	24.2	16.5	27.5	13.2	18.7	23.1	28.6	26.4	25.3	29.7	18.7	33	30.8	25.3	22	15.4	11	20.9	14.3	27.5	26.4	25.3	28.6	11	30.8	19.8	25.3	18.7	29.7	14.3	26.4	24.2	20.9	23.1	12.1	18.7	25.3	20.9	19.8	14.3	13.2	28.6	13.2	20.9	19.8	15.4	18.7	12.1	30.8	24.2	24.2	30.8	31.9	31.9	22	18.7	12.1	28.6	16.5	26.4	24.2	28.6	27.5	15.4	26.4	14.3	23.1	25.3	18.7	11	30.8	31.9	25.3	14.3	24.2	11	18.7	28.6	17.6	20.9	27.5	30.8	31.9	33	24.2	29.7	25.3	19.8	14.3	16.5	31.9	29.7	17.6	24.2	19.8	17.6	28.6	27.5	19.8	28.6	27.5	28.6	23.1	11	13.2	25.3	18.7	18.7	27.5	13.2	13.2	29.7	26.4	25.3	33	33	30.8	12.1	25.3	16.5	25.3	18.7	12.1	22	30.8	30.8	13.2	26.4	29.7	13.2	19.8	12.1	27.5	11	17.6	14.3	23.1	15.4	20.9	19.8	25.3	29.7	19.8	28.6	16.5	13.2	11	25.3	13.2	17.6	30.8	26.4	29.7	12.1	29.7	14.3	29.7	15.4	26.4	22	11	18.7	33	31.9	33	15.4	16.5	12.1	17.6	23.1	24.2	26.4	17.6	13.2	14.3	12.1	20.9	22	28.6	13.2	27.5	33	11	25.3	19.8	33	23.1	14.3	17.6	30.8	17.6	31.9	18.7	33	12.1	23.1	12.1	25.3	16.5	19.8	15.4	23.1	31.9	28.6	15.4	17.6	13.2	16.5	33	22	25.3	13.2	23.1	27.5	28.6	27.5	16.5	23.1	24.2	16.5	29.7	31.9	22	23.1	12.1	11	22	13.2	31.9	18.7	27.5	15.4	20.9	31.9	27.5	28.6	18.7	12.1	18.7	16.5	17.6	30.8	14.3	18.7	16.5	12.1	22	29.7	30.8	27.5	20.9	15.4	25.3	15.4	20.9	29.7	28.6	31.9	17.6	27.5	12.1	30.8	29.7	14.3	30.8	33	31.9	22	14.3	28.6	15.4	27.5	25.3	14.3	30.8	25.3	29.7	17.6	25.3	15.4	30.8	26.4	26.4	22	13.2	31.9	12.1	22	14.3	24.2	33	25.3	26.4	12.1	16.5	14.3	12.1	22	17.6	11	20.9	20.9	12.1	26.4	31.9	12.1	16.5	28.6	19.8	23.1	28.6	23.1	33	28.6	30.8	14.3	33	24.2	29.7	19.8	30.8	16.5	27.5	11	27.5	20.9	12.1	11	29.7	33	24.2	26.4	17.6	11	24.2	29.7	17.6	19.8	11	27.5	15.4	31.9	14.3	15.4	24.2	25.3	15.4	14.3	33	20.9	22	25.3	18.7	12.1	25.3	28.6	11	33	30.8	26.4	12.1	19.8	12.1	30.8	24.2	22	11	24.2	30.8	25.3	31.9	20.9	27.5	15.4	29.7	14.3	18.7	18.7	24.2	27.5	16.5	14.3	31.9	16.5	18.7	24.2	16.5	23.1	29.7	16.5	16.5	20.9	22	25.3	14.3	12.1	11	16.5	15.4	27.5	11	28.6	18.7	33	17.6	22	26.4	16.5	31.9	26.4	26.4	19.8	27.5	28.6	16.5	16.5	27.5	28.6	18.7	15.4	19.8	23.1	20.9	
20.9	18.7	20.9	27.5	22	18.7	25.3	24.2	17.6	17.6	25.3	23.1	16.5	29.7	28.6	25.3	16.5	31.9	11	20.9	15.4	23.1	33	23.1	25.3	16.5	12.1	19.8	20.9	11	
13	13	15	19	16	14	17	20	19	13	11	16	11	15	13	16	12	12	15	14	11	18	19	13	10	10	19	18	17	11	19	10	16	19	11	19	12	14	19	14	17	18	15	19	13	19	10	12	18	11	17	16	11	11	17	15	13	20	13	15	10	19	14	18	12	15	10	16	15	11	17	13	14	19	19	16	17	16	20	16	11	13	15	11	14	12	20	18	12	14	15	14	14	18	20	13	13	10	10	16	16	18	15	18	14	16	19	16	11	16	20	17	16	18	10	20	11	15	15	11	10	19	11	17	11	16	16	13	18	20	14	18	20	10	16	13	13	18	11	13	16	12	13	14	17	17	11	15	10	18	20	17	20	10	13	15	13	16	18	11	13	17	15	16	14	19	20	11	14	15	18	19	11	15	11	16	19	11	12	16	16	13	13	10	16	18	14	14	16	16	10	17	14	15	11	13	18	10	10	17	19	17	20	15	17	13	17	19	10	15	16	13	10	16	16	19	18	12	11	17	16	17	10	10	18	18	17	15	19	17	20	14	20	16	10	18	12	20	14	12	17	15	16	14	19	14	16	15	19	12	15	20	14	11	20	13	20	18	20	13	18	12	16	14	20	19	16	15	14	16	12	18	16	14	10	12	19	10	15	12	14	13	12	19	16	19	17	15	10	12	16	20	18	16	13	15	15	14	13	10	16	13	17	17	19	14	12	17	16	11	14	11	19	15	20	10	19	10	18	16	19	16	11	19	18	20	18	10	16	11	14	12	16	14	14	19	15	15	10	11	18	11	10	20	13	13	13	14	13	10	10	16	20	20	18	20	14	20	13	11	20	15	13	12	15	14	11	12	19	15	17	15	10	12	18	17	18	18	16	18	18	13	12	10	20	18	13	12	13	10	16	15	14	10	17	19	17	16	13	16	20	16	17	12	10	15	13	16	12	20	14	11	14	13	20	14	15	14	12	19	18	10	11	17	20	13	15	13	11	18	17	13	19	18	15	13	18	12	14	20	14	19	13	13	13	17	20	17	14	12	14	13	18	18	15	20	16	13	11	16	10	10	14	15	18	10	15	20	18	13	19	10	14	18	20	17	15	19	15	15	12	10	17	13	11	16	20	14	20	13	13	19	18	20	13	20	18	15	10	17	16	20	14	15	14	15	20	16	16	12	20	12	19	19	18	20	19	19	19	16	11	18	11	19	19	14	11	15	17	17	10	17	16	19	15	15	18	14	19	20	15	12	12	18	15	13	18	16	11	16	17	18	17	18	19	10	17	10	18	12	14	17	17	15	19	11	14	12	12	14	17	17	15	20	18	17	19	16	11	11	14	17	20	20	13	18	13	15	11	13	14	18	16	20	14	20	20	10	20	16	17	11	15	18	14	16	20	10	16	16	19	11	20	12	16	13	20	11	18	15	18	18	16	15	17	10	11	12	16	10	16	11	20	15	12	12	17	10	10	16	16	17	17	16	14	17	11	20	20	10	10	16	12	12	10	18	11	11	19	11	18	12	15	18	17	13	19	10	19	20	11	12	16	12	18	20	18	12	17	12	19	11	10	19	12	14	11	19	15	19	14	11	13	12	11	15	18	10	15	16	19	17	11	11	18	14	19	13	11	19	18	13	14	12	12	15	19	14	20	17	15	11	18	16	11	19	19	18	12	20	14	11	19	15	17	12	15	12	20	11	15	12	11	13	17	13	19	16	15	15	13	19	10	13	12	19	16	19	16	16	13	18	16	11	16	13	11	18	17	20	16	12	17	16	14	20	19	19	17	18	15	12	18	20	12	16	11	19	15	13	13	11	14	11	14	14	13	19	11	13	18	13	13	14	15	20	11	18	19	17	18	13	18	11	14	11	13	15	19	14	11	14	12	13	20	12	10	19	20	13	19	11	13	17	18	14	12	17	12	11	15	17	18	18	17	19	10	17	14	18	19	11	19	16	20	14	12	14	11	10	20	15	10	17	17	10	16	14	12	20	10	15	19	11	11	11	19	19	17	10	16	10	10	11	18	16	11	12	12	15	11	17	13	17	11	14	11	17	16	13	17	16	16	18	17	20	10	10	13	20	19	13	14	17	15	19	18	14	10	18	19	15	10	19	14	19	11	18	10	16	17	15	10	14	18	10	19	13	13	12	11	16	14	16	19	15	10	16	10	15	16	17	14	17	15	18	12	16	18	19	16	11	18	16	18	16	14	20	17	14	17	13	20	19	16	10	14	11	11	20	17	11	17	10	18	10	15	19	15	13	11	14	19	10	14	19	17	10	16	20	
1	1	1	1	1	1	1	1	1	1	1	1	1	1	1	1	1	1	1	1	1	1	1	1	1	1	1	1	1	1	1	1	1	1	1	1	1	2	2	2	2	2	2	2	2	2	2	2	2	2	2	2	2	2	2	2	2	2	2	2	2	2	2	2	3	3	3	3	3	3	3	3	3	3	3	3	3	3	3	3	3	3	3	3	3	3	3	3	3	3	3	3	3	3	3	3	3	3	3	3	3	3	3	3	3	4	4	4	4	4	4	4	4	4	4	4	4	4	4	4	4	4	4	4	4	4	4	4	4	4	4	4	4	4	4	5	5	5	5	5	5	5	5	5	5	5	5	5	5	5	5	5	5	5	5	5	5	5	5	5	5	5	5	5	5	5	5	5	5	5	5	5	6	6	6	6	6	6	6	6	6	6	6	6	6	6	6	6	6	6	6	6	6	6	6	6	6	6	6	6	6	6	6	6	6	6	6	6	6	7	7	7	7	7	7	7	7	7	7	7	7	7	7	7	7	7	7	7	7	7	7	7	7	7	7	7	7	7	7	8	8	8	8	8	8	8	8	8	8	8	8	8	8	8	8	8	8	8	8	8	8	8	8	8	8	8	8	8	8	8	8	8	8	8	8	8	8	8	8	8	8	8	8	9	9	9	9	9	9	9	9	9	9	9	9	9	9	9	9	9	9	9	9	9	9	9	9	9	9	9	9	9	9	9	9	9	9	9	9	10	10	10	10	10	10	10	10	10	10	10	10	10	10	10	10	10	10	10	10	10	10	10	10	10	10	10	10	10	10	10	10	11	11	11	11	11	11	11	11	11	11	11	11	11	11	11	11	11	11	11	11	11	11	11	11	11	11	11	11	11	11	11	11	11	11	12	12	12	12	12	12	12	12	12	12	12	12	12	12	12	12	12	12	12	12	12	12	12	12	12	12	12	12	12	12	12	12	12	12	13	13	13	13	13	13	13	13	13	13	13	13	13	13	13	13	13	13	13	13	13	13	13	13	13	13	14	14	14	14	14	14	14	14	14	14	14	14	14	14	14	14	14	14	14	14	14	14	14	14	14	14	14	14	14	14	14	15	15	15	15	15	15	15	15	15	15	15	15	15	15	15	15	15	15	15	15	15	15	15	15	15	15	15	15	15	15	15	15	15	15	15	15	15	15	16	16	16	16	16	16	16	16	16	16	16	16	16	16	16	16	16	16	16	16	16	16	16	16	16	16	16	16	16	16	16	16	16	16	16	16	16	16	17	17	17	17	17	17	17	17	17	17	17	17	17	17	17	17	17	17	17	17	17	17	17	17	17	17	17	17	17	17	18	18	18	18	18	18	18	18	18	18	18	18	18	18	18	18	18	18	18	18	18	18	18	18	18	18	18	19	19	19	19	19	19	19	19	19	19	19	19	19	19	19	19	19	19	19	19	19	19	19	19	19	19	19	19	19	19	20	20	20	20	20	20	20	20	20	20	20	20	20	20	20	20	20	20	20	20	20	20	20	20	20	20	20	20	20	20	20	20	20	20	20	20	20	20	20	20	20	20	20	20	21	21	21	21	21	21	21	21	21	21	21	21	21	21	21	21	21	21	21	21	21	22	22	22	22	22	22	22	22	22	22	22	22	22	22	22	22	22	22	22	22	22	22	22	22	22	22	22	22	22	23	23	23	23	23	23	23	23	23	23	23	23	23	23	23	23	23	23	23	23	23	23	23	23	23	23	23	23	23	23	23	23	23	23	23	23	23	23	23	23	23	23	23	24	24	24	24	24	24	24	24	24	24	24	24	24	24	24	24	24	24	24	24	24	24	24	24	24	24	24	24	24	24	24	24	24	24	24	24	24	24	24	25	25	25	25	25	25	25	25	25	25	25	25	25	25	25	25	25	25	25	25	25	25	26	26	26	26	26	26	26	26	26	26	26	26	26	26	26	26	26	26	26	26	26	26	26	26	26	26	26	26	26	26	26	26	26	26	26	26	26	27	27	27	27	27	27	27	27	27	27	27	27	27	27	27	27	27	27	27	27	27	27	27	27	27	27	27	27	28	28	28	28	28	28	28	28	28	28	28	28	28	28	28	28	28	28	28	28	28	28	28	28	28	28	28	28	28	28	28	28	28	28	28	28	28	29	29	29	29	29	29	29	29	29	29	29	29	29	29	29	29	29	29	29	29	29	29	29	29	29	29	29	30	30	30	30	30	30	30	30	30	30	30	30	30	30	30	30	30	30	30	30	30	30	30	30	30	30	30	30	30	30	30	30	30	30	
