1000
45	15
362	26.4
29	26	28	28	30	30	30	29	30	29	30	27	26	29	30	27	26	28	30	27	28	30	31	27	29	28	29	26	31	26	27	31	30	29	30	29	26	30	28	28	27	27	29	26	29	31	28	27	27	28	29	29	30	26	29	26	30	28	31	28	26	26	29	31	27	31	26	30	30	30	27	27	30	31	31	26	28	28	31	26	26	27	28	27	26	26	29	26	26	28	26	28	31	30	30	27	29	26	28	26	28	31	26	31	26	29	29	26	30	30	30	27	27	30	30	29	28	27	26	29	28	30	31	29	29	28	27	31	27	29	31	30	26	30	26	28	31	29	26	30	31	27	28	28	31	27	30	28	29	27	28	27	27	27	26	31	26	31	30	26	29	28	29	28	26	29	28	30	31	28	30	27	28	26	31	28	26	31	28	31	26	31	30	29	30	31	29	31	29	26	29	29	28	28	27	26	31	29	30	26	28	28	30	31	28	31	31	31	27	26	27	28	29	31	27	29	26	27	27	26	27	27	29	26	30	26	31	29	26	31	30	30	28	29	31	26	26	29	29	30	28	31	26	28	29	31	27	29	26	27	26	30	29	29	27	31	31	30	27	30	28	26	27	30	28	28	26	30	27	31	26	29	28	30	28	27	30	29	27	27	29	27	26	27	27	30	28	30	28	31	30	26	28	29	29	29	31	28	30	26	26	27	28	27	27	31	28	27	29	30	26	26	27	27	29	27	28	29	27	28	29	29	27	30	29	26	31	26	30	31	27	26	28	26	31	26	31	28	31	28	27	30	31	26	26	28	29	29	31	27	28	28	30	31	27	29	31	30	31	30	31	29	27	30	27	26	30	31	26	31	26	28	28	26	28	30	27	26	27	29	26	29	26	29	28	31	30	27	26	30	30	27	28	27	30	29	26	28	26	30	30	28	31	29	31	29	26	31	28	26	28	29	28	27	31	30	27	26	30	26	31	30	31	26	27	27	28	27	28	30	27	28	27	29	29	31	29	27	29	29	31	28	28	29	30	29	30	26	27	29	30	27	31	28	29	27	30	26	28	30	30	30	26	31	26	30	30	27	31	28	27	29	29	26	28	26	30	27	30	27	27	29	29	30	28	26	29	30	28	27	27	28	29	28	30	31	31	31	26	27	26	27	27	27	30	27	27	30	31	31	26	31	30	26	27	29	26	27	28	29	31	29	26	28	31	29	27	26	28	31	27	27	26	26	26	26	28	26	29	27	27	28	31	28	30	30	31	28	31	26	28	31	30	31	27	30	26	29	29	27	27	28	26	26	31	30	26	26	27	27	26	28	31	30	31	26	27	29	29	31	31	27	28	31	28	28	29	30	26	29	29	28	29	29	30	26	26	28	28	26	30	30	29	30	29	26	29	30	27	31	30	30	29	31	30	27	30	31	29	29	28	26	29	27	27	29	26	28	30	29	26	31	29	28	28	28	30	26	30	30	29	28	26	29	30	27	30	29	30	30	27	31	26	26	29	29	28	31	28	30	28	26	31	27	31	28	26	29	30	28	30	29	27	31	29	31	27	26	29	31	30	31	26	27	29	31	30	28	29	26	30	30	31	31	30	28	31	26	31	29	28	27	26	29	26	30	31	26	31	28	27	29	28	28	26	28	26	26	30	27	27	28	31	29	29	31	28	26	31	29	27	29	26	31	30	31	29	31	26	31	28	31	28	27	30	26	30	27	31	26	31	28	31	26	30	31	31	29	27	29	28	27	27	28	30	28	28	27	29	28	28	30	29	30	26	27	29	26	27	29	26	27	31	26	30	29	31	26	30	29	27	30	26	31	26	29	30	28	31	27	29	29	28	26	30	31	29	29	26	29	29	30	30	31	26	30	29	29	29	28	29	31	28	31	26	30	30	26	26	27	31	29	27	30	31	29	31	27	30	27	30	29	31	30	29	27	30	28	26	30	30	30	28	30	27	31	29	27	30	26	28	26	29	28	28	31	30	31	28	27	28	31	31	28	31	29	27	28	27	30	30	26	27	31	27	31	26	27	27	30	28	29	29	28	26	31	31	29	29	27	31	27	27	31	31	26	26	27	26	29	29	31	30	27	29	26	31	30	27	31	29	29	28	27	29	29	31	26	30	27	26	30	29	27	29	28	31	27	29	26	30	26	27	29	29	28	26	29	26	28	28	30	26	30	31	29	29	31	30	26	27	31	27	27	26	31	30	27	31	28	26	26	29	27	30	28	30	27	31	27	28	27	26	30	31	26	26	26	28	29	31	27	27	28	28	26	30	28	29	26	
91	91	94	85	77	87	81	90	93	85	90	80	77	85	92	86	89	88	89	79	80	84	83	92	90	81	94	88	77	88	80	93	94	77	89	86	81	83	78	81	77	79	90	79	91	83	82	90	94	91	78	85	77	78	87	80	80	76	93	86	89	78	76	82	91	76	93	77	85	87	80	91	87	80	86	89	76	79	84	93	83	83	94	87	91	89	91	85	94	91	82	88	92	92	92	76	77	83	76	85	92	84	91	83	89	92	79	80	77	88	78	79	94	80	83	83	84	81	93	90	76	90	78	77	80	85	81	89	85	79	79	79	80	82	94	94	81	83	82	94	91	94	79	90	77	77	94	89	84	90	84	83	80	87	81	81	83	93	94	89	89	82	80	82	92	90	77	86	94	80	86	82	89	90	76	94	80	79	84	80	79	87	85	82	94	85	81	94	79	92	78	90	86	89	86	89	91	84	94	77	93	89	84	92	87	94	92	81	91	83	81	79	76	85	77	81	80	84	82	76	84	79	77	76	91	80	90	80	90	94	78	85	84	88	78	88	81	92	83	80	81	80	84	77	84	76	79	81	85	88	81	82	92	76	88	87	76	91	80	85	89	79	88	79	86	89	89	86	83	84	90	79	92	85	93	84	88	91	83	78	79	94	84	92	80	93	88	93	88	85	83	94	87	88	88	83	76	78	86	77	86	79	91	94	89	89	89	76	77	81	81	92	87	81	83	86	76	76	91	90	93	86	86	84	93	93	90	77	84	94	77	79	86	92	87	77	92	81	85	88	81	78	93	86	81	82	79	93	82	85	80	93	76	85	84	86	85	82	83	87	88	92	92	89	82	88	79	85	78	86	86	87	87	84	94	91	81	89	83	90	90	88	81	83	79	82	77	90	87	85	93	83	90	79	77	79	93	83	79	78	88	86	83	85	87	84	89	91	87	88	92	90	86	93	91	82	82	91	83	88	82	89	82	89	79	94	79	83	94	88	77	92	77	90	87	86	82	85	91	80	81	88	87	88	76	82	81	91	81	90	93	76	76	81	92	94	87	86	89	86	85	77	85	79	89	77	84	83	84	91	85	76	93	84	80	85	82	77	76	77	77	77	77	85	94	84	77	90	93	79	94	86	87	78	85	76	94	81	93	93	84	81	86	89	83	90	86	94	80	93	89	84	88	92	88	86	88	88	78	77	83	82	89	93	82	79	93	79	77	89	82	78	81	82	88	87	86	92	88	88	79	87	90	86	81	91	83	94	86	92	85	77	80	83	93	81	94	89	86	92	89	92	91	85	85	84	89	81	89	77	80	86	80	91	94	85	77	92	92	85	80	93	83	90	78	94	83	91	87	91	86	91	81	88	77	77	78	81	81	79	88	86	78	92	86	87	94	93	86	81	92	87	92	85	89	94	90	80	89	79	86	80	92	89	80	94	83	80	77	85	87	90	82	88	85	76	80	83	93	86	87	88	79	87	88	94	76	76	78	89	89	76	88	77	94	81	79	86	93	84	87	80	78	76	80	93	94	93	82	89	83	92	89	89	90	78	89	92	92	82	77	92	87	82	86	79	86	92	93	83	79	91	93	76	84	85	94	94	83	93	84	88	87	86	83	93	78	78	82	78	86	76	81	77	88	81	79	86	89	83	78	82	82	76	77	83	87	81	93	88	77	89	84	92	77	78	83	89	78	90	80	91	92	78	77	84	82	82	83	83	78	94	85	80	87	90	90	87	84	87	81	92	92	80	78	77	83	92	77	83	82	91	91	84	85	89	81	81	89	77	81	89	76	87	86	87	84	85	88	76	80	83	91	83	89	78	85	88	81	81	88	93	82	87	92	78	91	83	86	76	94	88	83	76	92	91	90	76	94	77	76	82	77	79	86	85	82	87	91	79	82	83	81	78	93	81	87	84	77	78	77	78	89	94	77	91	93	78	83	91	79	84	80	85	93	90	94	77	90	79	84	84	85	78	77	76	88	84	80	82	83	80	88	94	78	87	76	85	84	82	94	79	92	78	90	77	78	80	83	87	84	82	89	82	79	80	87	87	77	94	90	76	81	82	89	79	78	76	91	91	91	88	76	78	94	77	78	86	78	88	92	87	91	76	78	91	91	89	91	80	79	79	77	82	93	77	92	91	94	81	78	81	80	90	81	83	92	79	83	77	92	91	84	80	86	84	83	87	92	93	81	94	92	81	85	93	92	85	81	81	84	88	93	90	82	81	82	77	77	78	86	91	87	91	88	84	80	88	89	82	91	79	83	83	86	93	88	82	82	85	
12.1	25.3	20.9	20.9	16.5	33	19.8	16.5	14.3	27.5	27.5	29.7	13.2	11	26.4	28.6	14.3	27.5	19.8	26.4	28.6	23.1	13.2	28.6	20.9	11	19.8	25.3	19.8	26.4	16.5	18.7	11	29.7	13.2	16.5	29.7	15.4	16.5	31.9	22	15.4	13.2	26.4	15.4	19.8	27.5	29.7	19.8	26.4	30.8	22	12.1	17.6	17.6	33	26.4	27.5	24.2	30.8	27.5	15.4	29.7	18.7	13.2	18.7	14.3	16.5	15.4	33	17.6	27.5	20.9	15.4	24.2	24.2	25.3	28.6	25.3	13.2	25.3	17.6	26.4	20.9	12.1	26.4	19.8	19.8	28.6	24.2	31.9	28.6	28.6	15.4	26.4	30.8	17.6	24.2	27.5	17.6	25.3	31.9	27.5	13.2	31.9	14.3	13.2	16.5	12.1	16.5	18.7	30.8	31.9	17.6	17.6	20.9	14.3	28.6	23.1	12.1	26.4	27.5	25.3	15.4	15.4	26.4	30.8	29.7	30.8	16.5	31.9	16.5	14.3	16.5	16.5	15.4	24.2	31.9	33	19.8	26.4	27.5	27.5	31.9	22	30.8	29.7	17.6	23.1	23.1	11	30.8	25.3	14.3	14.3	19.8	18.7	20.9	13.2	18.7	17.6	26.4	28.6	26.4	23.1	13.2	30.8	24.2	26.4	18.7	13.2	33	15.4	24.2	17.6	12.1	15.4	14.3	33	15.4	22	17.6	30.8	16.5	33	24.2	18.7	26.4	17.6	26.4	25.3	27.5	24.2	29.7	24.2	29.7	18.7	20.9	30.8	16.5	13.2	18.7	31.9	17.6	31.9	12.1	30.8	24.2	15.4	30.8	18.7	15.4	29.7	11	20.9	33	12.1	11	24.2	33	15.4	23.1	19.8	19.8	22	11	24.2	17.6	19.8	28.6	24.2	28.6	11	27.5	14.3	19.8	27.5	17.6	22	13.2	27.5	11	17.6	26.4	29.7	26.4	20.9	29.7	13.2	26.4	29.7	26.4	17.6	28.6	17.6	25.3	26.4	30.8	18.7	23.1	19.8	12.1	28.6	26.4	12.1	15.4	22	25.3	15.4	20.9	17.6	13.2	22	24.2	31.9	18.7	22	30.8	22	17.6	30.8	15.4	18.7	12.1	15.4	14.3	22	20.9	13.2	11	12.1	31.9	19.8	19.8	31.9	11	11	22	29.7	26.4	23.1	30.8	23.1	25.3	16.5	19.8	28.6	13.2	20.9	27.5	22	14.3	22	26.4	12.1	31.9	16.5	27.5	24.2	11	15.4	30.8	25.3	28.6	16.5	13.2	23.1	26.4	28.6	28.6	18.7	29.7	12.1	11	14.3	28.6	30.8	18.7	13.2	13.2	29.7	27.5	25.3	18.7	19.8	17.6	31.9	28.6	28.6	16.5	25.3	15.4	18.7	33	12.1	18.7	17.6	27.5	18.7	22	15.4	30.8	29.7	19.8	15.4	23.1	25.3	24.2	13.2	18.7	31.9	29.7	33	20.9	31.9	30.8	12.1	13.2	29.7	18.7	26.4	16.5	22	12.1	23.1	11	13.2	30.8	15.4	28.6	20.9	27.5	13.2	20.9	28.6	17.6	16.5	30.8	15.4	12.1	11	17.6	27.5	18.7	31.9	33	11	13.2	19.8	24.2	16.5	15.4	28.6	16.5	23.1	27.5	12.1	15.4	33	19.8	22	14.3	29.7	27.5	31.9	33	17.6	18.7	13.2	25.3	18.7	24.2	24.2	25.3	19.8	23.1	27.5	22	11	29.7	31.9	14.3	18.7	17.6	11	31.9	24.2	33	24.2	26.4	28.6	30.8	13.2	17.6	18.7	14.3	20.9	19.8	22	26.4	19.8	19.8	14.3	19.8	23.1	13.2	29.7	17.6	29.7	16.5	12.1	20.9	18.7	27.5	20.9	27.5	31.9	12.1	24.2	27.5	18.7	11	30.8	20.9	31.9	29.7	29.7	24.2	23.1	18.7	14.3	12.1	12.1	18.7	14.3	26.4	22	25.3	12.1	19.8	11	28.6	12.1	24.2	23.1	15.4	20.9	31.9	33	12.1	14.3	14.3	19.8	20.9	13.2	25.3	27.5	25.3	31.9	17.6	29.7	27.5	15.4	22	23.1	22	17.6	17.6	22	17.6	15.4	31.9	27.5	20.9	24.2	23.1	30.8	22	15.4	31.9	20.9	14.3	13.2	24.2	19.8	31.9	29.7	15.4	28.6	19.8	22	15.4	16.5	14.3	20.9	24.2	31.9	25.3	31.9	29.7	31.9	26.4	26.4	24.2	27.5	16.5	20.9	15.4	23.1	33	31.9	18.7	29.7	11	14.3	14.3	26.4	13.2	16.5	12.1	15.4	20.9	16.5	18.7	11	25.3	26.4	22	18.7	20.9	33	18.7	31.9	15.4	11	30.8	30.8	14.3	20.9	11	23.1	13.2	29.7	30.8	15.4	27.5	24.2	18.7	26.4	25.3	20.9	16.5	31.9	12.1	25.3	26.4	29.7	16.5	18.7	30.8	17.6	15.4	17.6	33	31.9	22	19.8	16.5	31.9	16.5	26.4	20.9	15.4	28.6	24.2	22	20.9	13.2	26.4	11	26.4	17.6	15.4	19.8	31.9	22	25.3	26.4	23.1	14.3	22	27.5	31.9	11	23.1	13.2	23.1	26.4	30.8	33	17.6	25.3	16.5	28.6	13.2	31.9	12.1	14.3	20.9	29.7	31.9	20.9	27.5	15.4	29.7	29.7	16.5	25.3	15.4	26.4	26.4	16.5	19.8	13.2	18.7	12.1	15.4	12.1	26.4	26.4	13.2	30.8	16.5	15.4	14.3	28.6	18.7	29.7	26.4	14.3	31.9	23.1	20.9	23.1	11	13.2	33	19.8	16.5	30.8	15.4	24.2	13.2	11	33	25.3	31.9	29.7	24.2	12.1	26.4	26.4	31.9	14.3	18.7	22	29.7	13.2	24.2	17.6	16.5	29.7	30.8	18.7	24.2	33	27.5	19.8	17.6	11	18.7	27.5	12.1	30.8	16.5	24.2	27.5	23.1	13.2	27.5	30.8	20.9	27.5	33	33	29.7	28.6	28.6	17.6	16.5	28.6	30.8	11	16.5	18.7	15.4	33	29.7	17.6	26.4	33	29.7	22	20.9	23.1	23.1	23.1	33	11	27.5	22	17.6	29.7	18.7	29.7	24.2	27.5	14.3	19.8	27.5	17.6	22	15.4	13.2	27.5	23.1	16.5	25.3	14.3	12.1	22	17.6	22	22	14.3	30.8	25.3	29.7	29.7	26.4	27.5	20.9	25.3	28.6	33	22	11	25.3	24.2	22	27.5	23.1	20.9	19.8	27.5	33	15.4	33	14.3	25.3	27.5	14.3	11	12.1	31.9	25.3	14.3	27.5	27.5	15.4	19.8	18.7	14.3	18.7	13.2	27.5	13.2	29.7	17.6	16.5	18.7	33	19.8	15.4	18.7	29.7	23.1	12.1	15.4	22	25.3	24.2	20.9	17.6	20.9	12.1	15.4	31.9	31.9	20.9	13.2	31.9	20.9	20.9	26.4	22	29.7	20.9	11	28.6	14.3	20.9	30.8	18.7	26.4	31.9	24.2	16.5	15.4	12.1	18.7	20.9	19.8	33	29.7	30.8	13.2	16.5	15.4	22	16.5	18.7	23.1	15.4	22	31.9	14.3	25.3	15.4	31.9	11	13.2	28.6	16.5	16.5	24.2	25.3	11	19.8	31.9	24.2	16.5	26.4	15.4	19.8	14.3	25.3	30.8	28.6	11	30.8	20.9	15.4	19.8	30.8	27.5	25.3	13.2	25.3	11	30.8	12.1	23.1	14.3	16.5	16.5	24.2	23.1	16.5	11	31.9	13.2	31.9	33	12.1	11	14.3	19.8	15.4	20.9	17.6	14.3	29.7	18.7	17.6	28.6	25.3	30.8	12.1	29.7	14.3	15.4	14.3	25.3	24.2	15.4	26.4	31.9	16.5	33	17.6	27.5	23.1	28.6	15.4	22	12.1	19.8	11	27.5	12.1	27.5	14.3	13.2	25.3	17.6	25.3	27.5	23.1	31.9	
15.4	18.7	18.7	12.1	28.6	20.9	13.2	27.5	27.5	18.7	22	30.8	11	33	15.4	15.4	29.7	13.2	33	22	22	25.3	19.8	22	15.4	19.8	16.5	16.5	23.1	12.1	14.3	12.1	28.6	20.9	12.1	30.8	19.8	22	30.8	26.4	13.2	27.5	11	24.2	14.3	28.6	24.2	24.2	18.7	26.4	13.2	26.4	22	12.1	11	15.4	15.4	29.7	26.4	13.2	11	19.8	20.9	13.2	24.2	24.2	11	22	23.1	26.4	19.8	11	26.4	20.9	18.7	17.6	29.7	29.7	11	30.8	29.7	28.6	29.7	27.5	29.7	13.2	13.2	24.2	22	24.2	13.2	26.4	18.7	22	14.3	28.6	13.2	33	11	31.9	13.2	15.4	27.5	17.6	29.7	23.1	18.7	15.4	30.8	26.4	30.8	25.3	17.6	24.2	20.9	15.4	28.6	33	19.8	17.6	14.3	28.6	30.8	22	22	18.7	25.3	25.3	29.7	31.9	30.8	31.9	28.6	28.6	12.1	19.8	18.7	12.1	28.6	26.4	11	30.8	29.7	27.5	20.9	28.6	15.4	22	16.5	18.7	18.7	25.3	27.5	19.8	25.3	29.7	26.4	28.6	16.5	13.2	12.1	16.5	27.5	26.4	29.7	11	22	31.9	16.5	13.2	25.3	11	33	29.7	17.6	12.1	27.5	28.6	13.2	29.7	19.8	30.8	24.2	18.7	17.6	24.2	22	13.2	17.6	24.2	18.7	24.2	28.6	20.9	16.5	31.9	31.9	15.4	25.3	33	29.7	25.3	12.1	11	30.8	26.4	12.1	29.7	27.5	20.9	13.2	16.5	16.5	11	25.3	16.5	25.3	17.6	12.1	30.8	20.9	15.4	24.2	15.4	27.5	28.6	16.5	18.7	15.4	28.6	17.6	23.1	23.1	14.3	22	29.7	18.7	12.1	29.7	28.6	11	12.1	16.5	18.7	14.3	30.8	24.2	12.1	15.4	12.1	24.2	23.1	33	22	33	12.1	18.7	24.2	25.3	29.7	12.1	33	23.1	14.3	23.1	14.3	29.7	31.9	17.6	18.7	33	12.1	14.3	33	25.3	12.1	14.3	18.7	30.8	31.9	29.7	18.7	15.4	11	12.1	23.1	12.1	16.5	16.5	17.6	29.7	31.9	33	31.9	13.2	28.6	20.9	12.1	16.5	20.9	14.3	28.6	25.3	30.8	25.3	25.3	19.8	19.8	27.5	31.9	26.4	11	29.7	30.8	18.7	18.7	20.9	11	27.5	16.5	23.1	11	30.8	24.2	23.1	16.5	18.7	11	19.8	27.5	11	11	31.9	22	14.3	13.2	20.9	12.1	24.2	28.6	17.6	20.9	17.6	14.3	16.5	29.7	25.3	22	17.6	17.6	29.7	33	23.1	22	20.9	18.7	20.9	24.2	22	19.8	25.3	31.9	24.2	11	14.3	27.5	19.8	15.4	25.3	19.8	24.2	29.7	17.6	22	20.9	27.5	27.5	18.7	16.5	13.2	15.4	17.6	24.2	22	25.3	33	11	18.7	13.2	19.8	14.3	17.6	19.8	33	13.2	15.4	30.8	31.9	18.7	26.4	26.4	17.6	14.3	29.7	22	12.1	33	22	13.2	29.7	16.5	22	14.3	18.7	11	20.9	25.3	27.5	23.1	24.2	27.5	33	17.6	20.9	23.1	20.9	29.7	25.3	12.1	27.5	30.8	15.4	28.6	24.2	15.4	13.2	15.4	18.7	17.6	16.5	24.2	20.9	25.3	16.5	20.9	15.4	29.7	28.6	27.5	25.3	28.6	23.1	24.2	13.2	25.3	16.5	11	27.5	25.3	11	28.6	25.3	12.1	24.2	15.4	33	31.9	24.2	20.9	16.5	23.1	29.7	16.5	26.4	26.4	30.8	16.5	28.6	15.4	31.9	26.4	19.8	28.6	12.1	17.6	18.7	25.3	26.4	16.5	31.9	28.6	15.4	20.9	14.3	14.3	16.5	17.6	30.8	22	28.6	30.8	13.2	14.3	22	14.3	29.7	17.6	13.2	12.1	28.6	26.4	27.5	18.7	28.6	20.9	23.1	25.3	33	14.3	18.7	24.2	33	29.7	29.7	11	31.9	11	18.7	16.5	33	16.5	14.3	29.7	26.4	26.4	11	33	13.2	24.2	12.1	11	11	18.7	26.4	25.3	25.3	28.6	28.6	12.1	18.7	12.1	25.3	28.6	19.8	20.9	11	14.3	15.4	14.3	13.2	25.3	11	14.3	30.8	14.3	31.9	11	11	18.7	28.6	31.9	28.6	27.5	14.3	25.3	11	24.2	29.7	24.2	14.3	11	17.6	14.3	23.1	16.5	31.9	24.2	25.3	33	27.5	26.4	16.5	12.1	29.7	18.7	31.9	19.8	12.1	27.5	33	16.5	14.3	18.7	18.7	31.9	26.4	27.5	14.3	16.5	11	14.3	11	13.2	12.1	33	24.2	16.5	28.6	25.3	30.8	20.9	19.8	29.7	31.9	23.1	17.6	31.9	26.4	18.7	24.2	30.8	14.3	30.8	24.2	25.3	25.3	31.9	15.4	33	31.9	18.7	26.4	26.4	17.6	13.2	18.7	11	11	28.6	26.4	15.4	13.2	28.6	28.6	15.4	25.3	14.3	16.5	23.1	23.1	31.9	19.8	12.1	16.5	17.6	31.9	23.1	23.1	22	20.9	19.8	30.8	29.7	13.2	30.8	27.5	26.4	28.6	25.3	14.3	33	30.8	31.9	27.5	13.2	28.6	22	16.5	15.4	17.6	18.7	12.1	15.4	24.2	16.5	22	19.8	16.5	12.1	29.7	28.6	24.2	12.1	25.3	30.8	14.3	24.2	28.6	11	16.5	27.5	11	28.6	14.3	23.1	30.8	14.3	16.5	15.4	25.3	12.1	25.3	33	11	23.1	22	28.6	29.7	18.7	16.5	18.7	31.9	22	18.7	23.1	29.7	26.4	30.8	23.1	28.6	16.5	28.6	18.7	11	30.8	16.5	23.1	14.3	29.7	31.9	33	27.5	20.9	26.4	13.2	12.1	30.8	26.4	25.3	28.6	14.3	30.8	24.2	26.4	30.8	33	11	15.4	23.1	25.3	22	16.5	12.1	22	31.9	29.7	12.1	20.9	27.5	22	20.9	16.5	20.9	13.2	31.9	14.3	11	31.9	28.6	18.7	18.7	18.7	22	16.5	22	31.9	11	11	16.5	14.3	25.3	20.9	27.5	15.4	12.1	25.3	22	29.7	16.5	19.8	24.2	16.5	28.6	16.5	20.9	12.1	18.7	15.4	13.2	29.7	28.6	16.5	22	28.6	13.2	11	17.6	11	13.2	28.6	20.9	27.5	13.2	12.1	20.9	25.3	33	11	22	20.9	13.2	15.4	30.8	13.2	29.7	20.9	29.7	25.3	23.1	18.7	12.1	26.4	25.3	11	15.4	12.1	12.1	22	31.9	16.5	14.3	19.8	23.1	11	27.5	13.2	20.9	19.8	25.3	23.1	33	11	33	12.1	30.8	27.5	14.3	20.9	31.9	28.6	28.6	13.2	26.4	11	28.6	17.6	16.5	28.6	18.7	24.2	12.1	15.4	30.8	28.6	19.8	28.6	27.5	22	31.9	18.7	15.4	25.3	27.5	29.7	22	15.4	17.6	25.3	27.5	22	33	12.1	22	23.1	16.5	33	27.5	11	18.7	31.9	19.8	31.9	25.3	22	11	28.6	28.6	26.4	16.5	27.5	20.9	19.8	12.1	17.6	12.1	27.5	20.9	17.6	20.9	23.1	17.6	17.6	20.9	26.4	15.4	31.9	33	24.2	12.1	22	25.3	23.1	14.3	20.9	31.9	24.2	25.3	31.9	17.6	15.4	29.7	16.5	14.3	17.6	29.7	33	11	26.4	33	28.6	19.8	12.1	16.5	29.7	23.1	16.5	14.3	31.9	27.5	11	20.9	29.7	26.4	25.3	20.9	25.3	25.3	11	16.5	15.4	30.8	13.2	18.7	29.7	14.3	17.6	26.4	16.5	29.7	20.9	
14.3	19.8	28.6	33	19.8	23.1	17.6	24.2	20.9	29.7	27.5	18.7	15.4	24.2	26.4	15.4	11	29.7	19.8	27.5	31.9	13.2	18.7	27.5	14.3	28.6	19.8	12.1	25.3	24.2	12.1	18.7	14.3	28.6	17.6	20.9	24.2	11	11	24.2	29.7	12.1	27.5	28.6	30.8	
17	10	10	13	13	20	19	12	13	18	13	20	18	20	16	20	12	15	16	12	20	12	16	20	14	18	14	15	12	15	17	14	13	10	17	10	20	13	13	10	12	10	16	17	10	10	15	19	20	11	18	12	18	11	16	13	12	13	16	12	19	18	13	14	17	19	11	12	11	20	16	10	17	11	20	13	18	11	14	19	18	16	11	10	15	19	13	11	14	20	10	13	14	11	16	11	17	18	20	20	12	14	14	12	15	17	12	16	11	16	14	16	11	11	19	16	16	13	19	12	16	19	11	14	12	15	20	19	13	10	14	17	13	11	13	19	18	17	11	19	10	13	20	17	14	14	17	10	10	15	18	11	11	17	10	19	18	14	17	18	10	17	14	20	16	18	13	13	16	11	19	13	16	15	18	15	11	14	14	10	20	14	18	18	20	20	14	12	18	10	18	14	20	14	16	15	17	20	10	10	14	19	17	19	13	19	13	13	16	12	10	17	11	12	20	16	13	17	18	17	10	10	14	18	16	14	17	10	10	19	18	20	17	15	20	11	10	14	20	20	12	16	12	14	11	19	18	15	19	12	18	13	12	11	12	17	20	12	18	11	13	17	12	19	16	11	14	15	19	17	14	11	11	19	20	16	16	10	14	17	10	15	12	10	13	12	17	16	17	20	20	17	20	18	19	10	17	15	10	19	19	19	16	19	10	20	17	20	20	17	19	15	14	16	13	19	19	15	10	19	18	11	17	15	19	15	13	10	17	12	19	19	15	11	12	13	14	11	14	12	10	13	15	14	19	20	18	19	10	13	16	14	13	19	19	20	20	13	14	20	10	15	10	18	10	13	13	10	10	12	16	10	16	19	14	14	10	10	10	14	14	16	11	15	20	18	20	20	15	15	19	10	18	15	18	14	15	12	10	11	14	13	10	13	16	10	20	11	14	18	19	14	11	19	12	14	10	20	17	15	13	11	10	20	14	19	10	13	14	17	14	10	14	14	13	14	17	15	19	18	13	12	14	12	17	12	10	18	13	20	17	15	16	19	17	14	10	16	19	10	14	15	20	20	10	20	17	20	10	10	14	15	20	15	15	11	19	13	15	11	15	15	17	13	16	14	18	12	13	17	16	15	19	14	20	13	12	17	13	17	13	14	12	12	18	19	13	13	13	20	19	15	18	19	10	11	13	17	18	13	17	16	17	11	11	17	15	20	18	19	15	15	18	11	15	18	10	11	17	17	15	19	11	18	13	11	20	12	18	14	20	17	19	17	19	17	18	18	11	18	13	19	18	12	11	19	18	11	12	11	11	13	15	17	18	12	10	10	18	13	15	19	16	17	14	16	15	15	19	16	18	14	17	16	17	11	18	14	13	12	14	17	17	12	12	17	19	11	18	19	12	14	13	12	14	13	12	19	12	19	18	10	14	18	13	20	19	16	17	12	20	12	13	19	20	16	17	14	18	20	10	10	18	11	11	20	12	16	16	17	17	10	10	20	11	12	18	16	10	10	16	18	20	17	19	10	16	11	20	11	16	13	15	16	13	15	19	12	18	17	20	13	17	14	14	15	10	10	11	12	19	10	15	11	19	15	15	12	17	16	20	18	16	20	11	17	12	17	20	19	19	11	10	19	18	18	12	20	19	20	11	12	19	13	19	19	13	20	16	10	17	17	17	15	12	19	20	15	10	11	16	10	17	20	13	15	13	17	15	18	12	18	16	19	12	16	11	15	15	15	12	20	16	20	12	12	12	14	16	14	13	11	17	15	19	16	14	10	20	11	16	10	16	20	12	19	12	11	10	17	18	18	18	19	15	11	15	11	18	20	18	17	12	10	18	15	14	13	13	17	16	17	14	18	14	10	16	18	10	19	17	12	11	16	15	12	20	12	11	18	11	11	18	13	12	20	18	11	11	11	14	16	12	15	16	12	18	11	14	15	13	12	18	13	10	18	15	20	10	15	14	13	12	20	18	13	16	15	18	17	14	12	13	15	14	13	20	13	19	20	13	12	14	16	15	15	10	17	20	14	15	15	19	19	18	11	12	14	14	12	15	16	16	10	11	12	15	17	11	20	10	12	14	12	20	20	12	12	20	14	20	13	19	20	19	16	11	15	15	20	15	17	11	17	20	11	20	10	10	13	15	12	11	17	12	14	19	20	14	12	16	10	18	12	20	19	20	15	14	16	12	11	15	16	10	16	19	13	20	17	10	18	18	16	12	19	16	10	12	17	17	13	20	11	16	16	16	15	10	12	16	18	18	20	19	13	15	18	14	13	
1	1	1	1	1	1	1	1	1	1	1	1	1	1	1	1	1	1	1	1	1	1	1	1	2	2	2	2	2	2	2	2	2	2	2	2	2	2	2	2	2	2	2	3	3	3	3	3	3	3	3	3	3	3	3	3	3	3	3	3	3	3	3	3	3	3	3	3	3	3	4	4	4	4	4	4	4	4	4	4	4	4	4	4	4	4	4	4	4	4	4	4	5	5	5	5	5	5	5	5	5	5	5	5	5	5	5	5	5	5	5	5	5	5	5	5	6	6	6	6	6	6	6	6	6	6	6	6	6	6	6	6	6	6	6	6	6	6	6	7	7	7	7	7	7	7	7	7	7	7	7	7	7	7	7	7	7	7	7	7	7	7	8	8	8	8	8	8	8	8	8	8	8	8	8	8	8	8	8	8	9	9	9	9	9	9	9	9	9	9	9	9	9	9	9	9	9	9	9	9	9	9	9	10	10	10	10	10	10	10	10	10	10	10	10	10	10	10	10	10	10	10	10	10	10	10	10	10	10	10	10	10	10	10	11	11	11	11	11	11	11	11	11	11	11	11	11	11	11	11	11	11	11	11	11	11	11	11	11	11	11	11	11	12	12	12	12	12	12	12	12	12	12	12	12	12	12	12	12	12	12	12	12	12	12	12	12	12	12	13	13	13	13	13	13	13	13	13	13	13	13	13	13	13	13	13	13	13	13	13	14	14	14	14	14	14	14	14	14	14	14	14	15	15	15	15	15	15	15	15	15	15	15	15	15	15	15	15	15	15	15	15	15	15	16	16	16	16	16	16	16	16	16	16	16	16	16	16	17	17	17	17	17	17	17	17	17	17	17	17	17	17	17	17	17	17	17	17	17	17	17	17	17	17	18	18	18	18	18	18	18	18	18	18	18	18	18	18	19	19	19	19	19	19	19	19	19	19	19	19	19	19	19	19	19	19	19	19	20	20	20	20	20	20	20	20	20	20	20	20	20	20	20	20	20	20	20	21	21	21	21	21	21	21	21	21	21	21	21	21	21	21	21	21	21	21	21	22	22	22	22	22	22	22	22	22	22	22	22	22	22	22	22	22	22	22	22	22	22	22	22	22	22	22	22	22	23	23	23	23	23	23	23	23	23	23	23	23	23	23	23	23	23	23	23	23	23	23	23	23	24	24	24	24	24	24	24	24	24	24	24	24	24	24	24	24	24	24	24	24	24	24	24	24	24	25	25	25	25	25	25	25	25	25	25	25	25	25	25	25	25	25	25	25	25	25	25	25	25	25	25	25	25	25	25	25	26	26	26	26	26	26	26	26	26	26	26	26	26	26	26	26	26	26	26	26	26	26	26	26	26	26	26	26	26	26	26	27	27	27	27	27	27	27	27	27	27	27	27	27	27	27	27	27	27	27	27	27	27	28	28	28	28	28	28	28	28	28	28	28	28	28	28	28	28	28	28	28	28	28	28	28	29	29	29	29	29	29	29	29	29	29	29	29	29	29	29	29	29	29	29	29	29	29	29	30	30	30	30	30	30	30	30	30	30	30	30	30	30	30	31	31	31	31	31	31	31	31	31	31	31	31	31	31	31	31	31	31	31	31	31	31	31	31	31	32	32	32	32	32	32	32	32	32	32	32	32	32	32	32	32	32	32	32	32	32	32	33	33	33	33	33	33	33	33	33	33	33	33	33	33	33	33	33	34	34	34	34	34	34	34	34	34	34	34	34	34	34	34	34	34	34	34	34	35	35	35	35	35	35	35	35	35	35	35	35	35	35	35	35	35	35	35	35	35	35	35	35	36	36	36	36	36	36	36	36	36	36	36	36	36	36	36	36	36	36	37	37	37	37	37	37	37	37	37	37	37	37	37	37	37	37	38	38	38	38	38	38	38	38	38	38	38	38	39	39	39	39	39	39	39	39	39	39	39	39	39	39	39	39	39	39	40	40	40	40	40	40	40	40	40	40	40	40	40	40	40	40	40	40	40	40	40	40	40	40	40	40	40	40	40	40	41	41	41	41	41	41	41	41	41	41	41	41	41	41	41	41	41	41	41	41	41	41	41	41	41	41	41	41	41	42	42	42	42	42	42	42	42	42	42	42	42	42	42	42	42	42	42	43	43	43	43	43	43	43	43	43	43	43	43	43	43	43	43	43	43	43	43	43	43	44	44	44	44	44	44	44	44	44	44	44	44	44	44	44	44	44	44	44	44	44	44	44	44	44	44	45	45	45	45	45	45	45	45	45	45	45	45	45	45	45	45	45	45	45	45	45	45	45	
