1000
45	4
368	29.7
26	30	26	30	29	29	29	31	31	26	29	30	27	30	29	31	28	26	28	29	28	26	27	28	30	28	26	28	31	29	28	26	29	26	29	26	31	30	30	28	29	27	27	30	30	28	29	26	26	31	26	27	28	26	27	30	29	28	27	31	27	30	30	28	31	27	31	31	30	30	27	28	31	29	26	28	31	29	28	30	30	29	31	30	26	26	27	26	30	28	31	30	26	27	27	27	29	31	30	26	28	30	30	29	29	29	28	29	31	28	29	29	29	31	28	27	28	29	28	30	27	29	31	31	27	30	28	26	26	29	28	27	26	31	27	27	31	26	28	30	28	29	30	28	29	27	29	30	30	27	31	26	29	29	31	31	28	27	29	30	26	30	30	28	27	28	29	28	27	29	27	30	29	26	29	30	28	29	29	27	29	30	29	27	27	31	29	26	31	27	31	30	26	30	31	26	29	30	28	28	28	31	27	31	26	30	27	26	27	31	29	30	28	28	27	29	29	28	28	31	28	28	29	30	29	26	29	28	28	27	29	29	28	29	27	26	28	30	31	31	29	26	27	31	29	27	29	26	28	30	27	27	26	28	31	31	28	30	29	31	27	27	27	29	29	29	26	27	26	28	30	28	26	30	29	31	27	28	26	30	29	27	26	26	28	31	30	28	30	27	31	31	28	27	27	28	30	28	29	26	29	27	29	28	27	26	31	26	31	26	31	30	27	31	29	29	28	26	28	31	31	27	31	27	29	27	27	29	26	26	29	30	28	28	29	31	30	29	26	26	29	30	30	28	30	27	26	27	29	26	27	28	28	26	29	27	26	29	30	27	31	31	29	28	27	29	26	29	31	31	31	31	30	27	31	26	27	30	26	29	31	30	30	27	29	28	27	28	30	29	31	29	28	30	29	30	26	29	27	31	28	28	27	27	28	29	30	26	30	27	26	26	27	31	27	31	29	29	31	30	26	31	26	31	27	29	26	27	31	29	27	28	27	31	31	30	27	30	26	26	26	28	31	30	31	29	27	28	27	30	31	29	31	31	30	30	26	30	28	28	28	31	30	27	31	28	26	26	31	31	30	26	29	30	27	29	29	28	29	28	28	31	27	27	27	28	29	26	31	30	28	31	28	29	28	28	27	29	29	28	30	30	29	29	30	26	28	27	31	27	26	26	30	29	31	26	29	28	26	27	27	28	30	30	26	30	26	30	26	28	31	30	28	31	26	28	30	29	30	30	28	29	31	30	28	30	28	28	26	28	28	29	28	27	30	28	28	27	29	26	29	27	28	31	29	30	29	28	30	27	31	30	28	29	26	30	28	27	27	29	30	29	26	29	30	31	27	26	26	30	30	28	28	29	27	27	30	27	29	26	31	28	31	28	31	27	27	30	29	28	27	30	30	26	27	28	26	28	31	27	29	28	30	27	28	27	30	29	29	27	27	27	28	26	26	31	30	30	29	26	31	28	31	30	26	28	30	30	31	31	28	27	27	28	28	28	28	28	29	28	28	31	26	26	27	31	31	27	31	26	27	31	26	29	30	28	31	26	31	29	31	30	30	27	30	27	31	31	27	26	26	27	29	27	31	30	28	30	30	30	26	27	29	26	30	28	31	29	30	27	28	27	29	26	27	27	26	28	26	28	28	29	27	28	27	31	27	31	31	31	28	28	27	27	26	26	31	31	28	27	28	27	27	31	26	30	30	26	29	29	30	31	27	30	28	31	26	27	30	28	30	26	27	28	30	26	31	30	29	31	30	31	31	28	26	26	31	29	29	28	27	26	29	29	27	28	26	26	27	30	26	27	31	29	28	27	30	29	27	31	26	27	26	31	28	31	28	27	27	28	29	27	31	29	30	27	27	31	27	31	31	30	28	30	30	27	31	27	28	26	26	27	31	31	28	30	31	27	30	30	28	29	27	26	31	31	27	30	30	30	27	27	26	31	30	28	29	28	30	30	28	28	28	29	30	26	30	28	30	28	30	28	26	27	28	29	26	26	31	26	27	26	31	28	27	27	31	27	29	27	30	30	27	29	31	28	26	28	31	31	30	30	30	29	30	28	30	30	30	27	28	29	29	31	30	28	31	27	30	31	31	28	30	30	29	31	27	27	29	31	26	31	31	28	26	29	31	27	27	30	31	31	28	31	28	30	29	30	27	29	31	31	27	28	26	29	30	27	31	26	31	27	27	30	31	31	29	28	28	31	28	30	28	29	29	27	31	28	27	30	27	29	30	27	28	26	26	28	26	28	27	28	30	26	26	29	31	26	31	30	
80	76	92	79	89	92	80	80	76	83	87	76	94	78	86	85	88	85	84	80	86	81	79	89	86	90	87	91	88	78	83	93	76	84	84	93	82	93	87	90	90	93	91	83	93	79	84	91	84	78	89	79	91	93	93	77	76	84	79	87	87	77	90	88	87	88	80	77	89	79	84	77	78	91	89	92	92	90	87	83	85	84	90	88	84	80	77	92	84	83	94	86	92	94	83	81	80	84	85	87	91	85	88	76	92	78	87	92	84	76	83	83	80	91	78	91	80	77	94	76	85	92	92	91	92	79	91	82	76	81	78	94	83	77	82	94	94	85	85	80	84	91	84	77	92	89	78	76	83	84	77	81	86	82	80	92	84	93	89	76	76	77	84	91	92	82	89	87	89	94	77	84	93	80	92	85	84	91	89	86	77	78	92	79	91	80	92	84	82	77	84	76	76	94	77	77	87	84	89	85	89	79	81	79	81	86	87	94	92	92	93	92	83	78	87	87	84	84	77	86	90	83	92	84	79	80	93	88	83	81	93	79	79	83	92	78	82	78	92	92	88	81	82	84	88	77	93	85	80	77	83	94	89	92	81	93	92	81	84	92	89	81	78	88	83	84	79	84	85	77	83	84	92	94	91	94	88	81	85	76	78	80	90	84	76	77	82	93	80	85	92	88	78	77	87	84	79	86	86	88	76	91	79	92	80	82	91	93	81	89	88	85	83	91	88	86	84	92	76	77	81	76	92	77	84	81	89	93	83	87	84	84	80	84	77	85	92	85	85	84	84	85	77	80	80	85	92	77	89	82	79	76	92	86	77	85	89	86	87	79	89	88	81	90	81	81	90	82	90	89	83	91	87	91	90	89	82	89	77	78	85	89	88	83	90	78	83	80	91	87	92	80	82	88	78	77	83	80	92	90	77	85	91	86	89	88	84	93	91	87	88	90	90	86	94	89	87	86	92	85	81	91	87	81	90	86	88	92	90	85	78	89	85	82	81	81	92	85	93	86	91	76	91	84	79	90	77	89	82	78	79	77	81	83	77	80	92	79	92	77	92	89	78	79	88	80	85	77	80	78	84	88	94	91	82	86	79	85	80	86	93	93	93	80	88	77	93	78	93	84	76	90	80	93	90	80	76	81	81	94	80	94	83	84	88	90	81	82	79	85	88	92	85	91	91	85	84	79	87	87	88	76	76	80	91	93	80	82	91	85	88	78	91	78	81	92	94	82	82	76	91	82	85	86	77	81	88	85	89	79	89	90	91	87	87	89	83	81	91	92	85	85	88	93	90	78	76	83	79	85	90	88	94	84	85	78	91	86	94	85	80	93	79	94	77	83	79	86	79	93	81	78	83	90	77	85	86	94	81	94	78	88	76	82	92	91	82	77	76	86	88	91	77	87	83	81	89	81	93	92	78	78	82	90	94	88	85	81	86	82	94	81	86	79	90	87	93	78	86	92	88	80	86	82	81	83	76	77	90	94	92	82	82	76	81	91	92	84	76	81	78	87	76	87	94	92	83	76	93	87	89	93	84	86	77	79	83	86	82	79	87	87	79	90	89	80	88	85	87	94	84	92	84	89	82	84	89	81	79	93	80	81	77	81	92	94	83	78	79	84	92	94	88	82	80	90	80	89	93	88	80	79	91	88	91	92	78	88	83	88	89	80	89	83	87	92	94	88	81	87	83	81	94	79	86	85	88	90	91	79	79	93	94	94	94	84	91	76	86	85	92	92	91	77	80	76	80	92	82	92	93	91	86	90	82	89	89	84	76	93	87	78	83	89	94	81	93	81	78	85	92	83	80	92	79	92	85	89	82	92	79	83	81	86	80	80	80	90	80	77	76	84	86	84	91	80	77	85	78	89	93	94	91	90	81	80	79	88	80	91	85	80	87	90	88	93	77	92	78	91	84	77	83	91	90	84	89	86	89	94	89	84	78	78	79	82	91	85	84	83	89	77	81	84	91	85	85	84	91	82	81	88	77	90	88	76	93	86	93	94	94	93	91	78	91	85	83	92	78	85	94	86	89	85	91	92	93	87	89	78	91	93	82	86	90	94	88	76	83	76	91	92	79	85	83	89	76	90	79	92	93	77	80	90	83	89	89	92	81	89	77	77	78	87	77	83	93	94	86	85	94	82	94	84	93	83	86	93	91	81	89	77	83	76	91	77	87	84	86	88	92	76	82	79	81	77	85	94	82	80	88	80	85	84	87	78	85	88	80	94	83	87	77	91	91	94	90	81	86	83	84	76	81	84	85	76	85	88	82	84	
16.5	14.3	29.7	11	31.9	23.1	17.6	24.2	18.7	19.8	27.5	19.8	31.9	30.8	14.3	20.9	14.3	29.7	25.3	33	27.5	12.1	33	12.1	18.7	18.7	18.7	28.6	26.4	18.7	15.4	28.6	20.9	15.4	18.7	13.2	28.6	22	27.5	27.5	27.5	29.7	14.3	15.4	13.2	25.3	23.1	12.1	23.1	24.2	33	33	20.9	13.2	20.9	19.8	23.1	22	18.7	24.2	17.6	12.1	28.6	30.8	20.9	31.9	15.4	31.9	31.9	11	25.3	25.3	27.5	13.2	22	20.9	22	12.1	17.6	26.4	11	14.3	29.7	16.5	11	16.5	30.8	13.2	24.2	20.9	23.1	26.4	12.1	12.1	26.4	26.4	26.4	26.4	23.1	25.3	18.7	33	28.6	13.2	19.8	23.1	14.3	23.1	14.3	25.3	28.6	20.9	20.9	17.6	25.3	13.2	22	20.9	16.5	19.8	29.7	28.6	11	17.6	22	19.8	28.6	24.2	23.1	30.8	14.3	26.4	31.9	24.2	20.9	19.8	24.2	12.1	29.7	11	12.1	15.4	25.3	12.1	24.2	15.4	18.7	12.1	22	25.3	26.4	31.9	17.6	22	33	25.3	33	30.8	19.8	15.4	26.4	25.3	19.8	22	18.7	18.7	15.4	14.3	25.3	29.7	30.8	20.9	31.9	28.6	17.6	15.4	13.2	22	23.1	11	13.2	28.6	14.3	25.3	26.4	22	26.4	13.2	19.8	18.7	14.3	13.2	22	12.1	15.4	18.7	14.3	30.8	15.4	33	12.1	11	16.5	23.1	24.2	25.3	20.9	31.9	22	26.4	30.8	31.9	24.2	33	15.4	19.8	12.1	29.7	27.5	17.6	13.2	11	11	27.5	17.6	19.8	25.3	33	15.4	16.5	17.6	22	30.8	15.4	14.3	24.2	18.7	11	20.9	27.5	26.4	23.1	12.1	26.4	11	18.7	18.7	22	20.9	20.9	33	33	24.2	17.6	20.9	20.9	13.2	25.3	30.8	29.7	17.6	20.9	31.9	25.3	13.2	13.2	11	19.8	12.1	28.6	23.1	26.4	31.9	22	15.4	33	26.4	13.2	33	23.1	19.8	24.2	29.7	28.6	12.1	12.1	28.6	26.4	30.8	13.2	17.6	31.9	33	26.4	13.2	26.4	24.2	11	24.2	17.6	25.3	27.5	19.8	15.4	15.4	11	14.3	28.6	20.9	29.7	19.8	27.5	29.7	20.9	24.2	24.2	23.1	18.7	18.7	22	17.6	26.4	20.9	18.7	30.8	18.7	17.6	25.3	20.9	27.5	30.8	31.9	19.8	25.3	13.2	31.9	31.9	15.4	15.4	11	31.9	22	16.5	20.9	31.9	28.6	13.2	33	26.4	16.5	11	23.1	19.8	13.2	23.1	22	20.9	29.7	25.3	14.3	27.5	16.5	15.4	13.2	12.1	26.4	31.9	19.8	17.6	20.9	18.7	30.8	22	22	33	29.7	15.4	29.7	22	11	17.6	13.2	16.5	23.1	13.2	17.6	13.2	14.3	26.4	18.7	22	24.2	30.8	14.3	30.8	29.7	33	14.3	29.7	19.8	16.5	14.3	23.1	26.4	13.2	12.1	12.1	27.5	25.3	26.4	28.6	27.5	25.3	28.6	14.3	33	29.7	24.2	19.8	30.8	22	12.1	13.2	15.4	30.8	20.9	17.6	24.2	11	27.5	31.9	19.8	22	12.1	30.8	26.4	12.1	11	11	18.7	25.3	25.3	12.1	16.5	17.6	15.4	28.6	27.5	30.8	33	19.8	27.5	19.8	29.7	12.1	15.4	18.7	24.2	17.6	11	24.2	24.2	22	20.9	29.7	18.7	18.7	29.7	16.5	33	11	31.9	17.6	28.6	18.7	28.6	12.1	26.4	22	17.6	13.2	23.1	30.8	33	33	18.7	16.5	11	13.2	12.1	24.2	12.1	17.6	12.1	24.2	23.1	25.3	17.6	28.6	31.9	22	22	12.1	25.3	33	12.1	16.5	30.8	25.3	26.4	31.9	20.9	11	18.7	23.1	13.2	22	19.8	29.7	11	30.8	19.8	17.6	29.7	13.2	33	33	18.7	25.3	19.8	22	31.9	18.7	22	28.6	13.2	27.5	24.2	20.9	31.9	27.5	23.1	12.1	18.7	28.6	31.9	12.1	25.3	17.6	20.9	20.9	33	25.3	33	13.2	24.2	30.8	20.9	33	28.6	20.9	12.1	33	19.8	24.2	33	30.8	29.7	15.4	20.9	24.2	33	23.1	11	14.3	33	16.5	11	17.6	33	26.4	25.3	25.3	33	16.5	12.1	13.2	24.2	28.6	31.9	29.7	15.4	23.1	13.2	22	33	11	23.1	15.4	19.8	31.9	11	11	22	28.6	31.9	13.2	31.9	17.6	22	30.8	29.7	28.6	16.5	19.8	14.3	33	20.9	31.9	26.4	17.6	30.8	20.9	16.5	29.7	17.6	22	27.5	18.7	26.4	22	16.5	25.3	30.8	13.2	13.2	17.6	12.1	27.5	31.9	33	20.9	19.8	26.4	12.1	15.4	28.6	20.9	16.5	22	31.9	30.8	31.9	16.5	23.1	15.4	22	11	27.5	25.3	20.9	27.5	29.7	14.3	14.3	19.8	28.6	22	19.8	26.4	20.9	23.1	33	15.4	25.3	28.6	23.1	33	12.1	24.2	12.1	31.9	11	28.6	20.9	28.6	19.8	22	11	13.2	27.5	11	11	20.9	31.9	11	22	29.7	18.7	14.3	14.3	16.5	25.3	22	16.5	19.8	31.9	18.7	16.5	14.3	29.7	24.2	11	16.5	28.6	16.5	31.9	15.4	30.8	22	19.8	23.1	22	20.9	28.6	25.3	27.5	13.2	15.4	17.6	14.3	15.4	13.2	24.2	14.3	31.9	24.2	31.9	27.5	31.9	29.7	18.7	28.6	26.4	25.3	28.6	22	20.9	14.3	23.1	23.1	33	13.2	22	18.7	15.4	18.7	12.1	19.8	29.7	23.1	11	28.6	23.1	20.9	25.3	11	33	18.7	18.7	29.7	33	23.1	13.2	29.7	24.2	18.7	29.7	18.7	20.9	24.2	25.3	22	17.6	33	25.3	17.6	24.2	13.2	30.8	13.2	20.9	19.8	15.4	13.2	22	33	20.9	16.5	16.5	20.9	29.7	16.5	24.2	12.1	33	16.5	31.9	33	15.4	17.6	30.8	22	33	11	19.8	23.1	28.6	33	22	20.9	30.8	33	31.9	18.7	18.7	18.7	18.7	12.1	14.3	15.4	19.8	19.8	19.8	23.1	24.2	22	29.7	30.8	25.3	18.7	24.2	22	12.1	30.8	22	16.5	12.1	16.5	20.9	29.7	12.1	33	27.5	30.8	23.1	26.4	31.9	18.7	15.4	12.1	20.9	26.4	24.2	20.9	16.5	13.2	18.7	22	14.3	12.1	30.8	16.5	13.2	27.5	31.9	27.5	31.9	31.9	11	15.4	28.6	12.1	12.1	33	29.7	30.8	23.1	12.1	14.3	16.5	31.9	18.7	15.4	16.5	11	11	29.7	20.9	15.4	15.4	19.8	25.3	13.2	33	17.6	28.6	24.2	23.1	30.8	31.9	29.7	27.5	13.2	26.4	28.6	28.6	23.1	19.8	27.5	27.5	16.5	23.1	33	28.6	13.2	29.7	19.8	26.4	14.3	17.6	31.9	27.5	19.8	23.1	19.8	30.8	30.8	25.3	23.1	33	20.9	22	14.3	13.2	23.1	20.9	27.5	27.5	31.9	29.7	16.5	31.9	25.3	12.1	18.7	25.3	16.5	30.8	26.4	13.2	17.6	18.7	12.1	12.1	30.8	19.8	29.7	30.8	16.5	19.8	26.4	27.5	28.6	29.7	30.8	18.7	12.1	18.7	33	22	15.4	14.3	19.8	14.3	28.6	19.8	28.6	24.2	30.8	12.1	30.8	22	27.5	18.7	19.8	11	30.8	31.9	33	
14.3	17.6	11	29.7	33	31.9	13.2	25.3	15.4	15.4	16.5	25.3	29.7	25.3	24.2	28.6	22	17.6	26.4	33	28.6	27.5	16.5	27.5	30.8	17.6	30.8	14.3	26.4	12.1	20.9	26.4	28.6	11	24.2	18.7	18.7	30.8	11	19.8	12.1	23.1	27.5	13.2	22	29.7	16.5	17.6	28.6	23.1	29.7	20.9	16.5	19.8	28.6	19.8	19.8	15.4	22	25.3	31.9	27.5	13.2	11	30.8	27.5	19.8	18.7	19.8	20.9	33	33	29.7	14.3	14.3	12.1	24.2	16.5	24.2	28.6	19.8	23.1	30.8	14.3	28.6	27.5	20.9	24.2	27.5	20.9	19.8	13.2	13.2	29.7	27.5	29.7	25.3	22	18.7	28.6	18.7	11	12.1	23.1	18.7	33	18.7	26.4	25.3	20.9	29.7	19.8	11	11	11	12.1	18.7	12.1	27.5	33	33	14.3	13.2	33	29.7	31.9	29.7	29.7	28.6	23.1	12.1	27.5	23.1	25.3	12.1	15.4	14.3	27.5	17.6	13.2	24.2	23.1	29.7	28.6	11	15.4	20.9	31.9	22	33	16.5	33	12.1	23.1	22	13.2	28.6	15.4	26.4	23.1	13.2	23.1	33	33	30.8	13.2	13.2	15.4	30.8	28.6	13.2	18.7	19.8	13.2	30.8	26.4	17.6	33	33	31.9	14.3	20.9	11	23.1	24.2	15.4	17.6	17.6	31.9	15.4	30.8	29.7	20.9	26.4	22	28.6	23.1	14.3	18.7	22	23.1	23.1	16.5	27.5	29.7	11	30.8	20.9	26.4	18.7	15.4	24.2	20.9	23.1	18.7	11	30.8	25.3	30.8	23.1	11	17.6	28.6	19.8	22	23.1	11	25.3	16.5	16.5	18.7	16.5	11	28.6	25.3	19.8	28.6	16.5	31.9	14.3	16.5	29.7	12.1	22	27.5	12.1	18.7	22	14.3	28.6	20.9	31.9	25.3	23.1	29.7	31.9	27.5	11	33	27.5	29.7	16.5	31.9	28.6	23.1	25.3	27.5	17.6	30.8	18.7	28.6	17.6	17.6	23.1	28.6	17.6	22	13.2	19.8	29.7	18.7	20.9	23.1	33	14.3	31.9	15.4	33	31.9	14.3	23.1	24.2	29.7	12.1	27.5	16.5	16.5	25.3	11	13.2	15.4	26.4	29.7	13.2	24.2	27.5	33	17.6	33	22	24.2	19.8	25.3	24.2	27.5	26.4	16.5	19.8	23.1	18.7	29.7	13.2	14.3	30.8	22	22	30.8	13.2	19.8	13.2	26.4	23.1	15.4	19.8	25.3	27.5	25.3	20.9	15.4	19.8	26.4	31.9	25.3	12.1	14.3	16.5	20.9	24.2	15.4	19.8	12.1	13.2	16.5	15.4	29.7	12.1	31.9	18.7	23.1	26.4	12.1	15.4	15.4	25.3	25.3	16.5	26.4	19.8	29.7	29.7	27.5	22	22	14.3	19.8	29.7	28.6	12.1	25.3	13.2	29.7	12.1	22	28.6	27.5	15.4	27.5	30.8	30.8	29.7	17.6	25.3	12.1	20.9	16.5	16.5	13.2	33	16.5	30.8	33	20.9	25.3	26.4	19.8	22	27.5	24.2	17.6	24.2	14.3	11	17.6	30.8	24.2	29.7	19.8	11	23.1	26.4	30.8	17.6	29.7	15.4	22	28.6	11	11	11	31.9	16.5	30.8	24.2	15.4	29.7	31.9	28.6	13.2	28.6	33	28.6	22	14.3	22	19.8	22	19.8	17.6	13.2	31.9	33	20.9	13.2	11	23.1	33	20.9	23.1	20.9	15.4	23.1	18.7	23.1	11	16.5	16.5	27.5	17.6	18.7	18.7	13.2	16.5	28.6	29.7	18.7	17.6	17.6	15.4	14.3	26.4	18.7	22	29.7	31.9	17.6	23.1	12.1	28.6	17.6	29.7	14.3	28.6	30.8	33	30.8	27.5	18.7	23.1	33	22	29.7	28.6	29.7	29.7	14.3	33	19.8	27.5	18.7	11	31.9	25.3	23.1	12.1	28.6	26.4	27.5	13.2	24.2	22	15.4	11	33	22	24.2	30.8	11	26.4	18.7	28.6	15.4	27.5	28.6	24.2	18.7	26.4	28.6	11	11	24.2	30.8	19.8	17.6	11	14.3	18.7	23.1	22	13.2	14.3	28.6	16.5	12.1	23.1	26.4	31.9	33	20.9	31.9	23.1	31.9	15.4	16.5	17.6	26.4	30.8	23.1	17.6	17.6	22	27.5	31.9	12.1	13.2	25.3	24.2	14.3	13.2	29.7	12.1	31.9	16.5	18.7	28.6	26.4	18.7	17.6	20.9	25.3	22	29.7	18.7	28.6	14.3	11	28.6	23.1	15.4	14.3	29.7	30.8	11	26.4	18.7	27.5	17.6	30.8	13.2	30.8	20.9	22	33	12.1	26.4	27.5	23.1	26.4	20.9	13.2	23.1	33	13.2	23.1	19.8	25.3	13.2	26.4	24.2	26.4	15.4	16.5	23.1	33	23.1	18.7	11	19.8	13.2	30.8	11	23.1	13.2	14.3	19.8	22	14.3	17.6	19.8	28.6	19.8	17.6	23.1	24.2	30.8	23.1	22	25.3	23.1	24.2	27.5	11	28.6	24.2	11	27.5	28.6	22	18.7	28.6	29.7	16.5	23.1	19.8	23.1	28.6	30.8	18.7	11	16.5	29.7	15.4	19.8	26.4	31.9	26.4	15.4	13.2	11	23.1	23.1	28.6	23.1	29.7	27.5	16.5	25.3	26.4	15.4	25.3	33	22	14.3	31.9	19.8	13.2	17.6	18.7	24.2	13.2	20.9	30.8	20.9	27.5	15.4	13.2	25.3	18.7	13.2	17.6	30.8	22	23.1	11	22	31.9	23.1	26.4	25.3	33	26.4	16.5	22	31.9	29.7	20.9	14.3	27.5	18.7	19.8	31.9	15.4	31.9	27.5	29.7	25.3	27.5	20.9	26.4	24.2	17.6	17.6	11	29.7	28.6	14.3	26.4	16.5	25.3	23.1	30.8	19.8	19.8	27.5	29.7	12.1	29.7	26.4	28.6	24.2	24.2	24.2	29.7	16.5	33	11	29.7	27.5	30.8	20.9	31.9	24.2	18.7	12.1	27.5	22	29.7	14.3	18.7	25.3	12.1	14.3	23.1	30.8	19.8	20.9	17.6	11	18.7	33	14.3	31.9	22	12.1	31.9	31.9	31.9	28.6	29.7	13.2	22	14.3	25.3	26.4	20.9	16.5	13.2	20.9	13.2	27.5	22	31.9	13.2	22	22	18.7	31.9	27.5	20.9	31.9	20.9	28.6	14.3	12.1	18.7	26.4	17.6	12.1	14.3	23.1	11	16.5	19.8	14.3	29.7	16.5	24.2	26.4	15.4	20.9	29.7	13.2	13.2	25.3	25.3	16.5	14.3	33	11	33	26.4	19.8	31.9	31.9	15.4	26.4	20.9	29.7	24.2	13.2	22	27.5	22	24.2	29.7	15.4	15.4	18.7	20.9	23.1	15.4	12.1	26.4	27.5	30.8	18.7	16.5	25.3	29.7	33	31.9	33	29.7	25.3	20.9	25.3	17.6	14.3	20.9	29.7	11	18.7	30.8	29.7	28.6	27.5	17.6	19.8	33	16.5	31.9	16.5	12.1	12.1	11	31.9	13.2	33	11	13.2	30.8	17.6	29.7	19.8	26.4	13.2	23.1	24.2	17.6	28.6	20.9	33	27.5	13.2	15.4	33	11	17.6	19.8	17.6	13.2	30.8	20.9	26.4	17.6	31.9	25.3	30.8	23.1	20.9	12.1	33	15.4	13.2	16.5	23.1	30.8	24.2	31.9	26.4	13.2	30.8	27.5	19.8	24.2	23.1	28.6	28.6	18.7	11	12.1	19.8	20.9	27.5	25.3	30.8	18.7	18.7	28.6	17.6	20.9	28.6	29.7	20.9	18.7	30.8	19.8	29.7	11	27.5	18.7	20.9	29.7	33	16.5	23.1	14.3	19.8	11	27.5	27.5	
15.4	19.8	14.3	12.1	13.2	30.8	31.9	16.5	15.4	33	20.9	16.5	16.5	13.2	28.6	29.7	26.4	16.5	29.7	25.3	30.8	24.2	15.4	23.1	27.5	22	23.1	24.2	25.3	27.5	31.9	24.2	18.7	14.3	33	27.5	26.4	19.8	23.1	31.9	20.9	33	33	27.5	28.6	
13	18	12	14	12	19	19	11	11	11	15	18	13	10	11	18	11	20	13	11	14	15	18	12	19	18	13	10	10	14	14	19	17	20	16	14	15	13	12	12	18	19	12	17	15	20	15	13	16	12	10	13	10	17	15	17	17	18	16	18	12	17	19	12	20	17	17	20	11	18	11	10	18	17	20	12	11	20	12	18	17	17	20	11	15	17	19	10	12	11	15	20	17	20	18	20	16	14	11	17	14	18	19	12	12	20	12	19	11	17	13	17	10	11	13	16	12	14	17	15	20	18	12	19	13	15	18	11	10	11	19	10	20	20	13	15	17	18	18	18	14	11	10	17	12	17	14	16	12	18	11	16	17	13	15	15	15	16	13	16	16	16	14	13	13	12	18	17	10	16	14	10	14	13	15	13	15	19	11	17	20	12	17	16	18	19	12	20	10	17	12	17	20	11	12	15	20	15	12	13	12	12	10	15	17	18	18	15	14	17	16	18	11	13	20	18	11	19	17	18	15	11	20	13	13	18	13	13	10	16	18	14	19	18	17	14	20	20	10	11	17	11	13	14	18	19	16	13	18	13	13	20	13	10	12	17	19	11	17	13	16	12	20	14	10	14	16	13	18	17	20	16	13	19	17	10	17	17	10	15	12	18	11	19	20	15	14	13	19	11	16	19	17	19	10	19	10	20	11	10	18	12	18	11	12	12	15	14	17	19	15	16	14	14	16	14	20	16	17	14	16	14	13	19	17	18	20	15	20	17	19	17	17	18	14	11	18	19	12	17	12	14	10	20	19	15	14	11	16	18	19	11	19	12	11	14	14	16	15	19	10	19	19	10	12	14	10	19	17	10	14	16	13	10	15	13	13	14	20	10	12	10	16	15	20	16	16	11	15	15	10	16	19	12	18	18	15	20	20	18	17	19	15	19	17	19	17	20	15	18	11	15	17	20	17	15	10	17	17	15	11	20	16	19	16	19	13	19	11	20	12	17	18	15	17	18	16	13	10	19	17	20	11	14	11	13	20	10	10	12	17	13	11	16	13	12	16	14	16	10	10	20	16	14	15	15	11	17	11	16	18	18	11	17	17	20	16	19	14	10	13	20	14	18	14	14	12	18	19	11	19	16	14	16	11	18	11	11	13	20	14	13	12	15	13	19	14	18	19	12	17	20	13	13	20	11	16	14	18	11	20	14	19	20	20	19	17	15	18	17	19	17	20	14	13	12	17	17	18	16	11	17	13	10	11	17	12	13	17	17	20	16	11	14	17	12	15	15	14	15	15	18	17	13	15	20	13	15	20	20	18	16	19	13	13	11	19	20	19	17	14	20	10	14	10	18	19	14	17	15	18	12	19	13	12	20	14	17	12	11	16	18	15	14	12	10	14	14	16	10	20	12	17	12	10	18	12	11	10	12	11	20	17	13	20	14	13	12	12	14	12	14	17	18	12	16	20	19	10	11	14	11	13	19	15	12	18	16	15	19	15	10	11	11	19	16	14	19	20	14	14	10	20	16	12	11	12	19	11	13	15	17	18	17	20	20	18	20	20	16	16	11	20	13	20	20	17	12	14	14	15	15	20	12	19	17	14	13	14	10	13	14	20	15	14	13	16	18	10	20	18	20	20	17	15	11	15	15	13	10	15	14	12	11	11	13	16	12	16	13	18	12	14	20	14	16	18	11	12	16	18	13	18	16	10	17	19	16	12	14	10	10	11	12	20	20	17	19	10	20	12	15	13	11	15	19	11	14	14	12	11	12	14	17	19	12	14	13	20	19	12	17	12	15	19	13	19	10	15	17	17	17	13	19	15	17	13	16	16	11	11	18	17	13	15	19	11	10	10	15	10	16	16	16	18	13	19	12	14	19	12	16	11	12	13	14	15	20	12	15	12	17	12	16	14	15	14	18	16	13	14	15	12	12	15	20	15	13	14	19	15	11	15	20	12	13	16	20	13	11	12	14	17	19	17	11	14	13	15	13	18	19	19	12	17	11	18	12	14	14	19	18	10	10	12	14	13	10	16	19	20	10	11	17	18	20	15	19	12	13	18	13	17	12	10	15	12	20	20	18	19	12	10	18	15	11	18	19	14	13	16	14	10	15	16	19	14	14	18	17	17	12	19	15	12	15	16	15	12	11	19	19	18	13	20	17	13	12	17	12	18	14	20	19	13	10	13	16	10	12	14	12	10	20	18	18	10	16	16	15	10	13	10	17	16	12	19	19	13	14	17	10	13	19	12	13	17	15	14	10	11	13	11	15	18	19	17	12	18	19	
1	1	1	1	1	1	1	1	1	1	1	1	1	1	1	1	1	1	1	1	1	1	1	1	1	1	2	2	2	2	2	2	2	2	2	2	2	2	2	2	2	2	2	2	2	3	3	3	3	3	3	3	3	3	3	3	3	3	3	3	3	3	3	3	3	3	3	3	4	4	4	4	4	4	4	4	4	4	4	4	4	4	4	4	4	4	4	4	4	4	4	4	5	5	5	5	5	5	5	5	5	5	5	5	5	5	5	5	5	5	5	5	5	5	5	5	5	5	5	5	5	6	6	6	6	6	6	6	6	6	6	6	6	6	6	6	6	6	6	6	7	7	7	7	7	7	7	7	7	7	7	7	7	7	7	7	7	7	7	7	7	7	7	7	7	7	7	7	7	7	8	8	8	8	8	8	8	8	8	8	8	8	8	8	8	8	8	8	8	9	9	9	9	9	9	9	9	9	9	9	9	9	9	9	9	9	9	9	9	9	9	9	9	9	10	10	10	10	10	10	10	10	10	10	10	10	10	10	10	10	10	10	10	10	11	11	11	11	11	11	11	11	11	11	11	11	11	11	11	11	11	11	11	11	11	11	12	12	12	12	12	12	12	12	12	12	12	12	12	12	12	12	12	12	12	12	12	13	13	13	13	13	13	13	13	13	13	13	13	13	13	13	13	13	13	13	13	13	13	13	13	13	13	14	14	14	14	14	14	14	14	14	14	14	14	14	14	14	14	14	14	15	15	15	15	15	15	15	15	15	15	15	15	15	15	15	15	15	15	16	16	16	16	16	16	16	16	16	16	16	16	16	16	16	17	17	17	17	17	17	17	17	17	17	17	17	17	17	17	17	17	17	17	17	17	17	17	17	18	18	18	18	18	18	18	18	18	18	18	18	18	18	18	18	18	18	18	18	18	19	19	19	19	19	19	19	19	19	19	19	19	19	19	19	19	19	19	19	20	20	20	20	20	20	20	20	20	20	20	20	20	20	20	20	20	20	20	20	20	20	20	20	20	20	20	20	20	20	21	21	21	21	21	21	21	21	21	21	21	21	21	21	21	21	21	21	21	21	21	21	21	21	21	21	22	22	22	22	22	22	22	22	22	22	22	22	22	22	22	22	22	22	22	23	23	23	23	23	23	23	23	23	23	23	23	23	23	23	23	23	23	23	23	23	24	24	24	24	24	24	24	24	24	24	24	24	24	24	24	24	24	24	24	24	24	24	24	24	24	24	25	25	25	25	25	25	25	25	25	25	25	25	25	25	25	25	25	25	25	25	25	26	26	26	26	26	26	26	26	26	26	26	26	26	26	26	26	26	26	26	26	26	26	26	26	26	27	27	27	27	27	27	27	27	27	27	27	27	27	27	27	27	27	27	27	27	27	27	27	27	27	27	28	28	28	28	28	28	28	28	28	28	28	28	28	28	28	28	28	28	28	28	28	28	28	28	29	29	29	29	29	29	29	29	29	29	29	29	29	30	30	30	30	30	30	30	30	30	30	30	30	30	30	30	30	30	30	30	30	30	30	31	31	31	31	31	31	31	31	31	31	31	31	31	31	31	31	31	31	31	31	32	32	32	32	32	32	32	32	32	32	32	32	32	32	32	32	32	32	32	32	32	32	32	32	32	32	33	33	33	33	33	33	33	33	33	33	33	33	33	33	33	33	33	33	33	33	33	33	33	33	33	33	33	34	34	34	34	34	34	34	34	34	34	34	34	34	34	34	34	34	34	34	34	34	34	34	35	35	35	35	35	35	35	35	35	35	35	35	35	35	35	35	35	35	35	35	35	35	35	35	35	36	36	36	36	36	36	36	36	36	36	36	36	36	36	36	36	36	36	37	37	37	37	37	37	37	37	37	37	37	37	37	37	37	37	37	37	37	37	37	37	38	38	38	38	38	38	38	38	38	38	38	38	38	38	38	38	38	38	39	39	39	39	39	39	39	39	39	39	39	39	39	39	39	39	39	39	39	39	39	40	40	40	40	40	40	40	40	40	40	40	40	40	40	40	40	40	40	40	40	40	41	41	41	41	41	41	41	41	41	41	41	41	41	41	41	41	41	42	42	42	42	42	42	42	42	42	42	42	42	42	42	42	42	42	42	42	42	43	43	43	43	43	43	43	43	43	43	43	43	43	43	43	43	43	44	44	44	44	44	44	44	44	44	44	44	44	44	44	44	44	44	44	44	44	44	44	44	44	44	44	44	44	44	45	45	45	45	45	45	45	45	45	45	45	45	45	45	45	45	45	45	45	45	45	45	45	45	45	
