300
14	2
290	1.00
3	3	3	2	2	2	3	2	3	3	3	3	2	3	3	3	2	3	3	3	3	3	3	2	3	2	3	3	3	3	3	2	3	3	2	3	2	2	3	3	3	3	3	3	3	3	3	2	3	3	3	3	3	3	3	3	2	2	3	2	3	3	2	2	3	2	3	2	3	2	3	2	2	3	3	3	2	3	3	3	2	2	3	2	2	3	3	3	3	3	3	3	2	3	2	3	2	3	3	3	2	3	2	2	3	3	3	2	2	3	3	2	3	2	3	2	3	3	2	3	2	3	3	3	2	3	2	3	2	3	3	2	3	3	3	2	3	3	3	2	3	2	2	2	3	3	3	3	3	3	2	2	3	3	2	3	2	3	3	2	2	3	3	3	3	2	3	3	3	3	3	3	2	2	3	3	3	2	3	3	3	2	2	3	3	3	3	3	2	2	3	2	3	3	3	3	3	2	3	3	2	3	3	3	2	2	3	2	3	3	3	3	3	3	3	3	3	2	2	3	2	2	3	2	2	3	2	2	2	2	2	3	3	3	3	2	3	3	3	3	3	3	3	3	3	2	3	2	3	2	2	2	3	2	2	2	3	3	2	3	3	2	2	3	3	2	3	2	3	3	3	3	3	3	2	3	2	2	3	3	2	3	3	2	3	3	2	2	3	3	3	3	3	2	3	3	3	3	3	3	
1	2	3	
2	3	4	
2	3	4	
0	1	
0	1	
1	3	
1	2	3	
0	1	
1	2	3	
1	2	3	
1	2	3	
2	6	7	
0	1	
2	3	4	
1	2	3	
2	3	4	
1	3	
2	3	4	
2	3	4	
1	2	3	
1	2	3	
2	6	7	
2	6	7	
0	1	
1	2	3	
1	3	
2	6	7	
1	2	3	
2	6	7	
1	2	3	
2	3	4	
0	1	
1	2	3	
1	2	3	
1	3	
2	6	7	
0	1	
1	3	
1	2	3	
1	2	3	
2	3	4	
1	2	3	
2	6	7	
1	2	3	
1	2	3	
2	3	4	
1	2	3	
1	3	
1	2	3	
1	2	3	
1	2	3	
2	3	4	
2	6	7	
2	6	7	
1	2	3	
2	6	7	
0	1	
0	1	
2	3	4	
1	3	
2	3	4	
2	6	7	
0	1	
1	3	
1	2	3	
0	1	
1	2	3	
0	1	
2	3	4	
0	1	
1	2	3	
1	3	
0	1	
1	2	3	
2	3	4	
1	2	3	
1	3	
2	6	7	
1	2	3	
2	3	4	
0	1	
1	3	
1	2	3	
0	1	
1	3	
1	2	3	
1	2	3	
1	2	3	
1	2	3	
1	2	3	
2	3	4	
2	3	4	
1	3	
2	6	7	
1	3	
2	6	7	
1	3	
2	3	4	
1	2	3	
2	6	7	
1	3	
1	2	3	
0	1	
1	3	
2	6	7	
1	2	3	
2	6	7	
0	1	
0	1	
1	2	3	
2	6	7	
1	3	
1	2	3	
1	3	
2	6	7	
1	3	
2	6	7	
1	2	3	
0	1	
2	6	7	
0	1	
1	2	3	
1	2	3	
2	6	7	
0	1	
2	3	4	
0	1	
2	6	7	
1	3	
2	6	7	
1	2	3	
1	3	
2	6	7	
1	2	3	
1	2	3	
0	1	
2	6	7	
1	2	3	
1	2	3	
1	3	
1	2	3	
0	1	
0	1	
1	3	
2	6	7	
2	6	7	
2	6	7	
1	2	3	
2	3	4	
2	6	7	
1	3	
0	1	
2	3	4	
2	3	4	
0	1	
2	3	4	
1	3	
1	2	3	
2	6	7	
1	3	
1	3	
2	3	4	
2	6	7	
1	2	3	
1	2	3	
1	3	
1	2	3	
1	2	3	
1	2	3	
1	2	3	
2	3	4	
1	2	3	
0	1	
1	3	
2	6	7	
2	6	7	
1	2	3	
0	1	
2	3	4	
2	3	4	
2	3	4	
1	3	
0	1	
1	2	3	
2	6	7	
2	3	4	
1	2	3	
2	6	7	
0	1	
1	3	
1	2	3	
0	1	
1	2	3	
2	6	7	
1	2	3	
1	2	3	
2	3	4	
0	1	
1	2	3	
2	3	4	
1	3	
2	3	4	
1	2	3	
1	2	3	
0	1	
0	1	
2	3	4	
1	3	
2	3	4	
2	3	4	
2	6	7	
2	6	7	
1	2	3	
1	2	3	
2	3	4	
2	3	4	
2	3	4	
0	1	
1	3	
1	2	3	
1	3	
0	1	
1	2	3	
1	3	
1	3	
2	6	7	
0	1	
1	3	
0	1	
0	1	
0	1	
2	3	4	
2	6	7	
1	2	3	
2	3	4	
1	3	
2	6	7	
2	6	7	
1	2	3	
1	2	3	
2	3	4	
2	6	7	
2	3	4	
2	6	7	
2	3	4	
1	3	
1	2	3	
0	1	
2	3	4	
1	3	
0	1	
1	3	
2	3	4	
0	1	
0	1	
0	1	
2	6	7	
1	2	3	
0	1	
2	6	7	
1	2	3	
1	3	
1	3	
1	2	3	
1	2	3	
1	3	
2	3	4	
0	1	
2	6	7	
2	6	7	
2	3	4	
1	2	3	
1	2	3	
1	2	3	
0	1	
2	6	7	
0	1	
0	1	
1	2	3	
2	6	7	
0	1	
2	6	7	
1	2	3	
0	1	
2	6	7	
1	2	3	
0	1	
1	3	
1	2	3	
1	2	3	
2	6	7	
1	2	3	
2	3	4	
1	3	
1	2	3	
2	6	7	
2	3	4	
1	2	3	
1	2	3	
2	6	7	
42.00	24.00	20.00	
42.00	28.00	28.00	
42.00	28.00	28.00	
32.00	16.00	
32.00	16.00	
42.00	32.00	
42.00	20.00	16.00	
32.00	16.00	
42.00	20.00	16.00	
42.00	24.00	20.00	
42.00	24.00	20.00	
48.00	36.00	32.00	
32.00	16.00	
42.00	28.00	28.00	
42.00	24.00	20.00	
42.00	28.00	28.00	
42.00	32.00	
42.00	28.00	28.00	
42.00	28.00	28.00	
42.00	24.00	20.00	
42.00	20.00	16.00	
48.00	36.00	32.00	
48.00	36.00	32.00	
32.00	16.00	
42.00	24.00	20.00	
42.00	32.00	
48.00	36.00	32.00	
42.00	24.00	20.00	
48.00	36.00	32.00	
42.00	20.00	16.00	
42.00	28.00	28.00	
32.00	16.00	
42.00	24.00	20.00	
42.00	24.00	20.00	
42.00	32.00	
48.00	36.00	32.00	
32.00	16.00	
42.00	32.00	
42.00	24.00	20.00	
42.00	20.00	16.00	
42.00	28.00	28.00	
42.00	20.00	16.00	
48.00	36.00	32.00	
42.00	20.00	16.00	
42.00	20.00	16.00	
42.00	28.00	28.00	
42.00	20.00	16.00	
42.00	32.00	
42.00	20.00	16.00	
42.00	20.00	16.00	
42.00	20.00	16.00	
42.00	28.00	28.00	
48.00	36.00	32.00	
48.00	36.00	32.00	
42.00	24.00	20.00	
48.00	36.00	32.00	
32.00	16.00	
32.00	16.00	
42.00	28.00	28.00	
42.00	32.00	
42.00	28.00	28.00	
48.00	36.00	32.00	
32.00	16.00	
42.00	32.00	
42.00	24.00	20.00	
32.00	16.00	
42.00	20.00	16.00	
32.00	16.00	
42.00	28.00	28.00	
32.00	16.00	
42.00	20.00	16.00	
42.00	32.00	
32.00	16.00	
42.00	24.00	20.00	
42.00	28.00	28.00	
42.00	24.00	20.00	
42.00	32.00	
48.00	36.00	32.00	
42.00	24.00	20.00	
42.00	28.00	28.00	
32.00	16.00	
42.00	32.00	
42.00	20.00	16.00	
32.00	16.00	
42.00	32.00	
42.00	20.00	16.00	
42.00	20.00	16.00	
42.00	24.00	20.00	
42.00	20.00	16.00	
42.00	24.00	20.00	
42.00	28.00	28.00	
42.00	28.00	28.00	
42.00	32.00	
48.00	36.00	32.00	
42.00	32.00	
48.00	36.00	32.00	
42.00	32.00	
42.00	28.00	28.00	
42.00	24.00	20.00	
48.00	36.00	32.00	
42.00	32.00	
42.00	24.00	20.00	
32.00	16.00	
42.00	32.00	
48.00	36.00	32.00	
42.00	20.00	16.00	
48.00	36.00	32.00	
32.00	16.00	
32.00	16.00	
42.00	20.00	16.00	
48.00	36.00	32.00	
42.00	32.00	
42.00	20.00	16.00	
42.00	32.00	
48.00	36.00	32.00	
42.00	32.00	
48.00	36.00	32.00	
42.00	20.00	16.00	
32.00	16.00	
48.00	36.00	32.00	
32.00	16.00	
42.00	20.00	16.00	
42.00	24.00	20.00	
48.00	36.00	32.00	
32.00	16.00	
42.00	28.00	28.00	
32.00	16.00	
48.00	36.00	32.00	
42.00	32.00	
48.00	36.00	32.00	
42.00	20.00	16.00	
42.00	32.00	
48.00	36.00	32.00	
42.00	24.00	20.00	
42.00	24.00	20.00	
32.00	16.00	
48.00	36.00	32.00	
42.00	24.00	20.00	
42.00	24.00	20.00	
42.00	32.00	
42.00	24.00	20.00	
32.00	16.00	
32.00	16.00	
42.00	32.00	
48.00	36.00	32.00	
48.00	36.00	32.00	
48.00	36.00	32.00	
42.00	24.00	20.00	
42.00	28.00	28.00	
48.00	36.00	32.00	
42.00	32.00	
32.00	16.00	
42.00	28.00	28.00	
42.00	28.00	28.00	
32.00	16.00	
42.00	28.00	28.00	
42.00	32.00	
42.00	24.00	20.00	
48.00	36.00	32.00	
42.00	32.00	
42.00	32.00	
42.00	28.00	28.00	
48.00	36.00	32.00	
42.00	20.00	16.00	
42.00	24.00	20.00	
42.00	32.00	
42.00	24.00	20.00	
42.00	20.00	16.00	
42.00	20.00	16.00	
42.00	24.00	20.00	
42.00	28.00	28.00	
42.00	20.00	16.00	
32.00	16.00	
42.00	32.00	
48.00	36.00	32.00	
48.00	36.00	32.00	
42.00	24.00	20.00	
32.00	16.00	
42.00	28.00	28.00	
42.00	28.00	28.00	
42.00	28.00	28.00	
42.00	32.00	
32.00	16.00	
42.00	20.00	16.00	
48.00	36.00	32.00	
42.00	28.00	28.00	
42.00	20.00	16.00	
48.00	36.00	32.00	
32.00	16.00	
42.00	32.00	
42.00	20.00	16.00	
32.00	16.00	
42.00	24.00	20.00	
48.00	36.00	32.00	
42.00	20.00	16.00	
42.00	20.00	16.00	
42.00	28.00	28.00	
32.00	16.00	
42.00	24.00	20.00	
42.00	28.00	28.00	
42.00	32.00	
42.00	28.00	28.00	
42.00	20.00	16.00	
42.00	20.00	16.00	
32.00	16.00	
32.00	16.00	
42.00	28.00	28.00	
42.00	32.00	
42.00	28.00	28.00	
42.00	28.00	28.00	
48.00	36.00	32.00	
48.00	36.00	32.00	
42.00	24.00	20.00	
42.00	24.00	20.00	
42.00	28.00	28.00	
42.00	28.00	28.00	
42.00	28.00	28.00	
32.00	16.00	
42.00	32.00	
42.00	24.00	20.00	
42.00	32.00	
32.00	16.00	
42.00	20.00	16.00	
42.00	32.00	
42.00	32.00	
48.00	36.00	32.00	
32.00	16.00	
42.00	32.00	
32.00	16.00	
32.00	16.00	
32.00	16.00	
42.00	28.00	28.00	
48.00	36.00	32.00	
42.00	24.00	20.00	
42.00	28.00	28.00	
42.00	32.00	
48.00	36.00	32.00	
48.00	36.00	32.00	
42.00	20.00	16.00	
42.00	24.00	20.00	
42.00	28.00	28.00	
48.00	36.00	32.00	
42.00	28.00	28.00	
48.00	36.00	32.00	
42.00	28.00	28.00	
42.00	32.00	
42.00	20.00	16.00	
32.00	16.00	
42.00	28.00	28.00	
42.00	32.00	
32.00	16.00	
42.00	32.00	
42.00	28.00	28.00	
32.00	16.00	
32.00	16.00	
32.00	16.00	
48.00	36.00	32.00	
42.00	24.00	20.00	
32.00	16.00	
48.00	36.00	32.00	
42.00	20.00	16.00	
42.00	32.00	
42.00	32.00	
42.00	20.00	16.00	
42.00	24.00	20.00	
42.00	32.00	
42.00	28.00	28.00	
32.00	16.00	
48.00	36.00	32.00	
48.00	36.00	32.00	
42.00	28.00	28.00	
42.00	20.00	16.00	
42.00	20.00	16.00	
42.00	20.00	16.00	
32.00	16.00	
48.00	36.00	32.00	
32.00	16.00	
32.00	16.00	
42.00	20.00	16.00	
48.00	36.00	32.00	
32.00	16.00	
48.00	36.00	32.00	
42.00	20.00	16.00	
32.00	16.00	
48.00	36.00	32.00	
42.00	24.00	20.00	
32.00	16.00	
42.00	32.00	
42.00	20.00	16.00	
42.00	20.00	16.00	
48.00	36.00	32.00	
42.00	24.00	20.00	
42.00	28.00	28.00	
42.00	32.00	
42.00	24.00	20.00	
48.00	36.00	32.00	
42.00	28.00	28.00	
42.00	24.00	20.00	
42.00	20.00	16.00	
48.00	36.00	32.00	
5.00	5.00	5.00	5.00	5.00	5.00	5.00	5.00	5.00	5.00	5.00	5.00	5.00	5.00	5.00	5.00	5.00	5.00	5.00	5.00	5.00	5.00	5.00	5.00	5.00	5.00	5.00	5.00	5.00	5.00	5.00	5.00	5.00	5.00	5.00	5.00	5.00	5.00	5.00	5.00	5.00	5.00	5.00	5.00	5.00	5.00	5.00	5.00	5.00	5.00	5.00	5.00	5.00	5.00	5.00	5.00	5.00	5.00	5.00	5.00	5.00	5.00	5.00	5.00	5.00	5.00	5.00	5.00	5.00	5.00	5.00	5.00	5.00	5.00	5.00	5.00	5.00	5.00	5.00	5.00	5.00	5.00	5.00	5.00	5.00	5.00	5.00	5.00	5.00	5.00	5.00	5.00	5.00	5.00	5.00	5.00	5.00	5.00	5.00	5.00	5.00	5.00	5.00	5.00	5.00	5.00	5.00	5.00	5.00	5.00	5.00	5.00	5.00	5.00	5.00	5.00	5.00	5.00	5.00	5.00	5.00	5.00	5.00	5.00	5.00	5.00	5.00	5.00	5.00	5.00	5.00	5.00	5.00	5.00	5.00	5.00	5.00	5.00	5.00	5.00	5.00	5.00	5.00	5.00	5.00	5.00	5.00	5.00	5.00	5.00	5.00	5.00	5.00	5.00	5.00	5.00	5.00	5.00	5.00	5.00	5.00	5.00	5.00	5.00	5.00	5.00	5.00	5.00	5.00	5.00	5.00	5.00	5.00	5.00	5.00	5.00	5.00	5.00	5.00	5.00	5.00	5.00	5.00	5.00	5.00	5.00	5.00	5.00	5.00	5.00	5.00	5.00	5.00	5.00	5.00	5.00	5.00	5.00	5.00	5.00	5.00	5.00	5.00	5.00	5.00	5.00	5.00	5.00	5.00	5.00	5.00	5.00	5.00	5.00	5.00	5.00	5.00	5.00	5.00	5.00	5.00	5.00	5.00	5.00	5.00	5.00	5.00	5.00	5.00	5.00	5.00	5.00	5.00	5.00	5.00	5.00	5.00	5.00	5.00	5.00	5.00	5.00	5.00	5.00	5.00	5.00	5.00	5.00	5.00	5.00	5.00	5.00	5.00	5.00	5.00	5.00	5.00	5.00	5.00	5.00	5.00	5.00	5.00	5.00	5.00	5.00	5.00	5.00	5.00	5.00	5.00	5.00	5.00	5.00	5.00	5.00	5.00	5.00	5.00	5.00	5.00	5.00	5.00	5.00	5.00	5.00	5.00	5.00	5.00	5.00	5.00	5.00	5.00	5.00	5.00	5.00	5.00	5.00	5.00	5.00	
5.00	5.00	5.00	5.00	5.00	5.00	5.00	5.00	5.00	5.00	5.00	5.00	5.00	5.00	5.00	5.00	5.00	5.00	5.00	5.00	5.00	5.00	5.00	5.00	5.00	5.00	5.00	5.00	5.00	5.00	5.00	5.00	5.00	5.00	5.00	5.00	5.00	5.00	5.00	5.00	5.00	5.00	5.00	5.00	5.00	5.00	5.00	5.00	5.00	5.00	5.00	5.00	5.00	5.00	5.00	5.00	5.00	5.00	5.00	5.00	5.00	5.00	5.00	5.00	5.00	5.00	5.00	5.00	5.00	5.00	5.00	5.00	5.00	5.00	5.00	5.00	5.00	5.00	5.00	5.00	5.00	5.00	5.00	5.00	5.00	5.00	5.00	5.00	5.00	5.00	5.00	5.00	5.00	5.00	5.00	5.00	5.00	5.00	5.00	5.00	5.00	5.00	5.00	5.00	5.00	5.00	5.00	5.00	5.00	5.00	5.00	5.00	5.00	5.00	5.00	5.00	5.00	5.00	5.00	5.00	5.00	5.00	5.00	5.00	5.00	5.00	5.00	5.00	5.00	5.00	5.00	5.00	5.00	5.00	5.00	5.00	5.00	5.00	5.00	5.00	5.00	5.00	5.00	5.00	5.00	5.00	5.00	5.00	5.00	5.00	5.00	5.00	5.00	5.00	5.00	5.00	5.00	5.00	5.00	5.00	5.00	5.00	5.00	5.00	5.00	5.00	5.00	5.00	5.00	5.00	5.00	5.00	5.00	5.00	5.00	5.00	5.00	5.00	5.00	5.00	5.00	5.00	5.00	5.00	5.00	5.00	5.00	5.00	5.00	5.00	5.00	5.00	5.00	5.00	5.00	5.00	5.00	5.00	5.00	5.00	5.00	5.00	5.00	5.00	5.00	5.00	5.00	5.00	5.00	5.00	5.00	5.00	5.00	5.00	5.00	5.00	5.00	5.00	5.00	5.00	5.00	5.00	5.00	5.00	5.00	5.00	5.00	5.00	5.00	5.00	5.00	5.00	5.00	5.00	5.00	5.00	5.00	5.00	5.00	5.00	5.00	5.00	5.00	5.00	5.00	5.00	5.00	5.00	5.00	5.00	5.00	5.00	5.00	5.00	5.00	5.00	5.00	5.00	5.00	5.00	5.00	5.00	5.00	5.00	5.00	5.00	5.00	5.00	5.00	5.00	5.00	5.00	5.00	5.00	5.00	5.00	5.00	5.00	5.00	5.00	5.00	5.00	5.00	5.00	5.00	5.00	5.00	5.00	5.00	5.00	5.00	5.00	5.00	5.00	5.00	5.00	5.00	5.00	5.00	5.00	
1.00	1.00	1.00	1.00	1.00	1.00	1.00	1.00	1.00	1.00	1.00	1.00	1.00	1.00	
1	1	1	1	1	2	1	1	1	1	1	2	2	1	1	2	1	2	2	2	2	1	2	2	1	2	2	2	2	1	2	2	1	1	1	2	1	1	2	2	2	2	2	1	1	2	1	2	2	2	2	2	2	2	1	1	2	2	1	2	2	1	1	1	1	2	2	1	2	2	2	2	2	2	1	2	1	1	1	2	1	1	1	1	1	1	2	1	1	2	2	2	2	2	1	1	2	2	2	1	1	2	2	1	1	2	2	2	1	1	2	2	2	4	3	2	2	1	2	2	1	4	3	3	2	1	3	4	5	3	4	3	5	4	3	2	5	2	2	1	2	1	5	1	4	3	4	2	1	5	4	1	1	2	2	2	1	1	5	1	1	2	4	2	1	4	1	1	3	3	4	3	2	1	2	1	5	1	2	4	3	5	5	4	3	3	4	5	4	4	5	3	3	5	5	5	3	5	4	3	5	5	3	4	5	5	4	4	5	4	3	5	5	3	4	55	5	4	4	4	81	4	3	41	4	3	4	3	5	96	5	5	4	79	5	5	3	5	3	5	3	3	4	88	4	4	5	85	3	30	55	5	4	3	3	5	63	4	85	5	78	5	66	88	87	53	72	92	60	86	81	35	45	48	49	30	37	97	69	72	80	36	35	91	61	89	53	54	99	44	73	72	61	51	65	55	77	95	88	95	
1	1	1	1	1	1	1	1	1	1	1	1	1	1	1	1	1	1	1	1	1	1	1	1	1	1	1	1	1	1	1	1	1	1	1	1	1	1	1	1	1	1	1	1	1	1	1	1	1	1	2	2	2	2	2	2	2	2	2	2	2	2	2	2	2	2	2	2	2	2	2	2	2	2	2	2	2	2	2	2	2	2	2	2	2	2	2	2	2	2	2	2	2	2	2	2	2	2	2	2	2	2	2	2	2	2	2	2	2	2	3	3	3	3	3	3	3	3	3	3	3	3	3	3	3	3	3	3	3	3	3	3	3	3	3	3	3	3	3	3	3	3	3	3	3	3	3	3	3	3	3	3	3	3	3	3	3	3	3	3	3	3	3	3	3	3	3	3	3	3	3	3	3	3	3	3	3	3	3	4	4	4	4	4	4	4	4	4	4	4	4	4	4	4	4	4	4	4	4	4	4	4	4	4	4	4	4	4	4	4	4	4	4	4	4	5	5	5	5	5	5	5	5	5	5	5	5	5	5	5	5	5	5	5	5	5	5	5	5	5	5	5	5	5	5	5	5	5	5	5	5	5	5	5	5	5	5	5	5	5	5	5	6	6	6	6	6	6	6	6	6	7	7	7	7	7	7	7	7	7	8	8	8	8	8	8	8	8	9	9	9	9	9	9	9	9	9	10	10	10	
