300
14	3
339	1.00
3	3	3	3	2	3	3	3	2	2	3	3	3	2	2	3	2	3	3	3	2	3	3	3	3	3	3	3	3	3	3	2	3	2	3	2	3	2	3	2	3	3	3	2	3	2	2	3	3	3	2	3	3	3	2	3	2	3	3	2	2	3	3	3	3	3	2	3	2	2	2	3	2	2	3	3	3	2	3	3	2	3	3	2	3	3	3	3	3	3	3	2	2	3	3	3	2	3	3	3	2	2	3	3	3	3	3	3	2	2	2	2	3	3	3	3	3	2	3	3	3	3	2	3	3	3	3	3	2	3	3	3	3	3	2	2	2	2	2	3	3	3	3	3	3	3	3	3	2	3	2	3	2	3	3	3	3	3	3	3	3	3	3	3	3	3	3	2	2	3	2	3	2	3	3	3	3	2	3	3	2	2	3	3	2	3	3	3	2	2	2	3	2	3	2	2	2	3	3	2	3	3	3	3	3	3	3	3	3	3	3	3	3	2	3	2	2	3	2	2	2	3	3	3	3	2	2	3	3	3	3	3	3	2	3	3	3	3	3	3	2	2	2	3	3	2	2	2	2	3	2	3	3	3	3	2	2	2	3	2	2	3	3	3	2	3	3	3	3	3	3	2	3	3	3	3	3	3	3	3	3	2	3	3	2	3	3	3	3	3	2	2	3	3	2	2	3	3	3	3	
1	2	3	
2	3	4	
2	3	4	
2	3	4	
0	1	
1	2	3	
1	2	3	
2	3	4	
1	3	
0	1	
2	3	4	
1	2	3	
1	2	3	
1	3	
1	3	
2	3	4	
0	1	
1	2	3	
1	2	3	
1	2	3	
1	3	
2	6	7	
1	2	3	
2	6	7	
1	2	3	
2	6	7	
2	3	4	
1	2	3	
2	3	4	
1	2	3	
2	6	7	
1	3	
1	2	3	
0	1	
1	2	3	
0	1	
2	6	7	
1	3	
1	2	3	
1	3	
2	3	4	
1	2	3	
1	2	3	
0	1	
1	2	3	
0	1	
0	1	
2	6	7	
2	3	4	
1	2	3	
0	1	
2	6	7	
2	6	7	
1	2	3	
0	1	
1	2	3	
1	3	
2	6	7	
1	2	3	
0	1	
0	1	
1	2	3	
1	2	3	
1	2	3	
1	2	3	
1	2	3	
1	3	
1	2	3	
0	1	
0	1	
1	3	
1	2	3	
0	1	
1	3	
2	6	7	
1	2	3	
1	2	3	
0	1	
2	3	4	
1	2	3	
0	1	
1	2	3	
2	3	4	
0	1	
2	3	4	
1	2	3	
1	2	3	
2	3	4	
1	2	3	
1	2	3	
1	2	3	
0	1	
0	1	
2	3	4	
1	2	3	
1	2	3	
0	1	
2	6	7	
1	2	3	
1	2	3	
1	3	
1	3	
1	2	3	
2	6	7	
2	6	7	
1	2	3	
2	3	4	
1	2	3	
0	1	
1	3	
1	3	
1	3	
1	2	3	
1	2	3	
1	2	3	
1	2	3	
2	6	7	
1	3	
2	3	4	
2	6	7	
2	6	7	
1	2	3	
1	3	
1	2	3	
2	6	7	
1	2	3	
2	6	7	
2	3	4	
0	1	
2	3	4	
1	2	3	
2	3	4	
1	2	3	
1	2	3	
1	3	
1	3	
1	3	
1	3	
0	1	
1	2	3	
1	2	3	
2	6	7	
2	3	4	
1	2	3	
2	3	4	
2	6	7	
2	6	7	
2	3	4	
1	3	
2	3	4	
1	3	
2	6	7	
0	1	
2	3	4	
2	6	7	
1	2	3	
1	2	3	
1	2	3	
1	2	3	
1	2	3	
1	2	3	
1	2	3	
1	2	3	
2	3	4	
2	6	7	
2	3	4	
1	2	3	
0	1	
0	1	
1	2	3	
1	3	
1	2	3	
0	1	
1	2	3	
1	2	3	
1	2	3	
1	2	3	
0	1	
1	2	3	
2	3	4	
0	1	
0	1	
1	2	3	
1	2	3	
0	1	
1	2	3	
2	6	7	
1	2	3	
0	1	
1	3	
0	1	
1	2	3	
1	3	
2	6	7	
1	3	
0	1	
1	3	
2	6	7	
1	2	3	
1	3	
1	2	3	
1	2	3	
1	2	3	
2	6	7	
2	3	4	
2	6	7	
1	2	3	
1	2	3	
2	6	7	
2	6	7	
1	2	3	
2	3	4	
1	2	3	
1	3	
2	6	7	
0	1	
1	3	
1	2	3	
0	1	
0	1	
1	3	
2	3	4	
2	3	4	
2	3	4	
2	6	7	
1	3	
0	1	
2	6	7	
2	6	7	
1	2	3	
2	3	4	
1	2	3	
2	6	7	
1	3	
2	6	7	
2	3	4	
2	3	4	
2	6	7	
1	2	3	
1	2	3	
0	1	
1	3	
1	3	
1	2	3	
1	2	3	
0	1	
0	1	
1	3	
0	1	
2	3	4	
1	3	
1	2	3	
1	2	3	
2	3	4	
1	2	3	
1	3	
1	3	
1	3	
2	3	4	
1	3	
0	1	
2	3	4	
1	2	3	
1	2	3	
1	3	
1	2	3	
2	3	4	
1	2	3	
1	2	3	
1	2	3	
1	2	3	
0	1	
1	2	3	
2	6	7	
2	3	4	
2	6	7	
1	2	3	
1	2	3	
2	6	7	
1	2	3	
2	6	7	
1	3	
2	3	4	
2	6	7	
1	3	
2	3	4	
1	2	3	
1	2	3	
1	2	3	
1	2	3	
0	1	
0	1	
1	2	3	
1	2	3	
0	1	
0	1	
1	2	3	
1	2	3	
2	6	7	
1	2	3	
42.00	20.00	16.00	
42.00	28.00	28.00	
42.00	28.00	28.00	
42.00	28.00	28.00	
32.00	16.00	
42.00	20.00	16.00	
42.00	20.00	16.00	
42.00	28.00	28.00	
42.00	32.00	
32.00	16.00	
42.00	28.00	28.00	
42.00	24.00	20.00	
42.00	20.00	16.00	
42.00	32.00	
42.00	32.00	
42.00	28.00	28.00	
32.00	16.00	
42.00	20.00	16.00	
42.00	20.00	16.00	
42.00	24.00	20.00	
42.00	32.00	
48.00	36.00	32.00	
42.00	20.00	16.00	
48.00	36.00	32.00	
42.00	24.00	20.00	
48.00	36.00	32.00	
42.00	28.00	28.00	
42.00	20.00	16.00	
42.00	28.00	28.00	
42.00	20.00	16.00	
48.00	36.00	32.00	
42.00	32.00	
42.00	20.00	16.00	
32.00	16.00	
42.00	24.00	20.00	
32.00	16.00	
48.00	36.00	32.00	
42.00	32.00	
42.00	24.00	20.00	
42.00	32.00	
42.00	28.00	28.00	
42.00	20.00	16.00	
42.00	24.00	20.00	
32.00	16.00	
42.00	20.00	16.00	
32.00	16.00	
32.00	16.00	
48.00	36.00	32.00	
42.00	28.00	28.00	
42.00	24.00	20.00	
32.00	16.00	
48.00	36.00	32.00	
48.00	36.00	32.00	
42.00	20.00	16.00	
32.00	16.00	
42.00	24.00	20.00	
42.00	32.00	
48.00	36.00	32.00	
42.00	24.00	20.00	
32.00	16.00	
32.00	16.00	
42.00	24.00	20.00	
42.00	24.00	20.00	
42.00	20.00	16.00	
42.00	20.00	16.00	
42.00	20.00	16.00	
42.00	32.00	
42.00	24.00	20.00	
32.00	16.00	
32.00	16.00	
42.00	32.00	
42.00	24.00	20.00	
32.00	16.00	
42.00	32.00	
48.00	36.00	32.00	
42.00	24.00	20.00	
42.00	20.00	16.00	
32.00	16.00	
42.00	28.00	28.00	
42.00	24.00	20.00	
32.00	16.00	
42.00	24.00	20.00	
42.00	28.00	28.00	
32.00	16.00	
42.00	28.00	28.00	
42.00	20.00	16.00	
42.00	24.00	20.00	
42.00	28.00	28.00	
42.00	24.00	20.00	
42.00	24.00	20.00	
42.00	20.00	16.00	
32.00	16.00	
32.00	16.00	
42.00	28.00	28.00	
42.00	20.00	16.00	
42.00	24.00	20.00	
32.00	16.00	
48.00	36.00	32.00	
42.00	24.00	20.00	
42.00	20.00	16.00	
42.00	32.00	
42.00	32.00	
42.00	20.00	16.00	
48.00	36.00	32.00	
48.00	36.00	32.00	
42.00	24.00	20.00	
42.00	28.00	28.00	
42.00	24.00	20.00	
32.00	16.00	
42.00	32.00	
42.00	32.00	
42.00	32.00	
42.00	20.00	16.00	
42.00	20.00	16.00	
42.00	20.00	16.00	
42.00	20.00	16.00	
48.00	36.00	32.00	
42.00	32.00	
42.00	28.00	28.00	
48.00	36.00	32.00	
48.00	36.00	32.00	
42.00	24.00	20.00	
42.00	32.00	
42.00	24.00	20.00	
48.00	36.00	32.00	
42.00	20.00	16.00	
48.00	36.00	32.00	
42.00	28.00	28.00	
32.00	16.00	
42.00	28.00	28.00	
42.00	24.00	20.00	
42.00	28.00	28.00	
42.00	24.00	20.00	
42.00	24.00	20.00	
42.00	32.00	
42.00	32.00	
42.00	32.00	
42.00	32.00	
32.00	16.00	
42.00	24.00	20.00	
42.00	24.00	20.00	
48.00	36.00	32.00	
42.00	28.00	28.00	
42.00	24.00	20.00	
42.00	28.00	28.00	
48.00	36.00	32.00	
48.00	36.00	32.00	
42.00	28.00	28.00	
42.00	32.00	
42.00	28.00	28.00	
42.00	32.00	
48.00	36.00	32.00	
32.00	16.00	
42.00	28.00	28.00	
48.00	36.00	32.00	
42.00	20.00	16.00	
42.00	24.00	20.00	
42.00	24.00	20.00	
42.00	24.00	20.00	
42.00	24.00	20.00	
42.00	20.00	16.00	
42.00	20.00	16.00	
42.00	20.00	16.00	
42.00	28.00	28.00	
48.00	36.00	32.00	
42.00	28.00	28.00	
42.00	20.00	16.00	
32.00	16.00	
32.00	16.00	
42.00	24.00	20.00	
42.00	32.00	
42.00	24.00	20.00	
32.00	16.00	
42.00	24.00	20.00	
42.00	20.00	16.00	
42.00	24.00	20.00	
42.00	20.00	16.00	
32.00	16.00	
42.00	24.00	20.00	
42.00	28.00	28.00	
32.00	16.00	
32.00	16.00	
42.00	20.00	16.00	
42.00	24.00	20.00	
32.00	16.00	
42.00	24.00	20.00	
48.00	36.00	32.00	
42.00	24.00	20.00	
32.00	16.00	
42.00	32.00	
32.00	16.00	
42.00	24.00	20.00	
42.00	32.00	
48.00	36.00	32.00	
42.00	32.00	
32.00	16.00	
42.00	32.00	
48.00	36.00	32.00	
42.00	20.00	16.00	
42.00	32.00	
42.00	20.00	16.00	
42.00	20.00	16.00	
42.00	24.00	20.00	
48.00	36.00	32.00	
42.00	28.00	28.00	
48.00	36.00	32.00	
42.00	24.00	20.00	
42.00	24.00	20.00	
48.00	36.00	32.00	
48.00	36.00	32.00	
42.00	20.00	16.00	
42.00	28.00	28.00	
42.00	24.00	20.00	
42.00	32.00	
48.00	36.00	32.00	
32.00	16.00	
42.00	32.00	
42.00	20.00	16.00	
32.00	16.00	
32.00	16.00	
42.00	32.00	
42.00	28.00	28.00	
42.00	28.00	28.00	
42.00	28.00	28.00	
48.00	36.00	32.00	
42.00	32.00	
32.00	16.00	
48.00	36.00	32.00	
48.00	36.00	32.00	
42.00	24.00	20.00	
42.00	28.00	28.00	
42.00	24.00	20.00	
48.00	36.00	32.00	
42.00	32.00	
48.00	36.00	32.00	
42.00	28.00	28.00	
42.00	28.00	28.00	
48.00	36.00	32.00	
42.00	24.00	20.00	
42.00	24.00	20.00	
32.00	16.00	
42.00	32.00	
42.00	32.00	
42.00	20.00	16.00	
42.00	20.00	16.00	
32.00	16.00	
32.00	16.00	
42.00	32.00	
32.00	16.00	
42.00	28.00	28.00	
42.00	32.00	
42.00	20.00	16.00	
42.00	24.00	20.00	
42.00	28.00	28.00	
42.00	20.00	16.00	
42.00	32.00	
42.00	32.00	
42.00	32.00	
42.00	28.00	28.00	
42.00	32.00	
32.00	16.00	
42.00	28.00	28.00	
42.00	24.00	20.00	
42.00	20.00	16.00	
42.00	32.00	
42.00	24.00	20.00	
42.00	28.00	28.00	
42.00	24.00	20.00	
42.00	24.00	20.00	
42.00	20.00	16.00	
42.00	20.00	16.00	
32.00	16.00	
42.00	24.00	20.00	
48.00	36.00	32.00	
42.00	28.00	28.00	
48.00	36.00	32.00	
42.00	20.00	16.00	
42.00	24.00	20.00	
48.00	36.00	32.00	
42.00	20.00	16.00	
48.00	36.00	32.00	
42.00	32.00	
42.00	28.00	28.00	
48.00	36.00	32.00	
42.00	32.00	
42.00	28.00	28.00	
42.00	20.00	16.00	
42.00	24.00	20.00	
42.00	24.00	20.00	
42.00	20.00	16.00	
32.00	16.00	
32.00	16.00	
42.00	24.00	20.00	
42.00	20.00	16.00	
32.00	16.00	
32.00	16.00	
42.00	20.00	16.00	
42.00	24.00	20.00	
48.00	36.00	32.00	
42.00	20.00	16.00	
5.00	5.00	5.00	5.00	5.00	5.00	5.00	5.00	5.00	5.00	5.00	5.00	5.00	5.00	5.00	5.00	5.00	5.00	5.00	5.00	5.00	5.00	5.00	5.00	5.00	5.00	5.00	5.00	5.00	5.00	5.00	5.00	5.00	5.00	5.00	5.00	5.00	5.00	5.00	5.00	5.00	5.00	5.00	5.00	5.00	5.00	5.00	5.00	5.00	5.00	5.00	5.00	5.00	5.00	5.00	5.00	5.00	5.00	5.00	5.00	5.00	5.00	5.00	5.00	5.00	5.00	5.00	5.00	5.00	5.00	5.00	5.00	5.00	5.00	5.00	5.00	5.00	5.00	5.00	5.00	5.00	5.00	5.00	5.00	5.00	5.00	5.00	5.00	5.00	5.00	5.00	5.00	5.00	5.00	5.00	5.00	5.00	5.00	5.00	5.00	5.00	5.00	5.00	5.00	5.00	5.00	5.00	5.00	5.00	5.00	5.00	5.00	5.00	5.00	5.00	5.00	5.00	5.00	5.00	5.00	5.00	5.00	5.00	5.00	5.00	5.00	5.00	5.00	5.00	5.00	5.00	5.00	5.00	5.00	5.00	5.00	5.00	5.00	5.00	5.00	5.00	5.00	5.00	5.00	5.00	5.00	5.00	5.00	5.00	5.00	5.00	5.00	5.00	5.00	5.00	5.00	5.00	5.00	5.00	5.00	5.00	5.00	5.00	5.00	5.00	5.00	5.00	5.00	5.00	5.00	5.00	5.00	5.00	5.00	5.00	5.00	5.00	5.00	5.00	5.00	5.00	5.00	5.00	5.00	5.00	5.00	5.00	5.00	5.00	5.00	5.00	5.00	5.00	5.00	5.00	5.00	5.00	5.00	5.00	5.00	5.00	5.00	5.00	5.00	5.00	5.00	5.00	5.00	5.00	5.00	5.00	5.00	5.00	5.00	5.00	5.00	5.00	5.00	5.00	5.00	5.00	5.00	5.00	5.00	5.00	5.00	5.00	5.00	5.00	5.00	5.00	5.00	5.00	5.00	5.00	5.00	5.00	5.00	5.00	5.00	5.00	5.00	5.00	5.00	5.00	5.00	5.00	5.00	5.00	5.00	5.00	5.00	5.00	5.00	5.00	5.00	5.00	5.00	5.00	5.00	5.00	5.00	5.00	5.00	5.00	5.00	5.00	5.00	5.00	5.00	5.00	5.00	5.00	5.00	5.00	5.00	5.00	5.00	5.00	5.00	5.00	5.00	5.00	5.00	5.00	5.00	5.00	5.00	5.00	5.00	5.00	5.00	5.00	5.00	5.00	5.00	5.00	5.00	5.00	5.00	
5.00	5.00	5.00	5.00	5.00	5.00	5.00	5.00	5.00	5.00	5.00	5.00	5.00	5.00	5.00	5.00	5.00	5.00	5.00	5.00	5.00	5.00	5.00	5.00	5.00	5.00	5.00	5.00	5.00	5.00	5.00	5.00	5.00	5.00	5.00	5.00	5.00	5.00	5.00	5.00	5.00	5.00	5.00	5.00	5.00	5.00	5.00	5.00	5.00	5.00	5.00	5.00	5.00	5.00	5.00	5.00	5.00	5.00	5.00	5.00	5.00	5.00	5.00	5.00	5.00	5.00	5.00	5.00	5.00	5.00	5.00	5.00	5.00	5.00	5.00	5.00	5.00	5.00	5.00	5.00	5.00	5.00	5.00	5.00	5.00	5.00	5.00	5.00	5.00	5.00	5.00	5.00	5.00	5.00	5.00	5.00	5.00	5.00	5.00	5.00	5.00	5.00	5.00	5.00	5.00	5.00	5.00	5.00	5.00	5.00	5.00	5.00	5.00	5.00	5.00	5.00	5.00	5.00	5.00	5.00	5.00	5.00	5.00	5.00	5.00	5.00	5.00	5.00	5.00	5.00	5.00	5.00	5.00	5.00	5.00	5.00	5.00	5.00	5.00	5.00	5.00	5.00	5.00	5.00	5.00	5.00	5.00	5.00	5.00	5.00	5.00	5.00	5.00	5.00	5.00	5.00	5.00	5.00	5.00	5.00	5.00	5.00	5.00	5.00	5.00	5.00	5.00	5.00	5.00	5.00	5.00	5.00	5.00	5.00	5.00	5.00	5.00	5.00	5.00	5.00	5.00	5.00	5.00	5.00	5.00	5.00	5.00	5.00	5.00	5.00	5.00	5.00	5.00	5.00	5.00	5.00	5.00	5.00	5.00	5.00	5.00	5.00	5.00	5.00	5.00	5.00	5.00	5.00	5.00	5.00	5.00	5.00	5.00	5.00	5.00	5.00	5.00	5.00	5.00	5.00	5.00	5.00	5.00	5.00	5.00	5.00	5.00	5.00	5.00	5.00	5.00	5.00	5.00	5.00	5.00	5.00	5.00	5.00	5.00	5.00	5.00	5.00	5.00	5.00	5.00	5.00	5.00	5.00	5.00	5.00	5.00	5.00	5.00	5.00	5.00	5.00	5.00	5.00	5.00	5.00	5.00	5.00	5.00	5.00	5.00	5.00	5.00	5.00	5.00	5.00	5.00	5.00	5.00	5.00	5.00	5.00	5.00	5.00	5.00	5.00	5.00	5.00	5.00	5.00	5.00	5.00	5.00	5.00	5.00	5.00	5.00	5.00	5.00	5.00	5.00	5.00	5.00	5.00	5.00	5.00	
1.00	1.00	1.00	1.00	1.00	1.00	1.00	1.00	1.00	1.00	1.00	1.00	1.00	1.00	
1	1	1	2	2	1	2	2	2	1	2	1	1	1	1	1	2	2	1	2	1	1	2	1	2	1	1	1	1	1	2	2	2	1	2	1	1	2	2	1	2	2	2	1	2	1	1	2	1	1	2	2	1	2	1	1	2	2	2	2	2	2	1	2	2	2	2	2	1	1	2	1	2	1	2	1	2	2	1	2	2	1	2	1	1	1	2	1	1	2	1	2	1	2	2	1	2	1	2	2	1	3	1	2	4	3	1	5	1	1	1	4	2	4	3	1	5	3	1	1	2	4	5	1	2	1	5	2	3	1	1	4	4	1	4	2	1	1	5	1	3	2	1	1	1	3	1	1	2	4	1	3	5	1	4	1	1	4	2	2	4	3	2	1	2	2	1	1	2	5	2	1	5	3	2	1	2	5	4	4	5	3	2	1	3	5	5	4	4	5	3	5	3	3	3	3	5	3	5	3	3	3	5	5	5	3	5	4	5	5	3	5	4	4	3	3	5	3	5	73	5	4	3	43	40	3	59	3	88	3	4	4	71	4	4	83	5	5	3	5	3	3	73	31	92	4	3	5	3	5	5	5	3	3	80	84	5	3	3	4	3	5	91	93	92	84	71	60	71	85	61	89	96	44	80	59	69	69	48	49	35	40	46	56	100	79	76	73	72	70	78	63	76	88	50	96	63	68	38	51	
1	1	1	1	1	1	1	1	1	1	1	1	1	1	1	1	1	1	1	1	1	1	1	1	1	1	1	1	1	1	1	1	1	1	1	1	1	1	1	1	1	1	1	1	1	2	2	2	2	2	2	2	2	2	2	2	2	2	2	2	2	2	2	2	2	2	2	2	2	2	2	2	2	2	2	2	2	2	2	2	2	2	2	2	2	2	2	2	2	2	2	2	2	2	2	2	2	2	2	2	2	3	3	3	3	3	3	3	3	3	3	3	3	3	3	3	3	3	3	3	3	3	3	3	3	3	3	3	3	3	3	3	3	3	3	3	3	3	3	3	3	3	3	3	3	3	3	3	3	3	3	3	3	3	3	3	3	3	3	3	3	3	3	3	3	3	3	3	3	3	3	3	3	3	3	3	3	3	3	3	3	3	3	3	4	4	4	4	4	4	4	4	4	4	4	4	4	4	4	4	4	4	4	4	4	4	4	4	4	4	4	4	4	4	4	4	5	5	5	5	5	5	5	5	5	5	5	5	5	5	5	5	5	5	5	5	5	5	5	5	5	5	5	5	5	5	5	5	5	5	5	5	5	5	5	5	5	5	5	5	5	5	6	6	6	6	6	6	6	6	6	6	7	7	7	7	7	7	7	7	7	8	8	8	8	8	8	8	8	9	9	9	9	9	10	10	10	10	10	10	
