300
14	3
334	1.00
3	3	3	3	3	3	3	3	2	3	3	3	2	2	2	3	2	2	3	3	2	2	3	2	3	2	3	3	3	3	3	2	2	2	2	3	3	3	3	2	3	3	3	3	3	2	3	3	3	3	3	2	3	3	3	3	3	2	2	3	3	3	2	3	3	3	2	3	3	2	2	2	3	3	2	2	3	2	3	3	2	3	2	3	3	2	3	3	3	2	3	3	2	3	3	2	3	2	2	3	3	3	3	3	3	2	3	2	2	3	3	2	3	3	3	2	3	2	3	2	2	3	3	3	3	3	2	3	2	2	2	3	2	3	3	3	3	3	2	2	3	3	2	2	3	3	3	3	2	2	2	3	3	3	2	3	2	2	2	2	3	3	2	3	2	3	3	3	3	3	3	3	3	3	3	2	3	2	3	3	3	3	3	3	2	3	3	3	2	3	2	3	3	3	2	2	3	3	2	3	3	3	2	3	3	2	3	3	2	3	2	3	2	2	3	2	3	2	3	2	2	3	3	2	3	3	2	3	3	3	3	3	3	3	3	2	3	2	3	2	3	3	3	3	2	2	3	3	3	3	3	3	2	2	2	2	3	3	3	2	3	3	3	3	3	3	2	3	3	3	3	3	2	2	3	3	2	2	3	3	2	3	3	2	3	2	2	3	2	3	2	3	3	2	2	3	2	2	3	2	
2	3	4	
1	2	3	
2	6	7	
2	6	7	
2	6	7	
2	6	7	
1	2	3	
2	3	4	
1	3	
1	2	3	
2	6	7	
1	2	3	
0	1	
1	3	
1	3	
1	2	3	
0	1	
1	3	
1	2	3	
1	2	3	
1	3	
1	3	
2	6	7	
0	1	
2	6	7	
0	1	
2	6	7	
1	2	3	
1	2	3	
1	2	3	
1	2	3	
0	1	
1	3	
1	3	
0	1	
2	3	4	
1	2	3	
1	2	3	
1	2	3	
0	1	
1	2	3	
2	6	7	
2	3	4	
1	2	3	
1	2	3	
0	1	
1	2	3	
1	2	3	
1	2	3	
2	3	4	
2	3	4	
0	1	
1	2	3	
2	3	4	
2	6	7	
1	2	3	
2	6	7	
0	1	
0	1	
2	6	7	
1	2	3	
2	3	4	
0	1	
2	3	4	
1	2	3	
2	3	4	
1	3	
1	2	3	
2	3	4	
1	3	
0	1	
0	1	
2	3	4	
1	2	3	
1	3	
1	3	
1	2	3	
0	1	
1	2	3	
2	6	7	
0	1	
1	2	3	
1	3	
1	2	3	
1	2	3	
0	1	
1	2	3	
2	3	4	
2	3	4	
0	1	
1	2	3	
2	6	7	
1	3	
1	2	3	
1	2	3	
1	3	
2	3	4	
0	1	
0	1	
1	2	3	
2	3	4	
1	2	3	
1	2	3	
2	6	7	
2	3	4	
1	3	
2	6	7	
0	1	
0	1	
1	2	3	
1	2	3	
1	3	
1	2	3	
1	2	3	
2	6	7	
1	3	
1	2	3	
0	1	
1	2	3	
0	1	
1	3	
1	2	3	
1	2	3	
1	2	3	
2	6	7	
1	2	3	
0	1	
2	6	7	
0	1	
1	3	
0	1	
2	6	7	
1	3	
2	3	4	
1	2	3	
2	6	7	
1	2	3	
2	3	4	
1	3	
0	1	
2	6	7	
2	6	7	
0	1	
0	1	
2	6	7	
2	6	7	
1	2	3	
2	6	7	
1	3	
1	3	
1	3	
1	2	3	
1	2	3	
2	6	7	
0	1	
1	2	3	
1	3	
1	3	
0	1	
0	1	
1	2	3	
1	2	3	
0	1	
2	6	7	
0	1	
1	2	3	
2	6	7	
1	2	3	
2	3	4	
2	3	4	
1	2	3	
1	2	3	
2	3	4	
1	2	3	
1	2	3	
0	1	
1	2	3	
0	1	
2	3	4	
1	2	3	
1	2	3	
1	2	3	
2	3	4	
1	2	3	
0	1	
2	3	4	
2	3	4	
1	2	3	
1	3	
1	2	3	
0	1	
2	3	4	
2	6	7	
1	2	3	
1	3	
1	3	
1	2	3	
1	2	3	
1	3	
2	3	4	
1	2	3	
2	3	4	
0	1	
1	2	3	
1	2	3	
1	3	
1	2	3	
1	2	3	
1	3	
2	3	4	
1	3	
2	3	4	
1	3	
0	1	
1	2	3	
0	1	
1	2	3	
1	3	
1	2	3	
0	1	
1	3	
2	6	7	
1	2	3	
0	1	
2	3	4	
1	2	3	
1	3	
2	3	4	
2	6	7	
2	3	4	
1	2	3	
1	2	3	
2	6	7	
2	6	7	
1	2	3	
0	1	
1	2	3	
1	3	
2	6	7	
1	3	
1	2	3	
1	2	3	
2	6	7	
2	3	4	
1	3	
0	1	
2	3	4	
2	3	4	
2	6	7	
2	6	7	
1	2	3	
1	2	3	
0	1	
1	3	
1	3	
1	3	
1	2	3	
2	3	4	
2	3	4	
1	3	
1	2	3	
1	2	3	
1	2	3	
1	2	3	
1	2	3	
1	2	3	
1	3	
1	2	3	
2	3	4	
2	6	7	
1	2	3	
2	3	4	
0	1	
1	3	
1	2	3	
2	3	4	
0	1	
1	3	
1	2	3	
1	2	3	
1	3	
2	6	7	
1	2	3	
0	1	
2	6	7	
0	1	
1	3	
1	2	3	
1	3	
1	2	3	
0	1	
1	2	3	
1	2	3	
0	1	
1	3	
2	3	4	
0	1	
0	1	
1	2	3	
0	1	
42.00	28.00	28.00	
42.00	24.00	20.00	
48.00	36.00	32.00	
48.00	36.00	32.00	
48.00	36.00	32.00	
48.00	36.00	32.00	
42.00	24.00	20.00	
42.00	28.00	28.00	
42.00	32.00	
42.00	24.00	20.00	
48.00	36.00	32.00	
42.00	24.00	20.00	
32.00	16.00	
42.00	32.00	
42.00	32.00	
42.00	24.00	20.00	
32.00	16.00	
42.00	32.00	
42.00	24.00	20.00	
42.00	24.00	20.00	
42.00	32.00	
42.00	32.00	
48.00	36.00	32.00	
32.00	16.00	
48.00	36.00	32.00	
32.00	16.00	
48.00	36.00	32.00	
42.00	24.00	20.00	
42.00	24.00	20.00	
42.00	24.00	20.00	
42.00	20.00	16.00	
32.00	16.00	
42.00	32.00	
42.00	32.00	
32.00	16.00	
42.00	28.00	28.00	
42.00	20.00	16.00	
42.00	20.00	16.00	
42.00	20.00	16.00	
32.00	16.00	
42.00	24.00	20.00	
48.00	36.00	32.00	
42.00	28.00	28.00	
42.00	20.00	16.00	
42.00	24.00	20.00	
32.00	16.00	
42.00	20.00	16.00	
42.00	20.00	16.00	
42.00	20.00	16.00	
42.00	28.00	28.00	
42.00	28.00	28.00	
32.00	16.00	
42.00	20.00	16.00	
42.00	28.00	28.00	
48.00	36.00	32.00	
42.00	24.00	20.00	
48.00	36.00	32.00	
32.00	16.00	
32.00	16.00	
48.00	36.00	32.00	
42.00	24.00	20.00	
42.00	28.00	28.00	
32.00	16.00	
42.00	28.00	28.00	
42.00	24.00	20.00	
42.00	28.00	28.00	
42.00	32.00	
42.00	24.00	20.00	
42.00	28.00	28.00	
42.00	32.00	
32.00	16.00	
32.00	16.00	
42.00	28.00	28.00	
42.00	20.00	16.00	
42.00	32.00	
42.00	32.00	
42.00	20.00	16.00	
32.00	16.00	
42.00	20.00	16.00	
48.00	36.00	32.00	
32.00	16.00	
42.00	20.00	16.00	
42.00	32.00	
42.00	20.00	16.00	
42.00	24.00	20.00	
32.00	16.00	
42.00	20.00	16.00	
42.00	28.00	28.00	
42.00	28.00	28.00	
32.00	16.00	
42.00	24.00	20.00	
48.00	36.00	32.00	
42.00	32.00	
42.00	24.00	20.00	
42.00	24.00	20.00	
42.00	32.00	
42.00	28.00	28.00	
32.00	16.00	
32.00	16.00	
42.00	24.00	20.00	
42.00	28.00	28.00	
42.00	24.00	20.00	
42.00	20.00	16.00	
48.00	36.00	32.00	
42.00	28.00	28.00	
42.00	32.00	
48.00	36.00	32.00	
32.00	16.00	
32.00	16.00	
42.00	24.00	20.00	
42.00	24.00	20.00	
42.00	32.00	
42.00	20.00	16.00	
42.00	24.00	20.00	
48.00	36.00	32.00	
42.00	32.00	
42.00	24.00	20.00	
32.00	16.00	
42.00	24.00	20.00	
32.00	16.00	
42.00	32.00	
42.00	20.00	16.00	
42.00	20.00	16.00	
42.00	20.00	16.00	
48.00	36.00	32.00	
42.00	20.00	16.00	
32.00	16.00	
48.00	36.00	32.00	
32.00	16.00	
42.00	32.00	
32.00	16.00	
48.00	36.00	32.00	
42.00	32.00	
42.00	28.00	28.00	
42.00	20.00	16.00	
48.00	36.00	32.00	
42.00	20.00	16.00	
42.00	28.00	28.00	
42.00	32.00	
32.00	16.00	
48.00	36.00	32.00	
48.00	36.00	32.00	
32.00	16.00	
32.00	16.00	
48.00	36.00	32.00	
48.00	36.00	32.00	
42.00	24.00	20.00	
48.00	36.00	32.00	
42.00	32.00	
42.00	32.00	
42.00	32.00	
42.00	20.00	16.00	
42.00	24.00	20.00	
48.00	36.00	32.00	
32.00	16.00	
42.00	20.00	16.00	
42.00	32.00	
42.00	32.00	
32.00	16.00	
32.00	16.00	
42.00	20.00	16.00	
42.00	20.00	16.00	
32.00	16.00	
48.00	36.00	32.00	
32.00	16.00	
42.00	24.00	20.00	
48.00	36.00	32.00	
42.00	24.00	20.00	
42.00	28.00	28.00	
42.00	28.00	28.00	
42.00	24.00	20.00	
42.00	20.00	16.00	
42.00	28.00	28.00	
42.00	24.00	20.00	
42.00	20.00	16.00	
32.00	16.00	
42.00	20.00	16.00	
32.00	16.00	
42.00	28.00	28.00	
42.00	20.00	16.00	
42.00	20.00	16.00	
42.00	20.00	16.00	
42.00	28.00	28.00	
42.00	24.00	20.00	
32.00	16.00	
42.00	28.00	28.00	
42.00	28.00	28.00	
42.00	24.00	20.00	
42.00	32.00	
42.00	20.00	16.00	
32.00	16.00	
42.00	28.00	28.00	
48.00	36.00	32.00	
42.00	24.00	20.00	
42.00	32.00	
42.00	32.00	
42.00	24.00	20.00	
42.00	20.00	16.00	
42.00	32.00	
42.00	28.00	28.00	
42.00	20.00	16.00	
42.00	28.00	28.00	
32.00	16.00	
42.00	20.00	16.00	
42.00	20.00	16.00	
42.00	32.00	
42.00	24.00	20.00	
42.00	24.00	20.00	
42.00	32.00	
42.00	28.00	28.00	
42.00	32.00	
42.00	28.00	28.00	
42.00	32.00	
32.00	16.00	
42.00	20.00	16.00	
32.00	16.00	
42.00	24.00	20.00	
42.00	32.00	
42.00	20.00	16.00	
32.00	16.00	
42.00	32.00	
48.00	36.00	32.00	
42.00	20.00	16.00	
32.00	16.00	
42.00	28.00	28.00	
42.00	20.00	16.00	
42.00	32.00	
42.00	28.00	28.00	
48.00	36.00	32.00	
42.00	28.00	28.00	
42.00	20.00	16.00	
42.00	24.00	20.00	
48.00	36.00	32.00	
48.00	36.00	32.00	
42.00	24.00	20.00	
32.00	16.00	
42.00	24.00	20.00	
42.00	32.00	
48.00	36.00	32.00	
42.00	32.00	
42.00	24.00	20.00	
42.00	24.00	20.00	
48.00	36.00	32.00	
42.00	28.00	28.00	
42.00	32.00	
32.00	16.00	
42.00	28.00	28.00	
42.00	28.00	28.00	
48.00	36.00	32.00	
48.00	36.00	32.00	
42.00	20.00	16.00	
42.00	24.00	20.00	
32.00	16.00	
42.00	32.00	
42.00	32.00	
42.00	32.00	
42.00	20.00	16.00	
42.00	28.00	28.00	
42.00	28.00	28.00	
42.00	32.00	
42.00	20.00	16.00	
42.00	20.00	16.00	
42.00	20.00	16.00	
42.00	24.00	20.00	
42.00	20.00	16.00	
42.00	24.00	20.00	
42.00	32.00	
42.00	24.00	20.00	
42.00	28.00	28.00	
48.00	36.00	32.00	
42.00	20.00	16.00	
42.00	28.00	28.00	
32.00	16.00	
42.00	32.00	
42.00	20.00	16.00	
42.00	28.00	28.00	
32.00	16.00	
42.00	32.00	
42.00	20.00	16.00	
42.00	24.00	20.00	
42.00	32.00	
48.00	36.00	32.00	
42.00	20.00	16.00	
32.00	16.00	
48.00	36.00	32.00	
32.00	16.00	
42.00	32.00	
42.00	24.00	20.00	
42.00	32.00	
42.00	24.00	20.00	
32.00	16.00	
42.00	20.00	16.00	
42.00	20.00	16.00	
32.00	16.00	
42.00	32.00	
42.00	28.00	28.00	
32.00	16.00	
32.00	16.00	
42.00	24.00	20.00	
32.00	16.00	
5.00	5.00	5.00	5.00	5.00	5.00	5.00	5.00	5.00	5.00	5.00	5.00	5.00	5.00	5.00	5.00	5.00	5.00	5.00	5.00	5.00	5.00	5.00	5.00	5.00	5.00	5.00	5.00	5.00	5.00	5.00	5.00	5.00	5.00	5.00	5.00	5.00	5.00	5.00	5.00	5.00	5.00	5.00	5.00	5.00	5.00	5.00	5.00	5.00	5.00	5.00	5.00	5.00	5.00	5.00	5.00	5.00	5.00	5.00	5.00	5.00	5.00	5.00	5.00	5.00	5.00	5.00	5.00	5.00	5.00	5.00	5.00	5.00	5.00	5.00	5.00	5.00	5.00	5.00	5.00	5.00	5.00	5.00	5.00	5.00	5.00	5.00	5.00	5.00	5.00	5.00	5.00	5.00	5.00	5.00	5.00	5.00	5.00	5.00	5.00	5.00	5.00	5.00	5.00	5.00	5.00	5.00	5.00	5.00	5.00	5.00	5.00	5.00	5.00	5.00	5.00	5.00	5.00	5.00	5.00	5.00	5.00	5.00	5.00	5.00	5.00	5.00	5.00	5.00	5.00	5.00	5.00	5.00	5.00	5.00	5.00	5.00	5.00	5.00	5.00	5.00	5.00	5.00	5.00	5.00	5.00	5.00	5.00	5.00	5.00	5.00	5.00	5.00	5.00	5.00	5.00	5.00	5.00	5.00	5.00	5.00	5.00	5.00	5.00	5.00	5.00	5.00	5.00	5.00	5.00	5.00	5.00	5.00	5.00	5.00	5.00	5.00	5.00	5.00	5.00	5.00	5.00	5.00	5.00	5.00	5.00	5.00	5.00	5.00	5.00	5.00	5.00	5.00	5.00	5.00	5.00	5.00	5.00	5.00	5.00	5.00	5.00	5.00	5.00	5.00	5.00	5.00	5.00	5.00	5.00	5.00	5.00	5.00	5.00	5.00	5.00	5.00	5.00	5.00	5.00	5.00	5.00	5.00	5.00	5.00	5.00	5.00	5.00	5.00	5.00	5.00	5.00	5.00	5.00	5.00	5.00	5.00	5.00	5.00	5.00	5.00	5.00	5.00	5.00	5.00	5.00	5.00	5.00	5.00	5.00	5.00	5.00	5.00	5.00	5.00	5.00	5.00	5.00	5.00	5.00	5.00	5.00	5.00	5.00	5.00	5.00	5.00	5.00	5.00	5.00	5.00	5.00	5.00	5.00	5.00	5.00	5.00	5.00	5.00	5.00	5.00	5.00	5.00	5.00	5.00	5.00	5.00	5.00	5.00	5.00	5.00	5.00	5.00	5.00	5.00	5.00	5.00	5.00	5.00	5.00	
5.00	5.00	5.00	5.00	5.00	5.00	5.00	5.00	5.00	5.00	5.00	5.00	5.00	5.00	5.00	5.00	5.00	5.00	5.00	5.00	5.00	5.00	5.00	5.00	5.00	5.00	5.00	5.00	5.00	5.00	5.00	5.00	5.00	5.00	5.00	5.00	5.00	5.00	5.00	5.00	5.00	5.00	5.00	5.00	5.00	5.00	5.00	5.00	5.00	5.00	5.00	5.00	5.00	5.00	5.00	5.00	5.00	5.00	5.00	5.00	5.00	5.00	5.00	5.00	5.00	5.00	5.00	5.00	5.00	5.00	5.00	5.00	5.00	5.00	5.00	5.00	5.00	5.00	5.00	5.00	5.00	5.00	5.00	5.00	5.00	5.00	5.00	5.00	5.00	5.00	5.00	5.00	5.00	5.00	5.00	5.00	5.00	5.00	5.00	5.00	5.00	5.00	5.00	5.00	5.00	5.00	5.00	5.00	5.00	5.00	5.00	5.00	5.00	5.00	5.00	5.00	5.00	5.00	5.00	5.00	5.00	5.00	5.00	5.00	5.00	5.00	5.00	5.00	5.00	5.00	5.00	5.00	5.00	5.00	5.00	5.00	5.00	5.00	5.00	5.00	5.00	5.00	5.00	5.00	5.00	5.00	5.00	5.00	5.00	5.00	5.00	5.00	5.00	5.00	5.00	5.00	5.00	5.00	5.00	5.00	5.00	5.00	5.00	5.00	5.00	5.00	5.00	5.00	5.00	5.00	5.00	5.00	5.00	5.00	5.00	5.00	5.00	5.00	5.00	5.00	5.00	5.00	5.00	5.00	5.00	5.00	5.00	5.00	5.00	5.00	5.00	5.00	5.00	5.00	5.00	5.00	5.00	5.00	5.00	5.00	5.00	5.00	5.00	5.00	5.00	5.00	5.00	5.00	5.00	5.00	5.00	5.00	5.00	5.00	5.00	5.00	5.00	5.00	5.00	5.00	5.00	5.00	5.00	5.00	5.00	5.00	5.00	5.00	5.00	5.00	5.00	5.00	5.00	5.00	5.00	5.00	5.00	5.00	5.00	5.00	5.00	5.00	5.00	5.00	5.00	5.00	5.00	5.00	5.00	5.00	5.00	5.00	5.00	5.00	5.00	5.00	5.00	5.00	5.00	5.00	5.00	5.00	5.00	5.00	5.00	5.00	5.00	5.00	5.00	5.00	5.00	5.00	5.00	5.00	5.00	5.00	5.00	5.00	5.00	5.00	5.00	5.00	5.00	5.00	5.00	5.00	5.00	5.00	5.00	5.00	5.00	5.00	5.00	5.00	5.00	5.00	5.00	5.00	5.00	5.00	
1.00	1.00	1.00	1.00	1.00	1.00	1.00	1.00	1.00	1.00	1.00	1.00	1.00	1.00	
2	1	1	2	2	2	2	1	2	1	2	2	1	1	2	2	2	1	2	2	1	2	2	2	2	1	1	1	1	2	1	2	1	1	2	2	2	2	2	2	1	1	2	1	1	2	1	1	1	1	2	2	1	2	2	2	1	1	2	1	1	1	1	2	2	1	1	1	2	2	1	2	2	1	2	2	1	2	1	2	1	1	2	1	2	1	2	1	2	1	2	2	1	1	1	1	1	1	2	1	1	2	2	2	2	1	1	2	2	2	2	3	1	1	5	2	5	3	4	1	1	2	4	3	3	1	4	4	5	2	1	2	2	2	1	1	2	1	1	4	3	5	2	2	5	2	3	1	2	1	2	2	1	1	1	4	1	2	2	2	3	4	5	1	5	4	2	2	5	5	3	5	4	2	3	1	1	1	3	5	5	4	4	3	3	3	4	3	5	3	5	4	3	5	4	5	4	4	3	4	5	3	3	5	4	3	5	4	3	3	3	4	3	3	3	4	4	3	35	5	5	4	5	5	4	3	3	4	5	3	5	65	4	93	5	5	5	61	3	5	3	3	3	5	4	83	85	4	3	5	5	5	3	3	71	4	4	46	75	90	76	97	81	95	37	48	87	97	96	42	83	61	88	76	79	41	94	55	59	100	93	78	74	42	53	63	34	61	95	81	35	37	100	99	36	44	30	44	37	82	
1	1	1	1	1	1	1	1	1	1	1	1	1	1	1	1	1	1	1	1	1	1	1	1	1	1	1	1	1	1	1	1	1	1	1	1	1	1	1	1	1	1	1	1	1	1	1	1	1	1	1	1	1	1	2	2	2	2	2	2	2	2	2	2	2	2	2	2	2	2	2	2	2	2	2	2	2	2	2	2	2	2	2	2	2	2	2	2	2	2	2	2	2	2	2	2	2	2	2	2	2	2	2	2	2	2	2	2	3	3	3	3	3	3	3	3	3	3	3	3	3	3	3	3	3	3	3	3	3	3	3	3	3	3	3	3	3	3	3	3	3	3	3	3	3	3	3	3	3	3	3	3	3	3	3	3	3	3	3	3	3	3	3	3	3	3	3	3	3	3	3	3	3	3	3	3	3	3	4	4	4	4	4	4	4	4	4	4	4	4	4	4	4	4	4	4	4	4	4	4	4	4	4	4	4	4	4	4	4	4	4	4	5	5	5	5	5	5	5	5	5	5	5	5	5	5	5	5	5	5	5	5	5	5	5	5	5	5	5	5	5	5	5	5	5	5	5	5	5	5	5	5	5	5	5	5	5	6	6	6	6	6	6	6	6	6	6	6	7	7	7	7	7	7	7	7	7	7	8	8	8	8	8	8	8	9	9	9	9	9	9	9	9	10	10	10	10	10	10	10	
