300
14	3
286	1.00
3	3	3	3	3	3	2	3	3	3	2	2	3	2	2	3	2	2	2	3	3	3	3	3	2	3	2	2	3	3	3	3	3	3	3	2	2	3	3	3	3	3	3	3	2	3	2	3	3	2	3	2	3	2	3	3	2	2	2	3	2	3	3	2	3	2	3	3	3	3	2	3	3	3	2	3	3	2	2	3	2	3	2	3	2	3	2	3	3	3	2	3	3	2	3	2	3	3	3	3	2	3	3	3	3	3	3	3	2	3	3	3	2	2	3	2	3	3	3	3	3	3	3	3	2	2	3	3	2	3	3	3	3	3	2	3	2	3	3	3	3	2	3	3	3	2	3	2	2	3	2	2	3	3	2	2	3	3	3	3	2	3	3	2	3	3	3	3	2	3	2	2	2	3	3	3	2	3	3	2	3	3	3	3	2	3	3	2	3	3	2	3	2	3	3	3	2	2	2	3	2	2	2	3	3	3	3	2	2	2	2	2	3	2	3	3	2	2	3	2	3	3	2	3	3	2	3	3	3	3	2	2	3	3	2	2	3	2	3	2	2	2	3	2	3	3	3	3	2	3	2	3	3	2	3	2	3	3	2	3	3	2	3	3	3	3	2	3	2	2	3	2	3	2	3	3	2	2	3	3	3	2	3	3	2	3	2	2	3	3	2	3	3	2	3	2	3	3	2	3	
2	3	4	
2	3	4	
2	3	4	
1	2	3	
2	6	7	
2	3	4	
1	3	
1	2	3	
1	2	3	
1	2	3	
1	3	
1	3	
2	6	7	
1	3	
1	3	
2	6	7	
0	1	
1	3	
0	1	
1	2	3	
1	2	3	
2	3	4	
1	2	3	
2	6	7	
0	1	
1	2	3	
0	1	
0	1	
1	2	3	
1	2	3	
1	2	3	
2	3	4	
1	2	3	
2	6	7	
1	2	3	
1	3	
0	1	
2	3	4	
1	2	3	
2	3	4	
1	2	3	
1	2	3	
2	3	4	
1	2	3	
0	1	
1	2	3	
1	3	
2	3	4	
2	6	7	
0	1	
2	6	7	
1	3	
2	3	4	
0	1	
2	6	7	
1	2	3	
0	1	
0	1	
1	3	
2	6	7	
1	3	
2	6	7	
2	3	4	
0	1	
2	6	7	
1	3	
2	3	4	
1	2	3	
1	2	3	
2	3	4	
0	1	
2	3	4	
1	2	3	
2	6	7	
1	3	
2	3	4	
1	2	3	
0	1	
0	1	
2	6	7	
0	1	
1	2	3	
1	3	
2	3	4	
0	1	
2	6	7	
1	3	
2	6	7	
1	2	3	
2	3	4	
0	1	
1	2	3	
2	6	7	
0	1	
1	2	3	
1	3	
2	3	4	
1	2	3	
2	6	7	
1	2	3	
0	1	
1	2	3	
2	3	4	
2	3	4	
1	2	3	
2	3	4	
1	2	3	
2	6	7	
0	1	
1	2	3	
1	2	3	
1	2	3	
1	3	
0	1	
1	2	3	
1	3	
1	2	3	
1	2	3	
1	2	3	
2	3	4	
2	6	7	
2	6	7	
1	2	3	
1	2	3	
1	3	
0	1	
2	3	4	
1	2	3	
0	1	
1	2	3	
2	6	7	
2	3	4	
2	6	7	
1	2	3	
1	3	
2	6	7	
0	1	
1	2	3	
2	6	7	
1	2	3	
2	6	7	
1	3	
2	6	7	
1	2	3	
1	2	3	
0	1	
1	2	3	
0	1	
0	1	
2	6	7	
1	3	
0	1	
2	3	4	
1	2	3	
1	3	
1	3	
2	3	4	
2	6	7	
2	3	4	
2	3	4	
0	1	
1	2	3	
1	2	3	
1	3	
1	2	3	
2	6	7	
2	6	7	
2	6	7	
0	1	
1	2	3	
0	1	
1	3	
0	1	
2	6	7	
2	6	7	
2	3	4	
0	1	
1	2	3	
2	6	7	
0	1	
2	6	7	
2	3	4	
2	3	4	
1	2	3	
0	1	
2	6	7	
1	2	3	
0	1	
1	2	3	
2	6	7	
1	3	
1	2	3	
0	1	
1	2	3	
1	2	3	
2	3	4	
0	1	
1	3	
0	1	
1	2	3	
0	1	
1	3	
1	3	
1	2	3	
2	6	7	
2	6	7	
2	3	4	
1	3	
1	3	
1	3	
1	3	
0	1	
2	6	7	
1	3	
2	3	4	
1	2	3	
0	1	
1	3	
2	6	7	
1	3	
2	3	4	
1	2	3	
1	3	
1	2	3	
2	3	4	
1	3	
1	2	3	
1	2	3	
1	2	3	
1	2	3	
0	1	
0	1	
1	2	3	
1	2	3	
1	3	
0	1	
2	6	7	
0	1	
2	3	4	
0	1	
0	1	
0	1	
1	2	3	
1	3	
2	3	4	
2	6	7	
1	2	3	
2	3	4	
0	1	
2	6	7	
0	1	
2	3	4	
1	2	3	
0	1	
1	2	3	
0	1	
1	2	3	
1	2	3	
1	3	
2	3	4	
2	3	4	
0	1	
2	3	4	
2	3	4	
2	3	4	
1	2	3	
0	1	
2	3	4	
0	1	
0	1	
1	2	3	
0	1	
1	2	3	
1	3	
2	6	7	
1	2	3	
0	1	
0	1	
2	6	7	
1	2	3	
1	2	3	
0	1	
1	2	3	
2	3	4	
0	1	
2	3	4	
0	1	
0	1	
2	6	7	
1	2	3	
1	3	
1	2	3	
2	6	7	
1	3	
1	2	3	
0	1	
2	3	4	
2	3	4	
0	1	
1	2	3	
42.00	28.00	28.00	
42.00	28.00	28.00	
42.00	28.00	28.00	
42.00	20.00	16.00	
48.00	36.00	32.00	
42.00	28.00	28.00	
42.00	32.00	
42.00	20.00	16.00	
42.00	20.00	16.00	
42.00	24.00	20.00	
42.00	32.00	
42.00	32.00	
48.00	36.00	32.00	
42.00	32.00	
42.00	32.00	
48.00	36.00	32.00	
32.00	16.00	
42.00	32.00	
32.00	16.00	
42.00	24.00	20.00	
42.00	20.00	16.00	
42.00	28.00	28.00	
42.00	24.00	20.00	
48.00	36.00	32.00	
32.00	16.00	
42.00	24.00	20.00	
32.00	16.00	
32.00	16.00	
42.00	20.00	16.00	
42.00	24.00	20.00	
42.00	20.00	16.00	
42.00	28.00	28.00	
42.00	24.00	20.00	
48.00	36.00	32.00	
42.00	24.00	20.00	
42.00	32.00	
32.00	16.00	
42.00	28.00	28.00	
42.00	20.00	16.00	
42.00	28.00	28.00	
42.00	24.00	20.00	
42.00	24.00	20.00	
42.00	28.00	28.00	
42.00	24.00	20.00	
32.00	16.00	
42.00	20.00	16.00	
42.00	32.00	
42.00	28.00	28.00	
48.00	36.00	32.00	
32.00	16.00	
48.00	36.00	32.00	
42.00	32.00	
42.00	28.00	28.00	
32.00	16.00	
48.00	36.00	32.00	
42.00	24.00	20.00	
32.00	16.00	
32.00	16.00	
42.00	32.00	
48.00	36.00	32.00	
42.00	32.00	
48.00	36.00	32.00	
42.00	28.00	28.00	
32.00	16.00	
48.00	36.00	32.00	
42.00	32.00	
42.00	28.00	28.00	
42.00	24.00	20.00	
42.00	24.00	20.00	
42.00	28.00	28.00	
32.00	16.00	
42.00	28.00	28.00	
42.00	20.00	16.00	
48.00	36.00	32.00	
42.00	32.00	
42.00	28.00	28.00	
42.00	24.00	20.00	
32.00	16.00	
32.00	16.00	
48.00	36.00	32.00	
32.00	16.00	
42.00	24.00	20.00	
42.00	32.00	
42.00	28.00	28.00	
32.00	16.00	
48.00	36.00	32.00	
42.00	32.00	
48.00	36.00	32.00	
42.00	24.00	20.00	
42.00	28.00	28.00	
32.00	16.00	
42.00	20.00	16.00	
48.00	36.00	32.00	
32.00	16.00	
42.00	20.00	16.00	
42.00	32.00	
42.00	28.00	28.00	
42.00	20.00	16.00	
48.00	36.00	32.00	
42.00	24.00	20.00	
32.00	16.00	
42.00	24.00	20.00	
42.00	28.00	28.00	
42.00	28.00	28.00	
42.00	24.00	20.00	
42.00	28.00	28.00	
42.00	20.00	16.00	
48.00	36.00	32.00	
32.00	16.00	
42.00	20.00	16.00	
42.00	24.00	20.00	
42.00	24.00	20.00	
42.00	32.00	
32.00	16.00	
42.00	20.00	16.00	
42.00	32.00	
42.00	24.00	20.00	
42.00	20.00	16.00	
42.00	20.00	16.00	
42.00	28.00	28.00	
48.00	36.00	32.00	
48.00	36.00	32.00	
42.00	20.00	16.00	
42.00	20.00	16.00	
42.00	32.00	
32.00	16.00	
42.00	28.00	28.00	
42.00	24.00	20.00	
32.00	16.00	
42.00	24.00	20.00	
48.00	36.00	32.00	
42.00	28.00	28.00	
48.00	36.00	32.00	
42.00	20.00	16.00	
42.00	32.00	
48.00	36.00	32.00	
32.00	16.00	
42.00	20.00	16.00	
48.00	36.00	32.00	
42.00	20.00	16.00	
48.00	36.00	32.00	
42.00	32.00	
48.00	36.00	32.00	
42.00	20.00	16.00	
42.00	24.00	20.00	
32.00	16.00	
42.00	24.00	20.00	
32.00	16.00	
32.00	16.00	
48.00	36.00	32.00	
42.00	32.00	
32.00	16.00	
42.00	28.00	28.00	
42.00	20.00	16.00	
42.00	32.00	
42.00	32.00	
42.00	28.00	28.00	
48.00	36.00	32.00	
42.00	28.00	28.00	
42.00	28.00	28.00	
32.00	16.00	
42.00	20.00	16.00	
42.00	24.00	20.00	
42.00	32.00	
42.00	24.00	20.00	
48.00	36.00	32.00	
48.00	36.00	32.00	
48.00	36.00	32.00	
32.00	16.00	
42.00	20.00	16.00	
32.00	16.00	
42.00	32.00	
32.00	16.00	
48.00	36.00	32.00	
48.00	36.00	32.00	
42.00	28.00	28.00	
32.00	16.00	
42.00	20.00	16.00	
48.00	36.00	32.00	
32.00	16.00	
48.00	36.00	32.00	
42.00	28.00	28.00	
42.00	28.00	28.00	
42.00	20.00	16.00	
32.00	16.00	
48.00	36.00	32.00	
42.00	20.00	16.00	
32.00	16.00	
42.00	20.00	16.00	
48.00	36.00	32.00	
42.00	32.00	
42.00	20.00	16.00	
32.00	16.00	
42.00	20.00	16.00	
42.00	24.00	20.00	
42.00	28.00	28.00	
32.00	16.00	
42.00	32.00	
32.00	16.00	
42.00	24.00	20.00	
32.00	16.00	
42.00	32.00	
42.00	32.00	
42.00	24.00	20.00	
48.00	36.00	32.00	
48.00	36.00	32.00	
42.00	28.00	28.00	
42.00	32.00	
42.00	32.00	
42.00	32.00	
42.00	32.00	
32.00	16.00	
48.00	36.00	32.00	
42.00	32.00	
42.00	28.00	28.00	
42.00	20.00	16.00	
32.00	16.00	
42.00	32.00	
48.00	36.00	32.00	
42.00	32.00	
42.00	28.00	28.00	
42.00	20.00	16.00	
42.00	32.00	
42.00	20.00	16.00	
42.00	28.00	28.00	
42.00	32.00	
42.00	20.00	16.00	
42.00	20.00	16.00	
42.00	24.00	20.00	
42.00	20.00	16.00	
32.00	16.00	
32.00	16.00	
42.00	24.00	20.00	
42.00	24.00	20.00	
42.00	32.00	
32.00	16.00	
48.00	36.00	32.00	
32.00	16.00	
42.00	28.00	28.00	
32.00	16.00	
32.00	16.00	
32.00	16.00	
42.00	24.00	20.00	
42.00	32.00	
42.00	28.00	28.00	
48.00	36.00	32.00	
42.00	20.00	16.00	
42.00	28.00	28.00	
32.00	16.00	
48.00	36.00	32.00	
32.00	16.00	
42.00	28.00	28.00	
42.00	20.00	16.00	
32.00	16.00	
42.00	20.00	16.00	
32.00	16.00	
42.00	24.00	20.00	
42.00	24.00	20.00	
42.00	32.00	
42.00	28.00	28.00	
42.00	28.00	28.00	
32.00	16.00	
42.00	28.00	28.00	
42.00	28.00	28.00	
42.00	28.00	28.00	
42.00	24.00	20.00	
32.00	16.00	
42.00	28.00	28.00	
32.00	16.00	
32.00	16.00	
42.00	20.00	16.00	
32.00	16.00	
42.00	24.00	20.00	
42.00	32.00	
48.00	36.00	32.00	
42.00	20.00	16.00	
32.00	16.00	
32.00	16.00	
48.00	36.00	32.00	
42.00	20.00	16.00	
42.00	24.00	20.00	
32.00	16.00	
42.00	20.00	16.00	
42.00	28.00	28.00	
32.00	16.00	
42.00	28.00	28.00	
32.00	16.00	
32.00	16.00	
48.00	36.00	32.00	
42.00	20.00	16.00	
42.00	32.00	
42.00	20.00	16.00	
48.00	36.00	32.00	
42.00	32.00	
42.00	20.00	16.00	
32.00	16.00	
42.00	28.00	28.00	
42.00	28.00	28.00	
32.00	16.00	
42.00	24.00	20.00	
5.00	5.00	5.00	5.00	5.00	5.00	5.00	5.00	5.00	5.00	5.00	5.00	5.00	5.00	5.00	5.00	5.00	5.00	5.00	5.00	5.00	5.00	5.00	5.00	5.00	5.00	5.00	5.00	5.00	5.00	5.00	5.00	5.00	5.00	5.00	5.00	5.00	5.00	5.00	5.00	5.00	5.00	5.00	5.00	5.00	5.00	5.00	5.00	5.00	5.00	5.00	5.00	5.00	5.00	5.00	5.00	5.00	5.00	5.00	5.00	5.00	5.00	5.00	5.00	5.00	5.00	5.00	5.00	5.00	5.00	5.00	5.00	5.00	5.00	5.00	5.00	5.00	5.00	5.00	5.00	5.00	5.00	5.00	5.00	5.00	5.00	5.00	5.00	5.00	5.00	5.00	5.00	5.00	5.00	5.00	5.00	5.00	5.00	5.00	5.00	5.00	5.00	5.00	5.00	5.00	5.00	5.00	5.00	5.00	5.00	5.00	5.00	5.00	5.00	5.00	5.00	5.00	5.00	5.00	5.00	5.00	5.00	5.00	5.00	5.00	5.00	5.00	5.00	5.00	5.00	5.00	5.00	5.00	5.00	5.00	5.00	5.00	5.00	5.00	5.00	5.00	5.00	5.00	5.00	5.00	5.00	5.00	5.00	5.00	5.00	5.00	5.00	5.00	5.00	5.00	5.00	5.00	5.00	5.00	5.00	5.00	5.00	5.00	5.00	5.00	5.00	5.00	5.00	5.00	5.00	5.00	5.00	5.00	5.00	5.00	5.00	5.00	5.00	5.00	5.00	5.00	5.00	5.00	5.00	5.00	5.00	5.00	5.00	5.00	5.00	5.00	5.00	5.00	5.00	5.00	5.00	5.00	5.00	5.00	5.00	5.00	5.00	5.00	5.00	5.00	5.00	5.00	5.00	5.00	5.00	5.00	5.00	5.00	5.00	5.00	5.00	5.00	5.00	5.00	5.00	5.00	5.00	5.00	5.00	5.00	5.00	5.00	5.00	5.00	5.00	5.00	5.00	5.00	5.00	5.00	5.00	5.00	5.00	5.00	5.00	5.00	5.00	5.00	5.00	5.00	5.00	5.00	5.00	5.00	5.00	5.00	5.00	5.00	5.00	5.00	5.00	5.00	5.00	5.00	5.00	5.00	5.00	5.00	5.00	5.00	5.00	5.00	5.00	5.00	5.00	5.00	5.00	5.00	5.00	5.00	5.00	5.00	5.00	5.00	5.00	5.00	5.00	5.00	5.00	5.00	5.00	5.00	5.00	5.00	5.00	5.00	5.00	5.00	5.00	5.00	5.00	5.00	5.00	5.00	5.00	
5.00	5.00	5.00	5.00	5.00	5.00	5.00	5.00	5.00	5.00	5.00	5.00	5.00	5.00	5.00	5.00	5.00	5.00	5.00	5.00	5.00	5.00	5.00	5.00	5.00	5.00	5.00	5.00	5.00	5.00	5.00	5.00	5.00	5.00	5.00	5.00	5.00	5.00	5.00	5.00	5.00	5.00	5.00	5.00	5.00	5.00	5.00	5.00	5.00	5.00	5.00	5.00	5.00	5.00	5.00	5.00	5.00	5.00	5.00	5.00	5.00	5.00	5.00	5.00	5.00	5.00	5.00	5.00	5.00	5.00	5.00	5.00	5.00	5.00	5.00	5.00	5.00	5.00	5.00	5.00	5.00	5.00	5.00	5.00	5.00	5.00	5.00	5.00	5.00	5.00	5.00	5.00	5.00	5.00	5.00	5.00	5.00	5.00	5.00	5.00	5.00	5.00	5.00	5.00	5.00	5.00	5.00	5.00	5.00	5.00	5.00	5.00	5.00	5.00	5.00	5.00	5.00	5.00	5.00	5.00	5.00	5.00	5.00	5.00	5.00	5.00	5.00	5.00	5.00	5.00	5.00	5.00	5.00	5.00	5.00	5.00	5.00	5.00	5.00	5.00	5.00	5.00	5.00	5.00	5.00	5.00	5.00	5.00	5.00	5.00	5.00	5.00	5.00	5.00	5.00	5.00	5.00	5.00	5.00	5.00	5.00	5.00	5.00	5.00	5.00	5.00	5.00	5.00	5.00	5.00	5.00	5.00	5.00	5.00	5.00	5.00	5.00	5.00	5.00	5.00	5.00	5.00	5.00	5.00	5.00	5.00	5.00	5.00	5.00	5.00	5.00	5.00	5.00	5.00	5.00	5.00	5.00	5.00	5.00	5.00	5.00	5.00	5.00	5.00	5.00	5.00	5.00	5.00	5.00	5.00	5.00	5.00	5.00	5.00	5.00	5.00	5.00	5.00	5.00	5.00	5.00	5.00	5.00	5.00	5.00	5.00	5.00	5.00	5.00	5.00	5.00	5.00	5.00	5.00	5.00	5.00	5.00	5.00	5.00	5.00	5.00	5.00	5.00	5.00	5.00	5.00	5.00	5.00	5.00	5.00	5.00	5.00	5.00	5.00	5.00	5.00	5.00	5.00	5.00	5.00	5.00	5.00	5.00	5.00	5.00	5.00	5.00	5.00	5.00	5.00	5.00	5.00	5.00	5.00	5.00	5.00	5.00	5.00	5.00	5.00	5.00	5.00	5.00	5.00	5.00	5.00	5.00	5.00	5.00	5.00	5.00	5.00	5.00	5.00	5.00	5.00	5.00	5.00	5.00	5.00	
1.00	1.00	1.00	1.00	1.00	1.00	1.00	1.00	1.00	1.00	1.00	1.00	1.00	1.00	
2	2	2	2	1	2	2	2	2	2	2	2	1	2	1	2	1	2	1	2	2	2	2	2	1	1	2	1	1	2	2	2	2	1	2	1	1	1	2	2	2	2	2	2	2	1	1	1	2	1	1	1	2	1	1	2	2	1	2	2	1	2	1	1	1	2	1	1	2	2	1	1	1	2	2	2	2	1	1	2	1	1	1	2	2	2	2	1	1	1	1	1	1	2	1	1	2	1	1	2	1	5	5	2	1	5	1	5	1	2	2	3	1	1	2	1	3	2	2	2	2	2	5	2	1	2	1	5	3	2	2	2	1	4	4	3	5	2	4	3	4	4	2	1	2	5	4	4	5	3	2	5	1	2	1	1	1	2	4	4	3	2	3	1	2	1	2	4	2	2	2	1	4	5	4	2	1	3	4	2	4	1	2	1	5	5	3	4	3	4	4	5	4	3	3	3	5	4	5	5	5	4	3	4	5	4	4	3	4	3	4	3	4	5	5	3	5	4	5	5	4	4	3	59	5	3	4	59	88	5	5	5	4	52	3	3	4	4	3	5	3	5	5	3	3	5	59	5	5	51	4	4	50	3	4	58	3	31	5	39	75	84	41	99	98	30	66	46	84	74	95	64	84	53	36	59	82	56	50	84	53	91	76	68	39	81	82	31	50	71	70	74	97	60	61	65	43	80	77	50	
1	1	1	1	1	1	1	1	1	1	1	1	1	1	1	1	1	1	1	1	1	1	1	1	1	1	1	1	1	1	1	1	1	1	1	1	1	1	2	2	2	2	2	2	2	2	2	2	2	2	2	2	2	2	2	2	2	2	2	2	2	2	2	2	2	2	2	2	2	2	2	2	2	2	2	2	2	2	2	2	2	2	2	2	2	2	2	2	2	2	2	2	2	2	2	2	3	3	3	3	3	3	3	3	3	3	3	3	3	3	3	3	3	3	3	3	3	3	3	3	3	3	3	3	3	3	3	3	3	3	3	3	3	3	3	3	3	3	3	3	3	3	3	3	3	3	3	3	3	3	3	3	3	3	3	3	3	3	3	3	3	3	3	3	3	3	3	3	3	3	3	3	3	3	3	3	3	3	3	3	3	3	3	3	4	4	4	4	4	4	4	4	4	4	4	4	4	4	4	4	4	4	4	4	4	4	4	4	4	4	4	4	4	4	4	4	4	5	5	5	5	5	5	5	5	5	5	5	5	5	5	5	5	5	5	5	5	5	5	5	5	5	5	5	5	5	5	5	5	5	5	5	5	5	5	5	5	5	5	6	6	6	6	6	6	6	7	7	7	7	7	7	7	8	8	8	8	8	8	8	8	9	9	9	9	9	9	10	10	10	10	10	10	10	10	10	10	10	10	10	
