300
14	3
315	1.00
3	3	2	3	2	3	2	3	3	3	2	2	3	3	2	3	2	3	2	3	3	3	2	3	3	3	3	2	3	3	2	2	3	3	3	3	3	3	3	3	3	3	3	3	3	3	3	2	2	3	3	3	3	3	3	2	2	2	2	2	3	3	3	3	2	3	3	2	3	3	3	3	3	3	3	2	3	2	3	2	2	2	3	3	2	2	3	2	2	3	2	2	2	3	3	2	2	3	3	2	2	2	2	3	3	3	3	3	2	3	3	2	2	3	2	3	3	2	3	3	3	3	3	3	2	3	2	3	2	3	3	3	3	3	3	3	3	3	3	3	3	2	2	2	2	3	2	2	3	3	3	2	3	3	3	3	3	3	3	3	3	3	3	3	3	3	3	3	3	2	3	3	3	3	3	3	3	2	3	3	3	3	2	3	3	2	3	2	3	3	3	3	2	2	3	3	2	2	3	3	3	3	3	3	3	3	2	3	3	3	2	3	2	3	2	2	3	3	3	3	3	3	3	3	3	2	2	2	2	3	2	2	2	2	2	3	3	3	3	3	3	3	3	2	3	3	3	3	3	2	2	2	2	3	2	2	3	3	3	3	2	2	3	3	2	3	3	3	3	3	3	3	3	3	3	2	3	3	3	3	2	2	3	3	3	3	3	3	2	3	2	2	3	2	2	2	3	3	3	3	
2	6	7	
1	2	3	
0	1	
2	3	4	
0	1	
1	2	3	
1	3	
1	2	3	
1	2	3	
1	2	3	
0	1	
0	1	
2	6	7	
2	6	7	
0	1	
2	3	4	
0	1	
1	2	3	
1	3	
2	6	7	
2	6	7	
2	3	4	
1	3	
2	6	7	
1	2	3	
1	2	3	
2	6	7	
1	3	
1	2	3	
2	3	4	
0	1	
0	1	
1	2	3	
2	3	4	
2	6	7	
2	6	7	
1	2	3	
2	6	7	
2	3	4	
1	2	3	
1	2	3	
1	2	3	
2	3	4	
2	3	4	
2	6	7	
1	2	3	
1	2	3	
0	1	
1	3	
2	3	4	
1	2	3	
1	2	3	
1	2	3	
2	3	4	
2	3	4	
0	1	
0	1	
1	3	
1	3	
1	3	
1	2	3	
2	6	7	
2	3	4	
2	3	4	
1	3	
1	2	3	
1	2	3	
0	1	
2	6	7	
2	6	7	
1	2	3	
2	3	4	
2	6	7	
1	2	3	
1	2	3	
0	1	
1	2	3	
0	1	
2	6	7	
1	3	
1	3	
0	1	
1	2	3	
2	3	4	
0	1	
0	1	
1	2	3	
1	3	
1	3	
2	6	7	
1	3	
0	1	
0	1	
1	2	3	
2	6	7	
0	1	
0	1	
2	3	4	
2	6	7	
0	1	
0	1	
1	3	
1	3	
1	2	3	
1	2	3	
1	2	3	
1	2	3	
1	2	3	
0	1	
1	2	3	
2	6	7	
1	3	
1	3	
1	2	3	
1	3	
2	3	4	
2	6	7	
0	1	
1	2	3	
1	2	3	
1	2	3	
1	2	3	
2	3	4	
1	2	3	
1	3	
1	2	3	
1	3	
2	3	4	
1	3	
2	6	7	
2	3	4	
2	3	4	
2	3	4	
2	3	4	
2	3	4	
2	6	7	
2	6	7	
2	6	7	
2	6	7	
2	3	4	
1	2	3	
1	3	
0	1	
0	1	
0	1	
2	6	7	
1	3	
1	3	
2	3	4	
1	2	3	
2	6	7	
1	3	
1	2	3	
1	2	3	
2	6	7	
2	6	7	
2	6	7	
1	2	3	
2	6	7	
1	2	3	
2	6	7	
1	2	3	
1	2	3	
1	2	3	
1	2	3	
1	2	3	
2	6	7	
2	3	4	
2	3	4	
1	3	
2	3	4	
1	2	3	
2	3	4	
2	6	7	
2	3	4	
2	6	7	
1	2	3	
1	3	
1	2	3	
1	2	3	
2	6	7	
1	2	3	
0	1	
2	3	4	
2	6	7	
0	1	
1	2	3	
0	1	
2	6	7	
1	2	3	
1	2	3	
1	2	3	
1	3	
1	3	
1	2	3	
2	3	4	
1	3	
1	3	
2	6	7	
2	6	7	
1	2	3	
2	3	4	
2	6	7	
2	6	7	
1	2	3	
2	3	4	
0	1	
2	3	4	
1	2	3	
2	3	4	
0	1	
2	3	4	
1	3	
2	3	4	
1	3	
0	1	
2	6	7	
1	2	3	
2	3	4	
1	2	3	
2	3	4	
1	2	3	
1	2	3	
2	3	4	
1	2	3	
1	3	
0	1	
0	1	
0	1	
1	2	3	
1	3	
0	1	
0	1	
0	1	
0	1	
1	2	3	
1	2	3	
1	2	3	
1	2	3	
2	6	7	
1	2	3	
2	6	7	
1	2	3	
0	1	
1	2	3	
1	2	3	
1	2	3	
1	2	3	
2	3	4	
0	1	
0	1	
0	1	
0	1	
2	6	7	
0	1	
0	1	
2	6	7	
1	2	3	
1	2	3	
1	2	3	
1	3	
1	3	
2	6	7	
1	2	3	
0	1	
1	2	3	
2	3	4	
2	6	7	
2	6	7	
2	6	7	
1	2	3	
1	2	3	
1	2	3	
2	6	7	
1	2	3	
0	1	
1	2	3	
2	3	4	
2	6	7	
2	3	4	
0	1	
0	1	
2	3	4	
1	2	3	
2	6	7	
2	3	4	
1	2	3	
2	3	4	
0	1	
1	2	3	
0	1	
0	1	
1	2	3	
0	1	
1	3	
1	3	
2	3	4	
2	3	4	
2	3	4	
2	3	4	
48.00	36.00	32.00	
42.00	20.00	16.00	
32.00	16.00	
42.00	28.00	28.00	
32.00	16.00	
42.00	20.00	16.00	
42.00	32.00	
42.00	20.00	16.00	
42.00	24.00	20.00	
42.00	20.00	16.00	
32.00	16.00	
32.00	16.00	
48.00	36.00	32.00	
48.00	36.00	32.00	
32.00	16.00	
42.00	28.00	28.00	
32.00	16.00	
42.00	20.00	16.00	
42.00	32.00	
48.00	36.00	32.00	
48.00	36.00	32.00	
42.00	28.00	28.00	
42.00	32.00	
48.00	36.00	32.00	
42.00	24.00	20.00	
42.00	20.00	16.00	
48.00	36.00	32.00	
42.00	32.00	
42.00	20.00	16.00	
42.00	28.00	28.00	
32.00	16.00	
32.00	16.00	
42.00	20.00	16.00	
42.00	28.00	28.00	
48.00	36.00	32.00	
48.00	36.00	32.00	
42.00	20.00	16.00	
48.00	36.00	32.00	
42.00	28.00	28.00	
42.00	24.00	20.00	
42.00	20.00	16.00	
42.00	24.00	20.00	
42.00	28.00	28.00	
42.00	28.00	28.00	
48.00	36.00	32.00	
42.00	24.00	20.00	
42.00	24.00	20.00	
32.00	16.00	
42.00	32.00	
42.00	28.00	28.00	
42.00	24.00	20.00	
42.00	20.00	16.00	
42.00	24.00	20.00	
42.00	28.00	28.00	
42.00	28.00	28.00	
32.00	16.00	
32.00	16.00	
42.00	32.00	
42.00	32.00	
42.00	32.00	
42.00	24.00	20.00	
48.00	36.00	32.00	
42.00	28.00	28.00	
42.00	28.00	28.00	
42.00	32.00	
42.00	24.00	20.00	
42.00	20.00	16.00	
32.00	16.00	
48.00	36.00	32.00	
48.00	36.00	32.00	
42.00	20.00	16.00	
42.00	28.00	28.00	
48.00	36.00	32.00	
42.00	20.00	16.00	
42.00	24.00	20.00	
32.00	16.00	
42.00	24.00	20.00	
32.00	16.00	
48.00	36.00	32.00	
42.00	32.00	
42.00	32.00	
32.00	16.00	
42.00	24.00	20.00	
42.00	28.00	28.00	
32.00	16.00	
32.00	16.00	
42.00	20.00	16.00	
42.00	32.00	
42.00	32.00	
48.00	36.00	32.00	
42.00	32.00	
32.00	16.00	
32.00	16.00	
42.00	24.00	20.00	
48.00	36.00	32.00	
32.00	16.00	
32.00	16.00	
42.00	28.00	28.00	
48.00	36.00	32.00	
32.00	16.00	
32.00	16.00	
42.00	32.00	
42.00	32.00	
42.00	20.00	16.00	
42.00	24.00	20.00	
42.00	24.00	20.00	
42.00	24.00	20.00	
42.00	20.00	16.00	
32.00	16.00	
42.00	20.00	16.00	
48.00	36.00	32.00	
42.00	32.00	
42.00	32.00	
42.00	24.00	20.00	
42.00	32.00	
42.00	28.00	28.00	
48.00	36.00	32.00	
32.00	16.00	
42.00	24.00	20.00	
42.00	24.00	20.00	
42.00	24.00	20.00	
42.00	24.00	20.00	
42.00	28.00	28.00	
42.00	20.00	16.00	
42.00	32.00	
42.00	20.00	16.00	
42.00	32.00	
42.00	28.00	28.00	
42.00	32.00	
48.00	36.00	32.00	
42.00	28.00	28.00	
42.00	28.00	28.00	
42.00	28.00	28.00	
42.00	28.00	28.00	
42.00	28.00	28.00	
48.00	36.00	32.00	
48.00	36.00	32.00	
48.00	36.00	32.00	
48.00	36.00	32.00	
42.00	28.00	28.00	
42.00	24.00	20.00	
42.00	32.00	
32.00	16.00	
32.00	16.00	
32.00	16.00	
48.00	36.00	32.00	
42.00	32.00	
42.00	32.00	
42.00	28.00	28.00	
42.00	20.00	16.00	
48.00	36.00	32.00	
42.00	32.00	
42.00	24.00	20.00	
42.00	20.00	16.00	
48.00	36.00	32.00	
48.00	36.00	32.00	
48.00	36.00	32.00	
42.00	24.00	20.00	
48.00	36.00	32.00	
42.00	20.00	16.00	
48.00	36.00	32.00	
42.00	20.00	16.00	
42.00	24.00	20.00	
42.00	24.00	20.00	
42.00	20.00	16.00	
42.00	24.00	20.00	
48.00	36.00	32.00	
42.00	28.00	28.00	
42.00	28.00	28.00	
42.00	32.00	
42.00	28.00	28.00	
42.00	20.00	16.00	
42.00	28.00	28.00	
48.00	36.00	32.00	
42.00	28.00	28.00	
48.00	36.00	32.00	
42.00	24.00	20.00	
42.00	32.00	
42.00	20.00	16.00	
42.00	20.00	16.00	
48.00	36.00	32.00	
42.00	24.00	20.00	
32.00	16.00	
42.00	28.00	28.00	
48.00	36.00	32.00	
32.00	16.00	
42.00	24.00	20.00	
32.00	16.00	
48.00	36.00	32.00	
42.00	24.00	20.00	
42.00	20.00	16.00	
42.00	20.00	16.00	
42.00	32.00	
42.00	32.00	
42.00	20.00	16.00	
42.00	28.00	28.00	
42.00	32.00	
42.00	32.00	
48.00	36.00	32.00	
48.00	36.00	32.00	
42.00	24.00	20.00	
42.00	28.00	28.00	
48.00	36.00	32.00	
48.00	36.00	32.00	
42.00	24.00	20.00	
42.00	28.00	28.00	
32.00	16.00	
42.00	28.00	28.00	
42.00	20.00	16.00	
42.00	28.00	28.00	
32.00	16.00	
42.00	28.00	28.00	
42.00	32.00	
42.00	28.00	28.00	
42.00	32.00	
32.00	16.00	
48.00	36.00	32.00	
42.00	20.00	16.00	
42.00	28.00	28.00	
42.00	20.00	16.00	
42.00	28.00	28.00	
42.00	24.00	20.00	
42.00	24.00	20.00	
42.00	28.00	28.00	
42.00	24.00	20.00	
42.00	32.00	
32.00	16.00	
32.00	16.00	
32.00	16.00	
42.00	20.00	16.00	
42.00	32.00	
32.00	16.00	
32.00	16.00	
32.00	16.00	
32.00	16.00	
42.00	24.00	20.00	
42.00	24.00	20.00	
42.00	24.00	20.00	
42.00	20.00	16.00	
48.00	36.00	32.00	
42.00	24.00	20.00	
48.00	36.00	32.00	
42.00	24.00	20.00	
32.00	16.00	
42.00	20.00	16.00	
42.00	20.00	16.00	
42.00	20.00	16.00	
42.00	20.00	16.00	
42.00	28.00	28.00	
32.00	16.00	
32.00	16.00	
32.00	16.00	
32.00	16.00	
48.00	36.00	32.00	
32.00	16.00	
32.00	16.00	
48.00	36.00	32.00	
42.00	20.00	16.00	
42.00	24.00	20.00	
42.00	20.00	16.00	
42.00	32.00	
42.00	32.00	
48.00	36.00	32.00	
42.00	20.00	16.00	
32.00	16.00	
42.00	24.00	20.00	
42.00	28.00	28.00	
48.00	36.00	32.00	
48.00	36.00	32.00	
48.00	36.00	32.00	
42.00	24.00	20.00	
42.00	20.00	16.00	
42.00	20.00	16.00	
48.00	36.00	32.00	
42.00	20.00	16.00	
32.00	16.00	
42.00	20.00	16.00	
42.00	28.00	28.00	
48.00	36.00	32.00	
42.00	28.00	28.00	
32.00	16.00	
32.00	16.00	
42.00	28.00	28.00	
42.00	20.00	16.00	
48.00	36.00	32.00	
42.00	28.00	28.00	
42.00	20.00	16.00	
42.00	28.00	28.00	
32.00	16.00	
42.00	24.00	20.00	
32.00	16.00	
32.00	16.00	
42.00	20.00	16.00	
32.00	16.00	
42.00	32.00	
42.00	32.00	
42.00	28.00	28.00	
42.00	28.00	28.00	
42.00	28.00	28.00	
42.00	28.00	28.00	
5.00	5.00	5.00	5.00	5.00	5.00	5.00	5.00	5.00	5.00	5.00	5.00	5.00	5.00	5.00	5.00	5.00	5.00	5.00	5.00	5.00	5.00	5.00	5.00	5.00	5.00	5.00	5.00	5.00	5.00	5.00	5.00	5.00	5.00	5.00	5.00	5.00	5.00	5.00	5.00	5.00	5.00	5.00	5.00	5.00	5.00	5.00	5.00	5.00	5.00	5.00	5.00	5.00	5.00	5.00	5.00	5.00	5.00	5.00	5.00	5.00	5.00	5.00	5.00	5.00	5.00	5.00	5.00	5.00	5.00	5.00	5.00	5.00	5.00	5.00	5.00	5.00	5.00	5.00	5.00	5.00	5.00	5.00	5.00	5.00	5.00	5.00	5.00	5.00	5.00	5.00	5.00	5.00	5.00	5.00	5.00	5.00	5.00	5.00	5.00	5.00	5.00	5.00	5.00	5.00	5.00	5.00	5.00	5.00	5.00	5.00	5.00	5.00	5.00	5.00	5.00	5.00	5.00	5.00	5.00	5.00	5.00	5.00	5.00	5.00	5.00	5.00	5.00	5.00	5.00	5.00	5.00	5.00	5.00	5.00	5.00	5.00	5.00	5.00	5.00	5.00	5.00	5.00	5.00	5.00	5.00	5.00	5.00	5.00	5.00	5.00	5.00	5.00	5.00	5.00	5.00	5.00	5.00	5.00	5.00	5.00	5.00	5.00	5.00	5.00	5.00	5.00	5.00	5.00	5.00	5.00	5.00	5.00	5.00	5.00	5.00	5.00	5.00	5.00	5.00	5.00	5.00	5.00	5.00	5.00	5.00	5.00	5.00	5.00	5.00	5.00	5.00	5.00	5.00	5.00	5.00	5.00	5.00	5.00	5.00	5.00	5.00	5.00	5.00	5.00	5.00	5.00	5.00	5.00	5.00	5.00	5.00	5.00	5.00	5.00	5.00	5.00	5.00	5.00	5.00	5.00	5.00	5.00	5.00	5.00	5.00	5.00	5.00	5.00	5.00	5.00	5.00	5.00	5.00	5.00	5.00	5.00	5.00	5.00	5.00	5.00	5.00	5.00	5.00	5.00	5.00	5.00	5.00	5.00	5.00	5.00	5.00	5.00	5.00	5.00	5.00	5.00	5.00	5.00	5.00	5.00	5.00	5.00	5.00	5.00	5.00	5.00	5.00	5.00	5.00	5.00	5.00	5.00	5.00	5.00	5.00	5.00	5.00	5.00	5.00	5.00	5.00	5.00	5.00	5.00	5.00	5.00	5.00	5.00	5.00	5.00	5.00	5.00	5.00	5.00	5.00	5.00	5.00	5.00	5.00	
5.00	5.00	5.00	5.00	5.00	5.00	5.00	5.00	5.00	5.00	5.00	5.00	5.00	5.00	5.00	5.00	5.00	5.00	5.00	5.00	5.00	5.00	5.00	5.00	5.00	5.00	5.00	5.00	5.00	5.00	5.00	5.00	5.00	5.00	5.00	5.00	5.00	5.00	5.00	5.00	5.00	5.00	5.00	5.00	5.00	5.00	5.00	5.00	5.00	5.00	5.00	5.00	5.00	5.00	5.00	5.00	5.00	5.00	5.00	5.00	5.00	5.00	5.00	5.00	5.00	5.00	5.00	5.00	5.00	5.00	5.00	5.00	5.00	5.00	5.00	5.00	5.00	5.00	5.00	5.00	5.00	5.00	5.00	5.00	5.00	5.00	5.00	5.00	5.00	5.00	5.00	5.00	5.00	5.00	5.00	5.00	5.00	5.00	5.00	5.00	5.00	5.00	5.00	5.00	5.00	5.00	5.00	5.00	5.00	5.00	5.00	5.00	5.00	5.00	5.00	5.00	5.00	5.00	5.00	5.00	5.00	5.00	5.00	5.00	5.00	5.00	5.00	5.00	5.00	5.00	5.00	5.00	5.00	5.00	5.00	5.00	5.00	5.00	5.00	5.00	5.00	5.00	5.00	5.00	5.00	5.00	5.00	5.00	5.00	5.00	5.00	5.00	5.00	5.00	5.00	5.00	5.00	5.00	5.00	5.00	5.00	5.00	5.00	5.00	5.00	5.00	5.00	5.00	5.00	5.00	5.00	5.00	5.00	5.00	5.00	5.00	5.00	5.00	5.00	5.00	5.00	5.00	5.00	5.00	5.00	5.00	5.00	5.00	5.00	5.00	5.00	5.00	5.00	5.00	5.00	5.00	5.00	5.00	5.00	5.00	5.00	5.00	5.00	5.00	5.00	5.00	5.00	5.00	5.00	5.00	5.00	5.00	5.00	5.00	5.00	5.00	5.00	5.00	5.00	5.00	5.00	5.00	5.00	5.00	5.00	5.00	5.00	5.00	5.00	5.00	5.00	5.00	5.00	5.00	5.00	5.00	5.00	5.00	5.00	5.00	5.00	5.00	5.00	5.00	5.00	5.00	5.00	5.00	5.00	5.00	5.00	5.00	5.00	5.00	5.00	5.00	5.00	5.00	5.00	5.00	5.00	5.00	5.00	5.00	5.00	5.00	5.00	5.00	5.00	5.00	5.00	5.00	5.00	5.00	5.00	5.00	5.00	5.00	5.00	5.00	5.00	5.00	5.00	5.00	5.00	5.00	5.00	5.00	5.00	5.00	5.00	5.00	5.00	5.00	5.00	5.00	5.00	5.00	5.00	5.00	
1.00	1.00	1.00	1.00	1.00	1.00	1.00	1.00	1.00	1.00	1.00	1.00	1.00	1.00	
2	1	2	1	2	2	1	1	1	2	1	2	1	1	2	2	1	1	2	2	2	2	2	1	2	1	1	1	1	2	2	2	2	1	2	2	1	2	1	2	2	1	2	1	2	2	1	1	1	2	1	2	2	2	1	2	1	1	1	2	2	1	1	1	2	2	2	2	2	1	2	1	2	2	2	2	1	2	1	1	2	2	2	2	1	1	2	2	2	1	2	1	1	2	1	1	1	2	1	1	1	4	1	1	1	3	5	2	2	4	2	1	1	3	1	2	1	2	2	4	2	1	1	2	4	2	5	3	1	5	4	3	2	2	3	3	2	2	3	4	1	5	1	1	2	1	2	1	4	1	2	3	3	1	4	4	1	1	2	3	1	2	5	1	2	2	2	1	1	1	2	4	5	4	5	1	2	1	4	4	3	3	4	5	3	4	5	3	3	4	3	5	5	5	4	3	5	3	4	4	5	5	5	5	3	4	3	5	3	5	3	3	5	5	3	3	4	3	4	3	4	5	4	98	5	4	93	3	4	4	5	4	4	5	5	5	3	4	4	5	4	3	5	4	49	3	83	3	5	4	91	3	3	77	3	4	67	86	34	47	65	63	46	35	81	82	39	88	95	33	49	43	59	61	51	45	55	69	39	68	31	56	33	72	85	36	30	74	74	45	49	91	39	65	35	94	62	55	32	97	
1	1	1	1	1	1	1	1	1	1	1	1	1	1	1	1	1	1	1	1	1	1	1	1	1	1	1	1	1	1	1	1	1	1	1	1	1	1	1	1	1	1	1	1	1	1	1	1	1	1	1	1	2	2	2	2	2	2	2	2	2	2	2	2	2	2	2	2	2	2	2	2	2	2	2	2	2	2	2	2	2	2	2	2	2	2	2	2	2	2	2	2	2	2	2	2	2	2	2	2	2	3	3	3	3	3	3	3	3	3	3	3	3	3	3	3	3	3	3	3	3	3	3	3	3	3	3	3	3	3	3	3	3	3	3	3	3	3	3	3	3	3	3	3	3	3	3	3	3	3	3	3	3	3	3	3	3	3	3	3	3	3	3	3	3	3	3	3	3	3	3	3	3	3	3	3	3	3	4	4	4	4	4	4	4	4	4	4	4	4	4	4	4	4	4	4	4	4	4	4	4	4	4	4	4	4	4	4	4	5	5	5	5	5	5	5	5	5	5	5	5	5	5	5	5	5	5	5	5	5	5	5	5	5	5	5	5	5	5	5	5	5	5	5	5	5	5	5	5	5	5	5	5	5	5	5	5	6	6	6	6	6	6	6	6	6	6	7	7	7	7	7	7	7	7	7	7	7	7	8	8	8	8	8	8	8	8	8	9	9	9	9	9	9	9	10	10	10	10	10	
