300
14	2
305	1.00
2	3	3	2	2	2	3	3	2	3	3	2	2	3	2	2	3	2	3	2	3	3	3	2	3	3	3	3	3	3	3	2	3	3	2	3	2	2	2	3	2	2	2	2	3	3	3	3	3	3	2	3	3	3	3	3	3	3	2	3	3	3	3	3	2	3	3	2	3	3	2	3	3	3	2	3	3	2	3	2	3	3	2	3	2	2	3	3	3	3	3	2	3	3	3	2	3	2	3	3	3	3	2	3	2	2	2	3	3	2	3	3	2	3	2	3	3	2	3	3	3	3	3	3	2	2	3	3	3	2	2	3	3	3	3	3	3	2	2	3	2	3	3	3	2	3	3	3	2	3	3	3	3	3	2	3	3	3	3	3	2	3	2	3	3	3	3	2	3	3	3	3	2	3	2	2	2	2	3	3	3	3	2	2	2	3	3	3	3	3	3	3	3	3	3	2	3	3	3	2	2	3	3	3	3	3	3	2	2	2	3	2	3	3	3	3	3	3	2	3	2	2	2	2	3	2	3	2	2	3	3	3	2	3	3	3	2	2	3	3	3	3	3	3	2	2	3	3	3	2	2	2	3	3	3	3	2	3	2	3	3	3	2	3	2	3	2	3	3	2	3	3	2	3	2	3	3	3	2	3	3	3	3	3	3	2	2	3	3	3	3	3	2	2	2	3	3	3	3	3	
1	3	
1	2	3	
1	2	3	
1	3	
0	1	
0	1	
1	2	3	
2	6	7	
1	3	
2	3	4	
1	2	3	
1	3	
0	1	
2	3	4	
0	1	
1	3	
2	3	4	
0	1	
2	3	4	
1	3	
2	6	7	
2	3	4	
2	6	7	
1	3	
1	2	3	
2	6	7	
2	6	7	
2	6	7	
2	3	4	
1	2	3	
2	3	4	
1	3	
1	2	3	
2	6	7	
1	3	
2	3	4	
1	3	
0	1	
1	3	
1	2	3	
1	3	
1	3	
1	3	
1	3	
2	6	7	
1	2	3	
1	2	3	
2	6	7	
2	6	7	
2	3	4	
0	1	
2	6	7	
1	2	3	
1	2	3	
1	2	3	
2	3	4	
2	6	7	
2	6	7	
1	3	
1	2	3	
2	6	7	
2	3	4	
1	2	3	
2	3	4	
1	3	
1	2	3	
2	6	7	
1	3	
2	3	4	
1	2	3	
0	1	
1	2	3	
1	2	3	
2	6	7	
1	3	
1	2	3	
1	2	3	
0	1	
2	6	7	
1	3	
2	3	4	
1	2	3	
0	1	
2	6	7	
0	1	
0	1	
1	2	3	
1	2	3	
2	6	7	
2	6	7	
1	2	3	
0	1	
1	2	3	
1	2	3	
2	6	7	
1	3	
1	2	3	
0	1	
1	2	3	
2	6	7	
1	2	3	
2	3	4	
0	1	
2	6	7	
1	3	
1	3	
0	1	
2	3	4	
1	2	3	
0	1	
2	6	7	
2	3	4	
1	3	
1	2	3	
0	1	
2	3	4	
2	3	4	
0	1	
2	6	7	
2	3	4	
1	2	3	
2	3	4	
1	2	3	
1	2	3	
0	1	
1	3	
1	2	3	
2	3	4	
2	3	4	
0	1	
1	3	
1	2	3	
1	2	3	
1	2	3	
2	6	7	
1	2	3	
1	2	3	
0	1	
1	3	
2	6	7	
0	1	
1	2	3	
1	2	3	
2	6	7	
0	1	
2	6	7	
1	2	3	
2	6	7	
1	3	
1	2	3	
2	3	4	
2	3	4	
2	3	4	
1	2	3	
1	3	
1	2	3	
2	6	7	
2	3	4	
1	2	3	
2	6	7	
0	1	
1	2	3	
0	1	
2	6	7	
2	3	4	
1	2	3	
1	2	3	
0	1	
2	6	7	
2	6	7	
1	2	3	
1	2	3	
0	1	
2	3	4	
0	1	
0	1	
0	1	
1	3	
1	2	3	
1	2	3	
1	2	3	
1	2	3	
0	1	
1	3	
0	1	
2	6	7	
1	2	3	
2	3	4	
1	2	3	
2	6	7	
2	3	4	
1	2	3	
2	3	4	
1	2	3	
2	6	7	
0	1	
1	2	3	
2	6	7	
2	6	7	
0	1	
0	1	
2	6	7	
1	2	3	
1	2	3	
2	6	7	
2	6	7	
2	6	7	
0	1	
0	1	
0	1	
1	2	3	
1	3	
1	2	3	
1	2	3	
1	2	3	
2	3	4	
1	2	3	
2	3	4	
0	1	
1	2	3	
0	1	
1	3	
1	3	
0	1	
2	6	7	
0	1	
1	2	3	
0	1	
0	1	
2	3	4	
2	3	4	
1	2	3	
1	3	
1	2	3	
1	2	3	
2	6	7	
1	3	
1	3	
2	6	7	
1	2	3	
1	2	3	
1	2	3	
2	6	7	
2	6	7	
1	3	
0	1	
1	2	3	
1	2	3	
1	2	3	
0	1	
1	3	
0	1	
1	2	3	
1	2	3	
2	3	4	
2	3	4	
0	1	
2	3	4	
0	1	
2	3	4	
2	3	4	
1	2	3	
1	3	
1	2	3	
1	3	
2	3	4	
1	3	
2	6	7	
2	6	7	
0	1	
1	2	3	
1	2	3	
0	1	
2	6	7	
1	3	
1	2	3	
2	6	7	
1	2	3	
0	1	
1	2	3	
1	2	3	
2	6	7	
1	2	3	
1	2	3	
2	6	7	
1	3	
1	3	
2	3	4	
1	2	3	
1	2	3	
1	2	3	
1	2	3	
1	3	
1	3	
0	1	
1	2	3	
2	6	7	
2	3	4	
2	6	7	
2	6	7	
42.00	32.00	
42.00	24.00	20.00	
42.00	24.00	20.00	
42.00	32.00	
32.00	16.00	
32.00	16.00	
42.00	24.00	20.00	
48.00	36.00	32.00	
42.00	32.00	
42.00	28.00	28.00	
42.00	20.00	16.00	
42.00	32.00	
32.00	16.00	
42.00	28.00	28.00	
32.00	16.00	
42.00	32.00	
42.00	28.00	28.00	
32.00	16.00	
42.00	28.00	28.00	
42.00	32.00	
48.00	36.00	32.00	
42.00	28.00	28.00	
48.00	36.00	32.00	
42.00	32.00	
42.00	20.00	16.00	
48.00	36.00	32.00	
48.00	36.00	32.00	
48.00	36.00	32.00	
42.00	28.00	28.00	
42.00	20.00	16.00	
42.00	28.00	28.00	
42.00	32.00	
42.00	24.00	20.00	
48.00	36.00	32.00	
42.00	32.00	
42.00	28.00	28.00	
42.00	32.00	
32.00	16.00	
42.00	32.00	
42.00	20.00	16.00	
42.00	32.00	
42.00	32.00	
42.00	32.00	
42.00	32.00	
48.00	36.00	32.00	
42.00	20.00	16.00	
42.00	24.00	20.00	
48.00	36.00	32.00	
48.00	36.00	32.00	
42.00	28.00	28.00	
32.00	16.00	
48.00	36.00	32.00	
42.00	20.00	16.00	
42.00	24.00	20.00	
42.00	20.00	16.00	
42.00	28.00	28.00	
48.00	36.00	32.00	
48.00	36.00	32.00	
42.00	32.00	
42.00	24.00	20.00	
48.00	36.00	32.00	
42.00	28.00	28.00	
42.00	24.00	20.00	
42.00	28.00	28.00	
42.00	32.00	
42.00	24.00	20.00	
48.00	36.00	32.00	
42.00	32.00	
42.00	28.00	28.00	
42.00	20.00	16.00	
32.00	16.00	
42.00	24.00	20.00	
42.00	20.00	16.00	
48.00	36.00	32.00	
42.00	32.00	
42.00	24.00	20.00	
42.00	24.00	20.00	
32.00	16.00	
48.00	36.00	32.00	
42.00	32.00	
42.00	28.00	28.00	
42.00	24.00	20.00	
32.00	16.00	
48.00	36.00	32.00	
32.00	16.00	
32.00	16.00	
42.00	20.00	16.00	
42.00	24.00	20.00	
48.00	36.00	32.00	
48.00	36.00	32.00	
42.00	20.00	16.00	
32.00	16.00	
42.00	24.00	20.00	
42.00	24.00	20.00	
48.00	36.00	32.00	
42.00	32.00	
42.00	20.00	16.00	
32.00	16.00	
42.00	24.00	20.00	
48.00	36.00	32.00	
42.00	24.00	20.00	
42.00	28.00	28.00	
32.00	16.00	
48.00	36.00	32.00	
42.00	32.00	
42.00	32.00	
32.00	16.00	
42.00	28.00	28.00	
42.00	24.00	20.00	
32.00	16.00	
48.00	36.00	32.00	
42.00	28.00	28.00	
42.00	32.00	
42.00	20.00	16.00	
32.00	16.00	
42.00	28.00	28.00	
42.00	28.00	28.00	
32.00	16.00	
48.00	36.00	32.00	
42.00	28.00	28.00	
42.00	20.00	16.00	
42.00	28.00	28.00	
42.00	24.00	20.00	
42.00	20.00	16.00	
32.00	16.00	
42.00	32.00	
42.00	24.00	20.00	
42.00	28.00	28.00	
42.00	28.00	28.00	
32.00	16.00	
42.00	32.00	
42.00	24.00	20.00	
42.00	24.00	20.00	
42.00	20.00	16.00	
48.00	36.00	32.00	
42.00	24.00	20.00	
42.00	24.00	20.00	
32.00	16.00	
42.00	32.00	
48.00	36.00	32.00	
32.00	16.00	
42.00	20.00	16.00	
42.00	20.00	16.00	
48.00	36.00	32.00	
32.00	16.00	
48.00	36.00	32.00	
42.00	20.00	16.00	
48.00	36.00	32.00	
42.00	32.00	
42.00	24.00	20.00	
42.00	28.00	28.00	
42.00	28.00	28.00	
42.00	28.00	28.00	
42.00	24.00	20.00	
42.00	32.00	
42.00	24.00	20.00	
48.00	36.00	32.00	
42.00	28.00	28.00	
42.00	20.00	16.00	
48.00	36.00	32.00	
32.00	16.00	
42.00	24.00	20.00	
32.00	16.00	
48.00	36.00	32.00	
42.00	28.00	28.00	
42.00	24.00	20.00	
42.00	24.00	20.00	
32.00	16.00	
48.00	36.00	32.00	
48.00	36.00	32.00	
42.00	20.00	16.00	
42.00	24.00	20.00	
32.00	16.00	
42.00	28.00	28.00	
32.00	16.00	
32.00	16.00	
32.00	16.00	
42.00	32.00	
42.00	24.00	20.00	
42.00	20.00	16.00	
42.00	20.00	16.00	
42.00	24.00	20.00	
32.00	16.00	
42.00	32.00	
32.00	16.00	
48.00	36.00	32.00	
42.00	20.00	16.00	
42.00	28.00	28.00	
42.00	20.00	16.00	
48.00	36.00	32.00	
42.00	28.00	28.00	
42.00	24.00	20.00	
42.00	28.00	28.00	
42.00	20.00	16.00	
48.00	36.00	32.00	
32.00	16.00	
42.00	20.00	16.00	
48.00	36.00	32.00	
48.00	36.00	32.00	
32.00	16.00	
32.00	16.00	
48.00	36.00	32.00	
42.00	20.00	16.00	
42.00	20.00	16.00	
48.00	36.00	32.00	
48.00	36.00	32.00	
48.00	36.00	32.00	
32.00	16.00	
32.00	16.00	
32.00	16.00	
42.00	24.00	20.00	
42.00	32.00	
42.00	20.00	16.00	
42.00	24.00	20.00	
42.00	20.00	16.00	
42.00	28.00	28.00	
42.00	20.00	16.00	
42.00	28.00	28.00	
32.00	16.00	
42.00	20.00	16.00	
32.00	16.00	
42.00	32.00	
42.00	32.00	
32.00	16.00	
48.00	36.00	32.00	
32.00	16.00	
42.00	24.00	20.00	
32.00	16.00	
32.00	16.00	
42.00	28.00	28.00	
42.00	28.00	28.00	
42.00	24.00	20.00	
42.00	32.00	
42.00	20.00	16.00	
42.00	24.00	20.00	
48.00	36.00	32.00	
42.00	32.00	
42.00	32.00	
48.00	36.00	32.00	
42.00	20.00	16.00	
42.00	20.00	16.00	
42.00	24.00	20.00	
48.00	36.00	32.00	
48.00	36.00	32.00	
42.00	32.00	
32.00	16.00	
42.00	24.00	20.00	
42.00	24.00	20.00	
42.00	24.00	20.00	
32.00	16.00	
42.00	32.00	
32.00	16.00	
42.00	24.00	20.00	
42.00	24.00	20.00	
42.00	28.00	28.00	
42.00	28.00	28.00	
32.00	16.00	
42.00	28.00	28.00	
32.00	16.00	
42.00	28.00	28.00	
42.00	28.00	28.00	
42.00	20.00	16.00	
42.00	32.00	
42.00	24.00	20.00	
42.00	32.00	
42.00	28.00	28.00	
42.00	32.00	
48.00	36.00	32.00	
48.00	36.00	32.00	
32.00	16.00	
42.00	24.00	20.00	
42.00	24.00	20.00	
32.00	16.00	
48.00	36.00	32.00	
42.00	32.00	
42.00	20.00	16.00	
48.00	36.00	32.00	
42.00	24.00	20.00	
32.00	16.00	
42.00	24.00	20.00	
42.00	24.00	20.00	
48.00	36.00	32.00	
42.00	20.00	16.00	
42.00	24.00	20.00	
48.00	36.00	32.00	
42.00	32.00	
42.00	32.00	
42.00	28.00	28.00	
42.00	20.00	16.00	
42.00	20.00	16.00	
42.00	24.00	20.00	
42.00	20.00	16.00	
42.00	32.00	
42.00	32.00	
32.00	16.00	
42.00	20.00	16.00	
48.00	36.00	32.00	
42.00	28.00	28.00	
48.00	36.00	32.00	
48.00	36.00	32.00	
5.00	5.00	5.00	5.00	5.00	5.00	5.00	5.00	5.00	5.00	5.00	5.00	5.00	5.00	5.00	5.00	5.00	5.00	5.00	5.00	5.00	5.00	5.00	5.00	5.00	5.00	5.00	5.00	5.00	5.00	5.00	5.00	5.00	5.00	5.00	5.00	5.00	5.00	5.00	5.00	5.00	5.00	5.00	5.00	5.00	5.00	5.00	5.00	5.00	5.00	5.00	5.00	5.00	5.00	5.00	5.00	5.00	5.00	5.00	5.00	5.00	5.00	5.00	5.00	5.00	5.00	5.00	5.00	5.00	5.00	5.00	5.00	5.00	5.00	5.00	5.00	5.00	5.00	5.00	5.00	5.00	5.00	5.00	5.00	5.00	5.00	5.00	5.00	5.00	5.00	5.00	5.00	5.00	5.00	5.00	5.00	5.00	5.00	5.00	5.00	5.00	5.00	5.00	5.00	5.00	5.00	5.00	5.00	5.00	5.00	5.00	5.00	5.00	5.00	5.00	5.00	5.00	5.00	5.00	5.00	5.00	5.00	5.00	5.00	5.00	5.00	5.00	5.00	5.00	5.00	5.00	5.00	5.00	5.00	5.00	5.00	5.00	5.00	5.00	5.00	5.00	5.00	5.00	5.00	5.00	5.00	5.00	5.00	5.00	5.00	5.00	5.00	5.00	5.00	5.00	5.00	5.00	5.00	5.00	5.00	5.00	5.00	5.00	5.00	5.00	5.00	5.00	5.00	5.00	5.00	5.00	5.00	5.00	5.00	5.00	5.00	5.00	5.00	5.00	5.00	5.00	5.00	5.00	5.00	5.00	5.00	5.00	5.00	5.00	5.00	5.00	5.00	5.00	5.00	5.00	5.00	5.00	5.00	5.00	5.00	5.00	5.00	5.00	5.00	5.00	5.00	5.00	5.00	5.00	5.00	5.00	5.00	5.00	5.00	5.00	5.00	5.00	5.00	5.00	5.00	5.00	5.00	5.00	5.00	5.00	5.00	5.00	5.00	5.00	5.00	5.00	5.00	5.00	5.00	5.00	5.00	5.00	5.00	5.00	5.00	5.00	5.00	5.00	5.00	5.00	5.00	5.00	5.00	5.00	5.00	5.00	5.00	5.00	5.00	5.00	5.00	5.00	5.00	5.00	5.00	5.00	5.00	5.00	5.00	5.00	5.00	5.00	5.00	5.00	5.00	5.00	5.00	5.00	5.00	5.00	5.00	5.00	5.00	5.00	5.00	5.00	5.00	5.00	5.00	5.00	5.00	5.00	5.00	5.00	5.00	5.00	5.00	5.00	5.00	5.00	5.00	5.00	5.00	5.00	5.00	
5.00	5.00	5.00	5.00	5.00	5.00	5.00	5.00	5.00	5.00	5.00	5.00	5.00	5.00	5.00	5.00	5.00	5.00	5.00	5.00	5.00	5.00	5.00	5.00	5.00	5.00	5.00	5.00	5.00	5.00	5.00	5.00	5.00	5.00	5.00	5.00	5.00	5.00	5.00	5.00	5.00	5.00	5.00	5.00	5.00	5.00	5.00	5.00	5.00	5.00	5.00	5.00	5.00	5.00	5.00	5.00	5.00	5.00	5.00	5.00	5.00	5.00	5.00	5.00	5.00	5.00	5.00	5.00	5.00	5.00	5.00	5.00	5.00	5.00	5.00	5.00	5.00	5.00	5.00	5.00	5.00	5.00	5.00	5.00	5.00	5.00	5.00	5.00	5.00	5.00	5.00	5.00	5.00	5.00	5.00	5.00	5.00	5.00	5.00	5.00	5.00	5.00	5.00	5.00	5.00	5.00	5.00	5.00	5.00	5.00	5.00	5.00	5.00	5.00	5.00	5.00	5.00	5.00	5.00	5.00	5.00	5.00	5.00	5.00	5.00	5.00	5.00	5.00	5.00	5.00	5.00	5.00	5.00	5.00	5.00	5.00	5.00	5.00	5.00	5.00	5.00	5.00	5.00	5.00	5.00	5.00	5.00	5.00	5.00	5.00	5.00	5.00	5.00	5.00	5.00	5.00	5.00	5.00	5.00	5.00	5.00	5.00	5.00	5.00	5.00	5.00	5.00	5.00	5.00	5.00	5.00	5.00	5.00	5.00	5.00	5.00	5.00	5.00	5.00	5.00	5.00	5.00	5.00	5.00	5.00	5.00	5.00	5.00	5.00	5.00	5.00	5.00	5.00	5.00	5.00	5.00	5.00	5.00	5.00	5.00	5.00	5.00	5.00	5.00	5.00	5.00	5.00	5.00	5.00	5.00	5.00	5.00	5.00	5.00	5.00	5.00	5.00	5.00	5.00	5.00	5.00	5.00	5.00	5.00	5.00	5.00	5.00	5.00	5.00	5.00	5.00	5.00	5.00	5.00	5.00	5.00	5.00	5.00	5.00	5.00	5.00	5.00	5.00	5.00	5.00	5.00	5.00	5.00	5.00	5.00	5.00	5.00	5.00	5.00	5.00	5.00	5.00	5.00	5.00	5.00	5.00	5.00	5.00	5.00	5.00	5.00	5.00	5.00	5.00	5.00	5.00	5.00	5.00	5.00	5.00	5.00	5.00	5.00	5.00	5.00	5.00	5.00	5.00	5.00	5.00	5.00	5.00	5.00	5.00	5.00	5.00	5.00	5.00	5.00	5.00	5.00	5.00	5.00	5.00	5.00	
1.00	1.00	1.00	1.00	1.00	1.00	1.00	1.00	1.00	1.00	1.00	1.00	1.00	1.00	
2	2	1	1	1	2	2	2	1	1	1	1	1	2	2	1	2	2	1	1	1	2	2	1	2	2	1	1	1	2	2	1	1	1	2	2	1	1	1	1	1	2	2	2	2	2	1	1	1	1	1	2	2	1	1	1	2	1	1	2	2	2	1	1	2	1	1	1	2	1	1	2	1	1	1	1	2	1	2	2	1	1	1	2	1	2	1	1	2	2	2	1	2	2	2	3	3	1	2	3	4	2	4	5	5	4	2	4	3	4	4	3	2	2	2	1	5	2	2	1	2	1	5	1	1	2	5	2	1	3	2	3	5	3	1	3	2	2	1	3	4	3	2	4	5	2	2	3	2	2	3	3	2	1	2	2	4	2	3	2	2	2	2	2	2	1	3	2	5	3	1	3	2	1	1	4	3	1	1	5	1	5	3	1	2	4	4	2	2	1	3	4	1	1	5	5	3	5	3	4	4	3	4	5	5	3	3	5	4	5	5	4	3	4	3	5	3	4	5	5	3	3	3	5	5	5	3	69	5	4	5	50	51	3	4	5	3	66	4	4	5	4	4	5	39	51	3	3	4	3	3	3	5	83	4	5	3	44	55	97	55	53	73	81	51	93	52	40	56	78	80	42	86	87	41	57	40	65	66	86	70	73	48	71	70	84	38	67	100	96	77	51	59	62	83	93	30	60	49	35	
1	1	1	1	1	1	1	1	1	1	1	1	1	1	1	1	1	1	1	1	1	1	1	1	1	1	1	1	1	1	1	1	1	1	1	1	1	1	1	1	1	1	1	1	1	1	1	1	1	1	2	2	2	2	2	2	2	2	2	2	2	2	2	2	2	2	2	2	2	2	2	2	2	2	2	2	2	2	2	2	2	2	2	2	2	2	2	2	2	2	2	2	2	2	2	3	3	3	3	3	3	3	3	3	3	3	3	3	3	3	3	3	3	3	3	3	3	3	3	3	3	3	3	3	3	3	3	3	3	3	3	3	3	3	3	3	3	3	3	3	3	3	3	3	3	3	3	3	3	3	3	3	3	3	3	3	3	3	3	3	3	3	3	3	3	3	3	3	3	3	3	3	3	3	3	3	3	3	3	3	3	3	3	3	3	3	3	3	3	3	3	3	3	3	4	4	4	4	4	4	4	4	4	4	4	4	4	4	4	4	4	4	4	4	4	4	4	4	4	4	4	5	5	5	5	5	5	5	5	5	5	5	5	5	5	5	5	5	5	5	5	5	5	5	5	5	5	5	5	5	5	5	5	5	5	5	5	6	6	6	6	6	6	6	6	6	7	7	7	7	7	7	7	7	8	8	8	8	8	8	8	8	8	8	9	9	9	9	9	9	9	9	10	10	10	10	10	10	10	10	
