300
14	3
305	1.00
2	2	3	3	3	3	3	3	3	3	2	2	3	3	3	3	2	2	3	3	3	3	2	3	3	3	2	3	2	3	3	3	3	3	3	3	3	3	2	3	2	3	3	3	2	3	3	2	3	3	3	2	3	2	2	2	2	2	2	3	3	3	3	3	3	2	3	3	3	2	3	3	3	2	3	3	3	3	2	3	3	3	3	3	3	3	2	3	3	3	3	3	3	3	3	2	2	3	3	3	3	2	2	2	3	3	3	3	3	3	3	3	3	2	3	3	3	3	3	3	3	3	3	3	3	3	2	3	3	3	2	2	3	2	3	3	3	2	3	3	2	3	2	2	2	3	3	3	3	2	2	3	3	3	3	2	3	2	3	3	3	2	2	3	3	3	3	3	2	3	2	2	3	3	3	3	2	3	3	2	3	3	3	3	3	3	3	3	3	2	2	3	2	3	3	3	3	3	3	3	3	2	3	3	3	3	2	2	3	3	3	3	2	3	2	2	3	3	3	2	2	3	3	3	3	3	3	3	3	3	3	2	3	3	3	3	3	2	2	2	3	3	3	3	3	2	2	3	3	3	3	2	3	3	3	2	2	2	2	3	3	2	3	3	3	2	2	2	3	2	3	2	3	2	2	3	3	3	2	3	2	3	3	3	2	3	3	3	3	3	3	3	2	2	3	3	3	3	2	2	
1	3	
0	1	
2	6	7	
1	2	3	
2	6	7	
1	2	3	
1	2	3	
1	2	3	
2	6	7	
1	2	3	
1	3	
1	3	
1	2	3	
2	3	4	
2	3	4	
2	6	7	
1	3	
0	1	
1	2	3	
2	6	7	
1	2	3	
1	2	3	
1	3	
2	3	4	
2	3	4	
2	6	7	
0	1	
1	2	3	
0	1	
1	2	3	
2	6	7	
1	2	3	
1	2	3	
1	2	3	
1	2	3	
1	2	3	
1	2	3	
1	2	3	
0	1	
2	3	4	
0	1	
1	2	3	
2	3	4	
1	2	3	
1	3	
2	6	7	
2	6	7	
1	3	
2	3	4	
2	3	4	
2	3	4	
1	3	
1	2	3	
0	1	
0	1	
0	1	
0	1	
0	1	
0	1	
2	3	4	
1	2	3	
2	3	4	
2	3	4	
1	2	3	
1	2	3	
0	1	
2	3	4	
2	3	4	
1	2	3	
1	3	
1	2	3	
2	3	4	
1	2	3	
0	1	
1	2	3	
1	2	3	
2	3	4	
2	6	7	
1	3	
1	2	3	
2	6	7	
1	2	3	
2	3	4	
1	2	3	
2	3	4	
2	6	7	
1	3	
2	6	7	
1	2	3	
1	2	3	
2	3	4	
2	6	7	
1	2	3	
2	6	7	
2	6	7	
1	3	
0	1	
1	2	3	
2	6	7	
1	2	3	
1	2	3	
1	3	
1	3	
1	3	
1	2	3	
1	2	3	
1	2	3	
1	2	3	
1	2	3	
1	2	3	
2	3	4	
1	2	3	
1	2	3	
1	3	
2	3	4	
2	6	7	
1	2	3	
2	3	4	
1	2	3	
1	2	3	
1	2	3	
1	2	3	
1	2	3	
2	6	7	
1	2	3	
1	2	3	
0	1	
2	6	7	
2	6	7	
2	6	7	
1	3	
0	1	
2	6	7	
0	1	
2	3	4	
1	2	3	
1	2	3	
0	1	
2	3	4	
1	2	3	
0	1	
1	2	3	
0	1	
0	1	
1	3	
2	3	4	
2	3	4	
1	2	3	
1	2	3	
0	1	
0	1	
2	3	4	
2	3	4	
1	2	3	
2	6	7	
0	1	
2	6	7	
0	1	
1	2	3	
1	2	3	
1	2	3	
0	1	
0	1	
1	2	3	
2	3	4	
1	2	3	
1	2	3	
2	6	7	
0	1	
2	6	7	
0	1	
0	1	
1	2	3	
2	6	7	
2	6	7	
1	2	3	
0	1	
2	3	4	
2	3	4	
0	1	
1	2	3	
1	2	3	
2	3	4	
1	2	3	
1	2	3	
2	6	7	
1	2	3	
2	6	7	
2	3	4	
1	3	
1	3	
1	2	3	
1	3	
2	3	4	
1	2	3	
1	2	3	
1	2	3	
2	3	4	
1	2	3	
2	6	7	
1	2	3	
0	1	
2	3	4	
2	6	7	
1	2	3	
1	2	3	
1	3	
0	1	
2	3	4	
1	2	3	
1	2	3	
1	2	3	
1	3	
2	6	7	
1	3	
0	1	
1	2	3	
2	6	7	
1	2	3	
0	1	
1	3	
1	2	3	
2	6	7	
1	2	3	
1	2	3	
1	2	3	
1	2	3	
2	3	4	
2	3	4	
2	3	4	
1	2	3	
1	3	
2	3	4	
1	2	3	
2	3	4	
2	6	7	
2	3	4	
0	1	
0	1	
0	1	
2	6	7	
1	2	3	
1	2	3	
1	2	3	
2	3	4	
1	3	
0	1	
1	2	3	
2	6	7	
1	2	3	
2	6	7	
1	3	
2	3	4	
2	3	4	
1	2	3	
0	1	
1	3	
0	1	
0	1	
2	6	7	
1	2	3	
1	3	
2	6	7	
2	6	7	
2	6	7	
0	1	
1	3	
0	1	
2	3	4	
1	3	
2	6	7	
1	3	
1	2	3	
1	3	
1	3	
1	2	3	
1	2	3	
2	6	7	
0	1	
2	3	4	
1	3	
2	6	7	
1	2	3	
2	6	7	
0	1	
2	6	7	
1	2	3	
2	6	7	
1	2	3	
2	6	7	
2	6	7	
2	6	7	
1	3	
0	1	
2	3	4	
2	6	7	
2	6	7	
1	2	3	
0	1	
1	3	
42.00	32.00	
32.00	16.00	
48.00	36.00	32.00	
42.00	24.00	20.00	
48.00	36.00	32.00	
42.00	20.00	16.00	
42.00	24.00	20.00	
42.00	24.00	20.00	
48.00	36.00	32.00	
42.00	24.00	20.00	
42.00	32.00	
42.00	32.00	
42.00	20.00	16.00	
42.00	28.00	28.00	
42.00	28.00	28.00	
48.00	36.00	32.00	
42.00	32.00	
32.00	16.00	
42.00	20.00	16.00	
48.00	36.00	32.00	
42.00	24.00	20.00	
42.00	24.00	20.00	
42.00	32.00	
42.00	28.00	28.00	
42.00	28.00	28.00	
48.00	36.00	32.00	
32.00	16.00	
42.00	20.00	16.00	
32.00	16.00	
42.00	24.00	20.00	
48.00	36.00	32.00	
42.00	20.00	16.00	
42.00	24.00	20.00	
42.00	20.00	16.00	
42.00	20.00	16.00	
42.00	24.00	20.00	
42.00	24.00	20.00	
42.00	24.00	20.00	
32.00	16.00	
42.00	28.00	28.00	
32.00	16.00	
42.00	20.00	16.00	
42.00	28.00	28.00	
42.00	20.00	16.00	
42.00	32.00	
48.00	36.00	32.00	
48.00	36.00	32.00	
42.00	32.00	
42.00	28.00	28.00	
42.00	28.00	28.00	
42.00	28.00	28.00	
42.00	32.00	
42.00	20.00	16.00	
32.00	16.00	
32.00	16.00	
32.00	16.00	
32.00	16.00	
32.00	16.00	
32.00	16.00	
42.00	28.00	28.00	
42.00	24.00	20.00	
42.00	28.00	28.00	
42.00	28.00	28.00	
42.00	20.00	16.00	
42.00	24.00	20.00	
32.00	16.00	
42.00	28.00	28.00	
42.00	28.00	28.00	
42.00	20.00	16.00	
42.00	32.00	
42.00	20.00	16.00	
42.00	28.00	28.00	
42.00	24.00	20.00	
32.00	16.00	
42.00	24.00	20.00	
42.00	20.00	16.00	
42.00	28.00	28.00	
48.00	36.00	32.00	
42.00	32.00	
42.00	20.00	16.00	
48.00	36.00	32.00	
42.00	20.00	16.00	
42.00	28.00	28.00	
42.00	20.00	16.00	
42.00	28.00	28.00	
48.00	36.00	32.00	
42.00	32.00	
48.00	36.00	32.00	
42.00	24.00	20.00	
42.00	20.00	16.00	
42.00	28.00	28.00	
48.00	36.00	32.00	
42.00	20.00	16.00	
48.00	36.00	32.00	
48.00	36.00	32.00	
42.00	32.00	
32.00	16.00	
42.00	20.00	16.00	
48.00	36.00	32.00	
42.00	24.00	20.00	
42.00	24.00	20.00	
42.00	32.00	
42.00	32.00	
42.00	32.00	
42.00	20.00	16.00	
42.00	24.00	20.00	
42.00	24.00	20.00	
42.00	20.00	16.00	
42.00	20.00	16.00	
42.00	20.00	16.00	
42.00	28.00	28.00	
42.00	24.00	20.00	
42.00	20.00	16.00	
42.00	32.00	
42.00	28.00	28.00	
48.00	36.00	32.00	
42.00	24.00	20.00	
42.00	28.00	28.00	
42.00	24.00	20.00	
42.00	20.00	16.00	
42.00	20.00	16.00	
42.00	24.00	20.00	
42.00	24.00	20.00	
48.00	36.00	32.00	
42.00	20.00	16.00	
42.00	20.00	16.00	
32.00	16.00	
48.00	36.00	32.00	
48.00	36.00	32.00	
48.00	36.00	32.00	
42.00	32.00	
32.00	16.00	
48.00	36.00	32.00	
32.00	16.00	
42.00	28.00	28.00	
42.00	24.00	20.00	
42.00	20.00	16.00	
32.00	16.00	
42.00	28.00	28.00	
42.00	20.00	16.00	
32.00	16.00	
42.00	24.00	20.00	
32.00	16.00	
32.00	16.00	
42.00	32.00	
42.00	28.00	28.00	
42.00	28.00	28.00	
42.00	24.00	20.00	
42.00	20.00	16.00	
32.00	16.00	
32.00	16.00	
42.00	28.00	28.00	
42.00	28.00	28.00	
42.00	20.00	16.00	
48.00	36.00	32.00	
32.00	16.00	
48.00	36.00	32.00	
32.00	16.00	
42.00	20.00	16.00	
42.00	24.00	20.00	
42.00	24.00	20.00	
32.00	16.00	
32.00	16.00	
42.00	20.00	16.00	
42.00	28.00	28.00	
42.00	20.00	16.00	
42.00	20.00	16.00	
48.00	36.00	32.00	
32.00	16.00	
48.00	36.00	32.00	
32.00	16.00	
32.00	16.00	
42.00	20.00	16.00	
48.00	36.00	32.00	
48.00	36.00	32.00	
42.00	20.00	16.00	
32.00	16.00	
42.00	28.00	28.00	
42.00	28.00	28.00	
32.00	16.00	
42.00	24.00	20.00	
42.00	20.00	16.00	
42.00	28.00	28.00	
42.00	20.00	16.00	
42.00	24.00	20.00	
48.00	36.00	32.00	
42.00	24.00	20.00	
48.00	36.00	32.00	
42.00	28.00	28.00	
42.00	32.00	
42.00	32.00	
42.00	20.00	16.00	
42.00	32.00	
42.00	28.00	28.00	
42.00	24.00	20.00	
42.00	24.00	20.00	
42.00	20.00	16.00	
42.00	28.00	28.00	
42.00	20.00	16.00	
48.00	36.00	32.00	
42.00	24.00	20.00	
32.00	16.00	
42.00	28.00	28.00	
48.00	36.00	32.00	
42.00	24.00	20.00	
42.00	20.00	16.00	
42.00	32.00	
32.00	16.00	
42.00	28.00	28.00	
42.00	24.00	20.00	
42.00	20.00	16.00	
42.00	24.00	20.00	
42.00	32.00	
48.00	36.00	32.00	
42.00	32.00	
32.00	16.00	
42.00	24.00	20.00	
48.00	36.00	32.00	
42.00	24.00	20.00	
32.00	16.00	
42.00	32.00	
42.00	20.00	16.00	
48.00	36.00	32.00	
42.00	20.00	16.00	
42.00	20.00	16.00	
42.00	20.00	16.00	
42.00	24.00	20.00	
42.00	28.00	28.00	
42.00	28.00	28.00	
42.00	28.00	28.00	
42.00	24.00	20.00	
42.00	32.00	
42.00	28.00	28.00	
42.00	20.00	16.00	
42.00	28.00	28.00	
48.00	36.00	32.00	
42.00	28.00	28.00	
32.00	16.00	
32.00	16.00	
32.00	16.00	
48.00	36.00	32.00	
42.00	24.00	20.00	
42.00	20.00	16.00	
42.00	24.00	20.00	
42.00	28.00	28.00	
42.00	32.00	
32.00	16.00	
42.00	20.00	16.00	
48.00	36.00	32.00	
42.00	24.00	20.00	
48.00	36.00	32.00	
42.00	32.00	
42.00	28.00	28.00	
42.00	28.00	28.00	
42.00	20.00	16.00	
32.00	16.00	
42.00	32.00	
32.00	16.00	
32.00	16.00	
48.00	36.00	32.00	
42.00	24.00	20.00	
42.00	32.00	
48.00	36.00	32.00	
48.00	36.00	32.00	
48.00	36.00	32.00	
32.00	16.00	
42.00	32.00	
32.00	16.00	
42.00	28.00	28.00	
42.00	32.00	
48.00	36.00	32.00	
42.00	32.00	
42.00	24.00	20.00	
42.00	32.00	
42.00	32.00	
42.00	20.00	16.00	
42.00	20.00	16.00	
48.00	36.00	32.00	
32.00	16.00	
42.00	28.00	28.00	
42.00	32.00	
48.00	36.00	32.00	
42.00	24.00	20.00	
48.00	36.00	32.00	
32.00	16.00	
48.00	36.00	32.00	
42.00	24.00	20.00	
48.00	36.00	32.00	
42.00	20.00	16.00	
48.00	36.00	32.00	
48.00	36.00	32.00	
48.00	36.00	32.00	
42.00	32.00	
32.00	16.00	
42.00	28.00	28.00	
48.00	36.00	32.00	
48.00	36.00	32.00	
42.00	20.00	16.00	
32.00	16.00	
42.00	32.00	
5.00	5.00	5.00	5.00	5.00	5.00	5.00	5.00	5.00	5.00	5.00	5.00	5.00	5.00	5.00	5.00	5.00	5.00	5.00	5.00	5.00	5.00	5.00	5.00	5.00	5.00	5.00	5.00	5.00	5.00	5.00	5.00	5.00	5.00	5.00	5.00	5.00	5.00	5.00	5.00	5.00	5.00	5.00	5.00	5.00	5.00	5.00	5.00	5.00	5.00	5.00	5.00	5.00	5.00	5.00	5.00	5.00	5.00	5.00	5.00	5.00	5.00	5.00	5.00	5.00	5.00	5.00	5.00	5.00	5.00	5.00	5.00	5.00	5.00	5.00	5.00	5.00	5.00	5.00	5.00	5.00	5.00	5.00	5.00	5.00	5.00	5.00	5.00	5.00	5.00	5.00	5.00	5.00	5.00	5.00	5.00	5.00	5.00	5.00	5.00	5.00	5.00	5.00	5.00	5.00	5.00	5.00	5.00	5.00	5.00	5.00	5.00	5.00	5.00	5.00	5.00	5.00	5.00	5.00	5.00	5.00	5.00	5.00	5.00	5.00	5.00	5.00	5.00	5.00	5.00	5.00	5.00	5.00	5.00	5.00	5.00	5.00	5.00	5.00	5.00	5.00	5.00	5.00	5.00	5.00	5.00	5.00	5.00	5.00	5.00	5.00	5.00	5.00	5.00	5.00	5.00	5.00	5.00	5.00	5.00	5.00	5.00	5.00	5.00	5.00	5.00	5.00	5.00	5.00	5.00	5.00	5.00	5.00	5.00	5.00	5.00	5.00	5.00	5.00	5.00	5.00	5.00	5.00	5.00	5.00	5.00	5.00	5.00	5.00	5.00	5.00	5.00	5.00	5.00	5.00	5.00	5.00	5.00	5.00	5.00	5.00	5.00	5.00	5.00	5.00	5.00	5.00	5.00	5.00	5.00	5.00	5.00	5.00	5.00	5.00	5.00	5.00	5.00	5.00	5.00	5.00	5.00	5.00	5.00	5.00	5.00	5.00	5.00	5.00	5.00	5.00	5.00	5.00	5.00	5.00	5.00	5.00	5.00	5.00	5.00	5.00	5.00	5.00	5.00	5.00	5.00	5.00	5.00	5.00	5.00	5.00	5.00	5.00	5.00	5.00	5.00	5.00	5.00	5.00	5.00	5.00	5.00	5.00	5.00	5.00	5.00	5.00	5.00	5.00	5.00	5.00	5.00	5.00	5.00	5.00	5.00	5.00	5.00	5.00	5.00	5.00	5.00	5.00	5.00	5.00	5.00	5.00	5.00	5.00	5.00	5.00	5.00	5.00	5.00	5.00	5.00	5.00	5.00	5.00	5.00	
5.00	5.00	5.00	5.00	5.00	5.00	5.00	5.00	5.00	5.00	5.00	5.00	5.00	5.00	5.00	5.00	5.00	5.00	5.00	5.00	5.00	5.00	5.00	5.00	5.00	5.00	5.00	5.00	5.00	5.00	5.00	5.00	5.00	5.00	5.00	5.00	5.00	5.00	5.00	5.00	5.00	5.00	5.00	5.00	5.00	5.00	5.00	5.00	5.00	5.00	5.00	5.00	5.00	5.00	5.00	5.00	5.00	5.00	5.00	5.00	5.00	5.00	5.00	5.00	5.00	5.00	5.00	5.00	5.00	5.00	5.00	5.00	5.00	5.00	5.00	5.00	5.00	5.00	5.00	5.00	5.00	5.00	5.00	5.00	5.00	5.00	5.00	5.00	5.00	5.00	5.00	5.00	5.00	5.00	5.00	5.00	5.00	5.00	5.00	5.00	5.00	5.00	5.00	5.00	5.00	5.00	5.00	5.00	5.00	5.00	5.00	5.00	5.00	5.00	5.00	5.00	5.00	5.00	5.00	5.00	5.00	5.00	5.00	5.00	5.00	5.00	5.00	5.00	5.00	5.00	5.00	5.00	5.00	5.00	5.00	5.00	5.00	5.00	5.00	5.00	5.00	5.00	5.00	5.00	5.00	5.00	5.00	5.00	5.00	5.00	5.00	5.00	5.00	5.00	5.00	5.00	5.00	5.00	5.00	5.00	5.00	5.00	5.00	5.00	5.00	5.00	5.00	5.00	5.00	5.00	5.00	5.00	5.00	5.00	5.00	5.00	5.00	5.00	5.00	5.00	5.00	5.00	5.00	5.00	5.00	5.00	5.00	5.00	5.00	5.00	5.00	5.00	5.00	5.00	5.00	5.00	5.00	5.00	5.00	5.00	5.00	5.00	5.00	5.00	5.00	5.00	5.00	5.00	5.00	5.00	5.00	5.00	5.00	5.00	5.00	5.00	5.00	5.00	5.00	5.00	5.00	5.00	5.00	5.00	5.00	5.00	5.00	5.00	5.00	5.00	5.00	5.00	5.00	5.00	5.00	5.00	5.00	5.00	5.00	5.00	5.00	5.00	5.00	5.00	5.00	5.00	5.00	5.00	5.00	5.00	5.00	5.00	5.00	5.00	5.00	5.00	5.00	5.00	5.00	5.00	5.00	5.00	5.00	5.00	5.00	5.00	5.00	5.00	5.00	5.00	5.00	5.00	5.00	5.00	5.00	5.00	5.00	5.00	5.00	5.00	5.00	5.00	5.00	5.00	5.00	5.00	5.00	5.00	5.00	5.00	5.00	5.00	5.00	5.00	5.00	5.00	5.00	5.00	5.00	5.00	
1.00	1.00	1.00	1.00	1.00	1.00	1.00	1.00	1.00	1.00	1.00	1.00	1.00	1.00	
1	2	2	1	1	1	1	1	2	2	1	2	1	2	1	1	1	2	2	2	1	2	1	2	1	1	1	1	1	1	2	1	2	2	2	1	1	2	1	1	2	2	2	2	2	2	2	2	1	2	2	2	2	1	1	1	1	2	1	2	2	2	2	1	1	1	1	1	1	2	1	2	1	2	2	1	1	1	2	2	1	1	2	2	2	1	1	2	1	2	2	2	2	1	2	2	2	1	2	2	2	2	1	2	2	3	4	1	5	1	2	1	3	5	2	5	2	3	1	3	3	4	4	1	2	1	2	4	1	1	4	1	2	3	1	4	2	2	5	5	3	5	2	1	1	5	2	4	2	2	4	5	2	4	5	1	1	1	2	2	4	1	5	4	2	2	4	5	1	5	2	2	1	1	2	2	2	2	3	1	5	4	5	1	1	4	4	4	4	4	3	5	4	3	4	3	5	5	5	4	5	3	5	3	3	3	4	3	4	3	4	5	5	5	5	4	3	4	4	5	5	4	4	40	77	5	5	3	35	3	3	4	4	4	63	68	3	3	4	77	4	3	5	4	3	5	60	64	4	5	4	5	3	63	3	3	3	43	3	3	80	45	69	81	50	58	76	39	56	73	45	82	62	89	33	37	46	32	100	76	75	86	57	57	71	86	45	64	30	62	76	100	89	69	62	91	79	58	60	63	
1	1	1	1	1	1	1	1	1	1	1	1	1	1	1	1	1	1	1	1	1	1	1	1	1	1	1	1	1	1	1	1	1	1	1	1	1	1	1	1	1	1	1	1	1	1	1	1	1	1	1	1	2	2	2	2	2	2	2	2	2	2	2	2	2	2	2	2	2	2	2	2	2	2	2	2	2	2	2	2	2	2	2	2	2	2	2	2	2	2	2	2	2	2	2	2	2	2	2	2	2	2	2	3	3	3	3	3	3	3	3	3	3	3	3	3	3	3	3	3	3	3	3	3	3	3	3	3	3	3	3	3	3	3	3	3	3	3	3	3	3	3	3	3	3	3	3	3	3	3	3	3	3	3	3	3	3	3	3	3	3	3	3	3	3	3	3	3	3	3	3	3	3	3	3	3	3	3	3	3	3	3	3	3	3	3	4	4	4	4	4	4	4	4	4	4	4	4	4	4	4	4	4	4	4	4	4	4	4	4	4	4	4	4	4	4	4	4	5	5	5	5	5	5	5	5	5	5	5	5	5	5	5	5	5	5	5	5	5	5	5	5	5	5	5	5	5	5	5	5	5	5	5	5	5	5	5	5	5	5	6	6	6	6	6	6	6	6	6	6	7	7	7	7	7	7	7	7	7	7	8	8	8	8	8	8	8	8	8	9	9	9	9	9	10	10	10	10	10	10	
