300
14	3
312	1.00
2	2	3	3	2	3	3	3	3	3	3	3	2	2	3	2	2	3	3	3	3	3	3	3	3	3	3	2	3	3	2	3	3	2	3	3	3	2	3	3	3	2	3	2	3	3	3	2	2	2	3	3	3	2	3	3	2	3	3	3	3	2	3	3	3	2	3	2	2	3	3	3	3	3	3	2	2	3	3	2	3	3	2	3	3	3	3	2	3	3	3	3	3	2	3	3	2	3	3	2	2	2	3	3	3	2	3	3	3	3	3	3	2	3	3	2	2	2	2	3	2	3	3	3	3	2	3	2	2	3	2	3	2	2	3	3	2	3	2	3	2	3	3	3	3	2	3	2	3	2	3	2	2	2	3	2	2	3	2	2	3	3	3	3	2	2	3	2	3	2	3	3	3	3	3	2	3	2	2	3	3	2	3	3	3	3	3	3	3	3	3	2	2	3	3	3	2	3	2	3	3	3	3	3	3	2	3	3	3	3	2	3	3	2	2	3	3	3	3	3	2	2	3	3	3	2	3	3	2	3	3	2	3	2	3	3	3	3	3	3	3	3	2	3	3	3	3	3	2	3	3	2	3	2	2	3	3	3	3	3	3	2	3	2	3	3	3	2	2	2	3	3	3	3	2	3	3	2	3	2	3	2	3	3	3	3	2	3	3	3	3	2	3	2	2	3	2	3	2	3	
0	1	
1	3	
1	2	3	
2	6	7	
0	1	
2	6	7	
2	6	7	
2	6	7	
2	6	7	
2	3	4	
1	2	3	
2	6	7	
1	3	
0	1	
2	6	7	
0	1	
1	3	
1	2	3	
2	3	4	
2	3	4	
2	3	4	
1	2	3	
2	3	4	
2	6	7	
2	3	4	
1	2	3	
2	3	4	
0	1	
1	2	3	
2	3	4	
0	1	
2	3	4	
1	2	3	
0	1	
1	2	3	
2	3	4	
1	2	3	
1	3	
1	2	3	
1	2	3	
2	6	7	
0	1	
2	3	4	
1	3	
2	3	4	
2	6	7	
2	6	7	
0	1	
1	3	
0	1	
2	6	7	
2	6	7	
2	3	4	
0	1	
1	2	3	
2	6	7	
1	3	
1	2	3	
1	2	3	
2	3	4	
1	2	3	
0	1	
1	2	3	
1	2	3	
2	3	4	
1	3	
2	3	4	
1	3	
1	3	
2	6	7	
1	2	3	
2	3	4	
2	6	7	
2	6	7	
2	6	7	
0	1	
0	1	
1	2	3	
1	2	3	
1	3	
1	2	3	
1	2	3	
1	3	
1	2	3	
1	2	3	
2	6	7	
2	3	4	
1	3	
1	2	3	
2	3	4	
2	6	7	
1	2	3	
1	2	3	
0	1	
2	3	4	
2	6	7	
1	3	
1	2	3	
2	6	7	
1	3	
1	3	
0	1	
2	6	7	
1	2	3	
1	2	3	
1	3	
2	3	4	
1	2	3	
1	2	3	
2	6	7	
1	2	3	
2	3	4	
1	3	
1	2	3	
2	6	7	
1	3	
0	1	
1	3	
1	3	
2	3	4	
1	3	
2	3	4	
1	2	3	
2	6	7	
1	2	3	
0	1	
1	2	3	
1	3	
0	1	
1	2	3	
1	3	
2	3	4	
0	1	
1	3	
2	3	4	
1	2	3	
1	3	
1	2	3	
0	1	
1	2	3	
1	3	
1	2	3	
1	2	3	
2	6	7	
2	3	4	
0	1	
2	3	4	
0	1	
1	2	3	
0	1	
2	6	7	
0	1	
0	1	
0	1	
2	6	7	
1	3	
0	1	
1	2	3	
1	3	
1	3	
2	3	4	
2	3	4	
2	6	7	
1	2	3	
0	1	
1	3	
1	2	3	
1	3	
2	3	4	
1	3	
2	3	4	
2	6	7	
1	2	3	
1	2	3	
2	3	4	
0	1	
1	2	3	
1	3	
1	3	
1	2	3	
2	6	7	
1	3	
2	6	7	
2	3	4	
2	3	4	
1	2	3	
2	6	7	
2	3	4	
1	2	3	
1	2	3	
1	2	3	
1	3	
1	3	
2	6	7	
2	3	4	
1	2	3	
0	1	
2	6	7	
0	1	
2	6	7	
2	3	4	
1	2	3	
2	6	7	
1	2	3	
2	3	4	
1	3	
2	3	4	
1	2	3	
2	3	4	
2	6	7	
1	3	
2	6	7	
2	6	7	
0	1	
0	1	
1	2	3	
1	2	3	
2	3	4	
2	6	7	
2	6	7	
1	3	
0	1	
2	3	4	
2	6	7	
2	6	7	
1	3	
1	2	3	
1	2	3	
1	3	
2	3	4	
1	2	3	
1	3	
2	3	4	
1	3	
2	3	4	
2	6	7	
2	3	4	
2	6	7	
1	2	3	
2	6	7	
1	2	3	
2	3	4	
0	1	
1	2	3	
2	6	7	
2	6	7	
1	2	3	
1	2	3	
0	1	
2	6	7	
1	2	3	
1	3	
2	3	4	
1	3	
1	3	
2	3	4	
1	2	3	
2	3	4	
1	2	3	
1	2	3	
1	2	3	
1	3	
1	2	3	
1	3	
2	6	7	
2	3	4	
2	3	4	
0	1	
1	3	
0	1	
2	3	4	
2	6	7	
2	3	4	
2	3	4	
1	3	
2	6	7	
1	2	3	
1	3	
1	2	3	
0	1	
1	2	3	
1	3	
1	2	3	
2	6	7	
1	2	3	
1	2	3	
0	1	
1	2	3	
2	3	4	
1	2	3	
2	6	7	
0	1	
1	2	3	
1	3	
1	3	
2	6	7	
0	1	
1	2	3	
0	1	
2	3	4	
32.00	16.00	
42.00	32.00	
42.00	20.00	16.00	
48.00	36.00	32.00	
32.00	16.00	
48.00	36.00	32.00	
48.00	36.00	32.00	
48.00	36.00	32.00	
48.00	36.00	32.00	
42.00	28.00	28.00	
42.00	20.00	16.00	
48.00	36.00	32.00	
42.00	32.00	
32.00	16.00	
48.00	36.00	32.00	
32.00	16.00	
42.00	32.00	
42.00	24.00	20.00	
42.00	28.00	28.00	
42.00	28.00	28.00	
42.00	28.00	28.00	
42.00	24.00	20.00	
42.00	28.00	28.00	
48.00	36.00	32.00	
42.00	28.00	28.00	
42.00	24.00	20.00	
42.00	28.00	28.00	
32.00	16.00	
42.00	20.00	16.00	
42.00	28.00	28.00	
32.00	16.00	
42.00	28.00	28.00	
42.00	24.00	20.00	
32.00	16.00	
42.00	20.00	16.00	
42.00	28.00	28.00	
42.00	24.00	20.00	
42.00	32.00	
42.00	24.00	20.00	
42.00	24.00	20.00	
48.00	36.00	32.00	
32.00	16.00	
42.00	28.00	28.00	
42.00	32.00	
42.00	28.00	28.00	
48.00	36.00	32.00	
48.00	36.00	32.00	
32.00	16.00	
42.00	32.00	
32.00	16.00	
48.00	36.00	32.00	
48.00	36.00	32.00	
42.00	28.00	28.00	
32.00	16.00	
42.00	24.00	20.00	
48.00	36.00	32.00	
42.00	32.00	
42.00	20.00	16.00	
42.00	20.00	16.00	
42.00	28.00	28.00	
42.00	20.00	16.00	
32.00	16.00	
42.00	20.00	16.00	
42.00	24.00	20.00	
42.00	28.00	28.00	
42.00	32.00	
42.00	28.00	28.00	
42.00	32.00	
42.00	32.00	
48.00	36.00	32.00	
42.00	24.00	20.00	
42.00	28.00	28.00	
48.00	36.00	32.00	
48.00	36.00	32.00	
48.00	36.00	32.00	
32.00	16.00	
32.00	16.00	
42.00	24.00	20.00	
42.00	20.00	16.00	
42.00	32.00	
42.00	20.00	16.00	
42.00	20.00	16.00	
42.00	32.00	
42.00	24.00	20.00	
42.00	24.00	20.00	
48.00	36.00	32.00	
42.00	28.00	28.00	
42.00	32.00	
42.00	20.00	16.00	
42.00	28.00	28.00	
48.00	36.00	32.00	
42.00	24.00	20.00	
42.00	20.00	16.00	
32.00	16.00	
42.00	28.00	28.00	
48.00	36.00	32.00	
42.00	32.00	
42.00	20.00	16.00	
48.00	36.00	32.00	
42.00	32.00	
42.00	32.00	
32.00	16.00	
48.00	36.00	32.00	
42.00	20.00	16.00	
42.00	20.00	16.00	
42.00	32.00	
42.00	28.00	28.00	
42.00	24.00	20.00	
42.00	24.00	20.00	
48.00	36.00	32.00	
42.00	24.00	20.00	
42.00	28.00	28.00	
42.00	32.00	
42.00	24.00	20.00	
48.00	36.00	32.00	
42.00	32.00	
32.00	16.00	
42.00	32.00	
42.00	32.00	
42.00	28.00	28.00	
42.00	32.00	
42.00	28.00	28.00	
42.00	24.00	20.00	
48.00	36.00	32.00	
42.00	20.00	16.00	
32.00	16.00	
42.00	24.00	20.00	
42.00	32.00	
32.00	16.00	
42.00	20.00	16.00	
42.00	32.00	
42.00	28.00	28.00	
32.00	16.00	
42.00	32.00	
42.00	28.00	28.00	
42.00	24.00	20.00	
42.00	32.00	
42.00	24.00	20.00	
32.00	16.00	
42.00	24.00	20.00	
42.00	32.00	
42.00	20.00	16.00	
42.00	20.00	16.00	
48.00	36.00	32.00	
42.00	28.00	28.00	
32.00	16.00	
42.00	28.00	28.00	
32.00	16.00	
42.00	24.00	20.00	
32.00	16.00	
48.00	36.00	32.00	
32.00	16.00	
32.00	16.00	
32.00	16.00	
48.00	36.00	32.00	
42.00	32.00	
32.00	16.00	
42.00	20.00	16.00	
42.00	32.00	
42.00	32.00	
42.00	28.00	28.00	
42.00	28.00	28.00	
48.00	36.00	32.00	
42.00	20.00	16.00	
32.00	16.00	
42.00	32.00	
42.00	24.00	20.00	
42.00	32.00	
42.00	28.00	28.00	
42.00	32.00	
42.00	28.00	28.00	
48.00	36.00	32.00	
42.00	20.00	16.00	
42.00	24.00	20.00	
42.00	28.00	28.00	
32.00	16.00	
42.00	20.00	16.00	
42.00	32.00	
42.00	32.00	
42.00	24.00	20.00	
48.00	36.00	32.00	
42.00	32.00	
48.00	36.00	32.00	
42.00	28.00	28.00	
42.00	28.00	28.00	
42.00	20.00	16.00	
48.00	36.00	32.00	
42.00	28.00	28.00	
42.00	24.00	20.00	
42.00	20.00	16.00	
42.00	20.00	16.00	
42.00	32.00	
42.00	32.00	
48.00	36.00	32.00	
42.00	28.00	28.00	
42.00	20.00	16.00	
32.00	16.00	
48.00	36.00	32.00	
32.00	16.00	
48.00	36.00	32.00	
42.00	28.00	28.00	
42.00	24.00	20.00	
48.00	36.00	32.00	
42.00	20.00	16.00	
42.00	28.00	28.00	
42.00	32.00	
42.00	28.00	28.00	
42.00	20.00	16.00	
42.00	28.00	28.00	
48.00	36.00	32.00	
42.00	32.00	
48.00	36.00	32.00	
48.00	36.00	32.00	
32.00	16.00	
32.00	16.00	
42.00	20.00	16.00	
42.00	20.00	16.00	
42.00	28.00	28.00	
48.00	36.00	32.00	
48.00	36.00	32.00	
42.00	32.00	
32.00	16.00	
42.00	28.00	28.00	
48.00	36.00	32.00	
48.00	36.00	32.00	
42.00	32.00	
42.00	24.00	20.00	
42.00	20.00	16.00	
42.00	32.00	
42.00	28.00	28.00	
42.00	24.00	20.00	
42.00	32.00	
42.00	28.00	28.00	
42.00	32.00	
42.00	28.00	28.00	
48.00	36.00	32.00	
42.00	28.00	28.00	
48.00	36.00	32.00	
42.00	24.00	20.00	
48.00	36.00	32.00	
42.00	20.00	16.00	
42.00	28.00	28.00	
32.00	16.00	
42.00	20.00	16.00	
48.00	36.00	32.00	
48.00	36.00	32.00	
42.00	20.00	16.00	
42.00	24.00	20.00	
32.00	16.00	
48.00	36.00	32.00	
42.00	24.00	20.00	
42.00	32.00	
42.00	28.00	28.00	
42.00	32.00	
42.00	32.00	
42.00	28.00	28.00	
42.00	24.00	20.00	
42.00	28.00	28.00	
42.00	20.00	16.00	
42.00	24.00	20.00	
42.00	20.00	16.00	
42.00	32.00	
42.00	20.00	16.00	
42.00	32.00	
48.00	36.00	32.00	
42.00	28.00	28.00	
42.00	28.00	28.00	
32.00	16.00	
42.00	32.00	
32.00	16.00	
42.00	28.00	28.00	
48.00	36.00	32.00	
42.00	28.00	28.00	
42.00	28.00	28.00	
42.00	32.00	
48.00	36.00	32.00	
42.00	20.00	16.00	
42.00	32.00	
42.00	20.00	16.00	
32.00	16.00	
42.00	24.00	20.00	
42.00	32.00	
42.00	20.00	16.00	
48.00	36.00	32.00	
42.00	24.00	20.00	
42.00	20.00	16.00	
32.00	16.00	
42.00	24.00	20.00	
42.00	28.00	28.00	
42.00	20.00	16.00	
48.00	36.00	32.00	
32.00	16.00	
42.00	24.00	20.00	
42.00	32.00	
42.00	32.00	
48.00	36.00	32.00	
32.00	16.00	
42.00	24.00	20.00	
32.00	16.00	
42.00	28.00	28.00	
5.00	5.00	5.00	5.00	5.00	5.00	5.00	5.00	5.00	5.00	5.00	5.00	5.00	5.00	5.00	5.00	5.00	5.00	5.00	5.00	5.00	5.00	5.00	5.00	5.00	5.00	5.00	5.00	5.00	5.00	5.00	5.00	5.00	5.00	5.00	5.00	5.00	5.00	5.00	5.00	5.00	5.00	5.00	5.00	5.00	5.00	5.00	5.00	5.00	5.00	5.00	5.00	5.00	5.00	5.00	5.00	5.00	5.00	5.00	5.00	5.00	5.00	5.00	5.00	5.00	5.00	5.00	5.00	5.00	5.00	5.00	5.00	5.00	5.00	5.00	5.00	5.00	5.00	5.00	5.00	5.00	5.00	5.00	5.00	5.00	5.00	5.00	5.00	5.00	5.00	5.00	5.00	5.00	5.00	5.00	5.00	5.00	5.00	5.00	5.00	5.00	5.00	5.00	5.00	5.00	5.00	5.00	5.00	5.00	5.00	5.00	5.00	5.00	5.00	5.00	5.00	5.00	5.00	5.00	5.00	5.00	5.00	5.00	5.00	5.00	5.00	5.00	5.00	5.00	5.00	5.00	5.00	5.00	5.00	5.00	5.00	5.00	5.00	5.00	5.00	5.00	5.00	5.00	5.00	5.00	5.00	5.00	5.00	5.00	5.00	5.00	5.00	5.00	5.00	5.00	5.00	5.00	5.00	5.00	5.00	5.00	5.00	5.00	5.00	5.00	5.00	5.00	5.00	5.00	5.00	5.00	5.00	5.00	5.00	5.00	5.00	5.00	5.00	5.00	5.00	5.00	5.00	5.00	5.00	5.00	5.00	5.00	5.00	5.00	5.00	5.00	5.00	5.00	5.00	5.00	5.00	5.00	5.00	5.00	5.00	5.00	5.00	5.00	5.00	5.00	5.00	5.00	5.00	5.00	5.00	5.00	5.00	5.00	5.00	5.00	5.00	5.00	5.00	5.00	5.00	5.00	5.00	5.00	5.00	5.00	5.00	5.00	5.00	5.00	5.00	5.00	5.00	5.00	5.00	5.00	5.00	5.00	5.00	5.00	5.00	5.00	5.00	5.00	5.00	5.00	5.00	5.00	5.00	5.00	5.00	5.00	5.00	5.00	5.00	5.00	5.00	5.00	5.00	5.00	5.00	5.00	5.00	5.00	5.00	5.00	5.00	5.00	5.00	5.00	5.00	5.00	5.00	5.00	5.00	5.00	5.00	5.00	5.00	5.00	5.00	5.00	5.00	5.00	5.00	5.00	5.00	5.00	5.00	5.00	5.00	5.00	5.00	5.00	5.00	5.00	5.00	5.00	5.00	5.00	5.00	
5.00	5.00	5.00	5.00	5.00	5.00	5.00	5.00	5.00	5.00	5.00	5.00	5.00	5.00	5.00	5.00	5.00	5.00	5.00	5.00	5.00	5.00	5.00	5.00	5.00	5.00	5.00	5.00	5.00	5.00	5.00	5.00	5.00	5.00	5.00	5.00	5.00	5.00	5.00	5.00	5.00	5.00	5.00	5.00	5.00	5.00	5.00	5.00	5.00	5.00	5.00	5.00	5.00	5.00	5.00	5.00	5.00	5.00	5.00	5.00	5.00	5.00	5.00	5.00	5.00	5.00	5.00	5.00	5.00	5.00	5.00	5.00	5.00	5.00	5.00	5.00	5.00	5.00	5.00	5.00	5.00	5.00	5.00	5.00	5.00	5.00	5.00	5.00	5.00	5.00	5.00	5.00	5.00	5.00	5.00	5.00	5.00	5.00	5.00	5.00	5.00	5.00	5.00	5.00	5.00	5.00	5.00	5.00	5.00	5.00	5.00	5.00	5.00	5.00	5.00	5.00	5.00	5.00	5.00	5.00	5.00	5.00	5.00	5.00	5.00	5.00	5.00	5.00	5.00	5.00	5.00	5.00	5.00	5.00	5.00	5.00	5.00	5.00	5.00	5.00	5.00	5.00	5.00	5.00	5.00	5.00	5.00	5.00	5.00	5.00	5.00	5.00	5.00	5.00	5.00	5.00	5.00	5.00	5.00	5.00	5.00	5.00	5.00	5.00	5.00	5.00	5.00	5.00	5.00	5.00	5.00	5.00	5.00	5.00	5.00	5.00	5.00	5.00	5.00	5.00	5.00	5.00	5.00	5.00	5.00	5.00	5.00	5.00	5.00	5.00	5.00	5.00	5.00	5.00	5.00	5.00	5.00	5.00	5.00	5.00	5.00	5.00	5.00	5.00	5.00	5.00	5.00	5.00	5.00	5.00	5.00	5.00	5.00	5.00	5.00	5.00	5.00	5.00	5.00	5.00	5.00	5.00	5.00	5.00	5.00	5.00	5.00	5.00	5.00	5.00	5.00	5.00	5.00	5.00	5.00	5.00	5.00	5.00	5.00	5.00	5.00	5.00	5.00	5.00	5.00	5.00	5.00	5.00	5.00	5.00	5.00	5.00	5.00	5.00	5.00	5.00	5.00	5.00	5.00	5.00	5.00	5.00	5.00	5.00	5.00	5.00	5.00	5.00	5.00	5.00	5.00	5.00	5.00	5.00	5.00	5.00	5.00	5.00	5.00	5.00	5.00	5.00	5.00	5.00	5.00	5.00	5.00	5.00	5.00	5.00	5.00	5.00	5.00	5.00	5.00	5.00	5.00	5.00	5.00	5.00	
1.00	1.00	1.00	1.00	1.00	1.00	1.00	1.00	1.00	1.00	1.00	1.00	1.00	1.00	
1	1	2	1	1	1	1	1	1	1	2	1	2	2	1	2	2	2	2	2	1	2	2	1	2	2	2	1	2	1	2	1	2	1	1	1	2	2	2	2	1	2	1	1	2	2	2	2	1	1	1	2	2	2	1	2	1	1	1	1	2	2	1	2	2	2	1	2	1	1	2	1	2	1	2	1	2	1	2	2	2	1	2	1	2	1	2	1	2	2	2	2	2	2	2	1	2	2	1	1	1	2	1	2	1	1	2	3	2	3	4	4	4	5	3	5	2	2	2	1	1	3	1	5	1	1	1	5	5	4	1	5	2	1	1	2	5	1	2	3	1	1	2	3	3	2	5	5	1	2	1	1	5	1	1	3	1	1	2	3	2	3	4	1	2	4	4	1	5	4	1	3	2	4	1	5	2	4	2	4	3	3	2	2	5	4	1	4	1	3	3	4	3	3	5	5	5	3	3	5	3	4	3	4	4	5	5	3	3	5	4	5	4	5	4	3	5	5	4	4	3	3	5	4	3	5	4	47	32	4	3	4	4	4	100	3	3	4	4	74	5	3	3	4	48	4	4	4	90	5	52	3	89	5	5	5	45	4	4	30	69	50	42	83	52	77	74	45	61	69	63	32	80	73	90	51	98	70	30	55	74	60	84	81	58	39	31	50	53	66	61	45	97	77	76	32	95	36	62	50	
1	1	1	1	1	1	1	1	1	1	1	1	1	1	1	1	1	1	1	1	1	1	1	1	1	1	1	1	1	1	1	1	1	1	1	1	1	1	1	1	1	1	1	1	1	1	1	1	1	1	1	1	1	1	1	2	2	2	2	2	2	2	2	2	2	2	2	2	2	2	2	2	2	2	2	2	2	2	2	2	2	2	2	2	2	2	2	2	2	2	2	2	2	2	2	2	2	2	2	2	2	2	2	2	2	2	3	3	3	3	3	3	3	3	3	3	3	3	3	3	3	3	3	3	3	3	3	3	3	3	3	3	3	3	3	3	3	3	3	3	3	3	3	3	3	3	3	3	3	3	3	3	3	3	3	3	3	3	3	3	3	3	3	3	3	3	3	3	3	3	3	3	3	3	3	3	3	3	3	3	3	3	3	3	3	3	3	3	3	3	4	4	4	4	4	4	4	4	4	4	4	4	4	4	4	4	4	4	4	4	4	4	4	4	4	4	4	4	4	4	4	4	4	4	4	4	5	5	5	5	5	5	5	5	5	5	5	5	5	5	5	5	5	5	5	5	5	5	5	5	5	5	5	5	5	5	5	5	5	5	6	6	6	6	6	6	6	6	6	6	6	6	7	7	7	7	7	7	7	7	7	7	8	8	8	9	9	9	9	9	9	9	9	10	10	10	10	10	10	10	
