300
14	2
311	1.00
3	3	3	2	3	3	3	3	3	3	3	3	2	2	2	3	3	3	2	3	2	3	3	3	3	3	3	3	3	3	2	2	2	2	3	2	3	3	2	2	2	3	2	3	3	3	2	3	3	3	3	3	3	3	3	3	3	2	3	3	3	2	3	3	3	3	3	3	2	3	3	2	3	2	3	3	3	2	3	3	2	2	3	2	3	3	2	2	2	2	3	2	3	3	3	3	3	3	2	3	2	3	3	3	3	3	3	3	2	3	3	3	3	2	2	2	3	3	3	3	3	2	2	3	3	2	3	2	3	2	2	2	3	2	2	3	3	3	2	3	3	2	2	3	2	3	3	2	3	3	3	3	3	2	3	3	2	3	2	3	2	3	2	3	2	3	2	2	3	3	3	3	3	2	2	3	2	2	2	3	3	3	3	3	3	2	3	2	3	2	3	2	3	3	3	3	3	3	3	2	2	3	2	3	3	3	3	3	3	2	2	3	2	3	3	3	3	3	3	3	2	3	3	3	2	3	2	3	2	2	3	3	3	2	2	3	3	3	3	3	2	3	3	3	3	3	2	2	2	3	3	3	3	2	3	2	3	3	2	3	3	3	2	3	3	3	2	2	2	3	2	3	3	2	3	2	2	3	2	2	2	3	3	3	3	3	3	3	3	2	3	2	3	2	3	2	3	3	2	2	
1	2	3	
2	3	4	
1	2	3	
1	3	
2	6	7	
2	3	4	
1	2	3	
1	2	3	
1	2	3	
2	6	7	
1	2	3	
2	3	4	
1	3	
0	1	
0	1	
1	2	3	
2	6	7	
2	3	4	
1	3	
1	2	3	
1	3	
1	2	3	
2	6	7	
1	2	3	
2	6	7	
2	3	4	
2	3	4	
2	6	7	
1	2	3	
1	2	3	
0	1	
0	1	
0	1	
0	1	
2	3	4	
0	1	
2	6	7	
2	3	4	
0	1	
1	3	
0	1	
2	3	4	
0	1	
1	2	3	
2	6	7	
2	3	4	
1	3	
2	6	7	
1	2	3	
1	2	3	
1	2	3	
2	3	4	
2	3	4	
1	2	3	
2	3	4	
1	2	3	
1	2	3	
0	1	
1	2	3	
2	6	7	
2	3	4	
1	3	
2	6	7	
2	3	4	
2	3	4	
2	3	4	
1	2	3	
1	2	3	
1	3	
2	6	7	
2	3	4	
0	1	
1	2	3	
1	3	
1	2	3	
2	6	7	
2	3	4	
0	1	
2	6	7	
1	2	3	
1	3	
0	1	
2	6	7	
0	1	
2	3	4	
1	2	3	
1	3	
0	1	
1	3	
1	3	
1	2	3	
1	3	
2	3	4	
2	6	7	
2	6	7	
2	6	7	
2	3	4	
2	6	7	
1	3	
2	6	7	
0	1	
1	2	3	
2	6	7	
1	2	3	
2	3	4	
2	6	7	
1	2	3	
1	2	3	
1	3	
1	2	3	
1	2	3	
2	6	7	
1	2	3	
1	3	
1	3	
1	3	
1	2	3	
1	2	3	
1	2	3	
1	2	3	
2	6	7	
1	3	
0	1	
1	2	3	
1	2	3	
0	1	
1	2	3	
0	1	
1	2	3	
0	1	
0	1	
0	1	
1	2	3	
0	1	
1	3	
2	6	7	
1	2	3	
2	3	4	
0	1	
2	3	4	
1	2	3	
0	1	
0	1	
2	6	7	
0	1	
1	2	3	
1	2	3	
1	3	
2	3	4	
2	3	4	
1	2	3	
2	6	7	
1	2	3	
0	1	
1	2	3	
2	6	7	
1	3	
2	3	4	
1	3	
1	2	3	
1	3	
1	2	3	
0	1	
2	3	4	
1	3	
1	2	3	
0	1	
0	1	
1	2	3	
2	3	4	
2	6	7	
2	6	7	
1	2	3	
0	1	
1	3	
1	2	3	
0	1	
0	1	
0	1	
2	3	4	
1	2	3	
1	2	3	
1	2	3	
2	6	7	
2	3	4	
0	1	
2	3	4	
0	1	
2	3	4	
1	3	
2	3	4	
0	1	
1	2	3	
2	6	7	
2	6	7	
2	6	7	
2	3	4	
1	2	3	
1	2	3	
1	3	
1	3	
1	2	3	
1	3	
1	2	3	
2	6	7	
1	2	3	
2	6	7	
2	6	7	
1	2	3	
0	1	
1	3	
1	2	3	
1	3	
1	2	3	
2	3	4	
1	2	3	
2	6	7	
2	6	7	
2	3	4	
1	2	3	
1	3	
1	2	3	
1	2	3	
1	2	3	
0	1	
2	6	7	
0	1	
2	6	7	
1	3	
0	1	
2	3	4	
2	3	4	
1	2	3	
0	1	
0	1	
1	2	3	
1	2	3	
1	2	3	
1	2	3	
1	2	3	
1	3	
1	2	3	
1	2	3	
1	2	3	
2	6	7	
1	2	3	
0	1	
1	3	
1	3	
2	3	4	
1	2	3	
2	3	4	
1	2	3	
0	1	
1	2	3	
0	1	
2	6	7	
2	6	7	
1	3	
2	6	7	
2	6	7	
1	2	3	
1	3	
2	6	7	
2	6	7	
2	3	4	
1	3	
1	3	
0	1	
1	2	3	
0	1	
2	3	4	
1	2	3	
0	1	
1	2	3	
0	1	
0	1	
1	2	3	
1	3	
0	1	
1	3	
2	3	4	
2	3	4	
2	6	7	
2	6	7	
1	2	3	
2	6	7	
1	2	3	
2	6	7	
1	3	
1	2	3	
1	3	
2	6	7	
1	3	
1	2	3	
1	3	
1	2	3	
2	3	4	
0	1	
0	1	
42.00	24.00	20.00	
42.00	28.00	28.00	
42.00	20.00	16.00	
42.00	32.00	
48.00	36.00	32.00	
42.00	28.00	28.00	
42.00	20.00	16.00	
42.00	20.00	16.00	
42.00	24.00	20.00	
48.00	36.00	32.00	
42.00	20.00	16.00	
42.00	28.00	28.00	
42.00	32.00	
32.00	16.00	
32.00	16.00	
42.00	24.00	20.00	
48.00	36.00	32.00	
42.00	28.00	28.00	
42.00	32.00	
42.00	24.00	20.00	
42.00	32.00	
42.00	24.00	20.00	
48.00	36.00	32.00	
42.00	24.00	20.00	
48.00	36.00	32.00	
42.00	28.00	28.00	
42.00	28.00	28.00	
48.00	36.00	32.00	
42.00	20.00	16.00	
42.00	24.00	20.00	
32.00	16.00	
32.00	16.00	
32.00	16.00	
32.00	16.00	
42.00	28.00	28.00	
32.00	16.00	
48.00	36.00	32.00	
42.00	28.00	28.00	
32.00	16.00	
42.00	32.00	
32.00	16.00	
42.00	28.00	28.00	
32.00	16.00	
42.00	24.00	20.00	
48.00	36.00	32.00	
42.00	28.00	28.00	
42.00	32.00	
48.00	36.00	32.00	
42.00	24.00	20.00	
42.00	24.00	20.00	
42.00	20.00	16.00	
42.00	28.00	28.00	
42.00	28.00	28.00	
42.00	20.00	16.00	
42.00	28.00	28.00	
42.00	20.00	16.00	
42.00	20.00	16.00	
32.00	16.00	
42.00	20.00	16.00	
48.00	36.00	32.00	
42.00	28.00	28.00	
42.00	32.00	
48.00	36.00	32.00	
42.00	28.00	28.00	
42.00	28.00	28.00	
42.00	28.00	28.00	
42.00	20.00	16.00	
42.00	24.00	20.00	
42.00	32.00	
48.00	36.00	32.00	
42.00	28.00	28.00	
32.00	16.00	
42.00	24.00	20.00	
42.00	32.00	
42.00	20.00	16.00	
48.00	36.00	32.00	
42.00	28.00	28.00	
32.00	16.00	
48.00	36.00	32.00	
42.00	20.00	16.00	
42.00	32.00	
32.00	16.00	
48.00	36.00	32.00	
32.00	16.00	
42.00	28.00	28.00	
42.00	20.00	16.00	
42.00	32.00	
32.00	16.00	
42.00	32.00	
42.00	32.00	
42.00	20.00	16.00	
42.00	32.00	
42.00	28.00	28.00	
48.00	36.00	32.00	
48.00	36.00	32.00	
48.00	36.00	32.00	
42.00	28.00	28.00	
48.00	36.00	32.00	
42.00	32.00	
48.00	36.00	32.00	
32.00	16.00	
42.00	24.00	20.00	
48.00	36.00	32.00	
42.00	24.00	20.00	
42.00	28.00	28.00	
48.00	36.00	32.00	
42.00	24.00	20.00	
42.00	24.00	20.00	
42.00	32.00	
42.00	20.00	16.00	
42.00	24.00	20.00	
48.00	36.00	32.00	
42.00	20.00	16.00	
42.00	32.00	
42.00	32.00	
42.00	32.00	
42.00	24.00	20.00	
42.00	20.00	16.00	
42.00	20.00	16.00	
42.00	20.00	16.00	
48.00	36.00	32.00	
42.00	32.00	
32.00	16.00	
42.00	24.00	20.00	
42.00	24.00	20.00	
32.00	16.00	
42.00	20.00	16.00	
32.00	16.00	
42.00	24.00	20.00	
32.00	16.00	
32.00	16.00	
32.00	16.00	
42.00	20.00	16.00	
32.00	16.00	
42.00	32.00	
48.00	36.00	32.00	
42.00	24.00	20.00	
42.00	28.00	28.00	
32.00	16.00	
42.00	28.00	28.00	
42.00	20.00	16.00	
32.00	16.00	
32.00	16.00	
48.00	36.00	32.00	
32.00	16.00	
42.00	24.00	20.00	
42.00	20.00	16.00	
42.00	32.00	
42.00	28.00	28.00	
42.00	28.00	28.00	
42.00	20.00	16.00	
48.00	36.00	32.00	
42.00	20.00	16.00	
32.00	16.00	
42.00	20.00	16.00	
48.00	36.00	32.00	
42.00	32.00	
42.00	28.00	28.00	
42.00	32.00	
42.00	20.00	16.00	
42.00	32.00	
42.00	20.00	16.00	
32.00	16.00	
42.00	28.00	28.00	
42.00	32.00	
42.00	20.00	16.00	
32.00	16.00	
32.00	16.00	
42.00	20.00	16.00	
42.00	28.00	28.00	
48.00	36.00	32.00	
48.00	36.00	32.00	
42.00	20.00	16.00	
32.00	16.00	
42.00	32.00	
42.00	24.00	20.00	
32.00	16.00	
32.00	16.00	
32.00	16.00	
42.00	28.00	28.00	
42.00	24.00	20.00	
42.00	20.00	16.00	
42.00	20.00	16.00	
48.00	36.00	32.00	
42.00	28.00	28.00	
32.00	16.00	
42.00	28.00	28.00	
32.00	16.00	
42.00	28.00	28.00	
42.00	32.00	
42.00	28.00	28.00	
32.00	16.00	
42.00	20.00	16.00	
48.00	36.00	32.00	
48.00	36.00	32.00	
48.00	36.00	32.00	
42.00	28.00	28.00	
42.00	20.00	16.00	
42.00	24.00	20.00	
42.00	32.00	
42.00	32.00	
42.00	20.00	16.00	
42.00	32.00	
42.00	24.00	20.00	
48.00	36.00	32.00	
42.00	20.00	16.00	
48.00	36.00	32.00	
48.00	36.00	32.00	
42.00	24.00	20.00	
32.00	16.00	
42.00	32.00	
42.00	24.00	20.00	
42.00	32.00	
42.00	20.00	16.00	
42.00	28.00	28.00	
42.00	24.00	20.00	
48.00	36.00	32.00	
48.00	36.00	32.00	
42.00	28.00	28.00	
42.00	20.00	16.00	
42.00	32.00	
42.00	20.00	16.00	
42.00	20.00	16.00	
42.00	20.00	16.00	
32.00	16.00	
48.00	36.00	32.00	
32.00	16.00	
48.00	36.00	32.00	
42.00	32.00	
32.00	16.00	
42.00	28.00	28.00	
42.00	28.00	28.00	
42.00	24.00	20.00	
32.00	16.00	
32.00	16.00	
42.00	24.00	20.00	
42.00	24.00	20.00	
42.00	20.00	16.00	
42.00	20.00	16.00	
42.00	20.00	16.00	
42.00	32.00	
42.00	20.00	16.00	
42.00	20.00	16.00	
42.00	24.00	20.00	
48.00	36.00	32.00	
42.00	20.00	16.00	
32.00	16.00	
42.00	32.00	
42.00	32.00	
42.00	28.00	28.00	
42.00	20.00	16.00	
42.00	28.00	28.00	
42.00	20.00	16.00	
32.00	16.00	
42.00	20.00	16.00	
32.00	16.00	
48.00	36.00	32.00	
48.00	36.00	32.00	
42.00	32.00	
48.00	36.00	32.00	
48.00	36.00	32.00	
42.00	20.00	16.00	
42.00	32.00	
48.00	36.00	32.00	
48.00	36.00	32.00	
42.00	28.00	28.00	
42.00	32.00	
42.00	32.00	
32.00	16.00	
42.00	20.00	16.00	
32.00	16.00	
42.00	28.00	28.00	
42.00	24.00	20.00	
32.00	16.00	
42.00	24.00	20.00	
32.00	16.00	
32.00	16.00	
42.00	20.00	16.00	
42.00	32.00	
32.00	16.00	
42.00	32.00	
42.00	28.00	28.00	
42.00	28.00	28.00	
48.00	36.00	32.00	
48.00	36.00	32.00	
42.00	24.00	20.00	
48.00	36.00	32.00	
42.00	20.00	16.00	
48.00	36.00	32.00	
42.00	32.00	
42.00	20.00	16.00	
42.00	32.00	
48.00	36.00	32.00	
42.00	32.00	
42.00	20.00	16.00	
42.00	32.00	
42.00	24.00	20.00	
42.00	28.00	28.00	
32.00	16.00	
32.00	16.00	
5.00	5.00	5.00	5.00	5.00	5.00	5.00	5.00	5.00	5.00	5.00	5.00	5.00	5.00	5.00	5.00	5.00	5.00	5.00	5.00	5.00	5.00	5.00	5.00	5.00	5.00	5.00	5.00	5.00	5.00	5.00	5.00	5.00	5.00	5.00	5.00	5.00	5.00	5.00	5.00	5.00	5.00	5.00	5.00	5.00	5.00	5.00	5.00	5.00	5.00	5.00	5.00	5.00	5.00	5.00	5.00	5.00	5.00	5.00	5.00	5.00	5.00	5.00	5.00	5.00	5.00	5.00	5.00	5.00	5.00	5.00	5.00	5.00	5.00	5.00	5.00	5.00	5.00	5.00	5.00	5.00	5.00	5.00	5.00	5.00	5.00	5.00	5.00	5.00	5.00	5.00	5.00	5.00	5.00	5.00	5.00	5.00	5.00	5.00	5.00	5.00	5.00	5.00	5.00	5.00	5.00	5.00	5.00	5.00	5.00	5.00	5.00	5.00	5.00	5.00	5.00	5.00	5.00	5.00	5.00	5.00	5.00	5.00	5.00	5.00	5.00	5.00	5.00	5.00	5.00	5.00	5.00	5.00	5.00	5.00	5.00	5.00	5.00	5.00	5.00	5.00	5.00	5.00	5.00	5.00	5.00	5.00	5.00	5.00	5.00	5.00	5.00	5.00	5.00	5.00	5.00	5.00	5.00	5.00	5.00	5.00	5.00	5.00	5.00	5.00	5.00	5.00	5.00	5.00	5.00	5.00	5.00	5.00	5.00	5.00	5.00	5.00	5.00	5.00	5.00	5.00	5.00	5.00	5.00	5.00	5.00	5.00	5.00	5.00	5.00	5.00	5.00	5.00	5.00	5.00	5.00	5.00	5.00	5.00	5.00	5.00	5.00	5.00	5.00	5.00	5.00	5.00	5.00	5.00	5.00	5.00	5.00	5.00	5.00	5.00	5.00	5.00	5.00	5.00	5.00	5.00	5.00	5.00	5.00	5.00	5.00	5.00	5.00	5.00	5.00	5.00	5.00	5.00	5.00	5.00	5.00	5.00	5.00	5.00	5.00	5.00	5.00	5.00	5.00	5.00	5.00	5.00	5.00	5.00	5.00	5.00	5.00	5.00	5.00	5.00	5.00	5.00	5.00	5.00	5.00	5.00	5.00	5.00	5.00	5.00	5.00	5.00	5.00	5.00	5.00	5.00	5.00	5.00	5.00	5.00	5.00	5.00	5.00	5.00	5.00	5.00	5.00	5.00	5.00	5.00	5.00	5.00	5.00	5.00	5.00	5.00	5.00	5.00	5.00	5.00	5.00	5.00	5.00	5.00	5.00	
5.00	5.00	5.00	5.00	5.00	5.00	5.00	5.00	5.00	5.00	5.00	5.00	5.00	5.00	5.00	5.00	5.00	5.00	5.00	5.00	5.00	5.00	5.00	5.00	5.00	5.00	5.00	5.00	5.00	5.00	5.00	5.00	5.00	5.00	5.00	5.00	5.00	5.00	5.00	5.00	5.00	5.00	5.00	5.00	5.00	5.00	5.00	5.00	5.00	5.00	5.00	5.00	5.00	5.00	5.00	5.00	5.00	5.00	5.00	5.00	5.00	5.00	5.00	5.00	5.00	5.00	5.00	5.00	5.00	5.00	5.00	5.00	5.00	5.00	5.00	5.00	5.00	5.00	5.00	5.00	5.00	5.00	5.00	5.00	5.00	5.00	5.00	5.00	5.00	5.00	5.00	5.00	5.00	5.00	5.00	5.00	5.00	5.00	5.00	5.00	5.00	5.00	5.00	5.00	5.00	5.00	5.00	5.00	5.00	5.00	5.00	5.00	5.00	5.00	5.00	5.00	5.00	5.00	5.00	5.00	5.00	5.00	5.00	5.00	5.00	5.00	5.00	5.00	5.00	5.00	5.00	5.00	5.00	5.00	5.00	5.00	5.00	5.00	5.00	5.00	5.00	5.00	5.00	5.00	5.00	5.00	5.00	5.00	5.00	5.00	5.00	5.00	5.00	5.00	5.00	5.00	5.00	5.00	5.00	5.00	5.00	5.00	5.00	5.00	5.00	5.00	5.00	5.00	5.00	5.00	5.00	5.00	5.00	5.00	5.00	5.00	5.00	5.00	5.00	5.00	5.00	5.00	5.00	5.00	5.00	5.00	5.00	5.00	5.00	5.00	5.00	5.00	5.00	5.00	5.00	5.00	5.00	5.00	5.00	5.00	5.00	5.00	5.00	5.00	5.00	5.00	5.00	5.00	5.00	5.00	5.00	5.00	5.00	5.00	5.00	5.00	5.00	5.00	5.00	5.00	5.00	5.00	5.00	5.00	5.00	5.00	5.00	5.00	5.00	5.00	5.00	5.00	5.00	5.00	5.00	5.00	5.00	5.00	5.00	5.00	5.00	5.00	5.00	5.00	5.00	5.00	5.00	5.00	5.00	5.00	5.00	5.00	5.00	5.00	5.00	5.00	5.00	5.00	5.00	5.00	5.00	5.00	5.00	5.00	5.00	5.00	5.00	5.00	5.00	5.00	5.00	5.00	5.00	5.00	5.00	5.00	5.00	5.00	5.00	5.00	5.00	5.00	5.00	5.00	5.00	5.00	5.00	5.00	5.00	5.00	5.00	5.00	5.00	5.00	5.00	5.00	5.00	5.00	5.00	5.00	
1.00	1.00	1.00	1.00	1.00	1.00	1.00	1.00	1.00	1.00	1.00	1.00	1.00	1.00	
2	1	1	2	2	2	1	2	2	1	1	1	2	1	2	1	1	1	2	2	1	2	1	2	1	2	1	2	2	1	2	2	2	2	1	2	1	2	1	2	1	1	1	1	1	2	1	2	2	2	1	1	2	1	2	1	2	1	2	2	2	2	1	2	1	2	1	2	2	2	1	2	2	2	1	2	2	2	1	2	1	1	2	2	1	1	2	1	2	2	2	2	1	1	1	1	1	3	1	4	3	1	3	3	1	2	4	3	1	1	5	1	1	1	1	2	1	2	2	4	1	2	2	2	2	2	3	1	4	2	1	1	1	2	1	3	4	2	4	1	1	2	2	4	5	4	3	2	3	2	5	3	3	3	2	2	3	3	1	2	3	3	2	2	3	2	2	2	3	1	2	2	2	5	2	4	2	5	1	2	4	4	1	2	5	5	5	5	4	5	3	4	4	3	3	3	3	4	4	3	3	4	3	3	4	4	5	3	4	4	4	4	4	4	3	5	4	4	4	3	5	4	5	93	61	5	4	5	55	5	3	5	5	5	4	3	93	5	5	52	4	34	3	3	4	4	4	3	4	3	5	90	4	5	5	5	4	84	52	60	87	52	73	82	62	70	95	95	69	90	92	68	40	91	83	38	79	99	62	92	91	74	60	42	44	76	54	75	32	78	53	37	99	77	56	85	87	44	68	56	
1	1	1	1	1	1	1	1	1	1	1	1	1	1	1	1	1	1	1	1	1	1	1	1	1	1	1	1	1	1	1	1	1	1	1	1	1	1	1	1	1	1	1	1	1	1	1	1	1	1	1	2	2	2	2	2	2	2	2	2	2	2	2	2	2	2	2	2	2	2	2	2	2	2	2	2	2	2	2	2	2	2	2	2	2	2	2	2	2	2	2	2	2	2	2	2	2	3	3	3	3	3	3	3	3	3	3	3	3	3	3	3	3	3	3	3	3	3	3	3	3	3	3	3	3	3	3	3	3	3	3	3	3	3	3	3	3	3	3	3	3	3	3	3	3	3	3	3	3	3	3	3	3	3	3	3	3	3	3	3	3	3	3	3	3	3	3	3	3	3	3	3	3	3	3	3	3	3	3	3	3	3	3	3	4	4	4	4	4	4	4	4	4	4	4	4	4	4	4	4	4	4	4	4	4	4	4	4	4	4	4	4	4	4	4	4	4	4	5	5	5	5	5	5	5	5	5	5	5	5	5	5	5	5	5	5	5	5	5	5	5	5	5	5	5	5	5	5	5	5	5	5	5	5	5	5	5	6	6	6	7	7	7	7	7	7	7	7	7	7	7	7	8	8	8	8	8	8	8	8	8	8	9	9	9	9	9	9	9	9	9	9	10	10	10	10	10	10	10	10	
