300
14	2
294	1.00
3	3	3	3	3	3	3	3	3	2	2	3	2	2	3	3	3	2	2	2	3	3	2	3	2	2	3	3	3	3	2	2	3	3	2	3	3	3	2	2	3	2	3	3	3	3	3	2	3	3	2	3	3	3	3	3	3	3	3	2	3	3	3	2	3	3	3	3	3	3	2	3	3	3	2	3	3	3	3	2	3	2	3	3	3	2	3	3	3	3	3	3	2	3	3	2	3	2	3	3	2	2	2	3	2	2	3	2	3	3	2	3	2	3	2	2	3	2	2	3	3	2	3	2	3	2	2	3	2	3	2	3	3	3	3	2	2	3	3	3	2	3	3	3	3	3	3	3	3	3	2	2	3	2	2	3	3	3	3	2	2	3	2	3	3	3	3	3	3	2	3	3	2	3	3	3	3	3	3	3	3	3	2	2	3	3	2	2	2	3	3	2	2	3	3	3	3	3	3	2	2	3	3	3	3	3	2	3	3	3	2	3	2	3	2	2	3	3	2	3	3	3	2	2	2	3	3	3	3	3	2	3	2	3	3	2	2	2	2	2	2	3	3	2	3	3	3	3	2	3	3	3	3	3	2	2	3	3	2	2	3	3	2	3	2	3	3	3	3	3	3	3	3	3	2	3	3	2	3	2	3	3	2	3	2	3	2	3	3	3	2	3	3	3	3	2	2	3	3	3	
2	3	4	
2	3	4	
1	2	3	
1	2	3	
1	2	3	
1	2	3	
2	6	7	
2	3	4	
1	2	3	
1	3	
0	1	
2	3	4	
0	1	
1	3	
1	2	3	
2	3	4	
2	3	4	
0	1	
1	3	
1	3	
2	6	7	
2	6	7	
1	3	
1	2	3	
1	3	
0	1	
1	2	3	
1	2	3	
1	2	3	
2	3	4	
1	3	
0	1	
2	3	4	
1	2	3	
1	3	
1	2	3	
1	2	3	
2	3	4	
0	1	
0	1	
1	2	3	
0	1	
2	3	4	
2	3	4	
2	3	4	
1	2	3	
1	2	3	
1	3	
1	2	3	
2	3	4	
1	3	
1	2	3	
1	2	3	
1	2	3	
1	2	3	
1	2	3	
1	2	3	
1	2	3	
1	2	3	
1	3	
2	6	7	
1	2	3	
2	6	7	
0	1	
2	3	4	
2	3	4	
2	3	4	
2	6	7	
2	3	4	
2	6	7	
1	3	
2	3	4	
2	3	4	
1	2	3	
0	1	
1	2	3	
2	3	4	
2	3	4	
1	2	3	
0	1	
2	6	7	
1	3	
2	3	4	
1	2	3	
2	6	7	
1	3	
2	6	7	
1	2	3	
2	3	4	
1	2	3	
2	3	4	
2	6	7	
1	3	
1	2	3	
2	3	4	
0	1	
2	6	7	
1	3	
1	2	3	
2	6	7	
1	3	
0	1	
0	1	
1	2	3	
0	1	
1	3	
2	6	7	
1	3	
2	3	4	
1	2	3	
1	3	
1	2	3	
1	3	
1	2	3	
1	3	
1	3	
2	6	7	
1	3	
0	1	
1	2	3	
1	2	3	
1	3	
1	2	3	
1	3	
2	6	7	
1	3	
1	3	
1	2	3	
1	3	
2	3	4	
0	1	
1	2	3	
2	6	7	
2	3	4	
1	2	3	
0	1	
0	1	
1	2	3	
1	2	3	
2	3	4	
1	3	
1	2	3	
2	3	4	
2	6	7	
2	3	4	
2	3	4	
2	3	4	
2	6	7	
1	2	3	
2	3	4	
0	1	
0	1	
2	6	7	
0	1	
0	1	
2	6	7	
2	6	7	
2	3	4	
2	3	4	
0	1	
1	3	
2	3	4	
0	1	
1	2	3	
1	2	3	
1	2	3	
2	6	7	
2	3	4	
1	2	3	
1	3	
2	3	4	
2	3	4	
0	1	
1	2	3	
2	6	7	
2	3	4	
1	2	3	
2	6	7	
1	2	3	
1	2	3	
1	2	3	
2	3	4	
1	3	
0	1	
2	3	4	
1	2	3	
1	3	
0	1	
1	3	
2	6	7	
2	6	7	
0	1	
1	3	
2	3	4	
2	6	7	
1	2	3	
1	2	3	
2	3	4	
2	3	4	
0	1	
1	3	
2	3	4	
2	3	4	
1	2	3	
2	6	7	
2	3	4	
0	1	
1	2	3	
2	3	4	
2	6	7	
1	3	
2	6	7	
1	3	
1	2	3	
1	3	
1	3	
1	2	3	
1	2	3	
1	3	
1	2	3	
1	2	3	
2	3	4	
1	3	
1	3	
1	3	
2	6	7	
1	2	3	
1	2	3	
2	6	7	
2	3	4	
0	1	
2	6	7	
0	1	
2	3	4	
2	6	7	
1	3	
0	1	
0	1	
0	1	
0	1	
1	3	
1	2	3	
2	3	4	
0	1	
1	2	3	
1	2	3	
1	2	3	
2	6	7	
1	3	
2	6	7	
1	2	3	
1	2	3	
2	3	4	
2	3	4	
1	3	
0	1	
1	2	3	
2	6	7	
0	1	
0	1	
2	3	4	
1	2	3	
0	1	
2	6	7	
0	1	
2	3	4	
2	6	7	
2	3	4	
1	2	3	
1	2	3	
1	2	3	
1	2	3	
1	2	3	
2	6	7	
0	1	
1	2	3	
2	3	4	
1	3	
2	3	4	
1	3	
2	3	4	
2	6	7	
1	3	
2	6	7	
0	1	
1	2	3	
1	3	
2	3	4	
1	2	3	
2	6	7	
1	3	
1	2	3	
1	2	3	
2	6	7	
1	2	3	
0	1	
0	1	
1	2	3	
1	2	3	
1	2	3	
42.00	28.00	28.00	
42.00	28.00	28.00	
42.00	20.00	16.00	
42.00	24.00	20.00	
42.00	24.00	20.00	
42.00	20.00	16.00	
48.00	36.00	32.00	
42.00	28.00	28.00	
42.00	24.00	20.00	
42.00	32.00	
32.00	16.00	
42.00	28.00	28.00	
32.00	16.00	
42.00	32.00	
42.00	20.00	16.00	
42.00	28.00	28.00	
42.00	28.00	28.00	
32.00	16.00	
42.00	32.00	
42.00	32.00	
48.00	36.00	32.00	
48.00	36.00	32.00	
42.00	32.00	
42.00	20.00	16.00	
42.00	32.00	
32.00	16.00	
42.00	20.00	16.00	
42.00	20.00	16.00	
42.00	20.00	16.00	
42.00	28.00	28.00	
42.00	32.00	
32.00	16.00	
42.00	28.00	28.00	
42.00	20.00	16.00	
42.00	32.00	
42.00	24.00	20.00	
42.00	24.00	20.00	
42.00	28.00	28.00	
32.00	16.00	
32.00	16.00	
42.00	20.00	16.00	
32.00	16.00	
42.00	28.00	28.00	
42.00	28.00	28.00	
42.00	28.00	28.00	
42.00	24.00	20.00	
42.00	20.00	16.00	
42.00	32.00	
42.00	24.00	20.00	
42.00	28.00	28.00	
42.00	32.00	
42.00	20.00	16.00	
42.00	24.00	20.00	
42.00	24.00	20.00	
42.00	20.00	16.00	
42.00	24.00	20.00	
42.00	20.00	16.00	
42.00	20.00	16.00	
42.00	20.00	16.00	
42.00	32.00	
48.00	36.00	32.00	
42.00	20.00	16.00	
48.00	36.00	32.00	
32.00	16.00	
42.00	28.00	28.00	
42.00	28.00	28.00	
42.00	28.00	28.00	
48.00	36.00	32.00	
42.00	28.00	28.00	
48.00	36.00	32.00	
42.00	32.00	
42.00	28.00	28.00	
42.00	28.00	28.00	
42.00	20.00	16.00	
32.00	16.00	
42.00	20.00	16.00	
42.00	28.00	28.00	
42.00	28.00	28.00	
42.00	24.00	20.00	
32.00	16.00	
48.00	36.00	32.00	
42.00	32.00	
42.00	28.00	28.00	
42.00	20.00	16.00	
48.00	36.00	32.00	
42.00	32.00	
48.00	36.00	32.00	
42.00	24.00	20.00	
42.00	28.00	28.00	
42.00	20.00	16.00	
42.00	28.00	28.00	
48.00	36.00	32.00	
42.00	32.00	
42.00	24.00	20.00	
42.00	28.00	28.00	
32.00	16.00	
48.00	36.00	32.00	
42.00	32.00	
42.00	20.00	16.00	
48.00	36.00	32.00	
42.00	32.00	
32.00	16.00	
32.00	16.00	
42.00	20.00	16.00	
32.00	16.00	
42.00	32.00	
48.00	36.00	32.00	
42.00	32.00	
42.00	28.00	28.00	
42.00	20.00	16.00	
42.00	32.00	
42.00	20.00	16.00	
42.00	32.00	
42.00	20.00	16.00	
42.00	32.00	
42.00	32.00	
48.00	36.00	32.00	
42.00	32.00	
32.00	16.00	
42.00	24.00	20.00	
42.00	24.00	20.00	
42.00	32.00	
42.00	24.00	20.00	
42.00	32.00	
48.00	36.00	32.00	
42.00	32.00	
42.00	32.00	
42.00	20.00	16.00	
42.00	32.00	
42.00	28.00	28.00	
32.00	16.00	
42.00	24.00	20.00	
48.00	36.00	32.00	
42.00	28.00	28.00	
42.00	24.00	20.00	
32.00	16.00	
32.00	16.00	
42.00	20.00	16.00	
42.00	20.00	16.00	
42.00	28.00	28.00	
42.00	32.00	
42.00	24.00	20.00	
42.00	28.00	28.00	
48.00	36.00	32.00	
42.00	28.00	28.00	
42.00	28.00	28.00	
42.00	28.00	28.00	
48.00	36.00	32.00	
42.00	20.00	16.00	
42.00	28.00	28.00	
32.00	16.00	
32.00	16.00	
48.00	36.00	32.00	
32.00	16.00	
32.00	16.00	
48.00	36.00	32.00	
48.00	36.00	32.00	
42.00	28.00	28.00	
42.00	28.00	28.00	
32.00	16.00	
42.00	32.00	
42.00	28.00	28.00	
32.00	16.00	
42.00	24.00	20.00	
42.00	24.00	20.00	
42.00	20.00	16.00	
48.00	36.00	32.00	
42.00	28.00	28.00	
42.00	20.00	16.00	
42.00	32.00	
42.00	28.00	28.00	
42.00	28.00	28.00	
32.00	16.00	
42.00	24.00	20.00	
48.00	36.00	32.00	
42.00	28.00	28.00	
42.00	20.00	16.00	
48.00	36.00	32.00	
42.00	20.00	16.00	
42.00	24.00	20.00	
42.00	24.00	20.00	
42.00	28.00	28.00	
42.00	32.00	
32.00	16.00	
42.00	28.00	28.00	
42.00	20.00	16.00	
42.00	32.00	
32.00	16.00	
42.00	32.00	
48.00	36.00	32.00	
48.00	36.00	32.00	
32.00	16.00	
42.00	32.00	
42.00	28.00	28.00	
48.00	36.00	32.00	
42.00	24.00	20.00	
42.00	20.00	16.00	
42.00	28.00	28.00	
42.00	28.00	28.00	
32.00	16.00	
42.00	32.00	
42.00	28.00	28.00	
42.00	28.00	28.00	
42.00	24.00	20.00	
48.00	36.00	32.00	
42.00	28.00	28.00	
32.00	16.00	
42.00	24.00	20.00	
42.00	28.00	28.00	
48.00	36.00	32.00	
42.00	32.00	
48.00	36.00	32.00	
42.00	32.00	
42.00	20.00	16.00	
42.00	32.00	
42.00	32.00	
42.00	24.00	20.00	
42.00	20.00	16.00	
42.00	32.00	
42.00	20.00	16.00	
42.00	20.00	16.00	
42.00	28.00	28.00	
42.00	32.00	
42.00	32.00	
42.00	32.00	
48.00	36.00	32.00	
42.00	20.00	16.00	
42.00	24.00	20.00	
48.00	36.00	32.00	
42.00	28.00	28.00	
32.00	16.00	
48.00	36.00	32.00	
32.00	16.00	
42.00	28.00	28.00	
48.00	36.00	32.00	
42.00	32.00	
32.00	16.00	
32.00	16.00	
32.00	16.00	
32.00	16.00	
42.00	32.00	
42.00	24.00	20.00	
42.00	28.00	28.00	
32.00	16.00	
42.00	20.00	16.00	
42.00	24.00	20.00	
42.00	24.00	20.00	
48.00	36.00	32.00	
42.00	32.00	
48.00	36.00	32.00	
42.00	20.00	16.00	
42.00	24.00	20.00	
42.00	28.00	28.00	
42.00	28.00	28.00	
42.00	32.00	
32.00	16.00	
42.00	20.00	16.00	
48.00	36.00	32.00	
32.00	16.00	
32.00	16.00	
42.00	28.00	28.00	
42.00	24.00	20.00	
32.00	16.00	
48.00	36.00	32.00	
32.00	16.00	
42.00	28.00	28.00	
48.00	36.00	32.00	
42.00	28.00	28.00	
42.00	24.00	20.00	
42.00	24.00	20.00	
42.00	24.00	20.00	
42.00	24.00	20.00	
42.00	20.00	16.00	
48.00	36.00	32.00	
32.00	16.00	
42.00	20.00	16.00	
42.00	28.00	28.00	
42.00	32.00	
42.00	28.00	28.00	
42.00	32.00	
42.00	28.00	28.00	
48.00	36.00	32.00	
42.00	32.00	
48.00	36.00	32.00	
32.00	16.00	
42.00	24.00	20.00	
42.00	32.00	
42.00	28.00	28.00	
42.00	24.00	20.00	
48.00	36.00	32.00	
42.00	32.00	
42.00	24.00	20.00	
42.00	24.00	20.00	
48.00	36.00	32.00	
42.00	24.00	20.00	
32.00	16.00	
32.00	16.00	
42.00	24.00	20.00	
42.00	24.00	20.00	
42.00	24.00	20.00	
5.00	5.00	5.00	5.00	5.00	5.00	5.00	5.00	5.00	5.00	5.00	5.00	5.00	5.00	5.00	5.00	5.00	5.00	5.00	5.00	5.00	5.00	5.00	5.00	5.00	5.00	5.00	5.00	5.00	5.00	5.00	5.00	5.00	5.00	5.00	5.00	5.00	5.00	5.00	5.00	5.00	5.00	5.00	5.00	5.00	5.00	5.00	5.00	5.00	5.00	5.00	5.00	5.00	5.00	5.00	5.00	5.00	5.00	5.00	5.00	5.00	5.00	5.00	5.00	5.00	5.00	5.00	5.00	5.00	5.00	5.00	5.00	5.00	5.00	5.00	5.00	5.00	5.00	5.00	5.00	5.00	5.00	5.00	5.00	5.00	5.00	5.00	5.00	5.00	5.00	5.00	5.00	5.00	5.00	5.00	5.00	5.00	5.00	5.00	5.00	5.00	5.00	5.00	5.00	5.00	5.00	5.00	5.00	5.00	5.00	5.00	5.00	5.00	5.00	5.00	5.00	5.00	5.00	5.00	5.00	5.00	5.00	5.00	5.00	5.00	5.00	5.00	5.00	5.00	5.00	5.00	5.00	5.00	5.00	5.00	5.00	5.00	5.00	5.00	5.00	5.00	5.00	5.00	5.00	5.00	5.00	5.00	5.00	5.00	5.00	5.00	5.00	5.00	5.00	5.00	5.00	5.00	5.00	5.00	5.00	5.00	5.00	5.00	5.00	5.00	5.00	5.00	5.00	5.00	5.00	5.00	5.00	5.00	5.00	5.00	5.00	5.00	5.00	5.00	5.00	5.00	5.00	5.00	5.00	5.00	5.00	5.00	5.00	5.00	5.00	5.00	5.00	5.00	5.00	5.00	5.00	5.00	5.00	5.00	5.00	5.00	5.00	5.00	5.00	5.00	5.00	5.00	5.00	5.00	5.00	5.00	5.00	5.00	5.00	5.00	5.00	5.00	5.00	5.00	5.00	5.00	5.00	5.00	5.00	5.00	5.00	5.00	5.00	5.00	5.00	5.00	5.00	5.00	5.00	5.00	5.00	5.00	5.00	5.00	5.00	5.00	5.00	5.00	5.00	5.00	5.00	5.00	5.00	5.00	5.00	5.00	5.00	5.00	5.00	5.00	5.00	5.00	5.00	5.00	5.00	5.00	5.00	5.00	5.00	5.00	5.00	5.00	5.00	5.00	5.00	5.00	5.00	5.00	5.00	5.00	5.00	5.00	5.00	5.00	5.00	5.00	5.00	5.00	5.00	5.00	5.00	5.00	5.00	5.00	5.00	5.00	5.00	5.00	5.00	5.00	5.00	5.00	5.00	5.00	5.00	
5.00	5.00	5.00	5.00	5.00	5.00	5.00	5.00	5.00	5.00	5.00	5.00	5.00	5.00	5.00	5.00	5.00	5.00	5.00	5.00	5.00	5.00	5.00	5.00	5.00	5.00	5.00	5.00	5.00	5.00	5.00	5.00	5.00	5.00	5.00	5.00	5.00	5.00	5.00	5.00	5.00	5.00	5.00	5.00	5.00	5.00	5.00	5.00	5.00	5.00	5.00	5.00	5.00	5.00	5.00	5.00	5.00	5.00	5.00	5.00	5.00	5.00	5.00	5.00	5.00	5.00	5.00	5.00	5.00	5.00	5.00	5.00	5.00	5.00	5.00	5.00	5.00	5.00	5.00	5.00	5.00	5.00	5.00	5.00	5.00	5.00	5.00	5.00	5.00	5.00	5.00	5.00	5.00	5.00	5.00	5.00	5.00	5.00	5.00	5.00	5.00	5.00	5.00	5.00	5.00	5.00	5.00	5.00	5.00	5.00	5.00	5.00	5.00	5.00	5.00	5.00	5.00	5.00	5.00	5.00	5.00	5.00	5.00	5.00	5.00	5.00	5.00	5.00	5.00	5.00	5.00	5.00	5.00	5.00	5.00	5.00	5.00	5.00	5.00	5.00	5.00	5.00	5.00	5.00	5.00	5.00	5.00	5.00	5.00	5.00	5.00	5.00	5.00	5.00	5.00	5.00	5.00	5.00	5.00	5.00	5.00	5.00	5.00	5.00	5.00	5.00	5.00	5.00	5.00	5.00	5.00	5.00	5.00	5.00	5.00	5.00	5.00	5.00	5.00	5.00	5.00	5.00	5.00	5.00	5.00	5.00	5.00	5.00	5.00	5.00	5.00	5.00	5.00	5.00	5.00	5.00	5.00	5.00	5.00	5.00	5.00	5.00	5.00	5.00	5.00	5.00	5.00	5.00	5.00	5.00	5.00	5.00	5.00	5.00	5.00	5.00	5.00	5.00	5.00	5.00	5.00	5.00	5.00	5.00	5.00	5.00	5.00	5.00	5.00	5.00	5.00	5.00	5.00	5.00	5.00	5.00	5.00	5.00	5.00	5.00	5.00	5.00	5.00	5.00	5.00	5.00	5.00	5.00	5.00	5.00	5.00	5.00	5.00	5.00	5.00	5.00	5.00	5.00	5.00	5.00	5.00	5.00	5.00	5.00	5.00	5.00	5.00	5.00	5.00	5.00	5.00	5.00	5.00	5.00	5.00	5.00	5.00	5.00	5.00	5.00	5.00	5.00	5.00	5.00	5.00	5.00	5.00	5.00	5.00	5.00	5.00	5.00	5.00	5.00	5.00	5.00	5.00	5.00	5.00	5.00	
1.00	1.00	1.00	1.00	1.00	1.00	1.00	1.00	1.00	1.00	1.00	1.00	1.00	1.00	
2	1	1	1	1	1	2	1	1	1	2	2	1	1	1	2	2	1	1	1	1	1	2	1	2	1	2	2	1	2	1	1	2	1	1	2	2	1	1	1	2	1	1	2	2	1	1	1	2	2	2	1	2	1	1	1	1	1	2	2	1	1	2	1	2	2	2	1	1	1	2	1	1	2	2	1	1	1	2	1	1	2	1	1	1	2	1	2	1	2	2	1	2	2	2	2	1	1	2	2	2	1	1	1	2	2	1	5	1	3	1	4	1	1	3	2	4	5	1	1	1	2	2	4	2	2	5	2	2	2	2	4	1	2	2	5	2	1	2	4	3	1	1	5	5	1	2	4	2	5	4	1	2	1	5	2	5	1	1	3	1	2	3	1	4	5	2	1	1	3	1	3	4	2	1	2	3	4	5	3	5	3	5	4	5	3	4	5	5	5	5	3	3	3	3	4	5	5	4	4	5	5	4	4	4	3	3	3	3	4	3	4	3	33	5	5	4	3	4	3	4	4	5	3	5	4	3	5	4	3	5	5	4	5	3	3	84	5	4	32	5	99	5	4	70	4	4	51	5	3	3	5	3	4	4	4	47	48	89	59	63	32	87	73	55	67	98	48	77	74	74	74	100	76	39	30	76	78	71	82	92	34	58	80	97	52	65	56	48	42	47	96	62	53	60	73	90	73	62	49	
1	1	1	1	1	1	1	1	1	1	1	1	1	1	1	1	1	1	1	1	1	1	1	1	1	1	1	1	1	1	1	1	1	1	1	1	1	1	1	1	1	1	1	1	1	1	2	2	2	2	2	2	2	2	2	2	2	2	2	2	2	2	2	2	2	2	2	2	2	2	2	2	2	2	2	2	2	2	2	2	2	2	2	2	2	2	2	2	2	2	2	2	2	2	2	2	2	2	2	2	2	2	2	2	2	2	2	3	3	3	3	3	3	3	3	3	3	3	3	3	3	3	3	3	3	3	3	3	3	3	3	3	3	3	3	3	3	3	3	3	3	3	3	3	3	3	3	3	3	3	3	3	3	3	3	3	3	3	3	3	3	3	3	3	3	3	3	3	3	3	3	3	3	3	3	3	4	4	4	4	4	4	4	4	4	4	4	4	4	4	4	4	4	4	4	4	4	4	4	4	4	4	4	4	4	4	4	4	4	4	4	5	5	5	5	5	5	5	5	5	5	5	5	5	5	5	5	5	5	5	5	5	5	5	5	5	5	5	5	5	5	5	5	5	5	5	5	5	5	5	5	5	5	5	5	5	5	6	6	6	6	6	6	6	6	7	7	7	7	7	7	7	7	8	8	8	8	8	8	8	8	8	8	8	9	9	9	9	9	9	9	9	10	10	10	10	10	10	10	10	
