1000
30	7
525	27.5
27	26	27	27	30	31	31	31	30	28	27	26	26	30	28	28	27	28	28	29	30	30	26	31	27	30	26	28	26	27	29	30	31	31	26	30	28	31	29	30	30	30	30	26	28	28	28	26	28	27	27	26	27	29	27	29	29	30	29	29	28	27	26	27	31	26	31	31	26	27	27	30	31	27	31	30	30	31	31	30	29	28	27	27	28	30	30	31	26	30	28	27	30	27	26	28	30	31	27	28	26	28	30	31	26	31	28	27	31	28	29	26	26	29	31	28	26	29	28	28	29	26	26	26	26	31	30	29	28	29	28	30	31	31	30	26	27	28	31	28	27	29	30	30	28	27	26	28	30	27	31	30	28	28	29	31	29	29	28	26	26	27	29	30	30	31	28	31	30	30	29	31	26	31	29	30	26	27	28	27	26	26	29	31	26	31	31	30	26	31	31	26	31	29	29	29	30	31	29	29	26	30	31	27	28	30	29	30	31	28	29	27	28	26	29	28	31	31	27	29	26	28	28	31	31	31	26	28	31	26	27	31	26	31	29	26	30	31	31	30	26	26	30	31	29	29	30	26	31	27	29	29	31	27	30	27	27	30	27	30	28	31	28	28	27	31	28	31	31	31	31	26	31	31	28	31	29	30	27	27	30	30	26	31	31	31	30	29	26	27	31	30	29	30	26	31	31	29	29	26	26	31	31	31	26	30	30	30	30	27	28	26	29	28	27	27	29	27	31	31	27	31	30	30	29	31	31	28	29	31	26	27	28	27	30	30	27	28	29	30	31	28	30	31	30	30	31	27	31	31	29	30	26	29	30	26	30	30	29	29	31	26	31	28	30	29	27	29	27	30	27	27	27	27	31	27	29	26	29	31	27	29	30	27	29	29	27	27	30	30	27	26	28	29	28	27	26	27	27	27	28	29	27	28	30	31	28	30	26	29	29	27	29	27	29	29	31	27	27	29	26	29	26	30	28	31	28	31	30	28	29	31	26	31	30	29	29	30	28	27	28	29	31	26	30	30	30	31	31	29	27	30	28	28	29	26	30	26	30	29	30	31	30	29	28	31	28	29	29	30	27	27	29	27	27	30	26	29	26	27	29	28	26	27	31	30	29	28	29	26	28	28	30	28	26	29	30	30	30	30	27	30	26	29	26	26	31	28	30	26	30	28	30	29	29	27	30	26	30	30	28	27	29	28	28	28	30	28	28	29	28	30	31	26	30	28	29	28	29	29	27	30	29	29	28	29	28	31	30	26	29	28	29	27	31	26	28	30	27	31	28	26	26	26	26	27	27	28	29	27	30	27	30	31	26	26	28	31	27	31	30	31	26	31	31	31	29	29	26	26	28	26	31	31	26	30	29	31	26	30	31	27	29	31	27	29	26	27	30	31	26	27	26	29	31	27	27	28	26	29	30	26	26	31	30	28	28	31	31	29	27	28	29	26	30	28	27	26	27	29	31	31	28	31	31	30	27	27	30	27	29	27	27	31	29	29	28	28	30	26	26	29	29	27	31	27	27	29	28	27	28	31	28	28	26	30	27	30	27	28	28	26	28	28	29	29	30	26	28	29	28	28	30	31	30	31	31	27	30	26	31	31	26	30	30	29	26	26	26	30	30	28	26	29	29	31	28	29	29	26	29	31	30	29	27	27	28	29	29	31	31	31	26	26	30	28	29	31	29	29	28	31	29	27	26	30	28	31	30	30	26	27	31	26	31	26	29	29	29	26	27	27	29	29	29	26	30	31	27	29	31	26	27	30	28	26	27	28	30	27	30	28	28	31	27	30	30	29	27	28	26	26	26	29	29	31	31	26	31	26	31	27	28	30	30	28	27	28	26	31	26	30	26	26	26	31	26	27	29	31	26	27	29	31	27	31	28	27	31	29	29	26	27	29	31	31	28	27	31	29	28	27	30	27	29	29	28	27	30	27	30	30	27	28	26	29	30	30	31	30	29	27	29	29	28	30	26	29	28	28	30	31	27	31	29	29	28	29	30	28	26	28	29	29	28	31	30	26	30	29	27	27	29	29	30	29	26	30	28	27	28	30	27	28	30	28	27	30	28	26	30	30	26	26	26	26	28	28	27	29	28	30	27	31	31	26	27	28	27	29	27	28	28	27	31	29	27	29	31	31	30	30	31	31	29	29	28	29	28	26	26	27	27	30	29	31	27	28	28	30	31	27	29	31	26	29	30	31	27	29	29	27	26	30	26	27	28	26	26	29	29	31	27	30	28	26	28	28	31	30	28	28	30	29	30	28	31	27	29	31	
78	85	88	93	90	78	81	84	89	76	87	84	82	78	88	93	89	83	93	85	79	83	78	82	90	76	85	76	85	90	89	88	77	93	78	78	84	86	87	86	87	82	89	77	91	77	89	93	83	84	91	94	82	91	77	76	82	86	94	77	92	86	81	86	81	91	88	87	84	89	89	82	83	89	76	84	92	88	78	83	91	87	94	86	87	92	93	89	77	87	82	80	86	85	87	84	82	78	76	84	79	90	90	91	92	81	88	76	86	81	93	90	94	89	79	92	79	76	90	81	77	94	82	93	93	86	85	91	77	93	83	94	79	87	89	92	76	84	92	81	84	78	94	82	78	92	86	83	90	91	92	87	85	91	77	92	84	79	91	90	90	77	92	85	88	85	82	94	89	80	83	85	90	79	82	77	81	86	91	79	83	90	91	76	91	91	85	76	83	89	94	76	86	87	88	91	87	85	88	89	94	90	85	82	94	76	77	81	83	82	91	91	88	94	87	76	91	77	78	85	77	94	91	76	90	84	80	90	93	87	84	77	83	78	84	93	84	92	89	91	94	83	87	84	82	91	89	94	84	93	82	88	81	90	82	93	88	87	81	83	83	90	89	88	85	93	89	89	88	77	94	77	94	93	84	89	91	77	84	79	78	79	87	91	77	85	85	79	90	89	94	90	85	79	79	83	79	88	94	86	79	93	78	79	89	94	91	90	81	85	90	90	83	84	82	89	83	77	78	93	79	85	82	77	76	93	82	91	85	88	93	79	84	78	84	85	87	86	90	81	83	84	87	87	79	79	76	82	90	94	77	84	77	94	94	93	86	82	78	92	87	76	84	83	88	80	77	85	83	81	89	89	92	92	80	82	79	91	88	78	86	85	78	86	89	84	76	79	87	81	87	82	87	76	78	93	83	92	81	85	80	79	85	92	83	93	86	91	86	80	86	81	86	83	88	81	93	82	81	92	90	91	83	84	91	81	86	82	92	79	87	86	76	89	77	77	85	81	88	83	78	76	78	76	85	93	82	82	89	87	83	81	79	76	76	94	79	88	90	78	76	86	94	85	77	93	82	86	83	80	92	79	89	90	94	88	82	92	88	88	85	89	84	78	93	84	87	80	82	91	88	83	94	84	78	81	82	94	79	93	92	76	86	78	94	94	83	77	90	87	82	85	89	82	76	80	90	77	79	83	90	77	87	82	88	84	94	87	85	85	93	90	93	86	78	85	94	88	80	90	92	93	92	93	87	82	88	78	83	88	91	82	89	80	80	80	83	78	76	81	82	76	88	80	87	79	80	91	92	84	86	77	94	77	81	86	79	82	78	91	92	90	80	77	87	93	80	84	90	94	82	87	90	84	94	91	94	86	77	83	79	83	92	94	94	94	81	85	93	82	90	76	90	89	87	79	78	90	84	93	79	91	81	85	90	82	91	79	79	76	87	93	78	83	85	83	85	90	78	84	82	85	82	84	76	93	86	93	82	88	84	86	90	86	77	93	89	80	86	92	82	83	86	92	79	91	76	78	91	88	85	80	86	78	90	78	90	82	89	89	76	89	79	87	82	85	80	88	78	89	84	81	81	81	89	91	89	88	77	82	79	93	79	78	90	86	79	82	93	78	76	84	80	83	92	82	92	78	90	79	86	78	91	83	84	91	85	86	94	86	91	85	81	93	93	78	85	93	81	77	81	86	82	82	94	94	79	87	91	80	78	80	92	93	80	78	94	90	82	79	80	79	77	81	82	88	76	87	88	94	81	81	81	89	89	87	89	94	82	85	89	93	94	92	76	89	82	85	85	92	86	79	80	92	80	94	76	90	85	81	80	80	81	81	82	87	77	88	76	90	93	79	82	86	80	77	85	79	76	86	78	93	89	85	85	93	91	78	76	87	85	78	89	77	81	78	78	80	94	77	77	87	81	77	78	88	87	80	76	92	81	90	87	90	80	81	88	78	88	78	85	79	92	78	81	78	85	78	81	78	86	89	83	77	87	93	79	84	81	93	82	83	86	83	93	82	88	79	86	90	82	85	81	89	88	80	83	76	85	85	77	89	81	88	88	82	93	79	85	92	90	82	85	84	91	82	93	80	77	93	83	84	90	90	76	82	85	80	86	93	89	85	83	89	87	81	91	84	87	87	89	82	78	88	93	79	79	86	76	79	80	91	82	76	90	81	84	79	77	91	84	77	77	77	86	77	92	78	77	80	81	87	81	91	78	77	82	76	87	93	77	76	85	85	81	77	78	92	89	79	89	85	91	81	76	87	78	89	94	93	
12.1	30.8	22	30.8	14.3	26.4	31.9	25.3	24.2	17.6	29.7	31.9	18.7	24.2	15.4	12.1	25.3	12.1	12.1	16.5	28.6	33	17.6	25.3	12.1	28.6	18.7	23.1	29.7	17.6	13.2	16.5	23.1	19.8	30.8	24.2	17.6	28.6	31.9	13.2	16.5	24.2	17.6	27.5	20.9	12.1	16.5	27.5	18.7	20.9	14.3	12.1	22	25.3	18.7	13.2	23.1	15.4	31.9	18.7	23.1	15.4	15.4	20.9	20.9	25.3	26.4	28.6	12.1	17.6	16.5	18.7	15.4	27.5	30.8	27.5	25.3	13.2	31.9	14.3	29.7	22	29.7	29.7	22	23.1	26.4	20.9	22	29.7	19.8	22	28.6	13.2	12.1	29.7	20.9	22	12.1	15.4	27.5	27.5	11	27.5	11	19.8	13.2	22	29.7	13.2	20.9	23.1	25.3	18.7	14.3	22	18.7	14.3	22	18.7	30.8	13.2	13.2	23.1	31.9	16.5	31.9	19.8	31.9	22	25.3	31.9	14.3	17.6	20.9	12.1	12.1	25.3	13.2	20.9	26.4	11	33	25.3	31.9	15.4	30.8	31.9	14.3	29.7	23.1	30.8	26.4	25.3	15.4	28.6	12.1	14.3	25.3	29.7	26.4	23.1	30.8	11	24.2	29.7	20.9	18.7	28.6	11	22	12.1	27.5	11	20.9	25.3	19.8	17.6	19.8	18.7	26.4	24.2	25.3	20.9	12.1	18.7	33	22	15.4	12.1	20.9	19.8	16.5	18.7	24.2	13.2	27.5	19.8	19.8	12.1	11	33	11	14.3	31.9	19.8	26.4	16.5	23.1	16.5	18.7	25.3	33	15.4	22	11	16.5	27.5	20.9	23.1	17.6	29.7	11	20.9	18.7	27.5	22	19.8	16.5	26.4	14.3	29.7	28.6	19.8	33	14.3	31.9	25.3	27.5	24.2	28.6	20.9	23.1	22	11	30.8	31.9	20.9	18.7	27.5	19.8	12.1	27.5	13.2	17.6	15.4	29.7	22	25.3	20.9	22	33	31.9	31.9	18.7	20.9	33	23.1	15.4	23.1	18.7	25.3	16.5	25.3	11	20.9	30.8	25.3	31.9	11	17.6	29.7	18.7	16.5	16.5	19.8	12.1	30.8	12.1	16.5	31.9	15.4	16.5	33	23.1	16.5	19.8	12.1	33	11	33	33	16.5	16.5	33	30.8	30.8	12.1	14.3	22	24.2	11	17.6	22	33	16.5	22	14.3	27.5	19.8	27.5	27.5	13.2	17.6	18.7	29.7	27.5	16.5	27.5	16.5	22	17.6	30.8	12.1	24.2	33	28.6	20.9	17.6	16.5	24.2	13.2	15.4	30.8	33	14.3	24.2	15.4	17.6	11	31.9	17.6	13.2	28.6	17.6	24.2	22	11	14.3	11	13.2	27.5	18.7	11	31.9	24.2	22	29.7	26.4	22	11	30.8	12.1	30.8	15.4	19.8	31.9	24.2	31.9	26.4	29.7	12.1	18.7	26.4	20.9	22	20.9	25.3	29.7	17.6	23.1	17.6	26.4	14.3	12.1	24.2	22	26.4	28.6	17.6	30.8	25.3	19.8	25.3	19.8	12.1	31.9	14.3	12.1	16.5	19.8	29.7	31.9	28.6	27.5	28.6	27.5	28.6	14.3	12.1	29.7	17.6	23.1	28.6	13.2	26.4	22	30.8	12.1	28.6	31.9	15.4	27.5	14.3	27.5	22	15.4	24.2	33	16.5	14.3	16.5	14.3	31.9	22	27.5	13.2	15.4	20.9	25.3	33	33	30.8	33	12.1	11	16.5	27.5	30.8	14.3	11	24.2	19.8	27.5	17.6	17.6	23.1	16.5	22	28.6	15.4	29.7	17.6	11	16.5	27.5	22	27.5	33	24.2	23.1	27.5	15.4	30.8	11	31.9	14.3	13.2	28.6	30.8	17.6	29.7	17.6	16.5	20.9	24.2	33	25.3	22	19.8	12.1	28.6	24.2	25.3	30.8	16.5	27.5	31.9	33	33	17.6	26.4	26.4	30.8	33	27.5	24.2	29.7	31.9	18.7	13.2	25.3	27.5	30.8	27.5	17.6	11	24.2	17.6	14.3	19.8	15.4	27.5	20.9	17.6	17.6	28.6	29.7	24.2	11	22	15.4	29.7	25.3	26.4	15.4	27.5	27.5	33	16.5	27.5	20.9	24.2	25.3	26.4	12.1	27.5	25.3	15.4	17.6	22	13.2	12.1	27.5	15.4	24.2	29.7	19.8	19.8	17.6	12.1	16.5	12.1	19.8	28.6	23.1	33	29.7	26.4	30.8	11	23.1	14.3	28.6	16.5	28.6	15.4	29.7	27.5	11	28.6	14.3	16.5	18.7	19.8	16.5	17.6	13.2	24.2	28.6	22	28.6	24.2	30.8	26.4	33	33	17.6	24.2	20.9	33	19.8	30.8	14.3	18.7	22	30.8	26.4	28.6	17.6	12.1	20.9	20.9	26.4	11	17.6	12.1	29.7	12.1	19.8	26.4	23.1	27.5	19.8	18.7	11	26.4	18.7	29.7	29.7	27.5	22	13.2	30.8	14.3	24.2	33	31.9	27.5	11	33	29.7	11	33	15.4	12.1	15.4	30.8	20.9	31.9	22	28.6	27.5	16.5	27.5	16.5	33	18.7	25.3	16.5	14.3	18.7	26.4	25.3	19.8	14.3	25.3	25.3	22	13.2	26.4	27.5	15.4	29.7	12.1	26.4	31.9	33	11	12.1	30.8	11	15.4	14.3	20.9	29.7	30.8	11	33	26.4	16.5	18.7	31.9	12.1	17.6	12.1	16.5	18.7	14.3	31.9	31.9	12.1	15.4	14.3	33	31.9	12.1	29.7	29.7	11	27.5	13.2	11	15.4	28.6	33	19.8	22	19.8	30.8	11	23.1	31.9	29.7	30.8	25.3	22	29.7	25.3	17.6	16.5	24.2	16.5	22	20.9	19.8	11	19.8	23.1	22	11	14.3	17.6	33	14.3	15.4	28.6	23.1	14.3	25.3	16.5	26.4	30.8	16.5	24.2	18.7	14.3	28.6	18.7	33	13.2	27.5	14.3	19.8	25.3	28.6	13.2	27.5	25.3	17.6	29.7	20.9	22	17.6	16.5	11	28.6	23.1	22	31.9	11	29.7	26.4	19.8	17.6	31.9	15.4	17.6	29.7	20.9	22	31.9	20.9	23.1	33	17.6	27.5	16.5	28.6	24.2	30.8	28.6	26.4	23.1	30.8	25.3	22	15.4	12.1	19.8	20.9	14.3	15.4	31.9	17.6	23.1	30.8	28.6	23.1	19.8	12.1	30.8	17.6	18.7	29.7	17.6	25.3	15.4	26.4	30.8	17.6	11	13.2	22	12.1	14.3	12.1	20.9	23.1	33	31.9	11	31.9	19.8	25.3	23.1	23.1	33	22	33	23.1	33	28.6	31.9	26.4	27.5	28.6	22	29.7	20.9	22	17.6	24.2	13.2	17.6	24.2	11	16.5	16.5	19.8	28.6	12.1	30.8	18.7	23.1	24.2	26.4	14.3	17.6	15.4	19.8	30.8	18.7	12.1	30.8	14.3	30.8	25.3	28.6	31.9	23.1	18.7	22	17.6	23.1	29.7	27.5	24.2	33	12.1	17.6	31.9	19.8	23.1	20.9	30.8	29.7	24.2	15.4	27.5	29.7	12.1	13.2	14.3	15.4	26.4	20.9	18.7	31.9	22	25.3	20.9	23.1	14.3	16.5	19.8	31.9	14.3	12.1	16.5	14.3	17.6	22	19.8	14.3	19.8	29.7	11	24.2	22	24.2	29.7	23.1	13.2	31.9	11	23.1	20.9	28.6	14.3	26.4	16.5	13.2	29.7	24.2	19.8	18.7	11	30.8	11	15.4	23.1	23.1	22	20.9	23.1	27.5	11	28.6	17.6	12.1	27.5	26.4	28.6	19.8	13.2	26.4	11	26.4	30.8	30.8	18.7	16.5	26.4	15.4	13.2	33	30.8	31.9	18.7	
31.9	15.4	24.2	12.1	25.3	12.1	25.3	16.5	17.6	15.4	33	24.2	14.3	18.7	23.1	15.4	31.9	14.3	29.7	33	17.6	28.6	19.8	11	20.9	31.9	11	28.6	16.5	16.5	20.9	22	23.1	24.2	33	29.7	13.2	20.9	19.8	12.1	27.5	23.1	23.1	17.6	17.6	33	20.9	18.7	33	26.4	18.7	27.5	30.8	16.5	31.9	13.2	19.8	13.2	13.2	22	16.5	15.4	29.7	26.4	22	33	25.3	22	29.7	20.9	29.7	14.3	28.6	14.3	26.4	22	16.5	12.1	12.1	20.9	31.9	26.4	30.8	18.7	17.6	20.9	15.4	25.3	23.1	16.5	19.8	18.7	14.3	19.8	22	29.7	31.9	11	18.7	19.8	30.8	33	11	26.4	25.3	31.9	27.5	18.7	12.1	27.5	19.8	31.9	11	31.9	33	15.4	28.6	18.7	23.1	14.3	31.9	30.8	17.6	12.1	19.8	19.8	33	13.2	27.5	20.9	13.2	30.8	30.8	27.5	24.2	20.9	14.3	15.4	25.3	26.4	26.4	23.1	29.7	18.7	33	22	24.2	24.2	31.9	28.6	18.7	31.9	17.6	31.9	26.4	17.6	29.7	14.3	33	24.2	19.8	26.4	26.4	19.8	20.9	30.8	12.1	20.9	11	31.9	19.8	31.9	12.1	33	26.4	29.7	25.3	27.5	20.9	28.6	33	20.9	29.7	22	30.8	22	15.4	15.4	24.2	29.7	20.9	16.5	26.4	17.6	16.5	20.9	15.4	20.9	19.8	12.1	23.1	25.3	17.6	18.7	12.1	31.9	27.5	22	28.6	24.2	33	16.5	17.6	28.6	27.5	28.6	29.7	20.9	17.6	23.1	13.2	22	25.3	33	11	16.5	26.4	14.3	25.3	22	31.9	25.3	14.3	22	25.3	28.6	11	15.4	16.5	19.8	23.1	18.7	20.9	12.1	31.9	18.7	18.7	29.7	25.3	11	24.2	22	14.3	30.8	30.8	33	16.5	30.8	31.9	15.4	20.9	22	17.6	20.9	23.1	22	20.9	15.4	33	30.8	29.7	24.2	23.1	25.3	20.9	29.7	28.6	22	17.6	19.8	28.6	33	27.5	11	18.7	19.8	27.5	27.5	14.3	17.6	15.4	25.3	33	14.3	31.9	16.5	14.3	11	16.5	28.6	29.7	22	19.8	12.1	31.9	12.1	15.4	30.8	22	33	30.8	24.2	17.6	27.5	12.1	20.9	22	11	28.6	27.5	16.5	28.6	33	26.4	27.5	30.8	31.9	13.2	11	31.9	18.7	30.8	25.3	25.3	11	13.2	27.5	27.5	20.9	13.2	13.2	25.3	16.5	18.7	28.6	13.2	23.1	27.5	25.3	25.3	16.5	16.5	11	25.3	20.9	14.3	28.6	33	16.5	25.3	27.5	24.2	16.5	25.3	12.1	30.8	17.6	16.5	19.8	17.6	27.5	29.7	12.1	12.1	19.8	14.3	33	17.6	24.2	31.9	24.2	24.2	24.2	19.8	24.2	17.6	26.4	30.8	24.2	24.2	14.3	23.1	19.8	29.7	18.7	18.7	15.4	33	16.5	19.8	14.3	12.1	26.4	16.5	14.3	19.8	31.9	18.7	12.1	17.6	17.6	22	29.7	24.2	20.9	15.4	12.1	29.7	28.6	14.3	27.5	22	19.8	12.1	16.5	28.6	25.3	28.6	26.4	17.6	25.3	14.3	22	18.7	18.7	23.1	33	30.8	22	25.3	26.4	12.1	19.8	26.4	26.4	26.4	26.4	17.6	19.8	18.7	14.3	22	12.1	18.7	26.4	16.5	20.9	28.6	29.7	26.4	30.8	22	16.5	16.5	30.8	12.1	15.4	20.9	14.3	20.9	30.8	24.2	23.1	29.7	30.8	28.6	27.5	17.6	14.3	18.7	26.4	12.1	17.6	23.1	27.5	26.4	17.6	16.5	22	26.4	15.4	18.7	31.9	14.3	23.1	25.3	28.6	24.2	31.9	25.3	19.8	26.4	15.4	28.6	28.6	23.1	29.7	27.5	17.6	27.5	14.3	25.3	22	16.5	33	11	24.2	12.1	15.4	11	33	15.4	14.3	15.4	22	24.2	20.9	20.9	18.7	11	23.1	28.6	26.4	25.3	12.1	25.3	30.8	11	33	28.6	15.4	24.2	20.9	24.2	14.3	25.3	28.6	25.3	23.1	26.4	24.2	31.9	16.5	13.2	15.4	20.9	28.6	33	11	29.7	12.1	23.1	11	18.7	22	27.5	24.2	11	27.5	30.8	25.3	30.8	17.6	31.9	23.1	17.6	18.7	13.2	19.8	19.8	20.9	31.9	19.8	29.7	27.5	27.5	30.8	25.3	24.2	12.1	12.1	29.7	33	15.4	12.1	20.9	13.2	30.8	33	29.7	19.8	25.3	27.5	26.4	14.3	19.8	13.2	17.6	25.3	14.3	28.6	27.5	15.4	18.7	13.2	29.7	15.4	12.1	29.7	33	33	13.2	20.9	26.4	31.9	16.5	11	29.7	25.3	14.3	13.2	11	13.2	18.7	33	27.5	23.1	18.7	31.9	18.7	33	28.6	24.2	25.3	23.1	11	31.9	28.6	17.6	20.9	17.6	22	26.4	11	15.4	17.6	30.8	33	24.2	15.4	27.5	23.1	17.6	28.6	25.3	33	17.6	15.4	17.6	16.5	30.8	14.3	17.6	27.5	14.3	24.2	24.2	12.1	29.7	25.3	13.2	25.3	17.6	16.5	14.3	31.9	23.1	26.4	29.7	17.6	29.7	17.6	15.4	25.3	27.5	27.5	24.2	17.6	15.4	22	27.5	17.6	33	30.8	22	27.5	33	23.1	27.5	19.8	24.2	20.9	12.1	33	23.1	13.2	33	23.1	12.1	30.8	17.6	31.9	33	30.8	22	23.1	20.9	14.3	16.5	22	23.1	27.5	33	17.6	20.9	30.8	30.8	27.5	27.5	24.2	11	18.7	18.7	14.3	11	11	13.2	31.9	28.6	12.1	28.6	31.9	26.4	20.9	29.7	12.1	33	22	26.4	29.7	31.9	29.7	26.4	17.6	31.9	13.2	24.2	15.4	27.5	11	11	23.1	20.9	28.6	17.6	26.4	24.2	17.6	24.2	16.5	19.8	16.5	27.5	33	18.7	26.4	28.6	11	19.8	11	16.5	22	23.1	24.2	15.4	33	24.2	19.8	27.5	14.3	16.5	25.3	28.6	24.2	19.8	15.4	24.2	26.4	26.4	14.3	27.5	11	16.5	31.9	17.6	20.9	12.1	31.9	17.6	22	30.8	26.4	23.1	28.6	28.6	25.3	28.6	31.9	11	18.7	30.8	15.4	33	14.3	17.6	22	12.1	15.4	24.2	26.4	18.7	27.5	14.3	20.9	33	33	23.1	13.2	28.6	18.7	12.1	13.2	30.8	26.4	25.3	14.3	24.2	18.7	28.6	26.4	18.7	23.1	15.4	14.3	27.5	33	22	31.9	13.2	29.7	31.9	26.4	30.8	12.1	23.1	23.1	12.1	24.2	15.4	29.7	28.6	24.2	27.5	33	20.9	29.7	25.3	31.9	14.3	13.2	17.6	33	11	15.4	24.2	17.6	27.5	14.3	28.6	11	14.3	11	19.8	17.6	12.1	16.5	28.6	18.7	18.7	11	30.8	31.9	22	28.6	15.4	14.3	24.2	18.7	25.3	33	17.6	12.1	28.6	26.4	14.3	30.8	23.1	16.5	20.9	25.3	11	13.2	20.9	19.8	33	26.4	12.1	26.4	19.8	19.8	27.5	13.2	25.3	25.3	16.5	29.7	14.3	15.4	16.5	15.4	29.7	19.8	26.4	17.6	25.3	31.9	30.8	17.6	27.5	12.1	27.5	28.6	27.5	29.7	15.4	11	12.1	14.3	25.3	18.7	20.9	11	16.5	30.8	15.4	14.3	20.9	24.2	12.1	14.3	23.1	30.8	18.7	17.6	31.9	23.1	31.9	23.1	22	25.3	17.6	29.7	11	28.6	19.8	17.6	33	16.5	20.9	14.3	
23.1	13.2	31.9	33	18.7	28.6	11	29.7	33	15.4	33	19.8	14.3	16.5	28.6	20.9	13.2	29.7	24.2	19.8	29.7	14.3	13.2	12.1	24.2	12.1	13.2	14.3	19.8	24.2	
13	16	13	10	15	18	19	18	17	13	10	20	19	18	16	17	13	19	18	17	12	14	16	11	16	14	13	13	17	17	15	14	18	12	17	16	14	18	15	19	13	13	12	19	18	13	20	16	11	20	16	10	19	16	15	14	11	12	15	11	17	15	14	12	16	11	18	13	11	19	10	10	12	10	14	16	19	14	18	19	12	10	13	15	16	20	15	13	14	13	10	17	15	17	18	10	18	13	13	16	15	14	14	11	14	11	15	14	11	16	13	18	18	14	13	11	18	16	14	16	19	12	15	14	10	15	13	19	12	17	18	18	11	19	19	18	13	18	14	12	14	12	14	17	16	17	12	18	16	18	20	12	14	20	13	19	12	16	13	10	16	19	12	14	11	15	19	12	20	14	13	11	16	15	16	16	10	16	12	16	14	15	19	18	18	15	20	12	13	19	14	11	19	14	16	20	18	15	17	12	17	17	17	19	11	11	13	20	12	20	19	14	15	14	20	12	14	17	11	11	19	11	10	16	10	13	19	19	18	18	13	19	20	15	15	18	10	12	14	12	13	15	16	17	12	16	16	12	17	12	20	17	18	20	19	17	17	11	19	12	15	20	16	12	16	17	19	15	20	17	11	16	12	15	13	13	14	19	12	11	14	13	10	16	10	16	19	10	13	10	12	16	10	11	13	20	20	10	11	20	19	16	18	15	10	20	19	12	20	14	17	18	17	19	14	19	12	20	14	20	10	20	15	14	20	12	16	16	16	16	13	13	18	19	12	11	11	20	12	19	14	10	13	18	13	10	16	13	12	19	11	16	14	19	10	14	14	16	15	18	12	16	14	15	20	10	20	10	13	11	20	20	11	15	20	14	18	18	17	14	14	13	11	20	10	17	19	15	12	18	20	10	13	18	20	15	18	17	14	10	11	19	10	12	11	10	14	20	14	19	10	19	19	14	15	18	19	19	18	10	19	14	20	11	15	15	12	17	17	16	15	15	18	10	19	11	10	19	18	15	13	11	19	20	17	10	17	13	10	15	16	18	18	20	11	11	12	10	10	11	11	12	16	19	20	12	15	15	10	18	19	16	13	10	13	19	10	19	16	16	20	12	13	14	12	16	11	10	16	17	19	19	19	14	18	11	14	17	16	18	16	19	11	19	13	19	19	18	17	18	19	15	19	14	13	18	19	15	15	16	15	17	13	19	13	16	11	15	20	11	10	20	17	14	15	19	17	18	13	10	17	13	18	16	13	19	11	19	15	11	10	13	13	12	20	15	10	10	16	14	15	15	14	15	18	16	15	13	19	11	15	18	13	11	14	19	14	14	20	10	16	11	14	10	11	17	11	17	18	14	14	12	20	11	12	20	20	20	13	16	12	15	14	13	12	18	12	14	11	11	18	12	14	20	18	17	12	14	17	19	11	11	20	12	17	13	14	11	11	18	17	19	10	16	12	17	15	16	16	20	14	10	16	14	10	19	20	11	11	11	11	10	12	20	15	11	20	18	15	14	13	15	17	20	19	19	13	18	16	16	17	15	19	18	15	10	13	15	11	16	20	10	17	19	20	12	17	17	17	14	18	17	13	13	17	17	15	15	17	11	10	15	11	13	10	15	20	20	10	15	20	13	16	11	14	10	20	11	11	12	15	14	11	10	19	19	18	10	10	15	15	20	11	17	10	12	13	11	15	18	19	15	11	19	15	15	11	20	19	13	18	18	20	18	14	10	15	13	17	10	18	18	18	20	10	14	12	14	19	10	19	12	19	10	17	13	16	16	10	10	11	16	10	16	18	19	20	11	11	13	16	12	11	14	16	20	11	14	20	15	18	12	16	17	16	16	16	11	16	18	10	17	17	15	11	11	18	16	14	12	12	14	12	15	17	15	19	13	13	13	16	15	20	12	15	19	14	17	14	11	14	20	13	16	17	17	20	10	19	17	18	11	14	14	10	13	11	18	18	16	19	12	12	11	19	19	16	15	12	16	14	13	17	16	20	16	20	10	16	13	13	18	13	10	19	10	10	14	15	18	16	11	19	15	15	16	15	18	18	16	12	17	13	13	16	13	14	15	12	17	14	11	10	19	10	17	13	17	14	12	17	20	16	16	20	19	10	13	14	20	16	19	16	19	17	11	19	16	11	14	17	13	16	12	20	19	11	19	15	12	12	15	11	13	14	20	15	11	14	19	20	14	16	16	18	19	18	16	11	14	11	13	11	14	14	20	13	10	13	18	16	15	19	16	10	14	20	17	20	16	13	16	10	10	16	11	20	12	13	12	
1	1	1	1	1	1	1	1	1	1	1	1	1	1	1	1	1	1	1	1	1	1	1	1	1	1	1	1	1	1	1	1	1	1	1	1	1	1	1	1	1	1	1	1	1	1	1	2	2	2	2	2	2	2	2	2	2	2	2	2	2	2	2	2	2	2	2	2	2	2	2	2	2	2	2	3	3	3	3	3	3	3	3	3	3	3	3	3	3	3	3	3	3	3	3	3	3	3	3	3	3	3	3	3	3	3	3	3	3	3	3	3	4	4	4	4	4	4	4	4	4	4	4	4	4	4	4	4	4	4	4	4	4	4	4	4	4	4	4	4	4	4	4	4	4	4	4	4	4	5	5	5	5	5	5	5	5	5	5	5	5	5	5	5	5	5	5	5	5	5	5	5	5	5	5	5	5	5	5	5	5	5	5	5	5	5	6	6	6	6	6	6	6	6	6	6	6	6	6	6	6	6	6	6	6	6	6	6	6	6	6	6	6	6	6	7	7	7	7	7	7	7	7	7	7	7	7	7	7	7	7	7	7	7	7	7	7	7	7	7	7	7	7	8	8	8	8	8	8	8	8	8	8	8	8	8	8	8	8	8	8	8	8	8	8	8	8	8	8	8	8	9	9	9	9	9	9	9	9	9	9	9	9	9	9	9	9	9	9	9	9	9	9	9	9	9	9	9	9	9	10	10	10	10	10	10	10	10	10	10	10	10	10	10	10	10	10	10	10	10	10	10	10	10	10	11	11	11	11	11	11	11	11	11	11	11	11	11	11	11	11	11	11	11	11	11	11	11	11	11	11	11	11	11	11	11	11	11	11	11	12	12	12	12	12	12	12	12	12	12	12	12	12	12	12	12	12	12	12	12	12	12	12	12	12	12	12	12	12	12	12	12	12	12	13	13	13	13	13	13	13	13	13	13	13	13	13	13	13	13	13	13	13	13	13	13	13	13	13	13	13	13	13	13	13	13	13	13	13	13	13	13	14	14	14	14	14	14	14	14	14	14	14	14	14	14	14	14	14	14	14	14	14	14	14	14	14	14	14	14	14	14	14	14	14	14	15	15	15	15	15	15	15	15	15	15	15	15	15	15	15	15	15	15	15	15	15	15	15	15	15	15	15	15	15	15	15	15	15	15	16	16	16	16	16	16	16	16	16	16	16	16	16	16	16	16	16	16	16	16	16	16	16	16	17	17	17	17	17	17	17	17	17	17	17	17	17	17	17	17	17	17	17	17	17	17	17	17	17	17	17	17	17	18	18	18	18	18	18	18	18	18	18	18	18	18	18	18	18	18	18	18	18	18	18	18	18	18	18	18	18	18	18	18	18	18	18	18	18	19	19	19	19	19	19	19	19	19	19	19	19	19	19	19	19	19	19	19	19	19	19	19	19	19	19	19	19	19	19	19	19	19	20	20	20	20	20	20	20	20	20	20	20	20	20	20	20	20	20	20	20	20	20	20	20	20	20	20	20	20	20	20	20	20	20	20	20	21	21	21	21	21	21	21	21	21	21	21	21	21	21	21	21	21	21	21	21	21	21	21	21	21	21	21	21	21	21	21	21	21	21	21	21	21	21	21	22	22	22	22	22	22	22	22	22	22	22	22	22	22	22	22	22	22	22	22	22	22	22	22	22	22	22	23	23	23	23	23	23	23	23	23	23	23	23	23	23	23	23	23	23	23	23	23	23	23	23	23	23	23	23	23	23	23	23	23	23	23	23	23	23	23	23	24	24	24	24	24	24	24	24	24	24	24	24	24	24	24	24	24	24	24	24	24	24	24	24	24	24	24	24	24	24	24	24	24	24	24	25	25	25	25	25	25	25	25	25	25	25	25	25	25	25	25	25	25	25	25	25	25	25	25	25	25	25	25	25	25	25	25	25	25	25	25	25	25	25	26	26	26	26	26	26	26	26	26	26	26	26	26	26	26	26	26	26	26	26	26	26	26	26	26	26	26	26	26	26	26	27	27	27	27	27	27	27	27	27	27	27	27	27	27	27	27	27	27	27	27	27	27	27	27	27	27	27	27	27	27	27	27	27	27	27	27	27	28	28	28	28	28	28	28	28	28	28	28	28	28	28	28	28	28	28	28	28	28	28	28	28	28	28	28	28	28	28	28	28	28	28	29	29	29	29	29	29	29	29	29	29	29	29	29	29	29	29	29	29	29	29	29	29	30	30	30	30	30	30	30	30	30	30	30	30	30	30	30	30	30	30	30	30	30	30	30	30	30	30	30	30	30	30	30	30	30	30	30	30	30	30	30	
