1000
45	5
351	24.2
30	28	28	28	29	31	30	30	26	27	31	30	29	29	29	29	29	31	27	29	27	31	30	30	26	31	31	30	28	26	31	31	26	27	26	28	31	31	26	27	27	30	26	31	31	31	28	30	29	29	26	27	31	29	29	27	29	27	29	28	29	26	27	31	28	29	30	30	27	31	29	27	27	26	26	31	26	29	28	28	26	29	27	30	30	30	29	31	28	27	30	31	31	31	29	29	27	26	30	31	31	30	26	26	31	29	27	26	30	27	31	26	31	29	30	26	31	30	30	31	31	28	26	26	26	31	26	30	29	28	31	31	28	28	26	27	30	29	26	28	31	26	26	31	26	26	31	30	31	30	31	29	28	31	31	26	28	26	29	31	26	26	29	29	31	31	29	29	29	29	29	26	27	27	27	27	27	29	30	28	26	27	31	29	31	27	31	27	31	29	31	26	28	30	28	29	26	29	26	31	27	26	28	26	29	26	26	30	28	30	27	31	26	29	29	31	27	31	27	30	30	31	30	29	26	28	27	26	26	26	30	26	30	26	29	29	30	29	29	29	28	27	28	29	29	27	29	26	26	28	28	27	30	28	31	31	29	31	29	29	26	26	28	29	29	31	26	27	31	26	26	29	30	27	31	26	28	30	28	31	30	29	31	31	26	26	30	31	26	31	31	31	26	31	31	30	27	27	29	31	26	31	28	29	27	26	30	31	29	30	27	31	30	27	28	28	27	31	30	30	31	28	28	31	28	26	31	27	26	26	31	30	27	26	28	27	30	27	26	28	28	31	29	29	27	28	30	29	31	27	29	31	26	30	28	30	31	31	27	27	28	28	26	31	31	29	28	27	26	26	26	29	26	30	30	31	31	29	29	31	31	28	31	27	28	31	31	31	28	30	29	30	27	29	30	31	30	26	26	30	29	31	31	29	27	26	30	31	30	26	31	27	31	27	30	30	29	30	31	28	31	28	26	26	29	31	29	30	31	31	26	30	28	29	27	30	29	30	28	27	27	26	30	26	28	26	26	31	30	26	30	29	30	31	27	26	26	30	26	26	29	26	26	28	31	31	28	27	28	28	27	31	27	30	26	30	31	28	26	26	31	29	27	28	27	31	30	27	31	26	27	28	29	28	31	31	26	27	29	30	26	27	28	28	28	31	31	26	31	26	28	30	29	29	26	27	27	29	26	30	27	30	31	28	28	29	27	29	28	30	29	30	27	28	27	28	27	29	29	27	26	27	28	28	30	27	27	28	30	28	28	28	30	28	26	28	26	31	31	31	29	27	28	31	28	27	28	29	31	30	28	28	30	29	29	30	30	28	30	29	31	31	28	29	31	29	28	28	27	31	31	27	28	27	28	27	30	30	28	31	31	27	28	26	28	30	27	29	27	26	30	30	27	29	31	27	29	28	26	26	26	28	29	29	29	26	28	27	31	31	28	31	30	31	26	26	30	31	29	27	28	31	30	29	31	28	28	29	31	30	31	31	30	29	29	31	31	28	29	31	28	28	27	30	30	28	27	26	28	26	31	29	26	28	30	28	28	30	26	29	30	31	26	30	28	28	29	29	29	27	29	28	31	31	26	30	31	31	26	28	30	30	30	28	31	27	26	28	30	31	27	27	26	27	27	30	28	26	27	29	31	26	31	27	30	28	30	30	31	29	27	29	30	28	30	29	31	30	26	29	26	26	30	29	26	29	31	29	27	30	31	29	30	31	30	28	27	31	27	27	29	31	29	27	28	27	30	30	31	28	30	30	27	26	28	27	27	30	26	28	31	28	30	27	29	29	31	28	29	30	29	29	29	31	30	29	29	28	30	29	29	29	29	27	31	26	26	26	31	31	28	28	29	27	26	26	31	31	27	29	31	31	28	26	31	29	31	30	27	31	31	31	29	29	29	31	31	27	26	31	27	27	26	27	30	29	27	31	29	29	31	30	26	30	30	27	29	29	30	29	29	26	28	26	26	31	30	31	30	30	28	31	26	30	28	26	27	28	26	27	28	26	30	26	26	29	31	26	31	27	26	26	27	28	29	30	30	28	29	29	27	29	29	26	30	30	26	31	26	30	31	27	26	27	28	31	26	29	31	30	26	31	26	28	27	30	30	28	29	30	26	27	26	29	26	27	26	31	27	30	28	27	31	28	30	31	27	27	29	31	27	26	28	26	31	28	27	28	28	31	30	31	31	30	27	30	26	27	28	28	28	31	31	27	31	30	26	31	31	31	27	26	29	28	30	30	30	29	26	30	29	27	28	26	27	29	30	28	31	26	
90	89	76	83	88	81	93	92	79	84	87	88	94	91	86	76	94	92	85	85	79	94	90	88	92	87	86	84	77	88	84	82	85	84	80	85	91	81	94	94	83	80	92	85	92	89	78	87	89	78	84	91	82	88	77	82	89	89	92	81	84	90	92	91	84	81	88	80	88	76	89	90	78	84	82	81	76	81	89	91	79	93	94	80	84	82	92	91	79	87	77	91	79	87	78	85	85	80	88	91	82	94	78	94	76	82	85	78	77	87	90	85	77	94	83	81	86	91	81	87	84	90	94	82	79	77	80	94	77	84	82	90	79	84	88	78	84	91	89	94	83	88	87	76	83	82	81	80	90	91	88	78	86	91	84	84	85	91	81	89	94	79	91	76	89	92	83	82	77	89	90	88	81	80	81	94	87	90	84	93	93	93	87	85	78	78	94	88	85	84	91	86	84	92	85	89	83	94	85	77	88	78	83	88	78	87	79	86	82	91	83	78	76	83	91	82	82	84	79	86	93	86	84	81	77	82	92	93	91	77	89	82	86	85	91	87	80	79	86	81	92	78	88	92	87	91	86	82	85	90	91	76	92	81	78	88	94	84	83	84	92	91	88	80	82	85	79	79	76	90	88	94	93	84	81	83	85	91	80	77	90	79	94	93	79	81	83	91	77	93	88	82	79	90	79	80	81	84	85	89	83	80	83	94	81	78	89	85	79	80	89	78	77	90	91	93	92	94	88	80	93	89	92	80	91	88	86	87	89	80	91	81	92	87	79	86	87	91	76	82	86	87	90	77	79	82	91	81	89	93	77	85	85	80	91	76	81	78	84	76	87	80	91	81	87	81	86	84	81	79	76	86	92	93	78	83	91	88	89	92	89	88	80	88	92	90	88	92	86	78	91	81	80	93	82	93	91	84	87	78	83	82	82	86	83	89	89	93	86	89	94	79	84	80	79	81	88	91	89	89	79	92	77	89	83	89	89	91	76	81	77	77	80	86	77	87	91	78	85	84	77	84	90	86	80	83	88	77	83	86	92	83	81	91	83	79	85	79	83	76	90	81	76	92	84	84	91	87	92	87	86	76	87	80	81	91	94	77	84	94	76	83	78	79	93	94	83	85	86	82	82	90	83	83	87	79	77	78	91	86	77	79	85	86	92	88	84	84	80	84	85	86	87	87	91	85	91	93	87	76	93	93	85	92	89	77	78	85	91	85	90	90	78	92	77	83	88	92	76	80	87	94	77	83	82	78	87	86	78	90	79	93	82	78	80	93	87	91	77	83	76	90	93	89	80	79	86	88	93	79	78	93	85	89	78	82	86	77	89	87	88	79	87	82	93	82	89	92	85	80	94	90	77	78	80	93	79	86	90	92	79	83	81	89	84	78	94	82	80	92	78	89	91	78	90	84	92	80	88	87	83	88	87	80	77	83	76	86	80	82	78	83	86	77	76	81	78	91	91	89	89	82	89	91	89	80	87	88	94	84	76	91	91	84	85	83	81	94	92	86	77	79	81	81	88	77	78	91	90	79	88	79	80	79	93	82	92	85	89	79	84	80	91	86	91	77	86	93	83	81	78	89	90	82	78	89	93	86	93	83	76	79	76	79	76	78	91	86	94	81	86	92	82	92	80	90	87	88	78	85	76	79	80	88	91	86	82	81	80	83	88	78	84	78	92	85	77	76	87	83	86	79	89	78	94	90	92	83	83	82	77	86	83	85	88	76	91	81	77	82	84	77	91	88	90	87	89	85	78	87	84	92	93	94	77	82	91	80	93	83	93	82	90	89	77	86	82	87	94	76	86	89	92	90	79	77	77	83	94	76	91	78	93	94	91	81	83	89	93	90	85	88	87	94	80	82	83	77	78	86	83	84	78	82	84	83	89	92	82	82	83	87	85	89	82	81	87	77	78	91	88	90	84	81	78	78	86	90	79	77	90	92	76	82	89	82	93	82	81	79	89	79	90	91	80	94	93	90	82	84	93	84	77	94	76	86	85	85	76	80	76	83	85	93	94	79	82	76	82	85	77	85	91	89	86	90	80	79	77	87	92	88	81	84	89	94	94	90	85	84	91	93	82	90	87	81	78	87	84	92	86	83	85	93	86	82	89	91	87	90	92	90	81	82	81	86	94	88	92	85	84	88	92	87	78	94	82	77	89	93	91	81	93	93	79	87	83	91	90	85	86	90	88	94	94	87	76	80	85	83	76	86	78	77	86	79	89	92	90	81	81	79	81	85	85	94	92	85	91	83	86	85	77	81	79	91	83	87	86	77	
27.5	17.6	22	23.1	19.8	20.9	17.6	22	12.1	25.3	14.3	24.2	16.5	12.1	30.8	19.8	31.9	25.3	23.1	24.2	12.1	16.5	16.5	24.2	19.8	15.4	25.3	19.8	19.8	23.1	20.9	31.9	24.2	23.1	25.3	20.9	33	18.7	18.7	25.3	31.9	11	25.3	27.5	29.7	17.6	13.2	14.3	11	26.4	25.3	24.2	20.9	16.5	20.9	13.2	23.1	20.9	17.6	31.9	22	20.9	33	27.5	29.7	27.5	27.5	11	23.1	16.5	14.3	28.6	24.2	30.8	18.7	20.9	11	27.5	16.5	28.6	15.4	23.1	11	26.4	33	22	30.8	18.7	25.3	17.6	25.3	17.6	25.3	16.5	20.9	29.7	11	24.2	15.4	22	22	19.8	29.7	30.8	25.3	30.8	30.8	14.3	11	11	16.5	11	22	30.8	19.8	13.2	11	11	31.9	30.8	20.9	30.8	23.1	18.7	15.4	16.5	33	33	33	29.7	30.8	24.2	12.1	13.2	25.3	27.5	24.2	20.9	30.8	18.7	14.3	16.5	13.2	33	14.3	27.5	12.1	19.8	17.6	17.6	33	30.8	31.9	14.3	27.5	25.3	18.7	28.6	12.1	18.7	13.2	27.5	18.7	20.9	15.4	16.5	11	30.8	29.7	17.6	24.2	33	30.8	25.3	11	24.2	12.1	12.1	23.1	33	12.1	16.5	18.7	14.3	18.7	31.9	17.6	33	30.8	19.8	14.3	14.3	26.4	28.6	16.5	27.5	23.1	33	30.8	33	16.5	24.2	20.9	18.7	11	30.8	11	13.2	31.9	27.5	13.2	33	29.7	30.8	30.8	26.4	16.5	26.4	17.6	25.3	15.4	22	29.7	25.3	12.1	20.9	15.4	11	28.6	12.1	17.6	12.1	29.7	26.4	12.1	31.9	30.8	24.2	15.4	31.9	26.4	33	28.6	26.4	24.2	14.3	29.7	26.4	29.7	19.8	14.3	24.2	17.6	17.6	28.6	12.1	12.1	28.6	27.5	22	12.1	30.8	24.2	11	13.2	22	28.6	13.2	22	22	27.5	11	33	29.7	12.1	26.4	25.3	23.1	19.8	29.7	16.5	22	30.8	27.5	12.1	24.2	33	31.9	30.8	23.1	27.5	18.7	18.7	29.7	19.8	16.5	28.6	20.9	17.6	22	29.7	17.6	15.4	12.1	26.4	28.6	17.6	19.8	33	29.7	13.2	28.6	17.6	23.1	33	30.8	19.8	20.9	31.9	20.9	25.3	26.4	33	11	18.7	24.2	31.9	11	30.8	26.4	19.8	25.3	20.9	14.3	29.7	31.9	30.8	27.5	27.5	11	28.6	15.4	27.5	20.9	23.1	12.1	24.2	26.4	18.7	12.1	11	14.3	16.5	14.3	11	28.6	24.2	28.6	28.6	23.1	13.2	20.9	17.6	15.4	30.8	22	18.7	12.1	27.5	18.7	26.4	31.9	29.7	27.5	27.5	24.2	22	24.2	31.9	20.9	20.9	17.6	16.5	14.3	23.1	26.4	17.6	30.8	31.9	24.2	27.5	17.6	25.3	22	20.9	14.3	11	15.4	15.4	24.2	19.8	28.6	23.1	19.8	14.3	16.5	29.7	13.2	15.4	29.7	28.6	25.3	24.2	15.4	30.8	26.4	12.1	12.1	26.4	11	20.9	19.8	22	26.4	28.6	23.1	24.2	20.9	12.1	14.3	24.2	14.3	13.2	16.5	15.4	23.1	26.4	17.6	24.2	29.7	18.7	19.8	31.9	30.8	23.1	15.4	30.8	33	26.4	11	16.5	26.4	15.4	20.9	18.7	15.4	16.5	27.5	31.9	22	26.4	31.9	11	13.2	30.8	33	11	33	28.6	26.4	20.9	30.8	28.6	20.9	22	19.8	22	28.6	23.1	15.4	20.9	25.3	31.9	17.6	29.7	14.3	16.5	26.4	28.6	23.1	26.4	33	13.2	11	28.6	15.4	23.1	12.1	12.1	33	27.5	19.8	15.4	19.8	20.9	29.7	28.6	28.6	15.4	15.4	24.2	18.7	31.9	23.1	17.6	17.6	27.5	20.9	28.6	26.4	25.3	12.1	24.2	31.9	27.5	29.7	18.7	13.2	16.5	29.7	20.9	27.5	26.4	22	17.6	25.3	11	19.8	27.5	17.6	11	20.9	19.8	11	18.7	25.3	29.7	14.3	27.5	28.6	30.8	14.3	18.7	26.4	33	19.8	20.9	15.4	16.5	26.4	18.7	27.5	25.3	27.5	24.2	26.4	24.2	31.9	25.3	23.1	25.3	26.4	27.5	29.7	25.3	14.3	12.1	20.9	16.5	20.9	14.3	11	11	14.3	13.2	22	24.2	30.8	23.1	20.9	33	25.3	26.4	18.7	25.3	26.4	14.3	26.4	20.9	25.3	17.6	11	17.6	14.3	33	25.3	24.2	15.4	23.1	26.4	11	26.4	17.6	26.4	25.3	12.1	23.1	23.1	31.9	19.8	17.6	13.2	18.7	17.6	15.4	29.7	14.3	16.5	13.2	20.9	27.5	28.6	30.8	22	13.2	23.1	20.9	14.3	26.4	19.8	18.7	11	14.3	15.4	18.7	27.5	33	17.6	30.8	14.3	19.8	30.8	16.5	30.8	25.3	18.7	23.1	24.2	19.8	18.7	33	22	12.1	23.1	14.3	15.4	11	31.9	11	30.8	30.8	17.6	24.2	25.3	12.1	23.1	20.9	15.4	23.1	14.3	30.8	25.3	27.5	24.2	12.1	16.5	11	15.4	25.3	27.5	24.2	18.7	33	15.4	28.6	19.8	31.9	20.9	26.4	11	11	27.5	20.9	18.7	23.1	11	20.9	30.8	13.2	27.5	26.4	13.2	12.1	27.5	29.7	26.4	27.5	23.1	27.5	28.6	18.7	23.1	15.4	28.6	22	11	19.8	16.5	16.5	17.6	27.5	16.5	15.4	22	12.1	30.8	24.2	20.9	11	17.6	11	17.6	14.3	27.5	31.9	12.1	16.5	19.8	23.1	28.6	16.5	30.8	17.6	14.3	13.2	25.3	18.7	25.3	22	14.3	13.2	14.3	28.6	14.3	20.9	31.9	20.9	28.6	26.4	30.8	23.1	15.4	13.2	26.4	31.9	25.3	27.5	28.6	29.7	17.6	23.1	16.5	28.6	24.2	24.2	20.9	16.5	13.2	31.9	17.6	15.4	24.2	14.3	29.7	11	15.4	28.6	27.5	13.2	16.5	22	31.9	16.5	14.3	30.8	17.6	19.8	28.6	14.3	20.9	24.2	15.4	19.8	29.7	17.6	20.9	11	33	14.3	13.2	25.3	16.5	17.6	29.7	22	15.4	28.6	14.3	11	31.9	28.6	14.3	23.1	16.5	18.7	16.5	14.3	17.6	24.2	18.7	33	30.8	14.3	29.7	11	29.7	33	12.1	18.7	27.5	33	23.1	17.6	30.8	19.8	13.2	26.4	19.8	24.2	25.3	20.9	11	16.5	23.1	25.3	19.8	20.9	15.4	22	22	19.8	18.7	22	23.1	20.9	30.8	13.2	29.7	30.8	33	19.8	23.1	17.6	13.2	28.6	15.4	25.3	14.3	19.8	20.9	24.2	26.4	19.8	27.5	16.5	30.8	31.9	30.8	13.2	28.6	23.1	30.8	22	16.5	13.2	16.5	18.7	28.6	11	15.4	18.7	19.8	26.4	24.2	31.9	19.8	19.8	18.7	27.5	18.7	16.5	28.6	26.4	17.6	18.7	26.4	24.2	33	13.2	16.5	22	15.4	19.8	24.2	12.1	17.6	19.8	20.9	23.1	12.1	23.1	17.6	31.9	30.8	19.8	33	26.4	26.4	23.1	25.3	31.9	28.6	33	12.1	27.5	28.6	19.8	27.5	27.5	33	28.6	11	29.7	22	16.5	11	12.1	19.8	11	26.4	27.5	28.6	16.5	33	27.5	33	17.6	33	27.5	18.7	14.3	14.3	27.5	14.3	29.7	18.7	19.8	14.3	18.7	33	20.9	33	28.6	27.5	12.1	17.6	11	23.1	18.7	24.2	
18.7	18.7	28.6	33	30.8	27.5	31.9	19.8	23.1	13.2	25.3	25.3	26.4	26.4	31.9	18.7	23.1	17.6	19.8	33	14.3	30.8	12.1	16.5	18.7	22	13.2	23.1	25.3	19.8	22	12.1	13.2	27.5	18.7	17.6	14.3	29.7	12.1	16.5	33	29.7	25.3	25.3	16.5	25.3	26.4	33	25.3	28.6	25.3	31.9	16.5	26.4	27.5	12.1	12.1	31.9	33	18.7	31.9	12.1	13.2	25.3	18.7	33	31.9	17.6	23.1	14.3	22	14.3	24.2	17.6	18.7	18.7	19.8	15.4	16.5	11	19.8	13.2	22	29.7	13.2	12.1	13.2	16.5	12.1	23.1	15.4	22	11	18.7	24.2	29.7	18.7	26.4	28.6	23.1	18.7	31.9	17.6	20.9	22	20.9	17.6	15.4	29.7	25.3	18.7	11	30.8	31.9	19.8	13.2	30.8	25.3	14.3	20.9	13.2	13.2	16.5	25.3	22	22	30.8	20.9	31.9	26.4	23.1	29.7	29.7	12.1	14.3	15.4	20.9	28.6	16.5	24.2	11	14.3	15.4	23.1	16.5	25.3	23.1	20.9	30.8	27.5	27.5	13.2	15.4	29.7	15.4	29.7	19.8	33	27.5	20.9	13.2	16.5	19.8	25.3	15.4	29.7	23.1	13.2	31.9	26.4	14.3	30.8	16.5	18.7	23.1	13.2	33	33	13.2	15.4	15.4	12.1	12.1	24.2	22	33	28.6	23.1	29.7	13.2	15.4	24.2	33	31.9	30.8	18.7	19.8	33	15.4	24.2	18.7	31.9	29.7	12.1	19.8	27.5	17.6	30.8	14.3	25.3	25.3	24.2	29.7	15.4	14.3	12.1	24.2	28.6	20.9	17.6	25.3	29.7	11	11	18.7	25.3	27.5	24.2	15.4	15.4	26.4	33	11	20.9	25.3	12.1	13.2	26.4	22	11	29.7	31.9	30.8	19.8	22	13.2	26.4	27.5	24.2	28.6	23.1	14.3	14.3	31.9	31.9	26.4	23.1	26.4	18.7	30.8	17.6	24.2	23.1	17.6	30.8	25.3	13.2	20.9	26.4	16.5	29.7	27.5	20.9	24.2	24.2	30.8	28.6	13.2	12.1	33	15.4	30.8	30.8	18.7	30.8	20.9	25.3	13.2	13.2	20.9	18.7	33	25.3	23.1	11	17.6	13.2	23.1	24.2	31.9	12.1	19.8	29.7	19.8	31.9	29.7	28.6	18.7	30.8	27.5	17.6	31.9	23.1	29.7	25.3	11	19.8	11	24.2	22	29.7	20.9	16.5	16.5	14.3	33	27.5	18.7	23.1	24.2	17.6	31.9	24.2	31.9	28.6	26.4	12.1	29.7	24.2	16.5	22	31.9	26.4	25.3	31.9	17.6	31.9	17.6	24.2	29.7	25.3	27.5	15.4	28.6	31.9	27.5	22	14.3	17.6	24.2	33	33	15.4	33	17.6	29.7	14.3	19.8	11	26.4	15.4	13.2	31.9	11	14.3	17.6	33	12.1	22	12.1	15.4	16.5	15.4	13.2	26.4	24.2	26.4	16.5	29.7	14.3	16.5	20.9	17.6	23.1	25.3	33	14.3	14.3	18.7	18.7	28.6	29.7	18.7	30.8	27.5	12.1	11	24.2	33	29.7	22	16.5	17.6	17.6	28.6	22	13.2	24.2	19.8	17.6	27.5	20.9	19.8	12.1	24.2	33	12.1	13.2	25.3	15.4	20.9	29.7	33	17.6	18.7	19.8	25.3	26.4	18.7	18.7	11	25.3	13.2	31.9	33	12.1	28.6	14.3	31.9	30.8	24.2	24.2	14.3	22	26.4	28.6	18.7	31.9	14.3	15.4	29.7	16.5	12.1	14.3	12.1	33	18.7	13.2	25.3	31.9	17.6	26.4	23.1	23.1	17.6	20.9	25.3	33	15.4	23.1	33	24.2	27.5	12.1	14.3	18.7	14.3	14.3	18.7	29.7	14.3	23.1	28.6	22	15.4	23.1	12.1	25.3	18.7	28.6	18.7	25.3	17.6	26.4	11	29.7	11	27.5	28.6	30.8	30.8	29.7	16.5	11	11	26.4	14.3	27.5	18.7	30.8	33	17.6	23.1	29.7	17.6	26.4	19.8	14.3	14.3	25.3	31.9	33	33	22	16.5	22	11	22	20.9	19.8	26.4	24.2	17.6	25.3	29.7	33	19.8	16.5	20.9	27.5	19.8	12.1	11	15.4	27.5	23.1	17.6	17.6	26.4	24.2	19.8	18.7	23.1	16.5	30.8	27.5	18.7	25.3	27.5	16.5	26.4	24.2	29.7	24.2	31.9	18.7	26.4	17.6	26.4	20.9	23.1	14.3	25.3	15.4	23.1	26.4	20.9	14.3	22	25.3	29.7	12.1	26.4	24.2	17.6	30.8	11	30.8	18.7	26.4	31.9	22	22	20.9	31.9	19.8	12.1	17.6	15.4	26.4	22	31.9	24.2	12.1	17.6	16.5	12.1	27.5	13.2	18.7	31.9	24.2	29.7	23.1	20.9	18.7	20.9	31.9	26.4	12.1	31.9	18.7	25.3	24.2	12.1	23.1	11	18.7	13.2	30.8	23.1	19.8	15.4	12.1	11	16.5	31.9	26.4	20.9	33	28.6	15.4	11	17.6	20.9	33	26.4	11	29.7	29.7	13.2	18.7	28.6	17.6	16.5	11	14.3	16.5	12.1	26.4	19.8	15.4	28.6	15.4	24.2	11	29.7	17.6	13.2	25.3	30.8	14.3	18.7	33	16.5	31.9	22	15.4	22	29.7	17.6	17.6	19.8	12.1	27.5	14.3	26.4	16.5	13.2	20.9	19.8	25.3	12.1	16.5	23.1	19.8	15.4	25.3	26.4	18.7	11	20.9	11	18.7	20.9	22	25.3	25.3	23.1	14.3	16.5	11	23.1	17.6	20.9	22	26.4	11	14.3	29.7	30.8	16.5	26.4	16.5	15.4	16.5	12.1	26.4	18.7	22	14.3	18.7	30.8	18.7	25.3	31.9	11	13.2	22	24.2	14.3	23.1	31.9	12.1	33	24.2	29.7	28.6	24.2	11	20.9	31.9	15.4	15.4	14.3	33	27.5	27.5	20.9	24.2	17.6	12.1	23.1	16.5	18.7	19.8	29.7	24.2	22	20.9	23.1	16.5	24.2	29.7	26.4	17.6	24.2	17.6	19.8	30.8	16.5	25.3	26.4	20.9	20.9	27.5	15.4	20.9	16.5	12.1	20.9	28.6	14.3	15.4	25.3	24.2	11	14.3	18.7	17.6	28.6	12.1	24.2	23.1	27.5	26.4	19.8	14.3	30.8	33	18.7	19.8	24.2	18.7	12.1	31.9	22	13.2	15.4	24.2	25.3	28.6	33	30.8	13.2	15.4	31.9	14.3	13.2	16.5	16.5	33	29.7	33	30.8	28.6	25.3	19.8	19.8	33	22	23.1	27.5	24.2	12.1	28.6	23.1	22	16.5	19.8	17.6	15.4	28.6	19.8	30.8	16.5	11	30.8	14.3	27.5	22	15.4	17.6	30.8	27.5	14.3	28.6	33	24.2	27.5	19.8	19.8	13.2	27.5	13.2	20.9	27.5	19.8	33	25.3	19.8	16.5	26.4	23.1	22	30.8	25.3	25.3	19.8	12.1	16.5	29.7	29.7	20.9	20.9	13.2	19.8	15.4	28.6	20.9	12.1	12.1	13.2	24.2	23.1	23.1	12.1	26.4	22	17.6	30.8	23.1	16.5	19.8	16.5	26.4	29.7	30.8	16.5	24.2	12.1	12.1	30.8	23.1	14.3	15.4	27.5	20.9	18.7	17.6	20.9	17.6	23.1	27.5	22	29.7	11	23.1	23.1	20.9	14.3	22	24.2	25.3	29.7	30.8	20.9	11	20.9	22	30.8	27.5	25.3	26.4	16.5	16.5	23.1	19.8	12.1	23.1	24.2	25.3	31.9	23.1	24.2	18.7	11	23.1	28.6	27.5	11	14.3	22	24.2	27.5	24.2	12.1	23.1	25.3	11	30.8	18.7	17.6	16.5	23.1	20.9	17.6	11	29.7	11	
22	11	28.6	19.8	14.3	28.6	17.6	20.9	15.4	24.2	16.5	26.4	27.5	11	11	30.8	19.8	19.8	27.5	30.8	22	31.9	12.1	24.2	28.6	12.1	12.1	30.8	18.7	31.9	18.7	26.4	17.6	24.2	19.8	13.2	14.3	27.5	11	28.6	11	27.5	22	16.5	11	
17	20	16	20	10	11	12	16	13	10	20	12	18	12	16	13	10	12	14	13	10	11	12	16	16	15	19	14	12	12	15	14	10	20	11	11	15	11	15	13	17	19	19	11	17	19	12	14	20	13	15	18	11	15	19	13	19	11	19	18	13	14	14	10	16	12	10	13	15	13	11	13	17	20	20	17	13	18	11	11	16	19	10	13	15	10	11	15	11	10	19	16	17	20	11	15	16	19	18	19	14	19	15	12	18	14	18	18	12	16	15	11	19	17	13	12	19	16	15	19	14	14	20	20	19	11	13	18	13	15	10	10	18	19	16	15	13	19	15	15	17	18	19	11	14	15	15	20	17	14	20	13	15	12	18	10	20	20	18	18	14	17	19	10	13	19	15	17	15	11	10	15	10	13	16	12	14	20	18	13	14	11	14	10	10	17	11	12	13	19	10	15	12	19	20	12	17	19	16	19	10	15	15	13	12	16	12	13	12	14	18	10	16	20	10	15	19	10	13	15	16	17	15	19	17	15	10	15	15	12	10	16	11	11	16	17	12	20	11	20	15	19	11	17	15	12	18	11	15	13	19	16	10	11	18	16	10	11	10	15	20	19	19	15	10	10	16	19	20	11	12	19	16	16	15	17	13	17	12	19	19	16	13	12	11	20	12	18	14	11	17	16	15	11	15	16	18	15	16	15	17	13	17	12	11	10	10	18	19	15	19	19	11	12	20	10	17	18	12	15	20	18	10	11	13	16	12	14	19	15	16	13	14	14	19	14	13	14	10	18	10	19	12	16	13	15	18	19	11	17	16	18	13	14	13	17	10	19	20	13	13	17	11	14	10	19	12	10	10	16	18	20	18	11	17	15	19	20	17	11	11	15	15	18	12	18	18	15	15	18	14	20	14	11	12	17	11	11	16	12	14	17	18	14	18	13	13	15	12	17	11	18	18	17	13	14	16	13	16	20	20	17	18	14	16	18	15	16	17	10	17	10	13	13	18	15	17	18	13	17	12	16	10	12	14	16	10	11	15	17	11	10	12	19	19	20	18	13	19	17	15	20	11	20	15	18	19	18	20	20	17	13	18	20	17	16	10	14	16	18	13	20	20	13	12	11	12	14	18	12	16	10	14	11	17	12	11	11	13	11	17	10	20	20	12	16	19	15	14	17	13	17	19	12	16	17	11	17	12	17	10	11	14	16	17	13	19	17	16	10	18	13	20	18	19	11	11	15	15	19	16	19	12	15	16	14	20	13	14	14	20	18	19	17	12	17	15	20	10	18	12	13	10	12	16	18	11	15	11	12	12	13	10	15	19	19	18	18	14	20	12	18	14	18	19	10	19	10	12	12	16	10	14	14	15	12	17	13	19	10	15	12	16	14	20	10	17	10	20	18	12	14	18	18	11	15	14	12	10	19	17	11	14	18	15	16	20	16	19	18	13	17	14	18	20	20	13	18	14	20	12	14	18	10	12	19	10	19	17	13	10	14	14	16	13	12	13	14	16	17	15	20	16	10	14	13	12	17	14	19	11	14	19	19	14	16	13	19	15	14	18	19	13	17	12	10	15	18	11	10	20	12	15	15	13	20	13	20	17	20	20	13	11	20	13	18	17	14	13	20	16	18	11	19	16	16	13	16	11	16	17	10	15	15	14	13	12	17	17	18	14	16	14	17	15	13	17	11	12	12	17	18	16	11	19	14	19	17	19	16	13	20	10	17	17	20	12	13	10	14	19	12	17	19	10	17	13	12	10	19	10	10	14	20	18	17	13	16	19	15	12	19	13	17	20	16	16	12	16	15	13	17	15	12	13	13	11	20	12	16	16	20	13	20	13	20	18	14	18	17	18	18	15	18	16	17	19	13	15	11	14	11	20	15	12	20	10	19	11	12	20	20	12	16	10	12	20	19	13	16	15	19	10	17	15	14	10	15	15	17	10	16	14	16	11	17	20	18	10	15	19	14	12	12	11	17	12	15	16	13	17	13	17	15	15	10	19	14	10	12	20	10	13	13	19	15	17	12	12	15	14	15	19	18	19	15	12	12	10	12	16	11	16	13	15	15	16	19	13	14	13	11	18	10	18	13	13	14	16	15	19	20	15	15	20	15	17	19	17	15	14	12	14	19	14	20	16	16	13	15	12	20	16	19	20	10	19	20	16	13	10	17	10	17	19	13	10	20	18	14	13	19	10	15	17	20	19	19	20	15	14	16	10	18	16	17	19	20	15	17	13	19	10	20	19	18	12	17	17	15	19	17	10	18	17	14	19	18	12	14	
1	1	1	1	1	1	1	1	1	1	1	1	1	1	1	1	2	2	2	2	2	2	2	2	2	2	2	2	2	2	2	2	2	2	2	2	2	2	3	3	3	3	3	3	3	3	3	3	3	3	3	3	3	3	3	3	3	3	3	4	4	4	4	4	4	4	4	4	4	4	4	4	4	4	4	4	4	4	4	4	4	4	5	5	5	5	5	5	5	5	5	5	5	5	5	5	5	5	5	5	5	5	5	6	6	6	6	6	6	6	6	6	6	6	6	6	6	6	6	6	6	6	6	6	6	7	7	7	7	7	7	7	7	7	7	7	7	7	7	7	7	7	8	8	8	8	8	8	8	8	8	8	8	8	8	8	8	8	8	8	8	8	8	9	9	9	9	9	9	9	9	9	9	9	9	9	9	9	9	9	9	10	10	10	10	10	10	10	10	10	10	10	10	10	10	10	10	10	10	10	10	10	10	10	10	10	10	10	11	11	11	11	11	11	11	11	11	11	11	11	11	11	11	11	11	12	12	12	12	12	12	12	12	12	12	12	12	12	12	12	12	12	12	12	12	12	12	13	13	13	13	13	13	13	13	13	13	13	13	13	13	13	13	13	13	13	14	14	14	14	14	14	14	14	14	14	14	14	14	14	14	14	14	14	14	14	14	14	14	14	14	14	15	15	15	15	15	15	15	15	15	15	15	15	15	15	15	15	15	15	15	15	15	15	15	16	16	16	16	16	16	16	16	16	16	16	16	16	16	16	16	16	16	16	16	16	16	16	16	17	17	17	17	17	17	17	17	17	17	17	17	17	17	17	17	17	17	17	17	18	18	18	18	18	18	18	18	18	18	18	18	18	18	18	18	18	18	19	19	19	19	19	19	19	19	19	19	19	19	19	19	19	19	19	19	19	19	19	19	20	20	20	20	20	20	20	20	20	20	20	20	20	20	20	20	20	20	20	20	20	20	20	20	20	20	20	20	20	21	21	21	21	21	21	21	21	21	21	21	21	21	21	21	21	21	21	21	22	22	22	22	22	22	22	22	22	22	22	22	22	22	22	22	22	22	22	22	22	22	22	22	22	22	22	22	22	22	23	23	23	23	23	23	23	23	23	23	23	23	23	23	23	23	23	23	23	23	24	24	24	24	24	24	24	24	24	24	24	24	24	24	24	24	24	24	24	25	25	25	25	25	25	25	25	25	25	25	25	25	25	25	25	25	25	25	25	25	25	25	25	26	26	26	26	26	26	26	26	26	26	26	26	26	26	26	26	26	26	26	26	26	26	26	26	26	27	27	27	27	27	27	27	27	27	27	27	27	27	27	27	27	27	28	28	28	28	28	28	28	28	28	28	28	28	28	28	28	28	28	28	28	28	28	29	29	29	29	29	29	29	29	29	29	29	29	29	29	29	29	29	29	29	29	29	30	30	30	30	30	30	30	30	30	30	30	30	30	30	30	30	30	30	30	30	30	30	30	30	31	31	31	31	31	31	31	31	31	31	31	31	31	31	31	31	31	31	31	31	31	32	32	32	32	32	32	32	32	32	32	32	32	32	32	32	32	32	32	32	32	32	32	32	32	33	33	33	33	33	33	33	33	33	33	33	33	33	33	33	33	33	33	33	33	33	33	33	33	33	33	33	33	33	33	33	34	34	34	34	34	34	34	34	34	34	34	34	34	34	34	34	34	34	34	34	34	35	35	35	35	35	35	35	35	35	35	35	35	35	35	35	35	35	35	35	35	35	35	35	35	35	36	36	36	36	36	36	36	36	36	36	36	36	36	36	36	36	36	36	36	36	36	37	37	37	37	37	37	37	37	37	37	37	37	37	37	37	37	37	37	38	38	38	38	38	38	38	38	38	38	38	38	38	38	38	38	38	38	38	38	38	39	39	39	39	39	39	39	39	39	39	39	39	39	39	39	39	39	39	39	39	39	39	39	39	39	39	39	40	40	40	40	40	40	40	40	40	40	40	40	40	40	40	40	40	40	40	40	40	40	40	40	40	40	40	40	40	40	40	40	40	41	41	41	41	41	41	41	41	41	41	41	41	41	41	41	41	41	41	41	41	41	41	42	42	42	42	42	42	42	42	42	42	42	42	42	42	43	43	43	43	43	43	43	43	43	43	43	43	43	43	43	43	43	43	43	44	44	44	44	44	44	44	44	44	44	44	44	44	44	44	44	44	44	44	44	44	44	44	45	45	45	45	45	45	45	45	45	45	45	45	45	45	45	45	45	45	45	45	45	45	45	45	45	45	45	45	45	45	45	45	
