1000
30	5
507	28.6
29	29	26	29	31	28	29	26	26	27	26	28	31	28	29	31	31	31	27	27	27	28	28	28	27	26	29	31	28	26	30	30	27	31	29	27	26	28	26	31	27	31	31	29	28	27	28	28	29	27	27	29	31	27	29	30	29	30	29	26	31	31	28	27	31	26	26	29	31	30	26	28	30	30	28	26	27	30	28	31	31	26	30	27	27	31	26	31	29	26	28	30	31	29	31	26	31	30	28	26	31	31	30	31	28	26	31	27	28	26	28	27	29	30	29	27	28	27	26	30	30	27	29	26	26	26	28	30	31	30	27	31	28	26	26	26	30	26	30	31	28	29	30	29	31	30	29	27	26	26	31	30	26	31	28	28	31	29	26	27	27	29	30	29	27	31	27	30	26	31	30	26	29	28	29	31	27	28	27	26	30	31	26	27	30	30	28	27	29	27	27	30	26	28	31	29	30	27	30	28	29	31	28	29	26	31	28	30	31	26	26	27	31	30	29	29	29	27	31	26	30	30	31	30	30	27	27	30	28	31	27	29	27	31	29	31	30	30	28	26	26	28	28	26	28	31	28	30	30	31	26	26	29	27	28	30	29	28	30	26	26	30	26	27	29	27	30	30	29	27	29	29	26	29	27	26	29	31	27	26	26	26	27	26	31	27	29	29	28	26	31	29	26	26	26	31	26	28	31	28	29	27	30	27	28	29	28	29	27	31	30	27	26	28	28	27	28	26	27	27	29	27	29	26	30	28	31	27	31	28	31	30	27	30	27	31	30	31	27	31	31	31	28	30	29	29	30	28	29	30	28	29	31	29	30	29	26	31	26	29	26	28	31	29	28	31	28	28	26	31	29	28	29	31	29	26	28	26	30	29	27	29	28	30	26	31	28	28	26	29	28	26	29	31	28	30	28	30	26	28	31	30	31	26	31	27	29	31	31	26	26	29	29	27	29	26	28	27	26	27	27	30	31	27	27	30	27	27	27	30	29	31	28	27	29	31	26	31	31	29	26	26	31	31	27	26	28	31	31	26	30	27	29	30	31	30	31	31	30	30	26	26	26	29	26	26	28	27	27	31	26	31	31	30	30	28	26	31	26	30	27	27	31	27	28	31	31	28	31	27	27	31	29	26	30	28	30	29	27	27	26	27	31	26	31	28	27	29	28	29	26	28	31	26	31	26	28	26	28	28	29	28	30	26	26	28	27	31	28	29	26	30	31	31	27	27	28	26	30	30	30	26	29	30	30	31	28	30	27	30	30	29	30	29	27	26	30	31	28	27	27	29	29	27	28	27	26	29	27	27	29	30	28	28	26	28	31	28	31	30	26	27	27	26	27	28	28	31	29	27	29	30	28	30	29	31	27	30	27	30	30	27	26	27	30	26	31	26	29	29	26	29	29	26	26	29	27	28	30	31	30	27	29	26	30	26	26	29	29	26	31	29	28	29	30	31	28	29	31	26	27	28	26	30	27	28	29	30	29	26	30	31	30	31	26	26	30	29	26	30	31	29	30	28	29	27	28	30	31	27	29	28	27	31	28	29	27	29	30	29	30	28	27	30	26	26	26	29	31	29	26	26	26	31	26	26	27	27	28	26	27	26	27	28	30	29	31	27	28	27	26	30	28	26	30	31	30	29	27	31	31	27	28	31	30	26	28	30	27	29	30	26	27	30	30	29	28	30	27	26	26	31	27	29	28	27	29	29	26	31	27	26	27	27	30	28	26	28	31	29	26	30	31	31	26	31	31	30	28	29	27	27	26	31	31	26	27	27	27	27	26	27	27	27	29	29	27	30	29	27	31	31	31	30	29	26	31	29	29	27	28	28	31	28	31	28	31	27	31	26	30	31	26	29	29	26	30	27	30	28	27	27	30	26	26	26	29	30	28	27	26	31	27	28	30	28	30	31	30	27	29	31	29	29	29	26	27	31	27	28	31	27	28	26	28	26	28	29	27	31	28	27	29	26	28	27	28	28	28	29	29	28	31	26	27	26	31	30	27	27	26	29	31	29	28	28	30	30	26	26	27	31	26	26	29	29	29	27	31	27	28	30	30	26	28	26	30	27	28	28	30	29	28	30	31	29	27	31	29	31	29	30	27	26	29	30	29	31	31	31	31	28	27	29	29	27	28	30	28	30	26	27	27	27	27	29	27	28	31	27	30	26	31	28	29	29	31	30	28	28	26	30	30	28	26	27	29	28	28	27	28	28	31	30	29	28	26	29	30	31	31	28	30	31	27	27	27	27	29	28	29	29	29	26	29	28	26	30	31	27	
79	93	89	85	84	86	83	83	94	90	85	82	92	80	94	86	87	83	76	83	78	78	77	83	84	85	89	76	82	87	91	76	84	82	91	88	86	84	90	93	93	78	92	78	86	82	83	76	90	93	93	80	86	92	92	86	78	89	89	91	88	88	85	86	87	79	85	76	79	78	78	79	81	77	94	80	87	84	89	87	77	93	77	84	86	85	83	82	94	88	85	85	92	81	90	89	76	76	77	90	81	79	79	93	79	76	87	90	79	89	87	83	93	94	83	91	88	77	86	92	94	88	79	92	77	92	78	82	84	91	87	76	87	89	89	94	89	91	89	93	92	83	83	82	80	81	89	88	76	94	82	80	83	87	85	87	76	85	82	83	87	87	93	78	89	84	90	79	81	78	90	76	84	91	90	82	93	87	87	79	85	90	79	81	86	91	89	79	85	93	87	89	81	85	76	78	91	84	81	94	85	83	89	86	82	90	93	86	85	93	78	85	76	93	78	94	84	88	90	82	81	85	83	91	85	83	80	86	80	92	83	92	77	94	80	91	78	82	85	87	84	84	91	77	88	79	83	90	89	83	91	93	93	94	76	86	81	81	80	85	85	94	77	87	89	89	82	83	86	94	83	76	86	88	90	91	80	76	77	85	89	79	90	94	87	80	79	85	81	80	84	82	86	76	84	94	88	92	91	88	93	76	85	83	85	84	80	84	84	86	91	94	80	77	87	86	86	87	89	76	80	79	77	82	93	88	78	94	94	84	79	84	83	78	92	83	92	93	78	81	83	76	88	90	83	78	78	93	78	83	90	78	87	93	84	79	77	83	87	86	82	91	81	86	91	85	84	83	82	92	85	82	77	80	94	90	88	88	89	82	79	90	85	83	90	91	82	88	93	82	94	79	93	77	86	78	86	94	89	94	93	88	77	88	87	93	92	90	91	93	79	84	84	86	84	87	80	86	91	93	92	77	88	83	85	93	78	86	93	78	86	92	83	80	92	85	87	81	92	89	76	90	93	79	77	84	85	76	87	92	80	84	89	91	83	87	78	80	82	92	86	93	92	88	78	88	77	89	88	85	85	89	86	82	80	79	78	85	93	94	90	80	85	78	76	78	82	93	85	88	81	77	93	79	86	79	78	89	90	92	79	89	89	79	80	78	77	90	77	94	90	89	76	88	78	88	82	88	91	83	81	89	92	86	91	84	80	93	85	78	76	89	91	92	79	89	82	89	81	87	87	90	76	92	93	88	77	85	90	93	92	85	93	76	87	79	88	86	93	91	81	83	92	81	80	88	89	82	85	90	92	84	88	77	89	92	86	78	85	80	94	78	92	79	76	93	90	76	82	83	78	76	79	82	94	91	82	84	77	84	79	84	77	76	83	78	87	92	85	90	76	92	82	80	86	89	90	78	94	92	78	90	78	84	80	81	86	80	79	91	84	87	92	89	79	83	86	94	82	76	80	93	85	87	79	82	90	90	81	80	76	83	85	79	91	77	85	89	94	78	79	79	76	85	80	93	93	83	80	84	92	79	84	94	87	76	93	83	91	88	80	90	94	76	90	82	88	76	82	84	81	86	84	81	81	83	79	78	86	76	91	88	82	82	85	94	76	92	81	93	81	87	79	83	80	87	86	92	79	90	84	94	87	84	83	83	78	92	79	83	94	94	87	89	91	80	90	76	93	94	88	78	86	78	81	76	89	84	88	87	86	88	85	94	87	92	79	80	86	91	82	91	93	92	77	83	80	86	76	94	84	93	93	80	86	91	78	79	88	84	79	87	84	88	77	78	88	91	87	88	84	84	78	85	91	81	88	77	94	87	80	93	90	94	90	84	77	94	87	92	85	92	76	79	78	83	80	89	85	81	90	77	84	77	80	83	90	88	79	81	82	90	87	90	94	79	84	77	77	93	85	86	79	76	89	85	88	83	92	91	88	94	78	86	92	90	76	92	76	79	87	78	80	84	93	76	82	76	87	87	82	91	84	91	81	76	76	78	81	80	80	78	92	89	78	87	79	81	78	82	89	79	92	93	92	90	81	84	92	90	80	81	88	77	92	92	81	92	90	80	76	87	89	84	90	89	84	84	80	93	77	88	92	85	93	78	85	86	89	91	84	88	91	92	79	89	91	87	93	85	80	94	92	93	77	85	89	82	92	77	76	81	76	85	83	86	90	92	84	84	79	85	77	86	86	81	79	79	78	90	82	86	92	94	77	83	82	89	90	92	82	83	89	78	79	82	86	76	89	89	77	85	84	78	86	92	85	79	83	89	
14.3	28.6	31.9	28.6	15.4	29.7	16.5	23.1	23.1	11	27.5	20.9	11	13.2	16.5	16.5	20.9	25.3	28.6	12.1	24.2	16.5	13.2	31.9	12.1	26.4	17.6	28.6	14.3	18.7	23.1	33	30.8	19.8	15.4	29.7	15.4	28.6	25.3	31.9	14.3	24.2	27.5	23.1	30.8	20.9	24.2	13.2	31.9	33	24.2	12.1	19.8	27.5	14.3	28.6	18.7	13.2	19.8	14.3	19.8	23.1	17.6	19.8	17.6	30.8	28.6	18.7	29.7	30.8	30.8	16.5	20.9	31.9	14.3	26.4	25.3	30.8	31.9	19.8	19.8	11	15.4	25.3	19.8	14.3	31.9	15.4	30.8	11	33	30.8	28.6	29.7	27.5	31.9	17.6	18.7	26.4	33	13.2	19.8	31.9	13.2	18.7	14.3	14.3	28.6	27.5	26.4	33	18.7	22	19.8	13.2	15.4	17.6	14.3	11	18.7	14.3	11	25.3	20.9	15.4	19.8	23.1	16.5	29.7	31.9	27.5	19.8	24.2	23.1	29.7	12.1	18.7	26.4	28.6	15.4	29.7	29.7	24.2	31.9	25.3	17.6	27.5	20.9	33	24.2	23.1	14.3	15.4	25.3	12.1	30.8	18.7	25.3	17.6	12.1	30.8	28.6	33	26.4	11	26.4	31.9	17.6	22	24.2	13.2	20.9	31.9	16.5	18.7	30.8	24.2	15.4	18.7	20.9	15.4	20.9	16.5	25.3	16.5	19.8	12.1	15.4	18.7	11	14.3	19.8	13.2	13.2	27.5	12.1	12.1	26.4	11	13.2	27.5	26.4	22	27.5	20.9	28.6	30.8	14.3	25.3	27.5	11	31.9	31.9	14.3	30.8	30.8	11	16.5	24.2	28.6	12.1	33	22	12.1	20.9	23.1	26.4	11	27.5	16.5	12.1	26.4	27.5	26.4	16.5	22	14.3	11	28.6	28.6	17.6	18.7	28.6	24.2	29.7	30.8	19.8	13.2	33	18.7	23.1	16.5	29.7	17.6	27.5	25.3	15.4	26.4	13.2	31.9	23.1	24.2	11	14.3	22	12.1	27.5	12.1	27.5	31.9	33	11	30.8	33	12.1	16.5	11	16.5	19.8	17.6	28.6	15.4	22	33	16.5	33	11	12.1	13.2	23.1	14.3	27.5	14.3	18.7	11	28.6	17.6	22	12.1	16.5	24.2	31.9	22	17.6	25.3	27.5	29.7	12.1	15.4	24.2	15.4	30.8	27.5	14.3	15.4	13.2	15.4	12.1	14.3	27.5	22	11	13.2	27.5	11	23.1	15.4	33	29.7	28.6	31.9	30.8	16.5	14.3	19.8	25.3	18.7	27.5	31.9	33	26.4	12.1	26.4	14.3	11	19.8	14.3	11	20.9	24.2	23.1	30.8	28.6	26.4	28.6	12.1	31.9	29.7	30.8	25.3	24.2	20.9	18.7	12.1	25.3	16.5	13.2	14.3	15.4	12.1	17.6	26.4	27.5	31.9	17.6	17.6	12.1	14.3	15.4	16.5	27.5	29.7	23.1	14.3	18.7	25.3	12.1	14.3	17.6	15.4	12.1	17.6	16.5	31.9	30.8	30.8	30.8	28.6	13.2	28.6	22	14.3	23.1	28.6	27.5	16.5	20.9	11	31.9	31.9	19.8	29.7	30.8	23.1	30.8	16.5	25.3	13.2	15.4	20.9	28.6	18.7	16.5	29.7	20.9	14.3	30.8	30.8	18.7	14.3	20.9	16.5	15.4	24.2	22	20.9	11	29.7	29.7	29.7	15.4	30.8	19.8	29.7	22	14.3	29.7	28.6	26.4	27.5	31.9	13.2	13.2	33	19.8	19.8	22	12.1	17.6	15.4	31.9	27.5	29.7	18.7	11	16.5	22	19.8	11	25.3	19.8	27.5	27.5	18.7	11	30.8	19.8	23.1	25.3	13.2	29.7	11	12.1	22	18.7	11	27.5	15.4	26.4	19.8	33	29.7	22	15.4	25.3	15.4	26.4	28.6	30.8	22	22	25.3	26.4	18.7	13.2	29.7	29.7	29.7	12.1	30.8	20.9	29.7	24.2	28.6	15.4	28.6	12.1	11	25.3	11	27.5	30.8	31.9	20.9	30.8	13.2	15.4	24.2	31.9	12.1	13.2	12.1	24.2	18.7	28.6	30.8	13.2	13.2	30.8	14.3	28.6	11	31.9	31.9	19.8	14.3	23.1	22	23.1	14.3	25.3	16.5	31.9	14.3	23.1	31.9	13.2	19.8	14.3	28.6	16.5	19.8	23.1	33	19.8	26.4	12.1	24.2	22	26.4	27.5	28.6	18.7	19.8	29.7	20.9	19.8	12.1	17.6	30.8	31.9	13.2	18.7	23.1	25.3	15.4	28.6	18.7	24.2	29.7	31.9	30.8	30.8	15.4	29.7	14.3	20.9	17.6	27.5	16.5	15.4	27.5	31.9	29.7	24.2	28.6	17.6	29.7	30.8	13.2	33	23.1	19.8	23.1	18.7	19.8	17.6	31.9	12.1	25.3	24.2	27.5	24.2	24.2	12.1	20.9	24.2	16.5	25.3	22	13.2	17.6	15.4	26.4	12.1	13.2	16.5	31.9	22	33	20.9	24.2	19.8	29.7	26.4	16.5	31.9	11	12.1	31.9	13.2	14.3	27.5	29.7	23.1	12.1	15.4	18.7	30.8	22	16.5	31.9	28.6	19.8	22	24.2	26.4	29.7	30.8	27.5	20.9	14.3	28.6	20.9	23.1	12.1	19.8	27.5	18.7	11	23.1	13.2	31.9	15.4	17.6	22	20.9	27.5	18.7	27.5	14.3	17.6	13.2	13.2	23.1	12.1	18.7	12.1	22	25.3	27.5	12.1	25.3	25.3	17.6	18.7	18.7	31.9	20.9	15.4	14.3	19.8	31.9	17.6	19.8	23.1	22	11	26.4	20.9	20.9	11	30.8	22	22	28.6	16.5	13.2	16.5	14.3	15.4	11	13.2	28.6	31.9	28.6	24.2	13.2	28.6	16.5	11	23.1	29.7	15.4	16.5	15.4	29.7	11	12.1	31.9	12.1	29.7	23.1	15.4	16.5	22	19.8	13.2	19.8	20.9	13.2	22	33	24.2	24.2	29.7	14.3	20.9	27.5	12.1	25.3	17.6	33	12.1	14.3	18.7	16.5	14.3	24.2	20.9	14.3	17.6	16.5	14.3	17.6	29.7	33	28.6	29.7	28.6	22	11	24.2	30.8	26.4	15.4	29.7	23.1	14.3	33	31.9	11	12.1	17.6	26.4	17.6	16.5	20.9	14.3	30.8	22	28.6	19.8	23.1	12.1	27.5	27.5	27.5	24.2	12.1	12.1	30.8	17.6	12.1	28.6	14.3	11	15.4	28.6	26.4	13.2	33	26.4	13.2	18.7	11	26.4	33	18.7	12.1	27.5	19.8	15.4	25.3	29.7	25.3	18.7	31.9	26.4	28.6	28.6	18.7	19.8	33	12.1	11	33	25.3	13.2	30.8	13.2	26.4	24.2	27.5	14.3	12.1	22	28.6	14.3	24.2	14.3	11	28.6	22	29.7	19.8	25.3	16.5	30.8	16.5	19.8	26.4	30.8	25.3	19.8	11	11	25.3	26.4	23.1	31.9	24.2	14.3	26.4	31.9	18.7	16.5	13.2	13.2	22	27.5	24.2	25.3	16.5	25.3	14.3	30.8	11	27.5	12.1	17.6	15.4	30.8	22	24.2	14.3	31.9	15.4	14.3	24.2	30.8	12.1	12.1	22	14.3	16.5	23.1	16.5	11	18.7	11	22	16.5	27.5	28.6	30.8	11	17.6	28.6	18.7	27.5	14.3	20.9	22	22	13.2	31.9	22	20.9	23.1	30.8	33	17.6	27.5	18.7	14.3	33	11	28.6	13.2	30.8	19.8	11	17.6	31.9	23.1	19.8	23.1	25.3	31.9	17.6	13.2	28.6	28.6	17.6	33	31.9	11	17.6	23.1	16.5	28.6	33	26.4	15.4	23.1	12.1	17.6	15.4	20.9	24.2	26.4	26.4	29.7	29.7	20.9	12.1	29.7	13.2	18.7	
23.1	31.9	29.7	26.4	27.5	19.8	22	20.9	29.7	11	23.1	13.2	19.8	20.9	22	33	17.6	13.2	24.2	11	29.7	18.7	15.4	31.9	22	22	23.1	33	29.7	24.2	11	13.2	26.4	23.1	18.7	31.9	17.6	26.4	13.2	13.2	23.1	26.4	28.6	13.2	30.8	26.4	12.1	14.3	13.2	25.3	11	27.5	31.9	24.2	12.1	14.3	27.5	16.5	30.8	15.4	12.1	29.7	31.9	18.7	24.2	17.6	29.7	30.8	14.3	17.6	31.9	23.1	15.4	29.7	11	20.9	26.4	15.4	29.7	17.6	18.7	12.1	11	12.1	17.6	14.3	20.9	23.1	26.4	11	24.2	27.5	33	28.6	33	11	31.9	27.5	29.7	13.2	11	19.8	25.3	12.1	20.9	19.8	11	31.9	28.6	29.7	12.1	31.9	20.9	15.4	24.2	14.3	19.8	30.8	31.9	15.4	13.2	20.9	33	18.7	18.7	33	33	22	11	31.9	11	25.3	12.1	20.9	26.4	16.5	22	29.7	16.5	20.9	29.7	28.6	29.7	31.9	29.7	15.4	30.8	18.7	12.1	25.3	20.9	14.3	24.2	28.6	28.6	13.2	18.7	19.8	11	26.4	11	12.1	27.5	26.4	17.6	12.1	33	27.5	16.5	30.8	13.2	26.4	33	18.7	19.8	30.8	31.9	13.2	29.7	33	29.7	25.3	22	25.3	17.6	24.2	24.2	29.7	12.1	19.8	19.8	31.9	29.7	15.4	28.6	15.4	25.3	33	27.5	16.5	20.9	17.6	13.2	16.5	30.8	23.1	23.1	12.1	22	28.6	31.9	17.6	26.4	27.5	30.8	27.5	23.1	18.7	15.4	11	14.3	13.2	19.8	28.6	19.8	11	22	22	29.7	16.5	17.6	15.4	27.5	20.9	15.4	16.5	29.7	13.2	26.4	16.5	19.8	28.6	24.2	11	23.1	18.7	12.1	11	30.8	29.7	25.3	26.4	16.5	14.3	28.6	22	29.7	16.5	31.9	19.8	14.3	18.7	12.1	26.4	24.2	30.8	23.1	15.4	19.8	13.2	12.1	30.8	24.2	30.8	23.1	31.9	31.9	20.9	19.8	26.4	13.2	14.3	26.4	23.1	11	33	24.2	15.4	29.7	18.7	29.7	30.8	28.6	13.2	13.2	29.7	25.3	19.8	19.8	16.5	23.1	23.1	26.4	24.2	29.7	30.8	19.8	24.2	12.1	11	11	18.7	29.7	19.8	11	11	29.7	20.9	11	25.3	33	23.1	31.9	22	18.7	29.7	29.7	13.2	30.8	14.3	28.6	31.9	18.7	31.9	27.5	27.5	24.2	11	16.5	13.2	11	33	19.8	15.4	19.8	31.9	17.6	27.5	23.1	29.7	13.2	15.4	19.8	17.6	16.5	14.3	23.1	25.3	14.3	18.7	13.2	24.2	11	26.4	31.9	25.3	14.3	18.7	28.6	19.8	11	33	19.8	31.9	20.9	29.7	33	20.9	20.9	33	31.9	25.3	30.8	17.6	11	20.9	22	11	17.6	22	17.6	28.6	19.8	26.4	13.2	27.5	27.5	12.1	33	29.7	22	19.8	11	16.5	29.7	16.5	19.8	18.7	23.1	13.2	13.2	13.2	24.2	16.5	18.7	14.3	28.6	15.4	27.5	17.6	18.7	33	14.3	31.9	30.8	17.6	31.9	33	29.7	28.6	23.1	11	28.6	11	27.5	15.4	22	18.7	17.6	13.2	23.1	23.1	13.2	14.3	12.1	18.7	13.2	28.6	30.8	26.4	25.3	29.7	25.3	18.7	26.4	17.6	22	17.6	31.9	27.5	27.5	25.3	11	27.5	24.2	19.8	31.9	30.8	30.8	12.1	14.3	29.7	12.1	11	15.4	27.5	24.2	12.1	33	16.5	26.4	23.1	11	29.7	19.8	22	27.5	30.8	24.2	28.6	16.5	25.3	33	17.6	13.2	11	28.6	13.2	23.1	29.7	18.7	29.7	15.4	23.1	18.7	22	33	15.4	17.6	28.6	18.7	17.6	28.6	29.7	19.8	23.1	25.3	17.6	11	14.3	28.6	15.4	15.4	11	11	13.2	25.3	15.4	26.4	33	22	19.8	24.2	14.3	31.9	19.8	14.3	14.3	24.2	24.2	18.7	22	18.7	25.3	17.6	15.4	33	25.3	28.6	20.9	33	14.3	14.3	30.8	13.2	24.2	33	20.9	16.5	13.2	22	13.2	30.8	15.4	28.6	18.7	18.7	12.1	26.4	17.6	29.7	29.7	11	27.5	29.7	30.8	13.2	17.6	16.5	23.1	19.8	13.2	18.7	12.1	33	17.6	17.6	15.4	16.5	22	33	11	20.9	19.8	14.3	20.9	33	16.5	12.1	28.6	17.6	26.4	30.8	28.6	33	31.9	15.4	23.1	26.4	19.8	18.7	30.8	26.4	23.1	33	30.8	17.6	13.2	14.3	16.5	28.6	33	30.8	28.6	19.8	30.8	15.4	26.4	13.2	19.8	29.7	12.1	19.8	24.2	20.9	23.1	33	22	26.4	14.3	25.3	18.7	27.5	33	19.8	25.3	28.6	33	25.3	13.2	19.8	26.4	11	24.2	29.7	16.5	23.1	30.8	30.8	29.7	14.3	30.8	22	11	24.2	25.3	27.5	31.9	30.8	27.5	14.3	12.1	12.1	15.4	30.8	27.5	25.3	17.6	19.8	33	29.7	19.8	22	23.1	27.5	24.2	17.6	24.2	19.8	31.9	18.7	23.1	24.2	18.7	28.6	16.5	14.3	24.2	25.3	25.3	18.7	30.8	18.7	28.6	14.3	19.8	33	33	17.6	26.4	31.9	30.8	11	31.9	15.4	14.3	19.8	24.2	15.4	26.4	16.5	19.8	33	16.5	24.2	17.6	14.3	31.9	16.5	17.6	29.7	14.3	31.9	31.9	13.2	12.1	23.1	23.1	19.8	30.8	22	28.6	13.2	27.5	26.4	17.6	12.1	24.2	14.3	26.4	25.3	17.6	24.2	24.2	33	16.5	30.8	17.6	30.8	18.7	15.4	24.2	20.9	23.1	29.7	27.5	31.9	29.7	28.6	11	13.2	24.2	20.9	19.8	14.3	27.5	27.5	25.3	18.7	20.9	20.9	16.5	23.1	26.4	26.4	22	33	31.9	12.1	11	19.8	27.5	33	18.7	17.6	11	11	27.5	25.3	30.8	15.4	28.6	25.3	11	30.8	29.7	19.8	25.3	17.6	16.5	19.8	17.6	13.2	25.3	31.9	22	14.3	24.2	11	27.5	23.1	19.8	31.9	30.8	26.4	33	33	25.3	26.4	31.9	12.1	26.4	31.9	23.1	29.7	30.8	16.5	22	14.3	29.7	24.2	24.2	20.9	33	15.4	19.8	17.6	26.4	31.9	33	15.4	15.4	14.3	29.7	19.8	11	16.5	14.3	20.9	16.5	26.4	22	12.1	19.8	30.8	27.5	17.6	26.4	31.9	28.6	15.4	20.9	15.4	15.4	17.6	26.4	12.1	11	24.2	19.8	23.1	28.6	33	24.2	17.6	27.5	30.8	24.2	28.6	24.2	25.3	29.7	13.2	26.4	16.5	27.5	17.6	22	33	24.2	19.8	30.8	14.3	31.9	26.4	27.5	23.1	22	28.6	18.7	29.7	20.9	16.5	17.6	25.3	20.9	16.5	25.3	25.3	12.1	18.7	20.9	14.3	20.9	14.3	12.1	29.7	22	33	13.2	23.1	13.2	27.5	19.8	26.4	27.5	12.1	26.4	17.6	17.6	28.6	31.9	31.9	15.4	30.8	27.5	16.5	14.3	19.8	15.4	20.9	22	30.8	20.9	33	14.3	16.5	24.2	20.9	26.4	33	14.3	28.6	11	27.5	22	24.2	13.2	26.4	25.3	31.9	33	28.6	20.9	22	18.7	13.2	25.3	33	28.6	15.4	22	22	19.8	14.3	11	19.8	17.6	24.2	33	12.1	23.1	25.3	31.9	19.8	13.2	19.8	17.6	29.7	27.5	
16.5	24.2	23.1	16.5	19.8	12.1	28.6	11	30.8	11	13.2	20.9	25.3	24.2	27.5	31.9	25.3	33	14.3	23.1	28.6	28.6	25.3	26.4	26.4	23.1	20.9	28.6	31.9	26.4	
11	18	19	18	13	11	17	11	14	15	20	11	19	15	17	10	15	11	20	11	16	12	10	12	13	10	11	17	15	19	16	20	18	12	20	15	11	10	12	11	12	13	20	15	13	15	15	19	15	12	13	11	10	20	13	16	11	16	17	16	13	11	19	16	11	11	14	20	12	19	19	20	13	20	12	14	20	15	15	18	18	18	17	14	16	14	12	13	14	11	19	14	17	14	11	19	17	20	20	18	18	11	14	17	12	13	19	18	15	10	14	20	17	12	10	17	14	17	10	20	14	20	10	10	18	19	16	14	14	15	14	17	19	13	11	13	16	11	15	12	11	16	16	16	17	15	12	16	13	20	14	13	12	19	15	11	20	13	11	17	14	20	18	12	19	11	19	15	18	14	16	10	15	19	11	19	19	19	10	14	19	13	15	18	18	13	17	14	13	13	19	12	16	11	20	12	13	14	14	17	19	19	20	14	19	20	15	12	14	13	14	12	15	12	20	18	19	11	15	14	17	12	12	17	12	10	19	14	17	18	13	12	19	18	13	13	14	19	14	18	14	11	16	18	15	19	13	12	13	15	19	14	13	17	16	12	18	18	12	18	20	12	17	12	19	13	16	11	13	15	10	10	10	15	17	16	18	19	15	20	18	16	15	13	19	13	18	17	11	11	19	13	16	14	13	15	17	10	14	14	16	13	11	14	13	13	18	13	11	19	12	14	17	16	10	20	17	19	19	13	12	17	13	16	19	15	17	17	17	15	17	13	11	15	17	12	12	20	10	11	20	11	20	20	16	19	14	11	16	10	17	12	10	14	13	18	12	12	16	20	20	17	10	15	12	20	10	17	18	15	14	12	20	12	16	16	19	12	20	16	17	15	18	12	12	16	19	12	10	19	17	16	11	20	19	15	12	20	11	11	13	16	15	17	14	10	19	11	19	19	11	14	14	14	19	17	20	19	17	20	20	20	16	20	16	13	15	18	14	14	13	14	20	13	13	11	20	11	14	18	11	18	13	13	14	20	13	13	11	18	20	16	18	11	20	13	16	12	12	13	13	17	20	15	17	14	15	10	11	10	17	10	14	11	13	17	10	17	15	19	15	18	20	20	14	16	11	14	15	17	20	13	19	18	19	14	13	12	15	11	15	10	12	13	11	14	19	11	20	14	18	14	12	16	13	10	15	16	13	16	16	14	17	20	18	16	16	15	18	16	13	17	16	11	10	15	15	15	12	15	18	13	12	20	20	17	19	17	16	13	15	18	20	15	12	12	12	15	10	11	18	13	19	13	14	13	16	19	16	18	13	19	20	13	16	14	14	18	18	20	20	17	20	13	10	17	12	13	12	10	14	17	13	17	15	18	12	12	11	20	16	20	10	11	15	15	12	10	16	15	13	14	13	10	17	20	20	10	14	11	12	10	10	19	20	20	11	18	20	13	20	17	11	11	15	11	12	20	10	16	18	19	16	13	19	10	16	14	16	12	18	10	16	15	10	18	19	18	17	11	14	13	10	11	14	13	14	16	20	19	11	20	15	18	17	10	10	11	12	19	15	17	15	15	13	12	16	13	19	17	12	10	17	12	18	14	16	10	12	16	16	16	20	12	16	19	13	13	18	10	20	19	10	12	16	20	11	15	13	14	19	12	18	13	16	17	13	15	15	18	17	20	14	17	12	18	17	20	14	13	15	12	17	15	12	15	20	12	18	19	10	19	13	19	16	14	11	20	12	11	13	15	18	16	12	15	10	18	16	17	11	10	19	13	16	17	11	13	16	19	19	13	16	15	17	10	11	16	13	11	19	20	16	16	16	20	20	11	13	12	11	10	13	16	16	17	13	13	20	18	16	18	19	18	14	12	17	18	18	19	10	19	11	14	12	12	15	20	13	16	12	10	16	10	20	16	17	15	19	17	18	10	17	13	14	17	19	18	20	15	12	17	12	19	20	17	12	19	15	13	13	11	17	12	17	17	11	13	20	18	15	18	13	13	16	11	20	14	20	10	18	10	19	20	17	16	11	15	17	16	14	13	17	13	14	18	16	17	17	12	17	14	18	16	15	17	15	20	18	11	14	15	16	15	16	20	14	16	13	10	15	12	20	20	13	12	11	18	12	13	17	18	19	16	11	15	16	12	12	16	20	13	11	13	14	10	16	14	13	12	18	11	18	14	17	17	15	20	11	15	15	20	11	11	14	14	20	18	18	16	20	20	19	19	20	11	10	14	14	17	10	20	18	14	12	14	20	13	15	19	11	20	18	16	14	15	18	19	17	20	
1	1	1	1	1	1	1	1	1	1	1	1	1	1	1	1	1	1	1	1	1	1	1	1	1	1	2	2	2	2	2	2	2	2	2	2	2	2	2	2	2	2	2	2	2	2	2	2	2	3	3	3	3	3	3	3	3	3	3	3	3	3	3	3	3	3	3	3	3	3	3	3	3	3	3	3	3	3	3	3	3	3	3	3	3	3	3	3	3	3	3	3	3	3	3	3	3	4	4	4	4	4	4	4	4	4	4	4	4	4	4	4	4	4	4	4	4	4	4	4	4	4	4	4	4	4	4	4	4	4	4	4	4	4	4	5	5	5	5	5	5	5	5	5	5	5	5	5	5	5	5	5	5	5	5	5	5	5	5	5	5	5	6	6	6	6	6	6	6	6	6	6	6	6	6	6	6	6	6	6	6	6	6	6	6	6	6	6	6	6	6	6	6	6	7	7	7	7	7	7	7	7	7	7	7	7	7	7	7	7	7	7	7	7	7	7	7	7	7	7	7	7	7	7	7	7	7	8	8	8	8	8	8	8	8	8	8	8	8	8	8	8	8	8	8	8	8	8	8	8	8	8	8	8	8	8	8	8	8	8	8	8	8	8	8	8	8	8	8	9	9	9	9	9	9	9	9	9	9	9	9	9	9	9	9	9	9	9	9	9	9	9	9	9	9	9	9	9	9	9	9	9	9	9	9	10	10	10	10	10	10	10	10	10	10	10	10	10	10	10	10	10	10	10	10	10	10	10	10	10	10	10	10	10	11	11	11	11	11	11	11	11	11	11	11	11	11	11	11	11	11	11	11	11	11	11	11	11	11	11	11	11	11	11	11	11	11	11	11	11	11	11	11	11	11	12	12	12	12	12	12	12	12	12	12	12	12	12	12	12	12	12	12	12	12	12	12	12	12	12	12	12	12	12	12	13	13	13	13	13	13	13	13	13	13	13	13	13	13	13	13	13	13	13	13	13	13	13	13	13	13	13	13	13	13	13	13	13	13	13	13	13	13	13	13	13	13	13	13	13	13	14	14	14	14	14	14	14	14	14	14	14	14	14	14	14	14	14	14	14	14	14	14	14	14	14	14	14	15	15	15	15	15	15	15	15	15	15	15	15	15	15	15	15	15	15	15	15	15	15	15	15	15	15	15	15	15	15	15	15	15	15	15	15	15	16	16	16	16	16	16	16	16	16	16	16	16	16	16	16	16	16	16	16	16	16	16	16	16	16	16	16	16	16	17	17	17	17	17	17	17	17	17	17	17	17	17	17	17	17	17	17	17	17	17	17	17	17	17	17	17	17	17	17	17	17	17	17	17	18	18	18	18	18	18	18	18	18	18	18	18	18	18	18	18	18	18	18	18	18	18	18	18	18	18	18	18	18	18	18	18	18	18	18	18	18	18	18	18	18	18	18	18	19	19	19	19	19	19	19	19	19	19	19	19	19	19	19	19	19	19	19	19	20	20	20	20	20	20	20	20	20	20	20	20	20	20	20	20	20	20	20	20	20	20	20	20	20	20	20	20	20	20	20	20	20	20	21	21	21	21	21	21	21	21	21	21	21	21	21	21	21	21	21	21	21	21	21	21	21	21	21	21	21	21	21	21	21	21	21	21	21	21	21	22	22	22	22	22	22	22	22	22	22	22	22	22	22	22	22	22	22	22	22	22	22	22	22	22	22	22	22	22	22	22	22	22	23	23	23	23	23	23	23	23	23	23	23	23	23	23	23	23	23	23	23	23	23	23	23	23	23	23	23	23	23	23	23	23	23	23	24	24	24	24	24	24	24	24	24	24	24	24	24	24	24	24	24	24	24	24	24	24	24	24	24	24	24	24	24	24	24	24	24	24	24	24	24	24	24	24	24	24	25	25	25	25	25	25	25	25	25	25	25	25	25	25	25	25	25	25	25	25	25	25	25	25	25	25	25	25	26	26	26	26	26	26	26	26	26	26	26	26	26	26	26	26	26	26	26	26	26	26	26	26	26	26	26	26	26	26	26	26	26	27	27	27	27	27	27	27	27	27	27	27	27	27	27	27	27	27	27	27	27	27	27	27	27	27	27	27	27	28	28	28	28	28	28	28	28	28	28	28	28	28	28	28	28	28	28	28	28	28	28	28	28	28	28	28	28	28	28	29	29	29	29	29	29	29	29	29	29	29	29	29	29	29	29	29	29	29	29	29	29	29	29	29	29	29	29	29	29	29	29	29	30	30	30	30	30	30	30	30	30	30	30	30	30	30	30	30	30	30	30	30	30	30	30	30	30	
