1000
15	3
1050	23.1
31	29	29	28	31	31	29	27	30	31	30	26	31	30	27	28	27	28	28	26	30	29	31	31	27	28	30	26	27	28	28	27	26	31	26	27	26	29	27	30	28	27	27	30	27	26	31	27	27	30	30	26	28	27	28	28	28	30	31	26	28	31	31	31	27	28	26	29	30	26	28	31	28	27	30	31	28	26	31	30	31	28	28	27	28	30	28	28	29	29	27	31	29	28	30	28	27	31	27	31	31	30	30	30	26	29	29	26	28	30	30	31	30	28	28	26	27	31	30	26	30	28	29	29	29	29	27	29	26	31	30	30	31	28	30	30	31	30	29	30	27	31	28	27	29	30	27	27	31	31	31	27	27	30	29	28	28	28	26	28	27	31	29	28	31	31	29	31	31	29	31	29	29	26	31	29	31	30	27	26	28	30	28	28	28	28	29	28	31	28	26	26	31	29	27	31	29	27	31	29	30	29	29	29	29	31	26	27	31	29	27	26	28	27	28	29	28	29	31	29	27	30	29	30	26	27	28	28	29	29	29	28	26	28	30	28	30	31	26	27	30	28	31	27	27	26	30	29	31	28	30	27	28	26	31	30	31	30	31	31	28	31	30	26	27	29	31	27	26	30	26	31	29	26	28	30	30	26	31	29	27	29	30	29	29	26	30	27	27	26	26	26	30	31	29	29	31	29	26	27	27	27	26	26	26	28	31	27	27	29	30	28	30	30	26	27	29	27	28	30	26	28	26	29	27	30	29	28	29	29	26	28	28	27	27	30	29	27	31	26	30	26	28	30	31	31	26	30	26	26	30	28	29	29	27	27	28	29	29	31	30	27	27	29	31	26	31	26	30	27	28	28	26	26	31	26	27	28	26	29	26	28	30	30	27	30	31	27	27	27	27	30	28	30	27	26	26	29	26	31	27	30	31	27	26	29	27	26	26	28	29	30	31	28	30	29	27	26	31	26	27	29	26	31	27	28	26	26	30	28	30	28	28	30	26	29	29	29	29	31	27	28	28	31	29	29	27	28	26	27	26	31	31	29	29	30	30	27	26	31	31	29	26	29	30	31	28	26	29	31	31	29	27	30	30	27	31	31	28	29	28	30	26	26	28	29	27	26	26	29	28	29	28	31	28	28	26	29	28	28	27	31	28	31	27	28	28	26	28	27	29	31	31	26	29	27	26	28	30	26	27	30	31	28	31	31	29	26	26	29	29	29	30	30	31	28	29	26	26	28	31	26	30	30	31	31	29	26	26	27	26	27	28	27	30	29	28	30	31	29	31	27	28	31	30	28	26	27	29	30	26	28	28	29	31	27	30	30	28	30	31	28	26	30	30	30	29	26	27	28	27	28	29	29	26	27	27	31	28	30	31	26	27	31	28	27	30	26	30	29	30	31	30	26	27	29	26	27	27	31	28	27	30	28	26	31	29	31	31	30	30	27	27	27	28	30	30	28	30	28	31	31	30	26	27	30	28	29	30	29	31	28	30	29	29	30	27	29	28	30	28	29	31	29	30	31	31	27	30	31	30	28	28	26	31	30	30	28	28	31	26	29	29	27	29	27	28	27	31	26	27	28	31	30	30	31	27	30	27	31	26	31	30	29	31	28	27	26	27	30	28	27	29	28	31	31	27	28	26	28	31	30	29	29	30	29	28	26	28	30	30	30	26	26	31	29	31	28	31	27	28	30	31	31	27	28	27	28	27	26	29	31	26	28	31	29	28	29	26	28	31	29	30	30	31	28	31	31	31	30	31	30	26	30	30	28	28	28	29	26	27	28	30	27	26	30	31	27	27	26	30	30	31	26	27	27	31	30	31	31	28	30	28	28	31	26	29	30	27	27	27	28	27	29	28	27	28	28	27	31	28	27	27	26	26	28	29	31	27	28	26	29	30	26	30	29	30	27	28	28	30	29	30	27	31	27	31	28	31	27	28	29	30	30	29	31	29	28	29	27	29	31	26	30	29	29	26	26	28	30	31	28	28	26	31	27	30	31	31	30	28	27	31	29	28	27	27	26	31	28	27	28	26	26	27	26	31	29	31	27	27	28	28	29	29	30	26	28	29	31	29	26	31	31	26	27	27	28	31	26	26	28	29	27	31	30	27	31	30	31	29	26	26	27	29	27	27	27	26	31	27	26	28	27	28	27	28	30	30	27	30	26	31	31	29	29	31	30	30	28	26	30	31	30	28	26	28	29	29	31	30	27	27	26	30	27	28	26	30	31	26	26	28	29	29	29	31	30	29	31	30	28	28	29	27	31	27	28	28	28	
90	84	85	77	83	81	93	79	81	94	91	89	80	93	84	86	76	92	84	89	91	86	91	85	94	80	84	80	77	89	91	85	80	83	84	82	93	77	90	85	78	77	80	90	81	90	94	90	77	81	77	78	80	82	85	89	78	83	92	90	82	82	88	82	78	84	87	80	93	84	87	86	78	78	77	78	87	91	91	83	90	78	89	81	83	93	83	77	79	76	91	94	83	79	93	77	88	94	84	86	77	77	94	88	89	90	89	93	83	90	92	76	81	90	91	83	93	88	91	93	82	94	85	88	87	91	91	80	94	85	81	83	84	84	91	83	91	76	88	79	77	86	85	82	77	81	78	83	84	92	91	78	79	78	84	89	93	86	79	80	88	82	81	81	78	88	91	84	94	94	78	86	94	87	89	82	77	91	91	91	82	88	88	93	88	78	94	83	83	88	80	78	80	85	89	94	76	77	94	92	93	78	81	86	94	82	89	89	83	94	88	91	92	88	77	81	89	78	87	82	89	76	92	86	92	84	79	85	91	77	90	94	91	85	77	86	79	92	91	94	94	91	93	94	85	90	93	78	83	86	83	93	93	77	76	94	84	78	84	83	79	76	92	91	91	81	78	79	86	84	91	93	78	94	76	81	88	80	87	85	89	94	91	88	90	88	93	93	87	85	80	81	90	77	88	91	78	89	82	92	84	91	85	79	80	87	81	84	82	90	93	76	76	84	91	82	84	93	93	83	84	91	88	90	89	82	83	94	81	92	87	85	88	78	79	93	86	89	81	82	78	85	85	90	82	91	90	84	91	83	88	85	77	78	85	77	93	85	89	82	87	89	91	77	84	91	83	77	82	81	92	91	77	85	81	82	93	86	89	89	86	82	89	80	85	78	79	87	93	93	77	79	81	91	94	78	78	81	94	82	76	90	79	89	90	86	81	77	88	77	88	83	81	89	81	82	88	84	76	82	91	78	86	89	82	93	79	82	91	89	82	93	88	89	81	94	77	77	77	87	86	90	91	82	86	80	93	89	79	85	92	94	76	94	84	92	79	94	83	89	94	85	81	85	85	85	93	77	88	88	80	87	83	79	85	78	82	77	82	82	80	80	87	83	86	80	88	86	78	82	86	94	92	90	83	81	83	92	81	86	88	79	90	87	92	83	84	87	81	93	82	92	88	82	79	82	79	82	91	84	94	87	83	83	94	87	85	82	85	94	76	78	84	92	82	77	79	87	82	87	86	84	94	80	90	79	93	80	90	91	84	83	87	80	88	91	92	78	94	78	85	84	92	78	85	89	93	87	83	94	80	84	79	80	87	88	86	92	80	85	87	78	87	82	93	94	76	79	78	87	83	94	93	83	84	91	90	85	92	86	78	80	81	78	81	83	83	91	91	94	85	93	90	76	89	89	88	90	84	78	89	76	92	81	88	78	91	77	89	80	76	94	88	82	76	79	92	81	83	91	94	76	88	80	89	78	79	93	81	81	82	87	78	81	91	88	94	80	79	92	88	94	88	89	93	80	85	90	92	76	94	76	82	89	92	83	93	87	86	90	89	85	78	82	79	80	87	79	78	85	94	79	76	81	83	77	93	90	82	88	90	89	81	94	91	79	92	87	82	79	90	87	94	87	87	77	86	92	91	89	90	91	81	81	92	81	87	77	85	84	81	94	90	79	91	85	76	94	94	78	87	79	88	78	94	92	80	76	79	89	85	78	81	83	89	76	84	84	77	78	94	83	81	86	87	90	90	79	90	82	87	80	85	80	94	90	76	79	86	85	84	88	89	76	76	86	83	77	88	94	93	84	90	80	82	81	91	82	83	77	88	88	88	87	81	80	85	81	85	82	93	78	79	85	89	82	82	80	82	92	79	82	87	89	83	85	92	88	93	92	91	76	80	93	79	82	77	90	76	91	86	76	80	85	77	79	94	92	94	87	92	86	89	94	86	87	91	78	81	89	89	91	94	80	90	77	89	89	89	90	85	92	78	77	84	82	87	77	87	88	82	89	94	93	79	86	78	92	86	93	92	91	78	91	92	78	86	77	77	88	94	78	85	78	90	77	91	87	87	80	80	93	91	92	87	90	89	85	77	90	77	92	80	81	80	76	86	83	83	83	88	82	93	84	90	92	78	87	78	86	76	76	88	87	77	78	85	84	93	85	94	84	79	91	78	85	77	92	78	91	93	86	76	79	91	91	91	89	80	92	92	80	78	83	94	85	79	82	82	92	89	86	80	94	90	77	89	77	93	85	87	78	86	79	85	80	79	89	90	83	
31.9	28.6	19.8	31.9	26.4	22	11	25.3	13.2	30.8	18.7	26.4	11	33	16.5	15.4	25.3	11	26.4	18.7	18.7	14.3	14.3	33	24.2	17.6	19.8	15.4	25.3	24.2	31.9	11	12.1	27.5	20.9	14.3	23.1	19.8	23.1	31.9	14.3	29.7	28.6	23.1	19.8	27.5	19.8	28.6	25.3	25.3	29.7	29.7	17.6	12.1	23.1	15.4	17.6	23.1	29.7	20.9	12.1	13.2	24.2	22	30.8	17.6	29.7	31.9	19.8	12.1	17.6	13.2	19.8	11	33	31.9	19.8	28.6	22	17.6	17.6	19.8	27.5	30.8	18.7	13.2	24.2	20.9	14.3	33	12.1	13.2	25.3	29.7	18.7	33	23.1	16.5	19.8	12.1	11	15.4	28.6	25.3	23.1	18.7	15.4	33	16.5	16.5	16.5	20.9	15.4	12.1	11	12.1	28.6	26.4	25.3	16.5	23.1	16.5	26.4	11	20.9	27.5	27.5	18.7	27.5	12.1	14.3	19.8	22	15.4	28.6	24.2	28.6	27.5	13.2	18.7	29.7	17.6	16.5	16.5	11	12.1	15.4	12.1	27.5	30.8	33	22	22	25.3	30.8	24.2	19.8	14.3	24.2	24.2	27.5	31.9	31.9	28.6	18.7	18.7	22	13.2	22	29.7	18.7	11	33	26.4	11	22	16.5	12.1	31.9	12.1	16.5	23.1	28.6	16.5	31.9	30.8	33	27.5	11	14.3	33	30.8	18.7	13.2	30.8	16.5	12.1	25.3	23.1	31.9	18.7	23.1	19.8	30.8	11	20.9	31.9	27.5	16.5	29.7	27.5	12.1	18.7	17.6	27.5	31.9	11	25.3	12.1	18.7	20.9	14.3	17.6	33	18.7	26.4	19.8	19.8	12.1	30.8	20.9	16.5	13.2	13.2	15.4	29.7	20.9	24.2	11	14.3	30.8	28.6	22	31.9	24.2	25.3	14.3	18.7	30.8	18.7	27.5	19.8	27.5	23.1	24.2	22	33	16.5	12.1	27.5	33	26.4	33	24.2	33	15.4	16.5	14.3	22	17.6	30.8	18.7	18.7	13.2	30.8	19.8	31.9	26.4	24.2	33	22	11	23.1	17.6	17.6	20.9	17.6	11	16.5	12.1	30.8	29.7	22	17.6	33	18.7	29.7	28.6	30.8	20.9	25.3	20.9	15.4	29.7	18.7	20.9	26.4	24.2	27.5	18.7	12.1	28.6	26.4	29.7	24.2	17.6	24.2	17.6	14.3	14.3	27.5	30.8	11	31.9	19.8	24.2	17.6	11	19.8	15.4	12.1	13.2	17.6	19.8	28.6	13.2	14.3	24.2	19.8	14.3	22	20.9	15.4	12.1	29.7	18.7	26.4	30.8	31.9	14.3	30.8	18.7	22	20.9	22	13.2	29.7	27.5	33	18.7	25.3	20.9	12.1	25.3	13.2	23.1	27.5	23.1	23.1	25.3	30.8	31.9	11	26.4	29.7	28.6	17.6	18.7	16.5	19.8	24.2	26.4	18.7	14.3	27.5	14.3	24.2	20.9	25.3	14.3	26.4	25.3	16.5	22	29.7	26.4	23.1	28.6	28.6	18.7	18.7	26.4	19.8	24.2	31.9	19.8	28.6	25.3	13.2	16.5	24.2	29.7	16.5	13.2	19.8	11	13.2	20.9	29.7	20.9	23.1	15.4	26.4	33	33	24.2	16.5	33	16.5	14.3	23.1	26.4	33	25.3	15.4	27.5	19.8	19.8	33	29.7	26.4	25.3	26.4	25.3	24.2	29.7	25.3	11	20.9	19.8	12.1	18.7	22	25.3	17.6	11	22	28.6	33	23.1	16.5	22	23.1	14.3	13.2	17.6	26.4	13.2	15.4	28.6	13.2	20.9	33	13.2	23.1	13.2	14.3	11	16.5	33	15.4	16.5	15.4	12.1	16.5	14.3	19.8	18.7	11	33	11	19.8	12.1	30.8	14.3	19.8	15.4	31.9	11	24.2	26.4	16.5	25.3	24.2	14.3	30.8	17.6	12.1	28.6	18.7	18.7	16.5	19.8	29.7	15.4	29.7	24.2	26.4	28.6	27.5	11	11	12.1	25.3	31.9	18.7	19.8	28.6	24.2	18.7	24.2	25.3	26.4	31.9	13.2	17.6	28.6	29.7	31.9	25.3	14.3	13.2	27.5	19.8	17.6	22	25.3	11	24.2	12.1	13.2	29.7	13.2	19.8	12.1	13.2	27.5	19.8	19.8	25.3	17.6	15.4	26.4	23.1	14.3	26.4	12.1	30.8	30.8	22	17.6	16.5	14.3	26.4	25.3	27.5	25.3	27.5	31.9	24.2	14.3	31.9	24.2	14.3	28.6	26.4	20.9	31.9	26.4	29.7	25.3	33	26.4	20.9	17.6	33	16.5	29.7	20.9	29.7	27.5	26.4	11	19.8	18.7	26.4	26.4	17.6	18.7	12.1	15.4	18.7	22	30.8	27.5	27.5	28.6	26.4	26.4	20.9	20.9	27.5	20.9	28.6	23.1	20.9	14.3	18.7	16.5	33	30.8	28.6	20.9	31.9	26.4	19.8	20.9	26.4	30.8	31.9	17.6	30.8	30.8	13.2	23.1	33	25.3	15.4	15.4	12.1	25.3	30.8	31.9	20.9	11	28.6	22	22	18.7	26.4	23.1	23.1	26.4	27.5	27.5	17.6	12.1	23.1	26.4	24.2	28.6	31.9	11	18.7	22	12.1	15.4	17.6	22	33	31.9	23.1	16.5	23.1	15.4	29.7	14.3	30.8	30.8	23.1	17.6	20.9	12.1	18.7	31.9	17.6	18.7	24.2	26.4	17.6	30.8	24.2	19.8	17.6	12.1	26.4	24.2	30.8	23.1	18.7	22	25.3	18.7	22	19.8	24.2	12.1	22	31.9	31.9	25.3	27.5	16.5	20.9	26.4	11	15.4	18.7	16.5	24.2	28.6	33	31.9	13.2	33	25.3	28.6	11	14.3	16.5	29.7	14.3	13.2	24.2	26.4	30.8	30.8	25.3	28.6	12.1	13.2	26.4	14.3	16.5	19.8	16.5	22	17.6	15.4	27.5	30.8	25.3	13.2	25.3	22	25.3	25.3	33	27.5	24.2	27.5	20.9	33	14.3	24.2	30.8	11	18.7	29.7	33	24.2	17.6	22	29.7	26.4	28.6	14.3	11	18.7	19.8	20.9	28.6	19.8	15.4	11	29.7	19.8	16.5	15.4	29.7	31.9	26.4	23.1	30.8	25.3	19.8	23.1	20.9	31.9	29.7	22	29.7	24.2	12.1	26.4	12.1	13.2	17.6	30.8	28.6	26.4	27.5	31.9	20.9	15.4	14.3	26.4	31.9	17.6	14.3	29.7	11	18.7	16.5	14.3	30.8	14.3	27.5	25.3	14.3	13.2	30.8	15.4	18.7	31.9	20.9	17.6	14.3	25.3	26.4	23.1	15.4	29.7	23.1	20.9	20.9	26.4	33	33	11	15.4	23.1	27.5	20.9	28.6	17.6	16.5	28.6	26.4	30.8	25.3	23.1	31.9	14.3	19.8	14.3	33	25.3	33	29.7	31.9	27.5	31.9	27.5	13.2	26.4	15.4	15.4	29.7	15.4	11	26.4	30.8	30.8	19.8	27.5	22	28.6	31.9	26.4	16.5	24.2	28.6	30.8	12.1	24.2	13.2	14.3	27.5	13.2	16.5	20.9	12.1	13.2	33	18.7	30.8	31.9	20.9	22	23.1	18.7	20.9	25.3	26.4	30.8	12.1	20.9	23.1	14.3	15.4	12.1	26.4	23.1	30.8	18.7	19.8	25.3	17.6	12.1	30.8	29.7	23.1	11	22	14.3	24.2	24.2	17.6	27.5	30.8	33	14.3	31.9	29.7	31.9	24.2	30.8	12.1	24.2	19.8	33	14.3	19.8	18.7	29.7	25.3	20.9	26.4	31.9	12.1	13.2	25.3	18.7	33	30.8	18.7	20.9	18.7	11	20.9	25.3	22	15.4	19.8	13.2	23.1	30.8	17.6	26.4	12.1	18.7	17.6	13.2	24.2	17.6	23.1	29.7	23.1	14.3	
14.3	17.6	11	12.1	18.7	16.5	19.8	24.2	17.6	31.9	27.5	16.5	30.8	12.1	20.9	12.1	20.9	22	12.1	16.5	11	12.1	30.8	28.6	30.8	28.6	16.5	28.6	14.3	16.5	13.2	23.1	30.8	30.8	19.8	31.9	17.6	16.5	12.1	16.5	31.9	16.5	31.9	26.4	22	20.9	23.1	28.6	24.2	16.5	27.5	22	25.3	30.8	16.5	11	23.1	26.4	17.6	33	25.3	22	18.7	31.9	30.8	19.8	13.2	16.5	13.2	33	29.7	27.5	26.4	23.1	26.4	16.5	15.4	17.6	23.1	13.2	33	16.5	31.9	23.1	31.9	28.6	23.1	13.2	25.3	14.3	16.5	33	19.8	33	11	14.3	12.1	24.2	27.5	12.1	33	20.9	13.2	26.4	28.6	23.1	17.6	33	25.3	11	29.7	18.7	23.1	22	25.3	20.9	33	23.1	33	30.8	24.2	23.1	29.7	28.6	22	19.8	31.9	12.1	15.4	15.4	20.9	14.3	20.9	20.9	30.8	16.5	18.7	12.1	28.6	19.8	12.1	29.7	33	27.5	22	27.5	16.5	24.2	13.2	14.3	15.4	22	18.7	22	15.4	20.9	26.4	30.8	16.5	12.1	20.9	18.7	17.6	19.8	23.1	13.2	28.6	16.5	26.4	19.8	26.4	13.2	12.1	19.8	24.2	31.9	17.6	13.2	11	25.3	29.7	33	24.2	14.3	24.2	18.7	29.7	16.5	28.6	11	14.3	14.3	27.5	26.4	31.9	23.1	29.7	33	19.8	26.4	20.9	19.8	15.4	23.1	19.8	25.3	26.4	15.4	17.6	18.7	19.8	27.5	28.6	23.1	22	15.4	16.5	14.3	28.6	20.9	16.5	11	11	12.1	13.2	27.5	23.1	29.7	27.5	15.4	27.5	30.8	17.6	22	15.4	14.3	25.3	16.5	23.1	13.2	26.4	27.5	16.5	13.2	29.7	33	30.8	24.2	11	26.4	31.9	29.7	18.7	17.6	15.4	24.2	13.2	28.6	28.6	22	13.2	28.6	30.8	14.3	12.1	12.1	24.2	26.4	24.2	11	24.2	27.5	22	24.2	26.4	33	26.4	19.8	17.6	12.1	13.2	16.5	26.4	22	19.8	27.5	26.4	24.2	26.4	13.2	24.2	31.9	33	17.6	25.3	25.3	33	29.7	26.4	25.3	33	27.5	15.4	23.1	11	29.7	33	29.7	11	17.6	27.5	25.3	33	31.9	31.9	23.1	26.4	15.4	13.2	13.2	18.7	26.4	28.6	27.5	25.3	13.2	30.8	31.9	24.2	24.2	18.7	24.2	13.2	28.6	12.1	16.5	22	18.7	13.2	16.5	24.2	17.6	28.6	23.1	12.1	22	23.1	29.7	17.6	15.4	26.4	28.6	28.6	23.1	14.3	28.6	33	33	29.7	23.1	33	11	13.2	26.4	30.8	14.3	31.9	11	23.1	17.6	28.6	15.4	20.9	22	26.4	33	19.8	14.3	29.7	16.5	18.7	20.9	27.5	12.1	12.1	29.7	14.3	12.1	25.3	25.3	17.6	19.8	23.1	33	19.8	24.2	15.4	26.4	12.1	28.6	30.8	25.3	27.5	13.2	29.7	30.8	27.5	25.3	20.9	28.6	25.3	12.1	23.1	12.1	20.9	20.9	33	33	24.2	17.6	19.8	33	24.2	28.6	16.5	18.7	23.1	24.2	30.8	28.6	11	17.6	18.7	26.4	31.9	19.8	19.8	19.8	29.7	12.1	24.2	15.4	33	15.4	29.7	23.1	15.4	29.7	12.1	18.7	27.5	16.5	16.5	11	22	28.6	33	12.1	18.7	18.7	25.3	12.1	17.6	16.5	25.3	31.9	12.1	19.8	18.7	28.6	30.8	24.2	20.9	22	15.4	15.4	27.5	11	15.4	18.7	30.8	11	20.9	16.5	22	17.6	16.5	30.8	28.6	27.5	15.4	12.1	33	33	28.6	29.7	23.1	11	30.8	33	29.7	20.9	27.5	28.6	29.7	11	33	15.4	30.8	27.5	13.2	31.9	14.3	22	18.7	20.9	14.3	20.9	16.5	17.6	24.2	14.3	11	30.8	29.7	23.1	13.2	11	15.4	31.9	15.4	20.9	14.3	26.4	25.3	23.1	12.1	24.2	24.2	29.7	33	29.7	24.2	29.7	20.9	12.1	22	20.9	13.2	13.2	31.9	30.8	20.9	15.4	33	29.7	25.3	11	31.9	17.6	18.7	16.5	16.5	31.9	30.8	17.6	29.7	11	13.2	28.6	33	24.2	26.4	17.6	17.6	25.3	31.9	13.2	23.1	14.3	15.4	29.7	14.3	23.1	33	26.4	27.5	30.8	24.2	22	14.3	12.1	28.6	12.1	12.1	18.7	17.6	20.9	24.2	27.5	12.1	25.3	20.9	16.5	31.9	30.8	23.1	12.1	14.3	33	15.4	16.5	24.2	19.8	22	20.9	12.1	25.3	12.1	33	27.5	29.7	11	27.5	13.2	11	23.1	12.1	28.6	17.6	12.1	14.3	12.1	11	17.6	19.8	27.5	16.5	16.5	29.7	31.9	33	20.9	18.7	19.8	18.7	29.7	19.8	23.1	15.4	20.9	16.5	12.1	13.2	19.8	22	20.9	19.8	14.3	20.9	26.4	19.8	26.4	29.7	26.4	16.5	11	15.4	12.1	14.3	33	18.7	18.7	23.1	15.4	30.8	15.4	17.6	31.9	20.9	27.5	17.6	17.6	18.7	30.8	27.5	26.4	18.7	15.4	26.4	18.7	17.6	33	23.1	20.9	11	29.7	26.4	28.6	19.8	17.6	20.9	11	12.1	33	15.4	11	12.1	12.1	25.3	13.2	27.5	31.9	25.3	14.3	30.8	31.9	17.6	27.5	19.8	25.3	18.7	27.5	22	20.9	22	19.8	31.9	19.8	18.7	17.6	17.6	29.7	14.3	13.2	20.9	20.9	31.9	14.3	26.4	12.1	33	15.4	22	15.4	19.8	16.5	20.9	12.1	27.5	26.4	23.1	25.3	11	15.4	28.6	11	31.9	13.2	13.2	26.4	20.9	12.1	26.4	16.5	11	24.2	26.4	19.8	29.7	29.7	28.6	23.1	16.5	20.9	29.7	26.4	14.3	30.8	29.7	16.5	14.3	28.6	24.2	23.1	13.2	29.7	14.3	12.1	15.4	31.9	18.7	20.9	27.5	29.7	30.8	16.5	31.9	15.4	13.2	20.9	20.9	25.3	19.8	22	29.7	24.2	30.8	24.2	16.5	29.7	12.1	18.7	28.6	15.4	14.3	33	16.5	12.1	15.4	11	29.7	17.6	26.4	30.8	18.7	27.5	25.3	22	30.8	29.7	22	11	22	13.2	14.3	23.1	16.5	25.3	18.7	14.3	12.1	20.9	15.4	31.9	31.9	20.9	16.5	18.7	24.2	22	11	11	30.8	15.4	12.1	11	12.1	26.4	30.8	27.5	18.7	24.2	25.3	33	25.3	12.1	31.9	26.4	22	18.7	31.9	18.7	30.8	28.6	19.8	24.2	12.1	11	18.7	12.1	20.9	26.4	19.8	29.7	20.9	25.3	31.9	14.3	13.2	27.5	20.9	15.4	13.2	19.8	28.6	11	13.2	30.8	33	14.3	14.3	33	22	18.7	23.1	30.8	33	28.6	17.6	20.9	26.4	19.8	29.7	12.1	18.7	27.5	25.3	31.9	33	31.9	26.4	12.1	13.2	22	30.8	14.3	12.1	17.6	22	12.1	31.9	26.4	12.1	30.8	16.5	16.5	15.4	15.4	29.7	29.7	13.2	20.9	27.5	31.9	19.8	13.2	18.7	25.3	14.3	22	13.2	24.2	27.5	16.5	20.9	17.6	16.5	31.9	17.6	11	28.6	19.8	12.1	16.5	27.5	25.3	29.7	27.5	22	14.3	12.1	18.7	26.4	23.1	19.8	24.2	24.2	15.4	13.2	11	22	31.9	24.2	14.3	31.9	20.9	26.4	20.9	26.4	12.1	23.1	18.7	31.9	19.8	23.1	31.9	12.1	30.8	28.6	
22	12.1	23.1	17.6	15.4	29.7	28.6	30.8	29.7	16.5	29.7	14.3	17.6	18.7	24.2	
17	19	17	17	20	14	19	14	11	12	20	10	10	19	20	17	13	15	12	17	14	19	13	10	15	18	14	10	17	10	11	12	15	13	14	19	11	10	20	19	19	16	17	13	16	18	15	17	16	10	14	17	10	19	16	15	18	10	15	14	11	17	19	15	20	15	13	19	15	19	12	15	12	15	20	19	12	17	20	18	16	12	15	12	16	16	19	20	11	11	11	15	13	18	10	17	20	15	11	19	16	12	10	15	20	13	16	19	15	11	17	18	12	15	20	20	10	11	10	14	15	16	10	12	15	18	17	13	12	16	10	16	16	19	19	10	17	17	18	20	18	14	20	15	20	11	16	20	19	20	12	20	18	17	16	20	19	19	15	14	14	16	16	10	10	18	15	19	10	15	12	16	14	17	18	10	19	12	18	13	15	18	18	20	20	11	12	17	19	18	18	20	11	14	10	14	17	20	15	18	20	20	13	14	15	16	17	12	19	20	17	20	20	15	16	10	12	19	18	19	13	19	20	17	17	18	16	17	15	11	18	16	19	14	13	12	13	10	12	11	19	18	12	20	16	15	16	12	17	16	11	13	19	17	10	13	18	14	14	16	18	15	17	10	17	10	14	19	15	13	17	20	11	17	18	10	15	14	12	17	17	15	15	15	12	10	13	20	15	13	14	18	18	17	20	18	13	13	16	18	12	17	11	10	13	10	14	13	16	10	18	19	18	14	10	16	12	19	10	20	17	19	10	16	14	18	20	17	19	14	19	14	14	20	11	15	10	16	10	20	17	12	11	11	15	10	15	16	14	17	14	12	20	13	12	20	10	16	11	17	13	14	13	20	11	14	10	15	12	11	15	12	19	15	16	18	17	11	15	10	12	11	12	20	20	12	19	17	15	14	12	18	20	14	20	13	15	16	16	11	18	10	14	16	12	19	20	18	18	11	10	19	20	10	19	16	18	17	16	11	13	19	20	15	15	15	15	18	17	19	14	20	18	12	14	17	12	20	13	19	19	15	13	13	18	13	14	17	19	17	20	18	10	10	10	14	11	15	17	17	14	17	17	15	10	16	15	15	14	11	16	14	15	16	16	12	10	20	12	18	13	17	17	16	16	19	12	19	17	16	18	14	16	13	20	13	13	13	17	20	11	20	11	17	17	12	12	12	12	16	19	10	13	14	10	17	14	20	13	10	15	18	16	15	13	13	12	16	10	12	13	14	17	16	18	11	14	19	10	18	20	16	15	18	12	15	15	12	19	12	10	20	13	18	17	11	20	10	18	11	12	13	12	20	10	13	16	15	20	14	15	17	16	11	13	14	17	19	14	20	16	10	19	14	15	20	20	17	20	14	18	18	18	18	16	19	19	18	19	11	20	20	10	11	15	17	11	13	18	18	18	19	20	11	10	15	12	18	16	14	15	11	18	15	17	17	17	13	16	10	19	10	11	10	16	12	16	14	16	10	14	10	20	14	10	11	10	10	11	12	12	16	12	19	13	13	18	19	11	15	13	16	15	18	10	13	13	17	15	17	14	14	19	11	12	20	20	18	18	10	19	17	16	18	15	11	11	15	16	15	10	14	16	17	18	10	15	16	15	14	14	20	19	20	11	12	15	17	14	20	18	20	11	12	17	18	10	15	18	17	14	16	12	16	12	13	13	15	16	11	19	10	17	16	14	12	13	17	14	12	12	10	18	14	19	14	15	11	17	14	15	15	10	10	11	19	18	17	13	14	15	16	10	11	20	10	13	15	18	11	18	17	16	14	15	11	13	10	10	15	20	16	13	11	16	16	18	15	16	18	16	14	10	19	10	11	12	19	14	17	17	17	11	11	11	15	17	11	20	10	18	14	17	16	11	16	15	18	20	16	12	13	15	20	17	15	18	20	18	17	10	18	18	20	13	15	14	14	11	18	19	18	18	13	17	17	10	19	13	14	15	11	13	20	15	17	10	12	11	16	18	19	18	20	18	11	14	19	19	10	13	18	11	17	12	15	11	13	13	15	19	13	18	13	10	15	20	18	14	19	14	15	20	20	11	17	18	17	13	11	11	17	13	10	16	20	10	11	18	14	14	15	10	16	15	10	19	15	14	18	19	16	20	13	11	12	12	18	19	13	12	11	13	13	18	10	19	16	20	19	13	12	11	17	15	18	12	19	10	19	12	13	13	16	14	19	15	15	13	18	12	10	11	17	17	16	19	13	10	16	14	20	15	10	19	10	13	12	19	16	16	19	11	17	20	14	10	11	15	12	12	17	13	10	14	17	16	20	16	11	
1	1	1	1	1	1	1	1	1	1	1	1	1	1	1	1	1	1	1	1	1	1	1	1	1	1	1	1	1	1	1	1	1	1	1	1	1	1	1	1	1	1	1	1	1	1	1	1	1	1	1	1	1	1	1	1	1	1	1	1	1	1	1	1	1	1	1	1	1	1	2	2	2	2	2	2	2	2	2	2	2	2	2	2	2	2	2	2	2	2	2	2	2	2	2	2	2	2	2	2	2	2	2	2	2	2	2	2	2	2	2	2	2	2	2	2	2	2	2	2	2	2	2	2	2	2	3	3	3	3	3	3	3	3	3	3	3	3	3	3	3	3	3	3	3	3	3	3	3	3	3	3	3	3	3	3	3	3	3	3	3	3	3	3	3	3	3	3	3	3	3	3	3	3	3	4	4	4	4	4	4	4	4	4	4	4	4	4	4	4	4	4	4	4	4	4	4	4	4	4	4	4	4	4	4	4	4	4	4	4	4	4	4	4	4	4	4	4	4	4	4	4	4	4	4	4	4	4	4	4	4	4	4	4	4	4	4	5	5	5	5	5	5	5	5	5	5	5	5	5	5	5	5	5	5	5	5	5	5	5	5	5	5	5	5	5	5	5	5	5	5	5	5	5	5	5	5	5	5	5	5	5	5	5	5	5	5	5	5	5	5	5	5	5	5	5	5	5	5	5	5	5	5	5	5	5	5	5	6	6	6	6	6	6	6	6	6	6	6	6	6	6	6	6	6	6	6	6	6	6	6	6	6	6	6	6	6	6	6	6	6	6	6	6	6	6	6	6	6	6	6	6	6	6	6	6	6	6	6	6	6	6	6	6	6	6	6	6	6	7	7	7	7	7	7	7	7	7	7	7	7	7	7	7	7	7	7	7	7	7	7	7	7	7	7	7	7	7	7	7	7	7	7	7	7	7	7	7	7	7	7	7	7	7	7	7	7	7	7	7	7	7	7	7	7	7	7	7	7	7	7	7	7	7	7	7	7	7	7	7	7	7	8	8	8	8	8	8	8	8	8	8	8	8	8	8	8	8	8	8	8	8	8	8	8	8	8	8	8	8	8	8	8	8	8	8	8	8	8	8	8	8	8	8	8	8	8	8	8	8	8	8	8	8	8	8	8	8	8	8	8	8	8	8	8	8	8	8	8	8	9	9	9	9	9	9	9	9	9	9	9	9	9	9	9	9	9	9	9	9	9	9	9	9	9	9	9	9	9	9	9	9	9	9	9	9	9	9	9	9	9	9	9	9	9	9	9	9	9	9	9	9	9	9	9	9	9	9	9	9	9	9	9	9	9	9	9	9	10	10	10	10	10	10	10	10	10	10	10	10	10	10	10	10	10	10	10	10	10	10	10	10	10	10	10	10	10	10	10	10	10	10	10	10	10	10	10	10	10	10	10	10	10	10	10	10	10	10	10	10	10	10	10	10	10	10	10	10	10	10	10	10	10	10	10	10	11	11	11	11	11	11	11	11	11	11	11	11	11	11	11	11	11	11	11	11	11	11	11	11	11	11	11	11	11	11	11	11	11	11	11	11	11	11	11	11	11	11	11	11	11	11	11	11	11	11	11	11	11	11	11	11	11	11	11	11	11	11	11	12	12	12	12	12	12	12	12	12	12	12	12	12	12	12	12	12	12	12	12	12	12	12	12	12	12	12	12	12	12	12	12	12	12	12	12	12	12	12	12	12	12	12	12	12	12	12	12	12	12	12	12	12	12	12	12	12	12	12	12	12	12	12	12	12	12	12	12	12	12	13	13	13	13	13	13	13	13	13	13	13	13	13	13	13	13	13	13	13	13	13	13	13	13	13	13	13	13	13	13	13	13	13	13	13	13	13	13	13	13	13	13	13	13	13	13	13	13	13	13	13	13	13	13	13	13	13	13	13	13	13	13	13	13	13	13	13	13	13	13	13	13	13	13	14	14	14	14	14	14	14	14	14	14	14	14	14	14	14	14	14	14	14	14	14	14	14	14	14	14	14	14	14	14	14	14	14	14	14	14	14	14	14	14	14	14	14	14	14	14	14	14	14	14	14	14	14	14	14	14	14	14	14	14	14	14	14	14	14	14	14	14	14	14	14	14	15	15	15	15	15	15	15	15	15	15	15	15	15	15	15	15	15	15	15	15	15	15	15	15	15	15	15	15	15	15	15	15	15	15	15	15	15	15	15	15	15	15	15	15	15	15	15	15	15	15	15	15	15	15	15	15	15	15	15	15	15	15	15	15	15	15	15	15	15	15	15	15	15	15	15	
