1000
45	8
366	19.8
30	28	29	31	28	31	26	29	26	27	28	31	30	30	26	27	30	29	30	29	27	31	26	26	27	30	31	28	28	30	31	31	31	30	26	29	26	27	28	26	30	30	30	26	26	31	28	28	27	31	28	29	31	30	30	30	29	30	31	29	30	28	31	31	28	30	30	31	31	30	28	29	26	28	29	27	26	27	30	31	29	26	30	30	26	27	31	27	26	26	30	28	29	27	30	28	26	28	31	29	30	29	29	29	29	30	28	27	28	26	31	28	30	28	28	28	26	31	26	30	28	29	27	27	30	28	26	26	31	31	30	26	26	30	28	28	30	27	28	28	30	27	31	26	29	28	30	31	27	30	31	28	30	30	27	31	28	26	28	31	27	28	28	27	30	29	30	27	26	27	26	27	26	28	30	29	30	26	29	29	31	31	31	27	28	29	27	26	29	30	31	31	31	30	30	30	30	31	27	31	27	26	30	26	28	27	30	29	31	30	27	30	27	31	28	30	31	29	26	26	28	31	26	27	31	27	31	31	26	27	27	27	31	30	29	28	26	31	28	27	31	30	31	29	26	26	27	28	31	31	27	27	26	28	29	26	26	31	29	27	31	26	31	30	28	29	30	29	27	30	29	28	26	27	28	29	30	31	30	29	31	30	27	27	28	29	29	28	27	28	27	27	29	27	27	27	29	26	28	31	26	30	28	26	26	29	28	27	28	26	26	31	30	26	26	30	28	26	29	29	28	27	29	31	30	26	29	27	31	31	31	29	31	30	26	27	27	26	30	26	27	30	26	31	31	31	31	29	26	26	29	28	30	26	28	29	30	29	26	29	27	30	28	28	31	30	31	27	29	30	27	26	29	26	31	26	26	29	26	28	29	26	28	31	29	29	29	29	27	29	27	29	27	31	31	31	31	30	30	26	28	26	29	30	31	30	30	27	30	27	27	26	26	31	31	31	26	26	31	31	30	27	29	29	31	30	28	26	27	27	28	29	30	30	28	26	31	29	28	31	28	29	26	26	29	31	26	30	27	29	29	26	28	31	27	30	31	26	31	27	28	27	26	26	28	29	31	28	28	30	31	29	30	28	31	27	31	29	30	29	30	31	28	26	27	29	28	27	26	27	28	27	27	27	29	29	27	27	29	31	28	31	27	27	29	30	27	29	31	27	27	29	27	28	31	27	29	28	26	31	29	28	27	30	26	30	28	30	26	28	26	31	26	27	29	29	28	30	27	31	31	28	30	27	28	29	26	27	28	30	26	26	31	28	30	27	31	29	27	28	29	31	28	31	27	30	27	29	30	26	30	30	26	27	31	29	27	28	27	29	26	26	27	31	31	28	26	30	26	29	26	29	26	30	31	27	31	29	26	31	27	27	26	31	30	26	30	28	29	30	30	29	29	31	31	28	29	28	27	27	30	31	29	30	30	27	29	30	26	27	29	26	27	30	28	26	28	31	28	31	26	31	26	29	31	29	30	29	27	28	31	26	27	29	26	31	31	27	30	27	28	27	28	29	26	27	27	26	27	30	29	27	27	30	27	30	30	28	29	27	28	26	29	31	29	31	30	29	30	29	31	31	30	29	31	31	31	28	26	30	31	29	31	27	30	27	28	30	31	29	28	31	29	31	31	31	30	29	28	28	31	31	29	27	26	28	30	28	31	29	31	27	31	31	27	26	30	27	31	27	29	29	28	26	27	26	29	28	29	31	28	31	29	31	29	30	31	29	29	31	31	31	30	30	30	30	30	31	27	31	26	30	29	28	30	30	26	28	29	26	31	30	27	30	28	26	28	28	31	30	31	26	29	31	31	31	31	27	30	28	26	28	27	30	27	30	29	27	28	29	28	30	27	26	29	28	26	27	30	28	26	27	30	31	29	28	28	27	29	27	29	28	29	28	29	27	31	28	27	30	28	26	26	28	30	26	30	29	30	28	30	28	27	31	29	31	28	29	29	31	30	28	31	27	31	30	27	30	31	30	28	28	29	27	26	27	29	29	31	28	26	29	27	26	29	29	31	28	30	26	28	30	28	26	28	28	31	27	31	29	27	29	31	29	28	27	29	30	27	29	28	27	27	28	26	28	30	31	31	31	30	30	31	31	31	26	31	31	28	26	29	28	29	30	27	30	26	31	30	29	27	30	30	30	28	29	31	31	31	26	31	26	26	30	29	26	27	28	31	27	31	29	28	30	31	29	27	28	28	28	30	27	26	31	31	26	27	27	30	30	26	26	31	27	27	26	26	31	26	31	26	27	26	30	29	29	28	26	30	31	
84	77	85	87	87	86	79	85	92	83	77	82	87	88	85	88	91	87	93	85	90	94	83	76	88	86	86	93	94	82	82	92	81	84	90	87	78	80	85	85	86	84	94	87	80	77	77	78	94	83	92	78	83	77	89	90	88	94	83	91	87	76	91	90	92	79	80	84	83	76	76	90	90	91	93	90	78	85	86	77	94	94	93	83	91	87	80	94	87	81	91	77	89	82	78	89	77	88	90	80	85	76	78	77	86	91	86	88	79	82	93	86	81	87	77	77	90	78	81	91	86	77	92	78	89	93	84	79	85	87	83	80	88	84	87	82	90	85	92	80	78	80	86	94	86	77	78	90	84	93	79	93	92	82	89	79	90	89	90	79	82	78	85	94	92	94	94	86	92	78	82	82	89	81	86	84	77	91	94	83	88	80	84	76	91	87	88	77	79	91	91	94	90	94	93	84	78	93	81	86	79	78	94	79	83	83	89	83	80	92	92	83	84	86	90	87	80	78	90	84	84	80	78	79	86	93	88	83	80	81	86	78	79	78	85	85	83	77	77	94	77	81	90	78	89	80	86	88	94	80	83	83	76	94	94	83	92	83	85	88	94	94	80	92	90	89	81	91	82	76	84	82	86	85	90	82	80	84	92	80	78	90	88	78	86	91	78	91	78	76	77	83	82	91	94	80	85	77	93	90	94	85	94	85	82	87	87	92	81	85	94	77	94	80	76	88	84	85	94	89	80	90	94	90	91	81	92	86	84	85	76	93	77	77	86	78	76	82	83	83	92	85	87	91	85	91	84	92	83	85	91	79	77	92	89	89	79	83	87	85	88	93	87	91	84	79	80	90	79	94	78	79	82	89	78	94	83	93	78	81	83	85	80	85	83	79	77	78	80	78	83	82	84	92	88	76	86	93	78	85	92	81	91	81	89	86	77	78	78	82	94	90	83	84	89	90	92	80	85	93	82	80	94	90	76	79	88	78	89	91	88	83	86	81	78	76	81	88	89	91	89	85	76	84	85	82	85	78	81	80	77	90	78	94	91	78	93	89	92	82	78	88	82	93	81	91	89	91	76	80	84	86	86	76	87	78	76	80	92	87	82	78	90	80	81	86	85	87	88	79	82	93	77	87	81	93	82	78	79	77	78	86	92	88	88	81	78	94	79	79	77	80	83	84	86	91	77	88	78	89	85	83	81	88	77	79	90	85	83	90	80	82	92	92	93	84	77	84	93	92	83	77	83	78	90	90	90	90	86	94	85	77	89	92	80	87	94	82	81	93	77	90	87	91	82	83	80	79	86	87	88	79	94	86	77	93	79	83	84	83	87	93	85	84	90	93	89	89	89	92	84	94	78	85	77	80	90	89	94	83	86	79	94	90	77	86	93	94	94	81	89	85	94	85	78	81	91	76	85	76	89	94	93	84	91	78	76	90	87	85	82	88	94	94	76	82	84	94	88	94	78	78	83	88	87	81	93	86	87	88	82	84	94	84	76	80	84	94	77	88	78	79	89	80	78	89	83	84	79	94	76	92	86	94	78	86	76	84	76	92	85	81	78	84	85	87	84	90	85	93	79	85	91	84	85	84	76	88	90	94	78	86	83	77	88	89	79	82	91	91	94	80	79	76	87	88	83	80	78	88	88	91	91	78	88	82	84	89	93	83	80	79	79	77	78	78	85	86	81	84	87	85	89	87	77	76	91	89	79	87	79	92	84	89	89	87	83	92	76	80	80	90	94	88	86	89	87	77	81	86	79	82	82	94	87	76	79	92	94	77	79	89	85	76	83	92	83	92	90	88	85	81	85	91	80	85	88	77	84	85	78	83	88	77	79	77	93	93	93	79	89	77	92	90	90	85	84	90	88	77	90	78	85	82	89	92	77	78	78	78	94	88	86	94	76	79	89	77	78	80	77	78	88	81	93	88	78	89	94	86	78	93	81	78	82	84	91	89	80	84	91	81	88	81	90	89	89	92	94	79	93	78	79	81	83	76	92	84	93	77	78	93	86	91	82	81	89	82	94	76	85	80	85	88	86	77	86	76	84	81	90	77	79	84	87	93	78	81	90	80	88	89	94	92	84	76	82	91	90	76	94	94	78	78	80	93	84	92	83	93	83	81	86	76	91	86	84	84	90	80	91	92	79	89	85	83	82	88	83	86	77	77	76	81	79	80	78	93	77	91	79	78	77	79	87	94	85	89	93	87	77	91	80	91	88	84	76	87	81	85	79	86	81	80	79	82	93	79	79	88	90	83	78	77	94	83	78	86	76	87	
11	28.6	11	20.9	27.5	17.6	17.6	15.4	23.1	12.1	12.1	14.3	24.2	26.4	13.2	20.9	11	19.8	14.3	31.9	26.4	15.4	15.4	20.9	16.5	33	28.6	19.8	13.2	28.6	24.2	15.4	24.2	15.4	14.3	13.2	22	31.9	25.3	31.9	31.9	28.6	33	17.6	25.3	15.4	11	29.7	13.2	15.4	12.1	19.8	27.5	30.8	25.3	28.6	24.2	20.9	12.1	14.3	13.2	23.1	17.6	18.7	11	13.2	22	25.3	20.9	19.8	16.5	23.1	19.8	33	31.9	28.6	18.7	29.7	12.1	33	30.8	19.8	14.3	27.5	15.4	15.4	17.6	24.2	25.3	19.8	19.8	23.1	27.5	33	12.1	18.7	23.1	29.7	23.1	31.9	18.7	30.8	29.7	27.5	23.1	17.6	24.2	31.9	22	28.6	26.4	22	31.9	28.6	28.6	31.9	11	12.1	26.4	22	28.6	16.5	33	20.9	24.2	18.7	22	14.3	20.9	15.4	18.7	11	28.6	11	17.6	30.8	23.1	17.6	23.1	15.4	24.2	14.3	31.9	30.8	14.3	28.6	16.5	14.3	26.4	33	12.1	15.4	22	31.9	11	26.4	15.4	23.1	15.4	16.5	22	18.7	26.4	16.5	29.7	23.1	27.5	24.2	30.8	27.5	11	25.3	13.2	11	29.7	28.6	22	31.9	28.6	18.7	30.8	17.6	23.1	29.7	23.1	20.9	19.8	26.4	18.7	23.1	26.4	20.9	31.9	29.7	14.3	18.7	16.5	31.9	29.7	16.5	17.6	17.6	23.1	31.9	19.8	31.9	30.8	14.3	28.6	27.5	20.9	31.9	31.9	15.4	12.1	11	20.9	16.5	15.4	15.4	11	29.7	29.7	15.4	18.7	27.5	19.8	15.4	20.9	20.9	31.9	18.7	15.4	24.2	28.6	19.8	20.9	15.4	29.7	17.6	14.3	24.2	25.3	12.1	29.7	25.3	16.5	22	24.2	26.4	20.9	16.5	28.6	29.7	17.6	19.8	12.1	15.4	12.1	30.8	19.8	22	17.6	23.1	31.9	24.2	13.2	20.9	26.4	22	20.9	24.2	24.2	31.9	17.6	18.7	13.2	29.7	28.6	31.9	14.3	22	15.4	23.1	25.3	18.7	28.6	27.5	30.8	24.2	20.9	19.8	25.3	22	17.6	13.2	23.1	23.1	20.9	25.3	33	16.5	20.9	20.9	23.1	24.2	11	12.1	11	12.1	29.7	27.5	12.1	22	17.6	23.1	19.8	28.6	16.5	26.4	27.5	22	23.1	31.9	19.8	17.6	23.1	14.3	16.5	18.7	14.3	12.1	24.2	17.6	16.5	15.4	19.8	12.1	19.8	29.7	29.7	26.4	22	29.7	20.9	22	27.5	33	30.8	26.4	19.8	24.2	25.3	27.5	24.2	27.5	17.6	13.2	18.7	33	22	24.2	18.7	12.1	28.6	16.5	16.5	22	18.7	15.4	27.5	23.1	26.4	33	20.9	24.2	16.5	30.8	12.1	30.8	16.5	13.2	11	20.9	28.6	26.4	30.8	18.7	14.3	15.4	16.5	12.1	27.5	13.2	31.9	29.7	30.8	26.4	25.3	27.5	20.9	16.5	26.4	27.5	20.9	24.2	17.6	19.8	29.7	14.3	16.5	30.8	18.7	18.7	18.7	23.1	16.5	26.4	31.9	15.4	18.7	16.5	26.4	31.9	15.4	33	19.8	11	24.2	23.1	20.9	33	20.9	22	14.3	14.3	20.9	29.7	14.3	26.4	29.7	14.3	17.6	30.8	31.9	33	20.9	24.2	22	30.8	29.7	31.9	29.7	11	28.6	29.7	26.4	14.3	13.2	15.4	11	28.6	18.7	31.9	28.6	29.7	27.5	22	30.8	18.7	31.9	13.2	27.5	31.9	24.2	18.7	18.7	11	13.2	20.9	24.2	14.3	11	20.9	19.8	24.2	26.4	19.8	23.1	26.4	24.2	26.4	33	27.5	30.8	27.5	20.9	29.7	20.9	27.5	17.6	29.7	28.6	16.5	14.3	26.4	17.6	13.2	29.7	11	27.5	23.1	29.7	13.2	26.4	25.3	23.1	23.1	12.1	29.7	12.1	11	18.7	13.2	13.2	23.1	26.4	25.3	18.7	20.9	31.9	17.6	16.5	11	13.2	33	25.3	27.5	15.4	16.5	25.3	31.9	14.3	11	18.7	18.7	23.1	19.8	11	33	11	20.9	25.3	11	25.3	18.7	31.9	16.5	25.3	17.6	31.9	33	16.5	11	27.5	33	13.2	26.4	19.8	14.3	24.2	16.5	18.7	15.4	17.6	30.8	33	33	31.9	22	18.7	33	18.7	24.2	20.9	15.4	24.2	28.6	27.5	27.5	18.7	18.7	27.5	22	33	16.5	29.7	29.7	25.3	30.8	27.5	24.2	13.2	17.6	26.4	26.4	19.8	31.9	29.7	29.7	20.9	22	23.1	30.8	16.5	29.7	22	20.9	14.3	30.8	24.2	31.9	28.6	33	28.6	22	18.7	26.4	33	26.4	30.8	31.9	26.4	27.5	28.6	29.7	27.5	29.7	33	22	27.5	16.5	33	26.4	27.5	12.1	29.7	28.6	16.5	14.3	17.6	20.9	25.3	22	12.1	23.1	30.8	26.4	26.4	20.9	17.6	30.8	14.3	30.8	14.3	16.5	16.5	15.4	18.7	29.7	16.5	23.1	14.3	19.8	17.6	28.6	25.3	19.8	27.5	24.2	27.5	30.8	17.6	23.1	24.2	23.1	15.4	20.9	30.8	27.5	28.6	24.2	22	12.1	18.7	29.7	11	12.1	25.3	30.8	13.2	27.5	26.4	33	14.3	30.8	33	22	27.5	20.9	26.4	15.4	18.7	20.9	15.4	19.8	19.8	27.5	26.4	24.2	16.5	17.6	12.1	20.9	12.1	27.5	30.8	20.9	17.6	13.2	13.2	22	26.4	18.7	28.6	33	30.8	20.9	27.5	30.8	25.3	17.6	26.4	22	12.1	18.7	22	18.7	20.9	30.8	13.2	18.7	24.2	16.5	19.8	31.9	24.2	15.4	13.2	22	24.2	25.3	33	16.5	30.8	19.8	25.3	26.4	27.5	22	13.2	30.8	15.4	22	30.8	25.3	23.1	33	22	14.3	12.1	31.9	20.9	16.5	29.7	11	33	27.5	13.2	14.3	29.7	16.5	19.8	26.4	18.7	28.6	13.2	31.9	31.9	33	24.2	15.4	31.9	14.3	19.8	15.4	30.8	33	17.6	16.5	17.6	18.7	31.9	28.6	12.1	28.6	18.7	18.7	28.6	29.7	12.1	14.3	31.9	16.5	13.2	16.5	13.2	15.4	30.8	22	24.2	17.6	23.1	23.1	24.2	23.1	28.6	28.6	31.9	24.2	16.5	27.5	16.5	14.3	23.1	24.2	25.3	13.2	28.6	11	29.7	27.5	28.6	15.4	16.5	23.1	18.7	18.7	25.3	11	13.2	33	33	23.1	31.9	16.5	31.9	25.3	30.8	23.1	22	23.1	26.4	28.6	27.5	30.8	30.8	31.9	31.9	17.6	31.9	31.9	23.1	11	22	13.2	19.8	22	25.3	13.2	33	33	23.1	14.3	31.9	30.8	22	20.9	13.2	22	19.8	27.5	28.6	31.9	20.9	24.2	14.3	26.4	22	12.1	14.3	12.1	15.4	26.4	31.9	20.9	24.2	16.5	28.6	33	20.9	15.4	29.7	28.6	17.6	18.7	28.6	14.3	31.9	14.3	31.9	29.7	16.5	23.1	25.3	23.1	12.1	33	30.8	11	20.9	12.1	15.4	25.3	20.9	14.3	15.4	14.3	16.5	14.3	28.6	15.4	19.8	22	22	17.6	27.5	12.1	29.7	18.7	18.7	24.2	22	23.1	27.5	26.4	14.3	31.9	12.1	33	17.6	16.5	16.5	33	16.5	15.4	17.6	17.6	23.1	33	22	13.2	13.2	24.2	26.4	24.2	30.8	29.7	16.5	30.8	30.8	23.1	14.3	29.7	33	16.5	22	20.9	16.5	14.3	
20.9	15.4	18.7	13.2	11	27.5	18.7	22	28.6	15.4	23.1	19.8	11	26.4	18.7	24.2	31.9	14.3	23.1	12.1	31.9	25.3	31.9	14.3	25.3	24.2	17.6	26.4	26.4	18.7	15.4	14.3	30.8	16.5	12.1	11	24.2	13.2	27.5	17.6	23.1	12.1	27.5	24.2	28.6	25.3	14.3	16.5	33	14.3	23.1	14.3	19.8	31.9	14.3	18.7	20.9	28.6	18.7	11	31.9	13.2	28.6	13.2	27.5	13.2	25.3	14.3	11	20.9	26.4	29.7	22	30.8	28.6	13.2	28.6	16.5	12.1	33	14.3	28.6	28.6	23.1	23.1	28.6	18.7	20.9	31.9	33	30.8	13.2	22	30.8	28.6	25.3	31.9	30.8	19.8	12.1	20.9	19.8	19.8	19.8	20.9	33	19.8	24.2	28.6	15.4	28.6	31.9	29.7	17.6	28.6	24.2	25.3	27.5	30.8	12.1	24.2	12.1	20.9	19.8	29.7	13.2	24.2	26.4	26.4	14.3	11	29.7	25.3	29.7	33	18.7	15.4	23.1	31.9	22	29.7	18.7	17.6	22	19.8	22	15.4	24.2	31.9	16.5	28.6	20.9	22	12.1	11	23.1	33	15.4	27.5	26.4	20.9	16.5	19.8	18.7	22	25.3	29.7	12.1	23.1	13.2	29.7	15.4	29.7	15.4	29.7	14.3	12.1	12.1	29.7	30.8	24.2	33	29.7	14.3	23.1	27.5	27.5	18.7	22	15.4	27.5	28.6	22	29.7	28.6	26.4	11	29.7	11	24.2	27.5	11	33	27.5	31.9	25.3	16.5	31.9	18.7	30.8	23.1	25.3	30.8	25.3	15.4	23.1	11	13.2	12.1	25.3	11	13.2	20.9	17.6	28.6	17.6	26.4	29.7	28.6	12.1	26.4	23.1	25.3	26.4	31.9	26.4	12.1	23.1	19.8	13.2	15.4	33	29.7	22	18.7	27.5	25.3	25.3	19.8	28.6	31.9	15.4	19.8	23.1	12.1	25.3	16.5	19.8	18.7	11	33	27.5	18.7	29.7	17.6	33	12.1	13.2	27.5	28.6	18.7	29.7	18.7	33	25.3	26.4	11	30.8	26.4	13.2	25.3	33	19.8	18.7	18.7	31.9	14.3	23.1	28.6	26.4	11	28.6	26.4	13.2	25.3	17.6	18.7	11	29.7	31.9	22	18.7	18.7	26.4	30.8	30.8	23.1	24.2	17.6	27.5	28.6	16.5	13.2	22	26.4	17.6	13.2	16.5	20.9	23.1	11	29.7	24.2	13.2	20.9	20.9	13.2	19.8	25.3	20.9	15.4	28.6	13.2	25.3	30.8	15.4	24.2	11	23.1	14.3	22	12.1	15.4	29.7	33	25.3	25.3	13.2	13.2	33	30.8	18.7	27.5	23.1	23.1	18.7	17.6	11	12.1	22	22	30.8	24.2	20.9	19.8	22	11	16.5	13.2	31.9	25.3	23.1	18.7	31.9	30.8	31.9	14.3	15.4	18.7	12.1	24.2	11	22	27.5	13.2	24.2	31.9	22	18.7	15.4	27.5	11	27.5	16.5	26.4	15.4	16.5	24.2	14.3	27.5	33	23.1	13.2	26.4	16.5	33	33	25.3	11	20.9	33	31.9	11	14.3	22	18.7	19.8	23.1	28.6	17.6	28.6	18.7	25.3	28.6	31.9	17.6	14.3	18.7	24.2	23.1	24.2	26.4	17.6	25.3	22	11	20.9	25.3	26.4	25.3	20.9	12.1	28.6	24.2	11	27.5	30.8	15.4	16.5	13.2	31.9	17.6	23.1	27.5	29.7	29.7	31.9	29.7	15.4	18.7	31.9	14.3	18.7	29.7	19.8	11	15.4	19.8	31.9	20.9	25.3	23.1	27.5	23.1	22	11	27.5	24.2	13.2	29.7	31.9	27.5	14.3	19.8	16.5	25.3	29.7	13.2	19.8	25.3	12.1	26.4	17.6	23.1	15.4	15.4	26.4	28.6	22	20.9	28.6	27.5	14.3	18.7	29.7	23.1	25.3	19.8	30.8	29.7	27.5	11	31.9	24.2	30.8	23.1	14.3	33	15.4	13.2	23.1	18.7	29.7	25.3	25.3	19.8	27.5	14.3	16.5	16.5	33	24.2	13.2	27.5	29.7	27.5	22	12.1	29.7	12.1	30.8	16.5	11	17.6	31.9	24.2	22	20.9	28.6	16.5	30.8	24.2	17.6	29.7	17.6	24.2	18.7	20.9	16.5	27.5	15.4	16.5	33	23.1	25.3	14.3	29.7	26.4	26.4	28.6	11	28.6	33	13.2	24.2	26.4	24.2	27.5	24.2	26.4	23.1	26.4	22	28.6	25.3	18.7	12.1	12.1	30.8	26.4	13.2	14.3	15.4	18.7	18.7	14.3	17.6	16.5	23.1	17.6	11	18.7	28.6	33	13.2	26.4	18.7	31.9	26.4	19.8	15.4	22	18.7	16.5	24.2	18.7	22	20.9	19.8	31.9	19.8	24.2	11	29.7	18.7	11	13.2	17.6	22	24.2	27.5	15.4	19.8	18.7	13.2	22	13.2	17.6	22	14.3	12.1	13.2	24.2	11	17.6	12.1	33	28.6	24.2	18.7	28.6	23.1	25.3	26.4	28.6	29.7	19.8	16.5	23.1	14.3	26.4	13.2	11	25.3	18.7	30.8	29.7	33	26.4	25.3	23.1	20.9	16.5	27.5	22	33	33	15.4	17.6	11	25.3	26.4	15.4	20.9	30.8	11	33	18.7	24.2	28.6	14.3	26.4	19.8	16.5	26.4	18.7	30.8	11	18.7	18.7	19.8	15.4	14.3	29.7	14.3	11	30.8	30.8	17.6	30.8	20.9	20.9	22	27.5	11	22	20.9	29.7	24.2	11	30.8	17.6	13.2	15.4	27.5	27.5	12.1	29.7	14.3	24.2	11	15.4	19.8	14.3	24.2	14.3	19.8	16.5	25.3	27.5	18.7	26.4	33	25.3	18.7	19.8	24.2	24.2	17.6	14.3	16.5	23.1	29.7	17.6	15.4	29.7	19.8	23.1	31.9	23.1	13.2	29.7	11	29.7	11	23.1	23.1	12.1	13.2	25.3	19.8	33	28.6	14.3	16.5	27.5	11	13.2	16.5	24.2	14.3	15.4	30.8	28.6	17.6	27.5	22	30.8	24.2	19.8	22	19.8	13.2	12.1	16.5	27.5	25.3	16.5	29.7	33	33	14.3	29.7	27.5	12.1	14.3	16.5	18.7	25.3	16.5	29.7	14.3	22	23.1	29.7	13.2	16.5	24.2	20.9	17.6	31.9	22	20.9	19.8	31.9	29.7	25.3	33	15.4	19.8	19.8	13.2	24.2	14.3	22	28.6	18.7	23.1	18.7	15.4	20.9	13.2	25.3	13.2	12.1	17.6	33	11	20.9	16.5	22	13.2	29.7	18.7	31.9	26.4	28.6	24.2	25.3	24.2	27.5	13.2	23.1	31.9	16.5	26.4	23.1	22	24.2	26.4	11	24.2	17.6	18.7	11	31.9	19.8	31.9	28.6	11	30.8	13.2	33	12.1	30.8	19.8	20.9	14.3	15.4	28.6	33	33	28.6	29.7	19.8	13.2	12.1	31.9	12.1	20.9	20.9	28.6	11	30.8	19.8	24.2	31.9	24.2	20.9	11	24.2	17.6	12.1	11	23.1	15.4	15.4	20.9	15.4	23.1	19.8	12.1	26.4	29.7	18.7	15.4	13.2	18.7	22	15.4	15.4	16.5	28.6	27.5	28.6	15.4	30.8	30.8	33	14.3	28.6	28.6	13.2	29.7	12.1	30.8	29.7	28.6	31.9	12.1	31.9	19.8	14.3	11	22	20.9	14.3	31.9	14.3	12.1	23.1	24.2	26.4	24.2	14.3	22	17.6	26.4	26.4	22	11	27.5	28.6	15.4	13.2	14.3	22	13.2	20.9	27.5	28.6	26.4	13.2	19.8	27.5	22	12.1	20.9	20.9	22	18.7	18.7	25.3	14.3	14.3	26.4	33	33	31.9	17.6	
17.6	17.6	31.9	16.5	20.9	17.6	27.5	14.3	12.1	31.9	27.5	14.3	14.3	28.6	28.6	17.6	25.3	25.3	12.1	31.9	20.9	28.6	16.5	15.4	20.9	16.5	20.9	25.3	30.8	29.7	20.9	18.7	18.7	22	25.3	24.2	20.9	16.5	11	28.6	20.9	19.8	16.5	18.7	12.1	
14	18	16	11	12	19	16	10	10	17	18	14	18	10	11	20	15	19	20	18	16	10	18	13	12	20	14	16	10	12	10	13	20	18	15	17	11	20	13	20	20	16	12	15	10	20	12	16	15	11	13	14	17	11	12	14	11	13	10	11	14	14	20	19	16	20	16	18	10	16	15	14	12	18	19	17	10	16	17	13	20	15	17	15	10	15	11	12	13	14	17	17	14	10	19	17	14	20	18	19	10	10	14	12	13	12	17	15	17	14	14	18	17	10	14	19	10	14	12	10	14	15	16	16	10	18	18	14	14	18	17	10	19	18	12	11	15	16	14	20	10	16	18	11	16	13	13	11	18	14	15	10	15	16	13	18	16	15	14	14	14	16	14	18	11	11	19	17	14	15	20	20	16	10	18	20	20	20	11	16	17	12	19	18	10	11	18	20	10	15	14	13	20	15	14	19	12	13	20	17	18	13	16	10	16	11	17	11	20	13	19	17	20	12	19	12	16	13	20	13	17	17	10	20	10	11	20	15	10	13	13	12	18	11	17	14	18	13	11	20	20	10	18	15	14	12	13	11	18	17	10	12	19	18	13	15	18	18	12	15	10	17	12	12	19	13	12	16	11	10	14	13	11	13	14	12	20	17	15	14	18	12	14	14	18	20	19	14	10	20	18	12	17	15	19	14	12	10	18	14	15	16	15	12	15	14	13	18	20	15	17	18	11	15	18	17	14	18	19	18	17	15	20	10	15	12	17	15	11	18	20	20	15	19	18	19	10	10	17	10	13	16	14	18	19	11	11	18	13	15	12	19	10	13	17	20	14	20	20	16	12	17	19	16	16	12	18	18	14	10	15	15	14	19	11	19	20	12	12	12	17	14	20	17	12	11	17	20	10	13	15	13	15	19	19	14	20	14	19	18	20	10	20	16	10	11	13	20	18	12	11	10	15	17	18	14	14	17	15	14	13	10	13	10	13	16	12	16	10	15	12	11	10	16	12	12	16	12	16	13	11	11	20	13	11	19	18	15	19	12	17	17	14	12	10	14	14	11	15	20	11	12	16	13	11	15	19	16	12	18	19	19	10	14	14	17	20	10	16	11	15	17	20	20	14	17	16	17	14	12	16	20	20	17	13	14	12	12	17	19	10	16	15	18	15	19	16	20	13	11	17	10	12	14	16	14	11	16	11	19	14	15	10	14	14	15	18	13	10	18	14	16	12	19	11	13	18	13	20	14	19	14	18	14	20	14	18	15	14	19	19	11	17	10	18	13	18	13	11	13	12	17	18	14	10	12	16	14	11	19	10	15	12	16	20	17	18	12	15	11	10	18	12	19	18	18	20	14	12	16	16	20	16	13	16	13	19	19	18	15	19	16	12	19	11	13	11	14	19	19	14	16	11	16	13	17	14	19	19	15	17	11	11	13	10	13	14	16	11	14	15	19	11	15	20	18	16	19	18	14	13	16	15	18	20	17	10	11	16	11	19	15	12	11	16	15	17	19	13	18	13	19	20	15	20	17	11	19	17	20	11	17	13	16	16	10	16	13	11	13	20	20	17	16	10	17	16	16	15	16	11	13	20	14	15	19	18	17	14	16	11	19	11	13	11	15	17	17	15	10	20	18	17	16	11	11	14	10	18	15	10	16	17	15	19	17	12	14	13	17	16	17	18	12	13	17	18	16	13	18	11	19	19	11	17	18	11	17	20	17	15	11	13	17	16	18	19	19	12	12	18	15	12	15	15	20	13	18	11	10	18	15	12	13	19	14	11	19	18	14	18	18	19	17	18	15	10	15	13	10	13	18	19	11	19	18	12	11	13	13	19	11	14	10	12	18	15	19	20	14	11	11	16	17	15	19	16	10	20	15	10	19	13	16	13	15	10	14	14	19	17	11	10	18	20	19	20	10	11	10	20	17	17	12	11	15	13	19	11	18	11	16	11	19	20	10	20	19	12	12	20	17	17	20	11	15	17	18	14	17	12	12	14	15	15	13	20	20	10	17	18	15	17	10	11	17	12	17	18	11	16	16	13	17	19	10	16	10	10	11	19	12	11	19	20	15	13	17	10	19	16	10	11	17	10	17	10	10	20	11	18	19	11	10	10	20	20	15	16	16	10	11	18	13	18	18	11	14	18	18	18	15	17	14	17	18	16	10	16	11	17	15	14	14	17	20	19	10	18	14	14	11	19	17	15	10	12	19	12	15	19	14	13	17	12	11	17	13	16	20	16	13	17	12	19	12	13	15	20	15	15	12	12	13	16	19	19	17	13	12	
1	1	1	1	1	1	1	1	1	1	1	1	1	1	1	1	1	1	1	2	2	2	2	2	2	2	2	2	2	2	2	2	2	2	2	2	2	2	2	2	2	2	3	3	3	3	3	3	3	3	3	3	3	3	3	3	3	3	3	3	3	3	4	4	4	4	4	4	4	4	4	4	4	4	4	4	4	4	4	4	4	5	5	5	5	5	5	5	5	5	5	5	5	5	5	5	5	5	5	5	5	5	5	5	5	5	5	6	6	6	6	6	6	6	6	6	6	6	6	6	6	6	6	6	6	6	6	7	7	7	7	7	7	7	7	7	7	7	7	7	7	7	7	7	7	7	7	7	7	7	7	7	7	7	7	7	7	8	8	8	8	8	8	8	8	8	8	8	8	8	8	8	8	8	8	8	8	8	8	8	8	9	9	9	9	9	9	9	9	9	9	9	9	9	9	9	9	9	9	9	9	9	9	9	9	9	9	10	10	10	10	10	10	10	10	10	10	10	10	10	10	11	11	11	11	11	11	11	11	11	11	11	11	11	11	11	11	11	11	11	11	11	11	11	11	12	12	12	12	12	12	12	12	12	12	12	12	12	12	12	12	12	12	13	13	13	13	13	13	13	13	13	13	13	13	13	13	13	13	13	13	13	13	13	13	14	14	14	14	14	14	14	14	14	14	14	14	14	14	14	14	14	14	14	15	15	15	15	15	15	15	15	15	15	15	15	15	15	15	15	15	15	15	16	16	16	16	16	16	16	16	16	16	16	16	16	16	16	16	16	16	16	17	17	17	17	17	17	17	17	17	17	17	17	17	17	17	17	17	17	17	18	18	18	18	18	18	18	18	18	18	18	18	18	18	18	18	18	18	18	18	18	18	18	19	19	19	19	19	19	19	19	19	19	19	19	19	19	19	19	19	20	20	20	20	20	20	20	20	20	20	20	20	20	20	20	20	20	20	20	20	20	20	20	20	20	20	20	20	21	21	21	21	21	21	21	21	21	21	21	21	21	21	21	21	21	21	21	21	21	21	21	21	21	21	21	21	22	22	22	22	22	22	22	22	22	22	22	22	22	22	22	22	22	22	22	22	23	23	23	23	23	23	23	23	23	23	23	23	23	23	23	23	23	23	23	23	23	23	23	23	23	23	23	23	23	24	24	24	24	24	24	24	24	24	24	24	24	24	24	24	24	24	24	24	24	25	25	25	25	25	25	25	25	25	25	25	25	25	25	25	25	25	25	25	25	25	25	25	25	25	25	25	25	25	25	25	26	26	26	26	26	26	26	26	26	27	27	27	27	27	27	27	27	27	27	27	27	27	27	27	27	27	27	27	27	27	27	27	27	27	27	28	28	28	28	28	28	28	28	28	28	28	28	28	28	28	28	28	28	28	28	28	28	28	28	28	28	28	29	29	29	29	29	29	29	29	29	29	29	29	29	29	29	29	29	29	29	29	29	29	29	29	29	29	29	29	29	30	30	30	30	30	30	30	30	30	30	30	30	30	30	30	30	30	30	30	30	30	30	30	30	30	30	30	30	31	31	31	31	31	31	31	31	31	31	32	32	32	32	32	32	32	32	32	32	32	32	32	32	32	32	32	32	32	32	32	33	33	33	33	33	33	33	33	33	33	33	33	33	33	33	33	33	33	33	34	34	34	34	34	34	34	34	34	34	34	34	34	34	34	34	34	34	34	35	35	35	35	35	35	35	35	35	35	35	35	35	35	35	35	35	35	35	35	36	36	36	36	36	36	36	36	36	36	36	36	36	36	36	36	36	36	36	36	36	36	36	36	36	37	37	37	37	37	37	37	37	37	37	37	37	37	37	37	37	37	38	38	38	38	38	38	38	38	38	38	38	38	38	38	38	38	38	38	38	38	38	38	38	39	39	39	39	39	39	39	39	39	39	39	39	39	39	39	39	39	39	39	39	39	39	39	39	39	39	39	39	39	40	40	40	40	40	40	40	40	40	40	40	40	40	40	40	40	40	40	41	41	41	41	41	41	41	41	41	41	41	41	41	41	41	41	41	41	41	41	41	41	41	41	41	42	42	42	42	42	42	42	42	42	42	42	42	42	42	42	42	42	42	42	42	42	42	42	42	42	42	43	43	43	43	43	43	43	43	43	43	43	43	43	43	43	43	43	43	43	43	43	43	43	43	43	44	44	44	44	44	44	44	44	44	44	44	44	44	44	44	44	44	44	44	44	44	44	44	44	44	44	44	44	45	45	45	45	45	45	45	45	45	45	45	45	45	45	45	45	45	45	45	
