1000
30	5
517	18.7
30	30	29	28	26	29	31	28	29	27	29	27	28	28	29	31	27	29	29	27	27	31	26	27	30	30	27	26	27	27	29	29	27	31	26	26	31	26	26	31	26	28	30	29	30	28	31	31	31	26	27	30	30	29	29	31	27	26	29	27	31	29	30	28	26	28	26	28	29	29	26	31	28	31	28	26	26	29	31	26	29	27	31	30	31	29	30	26	31	27	27	28	30	30	28	26	29	30	30	30	26	29	31	26	28	31	29	31	27	28	28	29	29	28	29	27	30	27	30	30	28	29	26	30	30	27	27	29	31	31	29	30	27	29	27	28	26	28	30	27	29	28	31	30	26	31	29	27	26	29	26	27	30	30	29	31	29	28	29	30	31	31	26	31	30	26	27	31	31	30	27	31	30	31	26	30	26	28	29	31	30	27	30	29	26	28	27	26	31	30	28	30	28	30	31	27	27	29	27	31	31	27	29	28	26	26	31	28	30	29	30	27	27	31	30	31	27	26	31	27	27	31	28	28	29	31	31	26	31	27	31	30	29	26	26	27	26	28	27	31	30	27	28	28	27	31	31	29	28	28	27	29	30	27	31	26	29	31	26	26	27	26	27	28	26	31	26	26	29	26	31	28	28	26	30	31	27	31	28	30	26	30	31	31	28	31	29	27	26	26	31	27	27	26	26	31	30	27	31	29	27	27	31	26	27	26	28	30	27	31	27	28	26	26	30	31	26	31	30	30	30	26	31	30	28	30	31	31	30	29	28	30	27	29	26	26	30	26	27	29	28	31	27	26	26	26	27	27	26	26	28	27	30	27	26	29	29	29	26	31	29	31	29	30	26	27	30	29	28	31	31	27	27	26	31	31	31	26	26	28	27	28	26	29	28	27	30	28	28	29	26	31	26	31	28	28	27	29	28	29	27	28	31	31	29	26	26	30	27	28	27	28	30	29	27	31	26	26	26	28	26	26	28	29	29	31	28	30	31	26	31	28	31	30	28	30	29	31	29	26	26	27	30	28	31	28	30	29	28	26	29	30	26	28	29	30	29	26	26	31	31	26	27	27	31	28	29	27	31	28	30	27	28	29	31	31	29	26	31	31	31	30	26	27	26	27	31	29	27	31	30	31	28	28	27	27	29	27	26	28	28	27	28	30	27	31	31	30	27	26	28	30	28	26	31	26	28	28	26	30	28	28	28	27	30	30	28	30	30	30	26	31	26	26	30	31	29	30	27	28	26	31	30	26	29	29	30	28	26	29	27	29	29	29	28	30	30	30	28	26	30	31	31	28	27	30	30	29	29	30	26	30	27	28	31	29	26	30	28	31	31	31	28	31	28	29	26	27	30	29	30	27	30	30	30	27	28	28	26	26	29	26	28	30	31	26	28	28	30	31	29	27	26	26	28	31	31	27	26	31	31	29	26	30	30	27	26	31	30	27	31	31	30	31	29	29	26	28	29	26	26	31	29	29	27	30	27	26	26	29	27	28	29	29	28	26	26	28	26	29	27	27	29	27	30	30	28	30	28	31	26	27	26	31	31	31	27	26	29	27	30	29	26	29	31	31	27	31	29	27	28	31	27	28	31	30	31	26	28	27	26	29	31	31	27	26	27	30	31	31	27	26	29	30	28	26	26	27	31	28	28	31	28	29	30	26	30	29	29	27	30	31	29	28	29	29	28	31	31	26	28	26	29	28	26	28	29	26	27	27	29	27	31	30	30	28	31	31	26	26	30	30	28	27	31	29	27	31	28	28	26	28	29	29	30	30	29	26	27	26	26	31	29	30	30	28	30	28	28	31	30	31	26	28	28	31	29	28	30	31	26	26	27	28	28	31	30	26	28	31	26	27	29	30	30	27	27	28	30	26	26	26	28	27	27	27	29	28	26	26	30	31	26	31	28	26	26	31	27	27	26	30	31	27	27	29	26	26	28	31	28	31	27	27	30	30	26	27	27	27	30	29	31	28	28	30	30	31	30	31	28	29	27	26	29	27	28	31	31	26	27	30	26	31	30	26	28	26	26	26	31	26	28	31	28	29	27	29	30	29	26	30	28	26	31	30	28	27	26	27	28	30	28	30	31	27	26	31	30	26	27	26	31	28	28	30	30	29	30	26	29	26	31	29	29	28	31	26	26	27	31	29	29	30	29	27	30	31	29	26	27	30	31	28	28	26	30	27	28	30	31	28	29	26	27	31	29	26	30	31	29	30	28	27	28	26	30	30	27	28	30	26	26	31	29	31	29	28	31	27	28	31	28	29	27	28	29	28	27	27	
76	78	93	78	90	89	91	87	80	81	80	86	85	89	83	92	87	76	84	90	93	88	94	93	83	87	93	81	77	85	82	86	78	87	94	87	81	90	86	77	87	86	83	87	81	93	84	79	85	81	77	94	91	84	80	89	85	94	93	79	86	78	90	76	90	90	88	79	89	91	82	86	93	91	93	82	85	76	83	91	79	79	88	87	86	89	80	89	86	79	93	91	82	87	88	91	94	83	92	86	80	76	80	85	86	85	87	86	85	83	76	91	91	76	87	78	81	89	76	88	87	89	85	87	88	87	83	89	83	78	78	90	87	89	81	94	78	88	80	90	79	79	83	77	92	86	88	88	79	92	86	90	77	87	81	81	83	88	85	91	76	88	91	84	93	91	79	91	83	92	84	83	94	93	92	76	81	83	78	83	93	83	86	80	89	77	85	91	87	91	92	92	87	91	87	78	92	81	80	92	89	81	86	80	78	88	88	88	81	84	80	80	92	81	85	88	87	83	91	86	79	86	87	84	91	92	84	89	83	94	89	85	77	93	79	81	84	81	82	77	85	92	90	87	92	81	86	79	87	80	94	93	89	77	85	82	82	77	86	76	90	80	92	94	82	78	91	87	92	84	88	88	83	85	93	77	87	79	82	82	76	79	91	91	93	85	88	90	86	81	88	93	92	80	89	86	91	88	93	81	81	77	87	90	81	85	76	88	81	81	90	93	94	78	77	90	85	86	86	93	93	78	80	89	85	78	89	81	83	92	79	80	85	93	91	80	85	81	79	81	93	90	91	86	89	83	84	77	88	81	88	85	87	76	93	82	87	88	89	92	93	85	79	89	80	91	87	84	77	94	94	86	82	94	83	80	79	88	80	93	85	94	87	79	86	94	76	79	86	77	79	91	83	93	83	94	87	88	79	81	84	92	89	85	78	86	79	92	83	81	93	94	91	85	79	83	90	93	87	93	85	85	87	85	88	86	79	81	83	88	78	76	81	89	82	77	80	81	79	82	80	76	81	79	81	91	80	84	83	76	76	89	87	79	86	84	85	84	85	88	93	80	79	92	77	87	91	81	84	81	81	84	94	87	93	84	84	87	94	82	83	86	86	85	88	77	76	91	83	93	84	87	93	79	90	86	89	88	93	90	86	81	92	91	77	82	92	93	82	77	92	93	90	80	87	92	85	93	81	92	93	89	86	81	77	92	76	91	94	90	88	92	82	87	88	82	92	91	92	88	81	88	76	77	90	79	87	93	86	90	86	94	90	80	86	86	93	82	92	79	86	76	85	79	83	87	87	94	77	79	91	76	84	78	79	92	78	88	78	90	84	85	87	87	94	76	94	76	79	92	84	89	76	85	90	76	79	92	79	91	85	80	79	85	84	92	89	80	81	80	84	93	79	81	82	90	79	83	78	82	92	78	82	86	80	76	90	81	83	94	83	90	94	92	90	80	91	76	87	78	86	88	80	91	93	78	84	83	88	94	94	87	78	92	76	81	79	80	76	84	77	90	77	87	85	83	86	84	86	87	82	77	92	93	87	87	93	80	79	84	82	82	90	93	84	90	90	91	91	86	83	93	88	83	84	83	86	84	83	84	94	81	85	88	89	80	94	87	93	90	81	80	80	82	78	91	77	82	81	91	82	76	85	81	94	76	86	88	94	77	86	79	79	83	90	76	79	76	89	80	90	88	88	83	77	90	77	88	90	86	91	87	88	85	79	82	91	89	87	90	85	88	79	81	89	91	80	87	87	78	90	83	78	78	86	85	87	94	89	88	84	76	85	82	83	81	84	86	81	94	93	77	84	80	82	82	77	84	93	86	93	88	86	86	90	93	87	92	82	94	91	87	80	79	77	86	92	87	82	83	83	93	77	82	84	80	81	77	89	86	90	85	91	76	86	82	81	84	91	84	82	88	82	83	87	82	92	94	89	85	79	91	85	87	94	91	84	92	85	85	90	93	85	77	87	83	85	79	91	76	88	87	89	89	87	94	84	94	84	92	94	85	83	76	90	88	92	76	86	78	91	92	82	91	93	93	85	89	90	94	94	89	76	78	82	90	78	82	80	94	92	79	81	93	88	91	83	85	90	86	88	93	81	86	90	88	89	83	79	88	89	90	87	82	78	78	87	91	90	87	79	88	82	82	85	90	87	80	91	91	77	93	92	80	86	90	92	78	76	94	92	79	85	93	79	91	91	79	76	91	87	76	76	87	84	93	76	91	86	88	86	84	85	90	91	78	82	78	85	89	89	90	85	76	80	92	86	94	85	92	
24.2	20.9	17.6	14.3	14.3	30.8	20.9	28.6	29.7	29.7	19.8	28.6	27.5	30.8	29.7	31.9	31.9	16.5	30.8	12.1	26.4	33	33	17.6	24.2	15.4	19.8	30.8	28.6	14.3	12.1	11	19.8	31.9	28.6	30.8	30.8	22	31.9	25.3	27.5	23.1	27.5	18.7	23.1	24.2	24.2	30.8	13.2	22	31.9	19.8	18.7	13.2	26.4	33	16.5	30.8	30.8	27.5	15.4	13.2	14.3	19.8	17.6	18.7	30.8	14.3	16.5	18.7	20.9	12.1	15.4	29.7	13.2	19.8	14.3	25.3	28.6	24.2	30.8	11	33	17.6	30.8	30.8	28.6	12.1	13.2	22	17.6	26.4	11	19.8	26.4	15.4	15.4	30.8	23.1	25.3	28.6	22	22	22	33	15.4	19.8	26.4	23.1	11	20.9	30.8	15.4	27.5	28.6	11	15.4	26.4	17.6	33	19.8	11	18.7	12.1	30.8	18.7	22	24.2	22	25.3	26.4	15.4	13.2	19.8	27.5	20.9	12.1	13.2	29.7	28.6	28.6	33	20.9	18.7	30.8	25.3	14.3	25.3	16.5	25.3	14.3	25.3	15.4	28.6	33	15.4	22	11	15.4	18.7	25.3	25.3	12.1	24.2	28.6	13.2	26.4	14.3	19.8	11	28.6	26.4	30.8	22	29.7	24.2	14.3	17.6	24.2	20.9	33	18.7	30.8	22	19.8	19.8	23.1	24.2	13.2	14.3	15.4	33	14.3	23.1	16.5	28.6	16.5	26.4	19.8	28.6	17.6	27.5	23.1	11	12.1	19.8	17.6	33	31.9	20.9	27.5	11	13.2	27.5	24.2	30.8	33	25.3	23.1	22	11	33	33	28.6	33	11	31.9	31.9	22	16.5	22	15.4	19.8	19.8	31.9	22	17.6	15.4	16.5	18.7	17.6	12.1	22	31.9	11	12.1	25.3	22	19.8	31.9	27.5	17.6	26.4	29.7	16.5	14.3	26.4	30.8	26.4	18.7	31.9	11	31.9	18.7	14.3	19.8	17.6	28.6	17.6	22	19.8	24.2	33	20.9	13.2	23.1	15.4	16.5	18.7	31.9	16.5	19.8	13.2	20.9	31.9	31.9	24.2	20.9	26.4	25.3	31.9	18.7	25.3	11	29.7	30.8	25.3	22	25.3	22	18.7	20.9	30.8	17.6	13.2	25.3	15.4	28.6	14.3	27.5	18.7	29.7	27.5	15.4	29.7	17.6	17.6	23.1	33	31.9	30.8	17.6	22	27.5	27.5	14.3	18.7	27.5	29.7	30.8	30.8	19.8	25.3	30.8	15.4	24.2	23.1	29.7	20.9	29.7	23.1	14.3	23.1	25.3	15.4	26.4	28.6	28.6	31.9	28.6	17.6	29.7	25.3	20.9	17.6	12.1	27.5	12.1	15.4	18.7	27.5	31.9	17.6	17.6	19.8	17.6	19.8	13.2	11	11	24.2	26.4	31.9	19.8	24.2	17.6	22	26.4	31.9	24.2	12.1	22	28.6	15.4	15.4	15.4	24.2	16.5	22	30.8	29.7	12.1	15.4	33	19.8	16.5	17.6	12.1	12.1	14.3	24.2	31.9	24.2	33	19.8	31.9	22	13.2	14.3	27.5	12.1	31.9	20.9	22	24.2	14.3	24.2	14.3	24.2	12.1	11	20.9	18.7	29.7	14.3	16.5	12.1	25.3	29.7	31.9	20.9	31.9	18.7	11	14.3	13.2	20.9	31.9	22	19.8	16.5	18.7	17.6	28.6	22	16.5	17.6	14.3	18.7	22	29.7	23.1	26.4	29.7	14.3	18.7	14.3	30.8	12.1	28.6	22	17.6	29.7	17.6	26.4	29.7	22	30.8	24.2	26.4	26.4	13.2	16.5	11	25.3	23.1	14.3	29.7	11	29.7	30.8	20.9	27.5	25.3	26.4	13.2	20.9	16.5	31.9	33	13.2	13.2	22	28.6	26.4	23.1	17.6	18.7	30.8	33	33	17.6	24.2	23.1	12.1	28.6	15.4	11	24.2	17.6	13.2	28.6	30.8	15.4	31.9	14.3	26.4	25.3	22	26.4	17.6	24.2	12.1	15.4	20.9	16.5	24.2	11	13.2	25.3	33	25.3	12.1	33	23.1	16.5	17.6	29.7	19.8	11	24.2	16.5	12.1	27.5	14.3	31.9	28.6	24.2	13.2	11	31.9	22	24.2	28.6	24.2	14.3	17.6	11	14.3	29.7	31.9	31.9	12.1	30.8	17.6	16.5	23.1	28.6	18.7	12.1	15.4	11	26.4	29.7	23.1	19.8	16.5	18.7	15.4	13.2	17.6	18.7	19.8	30.8	27.5	22	18.7	28.6	17.6	30.8	23.1	19.8	13.2	31.9	25.3	31.9	11	26.4	31.9	18.7	14.3	25.3	27.5	31.9	23.1	27.5	31.9	31.9	18.7	20.9	26.4	16.5	12.1	25.3	11	27.5	16.5	22	28.6	30.8	15.4	11	25.3	26.4	19.8	20.9	28.6	24.2	12.1	33	26.4	27.5	26.4	15.4	24.2	28.6	13.2	15.4	27.5	26.4	31.9	23.1	31.9	27.5	17.6	22	24.2	33	30.8	16.5	19.8	14.3	33	12.1	20.9	11	15.4	15.4	20.9	33	29.7	20.9	17.6	11	31.9	22	15.4	13.2	27.5	18.7	22	11	17.6	31.9	20.9	33	29.7	29.7	33	27.5	29.7	25.3	31.9	33	25.3	25.3	22	14.3	29.7	28.6	30.8	17.6	13.2	28.6	18.7	29.7	33	27.5	20.9	28.6	26.4	16.5	31.9	27.5	22	24.2	25.3	20.9	13.2	16.5	15.4	33	13.2	24.2	22	23.1	28.6	20.9	23.1	25.3	30.8	31.9	15.4	18.7	18.7	33	12.1	29.7	14.3	22	11	19.8	19.8	11	25.3	31.9	33	23.1	18.7	13.2	13.2	31.9	15.4	26.4	14.3	27.5	15.4	31.9	23.1	20.9	12.1	18.7	19.8	31.9	29.7	15.4	29.7	23.1	29.7	17.6	22	26.4	24.2	24.2	30.8	17.6	27.5	30.8	13.2	23.1	28.6	20.9	14.3	15.4	14.3	26.4	13.2	23.1	23.1	22	14.3	31.9	19.8	25.3	28.6	25.3	27.5	11	26.4	25.3	20.9	14.3	27.5	16.5	33	31.9	17.6	14.3	14.3	26.4	29.7	19.8	20.9	14.3	19.8	30.8	17.6	13.2	23.1	31.9	24.2	14.3	17.6	13.2	24.2	25.3	28.6	28.6	20.9	23.1	28.6	14.3	20.9	16.5	31.9	11	16.5	25.3	13.2	33	33	31.9	26.4	25.3	31.9	29.7	30.8	18.7	20.9	29.7	27.5	13.2	29.7	23.1	17.6	20.9	12.1	27.5	33	31.9	23.1	18.7	23.1	15.4	15.4	15.4	12.1	12.1	20.9	16.5	27.5	29.7	27.5	27.5	31.9	28.6	22	30.8	11	13.2	14.3	18.7	18.7	28.6	19.8	16.5	25.3	12.1	19.8	14.3	19.8	33	19.8	26.4	30.8	26.4	19.8	29.7	26.4	27.5	15.4	12.1	30.8	30.8	16.5	17.6	29.7	23.1	33	20.9	23.1	18.7	19.8	31.9	17.6	29.7	31.9	18.7	31.9	15.4	14.3	17.6	24.2	27.5	28.6	18.7	19.8	28.6	14.3	13.2	33	11	18.7	11	11	27.5	23.1	11	31.9	15.4	22	19.8	19.8	17.6	13.2	19.8	23.1	26.4	28.6	28.6	12.1	18.7	23.1	16.5	24.2	28.6	22	29.7	20.9	11	31.9	17.6	25.3	13.2	24.2	23.1	24.2	15.4	31.9	33	15.4	25.3	22	26.4	15.4	20.9	25.3	15.4	25.3	15.4	23.1	22	12.1	16.5	29.7	31.9	33	27.5	28.6	17.6	13.2	22	30.8	19.8	22	20.9	28.6	23.1	12.1	12.1	30.8	13.2	26.4	11	19.8	15.4	17.6	20.9	26.4	15.4	
25.3	11	28.6	14.3	30.8	33	11	19.8	12.1	22	26.4	33	14.3	11	27.5	26.4	23.1	18.7	17.6	25.3	30.8	23.1	15.4	30.8	29.7	16.5	15.4	29.7	22	15.4	26.4	23.1	20.9	29.7	30.8	22	11	13.2	30.8	12.1	30.8	13.2	17.6	30.8	28.6	11	22	17.6	31.9	16.5	28.6	22	28.6	33	26.4	22	28.6	23.1	29.7	16.5	30.8	30.8	30.8	31.9	30.8	13.2	26.4	15.4	17.6	23.1	25.3	15.4	13.2	26.4	22	19.8	14.3	31.9	26.4	23.1	15.4	12.1	18.7	16.5	12.1	12.1	12.1	13.2	25.3	30.8	31.9	31.9	19.8	23.1	29.7	26.4	29.7	24.2	12.1	31.9	33	23.1	14.3	14.3	27.5	16.5	29.7	29.7	30.8	19.8	13.2	18.7	15.4	11	13.2	11	12.1	11	24.2	24.2	13.2	17.6	20.9	13.2	15.4	18.7	22	13.2	33	18.7	13.2	29.7	18.7	30.8	17.6	14.3	17.6	23.1	27.5	17.6	20.9	16.5	15.4	18.7	12.1	18.7	30.8	28.6	12.1	23.1	30.8	16.5	24.2	31.9	24.2	14.3	33	29.7	22	15.4	30.8	26.4	18.7	12.1	17.6	22	28.6	22	15.4	31.9	12.1	26.4	15.4	14.3	29.7	11	18.7	28.6	33	17.6	24.2	24.2	12.1	20.9	28.6	31.9	17.6	29.7	12.1	28.6	22	23.1	11	14.3	29.7	26.4	23.1	15.4	25.3	24.2	29.7	25.3	16.5	16.5	31.9	28.6	14.3	24.2	11	19.8	11	12.1	23.1	20.9	19.8	14.3	16.5	18.7	24.2	22	31.9	23.1	11	30.8	13.2	13.2	22	17.6	25.3	11	25.3	17.6	33	13.2	25.3	25.3	22	12.1	20.9	18.7	13.2	28.6	22	25.3	11	25.3	16.5	23.1	13.2	30.8	24.2	20.9	14.3	25.3	22	16.5	15.4	17.6	28.6	30.8	26.4	33	14.3	31.9	16.5	29.7	14.3	19.8	13.2	12.1	30.8	31.9	22	25.3	25.3	25.3	24.2	13.2	26.4	33	17.6	14.3	16.5	14.3	28.6	27.5	19.8	22	16.5	23.1	29.7	29.7	30.8	29.7	31.9	28.6	19.8	20.9	14.3	31.9	33	23.1	12.1	16.5	14.3	23.1	24.2	11	27.5	29.7	23.1	26.4	13.2	15.4	20.9	19.8	31.9	28.6	14.3	24.2	17.6	13.2	17.6	27.5	33	23.1	25.3	18.7	25.3	30.8	18.7	28.6	11	19.8	31.9	14.3	11	22	30.8	20.9	14.3	22	17.6	19.8	24.2	19.8	22	33	26.4	12.1	16.5	20.9	24.2	17.6	26.4	14.3	22	11	33	17.6	23.1	15.4	16.5	23.1	16.5	25.3	13.2	19.8	19.8	25.3	12.1	31.9	24.2	31.9	19.8	25.3	27.5	23.1	11	31.9	17.6	26.4	17.6	11	29.7	27.5	23.1	22	29.7	28.6	25.3	26.4	12.1	24.2	31.9	25.3	12.1	33	31.9	23.1	18.7	29.7	15.4	19.8	16.5	33	19.8	23.1	17.6	29.7	29.7	25.3	27.5	26.4	20.9	33	20.9	16.5	19.8	17.6	16.5	18.7	33	22	23.1	14.3	24.2	12.1	15.4	31.9	17.6	25.3	33	30.8	13.2	23.1	15.4	19.8	15.4	25.3	33	29.7	33	13.2	11	18.7	26.4	29.7	26.4	25.3	33	24.2	23.1	16.5	20.9	30.8	26.4	17.6	33	25.3	20.9	28.6	11	23.1	13.2	25.3	18.7	33	31.9	25.3	30.8	22	28.6	24.2	17.6	27.5	31.9	29.7	27.5	15.4	30.8	17.6	15.4	33	30.8	16.5	30.8	33	22	14.3	24.2	14.3	11	20.9	15.4	24.2	18.7	14.3	31.9	15.4	20.9	11	11	24.2	23.1	13.2	23.1	23.1	29.7	11	13.2	20.9	20.9	26.4	33	30.8	23.1	11	25.3	27.5	24.2	13.2	26.4	16.5	26.4	11	13.2	22	16.5	12.1	24.2	13.2	25.3	19.8	33	33	19.8	15.4	20.9	22	11	28.6	23.1	17.6	24.2	13.2	14.3	18.7	13.2	23.1	19.8	12.1	24.2	12.1	30.8	13.2	11	14.3	30.8	23.1	22	30.8	16.5	30.8	25.3	25.3	31.9	13.2	27.5	22	17.6	25.3	26.4	20.9	25.3	18.7	33	30.8	26.4	25.3	29.7	23.1	16.5	11	18.7	25.3	12.1	12.1	23.1	28.6	14.3	13.2	15.4	18.7	14.3	30.8	15.4	24.2	26.4	24.2	29.7	19.8	14.3	29.7	22	33	11	12.1	30.8	14.3	28.6	17.6	31.9	20.9	13.2	31.9	13.2	30.8	23.1	12.1	12.1	16.5	19.8	12.1	19.8	25.3	22	33	33	26.4	22	23.1	28.6	24.2	16.5	14.3	17.6	13.2	19.8	33	26.4	25.3	22	14.3	23.1	18.7	14.3	24.2	22	31.9	13.2	19.8	14.3	16.5	29.7	33	15.4	22	29.7	33	14.3	20.9	11	25.3	29.7	24.2	18.7	20.9	19.8	13.2	14.3	31.9	13.2	24.2	33	24.2	33	22	14.3	24.2	22	18.7	29.7	29.7	28.6	31.9	17.6	11	23.1	26.4	30.8	28.6	30.8	18.7	11	31.9	24.2	27.5	14.3	19.8	13.2	15.4	28.6	15.4	33	26.4	13.2	18.7	19.8	27.5	30.8	22	16.5	18.7	22	12.1	13.2	12.1	12.1	27.5	19.8	15.4	18.7	16.5	11	28.6	33	23.1	11	22	20.9	31.9	19.8	29.7	14.3	28.6	30.8	13.2	16.5	28.6	19.8	13.2	11	14.3	18.7	15.4	17.6	12.1	20.9	13.2	33	31.9	15.4	33	22	17.6	24.2	23.1	18.7	29.7	14.3	13.2	25.3	20.9	28.6	23.1	28.6	27.5	16.5	25.3	12.1	20.9	19.8	19.8	22	12.1	33	14.3	23.1	17.6	29.7	24.2	16.5	15.4	26.4	33	29.7	23.1	13.2	16.5	31.9	13.2	25.3	18.7	29.7	29.7	16.5	33	26.4	18.7	18.7	27.5	14.3	18.7	33	24.2	20.9	26.4	17.6	18.7	15.4	18.7	28.6	28.6	11	25.3	13.2	18.7	11	14.3	33	14.3	28.6	16.5	27.5	16.5	31.9	25.3	14.3	29.7	29.7	23.1	27.5	18.7	16.5	18.7	19.8	22	26.4	20.9	26.4	31.9	27.5	22	17.6	31.9	13.2	20.9	12.1	19.8	13.2	28.6	11	16.5	33	27.5	23.1	14.3	18.7	25.3	15.4	11	19.8	23.1	13.2	15.4	16.5	12.1	23.1	11	17.6	28.6	31.9	24.2	19.8	12.1	13.2	18.7	17.6	19.8	12.1	16.5	27.5	33	25.3	30.8	17.6	11	19.8	25.3	27.5	23.1	17.6	23.1	25.3	24.2	12.1	13.2	17.6	24.2	24.2	31.9	24.2	14.3	30.8	11	28.6	22	20.9	29.7	27.5	11	19.8	23.1	23.1	16.5	33	25.3	25.3	15.4	18.7	19.8	23.1	11	25.3	31.9	28.6	12.1	18.7	15.4	22	14.3	19.8	33	33	31.9	29.7	18.7	30.8	18.7	18.7	28.6	20.9	15.4	30.8	15.4	19.8	28.6	33	18.7	27.5	33	24.2	14.3	15.4	24.2	13.2	18.7	16.5	17.6	15.4	16.5	24.2	14.3	31.9	27.5	29.7	18.7	24.2	15.4	24.2	28.6	16.5	16.5	11	24.2	20.9	17.6	17.6	28.6	20.9	13.2	33	16.5	27.5	19.8	33	15.4	25.3	29.7	13.2	18.7	33	18.7	12.1	24.2	16.5	29.7	24.2	24.2	
13.2	33	26.4	15.4	15.4	13.2	29.7	25.3	12.1	16.5	22	18.7	16.5	14.3	28.6	26.4	25.3	18.7	31.9	19.8	13.2	15.4	13.2	27.5	33	27.5	17.6	23.1	20.9	25.3	
17	13	15	13	10	17	14	17	11	20	11	18	20	13	14	11	18	15	17	16	11	11	17	16	20	16	10	15	11	14	14	20	12	19	13	20	18	16	13	11	15	19	16	15	12	12	14	14	13	14	17	18	20	19	16	14	13	19	13	14	10	12	12	19	20	10	16	20	14	11	12	13	20	20	13	10	20	12	14	12	11	14	19	17	15	13	19	10	10	19	13	12	13	11	12	14	20	11	16	19	12	13	10	20	19	11	17	16	10	11	19	14	10	15	18	12	12	11	18	11	10	17	11	14	14	13	18	20	20	10	20	14	20	18	16	13	16	16	20	12	20	10	18	20	13	14	20	16	14	15	13	17	12	19	14	18	14	17	19	10	13	16	19	10	14	14	14	18	18	14	11	20	17	20	13	11	11	14	19	20	12	13	20	19	18	10	19	11	12	15	12	18	11	20	12	17	14	19	11	12	12	10	10	11	19	16	14	12	19	20	10	19	17	10	16	11	19	15	14	16	15	16	10	18	18	16	10	16	10	14	16	20	19	11	20	18	20	20	12	16	13	15	16	18	15	17	12	17	10	17	10	18	15	12	19	14	17	20	19	13	11	18	13	20	14	10	10	16	17	17	10	12	10	11	16	17	20	14	12	10	18	10	20	12	13	10	13	19	13	18	18	19	14	14	15	15	15	11	11	19	16	10	10	20	18	14	13	14	16	19	18	11	11	20	13	16	11	15	11	10	10	17	11	18	19	12	18	13	18	13	15	12	18	17	17	15	20	10	13	20	16	17	16	11	20	11	17	13	20	16	19	14	13	15	17	12	19	15	12	14	10	20	20	12	12	15	16	20	19	11	11	17	11	19	13	15	11	14	13	11	19	13	11	12	11	19	10	15	19	18	12	12	20	13	11	16	11	20	15	13	13	20	13	17	20	13	14	11	14	12	16	20	13	13	11	19	10	10	17	17	11	12	15	14	13	18	10	15	20	17	14	20	11	11	19	11	15	16	16	10	13	10	15	15	19	16	16	10	10	18	20	17	20	15	14	20	11	14	14	13	10	14	13	10	16	14	20	12	10	19	13	10	14	16	13	17	20	20	15	11	18	10	13	20	12	19	10	10	11	19	16	13	16	14	13	10	16	19	14	10	10	15	14	14	20	10	10	12	17	11	11	10	16	12	11	13	20	14	18	17	15	10	12	12	14	14	17	11	16	17	11	19	15	17	12	16	12	11	17	11	15	17	16	11	11	18	12	10	14	13	13	16	15	20	16	12	16	15	13	17	10	11	11	18	12	11	18	20	20	13	18	19	15	13	14	16	11	13	18	16	11	19	16	12	16	18	17	12	11	12	16	13	12	16	19	13	15	19	14	17	18	20	12	14	17	20	13	10	18	20	10	20	10	11	18	10	11	11	12	17	14	16	17	12	18	14	15	18	11	10	18	19	12	12	20	15	13	15	20	12	14	11	12	10	11	17	11	11	15	16	15	15	13	17	11	10	20	12	18	12	10	13	18	20	19	13	13	17	12	15	17	15	20	17	11	15	13	12	18	18	11	16	17	19	16	13	11	17	14	16	16	13	10	20	16	13	14	17	16	20	20	10	12	18	13	19	14	19	11	16	16	11	14	19	15	15	19	16	17	20	18	14	11	11	11	17	15	13	20	10	13	12	18	16	19	14	16	11	18	19	10	12	17	15	15	16	13	18	17	17	19	14	10	19	13	10	18	11	13	19	20	15	13	19	13	15	19	15	16	10	10	17	13	11	15	14	18	12	17	15	20	13	19	14	12	15	12	20	19	17	20	19	15	11	10	19	11	15	19	14	17	20	10	17	16	13	20	18	14	12	18	15	12	19	12	10	17	17	16	20	14	15	16	18	11	10	12	16	11	14	13	11	20	16	14	12	10	20	11	15	14	14	16	17	19	13	20	12	10	11	20	15	13	14	10	18	20	13	14	17	13	13	12	18	12	11	19	18	19	10	18	18	14	18	11	16	15	19	20	13	19	13	18	14	13	13	14	15	17	12	15	12	18	12	12	17	19	13	12	13	11	14	11	11	11	17	17	17	18	16	10	17	15	18	13	16	13	11	15	20	15	17	12	19	18	20	12	15	12	20	10	16	18	18	13	18	15	10	19	16	13	15	17	17	11	13	14	11	20	19	18	11	14	15	14	19	12	16	13	11	18	11	20	17	19	11	13	20	11	16	15	12	12	18	16	19	16	10	16	16	12	15	17	20	10	14	12	15	10	19	10	12	20	14	14	20	16	14	19	18	
1	1	1	1	1	1	1	1	1	1	1	1	1	1	1	1	1	1	1	1	1	1	1	1	1	1	1	1	1	1	2	2	2	2	2	2	2	2	2	2	2	2	2	2	2	2	2	2	2	2	2	2	2	2	2	2	2	2	2	2	2	2	2	3	3	3	3	3	3	3	3	3	3	3	3	3	3	3	3	3	3	3	3	3	3	3	3	3	3	3	3	3	3	3	3	3	3	3	3	3	3	3	3	4	4	4	4	4	4	4	4	4	4	4	4	4	4	4	4	4	4	4	4	4	4	4	4	4	4	4	4	4	5	5	5	5	5	5	5	5	5	5	5	5	5	5	5	5	5	5	5	5	5	5	5	5	5	5	5	5	5	5	5	5	5	5	5	5	5	5	5	5	5	5	6	6	6	6	6	6	6	6	6	6	6	6	6	6	6	6	6	6	6	6	6	6	6	6	6	6	6	6	6	6	6	6	7	7	7	7	7	7	7	7	7	7	7	7	7	7	7	7	7	7	7	7	7	8	8	8	8	8	8	8	8	8	8	8	8	8	8	8	8	8	8	8	8	8	8	8	8	8	8	8	8	8	8	8	8	8	8	9	9	9	9	9	9	9	9	9	9	9	9	9	9	9	9	9	9	9	9	9	9	9	9	10	10	10	10	10	10	10	10	10	10	10	10	10	10	10	10	10	10	10	10	10	10	10	10	10	10	10	10	10	10	10	10	11	11	11	11	11	11	11	11	11	11	11	11	11	11	11	11	11	11	11	11	11	11	11	11	11	11	11	11	11	11	11	11	11	11	11	12	12	12	12	12	12	12	12	12	12	12	12	12	12	12	12	12	12	12	12	12	12	12	12	12	12	12	12	12	12	12	12	12	13	13	13	13	13	13	13	13	13	13	13	13	13	13	13	13	13	13	13	13	13	13	13	13	13	13	13	13	13	13	13	13	14	14	14	14	14	14	14	14	14	14	14	14	14	14	14	14	14	14	14	14	14	14	14	14	14	14	14	14	15	15	15	15	15	15	15	15	15	15	15	15	15	15	15	15	15	15	15	15	15	15	16	16	16	16	16	16	16	16	16	16	16	16	16	16	16	16	16	16	16	16	16	16	16	16	16	16	16	16	16	16	16	16	17	17	17	17	17	17	17	17	17	17	17	17	17	17	17	17	17	17	17	17	17	17	17	17	17	17	17	17	17	17	17	17	17	17	17	17	18	18	18	18	18	18	18	18	18	18	18	18	18	18	18	18	18	18	18	18	18	18	18	18	18	18	18	18	18	18	18	18	18	19	19	19	19	19	19	19	19	19	19	19	19	19	19	19	19	19	19	19	19	19	19	19	19	19	19	19	19	19	19	19	19	19	19	19	19	19	19	19	19	20	20	20	20	20	20	20	20	20	20	20	20	20	20	20	20	20	20	20	20	20	20	20	20	20	20	20	20	20	21	21	21	21	21	21	21	21	21	21	21	21	21	21	21	21	21	21	21	21	21	21	21	21	21	21	21	21	21	21	21	21	21	21	21	21	21	21	21	22	22	22	22	22	22	22	22	22	22	22	22	22	22	22	22	22	22	22	22	22	22	22	22	22	22	22	22	22	22	22	22	22	22	22	22	22	22	22	22	22	22	22	22	22	22	22	23	23	23	23	23	23	23	23	23	23	23	23	23	23	23	23	23	23	23	23	23	23	23	23	23	23	24	24	24	24	24	24	24	24	24	24	24	24	24	24	24	24	24	24	24	24	24	24	24	24	24	24	24	24	24	24	24	24	24	25	25	25	25	25	25	25	25	25	25	25	25	25	25	25	25	25	25	25	25	25	25	25	25	25	25	25	25	25	25	25	25	25	25	25	25	25	25	25	25	25	25	25	25	26	26	26	26	26	26	26	26	26	26	26	26	26	26	26	26	26	26	26	26	26	26	26	26	26	26	26	26	26	26	26	26	27	27	27	27	27	27	27	27	27	27	27	27	27	27	27	27	27	27	27	27	27	27	27	27	27	27	27	27	27	27	27	27	27	27	27	27	27	27	27	27	28	28	28	28	28	28	28	28	28	28	28	28	28	28	28	28	28	28	28	28	28	28	28	28	28	28	28	28	28	28	28	29	29	29	29	29	29	29	29	29	29	29	29	29	29	29	29	29	29	29	29	29	29	29	29	29	29	29	29	29	29	29	29	29	29	29	29	29	29	29	29	29	30	30	30	30	30	30	30	30	30	30	30	30	30	30	30	30	30	30	30	30	30	30	30	30	30	30	30	30	30	30	
