1000
45	9
347	26.4
30	31	29	31	30	27	29	31	31	26	26	26	28	29	30	30	31	29	29	26	28	26	31	31	28	27	31	27	28	30	28	28	28	30	30	27	30	27	31	30	27	26	27	29	31	28	31	30	26	31	31	28	26	27	26	26	28	27	27	31	28	26	27	31	30	31	26	29	31	27	29	30	30	27	28	28	26	31	26	31	27	30	30	30	30	28	29	30	26	29	31	28	31	28	28	26	28	30	30	26	29	26	28	26	26	27	29	26	28	29	29	30	28	31	31	31	31	31	26	28	29	29	30	26	31	26	31	31	29	26	29	26	30	26	26	30	26	30	31	26	27	29	30	28	26	29	27	31	26	31	30	29	26	28	26	28	31	26	26	28	28	28	29	27	30	26	27	26	30	29	27	26	30	30	31	29	29	26	27	26	29	29	29	31	27	28	29	27	26	31	26	29	28	27	30	29	31	29	28	26	27	27	27	31	30	31	26	30	28	29	31	31	26	31	30	29	26	31	31	27	27	30	27	31	27	26	28	31	26	31	26	26	26	31	27	28	31	31	30	27	31	30	26	31	28	28	30	30	28	31	28	26	28	28	31	27	27	31	27	29	28	30	26	31	30	29	29	27	27	27	29	27	31	31	26	29	30	30	31	30	26	30	26	29	27	31	29	26	29	29	29	30	28	31	28	27	27	30	26	26	30	29	27	30	26	28	29	31	28	29	30	29	29	29	29	30	28	27	26	31	26	29	31	26	27	30	31	26	26	30	31	30	26	26	31	27	27	26	26	27	30	26	27	26	30	27	27	31	27	31	26	31	26	31	30	30	30	26	26	28	27	31	27	27	26	30	31	29	26	31	30	31	30	29	30	30	30	30	28	29	26	28	28	27	30	30	26	30	26	30	26	28	31	30	29	26	31	31	28	26	26	27	26	27	28	27	30	28	27	30	31	31	29	28	30	28	31	26	28	29	30	31	27	27	26	27	30	30	29	29	29	29	28	31	29	27	27	31	31	27	26	26	30	28	27	30	28	27	27	27	26	26	29	28	27	29	29	30	26	28	26	31	29	27	30	31	27	30	29	29	27	30	27	26	27	26	31	26	31	27	27	26	27	30	28	29	31	31	26	27	26	30	31	30	28	28	29	31	29	30	26	31	31	29	28	31	29	28	31	30	31	29	29	29	28	29	31	29	27	26	27	26	31	29	28	28	26	29	30	31	27	29	29	31	29	29	30	27	29	26	26	28	31	27	31	28	30	26	27	28	31	27	30	30	27	30	31	29	26	29	28	30	31	28	26	28	27	29	29	26	29	26	27	28	26	27	28	29	29	31	26	29	27	30	27	28	26	26	27	31	31	30	28	29	29	29	28	27	27	30	26	30	28	27	30	26	26	29	27	29	26	27	31	26	29	30	27	29	27	26	29	28	29	28	30	26	26	31	26	27	29	28	27	28	27	29	30	31	31	31	29	31	28	28	26	28	30	31	31	26	27	31	28	26	27	29	27	31	28	30	27	27	28	26	28	28	28	28	27	28	29	28	29	31	31	28	29	28	31	31	29	30	31	28	29	30	30	31	28	30	28	27	29	28	28	30	29	28	29	29	29	27	29	30	28	28	27	27	26	31	30	29	31	30	30	31	31	31	26	31	30	26	30	30	29	31	30	27	27	30	27	27	26	31	26	26	31	28	29	29	30	26	30	29	31	26	27	30	31	30	29	30	29	28	27	27	26	26	29	29	30	29	27	30	29	31	28	29	28	26	28	30	30	29	29	28	30	26	31	26	30	28	30	26	30	31	31	31	29	31	27	27	28	27	26	31	30	28	27	27	27	27	26	27	31	28	28	31	28	29	29	30	28	31	26	29	30	27	26	27	26	31	28	29	27	30	26	30	26	26	27	29	31	30	31	31	31	30	26	30	28	26	28	27	26	28	29	31	28	31	26	30	30	27	31	31	28	28	27	29	29	26	30	28	28	27	31	27	28	26	27	26	29	31	30	28	26	29	27	31	26	28	29	27	27	30	26	26	31	27	26	30	28	30	27	31	30	31	28	28	26	29	27	27	26	26	27	27	29	28	27	31	29	27	26	26	27	27	29	27	31	26	30	29	27	31	27	27	28	28	26	26	29	31	28	29	26	29	30	27	28	29	31	30	27	27	28	30	29	29	29	31	30	31	28	31	31	26	27	31	28	26	31	28	31	28	30	28	26	29	30	29	30	28	26	31	28	30	31	27	26	30	27	26	29	26	29	30	29	26	31	28	26	30	30	29	26	26	30	29	
85	78	82	89	76	89	88	89	78	92	90	94	85	91	76	89	81	77	90	87	81	85	82	82	86	79	80	77	79	90	79	79	93	78	82	90	78	93	89	86	94	83	76	80	77	85	91	79	82	77	81	89	78	81	76	86	77	93	87	85	90	80	92	92	89	85	76	79	93	93	87	82	82	83	92	91	88	92	78	90	85	82	79	91	84	76	93	82	86	81	76	84	76	85	78	79	80	78	87	82	91	91	89	80	85	88	88	91	93	90	81	90	78	89	79	88	76	87	84	81	81	85	90	84	76	92	92	78	82	86	87	77	92	88	77	80	83	85	93	84	88	91	86	85	77	90	79	94	92	78	89	78	91	90	78	77	80	94	91	93	90	82	79	83	94	92	93	85	84	82	86	77	92	91	80	77	79	78	83	92	82	83	84	82	84	84	81	82	93	93	87	78	79	85	90	86	88	78	78	85	88	89	88	92	80	79	89	83	92	90	77	83	76	90	91	77	77	81	82	84	78	85	83	84	76	93	76	83	78	92	94	79	87	81	88	82	89	77	88	88	93	76	94	87	78	88	83	86	89	78	91	81	84	90	79	87	78	78	85	91	93	81	90	94	91	90	91	82	85	81	82	87	78	78	92	92	86	83	92	89	76	88	88	94	79	92	91	82	91	88	90	76	84	78	88	81	89	93	90	80	81	82	82	90	78	87	91	83	79	92	87	82	87	88	82	76	86	82	93	94	76	80	81	77	82	81	83	76	92	94	76	87	93	87	77	81	82	85	88	88	84	87	88	76	79	92	78	76	87	76	93	87	81	77	91	94	87	91	81	89	84	91	91	88	89	88	88	80	93	84	83	94	77	83	91	86	88	77	87	81	85	94	94	78	90	87	88	84	89	82	82	85	85	89	82	78	78	84	83	79	90	85	81	92	88	79	82	78	92	93	93	80	94	87	94	91	81	93	78	82	83	88	94	85	91	86	93	94	77	77	82	85	84	94	80	79	80	80	82	92	83	82	83	84	86	85	77	83	93	85	80	91	82	94	86	78	78	94	91	90	87	78	85	88	82	94	90	87	90	76	77	87	81	89	90	80	86	84	92	86	80	81	87	89	89	89	90	94	85	85	94	91	81	90	80	82	93	80	90	78	77	78	90	86	76	85	92	93	84	79	84	81	76	79	89	91	80	91	93	89	94	92	90	93	91	90	86	83	92	85	81	76	86	94	81	94	78	80	83	84	85	91	91	82	93	89	80	86	82	87	76	88	87	84	85	83	80	81	77	90	88	85	82	91	81	80	89	87	84	78	83	76	94	88	80	94	85	80	80	85	79	94	93	79	79	84	91	77	84	84	94	77	82	78	80	91	76	82	90	79	77	92	90	80	94	87	91	83	86	84	77	89	86	76	76	78	88	82	81	87	89	90	88	94	78	79	88	94	85	91	91	77	94	81	81	84	80	92	89	86	77	87	89	92	78	92	77	80	91	94	77	76	80	90	93	93	84	76	83	83	94	79	85	82	86	86	88	84	88	89	89	80	94	79	80	85	79	86	76	87	80	84	77	92	84	88	76	76	87	88	90	87	85	88	81	93	77	83	81	79	87	92	91	93	85	79	82	84	93	79	82	84	83	87	83	78	88	94	80	93	78	92	93	88	87	91	76	86	92	82	85	79	89	77	90	86	81	93	93	90	78	90	91	89	85	78	77	79	78	88	76	79	93	84	83	79	93	91	82	87	82	77	79	89	91	78	78	85	77	79	87	77	94	93	86	91	89	93	94	78	84	93	92	88	78	91	90	85	91	82	80	78	82	82	92	94	85	84	80	89	82	81	84	82	92	88	92	87	92	86	76	81	85	94	76	82	91	81	79	81	77	84	78	93	89	77	85	83	80	82	83	82	82	80	80	88	92	77	80	82	91	83	92	87	83	86	81	94	82	88	79	80	94	94	78	84	93	92	90	94	88	93	89	85	90	86	89	93	92	86	94	85	93	82	83	80	76	93	87	78	79	94	81	78	76	89	79	89	86	90	85	83	90	85	91	77	90	94	94	84	78	87	81	90	87	83	85	94	84	76	91	94	92	82	84	81	81	82	86	86	83	82	89	76	89	92	82	87	81	79	93	93	93	94	89	84	92	85	80	92	87	76	80	79	89	77	90	89	83	88	78	91	80	88	81	83	80	84	77	87	84	76	92	85	84	82	92	82	85	82	86	87	81	83	90	87	79	90	86	77	76	91	90	87	85	85	90	88	82	87	92	85	80	76	78	80	90	87	77	93	
20.9	24.2	14.3	24.2	29.7	19.8	26.4	20.9	26.4	15.4	31.9	23.1	31.9	29.7	22	26.4	26.4	26.4	18.7	16.5	18.7	28.6	22	24.2	13.2	15.4	28.6	31.9	30.8	33	23.1	15.4	29.7	15.4	22	20.9	17.6	31.9	19.8	30.8	24.2	20.9	16.5	27.5	33	16.5	25.3	20.9	17.6	11	16.5	25.3	14.3	13.2	27.5	14.3	31.9	20.9	19.8	28.6	22	19.8	33	29.7	24.2	22	24.2	19.8	20.9	13.2	24.2	24.2	26.4	23.1	26.4	23.1	33	22	26.4	12.1	30.8	17.6	11	30.8	28.6	16.5	30.8	26.4	12.1	15.4	16.5	29.7	12.1	25.3	29.7	22	19.8	24.2	29.7	23.1	30.8	30.8	11	31.9	31.9	11	27.5	33	31.9	23.1	18.7	16.5	30.8	27.5	33	30.8	33	33	15.4	17.6	30.8	15.4	29.7	20.9	15.4	24.2	15.4	22	31.9	26.4	19.8	30.8	33	28.6	17.6	14.3	20.9	24.2	13.2	28.6	18.7	28.6	22	16.5	12.1	18.7	31.9	22	23.1	29.7	30.8	22	26.4	12.1	12.1	29.7	26.4	29.7	20.9	23.1	23.1	30.8	24.2	28.6	23.1	18.7	27.5	19.8	22	19.8	18.7	15.4	13.2	15.4	13.2	15.4	27.5	18.7	27.5	29.7	16.5	24.2	13.2	28.6	15.4	11	20.9	17.6	19.8	12.1	22	23.1	16.5	24.2	33	29.7	25.3	19.8	27.5	30.8	14.3	14.3	16.5	16.5	25.3	27.5	16.5	20.9	14.3	20.9	31.9	22	24.2	20.9	29.7	17.6	15.4	28.6	18.7	26.4	30.8	14.3	15.4	19.8	27.5	14.3	28.6	26.4	17.6	15.4	26.4	25.3	30.8	30.8	22	15.4	28.6	30.8	20.9	12.1	33	26.4	14.3	27.5	23.1	27.5	22	28.6	29.7	33	24.2	18.7	18.7	11	17.6	27.5	13.2	14.3	30.8	13.2	26.4	24.2	23.1	11	23.1	22	22	15.4	29.7	17.6	11	22	25.3	11	17.6	28.6	23.1	23.1	29.7	31.9	14.3	23.1	17.6	15.4	27.5	27.5	17.6	15.4	29.7	17.6	29.7	11	33	12.1	23.1	23.1	30.8	11	23.1	14.3	15.4	19.8	30.8	28.6	12.1	23.1	26.4	16.5	25.3	29.7	16.5	13.2	33	30.8	27.5	17.6	28.6	19.8	31.9	30.8	11	15.4	12.1	30.8	25.3	13.2	23.1	22	11	14.3	16.5	26.4	31.9	26.4	17.6	28.6	11	22	23.1	16.5	11	27.5	31.9	18.7	29.7	14.3	25.3	33	31.9	26.4	13.2	26.4	15.4	30.8	28.6	15.4	12.1	27.5	25.3	31.9	29.7	23.1	33	30.8	22	25.3	15.4	11	28.6	24.2	16.5	30.8	13.2	25.3	20.9	28.6	20.9	25.3	30.8	15.4	15.4	27.5	12.1	23.1	16.5	26.4	14.3	17.6	28.6	23.1	14.3	25.3	25.3	29.7	31.9	14.3	16.5	18.7	15.4	17.6	31.9	29.7	28.6	25.3	15.4	15.4	15.4	15.4	13.2	13.2	24.2	11	22	11	22	33	18.7	27.5	33	22	22	17.6	33	24.2	16.5	16.5	22	14.3	16.5	23.1	24.2	18.7	29.7	28.6	27.5	28.6	33	28.6	28.6	16.5	26.4	15.4	33	33	13.2	15.4	27.5	25.3	13.2	11	25.3	11	27.5	18.7	20.9	16.5	26.4	30.8	20.9	24.2	16.5	17.6	18.7	17.6	22	29.7	29.7	11	29.7	15.4	15.4	26.4	17.6	19.8	24.2	31.9	25.3	14.3	16.5	11	18.7	15.4	13.2	15.4	23.1	20.9	27.5	22	12.1	23.1	26.4	11	24.2	15.4	22	23.1	16.5	25.3	24.2	27.5	33	25.3	29.7	20.9	26.4	18.7	25.3	31.9	16.5	20.9	18.7	11	13.2	19.8	28.6	22	27.5	27.5	26.4	14.3	27.5	12.1	12.1	17.6	23.1	18.7	33	16.5	31.9	20.9	11	18.7	30.8	22	19.8	27.5	18.7	25.3	15.4	28.6	19.8	22	30.8	28.6	20.9	13.2	27.5	16.5	11	24.2	16.5	14.3	16.5	23.1	19.8	19.8	11	33	33	16.5	22	28.6	29.7	29.7	33	13.2	28.6	27.5	19.8	26.4	14.3	17.6	30.8	12.1	13.2	16.5	16.5	23.1	25.3	25.3	22	33	20.9	31.9	30.8	23.1	16.5	12.1	14.3	22	14.3	31.9	16.5	26.4	33	23.1	15.4	30.8	15.4	15.4	27.5	15.4	17.6	20.9	15.4	22	15.4	26.4	26.4	26.4	19.8	23.1	22	17.6	25.3	29.7	18.7	12.1	25.3	25.3	27.5	23.1	12.1	29.7	19.8	23.1	13.2	31.9	28.6	33	23.1	15.4	28.6	31.9	23.1	24.2	31.9	24.2	18.7	28.6	15.4	11	11	30.8	30.8	11	13.2	12.1	25.3	24.2	16.5	27.5	31.9	31.9	28.6	22	20.9	18.7	15.4	28.6	14.3	27.5	28.6	12.1	24.2	27.5	15.4	18.7	33	25.3	26.4	26.4	22	27.5	13.2	26.4	28.6	11	19.8	18.7	17.6	15.4	18.7	13.2	18.7	22	13.2	29.7	27.5	30.8	17.6	31.9	16.5	26.4	18.7	13.2	22	22	30.8	27.5	27.5	25.3	30.8	17.6	13.2	31.9	33	13.2	30.8	19.8	30.8	17.6	33	16.5	33	16.5	15.4	11	19.8	31.9	16.5	24.2	24.2	14.3	24.2	16.5	27.5	28.6	26.4	13.2	15.4	25.3	18.7	23.1	22	24.2	17.6	28.6	11	25.3	24.2	20.9	11	13.2	11	31.9	23.1	16.5	16.5	26.4	11	25.3	22	16.5	28.6	12.1	14.3	16.5	20.9	18.7	28.6	14.3	33	31.9	16.5	14.3	18.7	14.3	16.5	25.3	15.4	16.5	25.3	13.2	23.1	23.1	11	14.3	13.2	33	27.5	28.6	12.1	29.7	26.4	33	28.6	25.3	23.1	11	13.2	12.1	22	23.1	30.8	18.7	18.7	24.2	15.4	29.7	31.9	26.4	20.9	31.9	13.2	12.1	22	16.5	20.9	30.8	22	18.7	14.3	31.9	23.1	13.2	27.5	17.6	14.3	19.8	22	15.4	13.2	12.1	22	22	15.4	17.6	31.9	12.1	14.3	11	14.3	31.9	13.2	25.3	23.1	15.4	11	16.5	12.1	17.6	19.8	24.2	28.6	14.3	29.7	18.7	23.1	16.5	11	15.4	17.6	23.1	14.3	11	30.8	13.2	30.8	17.6	30.8	14.3	30.8	24.2	24.2	23.1	30.8	16.5	31.9	16.5	17.6	18.7	25.3	24.2	23.1	11	12.1	12.1	11	26.4	15.4	14.3	11	18.7	14.3	20.9	33	23.1	11	13.2	24.2	18.7	11	31.9	17.6	20.9	13.2	27.5	12.1	13.2	24.2	18.7	26.4	33	11	31.9	27.5	25.3	13.2	18.7	22	33	18.7	15.4	15.4	30.8	22	24.2	27.5	14.3	31.9	31.9	31.9	17.6	18.7	30.8	17.6	18.7	27.5	29.7	24.2	17.6	13.2	29.7	14.3	26.4	24.2	11	19.8	26.4	15.4	13.2	19.8	16.5	16.5	27.5	31.9	25.3	24.2	23.1	31.9	11	19.8	23.1	23.1	30.8	26.4	23.1	13.2	13.2	26.4	20.9	26.4	28.6	28.6	27.5	31.9	14.3	11	28.6	12.1	29.7	18.7	25.3	15.4	24.2	14.3	18.7	15.4	24.2	31.9	30.8	25.3	22	31.9	20.9	20.9	20.9	27.5	17.6	19.8	16.5	27.5	23.1	20.9	22	22	23.1	14.3	33	
24.2	27.5	28.6	30.8	15.4	14.3	14.3	17.6	11	26.4	18.7	17.6	27.5	19.8	28.6	20.9	20.9	13.2	11	17.6	11	28.6	28.6	23.1	12.1	18.7	27.5	22	17.6	20.9	15.4	13.2	22	22	12.1	16.5	33	20.9	27.5	13.2	15.4	27.5	12.1	23.1	16.5	20.9	12.1	29.7	12.1	22	26.4	31.9	28.6	14.3	28.6	26.4	31.9	17.6	11	31.9	19.8	25.3	33	30.8	26.4	11	33	27.5	29.7	25.3	20.9	24.2	22	15.4	24.2	17.6	15.4	22	25.3	25.3	26.4	22	27.5	23.1	28.6	31.9	16.5	14.3	27.5	30.8	14.3	16.5	23.1	27.5	20.9	16.5	33	26.4	29.7	19.8	27.5	24.2	29.7	33	20.9	31.9	24.2	20.9	28.6	20.9	22	25.3	16.5	28.6	23.1	31.9	11	31.9	30.8	13.2	29.7	14.3	25.3	20.9	17.6	24.2	12.1	23.1	29.7	13.2	18.7	11	26.4	23.1	13.2	26.4	20.9	14.3	24.2	31.9	13.2	23.1	31.9	24.2	11	19.8	31.9	15.4	27.5	13.2	29.7	28.6	23.1	26.4	18.7	15.4	24.2	27.5	14.3	30.8	16.5	25.3	11	11	30.8	11	30.8	23.1	27.5	20.9	28.6	20.9	33	27.5	14.3	12.1	22	20.9	29.7	30.8	13.2	17.6	26.4	31.9	17.6	29.7	16.5	11	11	18.7	19.8	18.7	12.1	31.9	31.9	29.7	23.1	18.7	29.7	16.5	27.5	26.4	24.2	29.7	22	24.2	27.5	22	28.6	29.7	30.8	17.6	22	33	23.1	28.6	28.6	16.5	11	28.6	20.9	22	12.1	31.9	25.3	31.9	16.5	33	17.6	13.2	23.1	20.9	31.9	31.9	27.5	18.7	12.1	12.1	11	24.2	26.4	11	12.1	33	31.9	13.2	25.3	12.1	26.4	33	18.7	11	30.8	22	17.6	18.7	30.8	19.8	29.7	16.5	23.1	33	11	20.9	15.4	14.3	20.9	28.6	29.7	13.2	30.8	20.9	31.9	23.1	11	28.6	30.8	26.4	23.1	13.2	26.4	31.9	27.5	30.8	31.9	18.7	27.5	33	11	18.7	12.1	25.3	12.1	14.3	11	28.6	17.6	17.6	31.9	25.3	29.7	23.1	16.5	22	23.1	14.3	18.7	27.5	23.1	28.6	16.5	27.5	17.6	24.2	12.1	26.4	15.4	12.1	31.9	33	30.8	22	18.7	29.7	12.1	12.1	15.4	16.5	28.6	31.9	26.4	15.4	28.6	29.7	29.7	31.9	22	23.1	19.8	13.2	24.2	31.9	31.9	18.7	31.9	17.6	13.2	31.9	23.1	12.1	27.5	33	20.9	29.7	33	25.3	12.1	28.6	14.3	15.4	19.8	28.6	24.2	29.7	20.9	27.5	14.3	18.7	17.6	18.7	25.3	15.4	23.1	22	17.6	27.5	22	16.5	28.6	23.1	26.4	15.4	24.2	23.1	23.1	23.1	28.6	33	19.8	12.1	18.7	28.6	12.1	23.1	15.4	16.5	28.6	16.5	15.4	31.9	29.7	14.3	16.5	16.5	28.6	30.8	24.2	16.5	15.4	19.8	30.8	26.4	23.1	28.6	22	14.3	13.2	31.9	13.2	33	19.8	27.5	19.8	33	22	16.5	15.4	19.8	33	13.2	30.8	27.5	14.3	24.2	15.4	20.9	11	13.2	13.2	19.8	18.7	22	15.4	11	28.6	14.3	19.8	18.7	12.1	29.7	28.6	18.7	23.1	20.9	12.1	26.4	14.3	17.6	28.6	15.4	28.6	14.3	11	11	33	13.2	14.3	24.2	15.4	29.7	33	13.2	33	24.2	27.5	15.4	26.4	18.7	11	22	15.4	27.5	19.8	20.9	27.5	28.6	31.9	29.7	29.7	29.7	11	11	27.5	22	12.1	28.6	23.1	16.5	17.6	26.4	23.1	22	24.2	29.7	24.2	26.4	18.7	17.6	31.9	14.3	30.8	23.1	20.9	27.5	22	26.4	15.4	20.9	15.4	33	24.2	17.6	11	28.6	16.5	29.7	16.5	30.8	30.8	26.4	33	20.9	27.5	24.2	25.3	28.6	29.7	15.4	31.9	14.3	28.6	12.1	27.5	31.9	16.5	33	33	30.8	30.8	31.9	29.7	23.1	19.8	11	14.3	28.6	31.9	31.9	15.4	29.7	28.6	19.8	17.6	26.4	17.6	25.3	17.6	16.5	19.8	11	23.1	17.6	20.9	19.8	28.6	28.6	17.6	16.5	28.6	19.8	15.4	11	29.7	31.9	19.8	23.1	29.7	27.5	24.2	28.6	13.2	33	31.9	31.9	26.4	33	23.1	30.8	12.1	18.7	24.2	23.1	33	17.6	29.7	24.2	29.7	25.3	27.5	11	19.8	18.7	16.5	14.3	27.5	19.8	19.8	20.9	19.8	27.5	33	18.7	11	13.2	28.6	26.4	16.5	20.9	31.9	27.5	31.9	23.1	29.7	19.8	15.4	26.4	17.6	13.2	22	24.2	16.5	30.8	26.4	26.4	20.9	22	31.9	16.5	22	19.8	15.4	25.3	18.7	20.9	19.8	17.6	12.1	14.3	25.3	12.1	28.6	15.4	19.8	27.5	12.1	22	20.9	31.9	20.9	29.7	15.4	33	33	24.2	20.9	28.6	20.9	25.3	33	14.3	20.9	19.8	15.4	18.7	27.5	30.8	22	25.3	24.2	25.3	17.6	25.3	28.6	22	17.6	19.8	15.4	14.3	26.4	25.3	11	22	19.8	12.1	27.5	14.3	33	30.8	18.7	13.2	23.1	13.2	31.9	11	14.3	24.2	20.9	16.5	11	26.4	33	12.1	28.6	12.1	33	22	14.3	16.5	14.3	27.5	29.7	25.3	17.6	26.4	20.9	30.8	19.8	16.5	16.5	33	33	15.4	19.8	14.3	17.6	19.8	20.9	15.4	20.9	26.4	29.7	25.3	24.2	31.9	20.9	12.1	13.2	31.9	27.5	27.5	17.6	12.1	12.1	25.3	25.3	28.6	27.5	31.9	19.8	18.7	20.9	24.2	28.6	25.3	13.2	27.5	33	13.2	31.9	16.5	24.2	17.6	31.9	20.9	12.1	17.6	28.6	29.7	12.1	19.8	28.6	15.4	22	27.5	20.9	25.3	28.6	25.3	22	17.6	22	23.1	24.2	33	16.5	23.1	25.3	14.3	33	19.8	23.1	12.1	13.2	23.1	11	29.7	20.9	29.7	18.7	12.1	33	24.2	11	28.6	12.1	31.9	15.4	23.1	25.3	20.9	29.7	20.9	25.3	13.2	19.8	11	24.2	30.8	29.7	14.3	18.7	23.1	27.5	14.3	12.1	29.7	25.3	11	13.2	25.3	19.8	25.3	23.1	26.4	19.8	20.9	19.8	23.1	17.6	31.9	13.2	30.8	29.7	18.7	30.8	18.7	28.6	19.8	24.2	22	23.1	27.5	15.4	28.6	16.5	27.5	14.3	23.1	17.6	12.1	25.3	19.8	29.7	15.4	22	20.9	33	23.1	27.5	18.7	13.2	17.6	22	30.8	15.4	20.9	16.5	24.2	16.5	13.2	26.4	28.6	11	28.6	27.5	24.2	19.8	13.2	15.4	22	25.3	33	14.3	30.8	24.2	23.1	33	22	17.6	12.1	15.4	30.8	31.9	12.1	29.7	22	29.7	33	24.2	31.9	33	17.6	18.7	22	33	15.4	27.5	26.4	31.9	27.5	25.3	17.6	11	31.9	19.8	30.8	15.4	33	26.4	15.4	24.2	23.1	17.6	19.8	14.3	23.1	12.1	20.9	24.2	22	27.5	31.9	24.2	13.2	11	20.9	27.5	24.2	20.9	22	22	28.6	33	29.7	23.1	27.5	33	22	18.7	28.6	27.5	29.7	14.3	14.3	31.9	12.1	31.9	20.9	11	22	14.3	17.6	12.1	30.8	17.6	24.2	11	28.6	19.8	25.3	
27.5	11	13.2	27.5	22	27.5	26.4	19.8	26.4	19.8	26.4	12.1	23.1	30.8	29.7	24.2	31.9	33	14.3	19.8	31.9	18.7	31.9	23.1	27.5	27.5	19.8	27.5	26.4	30.8	33	24.2	25.3	19.8	15.4	27.5	22	11	31.9	30.8	11	28.6	20.9	20.9	24.2	
12	20	19	16	16	12	19	11	16	16	19	12	20	11	15	10	20	13	14	19	16	12	19	15	10	10	14	11	14	10	11	19	13	12	16	19	20	19	14	13	20	15	15	20	11	13	18	13	14	12	17	10	14	14	16	19	14	13	15	20	19	15	11	18	17	11	10	18	19	12	17	17	19	14	12	10	17	17	11	15	15	18	14	13	15	20	18	12	11	18	18	14	20	20	10	17	12	11	12	18	18	11	16	20	10	18	16	15	12	20	15	20	11	16	19	16	12	15	13	11	15	16	15	10	10	20	16	14	13	19	11	14	16	16	17	16	17	17	15	16	13	10	15	18	14	19	17	11	10	18	15	18	13	18	15	12	12	16	13	13	10	19	15	17	19	16	18	10	16	18	10	13	17	11	18	16	16	14	17	18	20	13	15	16	11	18	14	15	14	19	17	17	16	16	16	17	12	20	16	14	11	14	18	14	19	16	11	12	10	11	18	14	15	18	18	19	16	10	19	12	10	18	20	18	19	17	15	19	10	13	18	13	12	18	14	20	20	13	12	10	18	17	18	15	15	13	18	13	12	20	20	17	12	11	11	19	15	14	15	15	18	12	11	11	11	17	12	18	13	18	11	20	16	11	20	16	13	13	19	12	12	16	16	15	11	17	17	11	18	20	10	10	17	13	18	14	10	11	16	19	12	15	15	14	19	15	16	19	20	10	19	17	15	17	13	19	17	13	13	20	17	11	16	16	15	10	14	13	18	16	17	12	20	17	10	19	18	18	20	15	19	15	16	13	18	10	15	19	13	17	18	10	11	11	20	20	18	20	19	20	20	13	20	10	19	20	10	15	14	11	13	15	17	10	19	17	15	18	13	17	13	17	14	15	12	19	10	14	16	11	17	11	18	19	12	12	10	10	19	12	11	15	19	12	13	12	19	20	16	10	17	19	14	20	18	17	14	15	10	13	18	20	17	13	19	13	20	15	12	10	19	16	13	15	12	17	12	15	20	19	13	15	17	11	20	14	14	19	18	12	15	14	16	16	15	15	16	16	17	12	17	13	16	15	11	10	18	14	13	20	15	14	19	19	12	12	15	18	13	18	17	11	10	17	20	19	15	10	12	13	16	19	19	16	13	11	13	18	14	20	15	17	12	13	10	18	14	13	15	10	16	16	10	18	10	20	18	12	13	16	19	19	13	19	13	17	16	14	12	10	18	18	15	19	13	18	14	10	18	19	19	15	11	16	19	20	19	12	14	18	13	12	13	14	11	11	15	12	15	18	18	14	20	14	11	15	14	16	20	13	12	17	12	17	15	14	14	13	16	14	19	12	20	13	15	13	11	15	14	15	11	14	17	18	16	10	16	15	12	16	15	10	10	20	20	18	13	15	17	20	13	12	17	18	18	18	16	19	17	19	13	15	10	14	12	10	16	15	17	10	17	13	15	17	20	11	19	20	12	15	18	12	16	11	16	15	14	19	19	17	14	17	10	20	15	20	19	16	16	10	10	16	20	11	15	10	10	13	18	17	20	18	13	20	10	18	19	11	12	20	15	16	20	17	14	20	10	16	11	12	11	20	15	18	16	14	18	11	13	19	15	17	18	11	20	20	14	11	13	12	11	20	14	10	13	11	20	19	16	18	15	20	18	12	13	19	10	16	18	11	15	13	10	16	15	19	10	12	13	13	15	11	14	19	15	13	15	16	10	20	16	20	12	20	18	12	13	19	12	12	20	16	13	11	14	12	14	16	17	20	10	10	19	17	13	17	15	11	13	18	20	19	16	14	20	14	15	17	12	20	19	11	16	19	12	10	14	16	18	15	18	16	17	11	13	11	19	13	13	17	11	18	18	16	13	18	15	15	18	10	17	11	18	12	18	18	10	12	16	13	17	12	10	16	16	12	12	18	16	18	15	10	20	13	18	18	19	20	20	18	13	19	12	15	18	18	20	16	19	15	17	18	13	10	10	16	14	18	12	16	17	12	20	16	15	17	11	15	10	10	19	11	10	13	20	12	19	14	10	11	19	17	16	10	12	12	12	17	11	18	18	15	20	16	20	10	12	12	20	13	20	12	14	10	18	15	12	16	12	20	11	20	15	12	12	14	12	15	10	19	17	12	13	18	11	20	10	19	12	10	14	13	19	18	20	20	10	16	16	10	17	14	18	10	19	14	10	12	18	11	15	20	20	17	18	20	18	16	12	12	17	11	16	16	14	10	19	18	11	13	14	20	17	13	19	13	13	16	10	17	14	17	17	20	15	19	13	12	16	15	
1	1	1	1	1	1	1	1	1	1	1	1	1	1	1	1	1	1	1	1	1	2	2	2	2	2	2	2	2	2	2	2	2	2	2	2	2	2	2	3	3	3	3	3	3	3	3	3	3	3	3	3	3	3	3	3	3	3	3	3	3	3	3	4	4	4	4	4	4	4	4	4	4	4	4	4	4	4	4	4	4	4	4	5	5	5	5	5	5	5	5	5	5	6	6	6	6	6	6	6	6	6	6	6	6	6	6	6	6	6	6	6	6	6	6	6	6	6	6	6	6	6	6	6	6	6	6	6	6	7	7	7	7	7	7	7	7	7	7	7	7	7	7	7	7	7	7	7	7	7	7	7	7	7	8	8	8	8	8	8	8	8	8	8	8	8	8	8	8	8	8	8	9	9	9	9	9	9	9	9	9	9	9	9	9	9	9	9	9	9	10	10	10	10	10	10	10	10	10	10	10	10	10	10	10	10	10	10	10	10	10	11	11	11	11	11	11	11	11	11	11	11	11	11	11	11	11	11	11	11	11	11	11	11	11	11	11	11	11	11	12	12	12	12	12	12	12	12	12	12	12	12	12	12	12	12	12	12	12	12	12	12	12	13	13	13	13	13	13	13	13	13	13	13	13	13	13	13	13	13	13	14	14	14	14	14	14	14	14	14	14	14	14	14	14	14	14	14	14	14	14	14	14	14	14	15	15	15	15	15	15	15	15	15	15	15	15	15	15	15	15	15	15	15	15	15	15	15	15	15	15	15	15	15	16	16	16	16	16	16	16	16	16	16	16	16	16	16	16	16	16	16	16	16	16	16	16	16	16	17	17	17	17	17	17	17	17	17	17	17	17	17	17	17	17	17	17	17	17	17	18	18	18	18	18	18	18	18	18	18	18	18	18	18	18	18	18	18	18	18	18	18	19	19	19	19	19	19	19	19	19	19	19	19	19	19	19	19	19	19	19	19	19	19	19	19	19	19	19	20	20	20	20	20	20	20	20	20	20	20	20	20	20	20	20	20	20	21	21	21	21	21	21	21	21	21	21	21	21	21	21	21	21	21	21	22	22	22	22	22	22	22	22	22	22	22	22	22	22	22	22	22	22	23	23	23	23	23	23	23	23	23	23	23	23	23	23	23	23	23	23	23	23	24	24	24	24	24	24	24	24	24	24	24	24	24	24	24	24	24	24	24	24	24	25	25	25	25	25	25	25	25	25	25	25	25	25	25	25	25	25	25	25	25	25	25	25	25	25	25	26	26	26	26	26	26	26	26	26	26	26	26	26	26	26	26	26	26	26	26	26	26	26	26	26	26	26	27	27	27	27	27	27	27	27	27	27	27	27	27	27	27	27	27	27	27	27	27	27	27	27	27	27	27	27	27	28	28	28	28	28	28	28	28	28	28	28	28	28	28	28	28	28	28	28	29	29	29	29	29	29	29	29	29	29	29	29	29	29	29	29	29	29	29	29	30	30	30	30	30	30	30	30	30	30	30	30	30	30	30	30	30	30	30	30	31	31	31	31	31	31	31	31	31	31	31	31	31	31	31	31	31	31	32	32	32	32	32	32	32	32	32	32	32	32	32	32	32	32	32	32	32	32	32	32	32	32	32	32	32	33	33	33	33	33	33	33	33	33	33	33	33	33	33	33	33	33	33	33	34	34	34	34	34	34	34	34	34	34	34	34	34	34	34	34	34	34	34	34	34	34	34	34	34	34	35	35	35	35	35	35	35	35	35	35	35	35	35	35	35	35	35	35	35	35	35	36	36	36	36	36	36	36	36	36	36	36	36	36	36	36	36	36	36	36	37	37	37	37	37	37	37	37	37	37	37	37	37	37	37	38	38	38	38	38	38	38	38	38	38	38	38	38	38	39	39	39	39	39	39	39	39	39	39	39	39	39	39	39	39	39	39	39	39	39	39	39	39	39	39	39	40	40	40	40	40	40	40	40	40	40	40	40	40	40	40	40	40	40	40	40	40	40	40	40	40	41	41	41	41	41	41	41	41	41	41	41	41	41	41	41	41	41	41	41	41	41	41	42	42	42	42	42	42	42	42	42	42	42	42	42	42	42	42	42	42	42	42	42	42	42	42	43	43	43	43	43	43	43	43	43	43	43	43	43	43	43	43	43	43	43	43	43	43	43	43	43	44	44	44	44	44	44	44	44	44	44	44	44	44	44	44	44	44	44	44	44	44	44	45	45	45	45	45	45	45	45	45	45	45	45	45	45	45	45	45	45	45	45	45	45	45	45	45	45	45	45	45	45	45	
