300
14	3
326	1.00
3	2	3	3	3	3	2	3	3	3	3	3	2	3	2	3	3	3	2	3	3	3	2	2	3	3	3	2	2	3	3	2	2	2	3	3	3	2	3	3	3	3	3	3	3	3	3	3	3	3	3	2	2	3	3	2	3	3	2	3	3	2	3	2	2	3	2	3	3	2	3	2	3	3	3	3	2	2	3	3	2	3	2	2	3	3	3	3	2	3	2	3	2	3	3	3	3	3	2	3	3	2	3	3	2	2	3	3	3	3	2	3	3	3	3	2	2	2	2	3	3	3	3	2	2	2	3	2	3	3	3	3	3	3	3	3	3	3	3	3	3	2	2	3	3	3	2	2	2	3	3	3	3	3	3	3	2	3	3	2	3	3	3	2	3	3	2	3	3	3	3	3	3	3	3	3	3	2	3	3	2	3	2	3	3	3	3	3	3	3	3	3	3	3	2	3	3	2	3	3	2	3	3	3	3	3	3	3	2	3	3	2	3	3	2	3	2	3	3	3	2	3	3	3	3	3	3	2	2	3	3	2	3	3	2	3	3	3	3	2	3	3	3	3	3	3	2	3	3	3	3	2	2	3	3	2	3	3	2	2	2	2	2	2	2	2	3	3	3	3	2	2	3	3	2	3	3	2	3	2	2	3	3	3	3	3	3	3	2	3	3	2	3	3	3	2	3	2	3	3	
2	6	7	
0	1	
1	2	3	
1	2	3	
2	3	4	
1	2	3	
1	3	
1	2	3	
1	2	3	
1	2	3	
2	6	7	
2	6	7	
1	3	
1	2	3	
1	3	
1	2	3	
2	6	7	
1	2	3	
1	3	
2	3	4	
1	2	3	
2	6	7	
1	3	
0	1	
2	3	4	
2	6	7	
1	2	3	
1	3	
0	1	
1	2	3	
1	2	3	
0	1	
0	1	
1	3	
2	6	7	
2	3	4	
2	6	7	
1	3	
1	2	3	
1	2	3	
1	2	3	
1	2	3	
2	3	4	
1	2	3	
1	2	3	
2	6	7	
1	2	3	
2	6	7	
2	3	4	
1	2	3	
1	2	3	
0	1	
1	3	
2	3	4	
1	2	3	
1	3	
1	2	3	
2	3	4	
0	1	
1	2	3	
1	2	3	
1	3	
1	2	3	
0	1	
0	1	
1	2	3	
0	1	
2	6	7	
1	2	3	
0	1	
2	3	4	
0	1	
2	6	7	
1	2	3	
1	2	3	
1	2	3	
0	1	
1	3	
2	6	7	
2	6	7	
1	3	
1	2	3	
0	1	
1	3	
1	2	3	
1	2	3	
2	3	4	
2	3	4	
1	3	
1	2	3	
1	3	
2	3	4	
1	3	
2	6	7	
1	2	3	
1	2	3	
1	2	3	
1	2	3	
1	3	
2	6	7	
1	2	3	
1	3	
1	2	3	
1	2	3	
0	1	
1	3	
2	6	7	
1	2	3	
1	2	3	
1	2	3	
1	3	
1	2	3	
2	6	7	
2	6	7	
1	2	3	
1	3	
1	3	
1	3	
1	3	
2	6	7	
1	2	3	
1	2	3	
1	2	3	
1	3	
0	1	
1	3	
2	3	4	
0	1	
1	2	3	
1	2	3	
2	3	4	
1	2	3	
1	2	3	
2	6	7	
1	2	3	
1	2	3	
2	6	7	
1	2	3	
2	6	7	
2	3	4	
2	3	4	
1	3	
0	1	
1	2	3	
2	6	7	
1	2	3	
1	3	
0	1	
1	3	
2	6	7	
2	6	7	
1	2	3	
2	3	4	
2	3	4	
1	2	3	
2	3	4	
0	1	
2	3	4	
1	2	3	
1	3	
2	3	4	
1	2	3	
2	3	4	
0	1	
1	2	3	
1	2	3	
0	1	
2	6	7	
2	3	4	
1	2	3	
2	6	7	
1	2	3	
1	2	3	
2	3	4	
2	6	7	
1	2	3	
2	6	7	
0	1	
2	3	4	
2	6	7	
1	3	
2	3	4	
1	3	
1	2	3	
2	6	7	
1	2	3	
2	6	7	
2	3	4	
1	2	3	
1	2	3	
1	2	3	
2	6	7	
1	2	3	
1	2	3	
1	3	
1	2	3	
2	6	7	
1	3	
2	6	7	
2	3	4	
0	1	
1	2	3	
2	6	7	
2	6	7	
2	3	4	
1	2	3	
2	3	4	
1	2	3	
1	3	
2	3	4	
2	6	7	
1	3	
2	3	4	
1	2	3	
0	1	
1	2	3	
0	1	
1	2	3	
2	3	4	
2	3	4	
0	1	
1	2	3	
2	6	7	
2	3	4	
2	3	4	
1	2	3	
1	2	3	
0	1	
1	3	
2	6	7	
2	3	4	
1	3	
1	2	3	
1	2	3	
1	3	
2	6	7	
2	3	4	
1	2	3	
2	6	7	
0	1	
2	3	4	
1	2	3	
1	2	3	
2	3	4	
2	3	4	
2	3	4	
0	1	
1	2	3	
2	6	7	
1	2	3	
1	2	3	
1	3	
1	3	
1	2	3	
1	2	3	
0	1	
2	3	4	
2	6	7	
0	1	
1	3	
0	1	
0	1	
1	3	
1	3	
1	3	
0	1	
1	2	3	
2	6	7	
1	2	3	
2	3	4	
1	3	
1	3	
2	3	4	
2	6	7	
1	3	
2	3	4	
2	6	7	
1	3	
2	6	7	
0	1	
0	1	
1	2	3	
1	2	3	
1	2	3	
1	2	3	
1	2	3	
1	2	3	
1	2	3	
0	1	
2	3	4	
1	2	3	
1	3	
1	2	3	
2	6	7	
2	3	4	
1	3	
2	6	7	
0	1	
1	2	3	
2	6	7	
48.00	36.00	32.00	
32.00	16.00	
42.00	24.00	20.00	
42.00	20.00	16.00	
42.00	28.00	28.00	
42.00	24.00	20.00	
42.00	32.00	
42.00	20.00	16.00	
42.00	24.00	20.00	
42.00	20.00	16.00	
48.00	36.00	32.00	
48.00	36.00	32.00	
42.00	32.00	
42.00	20.00	16.00	
42.00	32.00	
42.00	20.00	16.00	
48.00	36.00	32.00	
42.00	20.00	16.00	
42.00	32.00	
42.00	28.00	28.00	
42.00	24.00	20.00	
48.00	36.00	32.00	
42.00	32.00	
32.00	16.00	
42.00	28.00	28.00	
48.00	36.00	32.00	
42.00	24.00	20.00	
42.00	32.00	
32.00	16.00	
42.00	24.00	20.00	
42.00	24.00	20.00	
32.00	16.00	
32.00	16.00	
42.00	32.00	
48.00	36.00	32.00	
42.00	28.00	28.00	
48.00	36.00	32.00	
42.00	32.00	
42.00	20.00	16.00	
42.00	24.00	20.00	
42.00	20.00	16.00	
42.00	20.00	16.00	
42.00	28.00	28.00	
42.00	20.00	16.00	
42.00	20.00	16.00	
48.00	36.00	32.00	
42.00	20.00	16.00	
48.00	36.00	32.00	
42.00	28.00	28.00	
42.00	24.00	20.00	
42.00	20.00	16.00	
32.00	16.00	
42.00	32.00	
42.00	28.00	28.00	
42.00	24.00	20.00	
42.00	32.00	
42.00	24.00	20.00	
42.00	28.00	28.00	
32.00	16.00	
42.00	24.00	20.00	
42.00	20.00	16.00	
42.00	32.00	
42.00	24.00	20.00	
32.00	16.00	
32.00	16.00	
42.00	20.00	16.00	
32.00	16.00	
48.00	36.00	32.00	
42.00	24.00	20.00	
32.00	16.00	
42.00	28.00	28.00	
32.00	16.00	
48.00	36.00	32.00	
42.00	24.00	20.00	
42.00	24.00	20.00	
42.00	24.00	20.00	
32.00	16.00	
42.00	32.00	
48.00	36.00	32.00	
48.00	36.00	32.00	
42.00	32.00	
42.00	20.00	16.00	
32.00	16.00	
42.00	32.00	
42.00	20.00	16.00	
42.00	24.00	20.00	
42.00	28.00	28.00	
42.00	28.00	28.00	
42.00	32.00	
42.00	20.00	16.00	
42.00	32.00	
42.00	28.00	28.00	
42.00	32.00	
48.00	36.00	32.00	
42.00	20.00	16.00	
42.00	24.00	20.00	
42.00	20.00	16.00	
42.00	24.00	20.00	
42.00	32.00	
48.00	36.00	32.00	
42.00	20.00	16.00	
42.00	32.00	
42.00	24.00	20.00	
42.00	24.00	20.00	
32.00	16.00	
42.00	32.00	
48.00	36.00	32.00	
42.00	24.00	20.00	
42.00	24.00	20.00	
42.00	24.00	20.00	
42.00	32.00	
42.00	24.00	20.00	
48.00	36.00	32.00	
48.00	36.00	32.00	
42.00	20.00	16.00	
42.00	32.00	
42.00	32.00	
42.00	32.00	
42.00	32.00	
48.00	36.00	32.00	
42.00	20.00	16.00	
42.00	20.00	16.00	
42.00	20.00	16.00	
42.00	32.00	
32.00	16.00	
42.00	32.00	
42.00	28.00	28.00	
32.00	16.00	
42.00	20.00	16.00	
42.00	24.00	20.00	
42.00	28.00	28.00	
42.00	20.00	16.00	
42.00	24.00	20.00	
48.00	36.00	32.00	
42.00	24.00	20.00	
42.00	24.00	20.00	
48.00	36.00	32.00	
42.00	24.00	20.00	
48.00	36.00	32.00	
42.00	28.00	28.00	
42.00	28.00	28.00	
42.00	32.00	
32.00	16.00	
42.00	24.00	20.00	
48.00	36.00	32.00	
42.00	20.00	16.00	
42.00	32.00	
32.00	16.00	
42.00	32.00	
48.00	36.00	32.00	
48.00	36.00	32.00	
42.00	20.00	16.00	
42.00	28.00	28.00	
42.00	28.00	28.00	
42.00	20.00	16.00	
42.00	28.00	28.00	
32.00	16.00	
42.00	28.00	28.00	
42.00	20.00	16.00	
42.00	32.00	
42.00	28.00	28.00	
42.00	20.00	16.00	
42.00	28.00	28.00	
32.00	16.00	
42.00	20.00	16.00	
42.00	24.00	20.00	
32.00	16.00	
48.00	36.00	32.00	
42.00	28.00	28.00	
42.00	20.00	16.00	
48.00	36.00	32.00	
42.00	20.00	16.00	
42.00	20.00	16.00	
42.00	28.00	28.00	
48.00	36.00	32.00	
42.00	20.00	16.00	
48.00	36.00	32.00	
32.00	16.00	
42.00	28.00	28.00	
48.00	36.00	32.00	
42.00	32.00	
42.00	28.00	28.00	
42.00	32.00	
42.00	24.00	20.00	
48.00	36.00	32.00	
42.00	24.00	20.00	
48.00	36.00	32.00	
42.00	28.00	28.00	
42.00	24.00	20.00	
42.00	20.00	16.00	
42.00	20.00	16.00	
48.00	36.00	32.00	
42.00	24.00	20.00	
42.00	24.00	20.00	
42.00	32.00	
42.00	20.00	16.00	
48.00	36.00	32.00	
42.00	32.00	
48.00	36.00	32.00	
42.00	28.00	28.00	
32.00	16.00	
42.00	24.00	20.00	
48.00	36.00	32.00	
48.00	36.00	32.00	
42.00	28.00	28.00	
42.00	20.00	16.00	
42.00	28.00	28.00	
42.00	20.00	16.00	
42.00	32.00	
42.00	28.00	28.00	
48.00	36.00	32.00	
42.00	32.00	
42.00	28.00	28.00	
42.00	20.00	16.00	
32.00	16.00	
42.00	24.00	20.00	
32.00	16.00	
42.00	24.00	20.00	
42.00	28.00	28.00	
42.00	28.00	28.00	
32.00	16.00	
42.00	20.00	16.00	
48.00	36.00	32.00	
42.00	28.00	28.00	
42.00	28.00	28.00	
42.00	24.00	20.00	
42.00	20.00	16.00	
32.00	16.00	
42.00	32.00	
48.00	36.00	32.00	
42.00	28.00	28.00	
42.00	32.00	
42.00	20.00	16.00	
42.00	20.00	16.00	
42.00	32.00	
48.00	36.00	32.00	
42.00	28.00	28.00	
42.00	20.00	16.00	
48.00	36.00	32.00	
32.00	16.00	
42.00	28.00	28.00	
42.00	24.00	20.00	
42.00	24.00	20.00	
42.00	28.00	28.00	
42.00	28.00	28.00	
42.00	28.00	28.00	
32.00	16.00	
42.00	24.00	20.00	
48.00	36.00	32.00	
42.00	20.00	16.00	
42.00	24.00	20.00	
42.00	32.00	
42.00	32.00	
42.00	24.00	20.00	
42.00	24.00	20.00	
32.00	16.00	
42.00	28.00	28.00	
48.00	36.00	32.00	
32.00	16.00	
42.00	32.00	
32.00	16.00	
32.00	16.00	
42.00	32.00	
42.00	32.00	
42.00	32.00	
32.00	16.00	
42.00	24.00	20.00	
48.00	36.00	32.00	
42.00	20.00	16.00	
42.00	28.00	28.00	
42.00	32.00	
42.00	32.00	
42.00	28.00	28.00	
48.00	36.00	32.00	
42.00	32.00	
42.00	28.00	28.00	
48.00	36.00	32.00	
42.00	32.00	
48.00	36.00	32.00	
32.00	16.00	
32.00	16.00	
42.00	20.00	16.00	
42.00	20.00	16.00	
42.00	20.00	16.00	
42.00	24.00	20.00	
42.00	24.00	20.00	
42.00	24.00	20.00	
42.00	20.00	16.00	
32.00	16.00	
42.00	28.00	28.00	
42.00	24.00	20.00	
42.00	32.00	
42.00	20.00	16.00	
48.00	36.00	32.00	
42.00	28.00	28.00	
42.00	32.00	
48.00	36.00	32.00	
32.00	16.00	
42.00	20.00	16.00	
48.00	36.00	32.00	
3.00	3.00	3.00	3.00	3.00	3.00	3.00	3.00	3.00	3.00	3.00	3.00	3.00	3.00	3.00	3.00	3.00	3.00	3.00	3.00	3.00	3.00	3.00	3.00	3.00	3.00	3.00	3.00	3.00	3.00	3.00	3.00	3.00	3.00	3.00	3.00	3.00	3.00	3.00	3.00	3.00	3.00	3.00	3.00	3.00	3.00	3.00	3.00	3.00	3.00	3.00	3.00	3.00	3.00	3.00	3.00	3.00	3.00	3.00	3.00	3.00	3.00	3.00	3.00	3.00	3.00	3.00	3.00	3.00	3.00	3.00	3.00	3.00	3.00	3.00	3.00	3.00	3.00	3.00	3.00	3.00	3.00	3.00	3.00	3.00	3.00	3.00	3.00	3.00	3.00	3.00	3.00	3.00	3.00	3.00	3.00	3.00	3.00	3.00	3.00	3.00	3.00	3.00	3.00	3.00	3.00	3.00	3.00	3.00	3.00	3.00	3.00	3.00	3.00	3.00	3.00	3.00	3.00	3.00	3.00	3.00	3.00	3.00	3.00	3.00	3.00	3.00	3.00	3.00	3.00	3.00	3.00	3.00	3.00	3.00	3.00	3.00	3.00	3.00	3.00	3.00	3.00	3.00	3.00	3.00	3.00	3.00	3.00	3.00	3.00	3.00	3.00	3.00	3.00	3.00	3.00	3.00	3.00	3.00	3.00	3.00	3.00	3.00	3.00	3.00	3.00	3.00	3.00	3.00	3.00	3.00	3.00	3.00	3.00	3.00	3.00	3.00	3.00	3.00	3.00	3.00	3.00	3.00	3.00	3.00	3.00	3.00	3.00	3.00	3.00	3.00	3.00	3.00	3.00	3.00	3.00	3.00	3.00	3.00	3.00	3.00	3.00	3.00	3.00	3.00	3.00	3.00	3.00	3.00	3.00	3.00	3.00	3.00	3.00	3.00	3.00	3.00	3.00	3.00	3.00	3.00	3.00	3.00	3.00	3.00	3.00	3.00	3.00	3.00	3.00	3.00	3.00	3.00	3.00	3.00	3.00	3.00	3.00	3.00	3.00	3.00	3.00	3.00	3.00	3.00	3.00	3.00	3.00	3.00	3.00	3.00	3.00	3.00	3.00	3.00	3.00	3.00	3.00	3.00	3.00	3.00	3.00	3.00	3.00	3.00	3.00	3.00	3.00	3.00	3.00	3.00	3.00	3.00	3.00	3.00	3.00	3.00	3.00	3.00	3.00	3.00	3.00	3.00	3.00	3.00	3.00	3.00	3.00	3.00	3.00	3.00	3.00	3.00	3.00	3.00	3.00	3.00	3.00	3.00	3.00	
5.00	5.00	5.00	5.00	5.00	5.00	5.00	5.00	5.00	5.00	5.00	5.00	5.00	5.00	5.00	5.00	5.00	5.00	5.00	5.00	5.00	5.00	5.00	5.00	5.00	5.00	5.00	5.00	5.00	5.00	5.00	5.00	5.00	5.00	5.00	5.00	5.00	5.00	5.00	5.00	5.00	5.00	5.00	5.00	5.00	5.00	5.00	5.00	5.00	5.00	5.00	5.00	5.00	5.00	5.00	5.00	5.00	5.00	5.00	5.00	5.00	5.00	5.00	5.00	5.00	5.00	5.00	5.00	5.00	5.00	5.00	5.00	5.00	5.00	5.00	5.00	5.00	5.00	5.00	5.00	5.00	5.00	5.00	5.00	5.00	5.00	5.00	5.00	5.00	5.00	5.00	5.00	5.00	5.00	5.00	5.00	5.00	5.00	5.00	5.00	5.00	5.00	5.00	5.00	5.00	5.00	5.00	5.00	5.00	5.00	5.00	5.00	5.00	5.00	5.00	5.00	5.00	5.00	5.00	5.00	5.00	5.00	5.00	5.00	5.00	5.00	5.00	5.00	5.00	5.00	5.00	5.00	5.00	5.00	5.00	5.00	5.00	5.00	5.00	5.00	5.00	5.00	5.00	5.00	5.00	5.00	5.00	5.00	5.00	5.00	5.00	5.00	5.00	5.00	5.00	5.00	5.00	5.00	5.00	5.00	5.00	5.00	5.00	5.00	5.00	5.00	5.00	5.00	5.00	5.00	5.00	5.00	5.00	5.00	5.00	5.00	5.00	5.00	5.00	5.00	5.00	5.00	5.00	5.00	5.00	5.00	5.00	5.00	5.00	5.00	5.00	5.00	5.00	5.00	5.00	5.00	5.00	5.00	5.00	5.00	5.00	5.00	5.00	5.00	5.00	5.00	5.00	5.00	5.00	5.00	5.00	5.00	5.00	5.00	5.00	5.00	5.00	5.00	5.00	5.00	5.00	5.00	5.00	5.00	5.00	5.00	5.00	5.00	5.00	5.00	5.00	5.00	5.00	5.00	5.00	5.00	5.00	5.00	5.00	5.00	5.00	5.00	5.00	5.00	5.00	5.00	5.00	5.00	5.00	5.00	5.00	5.00	5.00	5.00	5.00	5.00	5.00	5.00	5.00	5.00	5.00	5.00	5.00	5.00	5.00	5.00	5.00	5.00	5.00	5.00	5.00	5.00	5.00	5.00	5.00	5.00	5.00	5.00	5.00	5.00	5.00	5.00	5.00	5.00	5.00	5.00	5.00	5.00	5.00	5.00	5.00	5.00	5.00	5.00	5.00	5.00	5.00	5.00	5.00	5.00	
1.00	1.00	1.00	1.00	1.00	1.00	1.00	1.00	1.00	1.00	1.00	1.00	1.00	1.00	
1	1	1	2	2	2	2	2	1	2	1	1	2	2	1	1	1	2	2	1	2	1	1	2	2	1	1	1	1	1	1	1	1	2	1	2	2	1	1	1	2	2	2	2	1	2	2	2	1	2	1	1	2	2	2	2	1	1	2	2	2	2	2	1	1	1	2	1	2	2	2	2	1	1	2	1	1	1	1	1	1	1	1	1	2	1	2	2	2	2	1	1	2	1	1	1	1	1	1	1	1	2	2	1	1	1	2	1	2	2	1	2	2	1	1	3	1	5	1	1	2	2	4	4	2	5	5	5	1	2	1	1	2	2	2	1	1	1	2	2	3	2	4	3	4	1	2	2	2	1	2	3	1	2	5	1	4	2	2	3	1	1	1	2	4	2	5	3	4	3	5	4	5	5	3	5	3	4	4	5	3	4	5	5	5	3	3	3	4	3	4	4	3	4	3	5	3	3	5	4	3	5	4	4	3	5	3	5	4	4	3	4	3	5	4	4	4	4	4	5	3	5	5	5	4	4	5	5	3	5	4	3	4	51	5	79	92	4	3	92	30	3	3	5	48	5	5	3	3	3	56	4	41	5	37	45	3	4	5	4	76	32	69	61	52	72	89	71	75	73	31	39	95	61	32	37	30	54	61	47	37	55	96	50	36	73	77	85	39	94	73	64	36	75	40	65	81	84	77	35	
1	1	1	1	1	1	1	1	1	1	1	1	1	1	1	1	1	1	1	1	1	1	1	1	1	1	1	1	1	1	2	2	2	2	2	2	2	2	2	2	2	2	2	2	2	2	2	2	2	2	2	2	2	2	2	2	2	2	2	2	3	3	3	3	3	3	3	3	3	3	3	3	3	3	3	3	3	3	3	3	3	3	3	3	3	3	3	3	4	4	4	4	4	4	4	4	4	4	4	4	4	4	4	4	4	4	4	4	4	4	4	4	4	4	4	5	5	5	5	5	5	5	5	5	5	5	5	5	5	5	5	5	5	5	5	5	5	5	5	5	5	5	5	5	5	5	5	5	5	5	5	5	5	5	5	5	5	5	5	5	5	5	5	5	5	5	6	6	6	6	6	6	6	6	6	6	6	6	6	6	6	6	6	6	6	6	6	6	6	7	7	7	7	7	7	7	7	7	7	7	8	8	8	8	8	8	8	8	8	8	8	8	8	8	9	9	9	9	9	9	9	9	9	9	9	9	9	9	9	9	9	9	9	10	10	10	10	10	10	10	10	10	10	10	10	10	10	10	10	10	10	10	10	10	10	10	10	10	10	10	10	11	11	11	11	11	11	11	11	11	11	11	11	11	11	12	12	12	12	12	12	12	12	12	13	13	13	13	13	14	14	14	14	14	14	14	14	14	14	14	
