300
14	3
366	1.00
3	3	3	2	3	3	2	3	3	2	2	3	3	2	2	3	3	3	3	2	3	3	3	3	3	2	3	3	2	3	2	2	3	3	3	3	2	3	3	3	3	3	2	3	3	2	3	3	3	3	2	3	3	3	2	2	3	2	2	3	3	2	3	2	3	3	2	2	3	3	3	2	3	3	2	2	2	2	2	2	3	2	2	3	3	2	2	3	3	3	3	2	2	3	3	2	2	3	3	3	3	2	2	3	2	2	3	3	3	2	3	3	3	3	3	3	3	3	3	2	3	2	3	2	3	3	2	3	3	3	2	2	2	3	3	3	3	2	2	3	2	3	3	3	3	2	2	2	2	2	3	3	2	2	3	2	3	3	3	3	2	3	3	3	3	3	3	3	3	2	2	3	3	3	3	3	2	3	3	3	3	3	2	3	2	3	3	2	2	3	3	3	3	2	3	2	3	3	3	2	2	3	3	3	3	2	3	2	2	3	3	2	3	3	3	3	2	2	3	2	3	3	3	2	2	3	2	3	2	2	2	2	3	3	3	2	3	3	3	2	2	2	3	3	2	2	3	3	3	3	3	2	3	2	2	3	2	3	3	3	3	3	2	2	3	2	3	2	3	2	3	3	3	3	3	2	2	3	3	2	2	3	3	3	3	2	3	3	2	3	3	3	2	3	3	2	3	3	2	3	
2	3	4	
2	3	4	
1	2	3	
0	1	
1	2	3	
1	2	3	
0	1	
1	2	3	
2	6	7	
1	3	
1	3	
2	6	7	
2	3	4	
1	3	
1	3	
2	3	4	
2	6	7	
2	6	7	
1	2	3	
0	1	
1	2	3	
1	2	3	
2	3	4	
1	2	3	
2	3	4	
1	3	
2	3	4	
2	3	4	
0	1	
1	2	3	
0	1	
1	3	
1	2	3	
2	3	4	
1	2	3	
1	2	3	
1	3	
1	2	3	
2	3	4	
2	3	4	
1	2	3	
2	6	7	
0	1	
2	3	4	
1	2	3	
0	1	
2	3	4	
2	6	7	
2	6	7	
2	3	4	
0	1	
2	6	7	
2	3	4	
1	2	3	
1	3	
0	1	
1	2	3	
0	1	
0	1	
1	2	3	
2	6	7	
0	1	
1	2	3	
1	3	
1	2	3	
2	3	4	
1	3	
0	1	
1	2	3	
2	3	4	
2	6	7	
0	1	
2	6	7	
2	6	7	
0	1	
1	3	
1	3	
1	3	
1	3	
1	3	
1	2	3	
1	3	
0	1	
2	6	7	
2	3	4	
0	1	
1	3	
1	2	3	
1	2	3	
1	2	3	
1	2	3	
1	3	
1	3	
2	6	7	
2	6	7	
1	3	
1	3	
1	2	3	
1	2	3	
2	6	7	
2	6	7	
0	1	
1	3	
2	6	7	
0	1	
1	3	
1	2	3	
1	2	3	
1	2	3	
0	1	
1	2	3	
2	6	7	
2	6	7	
1	2	3	
1	2	3	
1	2	3	
2	3	4	
1	2	3	
2	3	4	
0	1	
2	6	7	
1	3	
2	6	7	
1	3	
1	2	3	
2	3	4	
0	1	
1	2	3	
1	2	3	
1	2	3	
1	3	
1	3	
1	3	
1	2	3	
1	2	3	
2	6	7	
1	2	3	
0	1	
1	3	
1	2	3	
1	3	
2	3	4	
2	3	4	
2	6	7	
1	2	3	
0	1	
1	3	
1	3	
1	3	
0	1	
1	2	3	
1	2	3	
0	1	
1	3	
2	6	7	
0	1	
2	3	4	
1	2	3	
1	2	3	
1	2	3	
0	1	
1	2	3	
2	3	4	
2	6	7	
1	2	3	
2	3	4	
1	2	3	
2	6	7	
2	3	4	
1	3	
0	1	
1	2	3	
2	3	4	
1	2	3	
2	6	7	
2	6	7	
1	3	
1	2	3	
1	2	3	
2	3	4	
1	2	3	
2	3	4	
1	3	
1	2	3	
0	1	
2	3	4	
2	3	4	
0	1	
0	1	
2	6	7	
1	2	3	
2	6	7	
1	2	3	
0	1	
2	3	4	
1	3	
2	6	7	
1	2	3	
2	6	7	
0	1	
1	3	
2	3	4	
1	2	3	
1	2	3	
1	2	3	
0	1	
2	6	7	
1	3	
0	1	
1	2	3	
2	3	4	
0	1	
1	2	3	
2	6	7	
1	2	3	
2	6	7	
0	1	
1	3	
1	2	3	
1	3	
2	3	4	
1	2	3	
2	3	4	
1	3	
0	1	
2	6	7	
1	3	
2	6	7	
1	3	
1	3	
1	3	
1	3	
2	6	7	
2	6	7	
2	3	4	
0	1	
1	2	3	
1	2	3	
2	6	7	
0	1	
0	1	
0	1	
2	6	7	
1	2	3	
0	1	
1	3	
1	2	3	
2	3	4	
2	6	7	
1	2	3	
2	3	4	
1	3	
1	2	3	
0	1	
0	1	
2	3	4	
0	1	
1	2	3	
2	6	7	
1	2	3	
1	2	3	
2	3	4	
1	3	
0	1	
1	2	3	
1	3	
2	6	7	
0	1	
2	6	7	
1	3	
2	3	4	
1	2	3	
1	2	3	
1	2	3	
1	2	3	
0	1	
1	3	
2	6	7	
1	2	3	
0	1	
1	3	
1	2	3	
1	2	3	
1	2	3	
1	2	3	
1	3	
1	2	3	
1	2	3	
1	3	
1	2	3	
1	2	3	
2	3	4	
0	1	
2	3	4	
2	3	4	
1	3	
2	6	7	
2	3	4	
0	1	
2	6	7	
42.00	28.00	28.00	
42.00	28.00	28.00	
42.00	20.00	16.00	
32.00	16.00	
42.00	20.00	16.00	
42.00	24.00	20.00	
32.00	16.00	
42.00	24.00	20.00	
48.00	36.00	32.00	
42.00	32.00	
42.00	32.00	
48.00	36.00	32.00	
42.00	28.00	28.00	
42.00	32.00	
42.00	32.00	
42.00	28.00	28.00	
48.00	36.00	32.00	
48.00	36.00	32.00	
42.00	20.00	16.00	
32.00	16.00	
42.00	20.00	16.00	
42.00	24.00	20.00	
42.00	28.00	28.00	
42.00	20.00	16.00	
42.00	28.00	28.00	
42.00	32.00	
42.00	28.00	28.00	
42.00	28.00	28.00	
32.00	16.00	
42.00	20.00	16.00	
32.00	16.00	
42.00	32.00	
42.00	20.00	16.00	
42.00	28.00	28.00	
42.00	20.00	16.00	
42.00	24.00	20.00	
42.00	32.00	
42.00	20.00	16.00	
42.00	28.00	28.00	
42.00	28.00	28.00	
42.00	20.00	16.00	
48.00	36.00	32.00	
32.00	16.00	
42.00	28.00	28.00	
42.00	24.00	20.00	
32.00	16.00	
42.00	28.00	28.00	
48.00	36.00	32.00	
48.00	36.00	32.00	
42.00	28.00	28.00	
32.00	16.00	
48.00	36.00	32.00	
42.00	28.00	28.00	
42.00	20.00	16.00	
42.00	32.00	
32.00	16.00	
42.00	20.00	16.00	
32.00	16.00	
32.00	16.00	
42.00	24.00	20.00	
48.00	36.00	32.00	
32.00	16.00	
42.00	20.00	16.00	
42.00	32.00	
42.00	20.00	16.00	
42.00	28.00	28.00	
42.00	32.00	
32.00	16.00	
42.00	20.00	16.00	
42.00	28.00	28.00	
48.00	36.00	32.00	
32.00	16.00	
48.00	36.00	32.00	
48.00	36.00	32.00	
32.00	16.00	
42.00	32.00	
42.00	32.00	
42.00	32.00	
42.00	32.00	
42.00	32.00	
42.00	20.00	16.00	
42.00	32.00	
32.00	16.00	
48.00	36.00	32.00	
42.00	28.00	28.00	
32.00	16.00	
42.00	32.00	
42.00	24.00	20.00	
42.00	20.00	16.00	
42.00	20.00	16.00	
42.00	24.00	20.00	
42.00	32.00	
42.00	32.00	
48.00	36.00	32.00	
48.00	36.00	32.00	
42.00	32.00	
42.00	32.00	
42.00	24.00	20.00	
42.00	24.00	20.00	
48.00	36.00	32.00	
48.00	36.00	32.00	
32.00	16.00	
42.00	32.00	
48.00	36.00	32.00	
32.00	16.00	
42.00	32.00	
42.00	24.00	20.00	
42.00	20.00	16.00	
42.00	24.00	20.00	
32.00	16.00	
42.00	24.00	20.00	
48.00	36.00	32.00	
48.00	36.00	32.00	
42.00	20.00	16.00	
42.00	24.00	20.00	
42.00	20.00	16.00	
42.00	28.00	28.00	
42.00	20.00	16.00	
42.00	28.00	28.00	
32.00	16.00	
48.00	36.00	32.00	
42.00	32.00	
48.00	36.00	32.00	
42.00	32.00	
42.00	20.00	16.00	
42.00	28.00	28.00	
32.00	16.00	
42.00	20.00	16.00	
42.00	24.00	20.00	
42.00	20.00	16.00	
42.00	32.00	
42.00	32.00	
42.00	32.00	
42.00	20.00	16.00	
42.00	24.00	20.00	
48.00	36.00	32.00	
42.00	20.00	16.00	
32.00	16.00	
42.00	32.00	
42.00	20.00	16.00	
42.00	32.00	
42.00	28.00	28.00	
42.00	28.00	28.00	
48.00	36.00	32.00	
42.00	24.00	20.00	
32.00	16.00	
42.00	32.00	
42.00	32.00	
42.00	32.00	
32.00	16.00	
42.00	24.00	20.00	
42.00	24.00	20.00	
32.00	16.00	
42.00	32.00	
48.00	36.00	32.00	
32.00	16.00	
42.00	28.00	28.00	
42.00	24.00	20.00	
42.00	20.00	16.00	
42.00	24.00	20.00	
32.00	16.00	
42.00	24.00	20.00	
42.00	28.00	28.00	
48.00	36.00	32.00	
42.00	20.00	16.00	
42.00	28.00	28.00	
42.00	24.00	20.00	
48.00	36.00	32.00	
42.00	28.00	28.00	
42.00	32.00	
32.00	16.00	
42.00	24.00	20.00	
42.00	28.00	28.00	
42.00	20.00	16.00	
48.00	36.00	32.00	
48.00	36.00	32.00	
42.00	32.00	
42.00	24.00	20.00	
42.00	20.00	16.00	
42.00	28.00	28.00	
42.00	24.00	20.00	
42.00	28.00	28.00	
42.00	32.00	
42.00	20.00	16.00	
32.00	16.00	
42.00	28.00	28.00	
42.00	28.00	28.00	
32.00	16.00	
32.00	16.00	
48.00	36.00	32.00	
42.00	24.00	20.00	
48.00	36.00	32.00	
42.00	24.00	20.00	
32.00	16.00	
42.00	28.00	28.00	
42.00	32.00	
48.00	36.00	32.00	
42.00	24.00	20.00	
48.00	36.00	32.00	
32.00	16.00	
42.00	32.00	
42.00	28.00	28.00	
42.00	24.00	20.00	
42.00	24.00	20.00	
42.00	20.00	16.00	
32.00	16.00	
48.00	36.00	32.00	
42.00	32.00	
32.00	16.00	
42.00	20.00	16.00	
42.00	28.00	28.00	
32.00	16.00	
42.00	20.00	16.00	
48.00	36.00	32.00	
42.00	24.00	20.00	
48.00	36.00	32.00	
32.00	16.00	
42.00	32.00	
42.00	24.00	20.00	
42.00	32.00	
42.00	28.00	28.00	
42.00	24.00	20.00	
42.00	28.00	28.00	
42.00	32.00	
32.00	16.00	
48.00	36.00	32.00	
42.00	32.00	
48.00	36.00	32.00	
42.00	32.00	
42.00	32.00	
42.00	32.00	
42.00	32.00	
48.00	36.00	32.00	
48.00	36.00	32.00	
42.00	28.00	28.00	
32.00	16.00	
42.00	24.00	20.00	
42.00	20.00	16.00	
48.00	36.00	32.00	
32.00	16.00	
32.00	16.00	
32.00	16.00	
48.00	36.00	32.00	
42.00	20.00	16.00	
32.00	16.00	
42.00	32.00	
42.00	20.00	16.00	
42.00	28.00	28.00	
48.00	36.00	32.00	
42.00	20.00	16.00	
42.00	28.00	28.00	
42.00	32.00	
42.00	24.00	20.00	
32.00	16.00	
32.00	16.00	
42.00	28.00	28.00	
32.00	16.00	
42.00	24.00	20.00	
48.00	36.00	32.00	
42.00	20.00	16.00	
42.00	24.00	20.00	
42.00	28.00	28.00	
42.00	32.00	
32.00	16.00	
42.00	20.00	16.00	
42.00	32.00	
48.00	36.00	32.00	
32.00	16.00	
48.00	36.00	32.00	
42.00	32.00	
42.00	28.00	28.00	
42.00	24.00	20.00	
42.00	20.00	16.00	
42.00	24.00	20.00	
42.00	24.00	20.00	
32.00	16.00	
42.00	32.00	
48.00	36.00	32.00	
42.00	24.00	20.00	
32.00	16.00	
42.00	32.00	
42.00	20.00	16.00	
42.00	20.00	16.00	
42.00	20.00	16.00	
42.00	24.00	20.00	
42.00	32.00	
42.00	24.00	20.00	
42.00	24.00	20.00	
42.00	32.00	
42.00	24.00	20.00	
42.00	24.00	20.00	
42.00	28.00	28.00	
32.00	16.00	
42.00	28.00	28.00	
42.00	28.00	28.00	
42.00	32.00	
48.00	36.00	32.00	
42.00	28.00	28.00	
32.00	16.00	
48.00	36.00	32.00	
3.00	3.00	3.00	3.00	3.00	3.00	3.00	3.00	3.00	3.00	3.00	3.00	3.00	3.00	3.00	3.00	3.00	3.00	3.00	3.00	3.00	3.00	3.00	3.00	3.00	3.00	3.00	3.00	3.00	3.00	3.00	3.00	3.00	3.00	3.00	3.00	3.00	3.00	3.00	3.00	3.00	3.00	3.00	3.00	3.00	3.00	3.00	3.00	3.00	3.00	3.00	3.00	3.00	3.00	3.00	3.00	3.00	3.00	3.00	3.00	3.00	3.00	3.00	3.00	3.00	3.00	3.00	3.00	3.00	3.00	3.00	3.00	3.00	3.00	3.00	3.00	3.00	3.00	3.00	3.00	3.00	3.00	3.00	3.00	3.00	3.00	3.00	3.00	3.00	3.00	3.00	3.00	3.00	3.00	3.00	3.00	3.00	3.00	3.00	3.00	3.00	3.00	3.00	3.00	3.00	3.00	3.00	3.00	3.00	3.00	3.00	3.00	3.00	3.00	3.00	3.00	3.00	3.00	3.00	3.00	3.00	3.00	3.00	3.00	3.00	3.00	3.00	3.00	3.00	3.00	3.00	3.00	3.00	3.00	3.00	3.00	3.00	3.00	3.00	3.00	3.00	3.00	3.00	3.00	3.00	3.00	3.00	3.00	3.00	3.00	3.00	3.00	3.00	3.00	3.00	3.00	3.00	3.00	3.00	3.00	3.00	3.00	3.00	3.00	3.00	3.00	3.00	3.00	3.00	3.00	3.00	3.00	3.00	3.00	3.00	3.00	3.00	3.00	3.00	3.00	3.00	3.00	3.00	3.00	3.00	3.00	3.00	3.00	3.00	3.00	3.00	3.00	3.00	3.00	3.00	3.00	3.00	3.00	3.00	3.00	3.00	3.00	3.00	3.00	3.00	3.00	3.00	3.00	3.00	3.00	3.00	3.00	3.00	3.00	3.00	3.00	3.00	3.00	3.00	3.00	3.00	3.00	3.00	3.00	3.00	3.00	3.00	3.00	3.00	3.00	3.00	3.00	3.00	3.00	3.00	3.00	3.00	3.00	3.00	3.00	3.00	3.00	3.00	3.00	3.00	3.00	3.00	3.00	3.00	3.00	3.00	3.00	3.00	3.00	3.00	3.00	3.00	3.00	3.00	3.00	3.00	3.00	3.00	3.00	3.00	3.00	3.00	3.00	3.00	3.00	3.00	3.00	3.00	3.00	3.00	3.00	3.00	3.00	3.00	3.00	3.00	3.00	3.00	3.00	3.00	3.00	3.00	3.00	3.00	3.00	3.00	3.00	3.00	3.00	3.00	3.00	3.00	3.00	3.00	3.00	
5.00	5.00	5.00	5.00	5.00	5.00	5.00	5.00	5.00	5.00	5.00	5.00	5.00	5.00	5.00	5.00	5.00	5.00	5.00	5.00	5.00	5.00	5.00	5.00	5.00	5.00	5.00	5.00	5.00	5.00	5.00	5.00	5.00	5.00	5.00	5.00	5.00	5.00	5.00	5.00	5.00	5.00	5.00	5.00	5.00	5.00	5.00	5.00	5.00	5.00	5.00	5.00	5.00	5.00	5.00	5.00	5.00	5.00	5.00	5.00	5.00	5.00	5.00	5.00	5.00	5.00	5.00	5.00	5.00	5.00	5.00	5.00	5.00	5.00	5.00	5.00	5.00	5.00	5.00	5.00	5.00	5.00	5.00	5.00	5.00	5.00	5.00	5.00	5.00	5.00	5.00	5.00	5.00	5.00	5.00	5.00	5.00	5.00	5.00	5.00	5.00	5.00	5.00	5.00	5.00	5.00	5.00	5.00	5.00	5.00	5.00	5.00	5.00	5.00	5.00	5.00	5.00	5.00	5.00	5.00	5.00	5.00	5.00	5.00	5.00	5.00	5.00	5.00	5.00	5.00	5.00	5.00	5.00	5.00	5.00	5.00	5.00	5.00	5.00	5.00	5.00	5.00	5.00	5.00	5.00	5.00	5.00	5.00	5.00	5.00	5.00	5.00	5.00	5.00	5.00	5.00	5.00	5.00	5.00	5.00	5.00	5.00	5.00	5.00	5.00	5.00	5.00	5.00	5.00	5.00	5.00	5.00	5.00	5.00	5.00	5.00	5.00	5.00	5.00	5.00	5.00	5.00	5.00	5.00	5.00	5.00	5.00	5.00	5.00	5.00	5.00	5.00	5.00	5.00	5.00	5.00	5.00	5.00	5.00	5.00	5.00	5.00	5.00	5.00	5.00	5.00	5.00	5.00	5.00	5.00	5.00	5.00	5.00	5.00	5.00	5.00	5.00	5.00	5.00	5.00	5.00	5.00	5.00	5.00	5.00	5.00	5.00	5.00	5.00	5.00	5.00	5.00	5.00	5.00	5.00	5.00	5.00	5.00	5.00	5.00	5.00	5.00	5.00	5.00	5.00	5.00	5.00	5.00	5.00	5.00	5.00	5.00	5.00	5.00	5.00	5.00	5.00	5.00	5.00	5.00	5.00	5.00	5.00	5.00	5.00	5.00	5.00	5.00	5.00	5.00	5.00	5.00	5.00	5.00	5.00	5.00	5.00	5.00	5.00	5.00	5.00	5.00	5.00	5.00	5.00	5.00	5.00	5.00	5.00	5.00	5.00	5.00	5.00	5.00	5.00	5.00	5.00	5.00	5.00	5.00	
1.00	1.00	1.00	1.00	1.00	1.00	1.00	1.00	1.00	1.00	1.00	1.00	1.00	1.00	
1	2	2	2	2	2	1	1	1	2	2	2	2	2	1	2	2	1	1	1	2	2	1	2	2	2	1	1	2	2	1	2	2	1	1	1	2	2	1	2	1	1	2	1	1	1	1	1	2	2	2	1	2	2	1	2	2	1	2	2	2	2	1	2	1	2	1	2	2	2	1	2	1	2	2	2	1	1	2	1	1	2	2	1	2	1	1	1	1	1	2	1	1	1	2	2	2	2	2	2	1	1	1	2	2	1	2	2	2	1	2	2	1	1	2	1	2	1	1	1	1	3	2	1	1	1	5	2	5	5	2	5	2	2	2	2	2	2	1	5	1	2	1	4	2	5	1	4	1	1	2	1	1	1	5	2	4	2	2	3	1	2	3	5	5	4	3	5	5	3	4	3	4	4	5	5	4	3	3	3	3	3	3	4	5	4	4	4	5	4	5	5	4	5	4	4	5	3	4	3	5	5	5	5	4	4	3	3	3	5	4	5	3	5	3	4	5	3	3	3	3	3	5	5	4	4	4	3	5	5	3	4	5	3	3	5	5	5	5	41	47	5	71	51	5	5	4	4	4	69	5	86	60	5	3	3	35	3	88	82	42	54	84	37	48	99	80	83	80	35	82	75	45	79	32	87	41	30	76	94	47	61	64	72	43	70	37	82	68	51	100	59	88	61	72	84	65	32	32	79	
1	1	1	1	1	1	1	1	1	1	1	1	1	1	1	1	1	1	1	1	1	1	1	1	1	1	1	1	1	1	1	1	2	2	2	2	2	2	2	2	2	2	2	2	2	2	2	2	2	2	2	2	2	2	2	2	2	2	2	2	2	2	2	2	2	3	3	3	3	3	3	3	3	3	3	3	3	3	3	3	3	3	3	3	3	3	3	3	3	3	3	3	4	4	4	4	4	4	4	4	4	4	4	4	4	4	4	4	4	4	4	4	4	4	4	4	4	4	4	4	5	5	5	5	5	5	5	5	5	5	5	5	5	5	5	5	5	5	5	5	5	5	5	5	5	5	5	5	5	5	5	5	5	5	5	5	5	5	5	5	5	5	5	5	6	6	6	6	6	6	6	6	6	6	6	6	6	6	6	6	6	6	6	6	6	6	6	6	6	6	6	7	7	7	7	7	7	7	7	7	7	7	7	7	7	7	7	8	8	8	8	8	8	8	8	8	8	8	8	8	8	8	8	8	8	9	9	9	9	9	9	9	9	9	9	9	9	9	10	10	10	10	10	10	10	10	10	10	10	10	10	10	10	10	10	10	10	10	10	11	11	11	11	11	11	11	12	12	12	12	12	12	13	13	13	13	13	13	13	13	13	13	13	13	13	13	13	14	14	14	14	14	14	14	14	14	14	14	14	14	
