300
14	2
332	1.00
3	3	2	3	3	3	2	3	3	2	3	2	3	2	3	2	3	3	3	3	3	3	3	2	2	2	2	2	3	3	2	3	3	3	3	2	3	3	3	3	2	2	2	3	3	3	3	3	3	3	3	3	2	3	3	3	3	3	3	2	3	3	2	3	2	2	2	2	3	3	3	3	2	3	3	2	3	2	2	3	3	2	2	3	3	3	2	3	3	3	2	3	3	3	3	3	2	3	2	2	3	3	3	3	3	3	2	2	3	2	2	3	2	2	2	3	3	2	2	3	3	2	3	3	3	3	2	2	3	3	3	3	2	2	2	3	3	2	3	3	3	3	3	3	3	3	2	3	3	3	2	2	3	3	2	3	2	3	3	3	3	2	3	2	3	2	3	3	2	2	3	3	2	3	3	3	3	2	3	3	3	3	2	2	3	3	3	3	3	3	3	3	2	2	3	3	3	3	2	3	3	3	2	3	3	3	3	3	2	2	3	3	3	3	3	2	3	3	2	3	3	3	3	3	3	3	2	3	3	2	3	3	3	2	3	3	3	3	3	3	3	3	3	2	3	3	3	3	2	3	3	3	3	3	3	3	3	3	2	3	3	3	3	3	2	3	2	3	3	2	2	2	3	3	3	3	2	3	3	3	2	3	3	3	3	2	2	3	3	2	2	2	2	2	3	3	3	2	3	3	
2	3	4	
2	6	7	
0	1	
1	2	3	
2	3	4	
2	3	4	
0	1	
2	6	7	
1	2	3	
1	3	
1	2	3	
1	3	
2	3	4	
1	3	
1	2	3	
1	3	
2	6	7	
1	2	3	
2	3	4	
1	2	3	
2	6	7	
2	3	4	
1	2	3	
1	3	
0	1	
1	3	
1	3	
0	1	
2	3	4	
2	6	7	
0	1	
1	2	3	
1	2	3	
2	3	4	
1	2	3	
0	1	
2	3	4	
2	3	4	
1	2	3	
2	3	4	
0	1	
1	3	
0	1	
1	2	3	
2	3	4	
1	2	3	
2	3	4	
2	3	4	
2	6	7	
2	6	7	
1	2	3	
1	2	3	
1	3	
1	2	3	
1	2	3	
2	6	7	
1	2	3	
1	2	3	
2	6	7	
0	1	
2	3	4	
2	6	7	
1	3	
2	6	7	
1	3	
0	1	
0	1	
0	1	
2	6	7	
2	3	4	
1	2	3	
2	3	4	
0	1	
1	2	3	
1	2	3	
1	3	
1	2	3	
0	1	
0	1	
2	6	7	
2	3	4	
0	1	
0	1	
1	2	3	
2	3	4	
2	3	4	
0	1	
1	2	3	
1	2	3	
1	2	3	
0	1	
2	6	7	
2	3	4	
2	3	4	
1	2	3	
1	2	3	
0	1	
1	2	3	
0	1	
0	1	
1	2	3	
1	2	3	
2	6	7	
2	3	4	
1	2	3	
1	2	3	
1	3	
0	1	
2	6	7	
1	3	
0	1	
2	6	7	
0	1	
1	3	
0	1	
1	2	3	
1	2	3	
1	3	
0	1	
2	3	4	
1	2	3	
1	3	
2	6	7	
1	2	3	
1	2	3	
2	3	4	
1	3	
0	1	
1	2	3	
2	3	4	
2	3	4	
2	3	4	
1	3	
0	1	
1	3	
1	2	3	
1	2	3	
0	1	
1	2	3	
2	3	4	
1	2	3	
2	6	7	
1	2	3	
2	6	7	
2	6	7	
1	2	3	
0	1	
1	2	3	
2	6	7	
1	2	3	
1	3	
1	3	
1	2	3	
2	6	7	
1	3	
1	2	3	
1	3	
1	2	3	
2	6	7	
1	2	3	
1	2	3	
1	3	
1	2	3	
1	3	
1	2	3	
1	3	
2	3	4	
2	3	4	
1	3	
1	3	
2	3	4	
2	6	7	
1	3	
1	2	3	
1	2	3	
1	2	3	
2	3	4	
0	1	
2	3	4	
2	6	7	
1	2	3	
2	6	7	
0	1	
1	3	
2	3	4	
1	2	3	
1	2	3	
1	2	3	
2	3	4	
1	2	3	
1	2	3	
1	2	3	
1	3	
0	1	
1	2	3	
2	6	7	
1	2	3	
1	2	3	
1	3	
2	3	4	
1	2	3	
1	2	3	
0	1	
2	3	4	
1	2	3	
2	3	4	
2	3	4	
1	2	3	
1	3	
0	1	
1	2	3	
1	2	3	
2	6	7	
2	6	7	
2	3	4	
0	1	
1	2	3	
1	2	3	
0	1	
1	2	3	
2	6	7	
1	2	3	
1	2	3	
1	2	3	
1	2	3	
1	2	3	
1	3	
1	2	3	
1	2	3	
0	1	
2	3	4	
1	2	3	
2	6	7	
0	1	
1	2	3	
2	6	7	
1	2	3	
1	2	3	
2	6	7	
2	3	4	
1	2	3	
1	2	3	
2	3	4	
0	1	
2	6	7	
2	3	4	
2	3	4	
1	2	3	
1	3	
2	3	4	
2	3	4	
1	2	3	
2	3	4	
1	2	3	
1	2	3	
1	2	3	
2	3	4	
2	3	4	
1	3	
1	2	3	
1	2	3	
2	6	7	
2	6	7	
2	6	7	
1	3	
1	2	3	
1	3	
1	2	3	
2	6	7	
1	3	
1	3	
0	1	
1	2	3	
2	3	4	
2	3	4	
2	3	4	
0	1	
1	2	3	
2	6	7	
1	2	3	
1	3	
1	2	3	
1	2	3	
1	2	3	
1	2	3	
1	3	
0	1	
1	2	3	
1	2	3	
0	1	
0	1	
0	1	
1	3	
0	1	
1	2	3	
2	6	7	
1	2	3	
1	3	
2	6	7	
2	3	4	
42.00	28.00	28.00	
48.00	36.00	32.00	
32.00	16.00	
42.00	24.00	20.00	
42.00	28.00	28.00	
42.00	28.00	28.00	
32.00	16.00	
48.00	36.00	32.00	
42.00	20.00	16.00	
42.00	32.00	
42.00	20.00	16.00	
42.00	32.00	
42.00	28.00	28.00	
42.00	32.00	
42.00	20.00	16.00	
42.00	32.00	
48.00	36.00	32.00	
42.00	24.00	20.00	
42.00	28.00	28.00	
42.00	20.00	16.00	
48.00	36.00	32.00	
42.00	28.00	28.00	
42.00	20.00	16.00	
42.00	32.00	
32.00	16.00	
42.00	32.00	
42.00	32.00	
32.00	16.00	
42.00	28.00	28.00	
48.00	36.00	32.00	
32.00	16.00	
42.00	20.00	16.00	
42.00	24.00	20.00	
42.00	28.00	28.00	
42.00	24.00	20.00	
32.00	16.00	
42.00	28.00	28.00	
42.00	28.00	28.00	
42.00	24.00	20.00	
42.00	28.00	28.00	
32.00	16.00	
42.00	32.00	
32.00	16.00	
42.00	20.00	16.00	
42.00	28.00	28.00	
42.00	24.00	20.00	
42.00	28.00	28.00	
42.00	28.00	28.00	
48.00	36.00	32.00	
48.00	36.00	32.00	
42.00	24.00	20.00	
42.00	20.00	16.00	
42.00	32.00	
42.00	24.00	20.00	
42.00	24.00	20.00	
48.00	36.00	32.00	
42.00	20.00	16.00	
42.00	24.00	20.00	
48.00	36.00	32.00	
32.00	16.00	
42.00	28.00	28.00	
48.00	36.00	32.00	
42.00	32.00	
48.00	36.00	32.00	
42.00	32.00	
32.00	16.00	
32.00	16.00	
32.00	16.00	
48.00	36.00	32.00	
42.00	28.00	28.00	
42.00	24.00	20.00	
42.00	28.00	28.00	
32.00	16.00	
42.00	20.00	16.00	
42.00	20.00	16.00	
42.00	32.00	
42.00	24.00	20.00	
32.00	16.00	
32.00	16.00	
48.00	36.00	32.00	
42.00	28.00	28.00	
32.00	16.00	
32.00	16.00	
42.00	20.00	16.00	
42.00	28.00	28.00	
42.00	28.00	28.00	
32.00	16.00	
42.00	24.00	20.00	
42.00	24.00	20.00	
42.00	20.00	16.00	
32.00	16.00	
48.00	36.00	32.00	
42.00	28.00	28.00	
42.00	28.00	28.00	
42.00	24.00	20.00	
42.00	20.00	16.00	
32.00	16.00	
42.00	20.00	16.00	
32.00	16.00	
32.00	16.00	
42.00	20.00	16.00	
42.00	24.00	20.00	
48.00	36.00	32.00	
42.00	28.00	28.00	
42.00	24.00	20.00	
42.00	20.00	16.00	
42.00	32.00	
32.00	16.00	
48.00	36.00	32.00	
42.00	32.00	
32.00	16.00	
48.00	36.00	32.00	
32.00	16.00	
42.00	32.00	
32.00	16.00	
42.00	24.00	20.00	
42.00	20.00	16.00	
42.00	32.00	
32.00	16.00	
42.00	28.00	28.00	
42.00	24.00	20.00	
42.00	32.00	
48.00	36.00	32.00	
42.00	20.00	16.00	
42.00	24.00	20.00	
42.00	28.00	28.00	
42.00	32.00	
32.00	16.00	
42.00	24.00	20.00	
42.00	28.00	28.00	
42.00	28.00	28.00	
42.00	28.00	28.00	
42.00	32.00	
32.00	16.00	
42.00	32.00	
42.00	24.00	20.00	
42.00	20.00	16.00	
32.00	16.00	
42.00	24.00	20.00	
42.00	28.00	28.00	
42.00	24.00	20.00	
48.00	36.00	32.00	
42.00	20.00	16.00	
48.00	36.00	32.00	
48.00	36.00	32.00	
42.00	24.00	20.00	
32.00	16.00	
42.00	20.00	16.00	
48.00	36.00	32.00	
42.00	20.00	16.00	
42.00	32.00	
42.00	32.00	
42.00	24.00	20.00	
48.00	36.00	32.00	
42.00	32.00	
42.00	24.00	20.00	
42.00	32.00	
42.00	24.00	20.00	
48.00	36.00	32.00	
42.00	24.00	20.00	
42.00	20.00	16.00	
42.00	32.00	
42.00	24.00	20.00	
42.00	32.00	
42.00	20.00	16.00	
42.00	32.00	
42.00	28.00	28.00	
42.00	28.00	28.00	
42.00	32.00	
42.00	32.00	
42.00	28.00	28.00	
48.00	36.00	32.00	
42.00	32.00	
42.00	24.00	20.00	
42.00	20.00	16.00	
42.00	24.00	20.00	
42.00	28.00	28.00	
32.00	16.00	
42.00	28.00	28.00	
48.00	36.00	32.00	
42.00	20.00	16.00	
48.00	36.00	32.00	
32.00	16.00	
42.00	32.00	
42.00	28.00	28.00	
42.00	24.00	20.00	
42.00	24.00	20.00	
42.00	20.00	16.00	
42.00	28.00	28.00	
42.00	20.00	16.00	
42.00	20.00	16.00	
42.00	20.00	16.00	
42.00	32.00	
32.00	16.00	
42.00	20.00	16.00	
48.00	36.00	32.00	
42.00	24.00	20.00	
42.00	20.00	16.00	
42.00	32.00	
42.00	28.00	28.00	
42.00	24.00	20.00	
42.00	20.00	16.00	
32.00	16.00	
42.00	28.00	28.00	
42.00	20.00	16.00	
42.00	28.00	28.00	
42.00	28.00	28.00	
42.00	24.00	20.00	
42.00	32.00	
32.00	16.00	
42.00	20.00	16.00	
42.00	20.00	16.00	
48.00	36.00	32.00	
48.00	36.00	32.00	
42.00	28.00	28.00	
32.00	16.00	
42.00	24.00	20.00	
42.00	24.00	20.00	
32.00	16.00	
42.00	24.00	20.00	
48.00	36.00	32.00	
42.00	24.00	20.00	
42.00	20.00	16.00	
42.00	20.00	16.00	
42.00	20.00	16.00	
42.00	24.00	20.00	
42.00	32.00	
42.00	24.00	20.00	
42.00	24.00	20.00	
32.00	16.00	
42.00	28.00	28.00	
42.00	20.00	16.00	
48.00	36.00	32.00	
32.00	16.00	
42.00	20.00	16.00	
48.00	36.00	32.00	
42.00	20.00	16.00	
42.00	20.00	16.00	
48.00	36.00	32.00	
42.00	28.00	28.00	
42.00	24.00	20.00	
42.00	20.00	16.00	
42.00	28.00	28.00	
32.00	16.00	
48.00	36.00	32.00	
42.00	28.00	28.00	
42.00	28.00	28.00	
42.00	20.00	16.00	
42.00	32.00	
42.00	28.00	28.00	
42.00	28.00	28.00	
42.00	24.00	20.00	
42.00	28.00	28.00	
42.00	24.00	20.00	
42.00	24.00	20.00	
42.00	20.00	16.00	
42.00	28.00	28.00	
42.00	28.00	28.00	
42.00	32.00	
42.00	24.00	20.00	
42.00	24.00	20.00	
48.00	36.00	32.00	
48.00	36.00	32.00	
48.00	36.00	32.00	
42.00	32.00	
42.00	20.00	16.00	
42.00	32.00	
42.00	24.00	20.00	
48.00	36.00	32.00	
42.00	32.00	
42.00	32.00	
32.00	16.00	
42.00	24.00	20.00	
42.00	28.00	28.00	
42.00	28.00	28.00	
42.00	28.00	28.00	
32.00	16.00	
42.00	24.00	20.00	
48.00	36.00	32.00	
42.00	24.00	20.00	
42.00	32.00	
42.00	20.00	16.00	
42.00	24.00	20.00	
42.00	20.00	16.00	
42.00	24.00	20.00	
42.00	32.00	
32.00	16.00	
42.00	20.00	16.00	
42.00	20.00	16.00	
32.00	16.00	
32.00	16.00	
32.00	16.00	
42.00	32.00	
32.00	16.00	
42.00	20.00	16.00	
48.00	36.00	32.00	
42.00	24.00	20.00	
42.00	32.00	
48.00	36.00	32.00	
42.00	28.00	28.00	
3.00	3.00	3.00	3.00	3.00	3.00	3.00	3.00	3.00	3.00	3.00	3.00	3.00	3.00	3.00	3.00	3.00	3.00	3.00	3.00	3.00	3.00	3.00	3.00	3.00	3.00	3.00	3.00	3.00	3.00	3.00	3.00	3.00	3.00	3.00	3.00	3.00	3.00	3.00	3.00	3.00	3.00	3.00	3.00	3.00	3.00	3.00	3.00	3.00	3.00	3.00	3.00	3.00	3.00	3.00	3.00	3.00	3.00	3.00	3.00	3.00	3.00	3.00	3.00	3.00	3.00	3.00	3.00	3.00	3.00	3.00	3.00	3.00	3.00	3.00	3.00	3.00	3.00	3.00	3.00	3.00	3.00	3.00	3.00	3.00	3.00	3.00	3.00	3.00	3.00	3.00	3.00	3.00	3.00	3.00	3.00	3.00	3.00	3.00	3.00	3.00	3.00	3.00	3.00	3.00	3.00	3.00	3.00	3.00	3.00	3.00	3.00	3.00	3.00	3.00	3.00	3.00	3.00	3.00	3.00	3.00	3.00	3.00	3.00	3.00	3.00	3.00	3.00	3.00	3.00	3.00	3.00	3.00	3.00	3.00	3.00	3.00	3.00	3.00	3.00	3.00	3.00	3.00	3.00	3.00	3.00	3.00	3.00	3.00	3.00	3.00	3.00	3.00	3.00	3.00	3.00	3.00	3.00	3.00	3.00	3.00	3.00	3.00	3.00	3.00	3.00	3.00	3.00	3.00	3.00	3.00	3.00	3.00	3.00	3.00	3.00	3.00	3.00	3.00	3.00	3.00	3.00	3.00	3.00	3.00	3.00	3.00	3.00	3.00	3.00	3.00	3.00	3.00	3.00	3.00	3.00	3.00	3.00	3.00	3.00	3.00	3.00	3.00	3.00	3.00	3.00	3.00	3.00	3.00	3.00	3.00	3.00	3.00	3.00	3.00	3.00	3.00	3.00	3.00	3.00	3.00	3.00	3.00	3.00	3.00	3.00	3.00	3.00	3.00	3.00	3.00	3.00	3.00	3.00	3.00	3.00	3.00	3.00	3.00	3.00	3.00	3.00	3.00	3.00	3.00	3.00	3.00	3.00	3.00	3.00	3.00	3.00	3.00	3.00	3.00	3.00	3.00	3.00	3.00	3.00	3.00	3.00	3.00	3.00	3.00	3.00	3.00	3.00	3.00	3.00	3.00	3.00	3.00	3.00	3.00	3.00	3.00	3.00	3.00	3.00	3.00	3.00	3.00	3.00	3.00	3.00	3.00	3.00	3.00	3.00	3.00	3.00	3.00	3.00	3.00	3.00	3.00	3.00	3.00	3.00	
5.00	5.00	5.00	5.00	5.00	5.00	5.00	5.00	5.00	5.00	5.00	5.00	5.00	5.00	5.00	5.00	5.00	5.00	5.00	5.00	5.00	5.00	5.00	5.00	5.00	5.00	5.00	5.00	5.00	5.00	5.00	5.00	5.00	5.00	5.00	5.00	5.00	5.00	5.00	5.00	5.00	5.00	5.00	5.00	5.00	5.00	5.00	5.00	5.00	5.00	5.00	5.00	5.00	5.00	5.00	5.00	5.00	5.00	5.00	5.00	5.00	5.00	5.00	5.00	5.00	5.00	5.00	5.00	5.00	5.00	5.00	5.00	5.00	5.00	5.00	5.00	5.00	5.00	5.00	5.00	5.00	5.00	5.00	5.00	5.00	5.00	5.00	5.00	5.00	5.00	5.00	5.00	5.00	5.00	5.00	5.00	5.00	5.00	5.00	5.00	5.00	5.00	5.00	5.00	5.00	5.00	5.00	5.00	5.00	5.00	5.00	5.00	5.00	5.00	5.00	5.00	5.00	5.00	5.00	5.00	5.00	5.00	5.00	5.00	5.00	5.00	5.00	5.00	5.00	5.00	5.00	5.00	5.00	5.00	5.00	5.00	5.00	5.00	5.00	5.00	5.00	5.00	5.00	5.00	5.00	5.00	5.00	5.00	5.00	5.00	5.00	5.00	5.00	5.00	5.00	5.00	5.00	5.00	5.00	5.00	5.00	5.00	5.00	5.00	5.00	5.00	5.00	5.00	5.00	5.00	5.00	5.00	5.00	5.00	5.00	5.00	5.00	5.00	5.00	5.00	5.00	5.00	5.00	5.00	5.00	5.00	5.00	5.00	5.00	5.00	5.00	5.00	5.00	5.00	5.00	5.00	5.00	5.00	5.00	5.00	5.00	5.00	5.00	5.00	5.00	5.00	5.00	5.00	5.00	5.00	5.00	5.00	5.00	5.00	5.00	5.00	5.00	5.00	5.00	5.00	5.00	5.00	5.00	5.00	5.00	5.00	5.00	5.00	5.00	5.00	5.00	5.00	5.00	5.00	5.00	5.00	5.00	5.00	5.00	5.00	5.00	5.00	5.00	5.00	5.00	5.00	5.00	5.00	5.00	5.00	5.00	5.00	5.00	5.00	5.00	5.00	5.00	5.00	5.00	5.00	5.00	5.00	5.00	5.00	5.00	5.00	5.00	5.00	5.00	5.00	5.00	5.00	5.00	5.00	5.00	5.00	5.00	5.00	5.00	5.00	5.00	5.00	5.00	5.00	5.00	5.00	5.00	5.00	5.00	5.00	5.00	5.00	5.00	5.00	5.00	5.00	5.00	5.00	5.00	5.00	
1.00	1.00	1.00	1.00	1.00	1.00	1.00	1.00	1.00	1.00	1.00	1.00	1.00	1.00	
2	1	2	2	2	1	2	2	2	1	1	2	2	2	1	1	2	2	2	1	2	2	1	2	2	2	2	2	2	2	1	1	1	2	1	2	1	2	1	1	1	2	2	2	1	1	1	1	2	2	2	1	2	1	2	2	2	2	2	1	2	2	1	2	1	1	1	1	1	1	1	1	1	1	2	1	1	1	2	1	2	2	1	2	1	1	1	1	1	1	2	1	1	2	1	1	2	1	2	2	2	1	2	2	1	1	1	1	1	2	1	2	2	2	2	1	1	2	1	2	2	2	2	2	1	3	3	3	2	5	1	1	2	5	3	2	2	1	2	2	1	4	4	1	1	1	5	2	1	4	4	4	3	1	2	1	2	5	1	4	2	2	2	2	3	2	5	5	5	5	4	5	4	4	4	5	4	5	5	3	5	4	5	4	4	5	4	3	5	3	3	4	3	3	3	3	3	4	3	5	5	4	5	3	4	4	5	3	4	3	4	3	5	3	4	4	5	4	5	3	4	4	3	4	3	3	5	4	5	4	5	5	4	5	5	5	4	90	64	78	86	41	3	4	5	3	4	65	3	35	3	5	96	5	3	54	4	4	43	4	95	36	54	69	45	61	67	92	43	51	91	83	67	48	94	72	41	31	84	73	72	35	36	49	58	76	30	46	85	86	72	75	40	79	87	44	99	78	88	34	
1	1	1	1	1	1	1	1	1	1	1	1	1	1	1	1	1	1	1	1	1	1	1	1	1	1	1	1	1	1	1	2	2	2	2	2	2	2	2	2	2	2	2	2	2	2	2	2	2	2	2	2	2	2	2	2	2	2	2	2	2	3	3	3	3	3	3	3	3	3	3	3	3	3	3	3	3	3	3	3	3	3	3	3	3	3	3	3	4	4	4	4	4	4	4	4	4	4	4	4	4	4	4	4	4	4	4	4	4	4	4	4	4	4	4	4	4	5	5	5	5	5	5	5	5	5	5	5	5	5	5	5	5	5	5	5	5	5	5	5	5	5	5	5	5	5	5	5	5	5	5	5	5	5	5	5	5	5	5	5	5	5	5	5	5	5	6	6	6	6	6	6	6	6	6	6	6	6	6	6	6	6	6	6	6	6	6	7	7	7	7	7	7	7	7	7	7	8	8	8	8	8	8	8	8	8	8	8	8	8	8	8	8	8	8	9	9	9	9	9	9	9	9	9	9	9	9	9	9	9	9	9	9	9	9	9	10	10	10	10	10	10	10	10	10	10	10	10	10	10	10	10	10	10	10	10	10	10	10	10	11	11	11	11	11	11	11	11	11	12	12	12	12	12	12	12	13	13	13	13	13	13	13	13	13	13	13	13	13	13	14	14	14	14	14	14	14	14	14	14	
