1000
30	2
538	11
31	31	29	27	27	27	28	29	26	30	26	29	28	30	30	30	30	28	30	31	28	31	29	30	28	31	28	29	27	29	30	31	28	26	28	27	29	28	28	31	27	26	31	28	29	31	30	31	26	31	26	31	26	30	28	28	29	31	26	28	31	26	29	28	27	30	30	28	29	28	31	27	28	28	26	27	29	31	30	29	27	28	31	31	31	30	30	31	27	29	29	31	26	31	30	28	26	27	30	30	31	30	27	27	27	27	27	28	27	30	29	28	27	26	30	26	28	29	27	31	28	31	31	29	26	29	29	27	31	30	26	27	29	31	26	31	30	27	29	27	29	29	27	31	29	30	29	27	30	28	30	27	29	29	31	27	31	26	26	28	30	28	31	31	31	27	29	27	27	26	26	26	27	31	28	31	30	30	28	26	26	31	29	28	27	30	28	29	29	30	29	31	26	29	28	28	27	29	27	29	29	27	29	29	31	31	30	30	26	31	27	31	31	27	27	30	30	30	28	27	28	26	28	30	26	28	27	27	27	28	30	31	31	30	30	31	31	31	29	26	30	30	30	26	30	29	28	28	30	30	30	28	31	28	29	30	29	26	26	26	27	27	29	29	28	31	30	31	30	31	31	30	30	27	29	28	30	26	29	31	26	29	28	28	30	31	31	31	30	29	27	31	29	29	28	31	27	30	31	27	27	30	30	31	29	29	27	28	31	27	31	29	29	29	29	26	31	31	29	28	26	31	26	29	31	27	31	27	28	28	27	31	31	27	31	28	26	31	29	29	29	26	29	29	30	30	31	29	26	26	31	31	30	26	27	28	27	27	26	27	30	30	30	26	28	29	26	27	27	29	30	28	27	30	28	31	31	29	31	29	27	29	29	31	30	28	29	30	27	30	26	31	27	26	26	28	27	30	29	29	27	31	26	28	28	30	26	27	30	28	31	30	30	28	26	29	31	29	29	29	31	26	27	31	28	29	27	31	30	29	28	30	26	26	30	29	26	26	29	29	31	26	30	26	29	26	31	26	29	31	27	30	28	26	27	26	31	26	29	26	28	31	28	28	28	31	29	26	27	26	27	28	27	29	30	26	28	27	29	29	28	31	30	29	28	28	26	26	30	31	26	29	31	29	30	27	31	27	31	29	29	29	28	26	28	27	28	31	26	30	31	30	28	29	29	28	29	31	29	31	29	28	29	29	31	31	26	27	28	30	31	29	31	26	30	28	31	31	27	28	31	26	31	31	31	26	30	26	30	31	29	26	31	26	31	29	30	27	27	27	26	31	31	28	31	30	30	29	27	30	29	27	27	30	28	31	26	29	29	28	28	30	31	31	31	29	30	31	28	28	27	27	31	28	26	31	26	29	28	29	31	26	29	29	29	27	27	28	26	27	31	30	31	26	31	28	26	28	28	27	27	27	30	27	31	28	31	27	29	27	31	28	29	30	28	26	31	30	27	28	27	29	30	26	28	31	31	29	27	31	26	30	28	31	29	27	28	26	29	26	26	26	26	31	30	29	28	29	29	26	31	29	31	28	26	28	28	28	31	29	30	29	29	26	30	27	29	30	28	30	27	29	27	27	26	27	31	29	28	26	27	30	29	27	31	29	29	30	29	27	31	27	30	31	31	26	30	30	31	30	31	26	27	28	29	28	29	27	26	28	30	28	31	29	30	28	28	31	28	30	27	31	27	26	28	31	31	31	28	29	26	30	27	26	29	31	27	26	31	31	28	26	29	29	28	30	26	27	30	30	27	31	30	30	28	27	28	28	30	28	29	26	29	28	26	26	29	31	26	28	27	31	28	29	30	30	30	31	30	27	28	31	31	26	30	27	30	26	28	29	31	31	31	29	30	26	28	30	31	31	28	27	31	26	31	26	26	27	30	31	28	31	31	29	31	28	31	28	26	30	28	27	28	30	27	29	26	29	29	27	30	26	28	26	27	30	30	26	28	31	30	30	26	28	29	31	28	28	31	27	29	27	31	29	26	26	27	30	31	27	29	26	30	29	26	29	26	27	27	31	27	26	31	29	30	30	31	27	30	28	31	29	29	26	30	26	28	27	28	27	29	30	28	26	27	30	26	31	28	31	27	27	26	29	26	26	30	27	29	27	29	31	31	26	31	31	26	26	26	31	28	28	31	31	28	31	29	30	28	27	30	28	30	27	30	28	26	26	31	31	31	26	31	31	26	27	28	31	30	27	26	31	28	29	31	29	26	28	29	26	31	26	30	27	29	30	31	30	30	29	29	30	30	26	27	30	30	31	30	30	
88	83	77	76	90	82	79	87	92	78	81	79	94	82	84	81	78	77	78	93	79	94	87	87	82	85	93	93	88	81	91	81	85	81	77	91	86	93	77	85	83	91	77	94	92	77	79	80	88	91	91	82	90	77	76	88	91	76	84	89	87	91	94	91	82	85	90	81	94	89	85	89	92	91	82	86	79	91	81	79	78	81	93	79	82	94	79	77	91	81	90	94	85	90	87	92	91	92	87	89	76	82	83	93	84	92	86	85	90	79	93	77	89	93	89	85	88	76	81	81	76	92	82	87	89	87	88	93	78	84	83	77	79	93	90	90	81	92	77	84	79	90	81	76	90	87	81	91	85	91	93	92	90	76	86	76	88	78	87	83	78	90	84	92	83	92	79	81	76	77	76	76	76	76	83	78	94	89	93	82	89	91	90	83	78	84	90	86	82	80	79	77	87	81	84	76	90	90	79	87	91	89	81	83	86	81	79	76	77	76	91	80	84	93	85	92	80	78	84	93	78	86	81	90	76	85	79	77	87	88	84	77	94	82	82	92	83	87	92	84	76	81	88	86	93	92	78	94	81	85	81	92	85	89	80	83	82	88	81	76	87	81	89	79	90	92	80	77	93	91	82	89	78	89	80	90	92	77	83	89	90	85	85	82	86	93	83	83	85	85	88	76	88	85	79	76	79	89	82	88	83	91	91	79	82	87	78	89	80	79	82	84	83	94	82	85	80	84	88	83	77	79	78	79	80	89	77	94	80	80	78	86	87	82	79	93	76	90	90	79	92	82	89	87	88	91	90	88	89	90	85	88	90	84	77	89	84	89	91	85	77	91	87	87	89	86	83	85	91	92	80	93	81	85	82	79	76	78	90	78	88	80	81	78	94	78	83	90	81	93	80	82	94	78	84	78	93	80	84	94	82	80	80	79	81	82	85	83	94	94	76	89	87	85	82	86	94	85	88	84	76	92	82	84	91	93	91	79	87	79	80	84	83	79	93	87	76	92	94	92	81	80	77	80	91	77	91	90	89	82	81	81	87	80	93	86	76	86	79	78	81	82	92	80	77	90	87	89	78	78	79	87	91	76	89	91	93	92	91	94	90	91	77	76	91	77	79	79	80	93	86	92	79	87	87	77	80	89	79	76	90	85	87	84	84	77	88	77	84	84	93	81	90	84	92	86	78	84	77	94	76	84	93	91	84	82	79	90	91	93	94	87	83	91	76	92	86	93	81	77	79	93	81	94	77	85	85	85	81	79	85	83	81	87	78	84	78	91	79	76	86	78	84	90	84	85	89	92	94	85	88	90	89	79	89	94	79	88	85	77	79	77	85	77	80	86	87	86	82	87	92	86	91	79	83	91	83	80	92	78	93	78	85	88	86	84	86	78	87	82	81	89	83	90	92	83	90	79	91	77	93	92	90	94	81	94	85	82	87	91	86	91	93	93	85	89	86	84	80	78	77	79	78	80	81	89	86	81	84	79	84	76	85	85	92	76	93	83	93	78	88	76	79	77	89	85	84	90	80	85	90	79	78	81	93	88	91	76	84	94	92	85	92	78	87	85	94	92	84	86	85	80	78	77	80	91	90	82	78	90	82	85	78	78	94	90	84	94	78	87	92	94	89	93	93	76	85	93	92	78	88	87	79	78	89	85	84	94	88	83	93	77	83	84	91	87	91	93	86	84	88	83	79	89	86	85	76	80	78	92	89	91	85	89	93	76	81	76	87	88	90	84	76	88	76	86	93	85	79	78	78	85	83	90	82	78	78	92	76	90	81	89	82	92	83	78	77	91	94	82	94	82	80	83	88	93	79	79	94	93	79	88	80	83	88	76	79	91	82	92	76	76	79	94	89	90	84	78	88	84	80	93	91	77	81	90	91	90	91	90	86	88	86	76	91	77	78	77	91	93	94	88	88	94	78	80	88	86	84	89	94	90	76	82	82	94	94	91	94	86	90	91	93	82	76	89	78	78	84	76	92	90	78	78	87	91	85	89	91	80	81	83	86	84	81	88	87	81	79	90	89	92	87	81	82	87	86	77	93	87	89	86	93	88	82	89	86	83	76	88	92	88	80	91	86	85	94	94	76	80	82	81	90	79	80	79	79	92	90	87	83	83	83	87	91	85	86	79	88	88	83	85	88	79	93	81	91	81	91	93	84	81	78	76	90	77	81	83	88	85	87	88	82	93	94	81	89	84	81	77	90	76	87	88	85	94	83	90	85	81	82	78	84	80	83	78	88	81	81	92	87	88	92	82	77	81	83	78	93	78	
25.3	13.2	14.3	30.8	28.6	22	22	16.5	22	19.8	28.6	25.3	30.8	18.7	14.3	27.5	30.8	23.1	29.7	24.2	14.3	33	19.8	17.6	19.8	19.8	12.1	11	17.6	15.4	11	11	13.2	24.2	29.7	24.2	12.1	19.8	22	22	33	18.7	24.2	28.6	15.4	14.3	16.5	18.7	17.6	30.8	29.7	14.3	24.2	33	20.9	12.1	12.1	33	28.6	18.7	33	20.9	11	13.2	26.4	22	20.9	22	30.8	27.5	27.5	22	24.2	28.6	20.9	29.7	13.2	13.2	26.4	26.4	29.7	22	26.4	28.6	25.3	11	17.6	18.7	24.2	23.1	12.1	31.9	23.1	25.3	16.5	20.9	15.4	15.4	11	11	30.8	14.3	14.3	18.7	23.1	15.4	20.9	16.5	24.2	29.7	20.9	20.9	14.3	24.2	26.4	33	27.5	25.3	28.6	30.8	25.3	14.3	28.6	22	30.8	11	12.1	11	17.6	11	29.7	31.9	19.8	26.4	27.5	30.8	15.4	31.9	25.3	30.8	24.2	18.7	31.9	15.4	23.1	33	29.7	15.4	14.3	33	19.8	28.6	27.5	29.7	16.5	19.8	16.5	31.9	15.4	28.6	33	13.2	20.9	17.6	13.2	23.1	33	11	19.8	29.7	33	23.1	13.2	26.4	31.9	30.8	25.3	25.3	11	11	29.7	26.4	30.8	22	20.9	20.9	28.6	24.2	16.5	24.2	12.1	23.1	26.4	13.2	31.9	29.7	19.8	11	23.1	22	17.6	20.9	27.5	26.4	26.4	20.9	15.4	15.4	26.4	12.1	30.8	29.7	26.4	13.2	25.3	23.1	14.3	19.8	17.6	23.1	25.3	24.2	14.3	15.4	25.3	23.1	23.1	27.5	16.5	17.6	24.2	19.8	19.8	23.1	18.7	20.9	11	22	25.3	14.3	28.6	14.3	15.4	22	18.7	20.9	22	23.1	12.1	11	29.7	27.5	14.3	13.2	29.7	24.2	18.7	17.6	28.6	16.5	33	29.7	33	15.4	18.7	26.4	24.2	13.2	33	33	22	27.5	31.9	29.7	20.9	11	13.2	26.4	11	18.7	27.5	17.6	14.3	18.7	31.9	27.5	28.6	13.2	19.8	18.7	16.5	28.6	22	11	14.3	27.5	12.1	20.9	22	27.5	19.8	30.8	17.6	24.2	25.3	30.8	27.5	31.9	26.4	15.4	23.1	24.2	26.4	27.5	11	29.7	15.4	23.1	11	28.6	20.9	16.5	12.1	12.1	27.5	12.1	31.9	28.6	19.8	26.4	19.8	14.3	12.1	11	19.8	29.7	20.9	26.4	28.6	28.6	24.2	22	13.2	31.9	17.6	22	19.8	26.4	11	30.8	28.6	15.4	33	16.5	17.6	20.9	15.4	17.6	20.9	25.3	19.8	31.9	11	29.7	18.7	16.5	30.8	28.6	18.7	25.3	17.6	31.9	14.3	16.5	15.4	11	20.9	28.6	22	22	29.7	30.8	17.6	33	30.8	33	12.1	29.7	12.1	27.5	14.3	13.2	15.4	33	14.3	29.7	30.8	29.7	30.8	11	14.3	29.7	25.3	14.3	17.6	33	26.4	33	25.3	14.3	27.5	18.7	12.1	18.7	30.8	19.8	14.3	28.6	18.7	15.4	30.8	33	19.8	23.1	16.5	14.3	12.1	11	14.3	31.9	22	11	20.9	19.8	30.8	25.3	26.4	24.2	12.1	19.8	11	20.9	19.8	27.5	17.6	20.9	17.6	28.6	29.7	15.4	17.6	23.1	16.5	16.5	25.3	31.9	16.5	30.8	19.8	13.2	14.3	16.5	11	29.7	24.2	13.2	18.7	23.1	11	26.4	17.6	19.8	16.5	14.3	26.4	22	29.7	29.7	23.1	17.6	17.6	22	14.3	29.7	23.1	13.2	18.7	20.9	20.9	13.2	17.6	22	33	24.2	12.1	18.7	11	12.1	18.7	14.3	31.9	13.2	26.4	24.2	24.2	19.8	25.3	24.2	23.1	13.2	17.6	28.6	11	24.2	12.1	19.8	30.8	22	23.1	33	23.1	27.5	27.5	30.8	20.9	16.5	25.3	33	14.3	30.8	28.6	19.8	19.8	16.5	12.1	33	15.4	16.5	17.6	15.4	15.4	27.5	33	16.5	22	13.2	15.4	23.1	33	14.3	20.9	11	11	26.4	12.1	13.2	15.4	11	33	17.6	22	12.1	14.3	16.5	23.1	30.8	13.2	12.1	17.6	29.7	17.6	22	11	15.4	22	17.6	23.1	26.4	24.2	30.8	18.7	16.5	18.7	28.6	11	18.7	24.2	26.4	19.8	20.9	17.6	17.6	11	13.2	13.2	11	27.5	15.4	14.3	16.5	13.2	22	13.2	26.4	12.1	20.9	14.3	29.7	17.6	22	29.7	11	14.3	19.8	30.8	11	27.5	11	15.4	25.3	11	19.8	28.6	28.6	25.3	15.4	17.6	18.7	22	31.9	12.1	22	28.6	16.5	22	11	13.2	18.7	13.2	17.6	26.4	23.1	28.6	27.5	17.6	30.8	17.6	30.8	24.2	23.1	11	20.9	33	11	31.9	33	19.8	23.1	19.8	31.9	19.8	13.2	19.8	16.5	13.2	22	33	20.9	15.4	18.7	26.4	24.2	16.5	30.8	12.1	22	19.8	27.5	14.3	28.6	18.7	11	11	19.8	20.9	26.4	16.5	26.4	20.9	25.3	31.9	15.4	16.5	33	17.6	25.3	18.7	20.9	29.7	24.2	30.8	13.2	31.9	15.4	16.5	33	17.6	12.1	27.5	26.4	24.2	12.1	29.7	18.7	24.2	19.8	24.2	14.3	25.3	19.8	20.9	14.3	30.8	25.3	23.1	12.1	25.3	17.6	28.6	18.7	16.5	30.8	24.2	15.4	25.3	14.3	13.2	16.5	28.6	14.3	13.2	31.9	23.1	13.2	20.9	16.5	15.4	16.5	20.9	29.7	30.8	18.7	12.1	33	18.7	33	16.5	18.7	27.5	16.5	30.8	23.1	22	22	28.6	12.1	22	28.6	19.8	29.7	27.5	28.6	11	22	12.1	20.9	20.9	31.9	28.6	29.7	19.8	16.5	25.3	28.6	12.1	29.7	18.7	19.8	14.3	30.8	24.2	17.6	23.1	18.7	24.2	23.1	23.1	26.4	27.5	14.3	14.3	27.5	12.1	20.9	17.6	26.4	17.6	26.4	26.4	22	26.4	31.9	13.2	18.7	26.4	15.4	31.9	26.4	17.6	19.8	17.6	11	17.6	19.8	26.4	11	15.4	11	29.7	20.9	25.3	13.2	17.6	26.4	22	22	11	27.5	13.2	31.9	26.4	12.1	15.4	29.7	20.9	17.6	26.4	25.3	22	33	20.9	14.3	19.8	13.2	19.8	13.2	27.5	20.9	25.3	23.1	23.1	33	17.6	12.1	33	14.3	19.8	17.6	15.4	27.5	15.4	17.6	25.3	25.3	15.4	28.6	19.8	15.4	17.6	16.5	18.7	16.5	19.8	29.7	13.2	25.3	17.6	20.9	25.3	16.5	33	17.6	24.2	16.5	11	26.4	13.2	15.4	25.3	19.8	28.6	33	17.6	29.7	16.5	33	11	20.9	14.3	24.2	23.1	28.6	18.7	17.6	13.2	28.6	18.7	23.1	27.5	31.9	25.3	12.1	27.5	18.7	18.7	30.8	31.9	13.2	23.1	18.7	30.8	24.2	15.4	20.9	17.6	31.9	22	20.9	11	25.3	26.4	33	18.7	27.5	27.5	28.6	31.9	26.4	26.4	24.2	27.5	24.2	19.8	23.1	18.7	12.1	24.2	20.9	29.7	33	23.1	11	15.4	19.8	23.1	18.7	23.1	16.5	12.1	12.1	12.1	26.4	18.7	17.6	19.8	31.9	17.6	15.4	20.9	13.2	29.7	33	17.6	25.3	24.2	33	33	29.7	20.9	17.6	11	24.2	27.5	30.8	33	27.5	31.9	14.3	12.1	22	
11	26.4	14.3	28.6	29.7	20.9	20.9	13.2	20.9	14.3	16.5	33	25.3	27.5	24.2	15.4	14.3	25.3	18.7	31.9	15.4	27.5	27.5	13.2	30.8	30.8	13.2	27.5	25.3	25.3	30.8	17.6	33	13.2	27.5	16.5	26.4	17.6	11	28.6	16.5	24.2	31.9	26.4	33	17.6	25.3	33	24.2	13.2	17.6	17.6	31.9	11	17.6	24.2	29.7	19.8	12.1	16.5	27.5	31.9	26.4	28.6	26.4	26.4	11	25.3	20.9	14.3	18.7	26.4	25.3	31.9	30.8	13.2	26.4	30.8	27.5	14.3	23.1	18.7	12.1	14.3	24.2	16.5	17.6	28.6	31.9	13.2	12.1	16.5	19.8	30.8	25.3	17.6	29.7	17.6	28.6	13.2	13.2	25.3	27.5	16.5	18.7	12.1	12.1	16.5	26.4	19.8	28.6	19.8	11	33	28.6	23.1	26.4	13.2	29.7	12.1	26.4	33	19.8	16.5	27.5	27.5	27.5	27.5	33	14.3	12.1	24.2	33	17.6	25.3	33	20.9	26.4	33	12.1	26.4	14.3	13.2	26.4	30.8	12.1	25.3	13.2	26.4	26.4	29.7	18.7	33	29.7	18.7	25.3	25.3	16.5	14.3	33	25.3	29.7	31.9	13.2	12.1	18.7	22	33	22	24.2	14.3	30.8	12.1	25.3	14.3	23.1	14.3	20.9	17.6	25.3	13.2	29.7	11	29.7	28.6	23.1	28.6	26.4	27.5	20.9	17.6	33	19.8	16.5	16.5	30.8	27.5	33	23.1	14.3	24.2	20.9	23.1	16.5	15.4	23.1	16.5	25.3	15.4	27.5	25.3	27.5	25.3	16.5	24.2	30.8	11	15.4	28.6	16.5	17.6	26.4	26.4	26.4	22	19.8	33	24.2	19.8	24.2	23.1	25.3	30.8	33	26.4	12.1	26.4	33	14.3	11	18.7	33	15.4	22	28.6	29.7	11	13.2	20.9	12.1	14.3	19.8	28.6	18.7	17.6	29.7	33	16.5	14.3	29.7	17.6	16.5	33	18.7	25.3	26.4	23.1	31.9	14.3	16.5	16.5	13.2	22	13.2	26.4	12.1	15.4	15.4	12.1	26.4	18.7	13.2	12.1	14.3	18.7	18.7	18.7	26.4	30.8	20.9	27.5	19.8	24.2	24.2	26.4	29.7	11	15.4	18.7	18.7	13.2	11	11	33	16.5	25.3	15.4	25.3	11	22	23.1	33	20.9	19.8	20.9	27.5	27.5	30.8	25.3	17.6	23.1	13.2	17.6	15.4	17.6	29.7	26.4	26.4	16.5	19.8	22	11	13.2	33	28.6	14.3	26.4	22	11	12.1	33	23.1	26.4	33	13.2	33	24.2	31.9	26.4	17.6	33	26.4	26.4	16.5	12.1	31.9	14.3	30.8	17.6	26.4	30.8	12.1	29.7	30.8	29.7	11	24.2	31.9	30.8	30.8	19.8	26.4	14.3	26.4	18.7	18.7	29.7	30.8	30.8	16.5	29.7	31.9	20.9	26.4	22	14.3	26.4	19.8	29.7	26.4	30.8	31.9	17.6	23.1	19.8	14.3	13.2	15.4	24.2	11	30.8	13.2	18.7	19.8	14.3	20.9	31.9	17.6	29.7	29.7	31.9	12.1	18.7	31.9	13.2	30.8	25.3	28.6	28.6	25.3	11	17.6	11	15.4	11	17.6	12.1	28.6	24.2	25.3	33	33	11	22	14.3	15.4	23.1	33	11	20.9	28.6	15.4	23.1	23.1	27.5	14.3	26.4	22	18.7	19.8	16.5	22	15.4	27.5	11	15.4	33	29.7	23.1	27.5	15.4	27.5	14.3	30.8	24.2	27.5	24.2	13.2	23.1	27.5	24.2	24.2	29.7	13.2	16.5	22	29.7	26.4	15.4	18.7	25.3	30.8	30.8	13.2	15.4	23.1	33	26.4	22	22	19.8	28.6	29.7	27.5	23.1	28.6	22	20.9	29.7	33	14.3	30.8	16.5	14.3	30.8	26.4	28.6	15.4	17.6	31.9	16.5	28.6	25.3	29.7	33	18.7	30.8	19.8	20.9	33	11	19.8	18.7	22	12.1	20.9	29.7	29.7	12.1	29.7	20.9	23.1	23.1	16.5	20.9	28.6	30.8	30.8	33	30.8	30.8	17.6	24.2	11	29.7	14.3	15.4	31.9	20.9	13.2	16.5	22	14.3	19.8	25.3	12.1	11	29.7	30.8	17.6	19.8	17.6	30.8	15.4	26.4	31.9	28.6	29.7	22	22	26.4	31.9	26.4	11	28.6	33	25.3	33	33	25.3	23.1	29.7	31.9	22	12.1	23.1	15.4	19.8	14.3	27.5	26.4	16.5	29.7	26.4	30.8	33	30.8	20.9	22	22	25.3	33	18.7	16.5	14.3	20.9	15.4	25.3	24.2	29.7	31.9	15.4	26.4	27.5	25.3	25.3	25.3	33	14.3	14.3	13.2	18.7	14.3	13.2	33	26.4	14.3	11	26.4	16.5	28.6	22	20.9	11	30.8	16.5	30.8	24.2	19.8	18.7	13.2	23.1	15.4	14.3	14.3	23.1	24.2	14.3	16.5	24.2	19.8	24.2	15.4	14.3	13.2	30.8	26.4	11	14.3	12.1	25.3	16.5	27.5	11	18.7	26.4	11	22	22	26.4	33	12.1	22	24.2	30.8	30.8	31.9	20.9	13.2	23.1	12.1	27.5	24.2	17.6	29.7	19.8	18.7	20.9	26.4	18.7	33	16.5	31.9	30.8	18.7	19.8	17.6	20.9	13.2	20.9	30.8	19.8	11	33	30.8	17.6	23.1	27.5	20.9	13.2	17.6	11	16.5	24.2	17.6	26.4	11	29.7	22	16.5	12.1	17.6	24.2	28.6	16.5	18.7	11	23.1	22	12.1	22	13.2	12.1	27.5	20.9	31.9	19.8	23.1	30.8	30.8	14.3	26.4	14.3	33	19.8	16.5	11	30.8	15.4	19.8	24.2	30.8	33	13.2	17.6	23.1	13.2	17.6	27.5	20.9	24.2	23.1	14.3	15.4	33	31.9	30.8	18.7	20.9	14.3	23.1	16.5	29.7	14.3	14.3	14.3	17.6	15.4	18.7	17.6	25.3	23.1	19.8	12.1	19.8	22	29.7	14.3	24.2	14.3	12.1	20.9	12.1	11	29.7	18.7	12.1	25.3	24.2	12.1	22	25.3	24.2	14.3	18.7	12.1	31.9	30.8	29.7	24.2	31.9	17.6	27.5	23.1	15.4	27.5	14.3	33	22	16.5	22	19.8	22	25.3	16.5	33	20.9	27.5	17.6	26.4	31.9	14.3	15.4	14.3	23.1	18.7	28.6	14.3	15.4	24.2	14.3	23.1	20.9	22	15.4	13.2	24.2	27.5	18.7	15.4	30.8	23.1	31.9	31.9	16.5	28.6	26.4	28.6	16.5	23.1	11	13.2	11	13.2	29.7	12.1	13.2	31.9	20.9	24.2	24.2	22	33	22	13.2	33	12.1	28.6	33	31.9	23.1	31.9	23.1	19.8	13.2	29.7	15.4	23.1	25.3	31.9	13.2	29.7	17.6	13.2	29.7	16.5	20.9	22	20.9	28.6	11	27.5	22	25.3	16.5	17.6	11	19.8	22	24.2	11	14.3	20.9	19.8	26.4	27.5	24.2	33	18.7	28.6	15.4	13.2	26.4	14.3	12.1	18.7	27.5	20.9	30.8	33	33	28.6	18.7	27.5	26.4	28.6	29.7	12.1	26.4	23.1	30.8	18.7	17.6	16.5	23.1	29.7	11	30.8	31.9	12.1	26.4	13.2	22	23.1	13.2	25.3	27.5	12.1	28.6	26.4	22	25.3	13.2	24.2	15.4	16.5	27.5	27.5	27.5	11	26.4	23.1	19.8	18.7	19.8	30.8	23.1	33	17.6	30.8	23.1	23.1	18.7	20.9	31.9	24.2	20.9	22	17.6	12.1	17.6	24.2	22	15.4	19.8	33	28.6	17.6	20.9	30.8	
20.9	17.6	22	31.9	14.3	13.2	23.1	18.7	27.5	22	24.2	12.1	11	30.8	33	13.2	18.7	26.4	24.2	23.1	17.6	16.5	30.8	30.8	17.6	24.2	31.9	20.9	28.6	28.6	
17	15	18	14	17	11	15	14	17	10	20	17	10	15	18	18	14	19	19	13	12	10	11	18	20	12	20	15	14	10	16	14	16	18	10	18	11	11	17	18	12	15	20	15	11	11	10	19	19	16	11	16	11	18	19	17	13	14	20	15	15	16	10	16	13	12	14	12	20	11	15	18	19	18	18	11	13	16	11	17	11	11	13	15	18	11	16	17	13	14	16	14	17	11	17	18	18	10	17	14	11	16	15	20	10	12	10	11	20	10	10	16	11	18	17	10	14	13	14	14	10	14	19	18	12	11	18	20	13	19	15	13	11	14	20	13	20	11	10	17	11	15	19	12	16	12	12	16	20	12	20	15	17	15	17	14	20	10	10	18	18	20	14	19	13	10	14	18	15	20	15	20	18	18	20	19	16	11	13	12	17	15	12	12	12	10	17	16	15	20	10	20	18	15	10	16	12	14	13	10	17	13	17	11	13	12	14	10	14	18	18	17	14	13	12	16	12	15	13	18	11	15	16	16	18	18	14	18	19	14	14	10	14	16	13	16	14	15	10	12	13	18	20	18	17	20	17	15	20	16	11	17	18	12	10	19	12	12	19	11	15	15	11	18	10	13	16	19	15	14	18	16	17	10	17	15	15	16	14	11	19	12	15	19	18	18	17	16	20	20	10	19	19	12	18	19	16	11	17	19	11	15	17	18	18	12	13	15	17	10	13	16	15	18	17	15	13	11	10	20	18	19	12	17	19	20	14	16	16	13	16	12	13	16	12	10	10	20	10	15	15	19	16	12	13	12	12	11	10	15	20	18	15	17	20	11	15	12	13	18	17	20	17	19	19	10	11	18	19	11	14	20	17	15	19	13	15	16	17	15	15	11	20	19	10	17	13	11	18	10	14	18	16	17	17	20	15	14	17	13	15	14	18	20	13	20	15	14	17	18	13	17	15	20	20	20	14	16	14	14	17	13	20	14	12	19	11	16	11	10	18	16	15	13	14	14	18	11	10	16	13	11	16	13	12	12	15	16	10	20	10	15	12	17	10	15	14	18	16	15	19	11	17	12	16	13	14	20	11	17	20	14	17	12	11	16	10	20	17	15	10	11	14	16	11	10	15	16	18	19	12	15	15	13	18	10	18	11	12	16	13	16	20	20	14	19	19	14	15	16	10	13	12	15	12	16	20	15	12	19	20	13	16	15	17	11	20	13	13	16	14	18	11	15	14	18	13	18	11	15	15	17	15	17	19	16	17	10	10	12	19	16	20	16	16	15	14	14	10	18	11	19	19	14	10	13	18	14	12	17	20	12	15	11	11	18	16	12	13	19	11	20	13	15	11	16	20	18	14	18	10	18	13	15	19	19	17	10	15	11	12	12	15	10	19	14	20	12	17	20	10	16	20	12	11	10	15	19	15	12	18	12	15	19	12	12	12	15	14	18	16	16	17	17	12	12	13	13	15	15	14	18	19	13	10	14	20	18	10	16	18	19	17	16	17	18	20	10	19	20	10	15	14	13	16	16	11	11	19	18	16	18	15	13	18	17	13	14	10	10	19	19	10	15	11	12	17	14	10	10	12	10	18	18	18	20	17	13	20	16	17	19	11	20	11	17	17	17	11	20	15	15	17	17	12	11	18	10	11	15	10	18	20	14	16	20	19	20	16	11	14	16	19	11	12	11	15	10	14	10	13	11	16	11	15	11	18	18	12	20	18	14	10	15	11	13	12	10	15	16	11	15	16	12	17	11	20	20	17	19	13	17	12	17	19	12	14	19	12	14	15	12	20	18	15	11	12	17	17	11	11	18	13	14	17	19	12	19	19	18	13	10	11	10	15	20	18	16	18	11	20	18	14	20	14	17	18	17	16	13	14	15	11	17	12	20	14	11	14	11	10	10	20	10	11	14	12	20	12	20	16	10	16	20	10	13	10	12	17	10	15	16	15	13	15	11	14	13	14	12	20	13	12	15	18	15	20	16	13	14	10	15	12	15	17	10	10	12	15	16	14	17	15	16	10	13	12	13	16	14	18	10	10	19	19	18	16	10	13	20	11	14	11	12	14	10	10	19	13	20	10	16	13	19	10	10	14	10	16	20	13	19	16	11	10	13	18	12	12	14	16	11	11	14	13	11	15	19	14	14	14	19	12	17	12	15	17	12	18	14	10	16	15	10	12	19	20	11	16	16	16	16	15	10	11	14	16	20	14	12	17	12	13	14	13	11	13	12	19	18	10	12	14	16	20	14	19	15	11	14	15	13	17	10	19	18	17	19	18	13	
1	1	1	1	1	1	1	1	1	1	1	1	1	1	1	1	1	1	1	1	1	1	1	1	1	1	1	1	1	1	1	1	1	1	1	1	1	1	1	1	2	2	2	2	2	2	2	2	2	2	2	2	2	2	2	2	2	2	2	2	2	2	2	2	2	2	2	2	2	2	2	2	2	3	3	3	3	3	3	3	3	3	3	3	3	3	3	3	3	3	3	3	3	3	3	3	3	3	3	3	3	3	3	3	3	3	3	3	4	4	4	4	4	4	4	4	4	4	4	4	4	4	4	4	4	4	4	4	4	4	4	4	4	4	4	4	4	4	4	4	4	4	4	5	5	5	5	5	5	5	5	5	5	5	5	5	5	5	5	5	5	5	5	5	5	5	5	5	5	5	5	5	5	5	5	5	5	6	6	6	6	6	6	6	6	6	6	6	6	6	6	6	6	6	6	6	6	6	6	6	6	6	6	6	6	6	6	6	6	6	6	6	6	6	6	6	6	6	6	6	7	7	7	7	7	7	7	7	7	7	7	7	7	7	7	7	7	7	7	7	7	7	7	7	7	7	7	7	7	7	7	7	7	7	7	7	7	8	8	8	8	8	8	8	8	8	8	8	8	8	8	8	8	8	8	8	8	8	8	8	8	8	8	8	8	8	8	8	8	8	8	8	8	9	9	9	9	9	9	9	9	9	9	9	9	9	9	9	9	9	9	9	9	9	9	9	9	9	9	9	10	10	10	10	10	10	10	10	10	10	10	10	10	10	10	10	10	10	10	10	10	10	10	10	10	10	10	10	10	10	10	10	10	10	11	11	11	11	11	11	11	11	11	11	11	11	11	11	11	11	11	11	11	11	11	11	11	11	11	11	11	11	11	11	11	11	11	11	12	12	12	12	12	12	12	12	12	12	12	12	12	12	12	12	12	12	12	12	12	12	12	12	12	13	13	13	13	13	13	13	13	13	13	13	13	13	13	13	13	13	13	13	13	13	13	13	13	13	13	13	13	13	13	14	14	14	14	14	14	14	14	14	14	14	14	14	14	14	14	14	14	14	14	14	14	14	14	14	14	14	14	14	14	14	14	14	14	14	14	14	14	14	15	15	15	15	15	15	15	15	15	15	15	15	15	15	15	15	15	15	15	15	15	15	15	15	15	16	16	16	16	16	16	16	16	16	16	16	16	16	16	16	16	16	16	16	16	16	16	16	16	16	16	16	16	16	16	16	16	16	16	16	16	16	16	16	16	17	17	17	17	17	17	17	17	17	17	17	17	17	17	17	17	17	17	17	17	17	17	17	17	17	18	18	18	18	18	18	18	18	18	18	18	18	18	18	18	18	18	18	18	18	18	18	18	18	18	18	18	19	19	19	19	19	19	19	19	19	19	19	19	19	19	19	19	19	19	19	19	19	19	19	19	19	20	20	20	20	20	20	20	20	20	20	20	20	20	20	20	20	20	20	20	20	20	20	20	20	20	20	20	20	20	20	20	20	20	20	20	20	20	20	20	20	20	20	20	20	20	21	21	21	21	21	21	21	21	21	21	21	21	21	21	21	21	21	21	21	21	21	21	21	21	21	21	21	21	21	21	21	21	21	21	21	22	22	22	22	22	22	22	22	22	22	22	22	22	22	22	22	22	22	22	22	22	22	22	22	22	22	22	22	22	22	22	23	23	23	23	23	23	23	23	23	23	23	23	23	23	23	23	23	23	23	23	23	23	23	23	23	23	23	23	23	23	24	24	24	24	24	24	24	24	24	24	24	24	24	24	24	24	24	24	24	24	24	24	24	24	24	24	24	24	24	24	24	24	24	24	24	24	24	24	25	25	25	25	25	25	25	25	25	25	25	25	25	25	25	25	25	25	25	25	25	25	25	25	25	25	25	25	25	26	26	26	26	26	26	26	26	26	26	26	26	26	26	26	26	26	26	26	26	26	26	26	26	26	26	26	27	27	27	27	27	27	27	27	27	27	27	27	27	27	27	27	27	27	27	27	27	27	27	27	27	27	27	27	27	27	27	27	28	28	28	28	28	28	28	28	28	28	28	28	28	28	28	28	28	28	28	28	28	28	28	28	28	28	28	28	28	28	28	28	28	28	28	29	29	29	29	29	29	29	29	29	29	29	29	29	29	29	29	29	29	29	29	29	29	29	29	30	30	30	30	30	30	30	30	30	30	30	30	30	30	30	30	30	30	30	30	30	30	30	30	30	30	30	30	30	30	30	30	30	30	30	30	30	30	30	30	30	30	30	30	30	30	30	30	30	30	
