1000
45	10
344	28.6
30	28	27	26	29	26	26	28	28	28	28	28	27	28	29	26	31	30	29	31	29	26	31	27	28	31	26	31	30	27	29	28	29	29	29	27	29	29	31	26	27	26	27	27	29	31	26	27	27	31	31	29	26	29	29	31	31	28	26	27	29	28	28	31	30	29	26	29	30	30	30	26	28	29	31	27	29	28	26	30	26	29	26	31	30	27	26	29	26	26	31	30	27	31	29	27	30	28	30	30	30	28	29	31	31	31	28	28	26	29	27	29	30	29	27	29	27	27	28	26	26	27	29	28	30	26	27	28	26	30	28	30	28	31	27	29	30	26	28	29	31	26	28	27	31	28	31	30	30	30	29	26	26	26	27	29	30	27	30	29	30	26	30	27	26	27	27	27	26	29	28	30	28	31	26	29	28	27	31	26	26	27	26	29	30	27	30	27	30	29	29	27	29	29	27	28	28	29	29	30	30	26	29	29	31	26	30	31	30	26	31	28	27	27	27	31	27	31	30	29	29	30	26	29	28	29	31	26	31	30	27	28	27	30	30	30	29	30	29	27	28	26	29	31	28	28	27	30	30	29	29	30	29	31	29	29	26	31	28	26	31	30	29	28	28	29	30	27	29	29	27	26	28	26	29	30	29	31	28	29	31	29	29	31	31	30	26	30	30	29	28	30	26	27	26	29	29	28	31	29	27	27	28	26	26	26	30	29	26	30	27	31	26	28	29	30	28	26	29	31	28	26	30	30	31	30	28	30	26	31	26	26	28	26	26	27	28	26	26	30	30	31	30	28	28	29	27	26	28	29	30	31	27	26	31	26	26	28	30	31	26	26	29	28	30	26	27	26	27	30	27	29	30	27	28	27	28	29	29	31	29	26	28	31	26	26	31	30	27	31	26	30	30	28	27	29	29	31	31	31	29	30	29	29	27	29	27	30	29	31	29	30	26	31	30	28	26	30	31	29	27	26	31	28	27	29	31	31	26	31	31	26	28	26	26	31	29	29	29	30	30	29	27	29	31	30	27	31	30	30	30	31	31	26	26	28	29	31	26	29	31	28	27	28	26	26	30	30	28	27	31	27	28	30	27	30	26	27	30	29	31	27	29	27	27	26	26	28	29	31	28	27	27	26	29	26	29	31	28	27	28	27	29	31	28	30	29	28	27	30	31	28	30	29	27	30	27	30	30	28	31	31	27	28	27	29	26	26	27	28	29	28	27	29	29	31	26	27	27	29	29	30	29	30	27	29	28	29	28	31	29	30	30	27	26	31	30	27	27	28	29	31	27	28	27	26	27	30	28	31	29	26	26	26	29	28	27	28	29	27	27	29	30	31	27	27	26	30	28	26	26	27	30	28	29	30	30	31	30	26	29	29	26	28	27	30	27	31	28	31	27	26	27	31	27	30	27	29	27	29	27	31	30	30	29	30	30	27	29	28	29	30	29	30	26	27	31	31	28	30	31	29	28	26	27	28	27	28	29	31	28	29	26	26	30	30	29	26	29	30	29	29	31	29	27	28	26	29	28	26	28	27	26	29	27	28	26	29	26	26	28	30	31	27	29	29	28	28	30	26	28	29	26	31	27	30	30	31	31	31	30	28	31	28	26	27	31	31	28	31	27	26	30	28	26	27	28	30	31	27	26	29	26	31	26	31	29	31	30	29	31	26	31	31	28	30	28	26	30	27	28	31	26	29	31	26	29	29	31	26	29	27	26	31	29	31	30	28	28	30	26	27	29	30	28	28	26	30	31	27	31	31	31	28	29	30	26	31	30	28	30	28	28	30	31	29	27	31	31	30	28	31	26	27	28	30	28	26	28	29	27	31	26	26	30	29	27	26	26	29	26	26	31	30	26	29	31	26	30	26	29	29	31	30	31	28	27	28	26	26	29	28	26	30	29	30	31	30	28	28	26	27	31	28	27	26	28	26	28	26	31	30	31	31	27	29	29	31	28	30	30	27	31	28	28	26	28	26	28	29	31	26	29	27	28	28	29	26	30	30	29	26	31	30	29	29	31	28	28	31	30	30	29	31	31	29	26	30	26	31	29	27	29	29	28	30	26	28	26	27	31	27	30	28	31	31	28	31	27	26	26	28	27	28	29	26	31	30	29	28	28	28	28	30	26	28	31	26	27	26	27	27	27	30	27	31	26	29	28	29	26	31	31	27	29	28	31	30	28	27	27	31	27	26	31	27	29	29	28	29	31	31	26	26	30	30	30	26	28	30	29	27	31	27	26	29	28	30	28	30	30	26	31	27	27	31	26	29	27	28	
86	93	90	80	86	78	93	80	79	90	83	93	93	86	81	87	76	90	81	80	87	78	90	84	94	87	77	76	86	86	90	80	76	84	83	76	90	80	94	77	78	81	92	80	81	88	78	84	81	85	91	83	91	81	91	77	88	94	88	84	76	92	87	88	86	93	78	88	83	93	82	77	90	76	80	89	83	82	89	92	92	89	85	86	92	82	78	77	76	94	87	79	78	90	92	89	86	88	79	94	88	79	82	85	85	78	79	92	80	86	79	90	83	79	82	78	86	86	91	81	80	89	82	76	87	82	76	86	79	87	91	84	90	78	84	87	84	77	87	92	92	78	84	89	91	89	90	79	82	86	90	93	91	82	86	92	78	94	77	80	92	90	84	86	89	94	86	93	83	80	91	87	79	81	91	82	91	89	89	93	94	76	90	86	79	85	92	86	91	94	83	78	85	83	80	81	81	80	81	79	78	80	83	82	93	89	80	77	83	91	85	89	87	82	94	79	87	77	83	87	81	93	93	88	78	78	89	83	79	81	82	90	83	79	91	86	81	79	88	78	86	81	90	93	90	84	87	85	77	79	90	80	77	85	76	87	91	93	80	90	94	79	90	86	90	84	79	86	86	79	78	86	76	92	77	92	93	78	93	94	77	93	86	84	83	86	81	81	88	87	82	80	84	88	84	88	76	87	79	89	88	77	82	90	94	76	93	89	90	92	94	83	81	88	90	90	81	80	84	85	78	76	81	78	89	92	83	90	92	76	80	76	78	93	91	85	78	89	92	78	87	93	81	85	83	79	86	78	81	81	91	86	87	77	91	93	85	81	91	77	84	86	85	92	76	85	85	86	79	87	82	92	85	76	76	88	89	76	92	88	93	84	81	92	84	92	92	88	92	94	79	81	87	86	91	77	76	93	89	89	77	94	77	81	79	89	82	90	93	93	77	81	94	91	78	90	80	90	93	90	76	79	81	93	92	93	86	78	81	76	76	87	86	92	88	88	76	81	81	83	89	88	78	93	78	86	89	92	81	78	90	78	78	89	82	88	83	81	83	88	88	79	81	79	93	77	90	90	84	78	81	91	81	88	87	93	91	89	78	88	91	91	83	85	86	82	86	84	94	92	85	88	76	90	77	89	76	81	80	83	86	83	79	79	89	89	86	89	85	91	93	89	76	85	85	87	91	87	85	93	80	78	87	91	79	76	86	78	85	80	89	88	84	86	89	91	88	87	81	87	81	84	87	83	78	91	80	83	79	88	85	80	89	80	85	79	82	92	89	87	87	79	82	81	90	77	91	88	80	87	82	81	89	93	88	85	91	86	91	77	94	82	93	92	94	83	89	85	87	89	78	77	90	78	89	76	84	92	77	82	81	89	82	79	93	82	79	92	83	92	90	79	83	81	81	94	88	77	80	76	93	81	82	77	80	90	76	89	84	91	86	90	76	91	89	82	77	80	90	78	90	82	85	92	84	86	90	90	84	93	77	93	89	83	92	89	82	80	90	86	76	92	76	87	89	77	91	91	82	76	93	86	87	94	94	84	93	80	87	90	94	93	87	81	84	86	83	89	82	90	78	93	90	83	87	90	84	81	77	88	84	84	76	92	78	79	91	88	94	81	78	81	85	91	92	84	84	76	85	84	81	81	89	85	86	80	83	86	80	81	79	87	91	82	89	78	80	87	90	78	77	82	81	80	85	83	88	85	76	88	80	80	77	90	88	84	81	89	77	86	90	94	88	91	91	83	86	81	81	92	77	87	81	91	86	84	85	79	76	88	83	84	86	92	90	82	81	80	87	81	80	84	90	86	89	92	86	90	93	92	86	92	78	78	89	86	82	94	82	93	92	79	88	77	78	85	90	92	79	78	78	76	85	83	94	90	94	77	77	79	76	78	83	81	76	80	93	78	82	76	94	85	78	84	78	87	76	78	88	92	91	88	83	88	78	90	85	93	94	93	86	79	77	82	88	76	84	80	77	86	88	84	76	86	83	93	90	92	78	92	76	92	91	77	86	88	77	94	92	81	84	76	81	84	79	83	80	90	84	81	88	89	90	85	90	81	78	91	88	89	78	91	86	88	90	94	88	79	77	76	85	79	83	82	83	87	93	83	85	86	78	76	83	77	86	92	88	85	85	80	76	90	90	94	83	90	91	81	81	79	93	85	93	91	93	79	87	81	86	85	84	93	87	78	87	79	87	90	83	91	85	92	80	76	78	81	89	92	83	81	85	76	89	93	77	90	85	85	92	87	87	84	88	84	82	90	93	85	82	85	
22	31.9	15.4	30.8	27.5	23.1	33	20.9	23.1	20.9	22	13.2	24.2	12.1	28.6	18.7	22	27.5	19.8	12.1	14.3	14.3	19.8	19.8	14.3	31.9	11	28.6	11	24.2	30.8	15.4	22	31.9	31.9	27.5	27.5	23.1	22	15.4	25.3	33	23.1	19.8	22	19.8	11	15.4	16.5	22	11	12.1	30.8	27.5	23.1	27.5	33	25.3	23.1	26.4	20.9	29.7	11	24.2	13.2	14.3	33	31.9	17.6	12.1	19.8	29.7	26.4	18.7	19.8	29.7	14.3	25.3	33	15.4	15.4	26.4	30.8	33	27.5	33	22	26.4	27.5	20.9	12.1	28.6	30.8	12.1	13.2	26.4	19.8	26.4	30.8	31.9	13.2	27.5	33	15.4	18.7	29.7	16.5	23.1	26.4	30.8	24.2	22	29.7	25.3	12.1	31.9	19.8	14.3	14.3	26.4	24.2	25.3	28.6	23.1	14.3	29.7	14.3	31.9	11	30.8	14.3	25.3	27.5	17.6	22	25.3	27.5	11	28.6	11	14.3	18.7	25.3	26.4	28.6	30.8	29.7	24.2	28.6	17.6	30.8	14.3	24.2	24.2	12.1	31.9	26.4	29.7	17.6	16.5	18.7	14.3	25.3	24.2	27.5	23.1	22	30.8	29.7	17.6	22	22	28.6	14.3	13.2	23.1	27.5	18.7	15.4	12.1	33	31.9	14.3	11	22	27.5	23.1	25.3	33	18.7	22	11	17.6	14.3	13.2	13.2	14.3	15.4	28.6	24.2	33	18.7	12.1	13.2	18.7	33	24.2	14.3	24.2	17.6	13.2	11	29.7	25.3	24.2	20.9	16.5	25.3	25.3	22	25.3	23.1	33	30.8	30.8	23.1	19.8	26.4	28.6	23.1	25.3	20.9	27.5	28.6	33	22	27.5	17.6	16.5	13.2	16.5	29.7	25.3	33	18.7	27.5	27.5	24.2	13.2	33	29.7	16.5	14.3	26.4	24.2	13.2	13.2	26.4	15.4	25.3	20.9	31.9	30.8	14.3	26.4	27.5	27.5	30.8	19.8	13.2	31.9	15.4	28.6	19.8	19.8	20.9	24.2	15.4	27.5	22	16.5	15.4	15.4	26.4	19.8	27.5	28.6	25.3	25.3	27.5	15.4	26.4	25.3	28.6	29.7	25.3	26.4	22	23.1	29.7	25.3	13.2	24.2	25.3	26.4	14.3	22	24.2	33	18.7	16.5	25.3	18.7	27.5	26.4	15.4	23.1	23.1	15.4	16.5	16.5	12.1	17.6	25.3	17.6	15.4	13.2	27.5	33	27.5	29.7	14.3	15.4	30.8	13.2	33	19.8	26.4	29.7	11	33	25.3	11	22	31.9	17.6	11	20.9	15.4	23.1	26.4	15.4	19.8	28.6	19.8	28.6	33	23.1	29.7	14.3	25.3	17.6	15.4	13.2	22	28.6	27.5	24.2	27.5	24.2	29.7	15.4	22	30.8	16.5	11	16.5	18.7	24.2	30.8	23.1	14.3	13.2	30.8	17.6	16.5	18.7	30.8	13.2	15.4	25.3	30.8	11	31.9	25.3	33	29.7	13.2	17.6	19.8	12.1	16.5	30.8	15.4	16.5	15.4	22	19.8	19.8	16.5	29.7	17.6	33	30.8	30.8	31.9	25.3	24.2	13.2	27.5	15.4	28.6	22	12.1	28.6	26.4	18.7	20.9	33	28.6	23.1	17.6	25.3	17.6	30.8	12.1	13.2	17.6	13.2	28.6	31.9	16.5	22	29.7	15.4	28.6	18.7	16.5	29.7	33	25.3	18.7	30.8	13.2	19.8	29.7	15.4	20.9	29.7	26.4	30.8	26.4	19.8	16.5	31.9	25.3	18.7	30.8	17.6	12.1	11	18.7	28.6	27.5	20.9	20.9	12.1	22	15.4	13.2	30.8	26.4	23.1	18.7	29.7	19.8	27.5	13.2	18.7	31.9	11	25.3	29.7	16.5	18.7	15.4	30.8	11	27.5	33	18.7	19.8	13.2	13.2	17.6	17.6	17.6	31.9	33	22	18.7	15.4	33	16.5	27.5	18.7	18.7	20.9	30.8	18.7	29.7	29.7	18.7	12.1	27.5	28.6	20.9	22	15.4	30.8	26.4	33	23.1	24.2	17.6	28.6	27.5	24.2	33	24.2	19.8	28.6	12.1	16.5	22	22	30.8	24.2	16.5	13.2	23.1	12.1	28.6	12.1	31.9	24.2	29.7	24.2	29.7	22	29.7	19.8	11	25.3	20.9	24.2	16.5	15.4	30.8	18.7	31.9	24.2	26.4	18.7	16.5	12.1	22	13.2	27.5	33	20.9	13.2	28.6	25.3	26.4	30.8	22	13.2	31.9	28.6	16.5	16.5	16.5	33	31.9	30.8	26.4	12.1	18.7	14.3	31.9	33	25.3	15.4	24.2	31.9	13.2	17.6	26.4	14.3	29.7	23.1	24.2	12.1	13.2	30.8	31.9	30.8	27.5	29.7	12.1	14.3	16.5	26.4	30.8	17.6	13.2	29.7	31.9	33	30.8	14.3	25.3	26.4	31.9	27.5	11	31.9	16.5	25.3	25.3	23.1	13.2	15.4	25.3	17.6	24.2	20.9	29.7	27.5	12.1	22	26.4	15.4	12.1	30.8	31.9	27.5	20.9	23.1	29.7	12.1	17.6	18.7	28.6	13.2	26.4	16.5	13.2	14.3	24.2	29.7	33	31.9	33	26.4	22	15.4	22	33	13.2	33	28.6	28.6	11	24.2	18.7	22	16.5	33	29.7	19.8	16.5	31.9	14.3	11	23.1	14.3	18.7	19.8	25.3	13.2	12.1	13.2	31.9	18.7	24.2	11	28.6	12.1	28.6	11	26.4	23.1	29.7	31.9	19.8	33	30.8	33	30.8	16.5	11	18.7	17.6	27.5	14.3	23.1	33	15.4	31.9	31.9	13.2	16.5	31.9	27.5	29.7	16.5	31.9	17.6	12.1	17.6	11	20.9	23.1	28.6	22	13.2	20.9	33	17.6	26.4	16.5	23.1	26.4	23.1	15.4	16.5	16.5	24.2	13.2	31.9	20.9	23.1	31.9	22	25.3	15.4	23.1	30.8	30.8	27.5	28.6	26.4	19.8	33	27.5	16.5	12.1	24.2	19.8	17.6	31.9	12.1	17.6	17.6	31.9	22	19.8	30.8	33	12.1	11	20.9	26.4	33	27.5	19.8	26.4	22	33	17.6	14.3	31.9	19.8	27.5	24.2	23.1	15.4	23.1	12.1	23.1	19.8	23.1	14.3	15.4	26.4	30.8	15.4	19.8	18.7	14.3	18.7	13.2	33	15.4	16.5	12.1	24.2	15.4	11	22	20.9	14.3	28.6	24.2	15.4	22	17.6	31.9	23.1	19.8	11	28.6	31.9	29.7	19.8	27.5	23.1	27.5	22	31.9	28.6	22	31.9	15.4	15.4	13.2	17.6	26.4	29.7	13.2	22	23.1	31.9	22	30.8	13.2	18.7	15.4	25.3	22	19.8	25.3	26.4	19.8	28.6	26.4	26.4	14.3	23.1	11	14.3	22	11	25.3	16.5	26.4	11	13.2	23.1	28.6	23.1	13.2	22	24.2	27.5	30.8	27.5	29.7	14.3	13.2	18.7	16.5	13.2	17.6	11	14.3	29.7	16.5	24.2	27.5	24.2	30.8	20.9	20.9	15.4	31.9	11	15.4	13.2	14.3	14.3	16.5	17.6	16.5	30.8	30.8	17.6	33	33	30.8	24.2	29.7	16.5	33	30.8	20.9	13.2	30.8	19.8	18.7	13.2	25.3	24.2	24.2	31.9	12.1	14.3	23.1	26.4	29.7	20.9	33	25.3	14.3	18.7	17.6	13.2	13.2	20.9	27.5	15.4	13.2	31.9	12.1	15.4	28.6	26.4	22	17.6	11	25.3	23.1	14.3	17.6	17.6	19.8	13.2	20.9	20.9	19.8	13.2	20.9	31.9	18.7	17.6	22	18.7	17.6	19.8	31.9	27.5	16.5	28.6	13.2	29.7	18.7	13.2	17.6	
16.5	30.8	28.6	13.2	15.4	18.7	20.9	30.8	17.6	29.7	28.6	30.8	18.7	30.8	19.8	24.2	14.3	29.7	23.1	17.6	13.2	11	26.4	19.8	14.3	26.4	26.4	14.3	33	15.4	18.7	20.9	33	33	24.2	24.2	24.2	20.9	26.4	11	20.9	12.1	30.8	13.2	17.6	28.6	22	15.4	17.6	26.4	19.8	18.7	17.6	16.5	20.9	18.7	14.3	27.5	14.3	17.6	23.1	15.4	27.5	31.9	20.9	29.7	18.7	29.7	15.4	13.2	19.8	28.6	30.8	16.5	12.1	25.3	18.7	24.2	23.1	14.3	14.3	26.4	30.8	30.8	12.1	19.8	33	29.7	26.4	33	16.5	20.9	14.3	33	19.8	20.9	28.6	31.9	28.6	23.1	25.3	30.8	28.6	11	26.4	28.6	27.5	28.6	17.6	25.3	33	19.8	19.8	18.7	11	30.8	17.6	28.6	22	31.9	26.4	23.1	15.4	33	14.3	25.3	29.7	23.1	15.4	12.1	26.4	18.7	18.7	13.2	17.6	15.4	27.5	25.3	13.2	16.5	29.7	31.9	20.9	22	14.3	15.4	25.3	13.2	17.6	31.9	28.6	16.5	12.1	11	28.6	17.6	26.4	11	14.3	23.1	11	26.4	25.3	14.3	15.4	26.4	25.3	31.9	28.6	18.7	33	23.1	30.8	12.1	26.4	33	27.5	13.2	24.2	33	27.5	25.3	20.9	14.3	31.9	11	31.9	18.7	33	18.7	22	30.8	20.9	31.9	20.9	20.9	17.6	28.6	20.9	18.7	25.3	26.4	13.2	29.7	16.5	23.1	27.5	19.8	22	24.2	27.5	24.2	25.3	19.8	13.2	15.4	20.9	31.9	18.7	19.8	33	22	23.1	30.8	11	31.9	27.5	27.5	18.7	31.9	27.5	15.4	24.2	25.3	14.3	11	20.9	19.8	24.2	30.8	31.9	26.4	14.3	17.6	16.5	18.7	27.5	19.8	23.1	30.8	17.6	16.5	19.8	29.7	20.9	22	29.7	22	28.6	17.6	20.9	28.6	19.8	31.9	33	16.5	17.6	28.6	18.7	19.8	14.3	26.4	17.6	19.8	15.4	20.9	33	11	33	23.1	11	14.3	29.7	22	25.3	12.1	29.7	14.3	29.7	24.2	26.4	13.2	23.1	29.7	14.3	20.9	24.2	29.7	25.3	24.2	13.2	24.2	23.1	27.5	28.6	11	25.3	15.4	28.6	20.9	16.5	16.5	31.9	16.5	12.1	13.2	33	23.1	30.8	19.8	15.4	30.8	11	19.8	19.8	26.4	29.7	33	17.6	29.7	25.3	16.5	15.4	18.7	20.9	29.7	25.3	14.3	20.9	22	27.5	25.3	31.9	20.9	28.6	15.4	25.3	31.9	33	30.8	31.9	27.5	14.3	30.8	12.1	28.6	17.6	23.1	28.6	14.3	24.2	28.6	25.3	25.3	15.4	33	14.3	18.7	23.1	23.1	13.2	23.1	13.2	13.2	31.9	33	18.7	30.8	11	30.8	28.6	31.9	27.5	17.6	22	26.4	22	23.1	30.8	17.6	33	27.5	13.2	12.1	14.3	27.5	27.5	30.8	17.6	20.9	31.9	18.7	23.1	18.7	14.3	20.9	20.9	20.9	20.9	20.9	28.6	11	13.2	16.5	12.1	13.2	28.6	30.8	22	27.5	24.2	22	23.1	16.5	27.5	11	26.4	13.2	11	25.3	25.3	31.9	31.9	31.9	22	25.3	28.6	11	14.3	12.1	28.6	29.7	33	23.1	14.3	16.5	33	25.3	19.8	18.7	30.8	31.9	11	30.8	11	33	18.7	13.2	15.4	18.7	14.3	30.8	33	16.5	29.7	15.4	15.4	14.3	12.1	18.7	31.9	22	16.5	33	23.1	12.1	14.3	19.8	17.6	13.2	24.2	17.6	17.6	16.5	33	27.5	11	18.7	14.3	19.8	28.6	20.9	13.2	17.6	18.7	16.5	28.6	19.8	26.4	24.2	23.1	28.6	29.7	24.2	22	19.8	14.3	14.3	20.9	11	24.2	12.1	13.2	33	17.6	33	20.9	19.8	19.8	24.2	15.4	17.6	24.2	28.6	14.3	11	16.5	23.1	24.2	14.3	20.9	33	16.5	12.1	17.6	12.1	31.9	17.6	18.7	27.5	22	26.4	13.2	26.4	27.5	24.2	16.5	20.9	28.6	15.4	14.3	24.2	24.2	29.7	13.2	25.3	11	16.5	30.8	20.9	11	19.8	13.2	17.6	14.3	13.2	29.7	11	14.3	15.4	13.2	13.2	30.8	25.3	28.6	24.2	13.2	23.1	12.1	29.7	28.6	33	23.1	16.5	23.1	25.3	19.8	33	18.7	16.5	13.2	27.5	26.4	30.8	33	17.6	15.4	26.4	15.4	20.9	26.4	28.6	27.5	25.3	23.1	17.6	19.8	26.4	23.1	23.1	26.4	15.4	16.5	17.6	31.9	29.7	16.5	25.3	19.8	24.2	22	28.6	22	33	17.6	13.2	26.4	29.7	24.2	28.6	24.2	22	18.7	18.7	12.1	23.1	25.3	22	18.7	20.9	16.5	22	22	13.2	28.6	29.7	14.3	25.3	16.5	23.1	26.4	25.3	16.5	12.1	31.9	29.7	11	25.3	23.1	16.5	18.7	14.3	28.6	14.3	20.9	17.6	16.5	26.4	16.5	29.7	16.5	31.9	28.6	25.3	29.7	31.9	13.2	28.6	22	17.6	15.4	25.3	20.9	19.8	13.2	26.4	13.2	19.8	18.7	12.1	33	25.3	15.4	19.8	12.1	33	25.3	12.1	27.5	11	26.4	26.4	28.6	22	27.5	13.2	20.9	31.9	20.9	29.7	14.3	19.8	26.4	28.6	14.3	20.9	20.9	28.6	28.6	30.8	30.8	30.8	24.2	25.3	19.8	27.5	33	25.3	16.5	16.5	14.3	13.2	33	29.7	26.4	19.8	30.8	14.3	29.7	20.9	19.8	25.3	23.1	20.9	19.8	18.7	12.1	15.4	20.9	31.9	17.6	20.9	31.9	31.9	20.9	30.8	25.3	27.5	12.1	18.7	11	28.6	26.4	29.7	12.1	17.6	13.2	17.6	15.4	31.9	18.7	30.8	16.5	18.7	13.2	17.6	11	18.7	29.7	31.9	30.8	33	28.6	16.5	30.8	19.8	14.3	17.6	33	22	24.2	14.3	25.3	12.1	26.4	31.9	11	25.3	22	20.9	11	14.3	18.7	18.7	27.5	11	33	14.3	26.4	22	14.3	18.7	30.8	13.2	24.2	27.5	25.3	23.1	26.4	33	26.4	19.8	13.2	29.7	25.3	15.4	29.7	24.2	18.7	11	13.2	30.8	19.8	31.9	29.7	20.9	23.1	33	26.4	24.2	18.7	29.7	33	16.5	18.7	16.5	12.1	22	26.4	18.7	12.1	20.9	28.6	15.4	23.1	23.1	25.3	23.1	16.5	25.3	31.9	26.4	13.2	22	29.7	15.4	20.9	22	11	22	31.9	31.9	22	25.3	23.1	11	18.7	33	20.9	29.7	12.1	22	29.7	17.6	25.3	24.2	13.2	31.9	28.6	19.8	28.6	24.2	16.5	33	11	33	18.7	30.8	12.1	12.1	23.1	28.6	11	17.6	25.3	24.2	16.5	29.7	28.6	13.2	24.2	31.9	25.3	16.5	18.7	20.9	11	28.6	29.7	23.1	29.7	11	26.4	18.7	16.5	23.1	23.1	33	23.1	12.1	14.3	16.5	31.9	27.5	14.3	11	24.2	29.7	11	15.4	33	26.4	26.4	26.4	12.1	20.9	18.7	18.7	30.8	16.5	15.4	18.7	28.6	31.9	29.7	18.7	25.3	18.7	18.7	24.2	16.5	22	16.5	27.5	30.8	18.7	15.4	26.4	13.2	27.5	14.3	14.3	23.1	19.8	29.7	29.7	20.9	14.3	25.3	26.4	15.4	20.9	14.3	29.7	26.4	33	33	29.7	33	18.7	33	33	29.7	16.5	22	15.4	11	27.5	24.2	31.9	
24.2	24.2	22	23.1	25.3	31.9	17.6	26.4	14.3	25.3	18.7	17.6	14.3	23.1	18.7	26.4	19.8	24.2	31.9	20.9	15.4	29.7	30.8	28.6	29.7	22	26.4	11	27.5	19.8	18.7	19.8	29.7	12.1	26.4	27.5	31.9	11	25.3	28.6	31.9	28.6	14.3	14.3	16.5	
18	10	14	19	18	17	14	16	15	15	12	18	16	12	18	12	19	12	14	16	17	20	14	20	15	15	14	15	18	19	17	15	13	14	12	17	12	14	18	19	20	16	18	13	13	14	11	11	14	13	12	17	10	11	18	10	12	10	15	11	11	13	10	19	12	16	14	18	12	18	14	16	16	11	11	18	15	13	16	15	17	15	13	20	18	15	10	18	19	10	12	10	10	14	12	10	11	12	18	18	20	19	16	18	15	10	16	17	10	20	15	19	15	16	11	19	19	11	10	14	18	12	19	19	19	18	14	19	10	15	10	18	18	15	12	20	13	15	12	12	12	10	15	20	13	10	18	13	14	18	11	18	11	18	14	16	11	16	18	15	16	12	11	10	16	17	20	16	11	19	14	15	13	18	11	20	15	14	13	10	13	13	15	20	13	19	16	13	19	17	11	17	19	12	14	11	14	17	11	14	13	15	19	15	11	16	15	11	16	12	11	16	19	19	19	15	15	10	12	18	13	14	16	12	20	11	19	20	15	17	17	10	13	13	17	17	20	15	18	16	17	15	15	16	20	18	11	20	20	16	10	20	17	19	19	17	10	14	13	20	13	20	16	15	19	15	15	15	20	15	17	19	19	18	15	11	11	20	17	15	17	18	20	15	16	18	12	16	11	15	15	14	12	15	14	12	16	19	14	17	15	20	20	18	18	20	20	20	10	13	14	16	11	13	20	13	11	17	14	13	12	15	19	14	19	11	18	18	19	14	13	16	14	13	10	10	18	18	16	11	11	16	20	16	16	14	15	17	10	17	16	11	12	17	16	19	10	14	20	11	12	12	10	18	17	15	11	12	18	14	20	20	10	16	19	19	17	15	12	16	10	19	16	12	12	15	12	12	12	11	20	10	17	13	11	18	15	10	11	20	10	12	16	20	17	15	13	20	15	16	17	16	15	18	18	20	17	13	19	13	14	11	16	10	13	16	19	20	18	14	12	19	20	16	20	15	20	20	16	18	12	14	11	11	17	19	12	16	18	18	20	17	11	19	20	16	13	19	12	16	16	16	20	10	10	15	14	12	17	13	17	14	15	13	19	12	10	14	11	11	19	11	13	14	11	15	19	13	20	13	14	17	18	11	18	10	16	13	17	10	20	18	10	20	17	18	14	17	17	17	15	16	15	10	20	15	18	12	13	18	13	15	20	12	20	18	11	17	12	10	13	16	19	13	18	11	15	16	12	15	15	15	13	10	11	11	13	10	10	15	19	11	11	13	19	19	20	19	18	20	12	10	19	15	17	14	12	16	13	10	20	12	16	17	17	18	18	18	16	20	19	13	13	13	15	13	13	16	14	14	12	14	12	13	15	10	15	12	12	13	11	12	20	17	19	20	19	19	17	14	18	12	14	19	13	19	19	19	16	15	20	14	18	11	20	15	12	14	17	11	16	19	16	10	12	19	18	20	20	16	20	18	17	12	10	20	16	15	13	11	12	20	12	20	14	11	18	10	11	20	19	13	17	11	17	14	13	19	16	15	10	20	10	17	12	19	12	11	12	10	10	16	18	12	18	13	15	12	16	13	15	17	14	14	18	13	11	16	12	16	15	14	20	13	15	12	12	16	15	10	15	12	15	14	12	20	13	15	14	15	17	16	20	19	12	17	10	16	14	10	15	19	11	16	10	20	19	16	16	16	19	14	16	19	14	16	20	19	10	20	12	20	16	20	15	12	19	16	16	19	13	13	13	20	13	14	16	11	20	16	17	20	20	15	14	16	18	11	11	20	19	11	16	19	17	16	16	20	12	10	13	13	12	13	12	11	18	19	19	13	18	12	20	11	19	18	19	13	20	12	20	15	12	10	11	16	11	17	19	18	20	12	17	12	14	18	12	15	14	13	11	19	12	16	20	16	20	19	19	15	12	13	16	11	11	12	17	20	14	17	17	10	12	19	17	19	18	13	11	13	17	10	18	13	18	12	16	18	15	11	13	13	17	12	16	12	14	10	20	15	11	11	11	14	20	11	17	19	15	15	17	13	12	19	10	11	20	16	14	10	12	20	12	10	10	16	16	16	13	11	13	17	19	14	10	19	19	16	14	20	20	19	19	15	20	15	17	17	17	11	13	10	20	16	18	11	17	13	13	10	10	12	14	16	20	14	19	14	19	11	18	16	19	11	15	15	16	13	10	15	19	11	10	16	15	17	20	11	17	13	20	15	11	15	15	11	12	16	10	15	20	20	15	18	17	11	12	20	18	11	16	10	17	14	19	10	12	18	14	16	
1	1	1	1	1	1	1	1	1	1	1	1	1	1	1	1	1	1	1	1	1	1	1	1	2	2	2	2	2	2	2	2	2	2	2	2	2	2	2	2	2	2	2	2	2	2	2	2	3	3	3	3	3	3	3	3	3	3	3	3	3	3	3	3	3	3	3	3	4	4	4	4	4	4	4	4	4	4	4	4	4	4	4	4	4	4	4	4	4	4	4	4	4	4	4	5	5	5	5	5	5	5	5	5	5	5	5	5	5	5	5	5	5	5	5	5	5	5	5	6	6	6	6	6	6	6	6	6	6	6	6	6	6	6	6	6	6	6	6	6	6	6	6	6	6	6	6	6	7	7	7	7	7	7	7	7	7	7	7	7	7	7	7	7	7	7	7	7	8	8	8	8	8	8	8	8	8	8	8	8	8	8	8	8	8	8	8	8	8	8	8	8	9	9	9	9	9	9	9	9	9	9	9	9	9	9	9	9	9	9	9	9	9	9	10	10	10	10	10	10	10	10	10	10	10	10	10	10	11	11	11	11	11	11	11	11	11	11	11	11	11	11	11	11	11	11	11	11	11	11	11	11	12	12	12	12	12	12	12	12	12	12	12	12	12	12	12	12	12	12	12	12	12	12	12	12	12	13	13	13	13	13	13	13	13	13	13	13	13	13	13	13	13	13	13	13	13	13	13	13	13	13	14	14	14	14	14	14	14	14	14	14	14	14	14	14	14	14	14	14	14	14	14	14	14	14	14	15	15	15	15	15	15	15	15	15	15	15	15	15	15	15	15	15	15	15	15	15	15	15	15	16	16	16	16	16	16	16	16	16	16	16	16	16	16	16	16	16	16	16	17	17	17	17	17	17	17	17	17	17	17	17	17	17	17	17	17	17	17	17	17	17	17	17	17	17	18	18	18	18	18	18	18	18	18	18	18	18	18	18	18	18	18	18	18	18	19	19	19	19	19	19	19	19	19	19	19	19	19	19	19	19	19	19	19	19	20	20	20	20	20	20	20	20	20	20	20	20	20	20	20	20	20	20	20	21	21	21	21	21	21	21	21	21	21	21	21	21	21	21	21	21	21	21	21	21	21	21	21	22	22	22	22	22	22	22	22	22	22	22	22	22	22	22	22	22	22	22	22	22	22	22	22	23	23	23	23	23	23	23	23	23	23	23	23	23	23	23	23	23	23	23	23	23	24	24	24	24	24	24	24	24	24	24	24	24	24	24	24	24	24	24	24	24	24	24	24	24	24	24	24	24	24	24	25	25	25	25	25	25	25	25	25	25	25	25	25	25	25	25	25	25	25	25	25	26	26	26	26	26	26	26	26	26	26	26	26	26	26	26	26	26	26	26	26	26	26	26	26	26	26	27	27	27	27	27	27	27	27	27	27	27	27	27	27	27	27	27	27	27	27	27	27	27	28	28	28	28	28	28	28	28	28	28	28	28	28	28	28	28	28	28	28	28	28	29	29	29	29	29	29	29	29	29	29	29	29	29	29	29	29	30	30	30	30	30	30	30	30	30	30	30	30	30	30	30	30	30	30	30	30	30	31	31	31	31	31	31	31	31	31	31	31	31	31	31	31	31	31	31	31	31	31	31	32	32	32	32	32	32	32	32	32	32	32	32	32	32	32	32	32	32	32	32	32	32	32	32	33	33	33	33	33	33	33	33	33	33	33	33	33	33	33	33	33	33	33	34	34	34	34	34	34	34	34	34	34	34	34	34	34	34	34	34	34	34	34	34	34	34	35	35	35	35	35	35	35	35	35	35	35	35	35	35	35	35	36	36	36	36	36	36	36	36	36	36	36	36	36	36	36	36	37	37	37	37	37	37	37	37	37	37	37	37	37	37	37	37	37	37	38	38	38	38	38	38	38	38	38	38	38	38	38	38	38	38	38	38	38	38	38	38	38	38	38	38	39	39	39	39	39	39	39	39	39	39	39	39	39	39	39	39	39	39	39	39	39	39	39	39	39	39	39	40	40	40	40	40	40	40	40	40	40	40	40	40	40	40	40	40	40	40	40	40	40	40	40	40	40	41	41	41	41	41	41	41	41	41	41	41	41	41	41	41	42	42	42	42	42	42	42	42	42	42	42	42	42	42	42	42	42	42	42	43	43	43	43	43	43	43	43	43	43	43	43	43	43	43	43	43	44	44	44	44	44	44	44	44	44	44	44	44	44	44	44	44	44	44	44	44	44	44	44	44	44	44	44	45	45	45	45	45	45	45	45	45	45	45	45	45	45	45	45	45	45	45	45	45	45	45	
