1000
30	3
506	25.3
31	27	30	28	27	29	28	29	26	26	31	28	29	31	26	27	26	26	30	29	31	26	28	27	31	31	29	31	30	28	27	31	28	26	27	30	27	26	27	28	26	26	31	29	26	28	27	29	31	26	26	26	26	30	30	29	30	29	31	28	27	31	29	30	30	29	30	26	27	30	31	28	26	28	27	26	26	28	26	27	27	30	26	31	29	30	31	27	29	27	29	26	30	28	30	30	26	30	31	28	26	26	28	30	30	28	28	27	26	31	26	31	26	27	31	26	26	27	29	28	29	30	29	28	30	26	31	28	26	30	27	29	31	30	26	29	28	28	31	30	28	29	29	28	28	28	29	28	27	30	27	29	28	29	27	27	30	28	28	28	31	26	27	30	29	30	31	26	29	28	27	28	26	28	28	27	27	27	30	30	30	26	28	26	29	26	28	27	28	28	29	31	30	30	31	31	29	27	31	29	29	30	30	30	29	27	30	30	30	28	26	29	27	31	29	31	27	26	26	30	29	27	30	27	30	26	31	29	28	29	31	31	26	30	30	29	27	29	30	30	27	28	27	31	26	26	28	30	26	31	27	27	31	30	26	29	26	27	29	26	26	26	29	29	30	27	28	29	29	26	27	30	31	29	29	28	28	31	31	31	28	27	28	28	28	26	28	27	27	29	27	31	26	27	29	29	29	31	30	27	29	28	28	29	29	26	31	28	29	27	30	26	30	30	31	28	29	26	27	27	31	26	27	26	31	29	30	29	28	30	27	30	30	31	30	31	28	31	29	30	27	28	31	30	31	30	26	30	27	28	31	30	31	31	31	31	26	27	26	31	31	29	27	31	29	31	31	28	28	29	27	27	30	31	31	29	27	27	31	26	26	29	28	27	27	31	26	27	29	27	30	29	31	30	29	29	27	31	31	31	31	28	27	26	28	27	28	26	29	28	31	27	29	30	29	27	29	31	28	30	31	28	26	31	31	27	28	27	28	30	28	30	28	29	30	31	26	31	26	26	28	28	28	30	30	29	31	26	27	31	27	28	28	28	30	29	30	29	31	27	31	27	29	29	26	29	28	29	27	26	27	31	26	30	28	30	28	28	28	31	30	29	27	27	30	29	30	30	29	30	27	30	30	30	30	31	31	26	28	30	31	31	30	30	26	27	27	27	31	31	27	31	30	28	28	28	30	28	29	27	26	28	30	28	26	27	27	31	27	31	26	27	27	28	29	26	27	27	27	26	30	26	30	29	29	27	30	28	27	30	27	27	26	31	26	30	28	28	27	29	29	30	28	26	30	29	31	28	29	28	29	26	28	30	27	27	30	27	31	28	26	27	29	27	30	30	26	27	31	27	28	31	29	29	29	29	30	26	29	28	30	27	30	26	31	26	27	30	30	28	29	27	28	28	29	29	29	31	27	28	26	30	31	29	26	30	29	31	31	26	27	29	30	27	28	26	28	26	30	30	27	27	30	31	31	30	28	30	28	29	26	28	29	31	30	27	28	28	31	27	30	29	27	26	28	26	31	26	26	31	28	30	30	26	26	31	31	30	26	28	30	31	31	29	26	30	29	29	29	28	27	27	27	30	29	31	30	27	27	31	31	26	31	26	28	29	30	26	31	26	29	31	27	31	29	27	26	30	27	28	31	26	29	26	26	29	30	31	30	30	30	30	30	31	26	26	26	29	29	31	30	30	26	31	26	28	27	26	27	26	30	27	28	31	30	29	29	31	29	31	31	29	28	27	26	26	26	29	28	27	28	29	30	30	28	29	26	26	28	31	28	26	28	28	29	30	26	30	29	28	27	30	30	29	27	26	29	31	29	26	26	28	30	30	29	27	27	29	27	26	27	28	31	26	27	27	26	26	28	30	26	27	31	30	30	31	30	30	27	31	27	31	28	27	26	30	28	27	29	30	26	29	31	27	26	29	30	30	26	30	26	30	28	26	30	26	27	29	28	27	28	30	31	29	26	30	29	29	30	27	26	28	30	31	26	30	30	28	31	30	30	30	28	26	29	31	31	28	29	29	28	28	31	28	28	31	28	28	30	29	31	30	28	30	31	26	30	26	30	27	26	31	31	26	26	31	27	26	29	28	28	31	31	30	30	31	30	28	26	27	26	26	29	26	31	28	28	30	27	29	31	28	28	28	27	30	27	26	27	31	28	28	28	26	29	30	27	29	26	30	30	26	26	31	27	30	31	30	30	29	29	27	26	29	26	26	30	30	29	31	29	31	26	26	30	31	31	31	29	29	31	30	26	28	31	26	29	28	29	26	
77	76	82	93	86	90	81	80	88	92	79	79	84	87	79	81	83	84	78	83	92	93	85	91	89	88	80	76	77	90	87	87	90	89	79	89	77	77	76	87	92	81	87	81	91	91	77	92	87	94	90	85	92	78	89	91	87	76	83	81	90	89	78	90	87	85	90	81	76	89	83	94	79	83	86	81	76	78	94	81	84	92	81	92	84	88	76	93	80	80	91	85	84	90	91	78	82	93	84	90	87	84	84	92	85	88	84	86	77	91	94	91	79	77	83	79	77	86	94	81	92	92	86	76	85	82	90	76	79	78	83	83	82	93	83	80	91	84	79	76	92	79	90	82	83	86	88	82	76	91	77	76	88	77	90	81	83	78	94	88	77	87	90	77	89	94	79	84	78	90	94	91	79	83	78	83	88	93	93	82	89	85	87	76	91	86	78	76	82	77	92	86	78	79	80	79	79	80	83	89	91	89	89	79	93	90	93	88	76	88	85	86	82	77	79	86	85	91	84	76	79	90	76	80	92	92	94	84	88	83	80	77	91	77	85	83	84	80	92	84	76	80	87	85	88	88	84	94	76	90	89	76	93	91	79	89	93	79	89	88	92	86	76	77	81	79	89	87	94	94	94	89	88	82	94	85	89	88	83	91	78	77	90	83	91	93	80	83	78	83	88	81	79	85	89	81	93	81	91	84	86	83	89	76	83	83	84	83	90	86	79	89	88	79	77	82	88	84	91	79	78	92	91	79	80	84	89	79	84	86	81	94	80	80	92	80	81	93	92	91	89	81	77	77	84	84	77	81	94	81	90	92	76	84	84	87	89	89	86	89	77	76	84	94	85	89	86	86	84	80	76	88	77	79	85	93	88	87	85	92	90	92	90	84	79	80	88	87	81	88	86	77	78	91	92	85	86	83	88	82	83	86	94	76	79	80	92	85	84	82	92	90	79	88	84	80	81	84	86	77	80	88	92	92	79	94	90	83	86	91	87	93	94	82	89	82	84	91	93	93	86	82	80	89	93	89	76	78	83	80	90	85	91	87	91	77	92	85	89	88	81	82	83	85	87	86	81	82	89	82	92	91	83	78	86	84	81	76	94	92	87	86	83	89	88	78	88	88	91	92	83	87	84	78	84	76	83	94	91	91	81	87	86	86	92	93	92	86	76	78	81	91	84	80	83	86	86	80	79	79	88	85	77	89	90	84	83	82	87	79	86	77	94	89	76	91	92	83	85	77	88	92	88	85	86	84	84	82	76	81	94	87	86	78	94	89	84	91	79	93	84	84	76	78	84	84	85	81	89	76	90	85	76	91	87	76	86	85	90	91	82	76	80	94	81	91	81	77	92	83	89	82	94	80	78	89	79	78	79	79	76	90	88	92	88	86	82	78	92	93	79	83	82	77	77	80	82	82	89	82	82	86	93	80	77	94	80	91	88	77	92	83	79	76	76	84	84	90	76	81	77	78	82	85	94	83	82	93	80	78	86	77	87	94	90	86	91	93	82	89	79	88	82	76	91	78	88	79	89	85	78	91	85	83	84	79	89	81	80	76	85	77	79	91	88	79	88	93	88	76	90	76	93	92	85	90	78	94	80	76	92	83	92	84	78	85	76	80	90	83	82	83	77	84	76	78	91	76	77	84	89	88	77	85	94	87	79	76	93	81	76	87	77	85	77	94	81	84	76	80	77	77	88	76	89	82	83	94	90	80	83	81	79	83	88	91	87	79	77	77	87	76	80	92	84	78	89	91	90	91	81	84	76	87	80	76	77	87	77	94	91	83	76	92	93	91	93	76	88	88	81	83	90	82	94	82	92	92	84	76	78	94	82	79	85	86	82	90	87	90	77	89	92	88	85	82	84	78	79	89	88	83	82	94	83	77	80	87	86	77	77	92	93	87	84	86	88	92	87	88	91	89	79	77	85	91	91	90	82	82	76	77	76	87	77	81	80	87	90	81	87	78	88	85	93	79	92	87	88	83	80	87	94	77	83	91	90	76	88	83	86	81	80	79	88	79	88	83	91	90	90	92	85	88	90	93	92	94	79	83	82	78	79	78	94	87	85	88	80	93	82	90	80	85	94	86	77	78	93	76	92	87	89	89	86	90	88	93	80	92	90	90	89	89	90	83	81	81	84	92	83	89	80	91	80	80	82	87	83	77	92	82	83	88	78	86	87	91	83	94	88	93	86	88	80	76	77	77	88	85	81	92	89	88	82	78	76	79	77	76	89	77	88	90	83	76	92	79	82	81	88	84	94	90	78	89	90	91	92	80	
13.2	31.9	22	17.6	20.9	33	31.9	13.2	13.2	17.6	31.9	23.1	26.4	19.8	25.3	16.5	30.8	24.2	28.6	22	33	31.9	26.4	13.2	13.2	19.8	22	12.1	13.2	26.4	14.3	23.1	14.3	24.2	11	13.2	26.4	28.6	17.6	18.7	12.1	28.6	20.9	29.7	20.9	25.3	28.6	16.5	11	31.9	15.4	16.5	27.5	25.3	15.4	23.1	11	26.4	27.5	28.6	25.3	22	13.2	25.3	20.9	29.7	26.4	16.5	23.1	26.4	11	24.2	27.5	24.2	18.7	27.5	16.5	24.2	29.7	13.2	25.3	15.4	25.3	33	19.8	14.3	29.7	14.3	13.2	31.9	24.2	23.1	13.2	18.7	29.7	26.4	27.5	27.5	13.2	12.1	19.8	26.4	30.8	26.4	28.6	33	12.1	14.3	23.1	17.6	13.2	14.3	15.4	22	26.4	29.7	22	18.7	12.1	14.3	13.2	33	13.2	19.8	28.6	24.2	22	26.4	13.2	24.2	22	14.3	26.4	13.2	23.1	17.6	13.2	19.8	15.4	17.6	14.3	28.6	15.4	25.3	23.1	19.8	12.1	16.5	23.1	23.1	16.5	11	13.2	18.7	22	17.6	33	20.9	18.7	23.1	17.6	17.6	27.5	26.4	29.7	26.4	27.5	26.4	31.9	16.5	20.9	28.6	33	18.7	19.8	31.9	12.1	23.1	29.7	27.5	23.1	18.7	11	13.2	17.6	31.9	14.3	18.7	29.7	25.3	26.4	23.1	30.8	24.2	33	30.8	15.4	22	18.7	27.5	26.4	18.7	26.4	16.5	24.2	24.2	11	30.8	24.2	15.4	11	18.7	31.9	11	33	13.2	28.6	27.5	11	20.9	28.6	25.3	33	20.9	12.1	23.1	25.3	11	30.8	20.9	33	26.4	15.4	18.7	22	25.3	19.8	31.9	17.6	31.9	13.2	13.2	13.2	31.9	28.6	14.3	11	27.5	16.5	33	15.4	27.5	15.4	18.7	28.6	20.9	14.3	29.7	28.6	18.7	15.4	20.9	13.2	13.2	25.3	19.8	14.3	11	13.2	33	11	26.4	29.7	26.4	30.8	24.2	31.9	33	22	30.8	23.1	14.3	33	27.5	22	29.7	18.7	17.6	24.2	23.1	19.8	31.9	27.5	31.9	18.7	30.8	29.7	20.9	15.4	18.7	11	19.8	15.4	26.4	27.5	27.5	25.3	31.9	16.5	25.3	24.2	16.5	22	24.2	20.9	11	27.5	30.8	24.2	30.8	11	14.3	30.8	18.7	15.4	26.4	27.5	12.1	26.4	22	26.4	19.8	27.5	22	24.2	18.7	23.1	11	22	30.8	23.1	14.3	24.2	26.4	25.3	15.4	18.7	12.1	24.2	30.8	17.6	20.9	19.8	27.5	15.4	31.9	22	12.1	15.4	18.7	13.2	33	27.5	13.2	29.7	15.4	24.2	26.4	24.2	18.7	12.1	33	33	12.1	15.4	14.3	26.4	18.7	25.3	27.5	29.7	11	17.6	28.6	23.1	20.9	30.8	22	11	19.8	25.3	31.9	27.5	13.2	18.7	19.8	33	33	18.7	24.2	13.2	33	19.8	22	17.6	33	20.9	11	13.2	29.7	33	17.6	13.2	19.8	25.3	11	27.5	31.9	25.3	29.7	17.6	11	26.4	15.4	22	22	23.1	33	29.7	22	16.5	20.9	16.5	22	20.9	15.4	31.9	20.9	19.8	18.7	25.3	31.9	17.6	12.1	18.7	11	16.5	18.7	15.4	17.6	17.6	17.6	17.6	29.7	24.2	17.6	29.7	15.4	28.6	11	14.3	30.8	22	18.7	13.2	33	29.7	31.9	17.6	20.9	26.4	30.8	33	13.2	24.2	17.6	11	16.5	11	24.2	28.6	22	14.3	18.7	17.6	26.4	24.2	29.7	24.2	14.3	31.9	14.3	11	23.1	17.6	16.5	16.5	26.4	11	17.6	28.6	29.7	13.2	12.1	16.5	14.3	22	15.4	12.1	29.7	15.4	28.6	22	16.5	25.3	16.5	20.9	20.9	29.7	26.4	29.7	23.1	24.2	29.7	28.6	16.5	17.6	22	12.1	29.7	29.7	13.2	16.5	18.7	28.6	22	31.9	31.9	29.7	16.5	14.3	28.6	11	14.3	31.9	19.8	20.9	16.5	25.3	12.1	22	18.7	29.7	18.7	24.2	31.9	13.2	17.6	26.4	18.7	18.7	33	31.9	17.6	29.7	31.9	13.2	25.3	28.6	24.2	17.6	14.3	20.9	26.4	33	23.1	30.8	11	16.5	30.8	19.8	33	25.3	12.1	20.9	26.4	13.2	22	26.4	11	27.5	28.6	28.6	12.1	31.9	16.5	27.5	33	15.4	28.6	29.7	15.4	20.9	19.8	15.4	24.2	29.7	24.2	14.3	16.5	18.7	25.3	29.7	17.6	14.3	23.1	22	18.7	23.1	17.6	19.8	14.3	16.5	16.5	27.5	28.6	16.5	28.6	27.5	31.9	16.5	27.5	25.3	24.2	27.5	23.1	25.3	12.1	17.6	18.7	16.5	31.9	13.2	31.9	20.9	27.5	26.4	11	24.2	29.7	25.3	30.8	17.6	11	19.8	20.9	13.2	24.2	26.4	27.5	16.5	26.4	24.2	18.7	17.6	30.8	20.9	12.1	14.3	24.2	19.8	20.9	26.4	23.1	14.3	31.9	33	15.4	22	20.9	17.6	23.1	26.4	18.7	30.8	17.6	18.7	16.5	27.5	12.1	16.5	31.9	12.1	27.5	18.7	20.9	24.2	33	14.3	15.4	11	20.9	29.7	18.7	13.2	14.3	16.5	23.1	19.8	24.2	20.9	23.1	25.3	19.8	20.9	15.4	31.9	17.6	22	24.2	20.9	33	29.7	13.2	18.7	31.9	24.2	31.9	26.4	23.1	30.8	20.9	14.3	12.1	29.7	25.3	20.9	27.5	30.8	14.3	33	11	11	27.5	24.2	29.7	30.8	19.8	20.9	12.1	18.7	25.3	13.2	14.3	29.7	12.1	13.2	27.5	24.2	27.5	25.3	24.2	31.9	20.9	23.1	13.2	11	23.1	12.1	22	22	14.3	18.7	17.6	25.3	22	25.3	16.5	18.7	24.2	12.1	18.7	29.7	26.4	19.8	14.3	19.8	19.8	22	28.6	11	26.4	30.8	27.5	33	29.7	20.9	30.8	19.8	20.9	15.4	13.2	24.2	29.7	18.7	25.3	31.9	11	11	31.9	30.8	14.3	11	23.1	13.2	13.2	11	27.5	11	31.9	15.4	26.4	23.1	16.5	23.1	20.9	14.3	14.3	30.8	11	19.8	11	22	24.2	28.6	33	18.7	33	15.4	33	13.2	28.6	14.3	16.5	18.7	33	26.4	26.4	23.1	25.3	30.8	18.7	16.5	15.4	13.2	12.1	20.9	26.4	30.8	15.4	12.1	31.9	25.3	26.4	31.9	30.8	27.5	16.5	11	28.6	31.9	13.2	15.4	15.4	11	30.8	29.7	26.4	31.9	23.1	16.5	24.2	28.6	25.3	20.9	29.7	29.7	24.2	17.6	29.7	19.8	17.6	23.1	33	31.9	14.3	28.6	31.9	20.9	31.9	28.6	22	26.4	15.4	15.4	31.9	27.5	13.2	25.3	11	23.1	31.9	14.3	18.7	24.2	25.3	28.6	18.7	12.1	18.7	28.6	16.5	20.9	18.7	13.2	29.7	26.4	12.1	18.7	24.2	30.8	26.4	12.1	13.2	15.4	14.3	29.7	25.3	27.5	16.5	29.7	33	33	25.3	20.9	20.9	25.3	26.4	20.9	12.1	14.3	22	29.7	12.1	23.1	30.8	17.6	13.2	15.4	30.8	20.9	16.5	13.2	16.5	20.9	23.1	30.8	22	13.2	26.4	25.3	18.7	24.2	26.4	15.4	33	17.6	25.3	24.2	25.3	12.1	28.6	22	16.5	28.6	14.3	11	17.6	27.5	26.4	20.9	18.7	18.7	24.2	22	23.1	30.8	19.8	23.1	26.4	
16.5	23.1	12.1	14.3	14.3	12.1	19.8	19.8	28.6	14.3	19.8	26.4	30.8	33	29.7	33	15.4	11	27.5	19.8	31.9	12.1	24.2	30.8	16.5	20.9	29.7	12.1	31.9	33	26.4	18.7	31.9	22	16.5	12.1	31.9	29.7	33	26.4	11	22	27.5	15.4	23.1	15.4	27.5	22	30.8	11	19.8	14.3	30.8	12.1	24.2	31.9	27.5	19.8	26.4	13.2	15.4	23.1	22	28.6	25.3	18.7	33	23.1	31.9	20.9	27.5	22	19.8	31.9	20.9	15.4	27.5	29.7	24.2	31.9	29.7	23.1	29.7	18.7	15.4	19.8	11	26.4	31.9	14.3	23.1	18.7	24.2	30.8	14.3	25.3	22	19.8	23.1	28.6	11	16.5	26.4	14.3	19.8	17.6	27.5	18.7	33	29.7	28.6	12.1	22	22	16.5	20.9	11	31.9	27.5	20.9	27.5	11	30.8	19.8	25.3	16.5	11	17.6	22	33	17.6	25.3	33	15.4	29.7	13.2	14.3	27.5	15.4	18.7	26.4	28.6	12.1	33	25.3	13.2	33	27.5	15.4	24.2	22	17.6	19.8	17.6	11	19.8	28.6	19.8	25.3	16.5	20.9	30.8	25.3	14.3	22	17.6	14.3	16.5	28.6	25.3	16.5	13.2	26.4	14.3	14.3	27.5	27.5	14.3	24.2	23.1	25.3	29.7	19.8	13.2	22	12.1	16.5	19.8	30.8	24.2	29.7	20.9	20.9	23.1	19.8	24.2	16.5	23.1	23.1	30.8	11	31.9	15.4	16.5	24.2	27.5	20.9	31.9	16.5	19.8	12.1	23.1	11	14.3	27.5	16.5	24.2	13.2	22	16.5	16.5	29.7	19.8	28.6	23.1	33	29.7	11	29.7	16.5	28.6	15.4	23.1	12.1	18.7	16.5	28.6	14.3	24.2	17.6	12.1	20.9	13.2	20.9	26.4	19.8	26.4	25.3	22	13.2	16.5	17.6	27.5	19.8	13.2	23.1	20.9	22	25.3	16.5	33	26.4	15.4	12.1	18.7	33	20.9	13.2	28.6	11	23.1	33	27.5	27.5	16.5	23.1	24.2	33	12.1	19.8	17.6	29.7	11	16.5	33	14.3	24.2	13.2	31.9	25.3	11	24.2	24.2	19.8	24.2	19.8	19.8	26.4	23.1	12.1	16.5	18.7	28.6	20.9	28.6	22	20.9	16.5	23.1	18.7	25.3	16.5	31.9	20.9	12.1	16.5	33	26.4	31.9	26.4	14.3	31.9	33	11	23.1	13.2	33	17.6	30.8	29.7	12.1	13.2	31.9	15.4	17.6	23.1	27.5	25.3	19.8	19.8	24.2	31.9	30.8	13.2	19.8	14.3	11	18.7	22	29.7	23.1	17.6	29.7	31.9	17.6	31.9	33	20.9	23.1	31.9	15.4	11	17.6	25.3	16.5	23.1	24.2	18.7	22	31.9	20.9	11	26.4	14.3	33	20.9	12.1	15.4	24.2	12.1	17.6	14.3	31.9	17.6	28.6	20.9	31.9	29.7	22	11	18.7	31.9	18.7	31.9	13.2	31.9	11	12.1	17.6	22	11	17.6	23.1	30.8	14.3	11	26.4	20.9	14.3	18.7	29.7	13.2	11	27.5	12.1	30.8	33	29.7	19.8	25.3	16.5	19.8	20.9	17.6	16.5	11	24.2	15.4	12.1	30.8	20.9	14.3	14.3	18.7	15.4	29.7	29.7	11	26.4	17.6	17.6	30.8	30.8	25.3	17.6	12.1	24.2	15.4	23.1	25.3	30.8	13.2	26.4	23.1	28.6	26.4	19.8	15.4	27.5	30.8	29.7	31.9	15.4	14.3	25.3	23.1	16.5	13.2	28.6	20.9	23.1	27.5	25.3	19.8	31.9	25.3	16.5	33	33	29.7	27.5	13.2	20.9	24.2	24.2	20.9	29.7	12.1	16.5	23.1	23.1	26.4	26.4	30.8	31.9	26.4	27.5	23.1	19.8	17.6	29.7	31.9	33	33	16.5	28.6	14.3	31.9	13.2	30.8	30.8	31.9	30.8	26.4	17.6	29.7	22	25.3	12.1	29.7	27.5	16.5	24.2	28.6	16.5	24.2	11	28.6	30.8	28.6	16.5	15.4	18.7	15.4	27.5	31.9	27.5	27.5	14.3	11	27.5	25.3	25.3	19.8	12.1	31.9	15.4	11	27.5	16.5	29.7	33	17.6	16.5	26.4	16.5	15.4	11	20.9	13.2	24.2	18.7	24.2	19.8	16.5	26.4	20.9	13.2	14.3	11	20.9	14.3	25.3	24.2	31.9	31.9	27.5	12.1	28.6	22	13.2	15.4	24.2	30.8	24.2	11	13.2	23.1	29.7	24.2	19.8	19.8	28.6	27.5	33	30.8	16.5	30.8	13.2	22	23.1	23.1	22	16.5	16.5	29.7	17.6	11	23.1	12.1	25.3	13.2	23.1	30.8	18.7	24.2	30.8	26.4	25.3	12.1	12.1	22	13.2	24.2	22	19.8	27.5	28.6	25.3	26.4	27.5	27.5	33	19.8	14.3	27.5	12.1	23.1	30.8	25.3	25.3	31.9	20.9	25.3	11	31.9	15.4	13.2	22	13.2	22	28.6	31.9	22	17.6	30.8	14.3	29.7	15.4	29.7	30.8	18.7	17.6	14.3	17.6	31.9	23.1	17.6	29.7	17.6	17.6	11	24.2	33	26.4	12.1	25.3	16.5	31.9	17.6	31.9	31.9	15.4	28.6	12.1	22	28.6	16.5	13.2	23.1	31.9	28.6	23.1	28.6	20.9	29.7	29.7	27.5	18.7	22	28.6	23.1	16.5	20.9	33	25.3	22	18.7	15.4	33	25.3	19.8	23.1	18.7	12.1	15.4	28.6	23.1	12.1	33	20.9	28.6	25.3	19.8	16.5	15.4	31.9	26.4	12.1	17.6	29.7	26.4	14.3	27.5	31.9	24.2	31.9	27.5	23.1	28.6	33	28.6	14.3	17.6	11	23.1	18.7	12.1	20.9	19.8	29.7	27.5	30.8	19.8	26.4	13.2	13.2	22	27.5	30.8	16.5	25.3	11	13.2	14.3	24.2	17.6	30.8	15.4	29.7	17.6	24.2	28.6	22	31.9	30.8	23.1	31.9	20.9	13.2	27.5	28.6	26.4	25.3	28.6	29.7	28.6	13.2	14.3	19.8	23.1	24.2	27.5	12.1	19.8	26.4	14.3	24.2	30.8	23.1	22	24.2	17.6	26.4	26.4	24.2	27.5	22	24.2	24.2	25.3	17.6	31.9	30.8	16.5	12.1	13.2	30.8	33	28.6	25.3	17.6	24.2	24.2	26.4	13.2	20.9	27.5	17.6	11	19.8	14.3	25.3	33	16.5	17.6	33	26.4	25.3	14.3	18.7	14.3	27.5	27.5	28.6	22	31.9	19.8	33	14.3	33	24.2	28.6	13.2	11	12.1	29.7	22	23.1	14.3	31.9	27.5	15.4	33	31.9	11	12.1	31.9	28.6	27.5	29.7	17.6	29.7	29.7	16.5	13.2	15.4	31.9	11	14.3	20.9	14.3	14.3	12.1	15.4	11	20.9	30.8	28.6	17.6	22	30.8	19.8	13.2	17.6	26.4	11	27.5	18.7	18.7	12.1	13.2	29.7	14.3	22	28.6	27.5	28.6	25.3	17.6	14.3	12.1	26.4	27.5	27.5	26.4	13.2	33	13.2	33	16.5	23.1	28.6	18.7	33	24.2	17.6	12.1	14.3	11	18.7	12.1	20.9	22	28.6	24.2	24.2	18.7	15.4	23.1	13.2	25.3	14.3	23.1	25.3	16.5	28.6	23.1	11	11	19.8	18.7	22	12.1	20.9	29.7	15.4	14.3	16.5	29.7	30.8	16.5	18.7	20.9	19.8	18.7	23.1	33	23.1	26.4	17.6	26.4	29.7	29.7	33	31.9	18.7	33	29.7	24.2	13.2	13.2	23.1	14.3	20.9	26.4	22	26.4	20.9	18.7	28.6	29.7	18.7	27.5	23.1	27.5	28.6	20.9	23.1	29.7	
23.1	29.7	25.3	14.3	31.9	28.6	20.9	26.4	12.1	27.5	31.9	19.8	31.9	17.6	30.8	27.5	13.2	33	31.9	20.9	11	31.9	30.8	30.8	24.2	33	29.7	24.2	17.6	16.5	
20	15	18	17	12	13	18	18	18	15	13	14	16	13	13	18	14	19	10	12	11	11	16	14	20	17	10	17	14	12	11	12	10	12	10	18	13	14	17	17	17	19	11	14	14	15	10	17	15	15	12	15	13	11	11	18	16	19	18	18	11	19	17	19	14	11	12	19	15	19	15	13	19	17	20	16	10	19	17	20	11	11	20	13	19	16	18	18	14	17	16	16	20	12	15	15	16	10	14	11	14	15	17	11	16	16	16	19	14	16	15	14	10	13	20	20	12	18	13	13	14	13	13	14	18	18	20	13	14	20	17	20	14	20	10	15	15	17	10	11	14	19	15	16	13	13	12	16	19	11	16	14	20	17	19	13	16	11	11	19	17	12	18	13	17	10	19	13	18	12	13	13	17	20	19	15	20	19	15	15	10	18	10	11	10	17	13	14	12	18	12	13	10	12	17	12	19	18	10	12	10	14	13	18	19	13	13	15	18	12	16	16	17	10	15	20	16	11	13	20	16	10	16	12	19	11	11	12	14	10	18	13	12	12	11	14	10	16	12	18	16	15	15	10	16	14	17	16	16	17	12	19	10	14	16	16	10	16	16	10	19	12	13	11	14	17	20	10	14	14	17	18	12	17	19	11	12	17	14	14	19	10	20	14	12	13	19	18	11	16	13	12	19	18	16	18	15	17	17	11	20	16	18	15	19	20	12	20	17	14	17	14	20	16	17	10	12	11	14	11	11	19	14	16	20	12	16	12	20	18	12	10	13	13	11	13	19	14	14	20	13	19	20	19	10	14	17	16	19	16	15	12	19	19	15	14	14	19	16	16	15	17	13	20	16	12	18	18	10	17	17	15	12	11	15	19	19	12	10	10	17	12	12	16	20	16	12	16	16	17	19	13	18	13	12	12	16	12	16	10	18	16	12	16	20	10	14	18	17	12	10	10	18	13	18	15	15	14	11	12	13	14	13	16	10	13	18	16	10	19	13	19	10	18	20	19	19	17	19	10	19	16	13	12	17	10	12	17	16	11	10	19	17	11	12	19	12	15	19	12	15	16	11	15	16	17	18	16	17	20	13	19	17	18	14	17	14	13	13	14	16	15	11	17	17	16	15	13	11	14	13	13	14	17	17	12	20	17	13	17	14	11	10	10	19	14	13	20	18	11	17	12	10	17	12	16	16	17	16	12	19	20	18	18	16	12	20	16	11	18	18	10	13	10	15	14	12	12	18	15	17	12	15	19	10	20	12	19	15	11	11	13	11	20	10	19	15	15	12	20	13	20	18	11	20	14	10	19	11	11	17	17	19	18	10	17	17	20	18	14	18	15	20	13	20	11	15	18	16	15	14	16	20	11	18	17	10	12	15	14	15	20	13	14	17	18	20	14	14	14	11	15	11	10	16	14	13	13	14	18	18	10	12	11	17	17	18	19	15	14	19	10	12	11	15	17	10	20	17	18	18	12	18	15	16	19	20	19	10	12	20	18	19	16	10	17	11	10	13	10	17	15	15	13	15	12	19	10	14	16	10	17	10	20	17	16	19	20	10	19	20	11	10	17	18	19	10	18	18	16	15	15	18	16	12	12	12	13	18	15	20	13	18	13	11	13	16	13	17	10	11	19	19	20	12	11	16	11	11	20	11	13	20	17	19	17	13	12	17	17	17	15	16	12	19	18	14	12	19	20	14	11	17	12	14	16	20	16	18	11	18	12	17	18	11	11	10	13	16	12	17	20	12	16	14	14	10	12	12	20	19	17	16	13	20	16	16	13	17	11	11	12	17	11	14	14	17	12	19	12	17	10	13	13	10	11	12	20	19	20	17	16	18	17	13	20	20	14	18	11	19	19	20	13	18	12	14	19	15	16	20	20	17	11	16	13	13	11	12	19	18	18	19	18	10	19	14	11	17	14	20	17	13	13	19	20	14	11	16	11	10	17	10	20	14	16	10	18	10	20	13	17	12	13	18	13	20	10	12	11	14	16	20	15	17	20	19	14	20	11	12	13	13	18	11	19	15	11	11	10	17	11	15	14	14	19	18	17	15	19	13	19	17	16	14	12	11	14	20	19	17	18	14	15	19	15	10	20	18	17	16	19	19	13	11	12	17	17	11	10	16	12	19	15	11	14	14	11	12	16	13	10	12	11	16	11	10	19	16	13	11	11	19	17	20	16	10	10	16	14	19	17	14	18	20	20	17	11	11	19	15	17	17	19	18	13	20	11	18	11	11	15	19	14	18	20	10	20	15	13	15	13	12	18	14	15	20	17	14	14	
1	1	1	1	1	1	1	1	1	1	1	1	1	1	1	1	1	1	1	1	1	1	1	1	1	1	1	1	1	1	1	1	1	1	1	1	1	1	1	1	1	1	1	1	2	2	2	2	2	2	2	2	2	2	2	2	2	2	2	2	2	2	2	2	2	2	2	2	2	2	2	2	2	2	2	2	3	3	3	3	3	3	3	3	3	3	3	3	3	3	3	3	3	3	3	3	3	3	3	3	3	3	3	3	3	3	4	4	4	4	4	4	4	4	4	4	4	4	4	4	4	4	4	4	4	4	4	4	4	4	4	4	4	4	4	4	4	4	4	4	4	4	4	4	4	4	4	4	4	4	4	5	5	5	5	5	5	5	5	5	5	5	5	5	5	5	5	5	5	5	5	5	5	5	5	5	5	5	6	6	6	6	6	6	6	6	6	6	6	6	6	6	6	6	6	6	6	6	6	6	6	6	6	6	6	6	6	6	6	6	6	6	7	7	7	7	7	7	7	7	7	7	7	7	7	7	7	7	7	7	7	7	7	7	7	7	7	7	7	7	7	7	7	7	7	7	7	8	8	8	8	8	8	8	8	8	8	8	8	8	8	8	8	8	8	8	8	8	8	8	8	8	8	8	8	8	8	8	8	8	8	8	8	8	8	8	8	9	9	9	9	9	9	9	9	9	9	9	9	9	9	9	9	9	9	9	9	9	9	9	9	9	9	9	9	9	10	10	10	10	10	10	10	10	10	10	10	10	10	10	10	10	10	10	10	10	10	10	10	10	10	10	10	10	10	10	10	10	10	10	10	11	11	11	11	11	11	11	11	11	11	11	11	11	11	11	11	11	11	11	11	11	11	11	11	11	11	11	11	11	11	12	12	12	12	12	12	12	12	12	12	12	12	12	12	12	12	12	12	12	12	12	12	12	12	12	12	12	12	12	12	12	12	12	12	13	13	13	13	13	13	13	13	13	13	13	13	13	13	13	13	13	13	13	13	13	13	13	13	13	13	13	13	14	14	14	14	14	14	14	14	14	14	14	14	14	14	14	14	14	14	14	14	14	14	14	14	14	14	14	14	14	15	15	15	15	15	15	15	15	15	15	15	15	15	15	15	15	15	15	15	15	15	15	15	15	15	15	15	15	15	15	15	15	15	16	16	16	16	16	16	16	16	16	16	16	16	16	16	16	16	16	16	16	16	16	16	16	16	16	16	16	16	16	16	16	16	16	16	16	16	16	16	16	16	16	17	17	17	17	17	17	17	17	17	17	17	17	17	17	17	17	17	17	17	17	17	17	17	17	17	17	17	17	17	17	17	17	17	18	18	18	18	18	18	18	18	18	18	18	18	18	18	18	18	18	18	18	18	18	18	18	18	18	18	18	18	18	18	18	18	18	18	18	19	19	19	19	19	19	19	19	19	19	19	19	19	19	19	19	19	19	19	19	19	20	20	20	20	20	20	20	20	20	20	20	20	20	20	20	20	20	20	20	20	20	20	20	20	20	20	20	20	20	20	21	21	21	21	21	21	21	21	21	21	21	21	21	21	21	21	21	21	21	21	21	21	21	21	21	21	21	21	21	21	21	21	21	22	22	22	22	22	22	22	22	22	22	22	22	22	22	22	22	22	22	22	22	22	22	22	22	22	22	22	22	22	22	22	23	23	23	23	23	23	23	23	23	23	23	23	23	23	23	23	23	23	23	23	23	23	23	23	23	23	23	23	23	23	23	23	23	24	24	24	24	24	24	24	24	24	24	24	24	24	24	24	24	24	24	24	24	24	24	24	24	24	24	24	24	24	24	24	24	24	24	24	24	24	24	24	24	25	25	25	25	25	25	25	25	25	25	25	25	25	25	25	25	25	25	25	25	25	25	25	25	25	25	25	25	25	25	25	25	25	25	25	25	25	25	26	26	26	26	26	26	26	26	26	26	26	26	26	26	26	26	26	26	26	26	26	26	26	26	26	26	26	26	26	26	26	26	26	26	26	26	27	27	27	27	27	27	27	27	27	27	27	27	27	27	27	27	27	27	27	27	27	27	27	27	27	27	27	27	27	27	27	27	27	28	28	28	28	28	28	28	28	28	28	28	28	28	28	28	28	28	28	28	28	28	28	28	28	28	28	28	28	28	28	28	28	29	29	29	29	29	29	29	29	29	29	29	29	29	29	29	29	29	29	29	29	29	29	29	30	30	30	30	30	30	30	30	30	30	30	30	30	30	30	30	30	30	30	30	30	30	30	30	30	30	30	30	30	30	30	30	30	30	30	30	
