1000
15	2
1047	11
29	26	29	31	27	28	31	31	30	30	29	29	29	28	29	29	27	30	31	31	30	30	29	31	30	26	31	26	31	29	31	30	28	28	28	26	29	29	26	31	26	30	27	30	31	27	26	26	26	27	26	26	30	28	31	29	28	29	26	30	26	30	27	28	30	30	27	31	30	29	29	28	28	31	27	29	29	27	30	27	26	26	26	30	28	28	30	27	27	26	28	27	26	30	29	27	29	29	29	28	28	26	27	29	27	31	31	31	30	26	26	30	31	29	26	31	29	30	27	28	27	27	26	29	26	26	27	30	31	31	29	31	29	29	31	31	26	28	29	31	27	28	30	26	29	27	30	31	29	26	29	30	27	28	26	28	28	27	27	27	28	28	29	26	28	27	28	30	26	27	26	30	30	27	29	27	26	30	28	28	28	30	30	28	31	31	31	30	31	29	30	30	27	30	27	29	26	30	26	29	26	29	27	31	30	29	29	26	31	28	31	30	29	31	30	30	31	29	30	29	29	26	30	27	26	28	31	28	26	29	27	31	29	27	27	31	27	27	26	26	31	28	31	31	28	29	30	30	30	30	27	31	31	27	29	29	30	31	31	28	28	30	28	26	27	28	30	28	26	30	29	28	28	31	28	29	26	29	26	27	28	27	29	27	26	26	31	30	26	28	28	29	28	27	28	30	30	29	28	28	29	26	26	30	27	29	26	26	26	31	28	29	30	31	26	29	28	30	27	31	30	30	27	26	27	30	31	31	30	27	29	26	28	31	31	30	26	29	27	27	28	29	31	27	28	28	27	26	28	30	31	27	29	31	28	27	29	26	26	31	28	28	26	27	26	30	28	31	29	26	26	28	30	28	27	31	27	28	29	30	31	26	28	29	29	27	27	28	31	30	28	30	31	29	28	31	30	31	28	31	26	31	31	30	29	28	26	28	26	29	28	30	26	29	30	26	30	26	29	28	27	31	29	26	29	26	29	31	30	31	26	27	30	28	27	27	28	31	31	27	31	27	28	26	27	31	26	26	29	27	31	26	28	26	27	29	29	29	26	28	29	27	30	31	30	30	27	28	30	27	26	27	31	27	29	27	30	27	30	30	31	30	26	27	29	29	30	28	31	27	28	30	27	27	30	27	29	28	26	26	29	27	31	29	27	27	26	30	31	31	27	29	29	31	28	27	28	30	28	28	29	30	26	28	30	28	30	28	31	27	27	26	30	27	30	29	29	29	26	26	28	27	30	28	29	31	29	29	28	28	28	31	30	30	29	28	30	30	29	28	31	26	26	31	29	27	30	27	26	26	31	29	26	28	29	31	26	28	28	26	31	29	27	28	31	26	30	26	29	28	27	29	29	27	27	28	28	29	27	27	28	26	27	27	27	27	29	31	30	31	26	31	26	26	28	28	30	28	26	26	26	31	31	29	27	31	31	30	27	28	27	27	29	27	28	29	27	26	30	30	28	30	28	31	27	30	26	26	28	30	30	27	26	27	28	30	29	28	28	26	26	30	29	31	26	26	29	31	28	28	29	26	31	26	31	28	29	31	28	30	31	27	28	31	30	29	29	31	26	30	29	30	26	26	30	31	28	28	31	29	27	30	26	29	30	27	27	26	27	30	31	28	26	26	30	31	26	31	29	27	31	26	28	28	27	26	31	28	27	30	31	27	30	26	31	30	28	27	26	29	26	30	29	26	28	28	27	31	29	28	27	28	30	30	29	29	31	28	26	31	26	31	28	31	28	30	29	30	28	28	29	31	31	29	29	29	26	28	27	31	30	27	30	31	27	28	26	26	28	29	28	26	28	26	30	26	27	26	26	26	28	31	28	28	29	26	31	31	28	26	27	27	30	29	26	31	28	27	26	28	26	31	27	29	26	28	26	30	30	30	26	27	26	31	26	27	28	30	31	27	26	28	26	27	27	26	26	31	26	28	30	31	30	29	27	26	30	29	31	26	27	30	28	28	29	27	27	31	28	29	27	30	30	29	26	27	31	27	28	29	30	27	28	27	31	30	29	28	26	31	28	30	26	28	30	31	28	31	31	29	31	27	26	31	26	31	27	31	26	27	29	29	31	27	31	28	31	28	26	29	30	27	28	31	26	27	30	29	30	29	27	29	31	31	30	26	26	31	27	29	31	29	28	27	29	29	28	30	26	26	26	31	27	31	29	26	30	27	30	27	29	31	29	26	28	30	30	30	31	26	31	28	31	29	29	31	30	26	30	31	30	30	30	28	26	30	26	27	28	30	27	28	30	27	26	29	27	29	27	30	
90	89	87	91	87	92	90	83	86	85	92	79	89	89	93	90	87	81	78	82	77	87	82	90	78	78	92	83	76	93	86	86	91	82	85	87	89	88	87	90	77	94	85	84	93	92	82	94	82	91	87	87	94	85	76	87	76	92	80	92	84	76	86	87	94	81	88	82	92	79	93	93	78	76	94	94	88	87	87	87	79	86	91	92	92	94	94	83	83	91	79	80	88	87	81	76	78	83	78	93	93	89	82	90	91	88	86	88	87	79	81	93	80	81	83	86	77	91	93	77	77	93	79	90	93	88	78	87	80	94	77	80	92	85	87	79	94	79	80	88	83	77	84	92	89	79	83	90	78	80	88	91	87	84	84	88	80	89	79	81	83	93	86	80	78	77	85	82	81	94	85	94	80	82	89	94	77	86	78	89	87	92	93	89	84	93	91	82	91	86	91	76	87	84	79	81	93	79	83	94	94	82	86	78	91	85	85	77	76	91	87	79	88	92	94	80	86	90	85	89	83	82	89	94	88	92	78	76	82	90	93	78	93	82	80	76	77	83	87	76	91	94	87	83	86	82	91	77	83	78	90	82	90	91	79	90	82	78	90	91	85	82	94	82	89	92	83	93	81	92	92	79	78	81	90	93	83	92	76	83	87	92	81	94	86	94	91	89	82	76	90	94	91	87	79	76	82	89	89	78	83	88	80	77	84	94	92	80	86	91	78	90	87	92	92	83	89	83	89	87	83	94	91	84	86	84	81	91	88	84	77	94	80	84	79	89	77	85	94	93	78	76	86	87	88	94	90	80	94	76	76	78	91	78	77	93	83	87	94	76	79	85	87	77	81	84	77	84	91	93	81	78	79	93	78	84	78	88	80	91	83	80	94	78	84	92	76	91	85	82	78	77	91	83	87	81	76	81	89	89	81	91	88	80	83	80	91	94	79	83	83	88	78	87	85	84	82	91	94	88	92	85	85	90	91	81	89	94	89	84	91	80	93	78	90	91	84	82	79	93	80	76	92	80	93	84	93	82	84	86	90	89	84	90	86	79	87	83	85	88	82	80	87	88	86	90	92	86	78	87	79	82	94	82	87	78	90	77	84	90	89	82	89	79	92	87	82	90	88	94	85	84	76	82	82	89	93	91	80	78	77	89	76	91	82	87	91	93	94	87	88	78	91	76	92	88	87	91	89	85	85	82	77	78	84	81	86	76	81	90	76	92	91	79	79	83	78	80	77	92	81	88	80	84	83	83	94	77	94	89	83	84	76	89	87	91	94	89	77	87	83	76	94	93	76	93	84	78	76	78	91	91	93	88	89	85	76	84	90	78	85	86	91	83	83	82	84	79	84	94	80	92	78	83	94	78	88	78	92	84	86	93	76	82	83	90	86	94	82	79	78	84	82	84	88	78	94	90	92	90	77	76	90	80	85	91	91	78	78	84	93	89	77	77	85	93	83	86	88	85	86	80	92	91	82	91	88	79	85	91	86	88	82	83	86	79	76	85	88	84	82	87	76	91	86	86	88	80	78	91	94	83	91	76	76	76	88	77	91	77	94	92	85	76	78	85	76	82	85	79	87	89	86	86	92	82	82	94	86	82	88	85	85	81	83	86	78	89	83	90	85	90	84	93	83	82	88	86	78	81	90	93	92	85	94	92	86	86	84	93	86	82	93	87	90	83	84	90	78	91	81	91	89	91	94	86	77	88	92	91	78	76	85	87	91	83	93	88	92	85	89	80	81	94	80	87	84	86	92	91	86	85	86	85	78	76	94	93	76	93	88	90	94	79	90	90	92	92	86	92	85	90	77	92	85	81	86	84	85	94	87	78	90	82	82	91	92	83	86	81	79	78	94	76	86	86	81	86	94	89	81	94	87	89	91	92	91	81	86	78	82	93	94	80	85	89	94	90	88	88	87	78	94	81	89	93	89	84	81	78	80	85	82	91	92	88	88	91	93	93	85	91	79	76	92	89	94	85	78	77	83	81	93	80	92	79	90	86	80	77	76	86	90	88	79	93	89	89	90	77	82	85	80	76	78	78	86	86	94	86	88	90	82	93	94	92	88	82	84	87	88	91	92	77	80	76	76	78	80	77	77	86	90	88	86	94	82	86	76	90	79	89	93	78	80	93	86	93	89	83	83	94	85	78	79	78	79	91	94	93	90	76	85	93	92	76	87	89	79	81	76	77	81	78	84	87	87	80	86	78	91	90	82	84	80	90	90	94	77	90	89	94	91	80	78	79	76	84	76	77	84	92	83	84	93	84	82	78	80	83	
18.7	19.8	25.3	16.5	18.7	30.8	26.4	17.6	11	27.5	12.1	18.7	27.5	25.3	27.5	12.1	22	19.8	16.5	28.6	31.9	14.3	12.1	22	22	16.5	11	28.6	31.9	33	27.5	29.7	22	13.2	30.8	29.7	23.1	24.2	33	13.2	15.4	20.9	26.4	12.1	24.2	27.5	25.3	20.9	18.7	26.4	27.5	29.7	11	29.7	16.5	14.3	26.4	31.9	20.9	31.9	29.7	28.6	14.3	11	12.1	26.4	11	27.5	20.9	28.6	13.2	28.6	17.6	11	18.7	28.6	33	26.4	19.8	13.2	31.9	11	25.3	24.2	19.8	13.2	12.1	27.5	11	30.8	25.3	20.9	13.2	19.8	18.7	23.1	22	22	17.6	27.5	31.9	31.9	12.1	17.6	30.8	14.3	24.2	31.9	19.8	15.4	15.4	31.9	13.2	11	33	12.1	16.5	17.6	23.1	30.8	12.1	28.6	16.5	23.1	14.3	23.1	27.5	24.2	22	16.5	25.3	30.8	33	16.5	15.4	24.2	20.9	24.2	31.9	11	26.4	27.5	33	18.7	12.1	30.8	30.8	24.2	12.1	16.5	19.8	16.5	29.7	15.4	17.6	27.5	25.3	20.9	30.8	29.7	22	18.7	25.3	15.4	12.1	12.1	11	20.9	13.2	24.2	29.7	33	17.6	31.9	18.7	31.9	29.7	18.7	28.6	14.3	13.2	18.7	20.9	30.8	19.8	27.5	18.7	26.4	12.1	25.3	15.4	24.2	18.7	16.5	22	16.5	23.1	29.7	24.2	20.9	27.5	14.3	17.6	31.9	30.8	25.3	18.7	25.3	31.9	12.1	31.9	30.8	23.1	29.7	28.6	20.9	12.1	31.9	20.9	26.4	14.3	24.2	27.5	19.8	29.7	11	23.1	23.1	30.8	27.5	12.1	15.4	20.9	33	29.7	15.4	31.9	25.3	18.7	29.7	30.8	20.9	26.4	31.9	24.2	17.6	25.3	18.7	11	25.3	30.8	11	22	22	19.8	18.7	25.3	24.2	11	23.1	17.6	15.4	15.4	28.6	20.9	24.2	24.2	18.7	27.5	30.8	29.7	11	17.6	20.9	23.1	33	30.8	13.2	31.9	12.1	31.9	15.4	13.2	13.2	25.3	22	28.6	15.4	18.7	33	17.6	19.8	15.4	14.3	22	15.4	23.1	15.4	33	24.2	19.8	31.9	27.5	18.7	24.2	26.4	18.7	23.1	16.5	26.4	13.2	24.2	19.8	26.4	18.7	18.7	26.4	20.9	16.5	13.2	31.9	27.5	30.8	16.5	11	26.4	24.2	17.6	18.7	12.1	14.3	27.5	17.6	27.5	25.3	31.9	16.5	27.5	22	33	13.2	25.3	20.9	19.8	18.7	26.4	33	22	29.7	15.4	26.4	24.2	11	26.4	25.3	15.4	20.9	22	19.8	22	33	14.3	11	31.9	17.6	24.2	19.8	19.8	22	11	29.7	12.1	20.9	28.6	14.3	28.6	26.4	13.2	26.4	28.6	15.4	27.5	28.6	22	17.6	23.1	29.7	14.3	28.6	22	31.9	31.9	18.7	28.6	11	28.6	31.9	28.6	18.7	23.1	30.8	22	29.7	11	20.9	23.1	18.7	23.1	27.5	14.3	22	12.1	23.1	16.5	33	14.3	11	25.3	11	19.8	22	24.2	25.3	24.2	29.7	31.9	30.8	27.5	28.6	23.1	31.9	20.9	14.3	12.1	30.8	16.5	16.5	20.9	28.6	13.2	25.3	12.1	14.3	13.2	22	17.6	18.7	28.6	26.4	16.5	24.2	29.7	23.1	26.4	31.9	16.5	18.7	12.1	19.8	13.2	22	17.6	13.2	22	18.7	14.3	12.1	12.1	20.9	22	14.3	28.6	17.6	12.1	13.2	11	27.5	22	19.8	13.2	18.7	33	11	31.9	16.5	12.1	20.9	27.5	18.7	26.4	27.5	30.8	23.1	27.5	19.8	12.1	29.7	17.6	28.6	29.7	17.6	12.1	29.7	20.9	28.6	22	14.3	20.9	19.8	22	13.2	26.4	33	20.9	16.5	13.2	15.4	24.2	30.8	12.1	13.2	13.2	24.2	27.5	31.9	33	18.7	31.9	26.4	27.5	30.8	17.6	28.6	11	14.3	14.3	27.5	24.2	24.2	22	22	24.2	25.3	26.4	30.8	13.2	26.4	14.3	17.6	28.6	25.3	28.6	18.7	26.4	31.9	28.6	31.9	28.6	12.1	23.1	12.1	30.8	23.1	11	17.6	28.6	24.2	12.1	11	25.3	19.8	25.3	17.6	33	33	14.3	27.5	27.5	17.6	17.6	24.2	18.7	13.2	12.1	28.6	31.9	11	20.9	24.2	19.8	14.3	22	33	14.3	13.2	12.1	22	12.1	23.1	11	22	16.5	11	26.4	28.6	16.5	23.1	28.6	18.7	23.1	26.4	17.6	33	11	14.3	15.4	18.7	15.4	33	20.9	20.9	16.5	28.6	29.7	28.6	33	27.5	30.8	33	30.8	18.7	26.4	20.9	29.7	26.4	25.3	30.8	18.7	16.5	16.5	23.1	25.3	27.5	29.7	11	25.3	12.1	20.9	22	22	25.3	11	26.4	15.4	25.3	18.7	23.1	11	22	17.6	33	31.9	30.8	28.6	22	31.9	27.5	25.3	20.9	18.7	19.8	31.9	22	19.8	18.7	23.1	31.9	28.6	26.4	31.9	29.7	33	23.1	22	20.9	20.9	14.3	22	25.3	11	17.6	12.1	20.9	26.4	13.2	15.4	15.4	17.6	22	29.7	20.9	29.7	22	25.3	12.1	14.3	11	20.9	22	22	17.6	27.5	28.6	30.8	14.3	20.9	15.4	33	23.1	12.1	17.6	20.9	31.9	14.3	26.4	16.5	26.4	15.4	29.7	17.6	27.5	15.4	29.7	33	20.9	27.5	13.2	24.2	12.1	25.3	16.5	25.3	23.1	25.3	14.3	14.3	26.4	15.4	13.2	13.2	27.5	26.4	15.4	18.7	18.7	23.1	24.2	22	29.7	14.3	24.2	25.3	15.4	14.3	19.8	23.1	29.7	16.5	16.5	15.4	14.3	23.1	11	23.1	12.1	16.5	20.9	12.1	22	18.7	18.7	20.9	14.3	23.1	14.3	17.6	28.6	19.8	31.9	14.3	29.7	14.3	31.9	28.6	20.9	23.1	19.8	20.9	27.5	11	16.5	12.1	31.9	11	16.5	13.2	15.4	11	24.2	19.8	27.5	28.6	28.6	19.8	19.8	19.8	33	28.6	15.4	24.2	26.4	14.3	15.4	11	11	11	30.8	24.2	31.9	14.3	33	30.8	20.9	24.2	16.5	26.4	19.8	31.9	22	27.5	12.1	25.3	24.2	27.5	31.9	11	11	20.9	12.1	27.5	24.2	16.5	26.4	14.3	11	30.8	15.4	27.5	22	24.2	13.2	25.3	15.4	24.2	31.9	12.1	20.9	17.6	29.7	30.8	28.6	31.9	15.4	25.3	23.1	12.1	12.1	20.9	23.1	26.4	18.7	22	26.4	24.2	17.6	16.5	15.4	23.1	27.5	12.1	20.9	17.6	17.6	15.4	25.3	15.4	25.3	33	26.4	27.5	16.5	29.7	26.4	33	30.8	20.9	13.2	19.8	29.7	18.7	17.6	11	20.9	29.7	25.3	13.2	29.7	25.3	16.5	20.9	29.7	31.9	16.5	26.4	14.3	33	22	20.9	14.3	28.6	13.2	33	28.6	31.9	23.1	23.1	27.5	22	18.7	26.4	27.5	16.5	17.6	28.6	24.2	33	29.7	24.2	11	31.9	28.6	29.7	30.8	12.1	31.9	20.9	27.5	18.7	12.1	23.1	15.4	23.1	23.1	31.9	26.4	19.8	19.8	27.5	29.7	12.1	29.7	20.9	15.4	20.9	23.1	28.6	15.4	20.9	14.3	13.2	30.8	26.4	24.2	16.5	25.3	18.7	19.8	33	27.5	19.8	26.4	30.8	31.9	11	20.9	25.3	30.8	11	28.6	12.1	
22	20.9	27.5	27.5	17.6	13.2	24.2	23.1	29.7	19.8	14.3	22	30.8	19.8	14.3	11	11	33	29.7	20.9	19.8	29.7	13.2	20.9	15.4	25.3	23.1	22	11	24.2	17.6	14.3	28.6	19.8	27.5	22	20.9	26.4	24.2	17.6	18.7	25.3	24.2	12.1	27.5	30.8	27.5	30.8	14.3	28.6	25.3	20.9	16.5	14.3	31.9	12.1	24.2	18.7	17.6	14.3	16.5	14.3	15.4	20.9	17.6	20.9	26.4	19.8	14.3	13.2	31.9	33	11	18.7	23.1	30.8	14.3	17.6	20.9	25.3	26.4	11	29.7	14.3	26.4	15.4	17.6	22	20.9	26.4	25.3	31.9	13.2	15.4	22	25.3	12.1	26.4	13.2	14.3	16.5	22	20.9	28.6	33	33	17.6	17.6	26.4	18.7	22	18.7	17.6	31.9	25.3	18.7	22	11	30.8	30.8	14.3	17.6	33	17.6	33	20.9	27.5	22	25.3	19.8	14.3	31.9	33	27.5	17.6	12.1	14.3	33	17.6	20.9	14.3	28.6	11	19.8	30.8	28.6	31.9	12.1	26.4	15.4	25.3	20.9	30.8	26.4	18.7	17.6	22	11	27.5	20.9	19.8	14.3	17.6	18.7	33	13.2	22	22	26.4	25.3	12.1	19.8	23.1	14.3	16.5	25.3	25.3	15.4	24.2	20.9	26.4	18.7	12.1	23.1	30.8	26.4	18.7	23.1	25.3	19.8	27.5	31.9	25.3	24.2	24.2	28.6	13.2	20.9	29.7	13.2	31.9	15.4	24.2	25.3	14.3	13.2	13.2	25.3	27.5	20.9	23.1	15.4	12.1	13.2	29.7	31.9	14.3	14.3	27.5	13.2	29.7	15.4	30.8	31.9	30.8	23.1	25.3	19.8	16.5	13.2	19.8	12.1	33	29.7	31.9	26.4	26.4	17.6	27.5	23.1	11	16.5	16.5	23.1	29.7	29.7	16.5	31.9	16.5	29.7	20.9	31.9	24.2	11	22	16.5	20.9	15.4	26.4	14.3	16.5	14.3	18.7	12.1	29.7	19.8	17.6	29.7	28.6	13.2	16.5	29.7	28.6	25.3	16.5	17.6	19.8	25.3	22	30.8	30.8	25.3	24.2	28.6	29.7	23.1	12.1	13.2	15.4	28.6	13.2	29.7	24.2	18.7	26.4	16.5	27.5	12.1	24.2	11	29.7	20.9	12.1	13.2	29.7	23.1	33	24.2	33	29.7	29.7	14.3	33	29.7	16.5	16.5	29.7	17.6	31.9	23.1	22	26.4	12.1	22	25.3	20.9	24.2	15.4	18.7	24.2	11	16.5	23.1	24.2	31.9	23.1	31.9	18.7	26.4	20.9	20.9	19.8	17.6	29.7	18.7	14.3	23.1	26.4	20.9	23.1	11	17.6	12.1	13.2	18.7	14.3	27.5	11	17.6	24.2	24.2	23.1	22	27.5	19.8	31.9	16.5	29.7	19.8	19.8	28.6	33	17.6	17.6	16.5	27.5	27.5	33	11	27.5	29.7	17.6	30.8	20.9	19.8	24.2	16.5	24.2	31.9	23.1	27.5	19.8	28.6	26.4	20.9	31.9	12.1	23.1	16.5	26.4	24.2	31.9	23.1	20.9	27.5	20.9	16.5	31.9	11	23.1	31.9	27.5	11	23.1	14.3	16.5	13.2	14.3	25.3	12.1	15.4	30.8	18.7	15.4	15.4	24.2	23.1	31.9	13.2	24.2	16.5	26.4	17.6	22	30.8	13.2	17.6	17.6	25.3	31.9	31.9	28.6	13.2	33	31.9	31.9	31.9	28.6	33	26.4	30.8	26.4	30.8	31.9	20.9	14.3	13.2	24.2	25.3	13.2	17.6	14.3	22	17.6	20.9	19.8	33	24.2	19.8	24.2	11	14.3	25.3	20.9	28.6	27.5	24.2	18.7	20.9	16.5	29.7	28.6	12.1	17.6	11	28.6	19.8	11	28.6	27.5	12.1	16.5	30.8	19.8	17.6	33	15.4	27.5	20.9	11	19.8	27.5	19.8	29.7	17.6	18.7	16.5	33	17.6	18.7	30.8	17.6	11	23.1	17.6	25.3	16.5	11	15.4	19.8	22	25.3	30.8	18.7	11	27.5	29.7	16.5	24.2	23.1	29.7	12.1	30.8	13.2	26.4	18.7	13.2	31.9	31.9	14.3	19.8	29.7	17.6	17.6	20.9	22	22	30.8	18.7	23.1	30.8	33	25.3	12.1	25.3	12.1	31.9	26.4	33	17.6	24.2	28.6	20.9	28.6	11	31.9	33	14.3	11	15.4	33	24.2	23.1	15.4	22	11	11	25.3	17.6	31.9	11	15.4	31.9	19.8	16.5	23.1	27.5	27.5	26.4	22	19.8	24.2	24.2	15.4	11	20.9	27.5	30.8	25.3	27.5	31.9	17.6	17.6	22	30.8	19.8	15.4	24.2	23.1	20.9	18.7	18.7	19.8	31.9	11	20.9	33	24.2	17.6	29.7	25.3	30.8	17.6	26.4	20.9	31.9	15.4	20.9	31.9	15.4	29.7	24.2	17.6	13.2	20.9	28.6	17.6	30.8	23.1	14.3	12.1	12.1	25.3	27.5	23.1	24.2	15.4	29.7	17.6	19.8	14.3	25.3	13.2	19.8	31.9	12.1	13.2	25.3	23.1	15.4	22	29.7	26.4	14.3	29.7	27.5	29.7	27.5	22	14.3	24.2	12.1	30.8	20.9	19.8	27.5	18.7	29.7	25.3	19.8	31.9	27.5	11	17.6	19.8	19.8	15.4	22	23.1	25.3	26.4	33	17.6	15.4	26.4	17.6	24.2	31.9	23.1	15.4	16.5	12.1	14.3	12.1	33	14.3	24.2	33	13.2	13.2	28.6	25.3	15.4	30.8	33	20.9	24.2	30.8	29.7	19.8	22	22	29.7	14.3	23.1	11	17.6	29.7	22	12.1	15.4	18.7	30.8	12.1	20.9	19.8	27.5	25.3	16.5	30.8	23.1	30.8	14.3	17.6	29.7	16.5	14.3	20.9	22	15.4	11	31.9	24.2	17.6	16.5	16.5	23.1	23.1	11	22	23.1	16.5	18.7	13.2	27.5	11	28.6	33	24.2	31.9	23.1	29.7	13.2	29.7	23.1	20.9	28.6	16.5	16.5	24.2	30.8	30.8	23.1	31.9	27.5	14.3	19.8	16.5	28.6	11	28.6	23.1	19.8	23.1	33	12.1	27.5	15.4	29.7	13.2	25.3	19.8	24.2	31.9	20.9	15.4	28.6	20.9	19.8	14.3	33	27.5	30.8	12.1	27.5	14.3	14.3	23.1	14.3	25.3	28.6	17.6	22	25.3	18.7	31.9	26.4	15.4	15.4	24.2	30.8	33	27.5	15.4	13.2	24.2	23.1	12.1	12.1	22	24.2	12.1	16.5	11	31.9	26.4	30.8	25.3	29.7	33	11	31.9	19.8	20.9	15.4	11	15.4	18.7	20.9	24.2	28.6	12.1	16.5	14.3	20.9	14.3	26.4	18.7	29.7	33	19.8	25.3	23.1	15.4	19.8	22	27.5	31.9	24.2	31.9	17.6	31.9	29.7	18.7	30.8	29.7	30.8	22	28.6	27.5	13.2	14.3	13.2	20.9	20.9	23.1	13.2	15.4	20.9	17.6	14.3	25.3	33	16.5	19.8	27.5	23.1	19.8	25.3	13.2	15.4	33	23.1	23.1	22	27.5	19.8	17.6	18.7	33	12.1	11	26.4	26.4	24.2	28.6	26.4	17.6	19.8	15.4	15.4	15.4	26.4	33	29.7	19.8	23.1	31.9	20.9	26.4	12.1	23.1	31.9	17.6	14.3	22	18.7	26.4	31.9	17.6	18.7	28.6	12.1	11	12.1	26.4	25.3	28.6	29.7	17.6	17.6	27.5	23.1	12.1	33	30.8	13.2	15.4	24.2	11	18.7	18.7	11	18.7	19.8	18.7	29.7	11	26.4	15.4	11	20.9	25.3	15.4	15.4	20.9	14.3	20.9	31.9	26.4	29.7	33	29.7	33	11	16.5	33	22	11	13.2	
29.7	16.5	30.8	12.1	33	25.3	28.6	25.3	12.1	17.6	23.1	17.6	11	18.7	23.1	
20	15	20	10	16	14	12	13	17	18	19	20	20	12	18	16	11	15	17	12	15	18	15	14	15	13	17	10	18	15	17	13	17	20	20	12	10	18	17	14	18	15	12	16	19	12	13	13	19	17	17	14	12	16	13	14	15	11	10	10	12	15	12	14	14	15	10	16	14	13	10	10	10	10	19	19	19	17	18	10	11	19	19	19	13	15	11	16	20	20	18	10	15	19	16	20	11	14	14	18	15	16	11	11	19	20	13	13	15	10	17	18	17	12	16	18	13	18	17	13	15	17	15	19	19	19	17	17	14	12	17	17	12	18	10	10	19	13	15	10	15	20	18	14	13	10	19	10	13	13	20	11	15	17	12	18	19	15	15	19	13	18	11	15	18	15	16	14	13	11	14	10	10	12	19	18	11	12	11	12	19	19	18	19	12	11	11	14	15	11	18	13	11	20	17	20	18	17	13	11	20	18	10	15	11	10	16	20	14	10	20	14	20	12	12	17	11	16	11	15	16	13	20	10	19	15	14	12	13	16	14	19	12	19	10	10	10	15	11	11	16	10	19	20	13	18	13	11	17	10	13	20	11	19	13	19	19	19	19	19	14	13	17	12	18	11	16	19	17	19	14	18	17	16	11	17	19	20	11	13	20	14	19	18	20	20	11	18	20	12	18	14	12	18	15	16	19	18	18	18	20	10	16	14	13	15	10	16	12	17	10	11	13	13	17	15	19	17	10	17	12	19	10	11	14	12	16	11	11	10	13	19	11	16	15	17	11	20	15	19	13	18	10	12	17	14	14	14	10	17	20	20	12	14	19	14	20	15	15	16	14	19	11	19	18	11	12	12	20	17	10	14	14	12	16	15	20	12	10	18	14	11	11	11	19	18	20	15	15	12	14	15	17	12	10	20	16	18	10	15	11	17	16	16	18	16	14	18	17	13	18	10	10	20	16	10	16	12	19	14	19	19	10	11	20	15	12	19	10	20	13	13	15	15	14	18	10	20	10	14	20	19	18	17	13	12	14	19	12	18	12	10	15	11	19	20	17	12	18	20	12	18	20	12	18	13	11	12	18	15	20	20	20	16	10	12	18	19	15	15	12	17	12	16	15	14	13	11	11	20	15	12	19	11	10	15	19	14	18	11	16	15	16	18	13	16	20	17	10	11	18	11	20	19	14	14	11	17	13	20	11	12	14	19	12	14	13	16	11	13	12	14	17	19	10	11	16	12	20	13	14	17	16	20	19	16	11	17	20	10	18	10	16	19	11	14	14	12	18	20	15	11	14	13	19	16	11	10	16	16	16	14	14	19	16	12	11	13	11	19	19	14	20	11	10	11	18	12	14	12	12	11	15	10	20	16	11	15	18	13	10	10	19	18	20	17	20	11	11	18	14	16	15	19	16	15	13	17	15	11	11	14	12	17	17	12	11	20	11	19	18	19	10	16	13	11	14	18	20	15	18	15	16	10	12	12	11	13	17	17	15	15	18	13	17	10	15	11	15	16	16	12	19	17	14	17	13	16	20	17	14	11	13	12	19	13	18	11	12	15	11	16	20	17	19	13	20	10	20	17	14	11	20	16	16	12	12	12	10	15	16	12	10	14	19	16	20	18	19	10	11	19	17	17	19	17	16	20	13	20	17	19	15	16	19	17	16	15	16	20	14	19	16	11	13	12	13	17	20	19	13	18	12	14	11	10	16	19	19	19	20	11	11	11	16	10	17	19	15	18	15	18	16	15	12	13	11	13	19	19	19	13	20	10	20	11	16	16	14	10	11	11	12	16	19	12	14	13	15	11	10	16	17	12	11	17	16	20	18	16	19	15	13	18	10	15	17	18	16	10	18	12	17	12	18	17	10	14	12	17	15	14	16	16	17	16	16	17	13	20	15	18	17	13	16	16	14	11	15	18	12	13	20	12	10	16	16	18	17	11	12	10	12	12	20	10	10	10	13	12	20	16	12	16	19	11	10	10	17	13	18	16	15	16	13	12	19	13	19	12	18	18	16	20	17	18	14	20	11	11	15	19	18	13	15	14	12	14	10	13	10	12	10	18	14	17	10	11	17	15	12	17	14	18	19	15	19	10	20	20	10	14	17	15	19	20	16	20	13	18	11	16	12	16	19	13	13	13	10	16	19	11	20	17	19	18	13	12	18	14	10	16	10	17	11	17	14	12	12	14	18	19	19	15	16	13	10	13	20	18	19	12	17	12	16	13	10	13	14	20	11	20	10	11	20	19	18	12	12	15	19	13	17	10	13	20	11	15	17	19	
1	1	1	1	1	1	1	1	1	1	1	1	1	1	1	1	1	1	1	1	1	1	1	1	1	1	1	1	1	1	1	1	1	1	1	1	1	1	1	1	1	1	1	1	1	1	1	1	1	1	1	1	1	1	1	1	1	1	1	1	2	2	2	2	2	2	2	2	2	2	2	2	2	2	2	2	2	2	2	2	2	2	2	2	2	2	2	2	2	2	2	2	2	2	2	2	2	2	2	2	2	2	2	2	2	2	2	2	2	2	2	2	2	2	2	2	2	2	2	2	2	2	2	2	2	2	2	2	2	3	3	3	3	3	3	3	3	3	3	3	3	3	3	3	3	3	3	3	3	3	3	3	3	3	3	3	3	3	3	3	3	3	3	3	3	3	3	3	3	3	3	3	3	3	3	3	3	3	3	3	3	3	3	3	3	3	3	3	3	3	3	3	3	3	3	4	4	4	4	4	4	4	4	4	4	4	4	4	4	4	4	4	4	4	4	4	4	4	4	4	4	4	4	4	4	4	4	4	4	4	4	4	4	4	4	4	4	4	4	4	4	4	4	4	4	4	4	4	4	4	4	4	4	4	4	4	4	4	4	4	4	4	4	4	5	5	5	5	5	5	5	5	5	5	5	5	5	5	5	5	5	5	5	5	5	5	5	5	5	5	5	5	5	5	5	5	5	5	5	5	5	5	5	5	5	5	5	5	5	5	5	5	5	5	5	5	5	5	5	5	5	5	5	5	5	5	5	5	6	6	6	6	6	6	6	6	6	6	6	6	6	6	6	6	6	6	6	6	6	6	6	6	6	6	6	6	6	6	6	6	6	6	6	6	6	6	6	6	6	6	6	6	6	6	6	6	6	6	6	6	6	6	6	6	6	6	6	6	6	6	6	6	6	6	6	6	6	6	6	6	6	6	6	6	6	6	6	6	6	6	6	6	7	7	7	7	7	7	7	7	7	7	7	7	7	7	7	7	7	7	7	7	7	7	7	7	7	7	7	7	7	7	7	7	7	7	7	7	7	7	7	7	7	7	7	7	7	7	7	7	7	7	7	7	7	7	7	7	7	7	7	7	7	8	8	8	8	8	8	8	8	8	8	8	8	8	8	8	8	8	8	8	8	8	8	8	8	8	8	8	8	8	8	8	8	8	8	8	8	8	8	8	8	8	8	8	8	8	8	8	8	8	8	8	8	8	8	8	8	8	8	8	8	8	8	8	8	8	8	8	8	9	9	9	9	9	9	9	9	9	9	9	9	9	9	9	9	9	9	9	9	9	9	9	9	9	9	9	9	9	9	9	9	9	9	9	9	9	9	9	9	9	9	9	9	9	9	9	9	9	9	9	9	9	9	9	9	9	9	9	9	10	10	10	10	10	10	10	10	10	10	10	10	10	10	10	10	10	10	10	10	10	10	10	10	10	10	10	10	10	10	10	10	10	10	10	10	10	10	10	10	10	10	10	10	10	10	10	10	10	10	10	10	10	10	11	11	11	11	11	11	11	11	11	11	11	11	11	11	11	11	11	11	11	11	11	11	11	11	11	11	11	11	11	11	11	11	11	11	11	11	11	11	11	11	11	11	11	11	11	11	11	11	11	11	11	11	11	11	11	11	11	11	11	11	11	11	11	11	11	11	11	11	11	11	11	11	11	11	11	11	11	11	11	11	11	12	12	12	12	12	12	12	12	12	12	12	12	12	12	12	12	12	12	12	12	12	12	12	12	12	12	12	12	12	12	12	12	12	12	12	12	12	12	12	12	12	12	12	12	12	12	12	12	12	12	12	12	12	12	12	12	12	12	12	12	13	13	13	13	13	13	13	13	13	13	13	13	13	13	13	13	13	13	13	13	13	13	13	13	13	13	13	13	13	13	13	13	13	13	13	13	13	13	13	13	13	13	13	13	13	13	13	13	13	13	13	13	13	13	13	13	13	13	13	13	13	13	13	13	14	14	14	14	14	14	14	14	14	14	14	14	14	14	14	14	14	14	14	14	14	14	14	14	14	14	14	14	14	14	14	14	14	14	14	14	14	14	14	14	14	14	14	14	14	14	14	14	14	14	14	14	14	14	14	14	14	14	14	14	14	14	14	14	14	14	14	14	14	14	14	14	14	14	14	14	14	14	15	15	15	15	15	15	15	15	15	15	15	15	15	15	15	15	15	15	15	15	15	15	15	15	15	15	15	15	15	15	15	15	15	15	15	15	15	15	15	15	15	15	15	15	15	15	15	15	15	15	15	15	15	15	15	15	15	15	15	15	15	15	
