1000
30	7
524	22
26	26	30	30	31	31	26	29	27	29	31	27	28	26	30	28	30	27	27	29	27	28	30	30	26	27	31	29	26	28	31	26	30	31	27	26	28	30	29	27	30	31	30	26	27	31	30	31	27	27	26	26	30	30	31	29	27	30	26	28	26	26	27	26	27	31	30	27	28	30	31	31	28	31	26	31	28	31	27	30	29	28	29	27	29	31	28	28	26	31	27	29	27	30	30	28	30	26	28	26	31	28	30	31	29	27	26	29	27	30	31	28	29	27	31	29	26	29	27	30	29	30	31	31	31	27	28	27	30	28	26	28	29	28	26	30	31	31	27	30	26	27	26	28	26	31	31	30	31	28	31	31	27	29	29	29	26	27	26	31	26	31	29	30	31	27	27	26	28	30	28	28	28	31	31	31	28	28	29	28	31	30	27	29	29	30	27	28	28	26	30	31	30	29	31	29	29	30	30	28	29	31	27	26	31	26	28	28	27	28	26	27	30	29	29	28	29	31	29	27	28	31	27	29	29	31	31	28	27	30	28	27	31	30	28	27	31	29	31	28	27	30	26	30	31	27	28	29	30	28	26	27	30	27	28	29	29	26	28	26	27	28	29	31	27	28	28	26	27	28	30	31	29	26	29	28	27	28	31	31	27	27	30	30	30	31	28	27	29	30	31	27	28	30	27	30	28	28	29	26	29	31	28	29	27	29	27	28	27	27	31	31	31	31	26	29	26	27	30	31	26	31	26	26	26	28	31	28	29	28	26	30	31	30	31	31	26	31	27	28	30	29	26	26	27	29	27	27	29	28	27	30	27	29	29	29	28	29	28	30	27	26	31	31	31	30	26	31	31	29	28	31	28	31	26	28	30	26	26	30	31	30	26	27	29	29	26	29	26	28	29	29	30	27	27	31	26	28	30	26	28	30	29	30	26	31	30	26	31	30	26	30	31	27	27	27	30	30	26	29	31	27	30	27	31	26	28	27	28	31	30	28	31	31	26	28	31	29	30	31	30	27	30	31	31	26	28	28	26	26	30	29	26	29	30	30	29	26	28	26	31	28	29	31	26	29	26	30	26	30	31	31	31	29	26	30	30	26	30	27	27	26	26	30	29	30	26	30	31	30	29	26	26	31	31	30	30	29	30	29	29	27	30	28	31	29	30	30	31	31	30	26	29	31	28	29	26	29	28	27	28	30	27	31	29	31	29	30	28	28	27	29	28	29	30	27	30	30	27	26	28	28	31	31	28	29	31	30	26	28	28	29	26	30	30	28	31	28	31	26	29	30	26	27	31	30	31	31	27	27	31	28	29	28	27	28	31	31	30	26	31	30	28	28	28	28	31	27	30	29	29	26	27	31	29	29	31	30	27	29	28	26	30	31	30	27	30	30	27	26	28	28	26	28	30	26	27	31	28	28	31	29	29	26	31	26	31	30	31	29	29	28	29	26	30	27	26	29	27	28	29	30	26	26	27	26	27	31	28	29	26	31	31	31	31	31	28	29	26	29	30	28	29	28	30	26	26	31	30	31	29	28	31	27	30	30	29	27	29	29	27	29	27	28	29	26	30	27	30	27	27	31	28	28	26	26	31	27	27	26	29	27	30	26	31	26	30	27	27	28	28	31	26	26	28	30	28	30	28	31	27	26	30	26	28	28	31	31	31	30	29	30	28	28	28	26	28	26	26	29	29	31	26	31	30	29	30	27	28	26	29	31	28	26	28	27	28	29	29	26	31	27	30	29	28	27	27	28	30	27	27	28	28	27	27	28	31	28	26	26	26	27	28	28	31	28	26	31	30	31	26	27	26	30	31	26	27	28	29	30	31	30	28	29	29	31	30	28	28	30	29	31	27	28	26	31	29	31	27	27	26	28	30	31	29	29	29	31	26	31	31	29	26	27	27	30	26	30	30	31	31	31	29	30	28	31	27	29	28	28	31	31	27	27	28	31	27	31	31	31	29	29	29	31	27	27	30	30	30	28	31	28	30	31	29	26	28	29	29	29	27	29	31	26	31	28	29	26	27	29	30	31	27	27	29	31	29	30	27	30	31	26	30	27	30	28	30	27	31	31	27	31	30	28	26	27	29	28	29	30	31	29	27	26	30	31	28	29	28	30	26	30	30	29	28	30	27	26	28	28	27	29	28	26	28	27	29	28	29	26	28	31	31	31	26	27	28	31	27	26	31	29	28	28	27	27	31	30	27	29	31	26	28	27	29	26	28	31	28	29	27	31	27	28	26	26	31	30	30	26	28	28	28	27	31	31	26	27	27	29	
91	93	84	80	82	90	83	80	77	89	88	87	84	80	86	87	78	82	87	82	88	80	92	79	85	83	91	93	78	76	76	78	87	82	90	76	84	90	81	93	93	85	91	77	91	89	88	76	88	82	93	79	76	83	94	81	79	80	84	84	77	93	93	82	90	89	82	87	86	83	81	93	93	76	89	77	92	94	87	76	91	78	82	92	77	82	78	82	89	77	86	86	91	90	86	85	94	86	92	92	77	87	81	80	81	91	82	84	88	84	79	89	81	88	92	76	92	86	84	88	92	77	86	77	78	78	92	88	76	88	82	77	78	76	85	81	92	92	87	77	76	80	87	79	93	90	86	92	83	88	77	93	81	88	77	84	79	92	92	92	87	87	76	77	82	80	92	89	76	81	80	92	83	92	82	86	89	79	89	89	94	79	89	81	84	89	77	83	91	85	87	78	92	89	76	94	93	90	78	90	79	81	89	83	80	81	89	86	79	90	77	88	88	82	94	83	80	77	83	90	83	77	93	89	94	80	87	93	77	77	80	86	78	79	91	90	76	81	93	83	79	92	87	85	93	83	77	94	83	88	93	93	84	92	79	84	76	76	79	81	82	93	84	82	76	85	82	79	77	86	91	88	80	77	89	78	88	78	89	94	79	85	92	79	85	79	78	91	91	91	78	79	88	82	85	92	87	86	87	83	91	88	93	90	88	78	94	88	77	88	81	81	82	81	83	78	84	88	82	78	83	85	94	80	81	92	90	92	86	82	81	80	90	91	93	78	92	83	86	83	81	76	88	88	91	82	82	86	88	77	78	85	93	90	82	87	86	79	92	91	88	92	81	81	86	91	81	80	84	91	88	81	79	84	91	91	76	90	80	91	92	86	79	94	80	94	91	86	77	90	88	85	91	85	82	80	77	90	85	93	89	79	87	86	79	86	86	86	88	93	78	84	76	79	88	89	89	94	83	88	80	89	90	83	86	77	84	77	79	89	79	86	89	84	88	87	80	83	93	89	94	76	93	93	76	76	94	93	76	91	81	85	83	92	81	88	76	83	90	88	86	85	77	90	91	93	77	81	91	83	77	90	80	81	80	87	80	81	78	82	77	79	93	87	93	94	94	79	90	94	89	86	84	80	87	86	93	83	87	90	80	90	85	87	87	76	89	92	89	80	86	90	83	83	82	85	90	83	85	82	91	91	81	80	90	85	88	88	79	86	94	84	81	78	86	90	83	77	79	83	89	79	81	94	93	82	78	93	88	76	89	76	77	82	90	90	93	86	91	87	83	77	87	86	78	87	90	87	86	88	77	89	82	79	83	87	85	92	79	79	76	80	86	82	94	80	77	79	84	84	83	87	91	78	92	94	77	82	90	91	78	84	86	84	77	92	91	92	86	86	78	91	91	90	76	88	86	78	85	90	84	94	76	87	77	89	78	87	87	92	82	78	85	84	83	94	83	80	80	86	78	93	80	78	94	80	92	92	80	87	89	87	89	87	83	90	80	90	83	81	82	93	81	86	86	94	92	89	87	79	83	76	88	81	77	93	80	76	81	77	82	83	91	76	84	84	81	88	82	87	81	93	90	80	76	84	83	76	77	89	80	87	76	87	77	76	89	93	88	79	88	81	88	86	76	79	78	93	80	94	76	76	89	89	82	92	81	85	90	91	87	86	78	76	94	93	83	92	85	85	93	94	93	83	90	79	94	76	93	84	77	85	77	87	83	81	83	89	87	77	83	88	84	81	90	92	93	89	83	93	77	86	80	89	76	84	81	92	78	87	91	88	85	88	87	76	82	94	78	79	76	93	79	85	82	84	83	83	85	94	90	79	93	89	94	79	85	90	89	93	78	80	93	83	81	77	86	80	80	77	79	82	85	77	87	76	86	88	84	90	85	93	79	93	80	87	83	84	89	88	76	89	91	89	86	94	89	79	88	86	87	82	89	76	91	88	81	85	76	83	82	90	86	92	79	79	88	89	87	84	77	92	82	89	79	92	85	91	86	81	76	85	92	83	82	89	76	82	89	87	93	94	87	89	79	82	77	94	78	85	94	94	90	86	83	77	94	86	94	78	84	93	88	76	88	84	88	91	92	90	76	94	87	86	89	81	77	83	85	78	83	78	87	92	94	93	80	78	78	82	82	81	84	76	78	84	76	92	88	94	85	91	86	89	87	90	76	89	80	85	94	85	93	91	90	77	77	76	76	89	82	89	89	77	87	81	81	88	86	84	91	88	94	87	93	89	79	85	80	91	77	89	80	88	84	90	78	94	80	93	
20.9	26.4	12.1	20.9	20.9	24.2	28.6	12.1	11	31.9	22	26.4	20.9	16.5	20.9	13.2	28.6	28.6	20.9	30.8	12.1	15.4	16.5	25.3	16.5	20.9	19.8	31.9	23.1	27.5	20.9	16.5	18.7	23.1	17.6	13.2	28.6	28.6	29.7	29.7	30.8	33	28.6	25.3	25.3	15.4	25.3	25.3	24.2	18.7	29.7	18.7	15.4	15.4	23.1	13.2	12.1	24.2	23.1	15.4	26.4	13.2	15.4	26.4	18.7	17.6	31.9	12.1	31.9	30.8	28.6	31.9	31.9	15.4	28.6	26.4	24.2	11	16.5	15.4	29.7	22	18.7	30.8	27.5	30.8	22	14.3	13.2	14.3	29.7	26.4	22	19.8	33	20.9	13.2	11	13.2	23.1	30.8	29.7	19.8	19.8	24.2	13.2	11	25.3	13.2	17.6	16.5	12.1	20.9	28.6	24.2	24.2	19.8	27.5	31.9	12.1	20.9	24.2	17.6	18.7	24.2	19.8	22	12.1	12.1	31.9	13.2	27.5	17.6	26.4	14.3	20.9	18.7	11	22	26.4	17.6	33	14.3	20.9	23.1	20.9	27.5	31.9	25.3	16.5	20.9	22	33	24.2	25.3	18.7	14.3	28.6	23.1	14.3	26.4	14.3	27.5	25.3	22	18.7	13.2	20.9	30.8	13.2	15.4	16.5	33	12.1	18.7	19.8	22	15.4	22	31.9	22	25.3	27.5	30.8	31.9	33	30.8	12.1	12.1	31.9	13.2	15.4	22	22	25.3	33	13.2	15.4	26.4	14.3	19.8	29.7	24.2	22	19.8	27.5	15.4	22	11	29.7	15.4	20.9	23.1	17.6	33	28.6	19.8	14.3	28.6	20.9	30.8	27.5	30.8	30.8	26.4	12.1	33	22	15.4	19.8	30.8	30.8	23.1	27.5	12.1	29.7	26.4	25.3	15.4	15.4	24.2	17.6	30.8	29.7	28.6	27.5	13.2	17.6	26.4	30.8	14.3	16.5	25.3	13.2	15.4	31.9	13.2	29.7	28.6	12.1	12.1	28.6	23.1	24.2	23.1	29.7	30.8	28.6	12.1	14.3	22	23.1	27.5	14.3	15.4	22	19.8	11	28.6	12.1	22	11	23.1	31.9	25.3	20.9	16.5	20.9	16.5	24.2	24.2	26.4	11	18.7	27.5	19.8	16.5	16.5	15.4	31.9	22	22	17.6	13.2	27.5	16.5	24.2	16.5	20.9	15.4	17.6	14.3	19.8	23.1	33	28.6	29.7	14.3	12.1	22	31.9	23.1	27.5	20.9	19.8	11	27.5	31.9	16.5	24.2	24.2	31.9	22	23.1	14.3	14.3	27.5	14.3	29.7	17.6	22	14.3	33	27.5	23.1	33	12.1	30.8	33	22	17.6	22	19.8	17.6	28.6	23.1	29.7	27.5	23.1	25.3	17.6	15.4	13.2	31.9	22	13.2	11	19.8	13.2	27.5	31.9	25.3	22	11	26.4	25.3	15.4	11	30.8	28.6	26.4	24.2	20.9	30.8	19.8	18.7	29.7	20.9	23.1	26.4	18.7	12.1	31.9	33	26.4	19.8	26.4	31.9	18.7	27.5	31.9	15.4	26.4	15.4	20.9	28.6	12.1	14.3	19.8	18.7	18.7	33	31.9	11	19.8	33	15.4	22	15.4	12.1	27.5	24.2	15.4	19.8	26.4	31.9	27.5	17.6	11	25.3	23.1	18.7	18.7	14.3	14.3	18.7	29.7	17.6	11	23.1	16.5	26.4	31.9	20.9	29.7	18.7	24.2	28.6	26.4	29.7	20.9	26.4	17.6	27.5	19.8	24.2	13.2	13.2	20.9	11	16.5	14.3	22	24.2	12.1	30.8	28.6	27.5	26.4	28.6	14.3	27.5	25.3	15.4	27.5	24.2	16.5	14.3	30.8	19.8	25.3	13.2	24.2	14.3	33	11	25.3	11	28.6	13.2	25.3	24.2	22	24.2	29.7	31.9	18.7	16.5	14.3	23.1	25.3	15.4	25.3	22	15.4	30.8	26.4	14.3	14.3	33	14.3	30.8	27.5	17.6	31.9	22	15.4	22	14.3	20.9	17.6	13.2	12.1	15.4	20.9	31.9	13.2	27.5	11	31.9	18.7	25.3	16.5	24.2	11	12.1	12.1	13.2	12.1	13.2	27.5	25.3	22	27.5	20.9	30.8	14.3	15.4	17.6	17.6	16.5	28.6	28.6	15.4	15.4	20.9	20.9	20.9	31.9	17.6	13.2	29.7	19.8	16.5	29.7	28.6	14.3	24.2	27.5	30.8	18.7	20.9	27.5	14.3	18.7	26.4	13.2	15.4	16.5	30.8	19.8	19.8	24.2	29.7	27.5	14.3	17.6	17.6	18.7	12.1	17.6	26.4	28.6	24.2	31.9	14.3	15.4	23.1	16.5	19.8	13.2	28.6	24.2	14.3	20.9	22	20.9	26.4	23.1	24.2	15.4	28.6	14.3	24.2	31.9	12.1	23.1	27.5	27.5	17.6	24.2	30.8	33	22	24.2	12.1	26.4	22	11	29.7	23.1	33	23.1	13.2	17.6	15.4	11	17.6	13.2	14.3	24.2	24.2	11	16.5	11	13.2	26.4	16.5	16.5	12.1	14.3	30.8	24.2	22	30.8	20.9	28.6	27.5	29.7	22	23.1	31.9	17.6	19.8	13.2	30.8	15.4	29.7	11	14.3	19.8	30.8	24.2	15.4	15.4	30.8	16.5	20.9	28.6	13.2	26.4	17.6	14.3	24.2	27.5	22	20.9	22	17.6	19.8	24.2	18.7	26.4	23.1	31.9	22	16.5	25.3	13.2	28.6	23.1	19.8	29.7	29.7	15.4	14.3	27.5	23.1	13.2	28.6	15.4	31.9	22	31.9	19.8	24.2	13.2	18.7	28.6	33	17.6	28.6	18.7	11	20.9	26.4	30.8	18.7	28.6	31.9	23.1	24.2	33	18.7	20.9	19.8	23.1	33	12.1	20.9	16.5	31.9	13.2	33	29.7	25.3	14.3	12.1	30.8	30.8	23.1	24.2	25.3	16.5	29.7	24.2	16.5	18.7	27.5	26.4	15.4	15.4	23.1	11	22	16.5	19.8	11	33	13.2	17.6	33	26.4	13.2	28.6	20.9	18.7	25.3	20.9	24.2	33	19.8	12.1	33	22	13.2	12.1	31.9	12.1	17.6	23.1	13.2	13.2	18.7	15.4	17.6	25.3	30.8	24.2	20.9	23.1	16.5	29.7	14.3	11	20.9	15.4	27.5	19.8	19.8	14.3	31.9	24.2	30.8	15.4	25.3	33	22	26.4	23.1	18.7	14.3	25.3	13.2	19.8	15.4	24.2	15.4	19.8	17.6	26.4	18.7	33	12.1	33	17.6	22	24.2	27.5	13.2	30.8	28.6	14.3	30.8	29.7	14.3	25.3	23.1	31.9	19.8	15.4	24.2	30.8	17.6	29.7	27.5	17.6	13.2	14.3	33	33	33	14.3	19.8	17.6	31.9	20.9	29.7	11	11	17.6	24.2	16.5	17.6	25.3	19.8	13.2	20.9	14.3	18.7	27.5	29.7	18.7	33	30.8	18.7	17.6	31.9	18.7	27.5	22	25.3	17.6	14.3	18.7	20.9	31.9	31.9	20.9	24.2	24.2	11	30.8	20.9	29.7	26.4	28.6	14.3	16.5	25.3	23.1	14.3	29.7	24.2	23.1	24.2	13.2	29.7	18.7	29.7	27.5	26.4	16.5	24.2	16.5	33	33	18.7	30.8	16.5	22	13.2	22	24.2	17.6	25.3	16.5	11	29.7	22	30.8	29.7	14.3	27.5	24.2	18.7	27.5	20.9	22	19.8	13.2	11	19.8	23.1	12.1	18.7	15.4	18.7	19.8	18.7	19.8	26.4	11	18.7	28.6	17.6	31.9	29.7	33	18.7	25.3	25.3	27.5	12.1	30.8	24.2	30.8	23.1	17.6	27.5	25.3	11	33	27.5	28.6	17.6	20.9	11	29.7	29.7	12.1	22	26.4	33	26.4	28.6	23.1	19.8	19.8	30.8	
17.6	19.8	22	11	23.1	26.4	30.8	28.6	31.9	30.8	26.4	30.8	19.8	30.8	14.3	15.4	20.9	31.9	16.5	22	14.3	14.3	18.7	27.5	23.1	20.9	15.4	29.7	28.6	30.8	23.1	13.2	17.6	12.1	14.3	22	20.9	31.9	24.2	13.2	16.5	24.2	30.8	28.6	29.7	20.9	26.4	17.6	29.7	18.7	17.6	25.3	16.5	17.6	14.3	18.7	25.3	24.2	20.9	22	27.5	30.8	23.1	23.1	25.3	17.6	14.3	23.1	23.1	23.1	23.1	11	26.4	27.5	22	24.2	16.5	14.3	17.6	29.7	15.4	19.8	16.5	12.1	25.3	17.6	28.6	28.6	23.1	18.7	13.2	24.2	20.9	31.9	15.4	16.5	18.7	19.8	33	22	13.2	17.6	13.2	20.9	11	11	31.9	28.6	23.1	15.4	19.8	27.5	16.5	30.8	22	28.6	23.1	13.2	24.2	23.1	22	27.5	26.4	27.5	17.6	20.9	33	11	23.1	30.8	14.3	29.7	24.2	33	23.1	20.9	33	20.9	30.8	27.5	24.2	33	19.8	20.9	30.8	13.2	28.6	14.3	16.5	11	29.7	24.2	24.2	16.5	26.4	28.6	31.9	19.8	24.2	17.6	33	24.2	13.2	11	33	28.6	15.4	20.9	31.9	18.7	20.9	30.8	31.9	27.5	29.7	22	16.5	12.1	27.5	23.1	29.7	19.8	12.1	20.9	22	18.7	14.3	20.9	15.4	28.6	27.5	14.3	29.7	25.3	13.2	15.4	27.5	22	29.7	13.2	28.6	16.5	33	33	22	12.1	20.9	28.6	16.5	23.1	29.7	13.2	16.5	31.9	22	15.4	19.8	25.3	24.2	18.7	20.9	33	23.1	28.6	12.1	23.1	15.4	13.2	27.5	15.4	33	22	17.6	13.2	11	22	28.6	22	18.7	18.7	14.3	22	17.6	33	19.8	29.7	28.6	12.1	29.7	33	28.6	23.1	18.7	17.6	15.4	31.9	24.2	26.4	14.3	25.3	29.7	28.6	13.2	13.2	19.8	26.4	12.1	11	17.6	11	13.2	20.9	24.2	30.8	19.8	16.5	31.9	13.2	33	22	26.4	16.5	26.4	20.9	15.4	11	17.6	28.6	19.8	15.4	33	22	14.3	11	26.4	19.8	25.3	29.7	33	18.7	26.4	27.5	16.5	14.3	18.7	29.7	23.1	33	31.9	13.2	29.7	14.3	18.7	16.5	31.9	33	14.3	31.9	25.3	22	27.5	27.5	31.9	12.1	20.9	27.5	33	31.9	30.8	26.4	31.9	18.7	16.5	14.3	15.4	26.4	31.9	14.3	26.4	16.5	11	25.3	18.7	20.9	26.4	13.2	24.2	24.2	28.6	13.2	23.1	33	26.4	13.2	29.7	13.2	26.4	27.5	15.4	12.1	29.7	12.1	26.4	18.7	11	25.3	18.7	16.5	18.7	28.6	22	26.4	26.4	13.2	13.2	23.1	14.3	17.6	16.5	18.7	11	31.9	23.1	24.2	11	27.5	28.6	23.1	11	27.5	16.5	31.9	29.7	14.3	18.7	16.5	14.3	31.9	12.1	29.7	13.2	12.1	11	31.9	19.8	19.8	24.2	22	24.2	12.1	26.4	23.1	24.2	13.2	20.9	31.9	25.3	29.7	16.5	27.5	11	23.1	14.3	18.7	16.5	20.9	33	17.6	29.7	14.3	30.8	17.6	33	14.3	14.3	16.5	17.6	12.1	16.5	24.2	33	31.9	17.6	28.6	33	28.6	11	13.2	25.3	28.6	13.2	31.9	20.9	33	16.5	14.3	15.4	28.6	15.4	27.5	30.8	26.4	23.1	30.8	13.2	19.8	11	16.5	20.9	24.2	23.1	15.4	19.8	20.9	11	24.2	31.9	16.5	25.3	28.6	13.2	29.7	28.6	23.1	31.9	16.5	33	33	31.9	30.8	31.9	17.6	31.9	30.8	27.5	31.9	29.7	30.8	28.6	19.8	28.6	13.2	25.3	17.6	25.3	31.9	28.6	22	29.7	26.4	33	28.6	14.3	27.5	20.9	26.4	31.9	11	13.2	24.2	11	24.2	20.9	11	13.2	19.8	29.7	23.1	31.9	18.7	28.6	15.4	22	26.4	17.6	11	16.5	28.6	17.6	11	22	30.8	30.8	23.1	12.1	33	26.4	20.9	11	31.9	20.9	19.8	29.7	15.4	33	20.9	24.2	24.2	19.8	19.8	30.8	30.8	24.2	30.8	28.6	22	28.6	20.9	31.9	13.2	12.1	13.2	19.8	19.8	14.3	17.6	33	26.4	33	26.4	18.7	15.4	26.4	15.4	15.4	25.3	25.3	30.8	16.5	11	20.9	19.8	23.1	14.3	16.5	30.8	12.1	24.2	31.9	14.3	13.2	20.9	28.6	25.3	27.5	14.3	24.2	25.3	27.5	30.8	33	17.6	17.6	12.1	31.9	30.8	20.9	13.2	14.3	28.6	17.6	12.1	13.2	17.6	24.2	33	14.3	12.1	33	31.9	11	16.5	14.3	31.9	23.1	15.4	24.2	31.9	16.5	15.4	18.7	14.3	23.1	29.7	14.3	20.9	23.1	16.5	29.7	23.1	20.9	22	28.6	20.9	26.4	11	28.6	15.4	14.3	13.2	28.6	31.9	29.7	17.6	30.8	20.9	20.9	18.7	26.4	11	28.6	26.4	31.9	12.1	23.1	20.9	30.8	28.6	11	13.2	24.2	17.6	20.9	19.8	26.4	15.4	12.1	17.6	14.3	15.4	31.9	14.3	23.1	31.9	25.3	11	15.4	29.7	12.1	22	22	16.5	11	26.4	19.8	24.2	19.8	27.5	31.9	22	17.6	25.3	29.7	22	12.1	25.3	17.6	16.5	28.6	26.4	12.1	16.5	16.5	17.6	15.4	16.5	17.6	13.2	15.4	13.2	33	14.3	20.9	31.9	20.9	28.6	19.8	19.8	13.2	13.2	24.2	16.5	18.7	26.4	18.7	29.7	19.8	26.4	25.3	11	31.9	11	25.3	33	29.7	17.6	33	24.2	22	30.8	11	25.3	27.5	29.7	14.3	18.7	23.1	17.6	17.6	18.7	28.6	25.3	19.8	22	11	30.8	23.1	25.3	15.4	12.1	18.7	18.7	14.3	16.5	29.7	24.2	17.6	13.2	33	26.4	27.5	14.3	16.5	26.4	25.3	13.2	20.9	30.8	30.8	22	15.4	26.4	30.8	30.8	15.4	26.4	33	19.8	29.7	17.6	11	12.1	27.5	18.7	30.8	30.8	19.8	27.5	24.2	16.5	26.4	11	27.5	27.5	31.9	33	13.2	20.9	19.8	29.7	16.5	16.5	33	29.7	29.7	13.2	23.1	18.7	17.6	15.4	12.1	13.2	22	15.4	13.2	12.1	26.4	29.7	26.4	26.4	26.4	19.8	13.2	15.4	19.8	31.9	20.9	27.5	33	12.1	18.7	27.5	31.9	11	27.5	12.1	19.8	15.4	30.8	31.9	13.2	17.6	12.1	18.7	30.8	22	18.7	18.7	31.9	24.2	15.4	16.5	11	22	18.7	26.4	15.4	26.4	28.6	18.7	22	28.6	28.6	29.7	12.1	26.4	11	14.3	29.7	29.7	29.7	23.1	16.5	17.6	15.4	17.6	22	12.1	28.6	13.2	15.4	12.1	14.3	16.5	31.9	24.2	11	11	16.5	28.6	16.5	19.8	33	31.9	17.6	17.6	14.3	13.2	22	31.9	27.5	16.5	13.2	13.2	15.4	29.7	12.1	13.2	20.9	15.4	28.6	30.8	28.6	16.5	12.1	28.6	14.3	33	23.1	23.1	11	33	14.3	15.4	16.5	25.3	17.6	30.8	15.4	33	25.3	30.8	17.6	11	29.7	15.4	12.1	26.4	26.4	14.3	33	27.5	15.4	31.9	24.2	18.7	31.9	22	24.2	19.8	33	11	29.7	20.9	33	27.5	19.8	11	18.7	33	17.6	20.9	29.7	27.5	16.5	11	28.6	30.8	12.1	18.7	
15.4	20.9	28.6	20.9	31.9	19.8	27.5	23.1	16.5	27.5	29.7	19.8	33	17.6	33	20.9	23.1	20.9	29.7	17.6	25.3	17.6	11	33	18.7	15.4	18.7	14.3	17.6	27.5	
18	13	16	17	12	16	11	12	18	10	11	15	18	12	18	20	11	16	14	15	13	12	18	15	13	10	19	15	13	14	15	11	15	12	12	11	19	20	16	17	12	12	19	16	10	15	12	15	15	18	11	18	20	20	14	15	18	16	16	19	18	18	20	12	14	10	11	18	15	14	19	10	11	20	13	12	18	17	15	12	10	11	10	14	11	13	17	20	12	12	15	10	19	16	11	17	16	15	11	16	17	10	13	12	15	13	17	19	16	12	16	18	13	18	12	19	17	16	10	13	10	19	11	14	16	17	18	20	16	20	16	12	12	12	13	17	14	18	16	10	12	15	17	11	15	17	11	18	12	15	18	14	20	14	13	13	10	20	10	20	19	10	20	20	11	13	12	16	10	11	16	16	17	19	10	18	13	16	15	20	10	10	13	18	13	14	20	15	13	16	20	17	16	16	18	17	12	18	12	17	19	19	20	10	20	19	14	14	20	17	19	16	15	14	13	20	18	12	15	19	17	17	19	14	18	12	12	20	16	12	14	16	14	18	11	12	11	11	19	18	13	14	18	14	15	11	20	20	18	14	20	19	12	20	13	12	12	18	12	12	19	11	18	19	19	20	11	19	13	12	14	11	20	12	19	12	13	10	15	10	19	14	17	13	20	18	13	13	19	14	11	15	15	16	19	20	20	11	14	16	10	15	16	17	11	15	13	20	20	16	19	13	10	15	14	20	12	18	15	18	18	19	17	15	20	10	19	10	17	11	17	12	16	19	19	16	14	14	13	12	13	19	13	15	10	13	14	10	14	17	11	15	14	17	10	15	13	15	18	10	15	20	11	20	10	10	15	19	20	19	12	11	17	13	11	19	20	12	10	19	20	18	12	16	20	15	19	11	18	11	20	11	10	16	19	14	13	17	20	10	12	20	13	16	20	16	16	13	12	19	16	11	13	15	13	16	10	11	13	10	15	13	17	16	20	19	11	15	14	10	18	12	19	20	12	12	19	18	14	20	10	16	13	14	17	10	11	17	18	20	10	16	15	14	12	12	15	19	15	19	18	12	12	13	12	15	19	17	15	10	14	19	11	14	20	13	13	18	17	10	11	15	10	13	16	18	11	11	11	13	11	10	17	15	16	19	16	18	17	11	16	19	11	17	10	12	19	11	20	19	15	12	18	19	19	10	10	12	18	19	11	15	16	13	14	11	15	10	18	10	16	16	14	20	10	14	12	19	12	10	16	20	11	11	18	11	20	14	18	20	18	19	15	14	12	20	13	19	10	18	16	20	18	15	17	17	13	13	14	19	17	18	17	15	12	19	19	11	19	16	18	20	17	17	17	14	18	13	12	19	20	14	18	14	12	11	12	13	20	15	17	15	11	11	17	11	18	19	17	15	12	20	19	15	12	11	17	16	17	19	14	20	11	11	18	19	14	11	12	12	10	15	16	16	17	18	14	19	15	18	16	18	17	11	15	12	20	20	10	10	10	16	15	11	19	11	10	15	18	18	17	13	16	14	16	16	11	14	14	16	15	10	20	17	12	10	10	16	18	19	15	17	10	18	18	19	10	10	15	19	10	18	14	17	14	13	14	11	19	16	14	11	15	10	12	19	19	10	13	10	15	13	20	17	14	15	15	10	12	13	14	17	19	10	16	19	13	12	13	15	13	20	16	17	11	15	13	13	12	16	20	16	18	18	14	10	10	20	18	11	12	12	10	16	16	18	18	17	17	16	13	10	18	12	16	13	12	10	18	16	11	11	13	17	20	20	14	19	10	20	16	17	19	17	12	10	15	18	10	16	18	11	10	12	17	17	13	17	10	17	11	14	13	13	12	14	11	17	17	18	17	18	17	20	20	20	18	17	12	10	14	11	12	12	20	12	10	12	11	20	11	14	19	12	20	18	16	13	11	15	13	10	15	17	19	17	13	13	18	18	12	20	13	16	20	11	13	11	18	20	14	10	17	10	14	19	17	11	14	17	16	15	19	12	17	13	15	16	16	19	14	11	17	12	19	16	17	16	12	20	16	19	14	13	20	17	19	12	20	12	10	20	18	16	10	11	10	18	11	19	11	19	18	19	15	14	10	19	11	13	10	16	15	13	17	11	17	20	20	10	11	18	17	18	16	17	10	12	16	17	17	14	16	20	20	20	14	13	18	10	16	20	19	12	14	13	14	12	15	19	19	14	12	20	10	16	11	15	17	19	14	11	18	18	20	15	20	14	12	10	20	20	15	19	12	10	14	18	15	15	11	14	17	18	19	17	11	17	10	17	
1	1	1	1	1	1	1	1	1	1	1	1	1	1	1	1	1	1	1	1	1	1	1	1	1	1	1	1	1	1	1	1	2	2	2	2	2	2	2	2	2	2	2	2	2	2	2	2	2	2	2	2	2	2	2	2	2	2	2	2	2	3	3	3	3	3	3	3	3	3	3	3	3	3	3	3	3	3	3	3	3	3	3	3	3	3	3	3	3	3	3	3	3	3	3	3	3	4	4	4	4	4	4	4	4	4	4	4	4	4	4	4	4	4	4	4	4	4	4	4	4	4	4	4	4	4	5	5	5	5	5	5	5	5	5	5	5	5	5	5	5	5	5	5	5	5	5	5	5	5	5	5	5	5	5	5	5	6	6	6	6	6	6	6	6	6	6	6	6	6	6	6	6	6	6	6	6	6	6	6	6	6	6	6	6	6	6	6	6	6	6	6	6	6	6	6	7	7	7	7	7	7	7	7	7	7	7	7	7	7	7	7	7	7	7	7	7	7	7	7	7	7	7	7	7	7	7	7	7	7	8	8	8	8	8	8	8	8	8	8	8	8	8	8	8	8	8	8	8	8	8	8	8	8	8	8	8	8	8	8	9	9	9	9	9	9	9	9	9	9	9	9	9	9	9	9	9	9	9	9	9	9	9	9	9	9	9	9	9	9	9	9	9	9	9	10	10	10	10	10	10	10	10	10	10	10	10	10	10	10	10	10	10	10	10	10	10	10	10	10	10	10	10	10	10	10	10	10	10	10	10	10	10	10	10	10	11	11	11	11	11	11	11	11	11	11	11	11	11	11	11	11	11	11	11	11	11	11	11	11	11	11	11	11	12	12	12	12	12	12	12	12	12	12	12	12	12	12	12	12	12	12	12	12	12	12	12	12	12	12	12	12	12	12	12	12	12	12	12	12	12	12	12	12	12	13	13	13	13	13	13	13	13	13	13	13	13	13	13	13	13	13	13	13	13	13	13	13	13	13	13	14	14	14	14	14	14	14	14	14	14	14	14	14	14	14	14	14	14	14	14	14	14	14	14	14	14	14	14	14	14	14	14	14	14	14	14	14	14	14	14	14	14	14	15	15	15	15	15	15	15	15	15	15	15	15	15	15	15	15	15	15	15	15	15	15	15	15	15	15	15	16	16	16	16	16	16	16	16	16	16	16	16	16	16	16	16	16	16	16	16	16	16	16	16	16	16	16	16	16	16	16	16	16	16	16	17	17	17	17	17	17	17	17	17	17	17	17	17	17	17	17	17	17	17	17	17	17	17	17	17	17	17	17	17	17	17	17	17	17	17	17	17	17	17	17	17	17	17	18	18	18	18	18	18	18	18	18	18	18	18	18	18	18	18	18	18	18	18	18	18	18	18	18	18	18	18	18	19	19	19	19	19	19	19	19	19	19	19	19	19	19	19	19	19	19	19	19	19	19	19	19	19	19	19	20	20	20	20	20	20	20	20	20	20	20	20	20	20	20	20	20	20	20	20	20	20	20	20	20	20	21	21	21	21	21	21	21	21	21	21	21	21	21	21	21	21	21	21	21	21	21	21	21	21	21	21	21	21	21	21	21	21	21	22	22	22	22	22	22	22	22	22	22	22	22	22	22	22	22	22	22	22	22	22	22	22	22	22	22	22	22	22	22	22	22	22	22	22	22	23	23	23	23	23	23	23	23	23	23	23	23	23	23	23	23	23	23	23	23	23	23	23	23	23	23	23	23	23	23	23	23	23	23	23	23	23	23	23	24	24	24	24	24	24	24	24	24	24	24	24	24	24	24	24	24	24	24	24	24	24	24	24	24	24	24	24	24	24	24	24	24	24	24	24	24	24	24	25	25	25	25	25	25	25	25	25	25	25	25	25	25	25	25	25	25	25	25	25	25	25	25	25	25	25	25	25	25	25	26	26	26	26	26	26	26	26	26	26	26	26	26	26	26	26	26	26	26	26	26	26	26	26	26	26	26	26	26	26	26	26	26	26	26	26	26	26	26	27	27	27	27	27	27	27	27	27	27	27	27	27	27	27	27	27	27	27	27	27	27	27	27	27	27	27	27	27	27	27	28	28	28	28	28	28	28	28	28	28	28	28	28	28	28	28	28	28	28	28	28	28	28	28	28	28	28	28	29	29	29	29	29	29	29	29	29	29	29	29	29	29	29	29	29	29	29	29	29	29	29	29	29	29	29	29	29	29	29	29	30	30	30	30	30	30	30	30	30	30	30	30	30	30	30	30	30	30	30	30	30	30	30	30	30	30	30	30	30	30	30	
