1000
45	9
340	11
26	30	29	31	27	28	31	27	26	31	31	29	31	30	31	26	27	28	28	31	28	28	27	28	26	26	27	27	28	29	30	29	26	29	27	28	28	30	27	30	26	28	27	27	31	27	28	29	27	26	28	28	27	30	28	26	28	31	31	31	27	28	30	31	31	26	28	27	28	26	27	27	29	27	29	27	26	30	31	30	27	28	27	31	26	30	28	30	31	31	29	31	27	26	26	27	30	31	27	26	28	26	29	27	31	27	31	30	26	31	30	28	30	31	28	27	28	26	29	28	30	31	26	27	26	29	28	30	31	31	30	30	30	31	26	31	26	26	29	28	28	27	31	30	31	28	28	27	27	26	26	31	27	29	28	30	29	31	29	31	26	27	31	26	31	31	31	30	29	31	28	28	27	30	29	28	31	29	31	30	30	30	27	29	30	29	26	29	27	31	29	28	31	28	31	30	30	31	27	31	27	26	27	28	27	30	31	31	29	29	28	27	31	29	27	29	26	30	26	30	31	31	30	26	29	29	27	30	27	29	27	30	26	29	26	29	28	26	30	28	27	31	28	28	26	27	30	26	31	27	31	26	27	30	27	26	29	29	26	31	27	27	29	28	28	26	31	26	29	27	27	27	28	28	30	29	30	27	26	27	28	31	26	28	28	29	28	30	27	30	28	29	28	29	27	28	26	28	29	28	28	28	29	26	28	29	26	27	30	28	27	30	26	27	31	27	30	31	28	26	28	31	27	28	30	27	29	27	31	26	29	27	26	28	28	31	28	30	30	28	29	28	31	29	30	29	29	28	29	26	29	30	29	29	26	29	31	28	30	28	28	28	31	30	29	31	31	27	30	29	26	31	31	29	31	26	26	31	31	31	27	26	30	27	30	29	26	26	26	31	29	30	27	29	26	28	31	31	31	28	28	29	26	31	26	30	26	26	31	28	26	28	29	27	31	31	30	31	27	28	26	28	30	29	30	30	31	26	29	29	27	27	30	27	26	29	28	26	31	31	30	27	29	27	30	27	29	27	29	29	29	30	31	29	28	26	26	29	26	26	31	27	26	30	27	28	26	30	28	27	26	28	29	28	28	28	30	28	27	31	31	29	26	27	27	27	31	29	31	30	26	27	28	30	30	30	29	31	30	31	27	26	29	26	26	29	29	26	29	27	26	28	26	28	29	31	29	31	27	26	31	26	28	27	29	26	27	29	30	29	29	28	27	29	29	31	30	27	27	26	26	28	31	27	29	31	29	28	31	31	30	30	29	26	26	27	29	26	28	31	27	28	31	26	30	28	31	26	29	26	31	29	31	27	29	26	30	28	29	29	30	31	30	30	28	28	26	27	29	31	28	30	26	27	30	31	26	28	26	26	29	31	27	27	31	31	30	30	29	29	26	29	27	30	27	28	27	27	29	30	29	26	30	26	31	31	28	28	26	30	30	30	28	26	29	28	31	31	27	31	28	29	29	26	29	31	28	28	30	30	28	27	26	28	29	30	27	28	31	31	30	31	31	27	29	29	28	28	31	27	30	26	30	26	31	29	30	31	29	31	31	31	28	31	26	28	30	28	29	27	27	31	28	28	29	28	29	28	31	31	28	28	30	27	31	28	29	26	27	27	29	26	28	30	31	27	31	27	31	26	29	31	31	26	30	30	29	30	31	26	27	29	30	30	26	30	26	26	27	30	30	30	27	29	27	28	29	27	31	29	27	28	29	30	26	27	28	31	31	28	29	31	28	28	28	28	30	27	27	26	27	26	30	31	28	29	26	27	26	31	29	29	29	27	30	28	29	26	29	31	28	30	27	31	26	31	26	30	27	30	29	31	26	27	29	27	30	31	29	28	30	30	28	28	30	30	26	28	29	28	26	31	29	29	28	30	26	27	28	26	29	29	27	26	29	29	28	27	31	26	28	28	26	27	26	28	26	31	31	27	28	30	27	30	27	28	27	29	27	31	31	29	28	30	30	27	31	26	31	29	26	29	31	31	31	30	30	30	28	29	28	28	26	26	29	30	29	27	26	28	31	27	27	28	31	31	30	26	29	27	28	31	28	27	27	31	29	27	29	30	26	27	31	26	29	27	30	31	31	29	27	28	26	27	28	31	29	30	26	29	29	27	29	28	26	26	27	26	26	30	31	26	31	28	26	28	30	27	31	30	31	26	29	26	28	29	26	27	27	27	27	27	30	29	29	26	29	27	26	26	28	30	31	29	29	27	30	28	30	31	31	31	26	26	28	26	29	28	31	28	27	28	31	27	27	27	30	29	31	28	
80	81	83	84	91	90	94	87	80	88	92	88	81	78	83	80	87	78	79	84	93	92	76	83	92	90	86	92	93	78	78	78	87	84	88	85	87	94	94	78	87	91	89	80	87	80	88	79	85	91	78	92	90	81	91	83	78	81	83	93	86	94	82	91	92	93	87	85	86	93	85	83	79	78	90	89	88	90	84	82	88	81	77	77	76	90	87	94	85	83	91	94	92	92	87	90	79	78	77	80	76	81	93	93	80	78	76	89	89	92	88	87	82	80	86	94	85	80	88	93	80	94	80	89	81	77	94	82	87	78	91	79	91	94	76	88	92	81	88	87	90	90	88	92	79	86	85	81	82	77	90	84	92	88	85	90	93	81	93	76	91	76	86	80	79	94	79	85	88	85	87	87	78	76	83	84	82	84	88	89	80	76	82	77	84	92	92	77	82	94	90	91	80	88	93	93	79	88	90	79	79	94	79	91	92	84	83	93	83	85	88	86	92	76	77	92	85	82	85	80	88	93	77	85	89	78	94	90	89	81	84	86	82	81	92	80	82	76	83	79	87	87	81	85	84	92	82	90	76	89	80	86	93	87	89	81	94	89	93	81	90	90	80	88	91	90	82	94	82	90	91	81	91	87	87	92	89	88	92	84	82	78	85	91	94	86	77	89	76	94	82	79	89	80	87	93	76	88	90	80	79	76	91	77	93	83	77	81	77	86	78	83	87	92	94	93	84	77	93	91	92	92	76	89	90	80	85	82	92	87	86	90	88	82	77	87	89	94	80	93	86	85	79	89	78	81	79	80	78	92	81	88	83	79	83	94	82	89	83	80	93	82	89	83	81	83	83	76	90	76	84	84	92	79	82	79	76	81	92	83	83	84	90	90	87	79	85	94	91	84	82	90	84	82	79	83	86	83	86	92	85	81	94	79	80	85	92	93	77	94	91	80	80	79	82	85	85	92	89	91	78	93	94	76	87	90	84	90	88	94	86	80	86	91	76	84	92	77	80	93	92	84	85	86	86	88	78	94	85	89	84	88	94	89	92	77	79	76	80	83	87	82	81	91	81	88	78	77	87	90	81	76	76	86	85	85	81	79	82	88	82	91	94	84	83	77	90	93	79	86	87	87	76	84	87	84	78	78	92	94	89	84	76	77	79	92	83	88	86	82	83	87	87	85	85	89	93	81	91	90	76	86	83	94	87	82	87	89	90	91	90	86	88	78	87	89	85	80	94	93	89	77	88	93	90	90	90	92	80	91	93	85	77	83	90	76	94	82	86	76	90	92	85	86	76	88	80	85	89	78	94	94	84	90	85	83	85	91	84	90	88	82	91	78	94	90	77	77	87	76	90	90	85	77	78	91	81	82	82	87	80	93	90	88	90	79	94	88	84	90	85	80	80	77	94	81	92	80	81	86	88	77	89	91	94	79	86	87	80	78	93	82	90	83	85	92	81	77	81	92	81	82	89	81	77	80	93	93	82	80	87	92	94	81	78	79	87	77	81	78	93	84	93	88	82	80	86	79	78	81	81	79	82	83	92	83	79	94	79	83	78	86	86	91	83	77	91	93	91	83	87	86	81	94	90	79	77	77	84	84	90	86	79	88	85	90	81	80	83	84	83	93	88	83	83	77	84	89	83	91	92	77	77	86	83	88	87	81	90	79	87	93	94	76	79	92	94	91	87	87	80	80	91	77	83	89	83	91	81	85	76	80	94	92	87	94	82	93	87	81	82	88	94	82	80	92	83	84	79	83	91	93	94	84	94	92	90	78	89	78	87	86	89	83	76	88	76	78	85	80	93	79	89	92	87	82	82	76	78	94	91	82	78	77	80	88	93	91	91	94	78	82	76	80	80	85	85	91	79	90	80	81	82	88	91	82	85	88	87	94	76	88	93	81	88	91	78	81	76	82	80	88	87	94	76	86	90	78	84	81	92	86	80	80	86	77	81	81	81	76	80	81	89	87	87	78	83	76	81	89	81	93	83	90	82	84	83	91	76	89	87	77	88	84	90	85	88	91	83	89	80	86	91	84	78	92	91	80	81	82	86	90	90	76	93	90	84	76	76	78	91	82	78	78	90	89	80	76	86	79	87	77	79	90	87	84	94	90	77	90	77	79	85	77	77	86	87	91	83	81	80	94	85	92	81	88	78	76	82	89	88	90	86	78	79	86	81	85	83	94	81	84	84	81	91	76	92	87	78	84	88	87	94	94	85	76	77	94	87	78	84	84	82	87	88	94	83	81	78	78	92	80	78	90	81	87	81	78	88	94	
23.1	30.8	19.8	25.3	30.8	23.1	18.7	11	19.8	22	27.5	29.7	19.8	14.3	15.4	24.2	14.3	27.5	27.5	30.8	16.5	13.2	12.1	18.7	22	28.6	12.1	22	19.8	28.6	20.9	26.4	13.2	17.6	15.4	30.8	14.3	14.3	24.2	11	16.5	12.1	14.3	17.6	30.8	12.1	23.1	11	13.2	11	25.3	28.6	23.1	20.9	11	22	31.9	24.2	31.9	13.2	20.9	13.2	26.4	23.1	33	27.5	29.7	29.7	24.2	24.2	27.5	33	15.4	11	29.7	23.1	11	28.6	22	13.2	27.5	18.7	33	30.8	23.1	16.5	16.5	30.8	12.1	17.6	23.1	26.4	12.1	27.5	31.9	20.9	29.7	20.9	19.8	29.7	18.7	18.7	18.7	11	29.7	11	20.9	19.8	30.8	18.7	23.1	20.9	13.2	28.6	26.4	27.5	23.1	18.7	33	26.4	26.4	23.1	16.5	29.7	15.4	26.4	13.2	25.3	20.9	13.2	25.3	14.3	25.3	26.4	14.3	28.6	24.2	22	29.7	14.3	18.7	20.9	24.2	16.5	13.2	26.4	11	12.1	13.2	22	24.2	13.2	30.8	27.5	28.6	13.2	18.7	12.1	15.4	12.1	31.9	26.4	30.8	18.7	30.8	15.4	29.7	11	11	24.2	11	33	23.1	29.7	13.2	33	24.2	25.3	26.4	13.2	28.6	19.8	23.1	22	16.5	16.5	14.3	14.3	15.4	23.1	26.4	26.4	23.1	24.2	23.1	25.3	16.5	13.2	17.6	22	24.2	23.1	29.7	27.5	30.8	19.8	17.6	22	11	20.9	26.4	20.9	27.5	14.3	25.3	13.2	16.5	11	13.2	23.1	33	30.8	25.3	25.3	19.8	23.1	18.7	23.1	20.9	27.5	18.7	12.1	29.7	26.4	22	26.4	13.2	12.1	31.9	29.7	18.7	31.9	31.9	31.9	16.5	22	24.2	26.4	31.9	30.8	27.5	19.8	13.2	23.1	31.9	14.3	31.9	26.4	14.3	23.1	26.4	22	13.2	22	27.5	20.9	19.8	22	31.9	29.7	13.2	30.8	26.4	28.6	30.8	28.6	20.9	12.1	11	12.1	12.1	27.5	19.8	13.2	14.3	33	22	18.7	31.9	17.6	18.7	26.4	24.2	23.1	16.5	29.7	17.6	33	14.3	28.6	13.2	24.2	23.1	31.9	20.9	19.8	12.1	16.5	14.3	22	29.7	22	11	25.3	27.5	29.7	33	24.2	20.9	23.1	13.2	16.5	13.2	17.6	29.7	25.3	11	31.9	30.8	33	23.1	23.1	16.5	16.5	22	20.9	16.5	12.1	23.1	17.6	15.4	31.9	19.8	31.9	31.9	11	22	29.7	27.5	31.9	28.6	26.4	15.4	12.1	33	18.7	13.2	11	24.2	24.2	25.3	14.3	24.2	33	13.2	25.3	16.5	11	14.3	13.2	14.3	33	20.9	25.3	26.4	14.3	30.8	26.4	28.6	22	24.2	23.1	20.9	17.6	14.3	20.9	18.7	24.2	28.6	31.9	27.5	31.9	11	16.5	14.3	26.4	14.3	23.1	18.7	14.3	26.4	24.2	29.7	25.3	26.4	30.8	23.1	31.9	26.4	31.9	29.7	27.5	12.1	25.3	27.5	26.4	11	26.4	25.3	31.9	17.6	12.1	31.9	23.1	23.1	17.6	33	16.5	18.7	16.5	31.9	19.8	22	17.6	20.9	29.7	29.7	17.6	19.8	29.7	15.4	20.9	28.6	20.9	16.5	12.1	19.8	27.5	22	25.3	18.7	33	14.3	17.6	13.2	24.2	23.1	33	14.3	20.9	28.6	19.8	30.8	25.3	33	15.4	17.6	27.5	28.6	22	19.8	22	23.1	31.9	28.6	29.7	18.7	15.4	25.3	12.1	28.6	29.7	26.4	28.6	16.5	15.4	22	14.3	14.3	22	18.7	17.6	20.9	18.7	19.8	16.5	16.5	11	31.9	28.6	16.5	23.1	27.5	14.3	22	19.8	23.1	24.2	16.5	25.3	11	13.2	27.5	25.3	13.2	33	20.9	30.8	26.4	27.5	25.3	25.3	16.5	23.1	25.3	16.5	22	20.9	30.8	29.7	24.2	29.7	27.5	29.7	31.9	27.5	13.2	18.7	19.8	28.6	28.6	24.2	14.3	12.1	14.3	30.8	29.7	18.7	22	14.3	20.9	22	14.3	29.7	13.2	14.3	26.4	31.9	31.9	28.6	24.2	16.5	17.6	18.7	24.2	14.3	27.5	14.3	14.3	20.9	22	24.2	24.2	24.2	31.9	20.9	13.2	16.5	23.1	16.5	33	30.8	29.7	16.5	27.5	23.1	17.6	13.2	31.9	19.8	25.3	14.3	28.6	22	26.4	16.5	12.1	23.1	19.8	33	26.4	31.9	28.6	28.6	27.5	12.1	15.4	20.9	14.3	13.2	29.7	16.5	13.2	29.7	26.4	30.8	27.5	33	11	13.2	33	31.9	19.8	31.9	26.4	11	16.5	25.3	19.8	29.7	28.6	26.4	13.2	12.1	33	29.7	22	20.9	22	13.2	17.6	19.8	19.8	29.7	18.7	12.1	19.8	19.8	19.8	13.2	13.2	19.8	15.4	18.7	11	18.7	26.4	28.6	27.5	25.3	13.2	28.6	26.4	15.4	30.8	26.4	12.1	14.3	25.3	28.6	23.1	15.4	33	22	23.1	18.7	24.2	19.8	30.8	12.1	16.5	31.9	30.8	30.8	19.8	31.9	24.2	29.7	25.3	13.2	31.9	14.3	11	33	31.9	31.9	33	17.6	20.9	15.4	26.4	17.6	17.6	12.1	24.2	33	28.6	25.3	19.8	27.5	25.3	22	17.6	13.2	26.4	20.9	26.4	17.6	18.7	13.2	27.5	12.1	15.4	11	17.6	29.7	26.4	17.6	27.5	15.4	19.8	16.5	30.8	27.5	19.8	24.2	16.5	11	19.8	27.5	19.8	14.3	27.5	23.1	22	11	18.7	18.7	20.9	13.2	11	13.2	27.5	29.7	11	18.7	24.2	18.7	15.4	31.9	16.5	24.2	31.9	20.9	22	30.8	20.9	14.3	29.7	30.8	13.2	14.3	24.2	13.2	16.5	16.5	26.4	16.5	30.8	12.1	13.2	12.1	26.4	28.6	25.3	31.9	13.2	22	15.4	14.3	15.4	15.4	16.5	27.5	33	27.5	30.8	31.9	19.8	16.5	11	15.4	18.7	20.9	16.5	18.7	16.5	20.9	29.7	24.2	22	15.4	19.8	22	18.7	33	19.8	18.7	13.2	33	31.9	18.7	33	11	30.8	31.9	31.9	12.1	23.1	22	13.2	23.1	11	11	14.3	13.2	22	31.9	19.8	29.7	27.5	14.3	17.6	14.3	12.1	24.2	18.7	13.2	12.1	11	13.2	13.2	14.3	24.2	15.4	26.4	31.9	16.5	26.4	27.5	18.7	27.5	24.2	25.3	13.2	13.2	18.7	28.6	31.9	19.8	22	23.1	20.9	19.8	16.5	19.8	12.1	14.3	14.3	11	27.5	12.1	30.8	28.6	23.1	14.3	23.1	33	22	30.8	31.9	17.6	20.9	11	31.9	26.4	33	19.8	27.5	28.6	22	31.9	24.2	13.2	26.4	18.7	18.7	29.7	24.2	29.7	27.5	16.5	15.4	12.1	33	12.1	18.7	20.9	31.9	22	19.8	26.4	30.8	26.4	18.7	29.7	24.2	25.3	25.3	31.9	12.1	25.3	27.5	23.1	26.4	11	27.5	23.1	31.9	15.4	16.5	26.4	26.4	24.2	27.5	33	30.8	24.2	27.5	28.6	20.9	26.4	14.3	30.8	22	23.1	26.4	15.4	28.6	24.2	27.5	17.6	31.9	29.7	14.3	19.8	31.9	31.9	28.6	20.9	23.1	28.6	33	19.8	31.9	22	13.2	11	24.2	22	30.8	23.1	22	18.7	31.9	26.4	25.3	28.6	26.4	23.1	19.8	27.5	24.2	26.4	15.4	26.4	11	31.9	31.9	33	
24.2	20.9	25.3	16.5	31.9	30.8	31.9	25.3	31.9	29.7	31.9	18.7	22	19.8	33	20.9	27.5	15.4	28.6	20.9	14.3	26.4	15.4	20.9	26.4	12.1	31.9	19.8	14.3	30.8	12.1	17.6	25.3	26.4	26.4	22	29.7	23.1	33	16.5	23.1	12.1	13.2	12.1	14.3	12.1	13.2	19.8	29.7	18.7	22	31.9	12.1	11	17.6	29.7	24.2	17.6	31.9	27.5	25.3	12.1	31.9	26.4	28.6	11	17.6	29.7	14.3	11	12.1	31.9	19.8	26.4	26.4	11	28.6	25.3	19.8	19.8	19.8	22	26.4	15.4	29.7	11	11	25.3	14.3	12.1	13.2	27.5	28.6	27.5	12.1	28.6	14.3	28.6	14.3	27.5	25.3	29.7	33	14.3	11	24.2	17.6	22	12.1	30.8	22	12.1	23.1	15.4	29.7	12.1	11	18.7	17.6	22	31.9	11	17.6	24.2	18.7	18.7	26.4	22	17.6	14.3	13.2	12.1	20.9	25.3	17.6	29.7	20.9	29.7	14.3	16.5	31.9	18.7	30.8	27.5	26.4	20.9	26.4	17.6	24.2	20.9	30.8	13.2	25.3	25.3	24.2	17.6	11	27.5	16.5	28.6	20.9	26.4	29.7	31.9	31.9	18.7	30.8	23.1	26.4	28.6	23.1	14.3	18.7	27.5	17.6	24.2	28.6	17.6	12.1	23.1	25.3	26.4	19.8	29.7	28.6	11	31.9	28.6	20.9	33	15.4	17.6	26.4	17.6	23.1	12.1	15.4	24.2	13.2	23.1	24.2	16.5	33	28.6	30.8	14.3	12.1	17.6	12.1	24.2	14.3	17.6	22	28.6	19.8	22	20.9	13.2	23.1	33	26.4	29.7	13.2	28.6	16.5	29.7	33	27.5	14.3	12.1	19.8	24.2	15.4	15.4	23.1	16.5	23.1	12.1	29.7	23.1	23.1	29.7	26.4	24.2	13.2	30.8	31.9	20.9	26.4	15.4	15.4	16.5	19.8	25.3	13.2	29.7	31.9	25.3	19.8	19.8	27.5	14.3	20.9	30.8	33	13.2	24.2	13.2	11	29.7	33	15.4	20.9	18.7	20.9	29.7	27.5	31.9	28.6	28.6	33	22	31.9	30.8	24.2	30.8	23.1	14.3	23.1	18.7	27.5	14.3	33	31.9	23.1	11	23.1	33	23.1	14.3	28.6	26.4	13.2	24.2	22	31.9	18.7	26.4	18.7	22	31.9	23.1	11	31.9	23.1	11	24.2	19.8	28.6	26.4	28.6	24.2	18.7	18.7	18.7	29.7	16.5	18.7	15.4	24.2	22	26.4	25.3	30.8	20.9	14.3	31.9	20.9	16.5	24.2	13.2	27.5	16.5	19.8	14.3	13.2	11	25.3	15.4	24.2	13.2	23.1	17.6	19.8	22	15.4	27.5	14.3	28.6	25.3	14.3	19.8	23.1	20.9	30.8	16.5	14.3	33	20.9	31.9	24.2	25.3	30.8	22	28.6	26.4	13.2	12.1	30.8	23.1	25.3	31.9	28.6	12.1	18.7	12.1	13.2	13.2	28.6	17.6	30.8	33	20.9	31.9	16.5	22	11	29.7	22	14.3	33	18.7	19.8	12.1	27.5	27.5	31.9	22	33	29.7	16.5	28.6	12.1	19.8	26.4	17.6	12.1	27.5	12.1	22	16.5	17.6	17.6	23.1	29.7	13.2	12.1	18.7	23.1	25.3	28.6	27.5	30.8	25.3	33	24.2	26.4	30.8	14.3	16.5	12.1	27.5	31.9	13.2	31.9	13.2	26.4	31.9	18.7	24.2	20.9	15.4	29.7	25.3	19.8	12.1	15.4	23.1	28.6	30.8	12.1	11	16.5	29.7	20.9	23.1	28.6	27.5	33	31.9	17.6	31.9	16.5	11	13.2	23.1	30.8	23.1	16.5	12.1	24.2	17.6	17.6	19.8	28.6	26.4	15.4	11	18.7	33	30.8	28.6	15.4	19.8	20.9	13.2	13.2	23.1	15.4	16.5	28.6	18.7	20.9	13.2	20.9	13.2	14.3	25.3	11	15.4	19.8	24.2	15.4	29.7	17.6	31.9	18.7	31.9	18.7	12.1	31.9	33	25.3	19.8	30.8	29.7	25.3	14.3	31.9	26.4	28.6	17.6	16.5	33	24.2	13.2	24.2	31.9	33	12.1	31.9	25.3	11	12.1	15.4	22	25.3	18.7	31.9	26.4	18.7	25.3	33	30.8	26.4	25.3	15.4	23.1	33	11	33	13.2	33	30.8	15.4	29.7	11	17.6	16.5	20.9	16.5	19.8	17.6	12.1	15.4	30.8	13.2	29.7	17.6	13.2	18.7	25.3	14.3	18.7	13.2	11	11	14.3	11	33	26.4	13.2	16.5	25.3	33	22	11	13.2	24.2	12.1	19.8	18.7	23.1	24.2	20.9	11	11	24.2	29.7	12.1	27.5	11	20.9	26.4	19.8	30.8	27.5	14.3	12.1	17.6	15.4	24.2	20.9	27.5	22	17.6	24.2	23.1	12.1	13.2	20.9	24.2	31.9	17.6	20.9	16.5	25.3	29.7	28.6	19.8	18.7	23.1	29.7	27.5	27.5	16.5	13.2	26.4	23.1	31.9	31.9	31.9	33	28.6	11	29.7	28.6	12.1	31.9	14.3	16.5	20.9	12.1	19.8	25.3	29.7	27.5	11	19.8	12.1	24.2	22	24.2	23.1	15.4	31.9	26.4	13.2	30.8	11	16.5	28.6	24.2	15.4	11	33	19.8	33	24.2	18.7	27.5	33	19.8	14.3	25.3	26.4	17.6	28.6	28.6	19.8	29.7	18.7	14.3	14.3	14.3	33	33	14.3	11	26.4	13.2	12.1	11	31.9	19.8	23.1	19.8	23.1	18.7	14.3	13.2	12.1	11	11	31.9	27.5	22	17.6	12.1	13.2	24.2	26.4	15.4	11	33	23.1	22	31.9	13.2	16.5	20.9	16.5	15.4	24.2	20.9	24.2	16.5	31.9	29.7	25.3	25.3	14.3	24.2	30.8	15.4	14.3	17.6	23.1	16.5	11	27.5	23.1	11	26.4	19.8	13.2	12.1	25.3	19.8	18.7	24.2	33	27.5	13.2	26.4	19.8	28.6	31.9	25.3	33	17.6	20.9	14.3	26.4	33	31.9	26.4	18.7	16.5	30.8	25.3	19.8	31.9	31.9	24.2	11	14.3	22	31.9	26.4	18.7	31.9	25.3	26.4	18.7	31.9	17.6	19.8	14.3	31.9	12.1	26.4	30.8	26.4	19.8	24.2	28.6	18.7	30.8	30.8	20.9	19.8	28.6	30.8	17.6	17.6	17.6	20.9	28.6	11	18.7	27.5	33	25.3	24.2	13.2	30.8	24.2	33	15.4	24.2	30.8	19.8	25.3	31.9	22	19.8	29.7	30.8	23.1	17.6	30.8	19.8	11	20.9	14.3	29.7	33	29.7	17.6	30.8	17.6	16.5	13.2	31.9	28.6	30.8	20.9	24.2	29.7	17.6	31.9	11	24.2	16.5	31.9	30.8	25.3	15.4	16.5	25.3	15.4	20.9	15.4	31.9	28.6	19.8	15.4	22	31.9	29.7	24.2	30.8	13.2	11	33	15.4	16.5	33	12.1	14.3	20.9	31.9	14.3	33	20.9	19.8	22	33	30.8	28.6	23.1	12.1	30.8	20.9	28.6	22	26.4	28.6	18.7	14.3	24.2	11	25.3	23.1	30.8	19.8	20.9	22	26.4	17.6	29.7	25.3	19.8	25.3	12.1	18.7	17.6	23.1	13.2	22	27.5	31.9	31.9	27.5	15.4	20.9	31.9	12.1	26.4	14.3	14.3	22	12.1	25.3	16.5	28.6	13.2	22	23.1	33	18.7	26.4	16.5	19.8	25.3	23.1	28.6	25.3	20.9	33	12.1	16.5	33	27.5	24.2	16.5	22	29.7	16.5	20.9	31.9	31.9	11	28.6	16.5	23.1	18.7	17.6	22	27.5	12.1	31.9	11	11	15.4	26.4	27.5	30.8	15.4	
27.5	14.3	14.3	11	33	23.1	27.5	29.7	25.3	18.7	28.6	28.6	14.3	33	25.3	25.3	18.7	20.9	11	15.4	27.5	12.1	23.1	18.7	14.3	33	11	23.1	28.6	12.1	22	14.3	23.1	33	29.7	27.5	20.9	12.1	11	15.4	25.3	12.1	31.9	23.1	20.9	
14	14	15	14	12	14	19	13	17	18	11	13	18	11	14	13	20	18	11	19	14	13	11	14	20	10	12	17	19	19	12	16	13	13	10	10	11	16	20	14	15	11	14	17	16	19	18	20	17	20	17	20	16	20	14	18	19	15	12	18	12	12	19	17	19	12	19	15	14	11	18	11	11	17	18	14	10	13	10	13	20	19	11	18	12	20	10	17	18	12	11	10	20	12	15	10	18	14	16	18	14	10	13	15	16	13	15	10	13	16	16	18	14	15	10	17	18	16	19	20	14	13	11	16	13	20	16	11	15	15	18	14	11	17	16	13	10	20	16	12	19	13	20	12	12	12	15	18	11	19	12	17	18	11	11	20	12	13	18	17	17	10	16	13	17	10	13	18	11	18	12	20	12	17	11	19	14	15	12	12	10	16	17	17	16	17	19	16	16	19	15	14	16	15	20	18	11	15	13	10	11	20	18	13	16	20	17	16	13	14	20	13	17	11	11	12	20	20	12	11	11	20	20	12	11	12	10	14	14	17	16	11	16	15	17	13	10	19	10	19	12	10	15	18	19	11	20	20	18	10	15	18	10	14	15	12	20	15	18	18	18	15	17	14	12	12	12	15	16	14	19	12	14	15	18	20	12	15	20	19	12	10	19	12	10	19	12	10	20	16	13	16	18	11	16	14	13	20	13	10	17	19	11	11	19	13	15	18	12	12	11	11	12	20	18	10	17	13	17	13	12	11	14	16	14	18	18	12	18	17	13	20	11	12	16	18	18	13	17	16	15	15	15	11	19	14	17	20	12	14	16	15	20	11	15	15	16	18	20	16	10	15	13	14	15	17	14	20	15	12	20	14	19	17	16	20	11	20	20	10	15	13	13	12	13	19	12	17	12	16	14	10	11	20	19	14	11	13	14	17	15	15	19	10	18	14	13	18	19	18	17	16	19	10	19	20	12	12	17	19	10	19	11	16	10	17	13	14	20	12	11	17	17	14	11	17	17	13	11	15	14	10	18	20	20	12	15	13	14	15	17	12	20	11	17	14	10	20	11	15	12	20	12	16	14	15	11	16	18	14	20	10	18	14	18	15	16	19	17	17	15	16	20	15	14	13	17	18	14	11	10	20	19	19	13	17	12	17	13	17	10	12	17	13	10	11	11	18	12	13	15	12	16	16	15	20	17	13	19	17	18	13	16	20	17	11	15	10	10	17	13	20	17	19	12	20	20	10	16	11	18	18	15	12	15	15	19	10	11	13	11	15	19	17	13	17	12	16	16	19	19	13	12	14	10	11	16	19	20	18	17	11	17	17	15	12	18	12	12	17	10	17	19	18	12	16	13	18	20	11	17	18	10	14	15	18	16	17	11	12	11	19	20	10	12	16	18	12	16	11	17	19	15	18	15	13	11	19	14	19	17	11	17	13	19	16	11	19	17	12	17	10	16	12	15	19	18	10	14	10	17	16	15	12	19	20	12	16	10	12	15	10	17	13	20	19	12	15	18	13	17	11	14	20	10	13	11	14	11	15	20	20	10	16	11	14	10	15	13	20	12	11	16	15	16	13	11	17	12	12	20	16	17	20	14	13	12	13	18	12	17	10	15	15	10	12	12	16	11	20	20	20	19	14	13	20	11	18	18	13	17	13	15	15	19	12	12	18	15	20	20	11	14	18	15	11	13	13	19	13	13	13	19	13	19	13	19	15	16	18	10	16	15	14	18	10	13	10	14	11	12	11	20	11	15	16	14	18	13	18	11	19	11	14	13	11	13	15	13	14	17	15	14	17	14	19	20	17	15	11	10	15	19	13	17	12	20	19	16	11	16	11	10	13	14	15	12	20	16	12	14	10	11	15	16	19	19	13	20	13	18	16	20	11	18	14	12	19	14	18	10	18	19	17	10	12	12	17	13	13	12	16	10	10	14	17	19	11	13	18	13	16	13	20	17	16	12	13	19	11	14	11	15	10	20	17	14	14	20	16	18	19	20	20	10	19	10	20	13	17	14	11	16	14	19	12	20	15	17	11	16	13	19	18	12	15	20	15	10	14	13	17	11	12	16	16	17	19	19	17	16	13	15	14	19	12	10	12	14	12	13	19	14	13	11	16	11	18	12	14	19	13	12	16	12	17	10	17	13	12	12	19	14	20	10	10	15	18	19	10	13	19	12	20	12	14	18	19	10	15	18	11	18	20	13	12	10	13	20	17	15	15	20	12	17	19	17	13	17	11	20	15	17	12	16	17	18	13	10	15	19	17	15	10	17	10	12	20	15	12	
1	1	1	1	1	1	1	1	1	1	1	1	1	1	1	1	1	1	1	1	1	2	2	2	2	2	2	2	2	2	2	2	2	2	2	2	2	2	2	2	2	2	2	2	2	3	3	3	3	3	3	3	3	3	3	3	3	3	3	3	3	3	3	3	3	3	3	3	3	3	3	3	3	3	4	4	4	4	4	4	4	4	4	4	4	4	4	4	4	4	4	4	4	4	4	4	4	4	5	5	5	5	5	5	5	5	5	5	5	5	5	5	5	5	5	5	5	5	5	5	5	5	5	6	6	6	6	6	6	6	6	6	6	6	6	6	6	6	6	6	6	6	6	7	7	7	7	7	7	7	7	7	7	7	7	7	7	7	8	8	8	8	8	8	8	8	8	8	8	8	8	8	8	8	8	8	9	9	9	9	9	9	9	9	9	9	9	9	9	9	9	9	9	9	9	9	9	9	10	10	10	10	10	10	10	10	10	10	10	10	10	10	10	10	10	10	10	10	10	10	10	10	11	11	11	11	11	11	11	11	11	11	11	11	11	11	11	11	11	11	11	11	12	12	12	12	12	12	12	12	12	12	12	12	12	12	12	12	12	12	12	12	12	12	12	13	13	13	13	13	13	13	13	13	13	13	13	13	13	13	13	13	13	13	13	13	13	13	13	13	13	14	14	14	14	14	14	14	14	14	14	14	14	14	14	14	14	14	14	14	14	14	15	15	15	15	15	15	15	15	15	15	15	15	15	15	15	15	15	15	15	15	15	15	15	15	15	16	16	16	16	16	16	16	16	16	16	16	16	16	16	16	16	16	16	16	16	16	16	16	16	17	17	17	17	17	17	17	17	17	17	17	17	17	17	17	17	17	17	17	17	18	18	18	18	18	18	18	18	18	18	18	18	18	18	18	18	18	18	18	18	18	18	18	18	18	18	18	18	18	18	19	19	19	19	19	19	19	19	19	19	19	19	19	19	19	19	19	19	19	19	19	20	20	20	20	20	20	20	20	20	20	20	20	20	20	20	20	20	20	20	20	20	20	20	20	21	21	21	21	21	21	21	21	21	21	21	21	21	22	22	22	22	22	22	22	22	22	22	22	22	22	22	22	22	22	22	22	23	23	23	23	23	23	23	23	23	23	23	23	23	23	23	23	23	23	23	23	23	23	23	23	23	24	24	24	24	24	24	24	24	24	24	24	24	24	24	24	24	24	24	24	24	24	24	24	24	24	24	24	24	24	25	25	25	25	25	25	25	25	25	25	25	25	25	26	26	26	26	26	26	26	26	26	26	26	26	26	26	26	26	26	26	26	26	26	27	27	27	27	27	27	27	27	27	27	27	27	27	27	27	27	27	27	27	27	27	28	28	28	28	28	28	28	28	28	28	28	28	28	28	28	28	28	28	28	28	28	29	29	29	29	29	29	29	29	29	29	29	29	29	29	29	29	29	29	29	29	29	29	29	29	29	30	30	30	30	30	30	30	30	30	30	30	30	30	30	30	30	30	30	30	30	30	30	31	31	31	31	31	31	31	31	31	31	31	31	31	31	31	31	31	31	31	31	31	31	31	31	31	31	31	31	31	32	32	32	32	32	32	32	32	32	32	32	32	32	32	32	32	32	32	32	32	32	32	32	32	32	32	32	32	32	32	32	32	33	33	33	33	33	33	33	33	33	33	33	33	33	33	33	33	33	33	34	34	34	34	34	34	34	34	34	34	34	34	34	34	34	34	34	34	34	34	34	34	34	34	34	35	35	35	35	35	35	35	35	35	35	35	35	35	35	35	35	35	35	35	35	35	35	35	35	35	35	36	36	36	36	36	36	36	36	36	36	36	36	36	36	36	36	36	36	36	37	37	37	37	37	37	37	37	37	37	37	37	37	37	37	37	37	37	37	37	37	37	37	37	38	38	38	38	38	38	38	38	38	38	38	38	38	38	38	38	38	38	38	38	38	39	39	39	39	39	39	39	39	39	39	39	39	39	39	39	39	39	39	39	39	40	40	40	40	40	40	40	40	40	40	40	40	40	40	40	40	40	40	40	41	41	41	41	41	41	41	41	41	41	41	41	41	41	41	41	41	41	41	42	42	42	42	42	42	42	42	42	42	42	42	42	42	42	42	42	42	42	42	42	42	42	42	43	43	43	43	43	43	43	43	43	43	43	43	43	43	43	43	43	43	43	43	43	44	44	44	44	44	44	44	44	44	44	44	44	44	44	44	44	45	45	45	45	45	45	45	45	45	45	45	45	45	45	45	45	45	45	45	45	45	45	
