1000
15	2
1094	18.7
26	26	26	26	28	30	29	28	31	27	26	27	30	26	26	29	27	27	31	26	26	27	27	26	29	31	29	27	29	27	28	29	27	26	30	31	27	31	27	28	29	28	29	27	30	28	29	29	29	26	27	28	31	30	27	26	29	30	29	27	26	27	29	31	28	31	26	30	27	28	30	30	31	28	28	26	31	27	29	28	29	26	30	27	29	28	28	29	27	29	30	27	26	29	31	30	29	29	30	28	31	30	28	31	31	26	26	30	28	28	26	26	26	30	27	31	26	30	29	29	28	28	29	27	28	31	31	27	29	28	30	28	26	26	30	27	26	30	31	30	27	28	28	28	26	29	26	31	29	30	29	30	31	28	26	26	27	29	30	27	28	30	27	28	30	29	26	27	29	31	30	27	30	31	29	30	28	31	30	26	29	27	31	27	29	27	28	30	31	27	30	31	29	28	28	26	26	29	30	26	27	29	31	30	28	27	31	30	27	31	28	27	31	30	29	28	26	26	26	26	27	30	26	26	31	27	27	29	26	30	31	28	28	30	26	30	31	31	29	30	30	30	26	31	29	30	30	26	28	31	27	30	28	26	26	30	28	30	27	29	29	28	29	28	30	30	31	28	28	27	27	27	27	31	28	30	28	29	28	28	28	31	31	29	28	28	28	30	26	28	28	29	26	27	30	26	27	26	29	26	30	31	30	31	28	27	28	31	26	27	30	28	27	31	27	29	28	29	29	31	26	31	28	27	28	28	29	30	28	28	31	30	30	28	31	29	27	31	31	31	27	29	31	27	31	29	31	26	29	27	28	27	26	31	26	29	28	31	28	28	30	28	29	30	26	28	29	28	26	28	27	31	26	29	27	27	28	27	27	30	29	31	27	29	27	26	26	27	30	26	30	29	31	30	29	28	29	28	28	29	28	27	27	29	28	28	30	26	26	30	26	27	30	29	30	29	28	27	29	30	26	29	27	28	26	30	28	27	29	27	28	28	30	26	28	26	31	31	26	28	29	26	26	31	31	27	27	26	26	27	29	28	29	26	28	30	26	30	26	27	29	28	27	29	30	31	28	28	31	31	26	29	27	27	28	29	27	27	26	26	29	28	30	30	27	31	27	27	30	27	28	30	26	31	30	26	29	28	30	27	29	30	30	31	27	27	28	28	31	26	27	28	27	29	26	26	30	30	30	28	28	30	30	29	28	26	27	26	28	31	30	30	26	30	27	30	28	26	30	26	31	31	28	28	26	28	30	29	27	29	27	27	26	30	28	28	29	28	28	30	29	31	27	26	29	26	26	31	26	31	30	30	30	26	26	27	27	27	28	31	27	30	27	27	28	28	30	28	26	29	31	26	30	26	28	28	31	29	28	29	31	26	28	29	29	28	29	27	28	30	28	29	27	30	26	28	29	28	26	26	29	26	30	26	29	30	27	27	27	28	29	30	30	30	31	28	27	31	29	26	26	28	31	31	29	27	26	31	26	30	30	27	31	29	30	27	30	29	29	29	30	29	29	26	27	28	26	28	31	26	29	26	29	28	27	28	27	26	29	30	28	30	27	29	30	28	28	26	30	29	29	29	26	29	31	31	31	28	28	27	29	29	27	29	30	28	26	30	26	31	28	31	26	29	31	30	27	31	26	29	31	28	27	31	27	29	28	30	28	27	29	31	31	31	30	29	27	31	27	26	26	28	29	26	30	30	27	30	28	27	31	31	31	27	30	29	30	31	27	28	26	28	28	26	29	29	30	30	30	30	30	29	28	27	26	28	27	26	31	30	27	28	29	29	29	31	29	29	28	26	27	28	26	27	30	30	27	27	26	29	30	28	30	29	28	26	27	31	27	27	27	27	26	29	26	30	30	28	27	29	28	31	30	26	27	29	28	31	28	29	27	28	31	28	26	26	30	30	30	26	30	29	29	29	27	31	31	26	26	31	28	31	27	27	28	30	30	26	28	28	27	27	27	28	31	27	28	28	28	28	26	30	28	27	30	27	27	29	31	29	30	30	30	27	31	29	27	31	27	30	30	31	31	30	31	30	31	29	31	30	28	28	29	30	28	31	27	27	30	28	31	28	27	31	31	28	29	27	27	29	31	29	31	27	31	28	30	30	29	30	31	27	29	28	30	26	30	31	31	29	31	29	31	31	29	30	27	27	27	29	30	27	29	28	26	26	26	28	30	27	28	29	30	26	27	28	28	27	29	27	27	26	30	29	29	29	31	26	29	30	31	27	27	28	29	27	31	29	29	31	29	27	26	31	31	30	31	30	26	29	
85	94	86	82	93	92	86	78	79	91	93	87	90	83	86	80	92	91	90	81	89	89	90	85	84	90	93	77	82	81	87	82	79	85	80	94	85	87	91	94	94	79	81	84	82	93	87	82	79	93	76	81	86	83	89	87	92	76	80	91	85	82	93	76	88	80	83	90	79	88	80	89	92	91	87	85	91	91	87	88	77	82	77	87	77	79	94	90	77	88	85	83	78	94	79	93	80	87	78	77	79	79	86	91	89	93	92	83	91	79	92	84	80	94	90	85	94	92	92	80	83	94	89	90	78	86	89	78	86	77	89	91	94	88	90	86	94	91	94	92	88	84	76	87	87	83	94	85	86	88	76	94	85	81	76	84	88	91	81	92	91	82	89	86	88	93	88	80	94	77	85	87	84	79	83	91	77	88	83	86	78	82	83	89	85	93	88	88	80	92	81	84	78	93	86	77	90	76	83	90	83	90	85	86	90	94	93	88	92	94	77	79	93	78	84	87	90	85	85	79	80	85	93	80	87	87	85	86	84	87	87	77	93	89	83	92	91	88	82	82	86	85	91	87	90	76	87	91	83	78	81	92	77	91	77	83	81	93	76	81	85	78	80	82	82	78	90	76	77	81	92	78	89	84	91	90	82	87	78	88	94	89	92	88	83	81	77	78	87	93	94	94	79	83	85	88	88	79	88	92	93	92	92	88	76	85	87	83	82	81	92	94	84	89	87	91	92	80	88	82	76	88	88	76	85	77	80	89	88	86	79	85	94	87	94	82	82	79	84	86	86	83	87	86	91	82	93	89	78	92	81	79	83	81	80	90	77	89	77	81	89	81	84	76	83	88	84	78	88	92	84	90	76	86	93	76	82	82	85	86	83	84	88	94	87	81	90	90	83	86	77	83	77	79	83	76	79	93	86	88	92	83	79	87	90	87	92	76	86	82	80	91	86	88	82	87	76	91	78	79	94	92	90	76	80	93	78	81	86	87	76	80	85	91	85	81	92	92	83	92	94	84	88	90	90	79	82	76	83	89	93	93	76	76	91	78	86	81	82	87	89	90	91	84	89	83	81	92	85	81	91	82	94	78	87	77	91	85	86	82	87	88	90	80	93	76	77	87	84	79	94	82	81	90	89	90	80	91	79	82	81	84	76	83	80	90	90	80	88	81	80	84	78	87	84	88	80	81	88	79	93	81	79	94	90	84	94	82	81	90	87	94	83	78	93	83	81	89	77	87	88	86	87	82	90	85	85	81	92	81	87	90	81	81	82	88	93	88	86	78	85	79	87	77	89	94	89	85	94	80	82	82	91	78	94	76	93	81	94	77	82	84	91	82	83	86	83	94	92	84	90	93	88	86	90	89	81	85	81	81	83	80	83	85	79	86	79	94	83	88	79	77	79	88	88	90	80	85	82	89	94	88	90	81	86	84	92	87	85	88	93	79	76	89	82	92	76	90	85	79	83	81	76	92	78	78	85	85	83	88	77	92	93	93	82	83	84	88	83	94	91	93	78	83	83	78	90	92	94	86	87	82	93	76	84	88	88	90	86	90	93	81	82	85	76	93	79	76	93	76	92	80	81	94	82	82	92	78	79	77	89	77	78	83	81	93	93	80	91	92	78	89	92	87	80	83	84	93	80	81	94	89	87	78	92	94	86	76	80	82	88	93	83	89	82	78	82	94	91	90	77	94	86	87	88	85	82	80	77	90	79	78	94	76	90	78	91	77	93	86	76	93	83	89	77	79	85	85	81	86	86	83	76	94	77	92	79	84	77	86	83	92	81	80	81	84	77	76	90	76	85	81	77	87	88	94	86	92	82	82	83	85	94	76	92	80	81	88	77	91	90	93	90	90	76	82	76	90	86	81	80	78	91	82	82	87	93	89	83	88	76	78	86	94	92	89	91	84	82	92	89	85	84	85	77	84	79	90	85	90	80	94	87	83	77	83	92	81	81	86	86	84	76	91	78	91	92	94	91	77	88	87	94	78	83	80	90	80	78	91	77	91	93	93	91	83	76	78	94	77	93	86	91	87	88	82	88	79	79	84	91	79	93	92	86	92	76	94	88	82	76	87	81	76	82	77	77	81	92	88	92	94	78	86	83	91	76	80	76	88	82	76	92	83	86	81	90	84	82	89	76	88	90	81	84	89	92	88	82	86	91	86	85	82	92	81	93	81	81	76	81	78	85	87	87	84	88	92	87	86	85	87	86	87	91	79	79	94	84	81	81	84	87	76	83	94	77	93	94	89	86	89	85	76	90	80	77	76	84	82	
16.5	27.5	17.6	11	26.4	19.8	11	25.3	22	26.4	31.9	28.6	15.4	16.5	26.4	11	13.2	20.9	33	11	15.4	29.7	16.5	28.6	26.4	12.1	13.2	23.1	14.3	25.3	22	19.8	31.9	31.9	19.8	23.1	28.6	14.3	11	27.5	22	17.6	30.8	26.4	17.6	15.4	27.5	30.8	25.3	19.8	30.8	27.5	27.5	25.3	12.1	26.4	28.6	11	26.4	22	22	12.1	16.5	19.8	25.3	22	17.6	20.9	13.2	16.5	26.4	13.2	22	22	14.3	19.8	16.5	25.3	28.6	16.5	19.8	11	31.9	30.8	33	31.9	15.4	30.8	25.3	26.4	13.2	33	20.9	15.4	22	28.6	25.3	11	13.2	14.3	24.2	27.5	11	24.2	11	23.1	11	24.2	31.9	33	29.7	27.5	20.9	20.9	24.2	26.4	28.6	28.6	18.7	26.4	30.8	19.8	26.4	31.9	30.8	29.7	15.4	11	20.9	16.5	20.9	13.2	26.4	13.2	31.9	30.8	22	20.9	33	28.6	17.6	22	17.6	29.7	19.8	18.7	25.3	26.4	31.9	20.9	17.6	24.2	24.2	18.7	12.1	18.7	24.2	26.4	17.6	31.9	12.1	20.9	23.1	26.4	15.4	24.2	24.2	18.7	22	16.5	19.8	18.7	25.3	31.9	20.9	11	17.6	27.5	13.2	17.6	18.7	18.7	31.9	14.3	28.6	14.3	17.6	31.9	22	25.3	31.9	22	31.9	12.1	14.3	28.6	18.7	13.2	23.1	14.3	15.4	15.4	25.3	22	25.3	19.8	28.6	12.1	28.6	20.9	24.2	16.5	27.5	13.2	18.7	31.9	24.2	15.4	13.2	17.6	28.6	28.6	17.6	26.4	14.3	13.2	30.8	14.3	28.6	29.7	33	25.3	11	16.5	20.9	33	14.3	24.2	19.8	26.4	28.6	24.2	24.2	27.5	28.6	20.9	14.3	23.1	17.6	17.6	22	28.6	22	17.6	15.4	15.4	31.9	12.1	31.9	25.3	25.3	26.4	12.1	29.7	22	18.7	31.9	20.9	14.3	26.4	25.3	14.3	14.3	24.2	11	11	33	25.3	24.2	12.1	14.3	27.5	33	16.5	31.9	27.5	28.6	26.4	27.5	25.3	19.8	13.2	22	14.3	19.8	15.4	27.5	23.1	11	28.6	13.2	27.5	11	23.1	30.8	14.3	22	25.3	25.3	30.8	26.4	18.7	11	14.3	11	12.1	28.6	22	27.5	17.6	25.3	16.5	25.3	31.9	17.6	11	28.6	12.1	33	12.1	30.8	29.7	11	15.4	16.5	15.4	25.3	14.3	17.6	17.6	27.5	28.6	22	33	26.4	31.9	30.8	28.6	24.2	12.1	18.7	23.1	25.3	30.8	15.4	17.6	17.6	26.4	11	19.8	24.2	20.9	12.1	26.4	24.2	28.6	17.6	16.5	33	14.3	27.5	28.6	23.1	16.5	18.7	31.9	16.5	27.5	16.5	12.1	30.8	18.7	29.7	29.7	27.5	26.4	19.8	20.9	13.2	24.2	22	25.3	16.5	26.4	17.6	16.5	14.3	12.1	23.1	16.5	19.8	11	13.2	15.4	20.9	33	26.4	27.5	15.4	23.1	16.5	22	19.8	24.2	11	14.3	22	18.7	17.6	11	17.6	17.6	26.4	26.4	22	33	28.6	22	33	12.1	14.3	12.1	24.2	25.3	23.1	29.7	33	20.9	25.3	29.7	20.9	11	26.4	19.8	30.8	33	13.2	31.9	25.3	23.1	27.5	30.8	25.3	18.7	20.9	23.1	18.7	17.6	11	26.4	17.6	15.4	29.7	19.8	28.6	15.4	14.3	19.8	33	28.6	12.1	29.7	12.1	19.8	22	16.5	28.6	31.9	29.7	30.8	11	30.8	33	24.2	25.3	17.6	17.6	14.3	16.5	18.7	24.2	14.3	26.4	19.8	13.2	19.8	25.3	15.4	11	18.7	30.8	24.2	27.5	18.7	31.9	33	14.3	14.3	12.1	29.7	11	22	12.1	14.3	15.4	11	17.6	13.2	29.7	12.1	33	26.4	16.5	12.1	22	26.4	19.8	16.5	20.9	26.4	20.9	23.1	13.2	14.3	19.8	30.8	29.7	20.9	12.1	20.9	22	16.5	27.5	14.3	24.2	24.2	26.4	15.4	30.8	24.2	33	24.2	26.4	16.5	26.4	17.6	13.2	18.7	12.1	18.7	30.8	12.1	24.2	31.9	29.7	25.3	31.9	20.9	31.9	13.2	28.6	28.6	22	27.5	11	13.2	26.4	31.9	27.5	19.8	27.5	22	15.4	22	26.4	29.7	11	22	28.6	16.5	15.4	31.9	22	25.3	11	29.7	15.4	25.3	30.8	22	23.1	14.3	33	12.1	13.2	18.7	25.3	16.5	30.8	15.4	26.4	29.7	31.9	12.1	31.9	19.8	15.4	18.7	27.5	28.6	25.3	18.7	20.9	18.7	12.1	20.9	23.1	31.9	11	23.1	27.5	26.4	12.1	24.2	33	19.8	26.4	29.7	22	12.1	33	26.4	26.4	16.5	11	24.2	20.9	19.8	25.3	14.3	13.2	27.5	20.9	26.4	26.4	27.5	15.4	19.8	27.5	11	23.1	15.4	33	31.9	11	20.9	26.4	25.3	22	11	12.1	23.1	20.9	26.4	17.6	18.7	17.6	19.8	23.1	31.9	25.3	17.6	12.1	23.1	28.6	27.5	33	15.4	16.5	25.3	31.9	17.6	12.1	20.9	28.6	29.7	11	22	15.4	20.9	19.8	27.5	16.5	22	19.8	12.1	24.2	18.7	14.3	25.3	24.2	13.2	31.9	30.8	33	27.5	11	15.4	30.8	25.3	26.4	29.7	29.7	17.6	31.9	18.7	23.1	17.6	28.6	23.1	30.8	16.5	23.1	13.2	30.8	30.8	28.6	18.7	26.4	27.5	20.9	13.2	29.7	27.5	13.2	14.3	33	24.2	17.6	22	20.9	18.7	23.1	31.9	29.7	24.2	30.8	24.2	28.6	20.9	29.7	13.2	31.9	15.4	26.4	16.5	18.7	31.9	11	22	24.2	11	13.2	19.8	14.3	16.5	29.7	26.4	25.3	28.6	28.6	29.7	16.5	20.9	22	28.6	13.2	14.3	23.1	29.7	29.7	33	16.5	14.3	11	28.6	28.6	11	17.6	20.9	17.6	28.6	14.3	31.9	17.6	15.4	26.4	19.8	15.4	28.6	19.8	20.9	31.9	30.8	24.2	33	33	27.5	15.4	27.5	30.8	17.6	27.5	17.6	17.6	15.4	24.2	23.1	26.4	20.9	26.4	12.1	17.6	12.1	13.2	15.4	31.9	11	30.8	20.9	11	29.7	23.1	23.1	28.6	31.9	11	11	28.6	13.2	22	19.8	28.6	15.4	13.2	30.8	14.3	28.6	23.1	18.7	17.6	17.6	30.8	14.3	14.3	19.8	23.1	30.8	29.7	23.1	11	12.1	25.3	31.9	29.7	13.2	19.8	17.6	26.4	19.8	24.2	22	33	19.8	23.1	20.9	30.8	26.4	11	29.7	19.8	33	13.2	26.4	25.3	27.5	16.5	18.7	22	33	12.1	19.8	15.4	19.8	23.1	16.5	13.2	31.9	18.7	20.9	27.5	20.9	31.9	27.5	19.8	22	17.6	24.2	12.1	17.6	14.3	33	23.1	20.9	26.4	13.2	13.2	19.8	19.8	22	31.9	15.4	11	29.7	25.3	19.8	20.9	15.4	28.6	27.5	14.3	12.1	27.5	30.8	18.7	27.5	25.3	12.1	17.6	24.2	26.4	12.1	26.4	19.8	33	11	28.6	20.9	27.5	25.3	30.8	11	33	12.1	20.9	12.1	16.5	17.6	23.1	28.6	28.6	30.8	20.9	18.7	13.2	15.4	25.3	24.2	33	31.9	23.1	22	26.4	28.6	14.3	26.4	30.8	22	13.2	20.9	17.6	14.3	13.2	24.2	22	29.7	19.8	33	27.5	29.7	
31.9	12.1	15.4	12.1	29.7	29.7	24.2	25.3	16.5	12.1	20.9	23.1	27.5	13.2	22	28.6	14.3	31.9	23.1	16.5	27.5	13.2	33	24.2	25.3	19.8	18.7	23.1	14.3	28.6	26.4	16.5	23.1	28.6	17.6	31.9	19.8	22	26.4	28.6	20.9	29.7	27.5	19.8	15.4	12.1	19.8	11	20.9	15.4	11	30.8	18.7	33	11	18.7	15.4	14.3	13.2	18.7	11	31.9	13.2	29.7	28.6	28.6	27.5	31.9	20.9	16.5	19.8	29.7	25.3	11	25.3	11	29.7	29.7	14.3	28.6	33	25.3	12.1	30.8	28.6	12.1	22	22	33	22	24.2	13.2	25.3	11	28.6	15.4	26.4	15.4	13.2	33	16.5	14.3	20.9	23.1	17.6	18.7	20.9	24.2	13.2	18.7	16.5	26.4	31.9	31.9	23.1	24.2	12.1	25.3	17.6	26.4	13.2	18.7	20.9	22	19.8	14.3	20.9	12.1	31.9	17.6	13.2	29.7	15.4	28.6	27.5	13.2	16.5	22	24.2	14.3	12.1	11	23.1	24.2	15.4	26.4	33	29.7	11	19.8	13.2	19.8	24.2	15.4	23.1	30.8	27.5	15.4	23.1	20.9	12.1	26.4	24.2	23.1	33	12.1	28.6	20.9	16.5	29.7	17.6	27.5	16.5	22	24.2	29.7	24.2	18.7	26.4	19.8	25.3	15.4	28.6	22	24.2	11	18.7	19.8	14.3	17.6	31.9	33	18.7	33	24.2	25.3	31.9	16.5	28.6	17.6	29.7	16.5	16.5	31.9	13.2	28.6	24.2	15.4	26.4	24.2	20.9	25.3	30.8	28.6	13.2	28.6	12.1	23.1	20.9	20.9	15.4	12.1	24.2	18.7	33	33	31.9	27.5	18.7	27.5	16.5	29.7	17.6	30.8	24.2	33	27.5	12.1	27.5	23.1	24.2	20.9	19.8	26.4	25.3	17.6	16.5	20.9	13.2	24.2	30.8	16.5	29.7	17.6	28.6	33	27.5	15.4	27.5	18.7	14.3	20.9	13.2	19.8	27.5	14.3	30.8	16.5	19.8	28.6	25.3	33	29.7	19.8	12.1	22	27.5	18.7	17.6	15.4	15.4	20.9	29.7	24.2	31.9	28.6	24.2	16.5	23.1	22	12.1	16.5	26.4	11	33	22	23.1	31.9	25.3	26.4	15.4	30.8	25.3	13.2	16.5	13.2	25.3	23.1	25.3	13.2	29.7	11	17.6	30.8	17.6	29.7	25.3	30.8	29.7	13.2	14.3	28.6	14.3	23.1	28.6	22	20.9	31.9	27.5	33	15.4	24.2	27.5	17.6	28.6	11	24.2	16.5	22	15.4	26.4	15.4	23.1	15.4	13.2	18.7	20.9	33	25.3	16.5	11	30.8	24.2	25.3	19.8	24.2	23.1	20.9	18.7	30.8	19.8	15.4	33	28.6	22	14.3	25.3	22	30.8	18.7	26.4	31.9	27.5	29.7	22	23.1	22	24.2	27.5	15.4	24.2	18.7	16.5	26.4	33	16.5	25.3	15.4	33	12.1	19.8	16.5	17.6	22	11	14.3	18.7	11	15.4	15.4	27.5	23.1	16.5	13.2	12.1	16.5	12.1	23.1	28.6	17.6	15.4	25.3	27.5	28.6	23.1	33	23.1	30.8	28.6	25.3	16.5	25.3	28.6	23.1	19.8	18.7	29.7	22	30.8	25.3	25.3	11	11	30.8	13.2	14.3	31.9	22	31.9	24.2	26.4	22	23.1	31.9	22	33	25.3	13.2	12.1	22	26.4	12.1	13.2	14.3	15.4	14.3	15.4	12.1	12.1	29.7	17.6	17.6	14.3	18.7	28.6	31.9	31.9	12.1	26.4	27.5	25.3	16.5	11	25.3	18.7	13.2	31.9	27.5	28.6	19.8	11	22	19.8	30.8	17.6	27.5	17.6	24.2	29.7	24.2	29.7	13.2	16.5	24.2	27.5	14.3	12.1	26.4	19.8	13.2	26.4	20.9	16.5	30.8	33	18.7	12.1	26.4	18.7	14.3	27.5	17.6	15.4	22	13.2	13.2	16.5	30.8	14.3	19.8	19.8	22	12.1	11	22	13.2	13.2	26.4	30.8	23.1	12.1	19.8	15.4	28.6	13.2	13.2	11	18.7	12.1	29.7	13.2	19.8	31.9	33	17.6	14.3	19.8	16.5	24.2	16.5	19.8	24.2	16.5	29.7	17.6	22	33	30.8	16.5	16.5	30.8	19.8	20.9	18.7	24.2	11	22	12.1	24.2	30.8	12.1	14.3	13.2	18.7	22	15.4	23.1	27.5	24.2	14.3	28.6	25.3	26.4	24.2	12.1	19.8	27.5	13.2	20.9	28.6	22	25.3	28.6	25.3	31.9	31.9	15.4	19.8	27.5	31.9	16.5	14.3	12.1	30.8	29.7	18.7	18.7	12.1	20.9	18.7	18.7	15.4	31.9	22	17.6	31.9	33	30.8	22	17.6	26.4	15.4	19.8	20.9	26.4	15.4	26.4	33	26.4	14.3	11	20.9	23.1	28.6	16.5	12.1	12.1	23.1	26.4	30.8	19.8	28.6	14.3	11	33	23.1	11	20.9	23.1	11	28.6	18.7	17.6	24.2	31.9	17.6	30.8	11	12.1	16.5	27.5	14.3	18.7	16.5	18.7	28.6	16.5	30.8	11	33	27.5	13.2	17.6	28.6	26.4	19.8	24.2	13.2	27.5	27.5	27.5	18.7	22	24.2	13.2	13.2	31.9	27.5	15.4	17.6	19.8	25.3	22	13.2	19.8	31.9	29.7	25.3	14.3	16.5	15.4	12.1	31.9	31.9	20.9	31.9	25.3	12.1	29.7	26.4	27.5	17.6	31.9	31.9	26.4	19.8	27.5	11	23.1	16.5	17.6	22	16.5	20.9	11	12.1	12.1	24.2	15.4	31.9	12.1	33	11	14.3	26.4	24.2	20.9	18.7	12.1	33	31.9	20.9	20.9	30.8	27.5	14.3	12.1	26.4	25.3	27.5	12.1	16.5	13.2	18.7	28.6	30.8	19.8	23.1	16.5	11	27.5	17.6	20.9	23.1	16.5	33	12.1	16.5	15.4	17.6	31.9	31.9	29.7	29.7	12.1	31.9	16.5	27.5	17.6	18.7	22	18.7	16.5	14.3	12.1	20.9	14.3	19.8	19.8	26.4	11	27.5	29.7	31.9	14.3	11	23.1	30.8	17.6	24.2	19.8	15.4	28.6	30.8	12.1	15.4	14.3	28.6	29.7	29.7	18.7	23.1	19.8	31.9	25.3	33	24.2	28.6	30.8	29.7	33	22	11	24.2	33	20.9	26.4	14.3	31.9	31.9	12.1	12.1	13.2	19.8	22	22	24.2	22	23.1	12.1	13.2	25.3	27.5	19.8	24.2	25.3	14.3	26.4	27.5	28.6	18.7	18.7	20.9	33	16.5	23.1	14.3	33	23.1	27.5	22	24.2	26.4	24.2	15.4	23.1	22	17.6	23.1	23.1	13.2	18.7	16.5	25.3	13.2	12.1	15.4	17.6	17.6	15.4	14.3	17.6	16.5	24.2	18.7	16.5	27.5	26.4	20.9	27.5	27.5	14.3	27.5	12.1	30.8	12.1	17.6	26.4	20.9	28.6	13.2	13.2	29.7	12.1	15.4	18.7	33	12.1	29.7	33	26.4	30.8	33	17.6	30.8	11	16.5	25.3	18.7	33	13.2	27.5	30.8	33	12.1	26.4	16.5	26.4	25.3	26.4	17.6	33	19.8	28.6	29.7	33	20.9	24.2	19.8	26.4	14.3	28.6	13.2	11	30.8	30.8	28.6	12.1	24.2	24.2	31.9	17.6	22	33	15.4	23.1	23.1	30.8	31.9	30.8	20.9	27.5	17.6	25.3	20.9	16.5	27.5	24.2	14.3	27.5	33	29.7	16.5	23.1	12.1	26.4	15.4	29.7	17.6	27.5	16.5	29.7	16.5	13.2	29.7	33	25.3	20.9	20.9	27.5	25.3	31.9	18.7	13.2	20.9	15.4	24.2	19.8	28.6	11	
18.7	26.4	13.2	14.3	33	26.4	18.7	33	12.1	22	33	11	30.8	24.2	12.1	
16	15	20	17	20	16	15	13	16	14	17	16	17	13	11	14	15	12	14	11	13	15	16	19	19	11	13	13	13	14	18	11	11	11	18	15	16	12	14	12	13	20	19	18	15	13	18	13	19	10	18	14	11	19	15	18	18	15	17	19	18	12	15	11	16	17	11	11	14	18	10	20	15	13	17	18	11	18	15	16	11	17	11	18	12	18	14	10	18	17	15	19	14	19	12	17	12	11	16	17	15	10	16	12	17	13	17	17	10	12	18	14	16	17	10	14	18	13	17	10	14	19	17	15	20	18	18	12	13	15	15	10	17	11	14	16	19	13	10	16	19	13	10	10	15	10	11	13	19	20	18	20	11	19	16	18	11	15	20	10	17	19	10	14	18	15	13	12	13	13	19	12	20	11	19	17	16	16	16	16	16	12	15	12	12	11	19	12	13	18	17	17	18	15	19	10	17	15	12	17	19	15	11	11	12	20	11	19	13	10	10	18	12	17	15	20	19	11	14	20	11	16	15	11	10	18	17	13	16	17	20	13	20	19	20	14	13	15	14	12	18	18	20	19	19	16	16	10	10	11	13	15	15	13	11	18	20	11	12	19	19	16	10	10	17	16	11	17	15	16	20	17	13	18	11	19	16	16	20	13	15	10	16	19	18	14	15	19	20	15	15	17	17	12	17	17	11	20	20	17	12	19	19	14	13	11	10	20	16	10	14	12	11	19	11	11	15	14	13	16	18	18	10	20	17	11	10	10	16	18	19	19	17	17	14	18	11	18	13	14	10	13	15	16	13	13	10	20	10	16	14	20	15	13	16	12	18	15	20	20	10	16	20	20	20	10	16	13	14	17	13	16	18	12	16	18	20	13	15	10	19	10	14	15	19	10	17	17	17	15	13	13	13	10	12	19	17	11	12	18	14	19	13	11	13	10	10	11	14	20	18	18	17	15	14	16	14	14	20	12	17	10	13	18	16	16	15	12	18	18	14	12	11	14	12	12	18	12	13	15	12	12	16	10	12	10	10	18	12	13	14	10	14	19	15	18	15	11	14	16	12	10	19	19	10	14	17	17	11	16	14	10	17	20	12	15	17	16	16	13	16	18	14	20	13	20	20	11	18	16	18	11	13	20	18	12	13	17	13	12	20	17	11	16	19	13	13	17	20	11	14	18	10	17	20	18	11	18	18	11	13	16	12	19	19	11	12	17	18	19	15	19	10	18	11	17	20	13	15	12	14	10	17	19	17	17	15	17	18	13	16	20	15	12	19	11	19	11	11	19	12	19	17	18	11	19	17	14	11	10	18	12	16	12	17	18	19	18	18	12	11	18	15	14	11	11	17	13	14	13	19	20	20	17	17	13	13	17	12	15	10	10	12	18	13	19	15	16	19	16	18	12	20	17	16	15	11	12	19	12	19	10	17	14	19	10	11	17	15	18	16	10	14	12	19	13	12	13	13	18	17	13	16	12	11	14	18	15	15	16	13	10	16	16	20	17	13	14	20	15	20	11	19	16	18	17	17	14	10	11	17	10	12	16	20	17	13	15	12	17	17	18	19	10	20	20	20	20	12	12	14	10	11	17	20	19	12	13	12	20	19	14	14	17	15	16	13	17	16	14	11	13	17	17	15	20	10	20	18	10	16	19	15	19	17	13	11	16	10	12	13	20	17	17	15	10	12	18	17	14	14	14	13	10	10	13	13	19	12	11	20	19	11	10	17	14	11	18	13	17	15	10	15	13	11	18	20	12	14	17	18	14	15	20	19	13	15	16	19	16	15	10	18	15	14	11	15	14	16	17	15	12	10	19	14	17	16	13	17	11	19	10	10	17	17	13	12	17	12	18	14	11	20	15	19	12	16	20	17	16	13	17	16	20	14	17	17	12	19	17	16	17	16	12	19	13	10	19	11	12	17	11	11	10	14	19	11	13	14	19	20	10	15	16	17	17	11	20	17	12	13	14	15	17	13	20	14	20	14	15	16	11	15	14	12	12	11	10	14	18	10	17	16	14	10	10	19	18	13	12	11	16	10	14	19	20	15	14	20	18	12	13	15	17	16	11	16	19	15	16	10	18	13	15	16	15	16	16	14	19	19	18	12	20	20	20	11	19	20	18	11	19	19	10	20	10	17	10	14	14	20	17	13	14	10	19	17	10	18	12	11	16	14	11	17	14	10	20	14	15	14	17	18	20	19	17	11	17	12	10	17	14	16	17	19	15	10	12	18	13	12	16	10	15	12	10	16	17	11	18	14	15	15	19	14	20	20	17	12	10	
1	1	1	1	1	1	1	1	1	1	1	1	1	1	1	1	1	1	1	1	1	1	1	1	1	1	1	1	1	1	1	1	1	1	1	1	1	1	1	1	1	1	1	1	1	1	1	1	1	1	1	1	1	1	1	1	1	1	1	1	1	1	2	2	2	2	2	2	2	2	2	2	2	2	2	2	2	2	2	2	2	2	2	2	2	2	2	2	2	2	2	2	2	2	2	2	2	2	2	2	2	2	2	2	2	2	2	2	2	2	2	2	2	2	2	2	2	2	2	2	2	2	2	2	2	2	2	3	3	3	3	3	3	3	3	3	3	3	3	3	3	3	3	3	3	3	3	3	3	3	3	3	3	3	3	3	3	3	3	3	3	3	3	3	3	3	3	3	3	3	3	3	3	3	3	3	3	3	3	3	3	3	3	3	3	3	3	3	3	3	3	3	3	3	3	3	3	3	3	3	3	3	3	3	3	3	3	4	4	4	4	4	4	4	4	4	4	4	4	4	4	4	4	4	4	4	4	4	4	4	4	4	4	4	4	4	4	4	4	4	4	4	4	4	4	4	4	4	4	4	4	4	4	4	4	4	4	4	4	5	5	5	5	5	5	5	5	5	5	5	5	5	5	5	5	5	5	5	5	5	5	5	5	5	5	5	5	5	5	5	5	5	5	5	5	5	5	5	5	5	5	5	5	5	5	5	5	5	5	5	5	5	5	5	5	5	5	5	5	5	5	5	5	5	5	5	5	5	5	5	5	5	5	5	5	5	5	5	5	5	5	5	5	5	5	6	6	6	6	6	6	6	6	6	6	6	6	6	6	6	6	6	6	6	6	6	6	6	6	6	6	6	6	6	6	6	6	6	6	6	6	6	6	6	6	6	6	6	6	6	6	6	6	6	6	6	6	6	6	6	6	6	6	6	6	6	6	6	6	6	6	6	6	6	6	6	6	6	6	6	6	6	6	6	6	7	7	7	7	7	7	7	7	7	7	7	7	7	7	7	7	7	7	7	7	7	7	7	7	7	7	7	7	7	7	7	7	7	7	7	7	7	7	7	7	7	7	7	7	7	7	7	7	7	7	7	7	7	7	7	7	7	7	7	7	7	7	7	7	7	8	8	8	8	8	8	8	8	8	8	8	8	8	8	8	8	8	8	8	8	8	8	8	8	8	8	8	8	8	8	8	8	8	8	8	8	8	8	8	8	8	8	8	8	8	8	8	8	8	8	8	8	8	8	8	8	8	8	8	8	8	8	8	8	8	8	8	9	9	9	9	9	9	9	9	9	9	9	9	9	9	9	9	9	9	9	9	9	9	9	9	9	9	9	9	9	9	9	9	9	9	9	9	9	9	9	9	9	9	9	9	9	9	9	9	9	9	9	9	9	9	9	9	9	9	9	9	9	9	9	10	10	10	10	10	10	10	10	10	10	10	10	10	10	10	10	10	10	10	10	10	10	10	10	10	10	10	10	10	10	10	10	10	10	10	10	10	10	10	10	10	10	10	10	10	10	10	10	10	10	10	10	10	10	10	10	10	10	10	10	10	10	11	11	11	11	11	11	11	11	11	11	11	11	11	11	11	11	11	11	11	11	11	11	11	11	11	11	11	11	11	11	11	11	11	11	11	11	11	11	11	11	11	11	11	11	11	11	11	11	11	11	11	11	11	11	11	11	11	11	11	11	11	11	11	11	11	11	11	11	11	11	11	11	11	11	11	11	12	12	12	12	12	12	12	12	12	12	12	12	12	12	12	12	12	12	12	12	12	12	12	12	12	12	12	12	12	12	12	12	12	12	12	12	12	12	12	12	12	12	12	12	12	12	12	12	12	12	12	12	12	12	12	12	12	12	12	12	12	12	13	13	13	13	13	13	13	13	13	13	13	13	13	13	13	13	13	13	13	13	13	13	13	13	13	13	13	13	13	13	13	13	13	13	13	13	13	13	13	13	13	13	13	13	13	13	13	13	13	13	13	13	13	13	13	13	13	13	13	13	13	13	14	14	14	14	14	14	14	14	14	14	14	14	14	14	14	14	14	14	14	14	14	14	14	14	14	14	14	14	14	14	14	14	14	14	14	14	14	14	14	14	14	14	14	14	14	14	14	14	14	14	14	14	14	14	14	14	15	15	15	15	15	15	15	15	15	15	15	15	15	15	15	15	15	15	15	15	15	15	15	15	15	15	15	15	15	15	15	15	15	15	15	15	15	15	15	15	15	15	15	15	15	15	15	15	15	15	15	15	15	15	15	15	15	15	15	15	15	15	
