1000
15	4
1046	27.5
29	26	26	28	30	29	26	31	28	26	27	26	27	30	27	28	30	28	27	27	30	28	26	28	31	31	26	28	31	27	31	26	29	28	26	30	30	27	26	30	30	26	28	27	29	28	29	30	31	26	30	31	29	29	31	26	28	28	30	30	28	30	28	28	27	30	30	30	30	31	31	29	27	28	31	29	27	26	26	30	29	28	27	31	27	26	30	27	28	30	28	31	31	30	28	27	28	26	28	30	30	28	30	28	26	31	27	26	26	26	26	28	26	31	30	26	29	31	30	29	30	28	29	28	26	26	31	29	31	26	31	29	30	27	29	31	31	31	29	27	28	28	26	29	28	30	26	28	29	27	29	29	28	30	28	26	30	27	28	28	31	29	26	30	29	31	26	31	27	27	27	31	31	26	31	28	27	31	26	26	26	29	31	26	31	28	28	27	26	27	27	27	26	31	28	31	31	31	26	30	27	29	28	29	31	29	28	31	28	29	31	27	31	29	30	26	30	31	31	28	30	27	31	30	30	27	28	31	30	28	26	30	27	27	28	29	28	28	26	29	27	28	30	30	28	28	28	31	26	28	27	28	28	26	28	29	29	30	29	26	28	26	27	31	30	28	27	29	31	27	27	31	29	27	27	26	26	28	29	28	28	30	30	30	30	28	30	26	26	29	29	31	26	30	30	31	31	28	31	29	31	28	26	29	29	30	31	31	28	26	27	29	30	29	29	31	27	30	28	30	30	26	31	31	26	28	27	26	31	26	31	31	27	28	26	26	28	29	31	28	29	31	28	27	29	31	31	27	28	30	26	30	31	27	26	31	31	30	31	27	28	27	29	28	30	29	31	27	29	29	31	27	26	30	27	27	28	29	31	28	29	31	29	30	26	31	28	26	31	29	28	28	27	31	27	29	29	31	28	26	27	30	31	28	26	31	27	28	26	28	29	29	29	29	27	28	31	28	31	31	31	30	26	31	28	29	27	28	26	26	30	29	27	29	26	26	31	30	30	30	28	30	26	30	30	29	26	29	27	26	29	29	27	28	29	26	27	26	26	31	29	26	28	31	26	26	30	30	26	31	29	26	31	30	28	28	26	30	29	27	27	28	28	31	31	28	27	29	31	27	28	29	31	31	28	29	28	30	29	28	26	30	30	28	26	26	26	31	30	28	31	28	27	27	28	27	27	26	27	26	31	29	26	31	30	30	31	29	31	30	27	29	31	27	28	30	29	28	26	28	31	29	31	28	29	27	26	30	26	28	31	29	29	28	28	29	29	27	27	26	26	26	26	26	30	27	26	31	28	28	26	28	28	28	30	26	31	26	31	29	31	30	30	26	31	28	28	28	31	29	29	28	28	30	26	26	27	31	27	29	28	27	31	26	29	26	29	30	29	27	29	31	30	28	30	30	27	27	26	28	27	26	29	30	31	30	30	28	27	26	31	30	27	28	27	26	27	31	26	29	30	29	27	27	27	28	28	26	30	28	27	31	26	28	26	26	31	28	31	31	31	26	28	31	27	30	31	28	30	29	29	27	26	28	29	27	26	27	30	26	30	26	30	28	27	26	26	26	28	26	30	29	29	28	31	28	31	27	30	31	31	26	26	28	26	28	28	26	26	29	27	30	31	30	28	29	26	30	31	30	30	30	30	29	27	30	29	27	29	31	28	30	29	31	30	29	30	29	28	29	26	26	29	28	29	26	28	29	26	28	30	26	31	30	29	27	26	29	29	31	31	31	26	26	28	31	29	28	29	27	30	27	26	31	27	30	26	28	29	28	28	26	27	28	31	27	28	30	31	27	29	27	27	27	26	28	29	27	30	31	29	27	31	28	26	31	26	26	31	26	30	31	31	26	28	28	26	31	28	30	30	26	27	31	28	26	29	26	28	27	26	26	31	29	27	26	28	30	27	28	29	29	28	31	31	26	31	29	29	28	29	26	29	31	27	31	29	28	28	26	29	29	29	30	31	26	27	29	31	29	31	31	26	31	30	28	31	27	27	26	30	30	26	28	29	28	28	30	28	26	31	26	27	26	27	26	27	30	28	31	31	31	27	26	26	29	28	26	31	26	31	31	26	28	27	27	30	31	29	27	26	30	30	31	29	26	29	31	28	28	28	26	31	29	31	31	27	29	28	26	31	28	28	26	29	27	27	26	28	30	26	30	29	27	28	30	28	26	30	28	29	26	29	26	30	26	28	30	29	31	27	26	31	26	31	27	29	26	31	30	28	26	28	31	31	29	27	27	30	26	29	29	27	29	31	27	28	28	27	31	
78	93	90	80	91	86	92	81	82	93	82	86	86	86	83	86	81	88	89	84	94	92	84	92	85	90	81	84	84	81	89	92	91	84	77	88	82	83	81	79	82	94	80	84	82	85	82	88	90	90	85	94	83	82	94	82	77	93	93	79	91	78	77	83	90	81	88	76	94	78	83	78	80	81	91	76	87	79	93	85	83	81	89	79	85	89	81	84	88	82	91	76	85	88	79	79	85	82	79	91	93	79	88	91	87	90	91	80	87	84	82	77	93	78	84	77	91	92	91	84	92	93	79	79	84	91	85	80	78	88	85	85	89	81	82	78	83	87	88	85	90	83	94	79	77	78	84	82	90	84	77	88	89	78	90	85	85	87	82	82	92	82	83	86	89	90	91	84	87	82	80	90	77	84	82	80	90	78	79	86	89	86	90	81	90	80	92	81	94	92	78	79	82	83	78	86	91	92	94	90	84	88	89	93	78	77	78	86	86	86	94	92	82	84	81	94	87	91	94	84	79	93	93	78	83	89	89	90	77	90	79	83	94	85	88	81	79	77	86	91	83	81	78	77	77	90	92	91	89	77	86	86	91	84	89	86	85	92	90	82	94	82	90	85	76	92	77	82	87	80	77	84	83	79	89	87	80	78	90	83	85	80	91	90	80	84	80	79	94	86	78	88	78	90	77	93	77	93	79	93	76	88	78	83	76	78	87	89	85	85	91	91	77	90	85	90	91	94	92	80	80	78	88	90	79	82	89	85	83	93	90	83	79	79	90	81	85	94	76	80	87	92	86	76	81	83	88	82	94	81	76	93	90	89	84	79	91	94	77	78	83	81	88	89	84	87	93	92	76	94	79	91	82	87	80	82	88	88	78	77	82	83	78	89	85	82	90	80	85	90	87	86	76	83	94	82	89	77	77	89	88	91	83	89	93	86	87	76	78	79	80	81	84	79	80	82	93	87	84	86	78	91	78	76	81	76	85	82	78	91	79	86	86	84	76	83	94	85	88	76	88	84	87	79	94	88	83	83	77	93	88	93	94	84	86	91	81	87	80	85	92	76	76	80	94	94	94	94	87	86	91	94	85	94	89	77	80	80	93	90	79	86	87	93	84	81	90	83	92	81	87	86	83	85	93	77	82	88	92	79	82	76	85	89	84	78	87	89	88	94	81	88	77	77	88	94	80	82	89	91	76	76	85	84	90	88	83	89	89	82	92	77	94	78	85	76	90	87	90	88	85	82	89	79	79	85	78	81	90	84	77	86	82	90	78	92	89	76	86	87	76	87	78	81	86	88	89	91	78	87	86	90	89	78	82	76	81	85	85	91	87	84	89	87	92	77	86	78	93	77	89	82	79	91	82	77	93	77	83	93	89	91	94	78	88	94	92	87	80	83	79	92	84	78	85	83	87	77	83	84	83	78	91	93	79	76	83	77	93	86	76	80	85	80	76	77	88	82	78	85	93	88	80	93	85	78	83	84	81	87	78	87	82	93	85	88	79	91	78	93	87	89	80	81	89	92	80	77	94	91	94	80	89	81	92	77	81	81	93	91	84	76	85	84	78	80	84	76	90	76	78	80	82	87	81	88	87	88	86	81	89	76	90	87	91	81	84	85	77	79	80	79	90	83	90	90	92	78	77	92	92	92	81	89	76	87	82	91	94	78	84	89	87	89	88	78	76	80	83	85	81	77	90	93	91	81	78	85	82	89	82	92	93	88	89	88	81	78	81	90	93	83	91	85	81	80	93	80	87	92	89	80	92	93	92	81	77	88	89	86	91	85	88	87	80	78	92	76	83	88	91	76	85	80	77	81	88	81	93	83	85	83	84	78	81	94	76	87	89	80	94	86	82	87	88	90	89	91	87	84	76	79	86	82	79	82	84	79	77	79	86	79	86	77	77	79	78	94	78	93	76	82	90	80	77	83	87	90	93	78	90	84	90	92	90	91	87	76	78	83	85	77	83	76	81	93	93	90	86	84	86	85	87	92	90	82	93	87	87	91	94	92	85	89	91	90	93	94	79	80	83	84	92	86	76	87	81	85	81	83	81	80	82	83	86	77	84	93	92	87	85	90	85	80	81	78	90	91	94	82	83	77	88	77	88	82	78	93	89	77	87	76	81	93	89	77	83	92	84	81	93	91	94	90	83	88	90	80	91	84	77	87	92	79	90	76	88	78	89	93	84	82	89	87	88	88	82	84	84	83	85	85	76	92	93	93	81	79	92	92	79	91	91	85	82	93	82	82	82	77	81	90	84	90	83	93	84	77	85	85	
18.7	22	16.5	28.6	23.1	14.3	15.4	30.8	31.9	29.7	20.9	19.8	27.5	23.1	24.2	16.5	27.5	14.3	26.4	24.2	14.3	30.8	27.5	28.6	29.7	23.1	29.7	11	27.5	29.7	30.8	25.3	17.6	25.3	11	27.5	25.3	28.6	15.4	16.5	12.1	19.8	15.4	31.9	15.4	15.4	16.5	24.2	17.6	24.2	30.8	14.3	12.1	18.7	24.2	15.4	33	20.9	24.2	20.9	23.1	22	28.6	24.2	11	11	19.8	13.2	30.8	33	13.2	18.7	22	23.1	22	14.3	12.1	16.5	19.8	28.6	14.3	12.1	27.5	18.7	33	20.9	19.8	18.7	17.6	17.6	14.3	30.8	17.6	19.8	19.8	20.9	29.7	25.3	19.8	31.9	30.8	26.4	11	25.3	18.7	24.2	18.7	16.5	28.6	26.4	16.5	14.3	31.9	19.8	17.6	31.9	23.1	26.4	12.1	12.1	23.1	29.7	16.5	25.3	11	27.5	26.4	28.6	28.6	19.8	13.2	14.3	28.6	29.7	17.6	13.2	14.3	31.9	30.8	16.5	14.3	33	18.7	18.7	14.3	23.1	28.6	16.5	29.7	29.7	24.2	29.7	15.4	28.6	15.4	30.8	25.3	22	11	29.7	14.3	16.5	16.5	29.7	23.1	30.8	29.7	31.9	16.5	29.7	30.8	28.6	28.6	11	20.9	19.8	27.5	27.5	28.6	20.9	17.6	13.2	31.9	11	17.6	12.1	14.3	31.9	24.2	27.5	24.2	14.3	25.3	16.5	16.5	33	11	30.8	28.6	28.6	19.8	27.5	28.6	20.9	12.1	17.6	14.3	16.5	20.9	11	23.1	31.9	23.1	25.3	11	30.8	12.1	17.6	25.3	31.9	24.2	22	24.2	23.1	17.6	12.1	30.8	25.3	22	27.5	17.6	24.2	19.8	17.6	12.1	27.5	20.9	33	33	30.8	22	12.1	30.8	26.4	11	19.8	25.3	27.5	13.2	25.3	13.2	31.9	11	29.7	22	27.5	23.1	14.3	11	15.4	28.6	12.1	14.3	19.8	13.2	31.9	20.9	13.2	18.7	13.2	16.5	15.4	15.4	17.6	12.1	19.8	11	25.3	16.5	25.3	15.4	15.4	13.2	19.8	24.2	24.2	23.1	19.8	15.4	23.1	16.5	13.2	23.1	12.1	12.1	18.7	11	26.4	26.4	29.7	26.4	22	23.1	24.2	28.6	17.6	15.4	22	29.7	25.3	23.1	14.3	13.2	29.7	16.5	26.4	14.3	29.7	22	20.9	33	17.6	29.7	17.6	31.9	17.6	33	23.1	29.7	23.1	16.5	11	15.4	19.8	25.3	31.9	16.5	20.9	14.3	16.5	23.1	24.2	12.1	12.1	12.1	27.5	25.3	13.2	28.6	11	13.2	29.7	29.7	30.8	31.9	30.8	28.6	29.7	31.9	22	24.2	29.7	25.3	26.4	12.1	18.7	11	25.3	11	25.3	12.1	31.9	26.4	20.9	19.8	15.4	14.3	17.6	11	26.4	29.7	26.4	30.8	27.5	22	31.9	26.4	16.5	15.4	22	28.6	22	19.8	17.6	33	27.5	24.2	17.6	14.3	33	31.9	14.3	12.1	25.3	17.6	26.4	17.6	26.4	17.6	19.8	23.1	19.8	24.2	16.5	18.7	28.6	24.2	23.1	29.7	17.6	12.1	12.1	14.3	11	29.7	14.3	24.2	16.5	24.2	33	27.5	12.1	14.3	15.4	22	26.4	11	23.1	27.5	11	27.5	23.1	19.8	15.4	17.6	27.5	28.6	26.4	29.7	23.1	25.3	15.4	14.3	25.3	31.9	33	31.9	31.9	14.3	25.3	16.5	28.6	20.9	24.2	14.3	26.4	16.5	13.2	19.8	29.7	25.3	13.2	22	12.1	27.5	15.4	33	30.8	28.6	24.2	30.8	12.1	20.9	19.8	12.1	25.3	23.1	33	22	15.4	26.4	30.8	23.1	17.6	23.1	13.2	14.3	26.4	15.4	20.9	29.7	23.1	28.6	28.6	33	13.2	22	31.9	16.5	24.2	23.1	11	30.8	11	22	11	29.7	24.2	16.5	18.7	27.5	20.9	12.1	31.9	26.4	19.8	14.3	22	12.1	14.3	25.3	16.5	14.3	22	18.7	30.8	28.6	15.4	18.7	18.7	17.6	14.3	30.8	12.1	27.5	26.4	27.5	22	22	33	13.2	17.6	25.3	19.8	30.8	26.4	28.6	28.6	23.1	24.2	12.1	29.7	23.1	26.4	19.8	16.5	14.3	11	16.5	12.1	13.2	31.9	28.6	18.7	17.6	25.3	30.8	14.3	31.9	19.8	30.8	30.8	17.6	33	26.4	28.6	26.4	16.5	14.3	15.4	18.7	28.6	16.5	15.4	11	29.7	28.6	11	19.8	27.5	19.8	33	22	15.4	20.9	14.3	22	12.1	31.9	18.7	30.8	17.6	26.4	14.3	22	20.9	19.8	30.8	17.6	16.5	33	13.2	25.3	31.9	25.3	19.8	19.8	26.4	20.9	29.7	17.6	26.4	23.1	23.1	28.6	24.2	11	24.2	19.8	26.4	16.5	23.1	33	26.4	22	16.5	26.4	28.6	23.1	19.8	26.4	30.8	14.3	15.4	16.5	33	24.2	17.6	33	11	17.6	24.2	31.9	27.5	18.7	22	28.6	14.3	30.8	17.6	24.2	23.1	23.1	17.6	16.5	14.3	33	33	28.6	27.5	33	19.8	26.4	26.4	30.8	17.6	13.2	33	14.3	23.1	25.3	12.1	18.7	13.2	12.1	18.7	28.6	31.9	24.2	11	23.1	31.9	30.8	31.9	26.4	12.1	27.5	15.4	20.9	26.4	11	33	17.6	29.7	27.5	27.5	28.6	22	17.6	23.1	24.2	24.2	11	15.4	31.9	18.7	23.1	16.5	30.8	24.2	12.1	24.2	22	23.1	13.2	19.8	28.6	20.9	19.8	25.3	23.1	18.7	31.9	15.4	26.4	14.3	11	17.6	17.6	13.2	33	22	17.6	18.7	22	22	18.7	31.9	25.3	16.5	29.7	15.4	12.1	20.9	13.2	16.5	12.1	28.6	30.8	13.2	24.2	13.2	15.4	27.5	14.3	18.7	23.1	29.7	23.1	13.2	33	30.8	13.2	23.1	22	17.6	24.2	29.7	15.4	25.3	18.7	29.7	24.2	11	22	24.2	11	14.3	12.1	17.6	19.8	17.6	20.9	29.7	15.4	20.9	31.9	17.6	14.3	12.1	11	15.4	23.1	25.3	33	23.1	23.1	23.1	16.5	28.6	31.9	20.9	29.7	13.2	13.2	33	23.1	30.8	18.7	13.2	13.2	11	19.8	19.8	12.1	15.4	28.6	25.3	24.2	13.2	22	13.2	29.7	26.4	28.6	20.9	18.7	12.1	16.5	23.1	15.4	12.1	15.4	12.1	29.7	11	17.6	28.6	12.1	30.8	12.1	33	26.4	13.2	30.8	15.4	25.3	28.6	31.9	20.9	13.2	22	17.6	20.9	26.4	30.8	31.9	24.2	22	18.7	31.9	15.4	15.4	28.6	18.7	22	24.2	33	23.1	23.1	27.5	16.5	28.6	22	19.8	29.7	12.1	16.5	23.1	24.2	15.4	12.1	31.9	18.7	13.2	14.3	16.5	31.9	26.4	30.8	20.9	33	28.6	30.8	28.6	25.3	23.1	19.8	27.5	12.1	33	20.9	25.3	13.2	27.5	30.8	15.4	31.9	18.7	16.5	19.8	13.2	26.4	29.7	20.9	20.9	33	26.4	11	26.4	25.3	26.4	17.6	26.4	26.4	25.3	17.6	26.4	28.6	25.3	24.2	25.3	11	23.1	22	20.9	24.2	11	24.2	24.2	26.4	25.3	15.4	18.7	16.5	26.4	12.1	20.9	27.5	24.2	28.6	24.2	19.8	30.8	13.2	20.9	22	23.1	30.8	17.6	30.8	15.4	13.2	15.4	12.1	33	12.1	26.4	28.6	31.9	27.5	15.4	22	31.9	13.2	26.4	14.3	18.7	20.9	16.5	
20.9	31.9	16.5	22	28.6	16.5	27.5	14.3	24.2	22	24.2	14.3	29.7	18.7	31.9	23.1	33	18.7	20.9	18.7	28.6	29.7	30.8	33	24.2	26.4	12.1	11	13.2	15.4	24.2	16.5	31.9	28.6	12.1	26.4	16.5	20.9	18.7	23.1	12.1	22	27.5	33	11	31.9	11	15.4	23.1	27.5	33	19.8	31.9	13.2	25.3	19.8	16.5	33	26.4	14.3	26.4	13.2	14.3	26.4	14.3	26.4	22	23.1	24.2	30.8	13.2	11	22	12.1	13.2	24.2	22	29.7	24.2	23.1	22	13.2	14.3	11	22	28.6	19.8	33	20.9	18.7	14.3	29.7	18.7	20.9	26.4	30.8	23.1	15.4	13.2	26.4	12.1	33	22	28.6	18.7	16.5	16.5	22	12.1	26.4	13.2	18.7	18.7	13.2	14.3	22	30.8	29.7	27.5	16.5	11	19.8	17.6	14.3	28.6	33	12.1	19.8	16.5	29.7	11	25.3	33	19.8	16.5	30.8	14.3	23.1	11	12.1	15.4	31.9	17.6	30.8	16.5	22	15.4	29.7	20.9	19.8	26.4	33	19.8	31.9	24.2	18.7	20.9	12.1	18.7	25.3	13.2	22	13.2	11	14.3	28.6	13.2	15.4	29.7	28.6	16.5	11	14.3	26.4	27.5	24.2	19.8	29.7	23.1	14.3	16.5	11	19.8	28.6	30.8	13.2	20.9	25.3	33	28.6	28.6	16.5	27.5	29.7	28.6	12.1	13.2	16.5	22	24.2	29.7	27.5	20.9	30.8	17.6	28.6	18.7	25.3	24.2	12.1	13.2	29.7	13.2	22	19.8	15.4	22	27.5	11	30.8	16.5	13.2	14.3	14.3	29.7	20.9	29.7	30.8	15.4	11	30.8	15.4	20.9	30.8	24.2	30.8	19.8	16.5	31.9	22	30.8	20.9	13.2	14.3	15.4	19.8	22	15.4	23.1	20.9	23.1	27.5	15.4	26.4	17.6	20.9	27.5	28.6	20.9	13.2	13.2	20.9	16.5	24.2	15.4	12.1	16.5	30.8	19.8	22	29.7	27.5	26.4	22	24.2	20.9	16.5	12.1	26.4	26.4	29.7	11	29.7	27.5	19.8	28.6	31.9	20.9	22	19.8	16.5	30.8	15.4	17.6	33	33	22	11	23.1	15.4	29.7	18.7	13.2	28.6	17.6	20.9	20.9	16.5	16.5	25.3	19.8	20.9	12.1	15.4	33	14.3	14.3	26.4	24.2	25.3	18.7	18.7	30.8	33	11	27.5	26.4	24.2	14.3	26.4	20.9	11	23.1	27.5	31.9	29.7	18.7	13.2	19.8	12.1	29.7	22	23.1	11	27.5	12.1	23.1	25.3	19.8	19.8	26.4	33	26.4	31.9	22	29.7	17.6	29.7	28.6	28.6	17.6	18.7	18.7	16.5	33	20.9	23.1	26.4	14.3	19.8	23.1	24.2	16.5	33	30.8	27.5	17.6	20.9	20.9	14.3	14.3	25.3	25.3	14.3	22	14.3	17.6	22	13.2	25.3	29.7	30.8	29.7	22	12.1	23.1	24.2	31.9	31.9	27.5	23.1	12.1	33	15.4	19.8	27.5	11	18.7	13.2	29.7	31.9	24.2	25.3	25.3	11	19.8	20.9	24.2	12.1	33	15.4	29.7	20.9	13.2	15.4	31.9	26.4	11	22	27.5	31.9	15.4	23.1	31.9	13.2	12.1	25.3	15.4	30.8	11	29.7	20.9	18.7	30.8	25.3	24.2	14.3	14.3	12.1	26.4	22	22	31.9	14.3	20.9	24.2	29.7	11	25.3	12.1	11	25.3	11	24.2	31.9	14.3	23.1	30.8	15.4	30.8	26.4	30.8	17.6	20.9	23.1	19.8	11	23.1	25.3	24.2	27.5	11	23.1	16.5	11	22	14.3	25.3	33	17.6	17.6	24.2	13.2	30.8	16.5	26.4	12.1	14.3	33	19.8	13.2	26.4	31.9	16.5	25.3	23.1	33	27.5	28.6	30.8	22	19.8	12.1	23.1	24.2	22	30.8	19.8	29.7	27.5	22	19.8	15.4	11	26.4	22	26.4	24.2	17.6	33	26.4	11	33	18.7	16.5	22	25.3	33	13.2	12.1	31.9	22	27.5	15.4	22	30.8	31.9	20.9	28.6	33	18.7	18.7	20.9	25.3	20.9	15.4	25.3	27.5	17.6	14.3	13.2	30.8	23.1	14.3	24.2	23.1	24.2	25.3	20.9	22	24.2	22	28.6	16.5	12.1	22	14.3	22	20.9	17.6	13.2	14.3	29.7	28.6	31.9	11	28.6	28.6	20.9	25.3	22	12.1	27.5	28.6	15.4	31.9	17.6	28.6	12.1	19.8	30.8	12.1	14.3	19.8	31.9	17.6	26.4	29.7	28.6	20.9	17.6	17.6	24.2	15.4	33	33	28.6	13.2	16.5	17.6	23.1	18.7	11	13.2	17.6	19.8	23.1	17.6	17.6	23.1	15.4	26.4	12.1	23.1	26.4	27.5	28.6	26.4	28.6	26.4	19.8	20.9	16.5	13.2	19.8	11	29.7	19.8	24.2	16.5	31.9	20.9	19.8	27.5	28.6	28.6	28.6	12.1	19.8	20.9	25.3	12.1	28.6	22	20.9	25.3	31.9	13.2	13.2	26.4	17.6	24.2	28.6	20.9	27.5	12.1	12.1	16.5	30.8	14.3	16.5	13.2	18.7	30.8	13.2	13.2	30.8	17.6	30.8	25.3	26.4	22	27.5	28.6	26.4	28.6	13.2	30.8	12.1	30.8	27.5	11	14.3	33	24.2	12.1	24.2	33	33	17.6	20.9	26.4	18.7	18.7	33	31.9	31.9	16.5	28.6	14.3	24.2	17.6	18.7	15.4	31.9	23.1	17.6	25.3	18.7	28.6	15.4	24.2	29.7	18.7	28.6	24.2	24.2	11	28.6	16.5	25.3	14.3	13.2	15.4	22	11	29.7	12.1	13.2	29.7	16.5	20.9	27.5	14.3	31.9	29.7	24.2	18.7	24.2	24.2	28.6	12.1	27.5	13.2	25.3	33	17.6	31.9	12.1	19.8	22	33	28.6	27.5	27.5	12.1	28.6	19.8	22	17.6	23.1	25.3	24.2	18.7	23.1	18.7	23.1	20.9	18.7	31.9	26.4	16.5	16.5	15.4	13.2	19.8	17.6	31.9	33	33	30.8	33	24.2	17.6	28.6	22	28.6	15.4	33	12.1	24.2	23.1	12.1	18.7	14.3	30.8	20.9	24.2	12.1	18.7	12.1	33	26.4	28.6	12.1	20.9	25.3	18.7	14.3	11	29.7	18.7	17.6	28.6	15.4	20.9	33	17.6	17.6	19.8	12.1	24.2	26.4	19.8	29.7	23.1	15.4	12.1	24.2	28.6	30.8	23.1	31.9	26.4	31.9	16.5	13.2	26.4	14.3	13.2	22	12.1	18.7	13.2	25.3	29.7	23.1	25.3	11	26.4	31.9	20.9	18.7	28.6	31.9	25.3	13.2	31.9	11	30.8	24.2	31.9	24.2	13.2	28.6	19.8	16.5	15.4	22	33	16.5	25.3	18.7	11	15.4	27.5	17.6	14.3	15.4	26.4	13.2	25.3	29.7	15.4	18.7	26.4	24.2	27.5	17.6	20.9	26.4	19.8	26.4	19.8	25.3	29.7	22	31.9	27.5	26.4	24.2	16.5	20.9	15.4	30.8	15.4	13.2	31.9	23.1	23.1	22	15.4	12.1	27.5	12.1	25.3	24.2	22	25.3	14.3	15.4	24.2	30.8	12.1	18.7	22	14.3	33	31.9	25.3	20.9	30.8	20.9	18.7	28.6	19.8	14.3	18.7	29.7	29.7	22	27.5	22	16.5	29.7	22	12.1	16.5	20.9	23.1	30.8	28.6	30.8	12.1	25.3	33	18.7	12.1	20.9	24.2	14.3	25.3	31.9	31.9	25.3	23.1	29.7	16.5	13.2	13.2	25.3	29.7	23.1	14.3	24.2	18.7	25.3	18.7	24.2	27.5	
17.6	13.2	26.4	27.5	27.5	27.5	27.5	25.3	27.5	17.6	28.6	27.5	17.6	31.9	25.3	
17	18	16	11	18	16	15	10	19	12	18	15	10	11	15	18	10	10	18	11	13	18	17	17	12	14	10	10	12	17	13	14	13	16	10	16	20	12	11	16	18	19	18	13	17	20	11	11	13	18	17	20	11	13	17	11	17	14	12	13	18	10	19	11	19	20	13	14	11	13	16	17	20	12	11	14	12	20	18	14	10	19	19	17	17	17	19	13	12	12	14	17	15	17	14	11	10	12	11	11	11	10	15	14	10	18	17	11	18	12	13	13	15	11	20	16	20	15	14	15	18	11	12	20	10	18	18	20	20	10	18	11	15	17	15	20	19	17	17	11	15	18	17	16	20	16	11	14	20	18	19	11	13	19	19	12	12	13	13	14	19	20	13	16	11	14	14	16	10	12	12	12	16	15	14	17	20	18	18	20	18	17	16	14	10	10	20	12	10	14	14	11	12	11	19	11	17	18	20	20	19	13	12	18	15	18	20	14	19	14	16	14	19	10	14	10	10	12	13	20	17	12	14	19	17	17	18	12	17	18	13	11	14	19	11	20	11	15	10	19	13	16	16	11	13	12	19	12	18	15	20	18	15	10	13	18	14	12	12	13	13	19	16	19	19	13	19	12	17	18	15	18	12	13	19	16	13	19	20	14	13	10	14	14	20	12	13	14	20	20	12	11	11	12	17	15	14	14	15	10	15	11	11	14	14	14	16	12	11	11	17	13	13	10	10	13	19	18	10	14	17	17	13	19	10	11	13	15	15	12	19	11	20	19	16	15	10	18	12	13	16	13	12	20	17	14	20	13	11	13	20	20	11	16	13	13	15	10	17	12	15	14	12	14	13	20	10	17	12	16	11	11	16	17	11	14	15	12	14	19	10	16	12	17	20	14	10	10	11	14	19	16	16	18	18	14	12	11	12	20	11	18	13	12	19	13	10	10	18	11	18	13	20	19	16	19	18	18	13	11	15	11	20	12	11	14	19	16	19	15	13	19	16	15	13	11	15	12	18	12	17	12	12	16	13	16	20	20	19	11	17	18	11	14	12	16	11	15	18	11	12	11	14	20	15	20	10	19	18	19	12	16	12	17	12	18	15	17	11	16	13	14	12	19	18	16	18	18	19	14	12	13	10	12	16	17	13	11	10	11	19	13	18	17	11	17	10	16	11	19	10	17	12	17	20	14	20	12	16	13	15	14	11	16	11	10	11	16	18	16	13	14	15	17	14	14	15	20	13	18	19	15	13	11	11	19	20	14	15	16	18	10	10	11	11	16	11	11	10	17	10	19	11	15	10	10	15	14	19	14	19	19	18	15	18	16	17	16	15	17	14	17	11	17	13	17	19	19	16	14	17	20	19	15	19	14	14	17	15	17	14	13	12	14	13	19	11	10	20	14	15	18	11	12	10	18	15	20	18	13	15	10	15	16	16	16	19	19	14	17	20	15	19	14	19	19	12	19	15	11	16	20	11	16	18	12	15	11	11	12	15	20	20	19	17	12	20	14	12	12	19	17	16	17	17	13	13	16	18	11	17	10	14	16	10	19	18	17	13	14	10	16	15	13	17	11	10	19	18	11	15	13	10	10	15	19	18	10	11	12	12	19	15	11	13	20	10	20	17	19	16	15	13	19	14	15	17	18	20	15	15	14	15	12	12	11	17	14	11	19	16	13	16	16	20	11	19	15	15	13	12	11	15	12	12	13	15	13	15	15	14	13	11	11	20	19	13	14	12	20	19	19	12	20	19	15	19	13	15	13	16	17	15	18	20	14	14	17	19	10	11	17	11	20	11	11	11	11	11	13	17	13	16	10	13	18	15	19	20	13	18	10	19	12	20	17	13	17	13	20	19	18	10	15	18	19	13	18	16	10	19	14	18	20	15	12	17	15	11	16	13	15	11	12	12	18	19	11	20	17	10	18	16	12	19	12	15	18	19	10	11	20	17	16	16	14	20	16	16	11	14	13	18	19	10	16	20	18	12	16	17	19	15	10	17	18	17	18	13	10	12	15	15	18	10	14	16	10	10	11	10	14	10	12	20	15	14	11	17	13	14	12	17	14	14	16	11	15	19	18	16	18	19	10	13	15	12	13	10	18	12	20	10	19	18	18	14	16	16	14	14	16	12	11	17	14	19	13	18	20	12	11	12	15	12	16	13	11	14	20	17	10	11	12	12	17	13	11	20	12	14	10	12	13	19	15	14	17	19	14	18	13	11	19	12	11	20	16	14	19	14	18	11	11	13	19	11	15	14	19	11	15	17	17	14	14	16	16	13	19	
1	1	1	1	1	1	1	1	1	1	1	1	1	1	1	1	1	1	1	1	1	1	1	1	1	1	1	1	1	1	1	1	1	1	1	1	1	1	1	1	1	1	1	1	1	1	1	1	1	1	1	1	1	1	1	1	1	1	1	1	1	1	1	1	1	1	1	1	1	1	1	1	1	1	2	2	2	2	2	2	2	2	2	2	2	2	2	2	2	2	2	2	2	2	2	2	2	2	2	2	2	2	2	2	2	2	2	2	2	2	2	2	2	2	2	2	2	2	2	2	2	2	2	2	2	2	2	2	2	2	2	2	2	2	2	2	2	2	2	2	2	2	2	2	2	2	2	2	2	2	2	3	3	3	3	3	3	3	3	3	3	3	3	3	3	3	3	3	3	3	3	3	3	3	3	3	3	3	3	3	3	3	3	3	3	3	3	3	3	3	3	3	3	3	3	3	3	3	3	3	3	3	3	3	3	3	4	4	4	4	4	4	4	4	4	4	4	4	4	4	4	4	4	4	4	4	4	4	4	4	4	4	4	4	4	4	4	4	4	4	4	4	4	4	4	4	4	4	4	4	4	4	4	4	4	4	4	4	4	4	4	4	4	4	4	4	4	4	4	4	4	4	4	4	5	5	5	5	5	5	5	5	5	5	5	5	5	5	5	5	5	5	5	5	5	5	5	5	5	5	5	5	5	5	5	5	5	5	5	5	5	5	5	5	5	5	5	5	5	5	5	5	5	5	5	5	5	5	5	5	5	5	5	5	5	5	5	5	5	5	5	5	6	6	6	6	6	6	6	6	6	6	6	6	6	6	6	6	6	6	6	6	6	6	6	6	6	6	6	6	6	6	6	6	6	6	6	6	6	6	6	6	6	6	6	6	6	6	6	6	6	6	6	6	6	6	6	6	6	6	6	6	6	6	6	6	6	6	6	6	6	7	7	7	7	7	7	7	7	7	7	7	7	7	7	7	7	7	7	7	7	7	7	7	7	7	7	7	7	7	7	7	7	7	7	7	7	7	7	7	7	7	7	7	7	7	7	7	7	7	7	7	7	7	7	7	7	7	8	8	8	8	8	8	8	8	8	8	8	8	8	8	8	8	8	8	8	8	8	8	8	8	8	8	8	8	8	8	8	8	8	8	8	8	8	8	8	8	8	8	8	8	8	8	8	8	8	8	8	8	8	8	8	8	8	8	8	8	8	8	8	9	9	9	9	9	9	9	9	9	9	9	9	9	9	9	9	9	9	9	9	9	9	9	9	9	9	9	9	9	9	9	9	9	9	9	9	9	9	9	9	9	9	9	9	9	9	9	9	9	9	9	9	9	9	9	9	9	9	9	9	9	9	9	9	9	10	10	10	10	10	10	10	10	10	10	10	10	10	10	10	10	10	10	10	10	10	10	10	10	10	10	10	10	10	10	10	10	10	10	10	10	10	10	10	10	10	10	10	10	10	10	10	10	10	10	10	10	10	10	10	10	10	10	10	10	10	10	10	10	10	10	10	10	10	10	10	10	11	11	11	11	11	11	11	11	11	11	11	11	11	11	11	11	11	11	11	11	11	11	11	11	11	11	11	11	11	11	11	11	11	11	11	11	11	11	11	11	11	11	11	11	11	11	11	11	11	11	11	11	11	11	11	11	11	11	11	11	11	11	11	11	11	11	11	11	12	12	12	12	12	12	12	12	12	12	12	12	12	12	12	12	12	12	12	12	12	12	12	12	12	12	12	12	12	12	12	12	12	12	12	12	12	12	12	12	12	12	12	12	12	12	12	12	12	12	12	13	13	13	13	13	13	13	13	13	13	13	13	13	13	13	13	13	13	13	13	13	13	13	13	13	13	13	13	13	13	13	13	13	13	13	13	13	13	13	13	13	13	13	13	13	13	13	13	13	13	13	13	13	13	13	13	13	13	13	13	13	13	13	13	13	13	13	13	13	13	13	14	14	14	14	14	14	14	14	14	14	14	14	14	14	14	14	14	14	14	14	14	14	14	14	14	14	14	14	14	14	14	14	14	14	14	14	14	14	14	14	14	14	14	14	14	14	14	14	14	14	14	14	14	14	14	14	14	14	14	14	14	14	14	14	14	14	14	14	14	14	14	15	15	15	15	15	15	15	15	15	15	15	15	15	15	15	15	15	15	15	15	15	15	15	15	15	15	15	15	15	15	15	15	15	15	15	15	15	15	15	15	15	15	15	15	15	15	15	15	15	15	15	15	15	15	15	15	15	15	15	15	15	15	15	15	15	15	15	15	15	15	15	
