1000
15	4
1096	19.8
31	28	31	28	30	31	28	29	26	27	28	27	30	31	26	26	27	27	27	29	26	31	26	28	31	30	27	31	30	31	29	26	26	27	26	31	27	26	28	29	29	27	27	28	28	27	30	27	28	29	31	29	28	29	27	30	29	31	31	31	26	31	26	30	26	28	31	27	28	29	28	27	28	31	27	29	26	30	26	30	28	26	29	27	30	30	26	28	29	27	29	27	26	27	30	31	31	29	27	31	31	30	28	26	27	31	28	31	29	27	31	26	30	31	31	29	29	30	30	29	27	30	28	28	26	26	26	30	27	31	31	27	29	26	27	31	27	31	28	29	29	30	27	31	31	27	26	30	30	26	28	26	30	26	30	28	29	26	27	29	30	26	31	31	30	26	28	28	27	27	31	31	29	26	31	26	27	29	31	31	28	31	26	29	28	29	26	27	28	29	29	31	28	29	29	28	29	31	31	27	26	26	27	31	30	30	26	27	30	28	28	29	27	26	27	26	31	27	27	31	30	31	31	29	30	31	26	31	28	28	30	29	30	31	28	29	28	30	27	28	29	30	28	28	29	28	31	31	30	30	30	27	26	31	29	29	28	31	30	26	28	28	31	26	30	27	31	26	26	29	26	28	28	30	27	31	31	26	28	31	26	26	30	30	28	30	27	26	29	28	31	26	29	27	30	29	30	30	27	29	26	30	31	30	27	30	31	28	28	30	29	29	31	29	31	30	29	28	29	27	27	31	27	30	29	30	27	28	27	28	26	31	27	29	28	28	27	28	27	30	28	31	27	29	27	29	31	30	26	27	29	31	31	30	30	27	29	31	26	27	30	29	27	30	31	28	26	27	30	30	29	29	26	27	31	28	26	28	30	26	27	28	30	31	27	29	30	31	31	31	31	26	29	31	26	28	30	26	30	26	30	29	26	28	29	27	31	31	28	28	29	28	31	31	26	30	26	29	29	29	30	29	26	30	27	26	27	29	29	28	27	27	29	31	31	26	27	27	26	30	29	29	30	28	30	31	30	31	26	27	27	27	29	31	28	28	29	27	29	27	27	28	31	26	30	30	29	28	30	30	26	26	28	30	27	30	27	28	31	31	30	26	30	28	31	28	30	27	31	29	27	31	26	27	26	27	30	26	31	27	30	26	27	27	29	26	30	31	29	26	26	29	30	26	31	31	26	28	26	29	26	26	31	28	30	29	29	29	26	30	26	26	31	26	27	29	31	27	28	28	27	30	31	26	30	31	26	30	26	30	29	28	29	30	26	30	28	26	28	28	31	28	30	26	30	29	28	27	30	27	26	30	26	29	27	31	31	27	27	29	27	27	26	27	29	26	29	30	26	27	31	31	26	30	26	31	27	29	26	29	30	27	26	28	29	30	27	31	31	26	27	31	26	27	28	27	26	27	27	26	26	28	28	27	30	31	29	28	27	27	30	28	30	31	30	30	30	27	31	27	26	30	28	31	28	26	31	26	31	27	27	29	30	26	27	27	27	31	30	30	29	30	29	31	29	30	29	27	28	26	26	26	29	26	28	31	29	30	29	28	26	29	31	31	28	31	27	26	26	28	28	26	29	27	31	28	26	29	29	28	29	31	30	31	31	26	28	31	26	27	28	28	31	30	31	29	30	31	29	30	31	30	26	29	27	28	28	30	30	29	26	29	28	29	28	31	31	30	31	31	27	28	28	26	26	26	27	30	30	28	27	31	26	29	26	26	29	27	29	29	29	27	31	29	29	26	28	31	26	26	31	26	27	28	29	26	30	31	28	29	31	26	30	31	30	30	29	30	31	31	28	26	31	30	26	31	28	27	31	26	31	28	27	27	27	27	27	28	27	26	28	31	26	31	31	27	26	31	30	26	27	28	31	28	26	28	31	29	28	30	28	31	30	28	27	30	31	29	29	27	27	26	31	27	31	26	28	31	29	28	30	28	26	29	29	26	28	30	31	28	27	27	30	30	26	28	29	29	28	28	27	28	29	30	27	28	31	30	31	26	27	31	31	29	28	26	26	30	27	29	31	30	29	26	29	28	29	31	27	31	29	28	28	28	27	29	29	27	31	30	30	26	31	28	28	31	28	30	30	28	28	28	28	30	27	28	30	31	31	29	28	26	26	31	30	30	28	31	26	26	27	29	31	30	26	27	28	26	27	27	29	29	28	28	29	30	29	28	31	27	28	28	28	29	30	27	27	30	31	26	29	28	27	31	31	26	30	27	29	29	30	31	31	27	31	28	28	29	31	28	27	31	30	30	31	28	29	27	28	28	
92	85	79	78	94	87	87	87	90	94	93	79	89	83	83	89	84	81	91	79	76	79	80	85	89	80	90	94	77	93	82	90	87	76	90	77	80	77	87	92	77	89	87	94	81	88	87	90	88	86	81	92	93	84	82	94	81	93	93	80	93	93	92	92	79	85	93	85	84	78	77	79	94	93	76	89	85	88	80	76	76	89	77	92	88	80	84	79	93	86	77	76	91	92	82	94	93	85	88	81	77	87	88	83	89	88	90	77	79	93	89	77	91	82	88	84	76	94	82	81	81	93	92	83	87	80	93	85	88	86	94	91	91	79	92	80	88	76	77	83	77	79	77	90	76	91	87	81	94	87	80	90	93	77	94	85	94	82	82	93	88	89	91	89	78	85	86	89	86	78	77	78	84	94	86	81	83	90	87	77	84	87	78	79	83	83	81	81	87	78	86	92	83	90	89	91	80	84	92	91	93	77	76	93	77	90	89	78	93	80	84	85	76	83	84	92	92	77	78	92	80	84	84	87	83	79	90	89	78	80	79	94	86	93	88	79	89	91	87	90	87	77	85	79	90	86	92	79	78	78	79	80	89	90	85	85	88	91	76	92	91	83	77	83	91	89	86	89	86	81	85	84	82	82	91	85	80	88	85	76	82	90	79	77	82	91	81	94	77	84	88	84	86	94	85	84	86	85	84	86	77	82	90	77	89	78	79	87	76	86	92	87	86	94	76	87	77	83	79	77	89	77	80	86	84	86	77	85	89	94	91	90	78	77	87	82	81	80	93	92	93	79	91	79	86	85	78	83	79	93	93	94	92	85	86	86	81	82	82	76	89	77	78	78	88	79	77	87	77	87	91	84	77	92	91	79	89	88	85	80	93	77	85	86	79	78	88	87	93	88	80	80	81	86	78	85	92	86	88	93	77	85	80	85	89	83	89	79	89	76	84	76	81	84	91	83	81	81	89	93	94	87	84	86	94	77	80	76	80	86	80	83	94	88	85	89	86	82	77	94	83	89	86	80	80	93	93	93	93	86	77	85	82	93	85	76	92	81	94	87	84	83	94	77	78	78	76	85	76	89	88	85	84	93	86	86	80	77	91	76	76	80	80	88	89	92	90	85	81	78	78	85	87	93	80	77	77	81	80	93	84	83	80	92	82	79	79	87	76	78	84	86	85	80	81	92	76	83	80	89	88	87	92	86	84	78	78	94	87	88	77	82	77	83	82	93	79	90	84	94	94	80	76	93	81	82	81	88	82	80	86	93	92	79	83	82	92	88	76	94	90	92	90	84	91	79	90	78	81	77	88	90	86	89	86	90	81	86	87	94	82	94	86	92	80	81	87	84	93	79	77	94	85	84	85	78	87	85	76	92	88	80	92	93	83	89	81	86	88	91	84	91	90	77	86	77	94	87	93	82	92	78	88	94	92	87	93	89	87	83	88	79	92	88	92	89	80	82	89	86	84	84	94	89	89	82	83	84	85	94	86	76	88	94	79	89	93	94	84	76	92	90	84	80	94	88	93	79	86	77	89	89	91	82	79	93	83	87	93	92	79	83	91	78	90	92	86	82	89	89	89	78	84	89	94	83	78	89	93	89	93	88	83	91	79	80	90	91	78	88	85	88	84	84	82	83	85	80	78	76	93	84	79	79	90	94	86	91	81	81	83	91	83	87	76	92	91	91	76	91	94	84	93	87	87	78	79	83	90	89	81	91	92	77	88	79	94	90	83	77	86	82	84	89	89	88	85	79	78	81	92	79	77	92	88	77	94	90	86	79	84	76	79	77	81	81	93	80	91	82	80	82	79	79	87	85	86	77	89	82	92	93	84	90	80	81	76	94	82	85	77	89	77	90	76	89	94	79	79	79	87	84	79	87	77	90	82	85	82	76	89	92	84	90	86	77	90	87	85	77	94	85	88	83	76	84	81	91	92	91	78	94	76	82	79	90	86	83	88	83	90	87	79	79	77	94	77	92	87	79	79	91	88	84	85	82	91	79	82	93	93	77	84	92	93	76	81	81	90	78	92	81	79	84	76	86	83	80	90	81	94	88	79	93	87	80	94	86	78	87	90	86	79	81	93	79	78	76	94	86	91	91	77	85	82	83	86	87	78	87	94	81	94	87	77	85	84	94	82	80	86	82	82	94	86	90	81	83	88	78	85	94	76	93	85	80	78	85	86	89	86	76	87	83	78	76	76	76	82	89	89	80	82	89	81	91	81	93	79	87	82	78	77	84	94	83	89	77	93	77	89	86	80	88	92	77	82	88	77	89	
24.2	31.9	11	17.6	28.6	16.5	11	23.1	26.4	29.7	29.7	14.3	15.4	18.7	18.7	13.2	29.7	15.4	22	22	33	18.7	15.4	11	11	27.5	26.4	15.4	25.3	22	12.1	13.2	13.2	12.1	17.6	16.5	12.1	17.6	25.3	13.2	19.8	14.3	15.4	28.6	14.3	19.8	13.2	22	23.1	18.7	27.5	16.5	24.2	31.9	17.6	19.8	20.9	14.3	26.4	12.1	19.8	22	31.9	27.5	20.9	23.1	18.7	13.2	29.7	30.8	31.9	23.1	30.8	18.7	13.2	25.3	16.5	17.6	29.7	30.8	22	16.5	28.6	15.4	28.6	12.1	20.9	30.8	17.6	25.3	17.6	13.2	23.1	28.6	12.1	30.8	25.3	31.9	25.3	12.1	20.9	25.3	30.8	19.8	19.8	15.4	29.7	18.7	28.6	26.4	11	22	33	30.8	18.7	24.2	19.8	19.8	23.1	28.6	15.4	18.7	30.8	24.2	11	33	11	18.7	15.4	17.6	20.9	15.4	20.9	18.7	33	15.4	14.3	11	29.7	13.2	14.3	25.3	33	30.8	28.6	30.8	18.7	23.1	20.9	22	14.3	17.6	29.7	22	30.8	26.4	17.6	25.3	19.8	25.3	26.4	14.3	22	20.9	31.9	12.1	18.7	31.9	24.2	18.7	25.3	33	18.7	26.4	30.8	11	15.4	31.9	20.9	23.1	24.2	18.7	33	23.1	16.5	12.1	29.7	28.6	15.4	16.5	26.4	16.5	33	11	17.6	31.9	30.8	17.6	27.5	18.7	31.9	12.1	17.6	30.8	12.1	11	16.5	28.6	31.9	14.3	30.8	27.5	23.1	13.2	18.7	15.4	17.6	33	25.3	29.7	23.1	19.8	31.9	20.9	16.5	22	33	28.6	28.6	19.8	14.3	12.1	31.9	22	14.3	19.8	31.9	20.9	19.8	18.7	14.3	26.4	15.4	14.3	22	30.8	12.1	16.5	14.3	22	17.6	29.7	22	14.3	23.1	27.5	19.8	23.1	15.4	31.9	15.4	16.5	31.9	23.1	23.1	26.4	11	15.4	24.2	25.3	14.3	11	14.3	11	19.8	29.7	26.4	14.3	26.4	19.8	29.7	33	27.5	26.4	17.6	12.1	28.6	25.3	11	28.6	22	29.7	18.7	17.6	17.6	14.3	13.2	23.1	13.2	14.3	33	15.4	20.9	26.4	18.7	18.7	29.7	23.1	20.9	25.3	30.8	28.6	16.5	24.2	13.2	20.9	28.6	18.7	26.4	18.7	11	19.8	23.1	22	12.1	14.3	20.9	13.2	23.1	26.4	30.8	33	22	30.8	16.5	33	26.4	33	31.9	17.6	28.6	19.8	31.9	27.5	30.8	25.3	30.8	31.9	16.5	12.1	16.5	31.9	27.5	14.3	15.4	23.1	25.3	14.3	13.2	12.1	29.7	29.7	30.8	13.2	30.8	27.5	26.4	24.2	18.7	20.9	25.3	29.7	24.2	12.1	31.9	33	19.8	31.9	33	33	13.2	24.2	22	26.4	27.5	30.8	24.2	30.8	33	19.8	23.1	25.3	25.3	20.9	17.6	18.7	12.1	28.6	30.8	25.3	14.3	14.3	11	16.5	31.9	15.4	13.2	23.1	11	13.2	20.9	23.1	22	23.1	28.6	24.2	19.8	24.2	20.9	29.7	29.7	26.4	18.7	20.9	31.9	16.5	31.9	11	28.6	23.1	24.2	19.8	13.2	16.5	27.5	30.8	33	30.8	17.6	20.9	25.3	31.9	20.9	27.5	11	15.4	30.8	31.9	33	16.5	31.9	33	22	18.7	27.5	28.6	22	15.4	30.8	29.7	30.8	24.2	30.8	20.9	26.4	14.3	28.6	27.5	24.2	22	20.9	30.8	22	28.6	31.9	33	18.7	18.7	30.8	24.2	28.6	18.7	15.4	30.8	23.1	18.7	28.6	14.3	30.8	12.1	19.8	23.1	16.5	31.9	33	20.9	24.2	20.9	15.4	11	27.5	13.2	12.1	13.2	29.7	16.5	30.8	25.3	16.5	33	28.6	26.4	30.8	26.4	25.3	13.2	16.5	13.2	13.2	17.6	27.5	12.1	33	11	31.9	13.2	18.7	29.7	27.5	17.6	20.9	25.3	16.5	15.4	14.3	11	33	23.1	13.2	27.5	22	24.2	15.4	27.5	25.3	11	16.5	26.4	25.3	26.4	30.8	19.8	30.8	19.8	24.2	14.3	14.3	33	15.4	14.3	22	14.3	29.7	19.8	27.5	23.1	22	16.5	18.7	30.8	28.6	28.6	20.9	33	25.3	14.3	20.9	16.5	25.3	24.2	29.7	13.2	16.5	27.5	19.8	23.1	12.1	18.7	26.4	30.8	19.8	19.8	25.3	13.2	28.6	22	18.7	19.8	19.8	33	25.3	13.2	14.3	26.4	20.9	24.2	14.3	12.1	29.7	28.6	20.9	11	11	23.1	27.5	28.6	17.6	22	14.3	31.9	25.3	24.2	28.6	17.6	26.4	16.5	13.2	11	28.6	27.5	16.5	25.3	12.1	33	18.7	11	20.9	12.1	17.6	22	26.4	25.3	14.3	22	16.5	26.4	27.5	30.8	20.9	17.6	24.2	12.1	17.6	20.9	31.9	27.5	27.5	30.8	14.3	27.5	14.3	20.9	16.5	24.2	19.8	29.7	16.5	18.7	25.3	12.1	11	31.9	33	28.6	12.1	29.7	25.3	19.8	20.9	30.8	13.2	25.3	30.8	19.8	26.4	12.1	29.7	15.4	27.5	16.5	27.5	23.1	28.6	13.2	14.3	12.1	12.1	25.3	11	12.1	23.1	11	26.4	17.6	22	23.1	27.5	26.4	19.8	24.2	26.4	31.9	15.4	28.6	13.2	11	24.2	23.1	12.1	20.9	29.7	23.1	30.8	20.9	27.5	20.9	33	33	13.2	26.4	27.5	16.5	16.5	18.7	11	24.2	23.1	20.9	15.4	11	18.7	24.2	29.7	16.5	28.6	12.1	23.1	27.5	16.5	28.6	26.4	27.5	26.4	27.5	26.4	31.9	33	30.8	25.3	13.2	31.9	12.1	19.8	16.5	31.9	31.9	28.6	26.4	17.6	23.1	11	19.8	31.9	24.2	20.9	18.7	29.7	23.1	17.6	29.7	33	23.1	29.7	14.3	17.6	28.6	11	33	28.6	24.2	12.1	20.9	12.1	24.2	12.1	14.3	31.9	24.2	24.2	15.4	27.5	14.3	16.5	12.1	11	27.5	26.4	22	23.1	25.3	19.8	11	31.9	33	23.1	27.5	29.7	13.2	12.1	30.8	22	29.7	31.9	18.7	33	18.7	17.6	16.5	31.9	11	25.3	30.8	11	28.6	33	22	24.2	20.9	15.4	25.3	18.7	30.8	15.4	12.1	12.1	13.2	23.1	29.7	30.8	11	22	17.6	25.3	18.7	14.3	13.2	14.3	28.6	20.9	31.9	19.8	12.1	27.5	14.3	20.9	12.1	26.4	33	13.2	31.9	11	20.9	11	22	30.8	31.9	24.2	18.7	30.8	12.1	18.7	14.3	15.4	17.6	18.7	25.3	12.1	22	29.7	30.8	17.6	27.5	33	29.7	25.3	24.2	28.6	33	29.7	33	12.1	27.5	11	30.8	16.5	29.7	27.5	15.4	14.3	16.5	18.7	29.7	26.4	18.7	19.8	27.5	16.5	11	17.6	23.1	16.5	26.4	11	15.4	30.8	13.2	25.3	16.5	31.9	30.8	12.1	31.9	17.6	29.7	11	19.8	25.3	26.4	18.7	18.7	25.3	17.6	26.4	19.8	15.4	20.9	26.4	15.4	27.5	24.2	17.6	17.6	11	11	17.6	24.2	20.9	17.6	11	11	23.1	12.1	30.8	19.8	30.8	27.5	30.8	11	23.1	19.8	23.1	14.3	20.9	16.5	25.3	13.2	15.4	24.2	17.6	18.7	30.8	11	14.3	13.2	28.6	27.5	26.4	31.9	23.1	27.5	17.6	12.1	33	24.2	26.4	33	24.2	24.2	25.3	31.9	
17.6	16.5	13.2	11	25.3	29.7	33	22	13.2	31.9	20.9	33	24.2	29.7	26.4	14.3	17.6	28.6	22	15.4	23.1	33	12.1	26.4	13.2	12.1	33	26.4	22	12.1	17.6	29.7	30.8	19.8	26.4	19.8	29.7	33	11	23.1	14.3	17.6	23.1	30.8	30.8	13.2	24.2	18.7	12.1	19.8	23.1	23.1	30.8	23.1	29.7	11	27.5	13.2	29.7	18.7	15.4	17.6	23.1	30.8	25.3	33	23.1	14.3	26.4	31.9	29.7	11	13.2	15.4	28.6	12.1	15.4	31.9	22	28.6	19.8	23.1	33	29.7	17.6	18.7	16.5	23.1	16.5	17.6	30.8	30.8	33	15.4	17.6	20.9	17.6	22	26.4	20.9	17.6	29.7	29.7	19.8	23.1	17.6	11	33	31.9	20.9	24.2	12.1	17.6	17.6	31.9	19.8	11	27.5	14.3	22	25.3	18.7	25.3	24.2	19.8	12.1	12.1	23.1	31.9	22	26.4	17.6	23.1	16.5	20.9	17.6	31.9	23.1	25.3	12.1	19.8	25.3	30.8	19.8	18.7	31.9	22	31.9	15.4	18.7	24.2	27.5	16.5	14.3	16.5	25.3	22	27.5	14.3	16.5	20.9	15.4	28.6	23.1	24.2	11	29.7	33	14.3	19.8	20.9	27.5	16.5	26.4	18.7	26.4	16.5	22	15.4	24.2	28.6	22	13.2	17.6	17.6	13.2	24.2	24.2	26.4	17.6	16.5	28.6	17.6	15.4	29.7	27.5	13.2	12.1	13.2	19.8	18.7	30.8	11	24.2	15.4	12.1	29.7	27.5	24.2	15.4	15.4	23.1	15.4	17.6	22	13.2	16.5	12.1	31.9	20.9	24.2	11	18.7	13.2	24.2	25.3	31.9	20.9	18.7	25.3	30.8	26.4	20.9	29.7	27.5	25.3	12.1	27.5	30.8	20.9	25.3	27.5	13.2	20.9	18.7	33	13.2	23.1	28.6	24.2	31.9	24.2	25.3	25.3	31.9	26.4	20.9	19.8	18.7	18.7	20.9	24.2	30.8	14.3	23.1	31.9	20.9	12.1	28.6	26.4	27.5	22	28.6	19.8	14.3	15.4	17.6	14.3	20.9	33	12.1	27.5	26.4	24.2	15.4	22	11	13.2	11	26.4	13.2	30.8	31.9	28.6	14.3	22	33	22	27.5	11	22	29.7	27.5	13.2	12.1	27.5	24.2	11	33	26.4	22	23.1	25.3	28.6	17.6	29.7	17.6	14.3	24.2	19.8	11	27.5	13.2	23.1	23.1	19.8	16.5	25.3	33	18.7	14.3	22	33	27.5	20.9	26.4	33	22	26.4	15.4	29.7	31.9	13.2	13.2	30.8	22	14.3	22	11	24.2	31.9	15.4	22	29.7	33	18.7	17.6	16.5	12.1	12.1	26.4	28.6	11	30.8	31.9	25.3	24.2	29.7	14.3	16.5	25.3	19.8	13.2	25.3	23.1	33	12.1	22	16.5	13.2	11	26.4	29.7	29.7	17.6	15.4	30.8	19.8	16.5	23.1	24.2	33	23.1	20.9	29.7	29.7	20.9	12.1	20.9	15.4	29.7	20.9	12.1	16.5	17.6	33	17.6	13.2	13.2	16.5	19.8	26.4	17.6	29.7	31.9	30.8	12.1	11	20.9	31.9	27.5	18.7	17.6	17.6	18.7	16.5	16.5	25.3	20.9	17.6	18.7	26.4	30.8	28.6	20.9	11	24.2	19.8	18.7	31.9	11	14.3	27.5	20.9	24.2	12.1	11	17.6	20.9	18.7	14.3	31.9	23.1	22	27.5	33	33	14.3	17.6	27.5	16.5	31.9	31.9	24.2	13.2	33	31.9	30.8	30.8	24.2	19.8	20.9	24.2	28.6	30.8	16.5	22	14.3	30.8	30.8	29.7	28.6	17.6	16.5	12.1	16.5	13.2	16.5	28.6	26.4	17.6	15.4	15.4	17.6	33	24.2	19.8	17.6	27.5	15.4	14.3	23.1	27.5	25.3	28.6	29.7	28.6	15.4	20.9	23.1	29.7	20.9	12.1	30.8	13.2	15.4	15.4	29.7	31.9	30.8	33	16.5	13.2	17.6	33	26.4	26.4	24.2	31.9	20.9	29.7	27.5	13.2	31.9	25.3	29.7	29.7	28.6	20.9	16.5	28.6	30.8	16.5	20.9	17.6	28.6	16.5	19.8	12.1	20.9	26.4	23.1	15.4	26.4	26.4	19.8	31.9	22	20.9	22	11	18.7	30.8	22	11	12.1	25.3	28.6	22	17.6	18.7	18.7	30.8	24.2	25.3	11	26.4	33	33	29.7	33	23.1	31.9	15.4	12.1	29.7	16.5	13.2	13.2	12.1	26.4	24.2	23.1	13.2	12.1	18.7	24.2	30.8	26.4	22	23.1	12.1	28.6	11	14.3	22	30.8	19.8	27.5	24.2	23.1	15.4	19.8	18.7	27.5	19.8	15.4	22	16.5	27.5	17.6	19.8	18.7	19.8	16.5	19.8	31.9	24.2	30.8	23.1	33	11	26.4	13.2	27.5	29.7	26.4	23.1	22	12.1	23.1	12.1	24.2	17.6	31.9	17.6	12.1	25.3	14.3	27.5	24.2	23.1	22	15.4	27.5	27.5	27.5	20.9	23.1	20.9	25.3	17.6	12.1	13.2	26.4	15.4	14.3	14.3	25.3	24.2	14.3	28.6	26.4	25.3	30.8	33	26.4	28.6	31.9	14.3	23.1	26.4	25.3	31.9	14.3	31.9	11	24.2	30.8	33	18.7	27.5	24.2	28.6	22	13.2	23.1	14.3	12.1	25.3	13.2	30.8	29.7	26.4	33	29.7	29.7	31.9	28.6	31.9	20.9	15.4	27.5	18.7	14.3	12.1	20.9	25.3	18.7	14.3	19.8	28.6	30.8	11	23.1	27.5	13.2	33	30.8	22	16.5	28.6	17.6	33	14.3	29.7	19.8	17.6	33	19.8	12.1	26.4	19.8	18.7	20.9	13.2	11	18.7	31.9	16.5	14.3	11	19.8	29.7	24.2	19.8	33	13.2	25.3	16.5	15.4	12.1	23.1	33	12.1	25.3	20.9	29.7	23.1	15.4	28.6	12.1	26.4	26.4	24.2	15.4	15.4	19.8	17.6	20.9	15.4	27.5	26.4	20.9	30.8	16.5	14.3	11	16.5	31.9	11	12.1	31.9	11	16.5	16.5	11	20.9	31.9	13.2	27.5	16.5	15.4	28.6	15.4	23.1	28.6	12.1	26.4	30.8	22	22	24.2	20.9	18.7	27.5	29.7	23.1	13.2	31.9	26.4	24.2	25.3	26.4	26.4	24.2	14.3	11	20.9	15.4	26.4	31.9	20.9	17.6	23.1	30.8	27.5	23.1	13.2	19.8	31.9	28.6	14.3	28.6	22	12.1	16.5	17.6	24.2	18.7	30.8	33	17.6	28.6	18.7	15.4	12.1	13.2	23.1	13.2	24.2	31.9	12.1	12.1	26.4	11	18.7	20.9	22	27.5	24.2	23.1	22	15.4	27.5	16.5	27.5	12.1	14.3	12.1	15.4	33	22	24.2	15.4	26.4	15.4	11	24.2	28.6	17.6	19.8	26.4	25.3	20.9	29.7	12.1	15.4	13.2	14.3	16.5	33	17.6	25.3	31.9	31.9	17.6	16.5	30.8	22	23.1	19.8	13.2	23.1	17.6	19.8	11	20.9	26.4	29.7	30.8	19.8	13.2	27.5	12.1	12.1	15.4	12.1	12.1	14.3	14.3	12.1	28.6	31.9	30.8	24.2	22	28.6	13.2	29.7	33	25.3	22	13.2	14.3	13.2	25.3	28.6	20.9	24.2	23.1	30.8	29.7	25.3	26.4	24.2	20.9	25.3	29.7	19.8	29.7	19.8	20.9	11	24.2	13.2	22	17.6	17.6	27.5	29.7	22	18.7	26.4	30.8	18.7	13.2	14.3	20.9	16.5	27.5	18.7	25.3	22	20.9	31.9	15.4	13.2	14.3	14.3	26.4	11	19.8	22	28.6	24.2	13.2	15.4	23.1	14.3	
15.4	22	29.7	18.7	15.4	17.6	11	33	14.3	12.1	15.4	17.6	31.9	14.3	30.8	
10	20	19	20	19	11	16	13	15	17	17	15	16	11	19	10	13	16	15	11	15	16	10	10	16	16	14	14	13	11	11	12	10	19	10	11	18	13	12	14	16	10	17	18	16	17	15	11	11	18	16	16	14	10	20	16	11	16	12	18	20	17	13	18	19	14	13	10	17	16	10	16	18	18	13	16	17	12	16	13	12	20	18	11	20	16	12	10	19	16	10	10	18	16	12	15	20	20	18	12	20	14	13	11	15	18	13	16	13	17	20	19	12	19	12	17	11	12	18	14	15	14	19	15	20	20	18	11	15	17	17	16	11	10	18	19	10	13	13	17	14	17	10	11	11	12	11	18	19	11	13	17	11	16	12	18	14	16	12	10	17	12	14	15	16	13	19	14	16	14	12	17	16	13	16	15	12	16	20	15	12	18	18	15	14	14	12	18	14	14	11	19	11	10	15	13	10	10	15	11	10	16	20	10	11	20	10	17	10	19	18	17	10	16	16	12	10	19	13	11	14	11	17	14	12	17	11	10	16	10	20	11	15	20	19	10	20	11	11	13	16	17	15	14	10	18	15	12	16	14	10	14	20	18	11	10	10	16	13	16	19	18	12	11	15	16	17	16	16	14	15	15	16	12	18	19	15	18	17	15	18	10	10	18	16	14	11	20	14	14	20	19	10	14	14	12	15	11	18	11	18	11	14	11	18	18	18	11	16	10	14	18	19	17	12	13	18	10	16	18	10	17	14	15	17	17	20	19	16	18	15	18	15	20	12	19	15	18	20	18	12	10	12	18	20	15	18	10	19	19	15	11	10	19	16	14	11	17	13	16	18	12	14	17	16	19	20	10	15	20	13	15	16	12	15	14	12	15	12	10	16	15	20	18	20	18	14	12	16	18	19	14	12	12	19	17	19	12	17	18	20	14	14	11	11	11	13	10	19	18	10	12	12	13	16	14	20	18	11	13	16	13	15	16	14	16	19	12	10	15	14	10	19	18	10	18	10	14	20	18	19	19	10	15	16	15	19	12	17	16	15	17	18	18	20	13	12	16	18	14	16	16	16	10	10	19	20	19	14	10	17	20	16	16	18	19	12	20	10	12	10	17	17	15	16	13	10	14	15	15	13	14	15	20	18	12	10	10	10	15	15	16	10	13	19	15	17	16	11	20	12	10	17	13	13	17	10	19	12	18	14	15	19	11	20	12	12	14	14	18	10	16	15	11	20	10	16	14	16	20	13	16	15	17	14	19	11	12	11	15	15	19	18	14	17	18	13	18	18	17	12	14	16	17	10	16	13	20	16	19	15	10	12	20	17	14	12	10	19	18	13	10	17	19	16	15	19	11	12	10	12	13	15	17	20	16	11	15	17	17	14	17	14	14	13	13	14	18	14	16	19	20	17	13	16	13	14	20	15	16	11	14	19	20	19	17	16	14	11	18	20	20	14	18	20	19	20	11	17	18	16	20	10	12	14	12	18	20	12	13	11	18	11	15	12	14	12	13	12	20	18	16	12	10	13	11	12	18	12	13	18	16	15	14	11	20	15	17	17	19	12	13	19	18	12	20	13	11	20	20	10	14	13	15	20	10	12	14	20	12	13	16	15	10	12	14	20	11	12	19	10	18	11	15	14	16	17	18	15	10	10	10	20	16	16	11	14	19	18	12	10	11	12	18	16	11	13	17	18	17	20	12	13	12	18	14	19	13	11	13	10	14	20	13	20	10	18	20	15	20	15	12	15	14	13	10	19	18	12	15	18	10	12	12	11	15	15	15	10	10	12	13	10	14	11	13	16	20	16	14	15	17	15	20	11	14	14	11	20	17	17	11	11	17	17	11	18	10	13	18	20	17	10	16	18	13	17	20	15	19	18	19	14	11	13	14	13	10	14	16	16	18	16	16	17	10	10	14	13	10	20	19	18	19	18	14	14	12	19	16	18	11	15	17	16	18	12	14	20	15	19	10	14	13	10	18	20	14	11	18	20	18	17	12	20	11	13	19	14	20	19	15	16	13	14	20	12	19	13	11	17	15	13	14	20	14	19	20	17	14	14	17	20	19	11	12	17	17	17	13	14	20	17	10	13	11	15	15	14	19	11	12	17	18	12	18	10	18	11	16	12	19	11	11	14	19	13	11	12	14	15	19	18	20	13	11	20	14	12	18	15	16	10	20	10	14	14	12	14	15	19	11	16	20	13	12	16	11	13	16	17	20	12	10	20	16	10	10	19	18	20	20	19	19	19	19	17	18	16	18	10	13	12	10	11	12	13	19	16	19	
1	1	1	1	1	1	1	1	1	1	1	1	1	1	1	1	1	1	1	1	1	1	1	1	1	1	1	1	1	1	1	1	1	1	1	1	1	1	1	1	1	1	1	1	1	1	1	1	1	1	1	1	1	1	1	1	1	1	1	1	1	1	1	1	1	1	1	2	2	2	2	2	2	2	2	2	2	2	2	2	2	2	2	2	2	2	2	2	2	2	2	2	2	2	2	2	2	2	2	2	2	2	2	2	2	2	2	2	2	2	2	2	2	2	2	2	2	2	2	2	2	2	2	2	2	2	2	2	2	2	2	2	2	2	2	2	2	2	2	2	2	2	2	2	2	2	2	2	2	2	2	2	3	3	3	3	3	3	3	3	3	3	3	3	3	3	3	3	3	3	3	3	3	3	3	3	3	3	3	3	3	3	3	3	3	3	3	3	3	3	3	3	3	3	3	3	3	3	3	3	3	3	3	3	3	3	3	3	4	4	4	4	4	4	4	4	4	4	4	4	4	4	4	4	4	4	4	4	4	4	4	4	4	4	4	4	4	4	4	4	4	4	4	4	4	4	4	4	4	4	4	4	4	4	4	4	4	4	4	4	4	4	4	4	4	4	4	4	4	4	4	4	4	4	5	5	5	5	5	5	5	5	5	5	5	5	5	5	5	5	5	5	5	5	5	5	5	5	5	5	5	5	5	5	5	5	5	5	5	5	5	5	5	5	5	5	5	5	5	5	5	5	5	5	5	5	5	5	5	5	5	5	5	5	5	5	5	5	6	6	6	6	6	6	6	6	6	6	6	6	6	6	6	6	6	6	6	6	6	6	6	6	6	6	6	6	6	6	6	6	6	6	6	6	6	6	6	6	6	6	6	6	6	6	6	6	6	6	6	6	6	6	6	6	6	6	6	7	7	7	7	7	7	7	7	7	7	7	7	7	7	7	7	7	7	7	7	7	7	7	7	7	7	7	7	7	7	7	7	7	7	7	7	7	7	7	7	7	7	7	7	7	7	7	7	7	7	7	7	7	7	7	7	7	7	7	7	7	7	8	8	8	8	8	8	8	8	8	8	8	8	8	8	8	8	8	8	8	8	8	8	8	8	8	8	8	8	8	8	8	8	8	8	8	8	8	8	8	8	8	8	8	8	8	8	8	8	8	8	8	8	8	8	8	8	8	8	8	8	8	8	8	8	8	8	8	8	9	9	9	9	9	9	9	9	9	9	9	9	9	9	9	9	9	9	9	9	9	9	9	9	9	9	9	9	9	9	9	9	9	9	9	9	9	9	9	9	9	9	9	9	9	9	9	9	9	9	9	9	9	9	9	9	9	9	9	9	9	9	9	9	9	9	9	9	9	9	9	10	10	10	10	10	10	10	10	10	10	10	10	10	10	10	10	10	10	10	10	10	10	10	10	10	10	10	10	10	10	10	10	10	10	10	10	10	10	10	10	10	10	10	10	10	10	10	10	10	10	10	10	10	10	10	10	10	10	10	10	10	10	10	10	10	10	10	10	10	10	10	10	10	10	10	10	10	10	11	11	11	11	11	11	11	11	11	11	11	11	11	11	11	11	11	11	11	11	11	11	11	11	11	11	11	11	11	11	11	11	11	11	11	11	11	11	11	11	11	11	11	11	11	11	11	11	11	11	11	11	11	11	11	11	11	11	11	11	11	11	11	11	11	11	11	12	12	12	12	12	12	12	12	12	12	12	12	12	12	12	12	12	12	12	12	12	12	12	12	12	12	12	12	12	12	12	12	12	12	12	12	12	12	12	12	12	12	12	12	12	12	12	12	12	12	12	12	12	12	12	12	12	12	12	12	12	12	12	13	13	13	13	13	13	13	13	13	13	13	13	13	13	13	13	13	13	13	13	13	13	13	13	13	13	13	13	13	13	13	13	13	13	13	13	13	13	13	13	13	13	13	13	13	13	13	13	13	13	13	13	13	13	13	13	13	13	14	14	14	14	14	14	14	14	14	14	14	14	14	14	14	14	14	14	14	14	14	14	14	14	14	14	14	14	14	14	14	14	14	14	14	14	14	14	14	14	14	14	14	14	14	14	14	14	14	14	14	14	14	14	14	14	14	14	14	14	14	14	14	14	14	14	14	14	14	14	14	15	15	15	15	15	15	15	15	15	15	15	15	15	15	15	15	15	15	15	15	15	15	15	15	15	15	15	15	15	15	15	15	15	15	15	15	15	15	15	15	15	15	15	15	15	15	15	15	15	15	15	15	15	15	15	15	15	15	15	15	15	15	15	15	15	
