1000
45	8
347	12.1
31	26	30	28	31	30	27	31	26	29	29	30	30	31	31	30	30	31	31	30	26	27	26	28	30	26	30	29	27	31	28	30	26	30	31	29	28	27	31	30	30	31	26	29	27	27	31	26	26	26	29	28	28	26	28	28	31	31	28	29	31	31	30	28	30	27	26	28	28	26	27	26	28	30	29	27	26	28	31	26	28	27	26	28	27	29	28	30	30	28	27	28	31	30	29	31	30	27	27	29	26	30	26	29	26	31	26	30	26	29	31	27	28	26	29	28	26	26	31	31	30	27	31	27	31	30	29	31	29	30	29	26	26	30	30	30	28	28	31	31	26	31	28	28	30	26	30	30	27	29	28	27	29	28	30	31	30	26	27	27	27	27	27	31	26	31	27	29	31	31	31	30	29	29	26	31	27	30	28	30	31	26	29	31	30	29	28	28	26	31	29	27	28	29	26	26	30	29	28	26	26	29	28	26	29	31	30	31	29	28	29	29	31	27	31	31	30	28	29	28	29	30	27	27	27	30	28	27	26	30	29	29	29	30	29	27	26	29	27	26	30	31	27	31	28	27	29	29	30	30	28	28	27	26	28	27	29	28	29	26	28	29	28	31	27	26	31	27	30	30	31	26	27	28	28	26	29	27	26	29	29	29	30	26	29	31	28	30	29	26	28	26	27	26	29	26	28	29	27	26	30	26	31	29	29	31	28	29	30	28	31	29	26	31	27	31	29	28	27	30	31	31	26	31	29	26	27	26	26	28	31	26	29	29	30	27	30	26	29	31	29	30	30	29	28	30	29	31	29	26	26	29	28	29	27	26	29	31	31	29	27	27	27	29	30	31	26	29	30	28	28	26	27	29	31	27	28	28	30	30	29	26	31	29	30	30	26	30	29	28	26	28	27	26	31	30	28	26	28	28	26	31	27	26	27	29	28	31	29	30	29	29	28	29	30	27	28	27	30	26	30	31	31	30	29	29	26	26	30	31	29	29	28	26	31	26	27	27	29	31	28	31	29	26	31	31	29	31	28	29	28	28	28	31	31	30	31	28	27	28	27	30	28	26	31	31	27	28	27	28	30	29	27	31	30	31	29	31	27	31	30	28	27	26	31	26	28	31	30	26	27	28	30	26	27	31	28	31	27	30	30	29	31	31	28	26	26	27	27	28	31	26	27	29	31	27	28	28	29	29	31	28	26	29	27	30	30	29	29	30	26	28	28	30	28	30	30	31	28	28	29	29	29	31	26	30	28	29	27	27	30	31	30	29	26	26	28	31	27	30	30	31	28	26	31	30	27	30	30	29	26	26	29	28	26	31	26	30	30	30	26	28	26	31	29	31	30	27	28	28	30	27	26	30	27	28	30	26	30	30	30	30	27	30	31	26	29	26	26	31	26	26	31	26	31	29	26	30	31	31	27	26	30	28	31	27	29	29	27	27	29	28	30	28	29	27	31	30	29	28	29	31	29	31	29	26	28	27	27	26	27	28	30	31	26	31	26	31	27	30	29	26	31	28	31	30	26	26	31	31	26	30	31	26	31	28	31	31	30	26	30	27	26	28	27	29	28	27	29	30	28	29	26	31	26	28	27	27	31	31	26	28	28	30	31	28	26	30	31	31	31	29	31	29	29	26	27	29	27	29	26	29	27	27	31	28	28	27	30	29	26	27	28	31	29	29	28	28	29	26	26	29	30	26	27	31	31	29	27	30	30	26	31	29	31	28	27	27	31	31	28	31	31	29	26	30	27	28	29	31	31	29	27	30	28	27	28	27	27	26	30	31	30	26	27	29	27	29	26	27	27	27	31	30	29	31	27	28	27	26	27	29	27	26	27	29	31	29	27	27	29	28	27	27	27	28	28	30	31	31	28	30	31	28	29	26	27	27	28	31	28	31	27	30	31	28	27	31	28	29	26	29	29	28	30	28	27	27	26	28	31	26	26	30	31	27	27	31	28	27	31	31	30	26	28	26	28	29	29	27	29	27	31	26	29	30	28	29	29	30	30	26	31	29	27	30	31	28	28	29	27	28	29	26	26	27	30	28	29	29	31	30	31	28	27	26	29	30	29	30	27	30	31	27	29	28	29	27	27	29	26	27	27	31	30	27	26	31	30	26	26	30	27	26	28	29	29	30	27	26	27	30	30	28	30	26	30	31	30	31	30	29	28	29	31	30	26	30	29	30	26	31	26	28	30	28	27	27	27	26	26	27	31	26	27	27	27	28	29	29	29	28	29	26	29	29	29	30	27	26	29	30	26	28	27	28	29	31	27	27	
86	88	84	87	85	86	83	84	80	88	77	91	91	93	93	87	93	77	90	93	76	83	81	93	94	78	87	79	88	88	83	92	89	88	86	87	90	86	89	94	90	76	77	81	84	91	83	94	79	88	83	85	78	94	82	76	92	86	90	84	89	91	94	82	77	90	91	84	80	76	79	87	92	94	81	80	93	77	87	82	91	85	89	83	85	93	82	86	93	93	79	84	78	85	85	88	80	76	79	92	86	84	92	78	90	84	84	90	79	76	88	84	85	83	82	91	82	79	83	87	83	79	94	77	92	85	79	80	87	89	88	84	77	94	82	87	87	83	79	88	79	89	87	86	79	77	84	84	87	84	94	83	81	87	79	82	93	81	85	79	82	82	79	81	94	84	80	91	93	76	78	94	78	90	94	78	87	81	93	94	87	89	93	76	85	86	92	93	90	79	84	85	81	83	88	82	93	94	91	81	82	81	89	91	84	90	82	93	81	90	78	88	79	93	93	88	83	85	91	94	86	90	81	77	81	80	86	87	89	82	84	85	77	83	79	94	90	80	88	82	90	90	91	94	87	77	86	82	94	92	81	89	86	81	83	91	93	88	90	94	79	84	85	81	76	91	87	86	83	85	93	83	89	93	80	79	81	77	90	83	85	87	90	76	79	94	83	90	79	88	79	90	78	89	86	78	82	85	87	91	78	79	86	79	85	84	92	77	80	89	82	78	89	76	91	82	83	87	82	87	90	89	80	89	83	94	88	78	81	80	94	82	82	92	84	82	82	90	87	84	85	86	85	89	87	93	82	78	87	77	86	83	80	83	76	89	86	85	79	76	90	88	91	90	88	79	92	93	86	84	85	90	80	81	89	84	77	86	94	94	85	90	85	76	86	76	92	90	87	92	79	86	91	94	94	85	91	80	92	94	88	83	92	76	94	86	87	92	90	85	88	87	90	76	83	85	83	76	79	87	78	84	87	86	93	90	79	85	94	78	86	83	91	80	81	92	91	86	86	92	83	77	83	91	94	80	80	83	85	85	83	85	86	91	77	94	86	87	92	84	92	90	94	92	88	93	81	92	88	86	86	94	76	85	84	78	82	87	76	89	79	83	76	88	82	91	90	93	81	88	82	81	84	87	83	93	83	91	81	76	84	76	88	86	76	89	93	82	90	80	92	76	84	92	79	88	80	82	93	76	92	93	93	85	92	94	83	80	94	94	90	87	88	80	91	80	87	77	87	79	77	90	93	83	89	83	84	83	94	78	83	87	93	82	88	92	92	80	94	87	88	81	93	89	84	80	91	81	79	77	93	94	87	76	88	89	84	83	90	76	89	80	85	84	78	81	78	84	88	78	92	77	84	90	85	79	94	90	84	85	81	86	85	91	91	90	79	82	94	82	88	85	83	89	76	85	91	94	92	94	94	89	76	86	80	89	89	82	79	76	78	86	90	90	87	89	81	90	91	80	76	80	85	87	77	83	94	88	76	80	78	77	79	93	76	76	79	83	79	85	92	77	80	84	94	87	76	88	92	81	79	94	82	77	86	93	80	94	94	86	94	91	93	76	79	77	87	90	93	83	78	86	84	91	91	81	89	83	76	85	81	76	89	83	80	76	90	88	88	83	88	77	79	88	80	89	81	91	83	84	86	89	81	76	93	79	86	93	85	78	87	79	76	89	89	81	80	80	78	76	94	83	89	76	77	88	85	84	76	78	86	88	93	85	81	87	84	86	87	87	90	90	82	90	89	85	87	80	91	88	82	87	81	88	77	87	87	76	77	82	79	80	79	84	90	87	82	89	78	76	92	81	80	86	89	83	80	90	83	78	88	78	80	90	88	93	77	94	89	78	89	87	91	92	82	91	82	77	80	91	86	80	85	91	85	94	79	81	77	92	79	81	80	82	90	89	88	85	93	84	90	91	84	84	83	91	82	80	93	77	82	90	81	82	93	76	85	94	81	77	89	93	90	92	76	80	84	80	77	91	83	79	82	82	77	79	77	81	78	82	87	78	90	93	82	83	86	93	90	85	88	86	85	81	85	78	93	78	79	83	86	86	92	82	80	89	78	83	76	76	81	85	78	90	83	86	89	79	91	78	82	80	91	94	94	88	85	78	79	87	93	80	85	83	79	81	78	84	76	76	86	84	91	94	79	85	82	77	94	85	91	80	76	79	78	92	84	76	91	78	89	87	90	86	86	88	94	78	87	90	84	86	78	85	76	89	77	88	79	83	90	85	81	83	90	89	93	89	82	85	94	91	83	89	78	87	77	81	82	80	
15.4	30.8	15.4	12.1	15.4	33	16.5	31.9	26.4	22	28.6	25.3	26.4	15.4	16.5	25.3	13.2	15.4	17.6	23.1	25.3	27.5	27.5	33	33	24.2	31.9	23.1	24.2	25.3	28.6	14.3	31.9	31.9	14.3	18.7	23.1	23.1	17.6	12.1	12.1	29.7	28.6	29.7	24.2	13.2	16.5	15.4	22	16.5	20.9	19.8	24.2	25.3	13.2	25.3	17.6	17.6	28.6	33	15.4	12.1	33	20.9	22	14.3	28.6	16.5	24.2	27.5	27.5	31.9	27.5	31.9	23.1	19.8	25.3	22	19.8	23.1	28.6	12.1	25.3	15.4	18.7	16.5	18.7	23.1	29.7	18.7	17.6	22	13.2	22	28.6	30.8	16.5	28.6	20.9	20.9	11	22	29.7	11	25.3	18.7	27.5	29.7	22	27.5	14.3	19.8	26.4	16.5	29.7	23.1	26.4	23.1	20.9	13.2	20.9	17.6	17.6	29.7	27.5	24.2	26.4	17.6	24.2	12.1	28.6	23.1	20.9	29.7	22	30.8	26.4	18.7	31.9	23.1	26.4	18.7	31.9	22	23.1	20.9	30.8	15.4	33	25.3	16.5	12.1	27.5	33	14.3	25.3	16.5	11	27.5	12.1	24.2	12.1	33	23.1	11	33	11	28.6	11	22	23.1	15.4	22	17.6	23.1	16.5	12.1	17.6	13.2	26.4	19.8	13.2	12.1	11	17.6	13.2	27.5	31.9	15.4	14.3	25.3	28.6	17.6	24.2	22	33	23.1	25.3	29.7	17.6	15.4	25.3	17.6	12.1	20.9	18.7	29.7	23.1	24.2	29.7	33	24.2	19.8	16.5	33	30.8	14.3	11	23.1	16.5	19.8	15.4	30.8	17.6	22	33	25.3	31.9	27.5	12.1	30.8	18.7	29.7	29.7	16.5	24.2	33	31.9	13.2	33	16.5	22	12.1	19.8	14.3	30.8	24.2	14.3	12.1	29.7	11	14.3	30.8	16.5	33	29.7	17.6	26.4	20.9	25.3	33	31.9	16.5	11	25.3	13.2	15.4	23.1	31.9	23.1	14.3	26.4	30.8	31.9	28.6	12.1	20.9	26.4	16.5	24.2	18.7	28.6	27.5	33	27.5	13.2	26.4	23.1	16.5	13.2	24.2	29.7	30.8	19.8	11	19.8	27.5	14.3	33	29.7	24.2	31.9	17.6	11	14.3	28.6	31.9	13.2	30.8	16.5	26.4	25.3	15.4	30.8	26.4	16.5	17.6	28.6	19.8	28.6	18.7	22	31.9	29.7	20.9	14.3	30.8	22	28.6	19.8	11	27.5	31.9	29.7	14.3	25.3	16.5	17.6	22	27.5	16.5	26.4	18.7	18.7	19.8	13.2	15.4	29.7	19.8	17.6	26.4	15.4	18.7	11	31.9	30.8	31.9	23.1	18.7	29.7	17.6	27.5	28.6	15.4	24.2	27.5	25.3	24.2	20.9	33	18.7	20.9	11	27.5	11	16.5	30.8	26.4	16.5	11	31.9	17.6	14.3	16.5	17.6	11	15.4	15.4	18.7	17.6	11	22	31.9	12.1	29.7	18.7	16.5	12.1	14.3	27.5	19.8	16.5	24.2	19.8	16.5	13.2	12.1	20.9	27.5	24.2	17.6	30.8	18.7	15.4	25.3	14.3	14.3	22	18.7	27.5	12.1	28.6	26.4	11	25.3	11	18.7	18.7	26.4	17.6	29.7	27.5	16.5	18.7	14.3	12.1	16.5	28.6	18.7	30.8	12.1	25.3	20.9	23.1	13.2	17.6	24.2	26.4	25.3	28.6	26.4	25.3	17.6	25.3	18.7	13.2	24.2	19.8	19.8	31.9	18.7	17.6	22	26.4	30.8	17.6	25.3	28.6	24.2	17.6	24.2	30.8	14.3	18.7	33	14.3	24.2	18.7	19.8	27.5	24.2	16.5	11	17.6	15.4	14.3	20.9	31.9	17.6	14.3	16.5	27.5	23.1	19.8	19.8	22	25.3	31.9	24.2	17.6	30.8	30.8	14.3	16.5	30.8	20.9	17.6	27.5	15.4	25.3	20.9	22	24.2	12.1	11	23.1	22	19.8	27.5	22	28.6	26.4	23.1	30.8	25.3	30.8	18.7	23.1	13.2	27.5	16.5	27.5	19.8	30.8	29.7	18.7	24.2	15.4	20.9	13.2	20.9	18.7	25.3	27.5	30.8	13.2	28.6	20.9	12.1	20.9	23.1	20.9	27.5	17.6	28.6	28.6	13.2	27.5	33	33	16.5	26.4	24.2	28.6	19.8	17.6	28.6	23.1	22	18.7	11	14.3	26.4	33	18.7	28.6	12.1	25.3	15.4	16.5	18.7	15.4	28.6	26.4	27.5	31.9	18.7	14.3	29.7	23.1	20.9	18.7	19.8	12.1	18.7	11	19.8	25.3	25.3	23.1	28.6	24.2	26.4	18.7	25.3	25.3	33	22	28.6	12.1	13.2	25.3	12.1	22	31.9	11	17.6	25.3	16.5	23.1	30.8	25.3	26.4	15.4	13.2	30.8	24.2	30.8	27.5	30.8	26.4	17.6	29.7	16.5	22	13.2	13.2	18.7	26.4	11	13.2	31.9	28.6	19.8	23.1	12.1	17.6	24.2	19.8	31.9	23.1	33	26.4	23.1	17.6	26.4	28.6	11	28.6	22	17.6	14.3	29.7	22	14.3	19.8	14.3	19.8	23.1	33	18.7	31.9	15.4	12.1	29.7	17.6	18.7	28.6	14.3	17.6	13.2	30.8	27.5	30.8	11	17.6	13.2	30.8	25.3	16.5	26.4	14.3	14.3	11	28.6	15.4	29.7	31.9	13.2	12.1	15.4	19.8	33	14.3	33	29.7	33	31.9	16.5	18.7	26.4	33	22	17.6	27.5	24.2	16.5	16.5	16.5	31.9	33	31.9	12.1	13.2	13.2	11	29.7	22	20.9	11	16.5	28.6	28.6	14.3	27.5	15.4	31.9	26.4	17.6	16.5	15.4	24.2	25.3	18.7	16.5	17.6	24.2	31.9	14.3	15.4	15.4	26.4	30.8	23.1	30.8	12.1	29.7	16.5	28.6	23.1	28.6	12.1	31.9	20.9	19.8	25.3	19.8	29.7	13.2	13.2	27.5	20.9	13.2	27.5	11	25.3	17.6	27.5	26.4	22	24.2	22	13.2	23.1	15.4	27.5	28.6	27.5	14.3	16.5	33	18.7	19.8	17.6	33	17.6	29.7	27.5	16.5	30.8	28.6	15.4	28.6	31.9	31.9	14.3	16.5	28.6	11	19.8	25.3	17.6	17.6	14.3	26.4	22	23.1	26.4	25.3	14.3	30.8	17.6	18.7	12.1	26.4	18.7	13.2	13.2	27.5	28.6	24.2	19.8	20.9	18.7	14.3	15.4	17.6	15.4	28.6	20.9	20.9	28.6	23.1	19.8	29.7	33	17.6	14.3	22	24.2	31.9	13.2	30.8	27.5	24.2	22	24.2	18.7	30.8	25.3	28.6	33	33	25.3	13.2	30.8	33	25.3	15.4	31.9	22	17.6	11	30.8	31.9	12.1	13.2	15.4	16.5	18.7	26.4	20.9	28.6	15.4	12.1	14.3	11	19.8	29.7	27.5	20.9	16.5	31.9	14.3	19.8	17.6	14.3	16.5	20.9	15.4	30.8	18.7	24.2	13.2	28.6	31.9	22	12.1	27.5	25.3	13.2	17.6	20.9	12.1	26.4	30.8	13.2	13.2	18.7	11	28.6	30.8	24.2	26.4	28.6	30.8	15.4	25.3	27.5	12.1	27.5	20.9	16.5	33	27.5	11	33	18.7	13.2	30.8	12.1	29.7	22	27.5	31.9	16.5	24.2	22	20.9	19.8	18.7	30.8	13.2	26.4	23.1	17.6	30.8	24.2	22	23.1	16.5	17.6	18.7	28.6	29.7	33	24.2	28.6	24.2	23.1	19.8	30.8	22	13.2	25.3	29.7	23.1	19.8	15.4	18.7	26.4	29.7	27.5	24.2	12.1	14.3	11	20.9	15.4	18.7	23.1	23.1	12.1	13.2	31.9	28.6	25.3	13.2	29.7	13.2	
11	28.6	29.7	19.8	11	28.6	23.1	29.7	13.2	16.5	30.8	20.9	22	23.1	30.8	27.5	25.3	13.2	33	19.8	18.7	15.4	19.8	14.3	16.5	26.4	13.2	22	24.2	22	13.2	19.8	31.9	23.1	25.3	26.4	29.7	28.6	12.1	26.4	15.4	20.9	11	18.7	19.8	28.6	26.4	24.2	29.7	26.4	18.7	19.8	18.7	24.2	11	15.4	18.7	23.1	31.9	17.6	12.1	33	24.2	13.2	14.3	13.2	11	33	14.3	26.4	24.2	27.5	27.5	30.8	29.7	14.3	31.9	22	31.9	33	19.8	16.5	12.1	12.1	26.4	25.3	25.3	12.1	12.1	17.6	29.7	22	12.1	30.8	25.3	24.2	28.6	16.5	19.8	23.1	18.7	33	17.6	23.1	14.3	31.9	11	28.6	29.7	12.1	15.4	20.9	31.9	27.5	20.9	33	16.5	33	28.6	11	31.9	26.4	30.8	23.1	20.9	27.5	24.2	28.6	16.5	28.6	14.3	29.7	26.4	23.1	20.9	13.2	25.3	28.6	31.9	33	11	30.8	16.5	13.2	12.1	15.4	12.1	19.8	17.6	18.7	26.4	23.1	26.4	20.9	24.2	28.6	16.5	11	31.9	23.1	16.5	14.3	25.3	22	33	31.9	15.4	17.6	16.5	31.9	31.9	15.4	23.1	26.4	20.9	22	23.1	15.4	18.7	27.5	13.2	12.1	16.5	15.4	12.1	13.2	13.2	22	17.6	14.3	14.3	28.6	18.7	15.4	13.2	28.6	23.1	16.5	17.6	19.8	16.5	19.8	11	25.3	12.1	12.1	20.9	17.6	12.1	16.5	28.6	26.4	26.4	28.6	13.2	29.7	24.2	33	25.3	29.7	27.5	25.3	12.1	18.7	14.3	20.9	25.3	18.7	15.4	30.8	11	15.4	12.1	29.7	18.7	20.9	25.3	13.2	28.6	18.7	14.3	19.8	20.9	30.8	24.2	31.9	18.7	22	33	28.6	31.9	22	22	14.3	14.3	12.1	20.9	16.5	29.7	33	31.9	26.4	27.5	27.5	24.2	27.5	16.5	19.8	30.8	25.3	22	12.1	11	23.1	30.8	25.3	13.2	16.5	18.7	20.9	29.7	14.3	26.4	19.8	14.3	14.3	13.2	16.5	14.3	25.3	20.9	11	16.5	17.6	17.6	23.1	24.2	20.9	11	17.6	14.3	29.7	23.1	17.6	18.7	15.4	24.2	11	14.3	28.6	23.1	27.5	17.6	26.4	30.8	25.3	28.6	28.6	17.6	23.1	18.7	33	27.5	31.9	15.4	13.2	13.2	14.3	25.3	26.4	17.6	16.5	26.4	25.3	24.2	29.7	30.8	18.7	22	29.7	11	22	15.4	27.5	19.8	24.2	12.1	16.5	15.4	11	20.9	16.5	11	18.7	26.4	27.5	28.6	24.2	20.9	16.5	27.5	24.2	13.2	16.5	16.5	15.4	14.3	20.9	17.6	13.2	27.5	26.4	18.7	25.3	23.1	24.2	29.7	11	12.1	33	31.9	18.7	15.4	27.5	12.1	14.3	12.1	11	19.8	12.1	33	19.8	26.4	26.4	22	20.9	24.2	13.2	25.3	15.4	13.2	14.3	33	33	16.5	12.1	24.2	33	22	12.1	16.5	15.4	25.3	11	19.8	20.9	16.5	16.5	11	13.2	26.4	17.6	29.7	18.7	24.2	13.2	33	33	22	20.9	13.2	30.8	24.2	15.4	31.9	27.5	13.2	29.7	26.4	18.7	11	31.9	33	22	33	13.2	18.7	22	23.1	17.6	13.2	19.8	14.3	12.1	29.7	15.4	16.5	14.3	33	28.6	20.9	13.2	20.9	17.6	29.7	13.2	12.1	30.8	18.7	18.7	29.7	15.4	29.7	30.8	15.4	28.6	26.4	27.5	26.4	14.3	19.8	25.3	31.9	24.2	20.9	30.8	30.8	25.3	13.2	14.3	18.7	12.1	19.8	30.8	22	19.8	28.6	20.9	26.4	33	24.2	25.3	31.9	17.6	30.8	12.1	16.5	13.2	27.5	18.7	26.4	19.8	14.3	20.9	33	14.3	23.1	16.5	16.5	29.7	25.3	16.5	30.8	26.4	24.2	20.9	31.9	19.8	26.4	29.7	17.6	33	30.8	18.7	29.7	22	27.5	22	26.4	15.4	24.2	24.2	20.9	26.4	23.1	15.4	11	29.7	20.9	17.6	16.5	13.2	27.5	22	13.2	20.9	22	30.8	33	12.1	24.2	14.3	14.3	19.8	16.5	26.4	11	23.1	26.4	11	26.4	18.7	12.1	12.1	12.1	13.2	14.3	19.8	22	24.2	11	33	33	12.1	33	28.6	13.2	20.9	27.5	18.7	24.2	15.4	14.3	27.5	20.9	16.5	26.4	25.3	15.4	22	23.1	20.9	17.6	15.4	27.5	13.2	11	24.2	24.2	19.8	26.4	24.2	14.3	25.3	20.9	17.6	18.7	15.4	24.2	28.6	12.1	18.7	22	28.6	25.3	33	25.3	25.3	20.9	25.3	18.7	18.7	33	12.1	23.1	14.3	15.4	29.7	29.7	22	19.8	23.1	20.9	19.8	12.1	25.3	15.4	24.2	15.4	27.5	18.7	33	20.9	30.8	33	22	16.5	26.4	19.8	26.4	24.2	19.8	14.3	16.5	17.6	18.7	14.3	14.3	25.3	16.5	13.2	26.4	23.1	13.2	13.2	18.7	13.2	25.3	17.6	11	13.2	24.2	18.7	24.2	25.3	25.3	12.1	24.2	27.5	30.8	28.6	17.6	31.9	29.7	25.3	31.9	24.2	12.1	23.1	12.1	27.5	12.1	22	16.5	33	28.6	17.6	19.8	18.7	16.5	19.8	31.9	22	19.8	16.5	28.6	15.4	17.6	26.4	15.4	14.3	28.6	27.5	25.3	22	16.5	29.7	15.4	33	19.8	18.7	19.8	27.5	14.3	12.1	19.8	26.4	28.6	17.6	27.5	11	13.2	26.4	15.4	26.4	14.3	14.3	31.9	12.1	15.4	12.1	17.6	15.4	30.8	24.2	19.8	12.1	33	13.2	13.2	31.9	23.1	20.9	30.8	11	20.9	14.3	12.1	19.8	31.9	30.8	29.7	27.5	11	20.9	12.1	15.4	25.3	16.5	19.8	25.3	12.1	14.3	27.5	27.5	31.9	19.8	29.7	25.3	16.5	16.5	30.8	15.4	18.7	16.5	14.3	24.2	26.4	31.9	15.4	27.5	13.2	33	31.9	15.4	26.4	26.4	25.3	22	16.5	20.9	15.4	33	29.7	15.4	26.4	24.2	13.2	25.3	17.6	24.2	25.3	22	30.8	17.6	33	13.2	31.9	22	18.7	16.5	20.9	30.8	31.9	16.5	18.7	11	16.5	24.2	31.9	22	27.5	11	33	23.1	15.4	16.5	30.8	28.6	13.2	13.2	23.1	29.7	16.5	19.8	12.1	31.9	26.4	26.4	29.7	30.8	31.9	24.2	11	13.2	11	15.4	31.9	23.1	14.3	13.2	28.6	25.3	16.5	17.6	28.6	13.2	29.7	18.7	22	22	26.4	25.3	27.5	29.7	12.1	27.5	30.8	23.1	13.2	28.6	23.1	26.4	14.3	30.8	31.9	31.9	28.6	22	29.7	22	18.7	23.1	26.4	20.9	27.5	13.2	25.3	19.8	30.8	14.3	16.5	26.4	27.5	25.3	24.2	22	33	17.6	20.9	25.3	26.4	33	18.7	18.7	29.7	27.5	29.7	20.9	17.6	11	30.8	12.1	13.2	16.5	18.7	11	13.2	12.1	30.8	20.9	15.4	11	23.1	22	33	18.7	25.3	11	16.5	15.4	11	28.6	29.7	12.1	29.7	16.5	25.3	12.1	12.1	33	25.3	15.4	13.2	22	23.1	29.7	28.6	33	20.9	13.2	13.2	17.6	25.3	19.8	28.6	20.9	16.5	33	13.2	28.6	15.4	28.6	13.2	19.8	23.1	11	28.6	28.6	12.1	29.7	16.5	19.8	18.7	30.8	25.3	16.5	12.1	33	31.9	
19.8	14.3	28.6	17.6	31.9	17.6	19.8	13.2	24.2	14.3	23.1	30.8	23.1	33	27.5	31.9	17.6	29.7	24.2	22	13.2	22	30.8	15.4	29.7	29.7	33	11	13.2	27.5	24.2	17.6	29.7	19.8	15.4	27.5	11	30.8	25.3	29.7	28.6	19.8	29.7	23.1	25.3	
19	14	16	17	10	15	16	11	14	17	17	19	13	12	12	19	12	17	19	16	16	16	11	16	14	12	17	19	15	12	15	20	12	10	15	12	16	15	14	12	13	10	15	14	18	11	13	20	14	11	18	14	10	14	17	19	12	10	15	10	17	14	18	19	11	10	18	11	20	19	19	20	19	19	14	12	15	10	15	17	16	13	19	15	10	10	16	19	14	15	12	18	12	13	19	19	15	10	10	13	19	16	16	17	20	11	18	13	18	13	10	20	14	12	17	13	13	19	17	16	20	13	12	17	13	14	10	11	16	14	11	16	10	15	15	14	19	15	17	10	11	19	18	14	12	10	18	19	17	10	19	17	14	12	14	10	14	16	15	20	13	15	10	11	12	13	11	13	13	11	10	13	10	13	10	12	18	11	14	15	14	18	19	14	16	20	18	20	11	10	16	12	20	13	13	15	11	19	17	19	20	15	16	17	13	14	17	11	16	10	10	14	13	17	12	12	20	10	16	15	19	16	17	19	19	13	18	14	14	10	12	13	11	15	12	16	16	12	15	19	16	18	20	18	17	14	15	14	13	12	20	13	10	19	19	20	16	11	10	20	17	16	18	19	13	12	10	14	12	18	18	16	10	14	10	19	12	19	10	18	18	10	20	16	20	11	15	14	11	14	20	10	20	18	20	10	20	14	12	14	14	14	15	15	18	12	16	14	20	14	15	16	11	15	16	17	19	11	10	20	18	14	11	20	15	10	15	12	15	19	19	19	15	15	16	10	10	18	15	19	17	13	10	20	10	20	11	20	13	11	12	11	12	11	19	12	16	20	12	12	10	12	12	10	15	10	11	19	15	20	19	17	18	10	12	19	11	14	13	11	14	17	19	10	15	12	15	13	12	16	17	14	19	11	11	15	14	19	18	20	18	17	12	15	13	16	20	13	12	20	13	16	17	15	18	11	10	14	17	13	15	11	13	14	12	18	20	14	16	19	14	15	16	10	19	11	10	18	20	14	11	13	19	18	10	11	11	19	10	11	17	10	20	11	13	15	19	15	14	19	20	11	19	11	14	14	15	15	11	17	11	10	20	20	12	17	11	20	17	13	10	15	16	13	12	17	18	15	13	15	18	14	16	18	18	18	15	20	15	17	17	11	11	16	12	20	16	17	16	13	12	11	18	12	11	13	18	10	20	18	13	13	13	14	14	14	16	19	19	14	17	17	15	13	14	18	15	11	15	14	17	18	14	14	20	18	13	17	13	10	14	15	15	18	11	17	14	18	14	10	12	18	18	16	17	10	20	14	20	20	16	18	13	11	11	16	19	13	14	16	13	20	19	17	18	13	17	13	12	13	10	12	18	15	10	16	18	18	20	16	15	15	17	17	16	20	14	11	11	12	13	14	18	11	18	16	19	12	10	10	15	19	16	10	13	14	19	20	12	13	20	20	20	14	12	17	15	20	11	10	11	10	16	17	12	10	20	15	17	10	10	12	12	14	20	16	13	13	11	14	18	13	14	11	19	13	10	12	10	18	11	19	14	16	14	13	20	14	13	20	18	19	12	15	14	12	15	16	10	20	20	11	19	10	20	18	11	18	18	10	16	19	16	13	13	17	18	10	18	14	20	15	19	12	11	10	16	19	15	19	18	12	16	17	10	15	10	17	10	13	14	14	18	17	16	18	10	11	14	20	18	12	10	11	20	19	10	15	15	11	15	15	14	15	16	12	10	15	18	20	20	10	15	14	13	10	13	10	12	11	12	16	13	20	16	20	13	11	11	11	11	19	12	20	10	13	16	13	17	12	18	19	14	19	16	13	20	19	17	14	16	17	16	13	17	15	11	16	17	13	13	15	18	19	17	15	16	11	14	17	17	14	13	15	20	10	11	14	17	11	10	10	18	19	15	13	13	17	20	13	12	16	10	19	14	13	13	17	13	18	20	12	13	14	10	11	20	20	13	17	17	13	12	15	16	11	16	13	14	12	10	15	11	10	20	13	20	16	20	14	10	11	18	13	10	13	11	19	12	18	12	12	11	12	16	20	12	17	19	12	12	16	20	13	16	14	15	12	17	20	16	15	18	20	14	16	12	15	11	13	12	13	20	19	19	13	12	16	12	19	17	11	16	17	18	19	16	20	19	19	20	19	10	16	12	14	13	20	17	16	11	19	13	19	19	19	18	18	16	15	18	14	20	12	19	18	15	20	12	17	14	11	13	20	14	14	15	11	12	12	13	15	15	11	10	20	20	20	11	19	20	13	14	14	16	15	15	15	16	12	
1	1	1	1	1	1	1	1	1	1	1	1	1	1	1	1	1	1	1	1	1	1	1	1	1	2	2	2	2	2	2	2	2	2	2	2	2	2	2	2	2	2	2	2	2	2	2	2	3	3	3	3	3	3	3	3	3	3	3	3	3	3	3	3	3	3	3	3	3	3	3	3	3	3	3	3	3	4	4	4	4	4	4	4	4	4	4	4	4	4	4	4	4	4	4	4	4	4	4	4	4	5	5	5	5	5	5	5	5	5	5	5	5	5	5	5	5	5	5	5	5	5	5	5	5	6	6	6	6	6	6	6	6	6	6	6	6	6	6	6	6	6	6	6	6	6	6	6	7	7	7	7	7	7	7	7	7	7	7	7	7	7	7	7	7	8	8	8	8	8	8	8	8	8	8	8	8	8	8	8	8	8	8	8	8	8	8	8	8	8	9	9	9	9	9	9	9	9	9	9	9	9	9	9	9	9	9	9	9	9	9	9	10	10	10	10	10	10	10	10	10	10	10	10	10	10	10	10	10	11	11	11	11	11	11	11	11	11	11	11	11	11	11	11	11	11	11	11	11	11	11	11	12	12	12	12	12	12	12	12	12	12	12	12	12	12	12	12	12	12	12	12	12	12	12	12	12	12	12	12	12	12	13	13	13	13	13	13	13	13	13	13	13	13	13	13	13	13	13	13	13	13	13	13	13	13	13	13	13	14	14	14	14	14	14	14	14	14	14	14	14	14	14	14	14	14	14	14	14	14	14	14	14	15	15	15	15	15	15	15	15	15	15	15	15	15	15	15	15	15	15	15	15	15	15	15	15	15	15	15	15	15	15	15	16	16	16	16	16	16	16	16	16	16	16	16	16	16	16	16	16	16	17	17	17	17	17	17	17	17	17	17	17	17	17	17	17	17	17	17	17	17	17	17	17	18	18	18	18	18	18	18	18	18	18	18	18	18	18	18	18	18	18	18	18	19	19	19	19	19	19	19	19	19	19	19	19	19	19	19	19	19	19	19	19	19	19	19	20	20	20	20	20	20	20	20	20	20	20	20	20	20	20	20	20	20	21	21	21	21	21	21	21	21	21	21	21	21	21	21	21	21	21	21	21	21	21	22	22	22	22	22	22	22	22	22	22	22	22	22	22	22	22	22	22	22	22	22	22	22	22	22	22	23	23	23	23	23	23	23	23	23	23	23	23	23	23	23	23	23	23	23	23	23	24	24	24	24	24	24	24	24	24	24	24	24	24	24	24	24	24	25	25	25	25	25	25	25	25	25	25	25	25	25	25	25	25	25	25	25	25	25	25	26	26	26	26	26	26	26	26	26	26	26	26	26	26	26	26	26	26	26	26	26	26	26	26	27	27	27	27	27	27	27	27	27	27	27	27	27	27	27	27	27	27	27	27	27	27	27	28	28	28	28	28	28	28	28	28	28	28	28	28	28	28	28	28	28	28	28	28	28	28	28	29	29	29	29	29	29	29	29	29	29	29	29	29	29	29	29	29	29	29	29	29	29	30	30	30	30	30	30	30	30	30	30	30	30	30	30	30	30	30	31	31	31	31	31	31	31	31	31	31	31	31	31	31	31	31	31	31	31	31	31	31	31	31	31	31	32	32	32	32	32	32	32	32	32	32	32	32	32	32	32	32	32	32	32	32	33	33	33	33	33	33	33	33	33	33	33	33	33	33	33	33	33	33	34	34	34	34	34	34	34	34	34	34	34	34	34	34	35	35	35	35	35	35	35	35	35	35	35	35	35	35	35	35	35	35	35	35	35	35	35	35	36	36	36	36	36	36	36	36	36	36	36	36	36	36	36	36	36	36	37	37	37	37	37	37	37	37	37	37	37	37	37	37	37	37	37	37	37	37	37	38	38	38	38	38	38	38	38	38	38	38	38	38	38	38	38	38	38	38	38	38	39	39	39	39	39	39	39	39	39	39	39	39	39	39	40	40	40	40	40	40	40	40	40	40	40	40	40	40	40	40	40	40	40	40	40	40	41	41	41	41	41	41	41	41	41	41	41	41	41	41	41	41	41	41	41	41	41	41	41	41	41	41	41	42	42	42	42	42	42	42	42	42	42	42	42	42	42	42	42	42	42	42	42	42	42	42	42	42	42	42	42	42	43	43	43	43	43	43	43	43	43	43	43	43	43	43	43	43	43	43	43	43	43	43	43	43	44	44	44	44	44	44	44	44	44	44	44	44	44	44	44	44	44	44	44	44	44	44	44	45	45	45	45	45	45	45	45	45	45	45	45	45	45	45	45	
