1000
45	5
336	25.3
31	26	26	28	29	28	28	26	27	27	28	27	31	30	26	26	30	30	31	27	27	28	31	26	30	30	29	27	28	27	31	29	31	31	27	28	30	29	28	26	31	28	26	29	28	29	29	29	28	28	27	31	26	26	29	28	26	30	28	28	30	27	27	31	27	31	30	29	28	31	27	31	28	29	29	31	30	29	26	26	27	29	29	31	26	27	30	27	28	27	27	27	28	28	31	26	31	30	30	27	30	30	27	28	31	31	26	29	29	30	29	31	26	29	29	31	29	31	28	31	28	29	30	31	30	26	31	27	30	28	30	30	28	27	29	26	27	30	26	27	28	29	28	29	26	28	26	28	28	30	30	30	30	28	26	28	29	28	30	26	26	30	27	30	29	31	28	30	28	31	30	28	31	26	31	30	30	31	29	28	31	28	31	27	27	28	31	27	27	31	29	28	30	30	31	28	29	27	27	30	28	30	29	27	31	26	26	29	26	30	28	31	30	28	31	27	26	28	26	27	28	27	30	29	29	26	26	26	26	28	30	30	31	27	29	26	27	26	26	26	26	31	27	29	26	27	30	28	31	26	31	28	30	31	29	30	30	29	31	28	31	27	29	27	31	28	26	30	26	26	31	27	30	31	31	26	28	26	31	27	29	28	28	26	30	30	30	26	27	26	26	30	28	27	29	31	30	28	27	28	28	28	29	29	27	29	28	27	28	26	30	28	31	29	26	30	29	30	26	30	28	29	27	26	31	27	29	26	27	27	31	31	29	30	26	26	27	30	27	29	27	30	30	28	26	29	31	28	27	26	26	26	29	27	31	26	30	31	31	28	28	31	31	27	26	26	30	30	30	26	29	29	30	28	30	30	30	30	30	30	26	26	26	27	29	26	28	29	29	28	27	29	26	31	28	31	27	31	26	30	28	26	26	31	29	27	30	30	31	26	31	31	28	27	27	31	29	28	28	29	29	31	26	27	30	28	27	28	30	26	28	29	30	27	30	30	26	30	27	28	29	29	31	30	28	27	28	27	28	28	27	26	29	31	28	28	28	26	31	28	29	27	27	31	30	30	31	28	29	29	30	28	29	27	30	30	30	27	31	31	31	29	28	27	31	29	30	31	28	28	26	31	29	28	29	26	31	29	31	31	27	31	26	31	26	29	26	26	26	31	28	30	27	26	30	29	30	31	26	26	29	31	30	31	29	31	30	26	27	26	26	27	31	26	26	26	31	27	30	29	30	31	30	26	30	31	30	26	27	29	26	31	30	30	26	30	30	28	27	31	28	30	31	26	29	31	30	27	29	29	30	26	26	29	31	27	27	31	31	28	27	27	28	28	31	29	30	30	31	26	26	29	31	31	26	26	29	29	29	26	29	26	28	31	27	29	30	28	28	27	29	31	29	29	31	27	30	31	30	29	29	31	26	31	28	31	28	28	28	28	30	27	29	31	28	31	29	30	30	31	26	30	31	29	29	30	30	30	30	31	27	30	31	30	26	29	28	31	27	29	26	31	28	26	26	26	26	28	26	30	29	26	31	26	29	27	30	27	30	30	29	28	31	28	31	29	26	26	30	29	27	29	27	30	27	30	31	30	30	29	28	31	30	28	27	29	31	31	30	31	30	29	29	29	31	31	27	30	30	26	31	28	30	31	28	28	31	27	28	30	29	27	27	28	26	29	29	27	29	27	26	27	31	30	26	29	26	31	27	28	30	30	31	26	29	29	28	31	28	28	27	27	30	29	30	27	26	28	28	29	26	28	30	29	27	27	28	27	27	29	30	31	26	27	30	27	29	31	31	31	28	29	28	31	26	26	29	31	28	27	29	27	30	27	26	28	27	26	27	28	31	31	30	28	29	29	29	27	28	29	26	29	30	26	28	31	26	30	28	28	27	26	29	28	27	28	26	29	31	29	29	30	31	27	30	26	30	27	27	31	31	26	30	29	26	27	28	26	29	28	27	30	30	28	28	30	30	31	29	27	29	30	30	26	31	31	31	29	31	29	29	31	29	31	30	28	31	28	31	30	26	28	26	26	30	28	29	28	30	30	27	31	28	27	30	26	26	27	28	31	29	29	27	31	26	27	31	27	29	31	31	26	31	31	30	28	29	31	31	26	30	30	27	29	31	30	28	28	26	28	31	26	28	26	30	26	26	29	31	26	30	31	31	27	30	29	27	29	30	30	26	27	29	30	31	31	29	26	30	30	26	27	27	30	27	30	31	31	30	27	26	31	27	31	30	29	26	31	26	26	30	31	31	30	28	29	26	29	27	29	
85	81	79	85	88	82	80	79	91	81	76	82	78	83	76	82	88	80	79	93	92	84	87	76	86	81	80	86	91	86	89	80	76	79	80	86	80	94	89	90	92	88	82	88	92	79	90	82	76	92	94	90	82	83	81	85	76	88	88	86	81	90	84	81	85	88	76	85	76	78	83	80	90	92	85	76	91	82	84	89	78	87	94	76	88	93	87	90	82	76	79	83	94	84	94	87	88	78	80	81	83	86	86	91	89	89	81	79	93	88	86	77	86	90	80	87	76	85	79	78	79	84	90	86	88	89	86	79	78	86	85	82	84	88	89	94	89	84	91	81	87	83	91	82	87	90	78	91	88	85	76	86	78	86	82	76	90	82	91	87	82	81	83	76	91	79	85	81	81	80	78	82	83	83	92	83	83	88	80	80	93	83	78	90	94	86	81	87	92	90	86	86	87	92	77	81	92	77	77	89	76	81	90	81	85	81	85	79	90	92	89	81	88	91	81	76	85	81	88	85	93	85	87	88	85	94	94	84	92	78	79	87	85	86	85	88	79	78	89	81	92	88	93	91	78	83	91	87	80	78	88	84	87	82	81	79	94	85	91	82	77	86	89	82	77	93	93	78	93	77	83	82	89	77	92	80	84	82	83	76	83	81	91	89	80	81	87	82	87	88	85	92	77	78	86	88	77	81	92	94	90	91	91	86	86	85	91	83	90	83	91	84	82	90	82	76	85	83	78	77	77	83	82	89	94	81	83	91	83	92	91	80	90	76	76	91	80	77	77	84	78	76	91	94	88	92	86	91	90	86	91	82	81	76	86	86	88	85	82	92	80	86	91	90	83	90	79	78	77	91	84	83	82	76	79	87	85	85	93	77	86	86	81	89	85	84	78	87	84	83	78	85	91	89	80	94	83	77	80	78	86	86	85	78	77	91	91	90	78	90	77	78	82	78	81	82	94	93	84	76	90	86	83	80	87	93	86	90	85	89	94	89	89	93	87	84	94	93	79	82	76	80	77	87	82	80	93	86	91	78	76	89	94	81	85	77	89	88	79	86	79	76	81	89	92	87	90	84	88	94	79	93	85	87	85	78	76	80	76	94	83	82	93	81	89	76	92	77	91	81	90	77	88	87	77	81	80	86	92	87	92	89	76	94	84	86	79	79	82	94	84	82	90	94	80	89	76	90	77	82	76	93	78	79	92	77	79	77	81	81	86	83	86	94	85	84	82	78	90	93	89	84	83	77	82	94	86	92	77	92	76	81	85	76	89	86	77	87	78	84	77	77	83	91	93	85	89	90	83	88	92	82	90	80	78	89	87	80	93	79	89	79	91	88	77	79	78	93	90	84	77	78	88	82	90	91	84	80	91	76	77	80	87	78	76	88	93	94	85	90	90	77	85	83	83	77	91	91	82	88	81	76	87	87	80	79	92	83	86	93	90	93	78	87	78	94	93	86	79	91	91	82	86	77	81	79	78	86	78	82	91	78	78	88	89	81	93	90	78	93	77	87	90	92	88	90	79	78	90	82	89	94	84	83	91	83	94	80	79	85	93	87	85	80	81	82	93	83	87	87	76	76	84	85	81	85	94	86	93	91	82	85	87	83	83	85	88	76	86	86	81	87	82	82	82	82	87	88	84	86	87	81	89	81	78	80	94	90	91	82	84	93	80	93	87	87	79	84	83	80	89	90	84	87	85	81	83	92	93	88	90	93	82	76	77	93	91	94	83	88	94	81	79	81	81	81	87	76	82	86	85	91	87	76	78	88	87	91	83	80	78	76	79	85	79	93	80	93	84	78	81	89	82	91	91	83	91	91	82	79	77	89	83	92	77	92	81	81	83	80	80	80	76	82	83	93	92	93	93	94	82	81	94	85	90	92	84	91	76	94	86	88	86	81	91	79	82	94	79	90	85	80	80	82	89	86	87	94	76	93	93	86	76	93	91	87	79	83	82	87	88	83	76	81	79	84	93	79	78	79	79	77	90	82	84	90	91	85	85	79	83	76	90	76	78	89	84	87	93	89	86	88	77	86	89	83	86	90	94	88	78	82	81	88	92	76	88	78	86	92	87	81	91	85	83	89	93	94	85	90	90	91	80	82	83	85	88	90	94	94	92	85	93	88	84	88	76	83	86	82	84	94	83	84	87	79	77	78	80	82	86	76	92	92	78	77	89	81	84	76	91	80	79	91	87	90	90	89	78	91	81	94	80	94	76	86	85	90	88	86	91	85	88	92	87	83	93	89	81	94	93	76	82	76	76	82	76	86	79	80	
20.9	19.8	24.2	19.8	27.5	11	30.8	23.1	17.6	26.4	20.9	17.6	14.3	29.7	24.2	27.5	16.5	25.3	27.5	26.4	14.3	30.8	14.3	17.6	30.8	24.2	12.1	23.1	14.3	16.5	25.3	14.3	14.3	12.1	13.2	16.5	23.1	30.8	25.3	18.7	15.4	26.4	33	14.3	20.9	15.4	12.1	31.9	24.2	17.6	28.6	24.2	17.6	15.4	26.4	20.9	16.5	26.4	20.9	17.6	15.4	23.1	29.7	12.1	28.6	15.4	15.4	20.9	29.7	31.9	11	16.5	12.1	15.4	30.8	28.6	27.5	22	16.5	23.1	12.1	19.8	30.8	18.7	18.7	20.9	29.7	11	14.3	31.9	33	19.8	31.9	11	23.1	28.6	22	22	24.2	12.1	23.1	31.9	23.1	18.7	18.7	30.8	23.1	20.9	27.5	12.1	19.8	22	17.6	25.3	25.3	22	23.1	33	17.6	14.3	27.5	13.2	12.1	11	13.2	22	29.7	33	30.8	18.7	23.1	11	20.9	33	33	26.4	25.3	24.2	23.1	19.8	25.3	11	20.9	17.6	30.8	31.9	19.8	31.9	25.3	31.9	24.2	14.3	29.7	12.1	33	22	16.5	20.9	27.5	11	25.3	24.2	24.2	29.7	29.7	22	18.7	30.8	22	20.9	19.8	31.9	27.5	29.7	20.9	20.9	12.1	12.1	33	18.7	20.9	17.6	30.8	14.3	27.5	19.8	17.6	18.7	30.8	11	23.1	31.9	18.7	31.9	29.7	28.6	11	25.3	23.1	29.7	23.1	15.4	23.1	14.3	14.3	17.6	28.6	23.1	14.3	16.5	17.6	11	30.8	13.2	19.8	33	12.1	12.1	17.6	20.9	12.1	28.6	30.8	15.4	13.2	27.5	27.5	33	20.9	19.8	17.6	11	27.5	18.7	19.8	26.4	28.6	12.1	17.6	18.7	12.1	28.6	13.2	28.6	33	24.2	22	29.7	15.4	24.2	23.1	15.4	30.8	26.4	14.3	15.4	26.4	12.1	16.5	23.1	12.1	33	24.2	23.1	19.8	29.7	24.2	19.8	26.4	25.3	12.1	20.9	26.4	16.5	30.8	31.9	18.7	33	14.3	19.8	23.1	25.3	23.1	28.6	25.3	20.9	17.6	28.6	27.5	25.3	25.3	33	11	28.6	33	31.9	29.7	14.3	26.4	33	12.1	28.6	14.3	27.5	27.5	22	33	18.7	24.2	11	23.1	29.7	31.9	28.6	16.5	15.4	25.3	13.2	26.4	17.6	11	14.3	15.4	16.5	22	15.4	18.7	22	15.4	30.8	33	26.4	20.9	11	22	17.6	11	12.1	13.2	14.3	15.4	30.8	12.1	29.7	33	25.3	29.7	14.3	20.9	26.4	33	15.4	13.2	25.3	30.8	18.7	12.1	22	18.7	18.7	12.1	15.4	11	15.4	19.8	30.8	33	27.5	31.9	17.6	14.3	20.9	14.3	11	25.3	22	15.4	20.9	17.6	25.3	15.4	27.5	11	26.4	33	15.4	23.1	15.4	31.9	13.2	29.7	26.4	22	18.7	33	13.2	33	24.2	30.8	27.5	12.1	15.4	24.2	22	15.4	16.5	11	22	18.7	30.8	26.4	31.9	28.6	15.4	16.5	15.4	27.5	30.8	17.6	19.8	19.8	33	17.6	30.8	25.3	15.4	16.5	30.8	29.7	11	16.5	16.5	19.8	24.2	29.7	27.5	26.4	28.6	11	15.4	25.3	24.2	27.5	33	25.3	22	12.1	11	16.5	20.9	27.5	12.1	29.7	11	20.9	23.1	11	20.9	24.2	22	31.9	22	13.2	24.2	11	25.3	28.6	15.4	20.9	14.3	16.5	14.3	17.6	11	26.4	29.7	20.9	12.1	13.2	15.4	33	11	30.8	22	15.4	17.6	11	31.9	25.3	22	30.8	16.5	27.5	12.1	18.7	24.2	27.5	16.5	12.1	18.7	23.1	26.4	31.9	20.9	26.4	16.5	28.6	24.2	31.9	33	14.3	33	29.7	18.7	17.6	24.2	25.3	33	15.4	26.4	30.8	28.6	20.9	22	26.4	23.1	30.8	30.8	13.2	13.2	22	25.3	25.3	20.9	29.7	16.5	28.6	19.8	18.7	19.8	25.3	31.9	19.8	22	16.5	15.4	18.7	24.2	13.2	24.2	14.3	12.1	13.2	25.3	15.4	29.7	15.4	22	24.2	30.8	18.7	24.2	18.7	25.3	15.4	28.6	12.1	11	16.5	23.1	23.1	15.4	27.5	19.8	19.8	17.6	11	27.5	26.4	31.9	25.3	30.8	19.8	31.9	12.1	30.8	29.7	14.3	30.8	22	15.4	23.1	12.1	33	24.2	31.9	26.4	19.8	17.6	30.8	22	25.3	12.1	28.6	20.9	23.1	28.6	22	14.3	25.3	16.5	16.5	11	14.3	17.6	19.8	18.7	19.8	11	22	16.5	17.6	13.2	33	26.4	26.4	24.2	14.3	11	25.3	30.8	23.1	24.2	27.5	26.4	26.4	23.1	18.7	12.1	25.3	17.6	24.2	23.1	15.4	31.9	28.6	14.3	29.7	15.4	15.4	26.4	19.8	17.6	30.8	24.2	31.9	24.2	29.7	12.1	18.7	33	27.5	27.5	17.6	29.7	23.1	29.7	20.9	23.1	33	23.1	29.7	12.1	16.5	30.8	13.2	18.7	11	14.3	19.8	19.8	23.1	18.7	31.9	19.8	22	18.7	24.2	24.2	12.1	25.3	25.3	14.3	15.4	23.1	18.7	24.2	31.9	29.7	30.8	18.7	26.4	19.8	25.3	19.8	20.9	24.2	15.4	18.7	27.5	19.8	30.8	15.4	12.1	22	29.7	27.5	25.3	26.4	29.7	20.9	20.9	24.2	19.8	22	19.8	25.3	19.8	15.4	22	24.2	20.9	24.2	22	24.2	17.6	31.9	15.4	30.8	33	14.3	11	30.8	17.6	19.8	24.2	26.4	17.6	26.4	30.8	12.1	14.3	27.5	24.2	30.8	29.7	14.3	17.6	24.2	31.9	33	14.3	13.2	19.8	26.4	17.6	31.9	26.4	23.1	18.7	25.3	16.5	19.8	26.4	17.6	20.9	24.2	22	27.5	17.6	24.2	14.3	13.2	20.9	23.1	22	17.6	28.6	27.5	25.3	31.9	30.8	28.6	11	22	23.1	27.5	29.7	15.4	22	33	12.1	25.3	31.9	20.9	19.8	16.5	22	18.7	15.4	20.9	30.8	26.4	18.7	19.8	15.4	17.6	29.7	22	11	28.6	20.9	16.5	25.3	14.3	18.7	25.3	12.1	33	13.2	13.2	31.9	28.6	27.5	29.7	22	20.9	26.4	12.1	29.7	16.5	30.8	12.1	19.8	30.8	25.3	28.6	22	29.7	13.2	12.1	18.7	15.4	27.5	24.2	23.1	17.6	18.7	22	16.5	14.3	27.5	23.1	28.6	33	27.5	16.5	14.3	22	29.7	25.3	14.3	20.9	11	19.8	19.8	15.4	16.5	16.5	19.8	22	23.1	29.7	28.6	12.1	15.4	27.5	29.7	24.2	24.2	12.1	28.6	16.5	24.2	22	16.5	31.9	18.7	30.8	29.7	18.7	33	18.7	22	23.1	16.5	16.5	29.7	22	15.4	23.1	25.3	16.5	19.8	16.5	24.2	23.1	25.3	15.4	19.8	29.7	11	15.4	28.6	33	23.1	26.4	24.2	15.4	33	14.3	22	14.3	26.4	22	17.6	24.2	20.9	25.3	12.1	27.5	13.2	33	22	17.6	11	30.8	13.2	14.3	19.8	33	20.9	30.8	29.7	19.8	18.7	17.6	31.9	22	17.6	22	19.8	31.9	11	18.7	26.4	31.9	27.5	14.3	14.3	29.7	15.4	15.4	25.3	30.8	33	24.2	29.7	11	16.5	24.2	27.5	30.8	14.3	12.1	16.5	13.2	17.6	25.3	29.7	28.6	24.2	22	15.4	16.5	28.6	23.1	11	14.3	17.6	
25.3	26.4	12.1	13.2	19.8	12.1	18.7	22	25.3	17.6	22	18.7	20.9	30.8	22	20.9	33	12.1	18.7	23.1	27.5	23.1	16.5	27.5	33	33	13.2	17.6	25.3	16.5	12.1	19.8	27.5	33	18.7	25.3	16.5	28.6	14.3	18.7	14.3	18.7	19.8	30.8	13.2	28.6	25.3	16.5	29.7	13.2	14.3	16.5	29.7	23.1	24.2	11	19.8	26.4	30.8	22	15.4	25.3	17.6	30.8	20.9	15.4	30.8	19.8	15.4	12.1	33	16.5	16.5	31.9	12.1	25.3	16.5	27.5	13.2	23.1	14.3	15.4	14.3	33	17.6	19.8	18.7	19.8	24.2	16.5	22	22	27.5	31.9	14.3	11	13.2	22	25.3	30.8	15.4	19.8	18.7	26.4	20.9	14.3	31.9	25.3	30.8	22	28.6	27.5	31.9	30.8	11	23.1	26.4	13.2	31.9	33	13.2	14.3	30.8	20.9	23.1	30.8	20.9	22	31.9	23.1	27.5	25.3	16.5	19.8	24.2	23.1	18.7	11	15.4	20.9	11	17.6	17.6	27.5	25.3	29.7	14.3	17.6	26.4	20.9	25.3	19.8	27.5	18.7	20.9	16.5	30.8	25.3	26.4	24.2	31.9	12.1	15.4	20.9	13.2	22	14.3	13.2	31.9	14.3	26.4	28.6	12.1	23.1	17.6	33	26.4	15.4	11	22	14.3	24.2	22	20.9	28.6	24.2	33	16.5	33	22	14.3	11	13.2	17.6	28.6	11	30.8	15.4	16.5	33	30.8	26.4	15.4	14.3	30.8	13.2	19.8	26.4	28.6	18.7	11	16.5	12.1	26.4	18.7	11	20.9	22	17.6	13.2	28.6	11	33	18.7	19.8	22	17.6	11	13.2	25.3	29.7	26.4	18.7	11	20.9	24.2	13.2	18.7	28.6	29.7	29.7	31.9	26.4	14.3	15.4	28.6	28.6	31.9	33	31.9	30.8	22	26.4	27.5	28.6	31.9	16.5	18.7	14.3	27.5	11	24.2	22	29.7	28.6	16.5	29.7	12.1	18.7	16.5	24.2	30.8	33	28.6	26.4	15.4	15.4	26.4	24.2	19.8	27.5	17.6	31.9	28.6	12.1	18.7	20.9	20.9	11	30.8	19.8	12.1	13.2	22	30.8	27.5	12.1	23.1	16.5	12.1	22	19.8	25.3	17.6	16.5	25.3	14.3	23.1	27.5	30.8	17.6	14.3	15.4	22	12.1	20.9	31.9	22	20.9	30.8	11	15.4	20.9	15.4	29.7	25.3	25.3	29.7	31.9	25.3	19.8	19.8	30.8	33	22	24.2	17.6	26.4	31.9	29.7	24.2	26.4	15.4	31.9	24.2	22	14.3	30.8	15.4	27.5	33	15.4	20.9	17.6	24.2	30.8	30.8	27.5	27.5	14.3	28.6	26.4	12.1	15.4	29.7	20.9	20.9	16.5	19.8	18.7	18.7	33	22	33	30.8	22	17.6	20.9	31.9	23.1	22	23.1	33	12.1	20.9	13.2	28.6	16.5	17.6	14.3	31.9	17.6	18.7	20.9	27.5	16.5	26.4	22	17.6	18.7	33	24.2	15.4	19.8	31.9	20.9	23.1	20.9	18.7	17.6	18.7	29.7	31.9	17.6	27.5	29.7	29.7	31.9	12.1	30.8	15.4	25.3	17.6	12.1	31.9	12.1	20.9	29.7	30.8	33	31.9	28.6	20.9	29.7	18.7	11	23.1	29.7	14.3	14.3	26.4	13.2	18.7	22	23.1	11	12.1	33	24.2	17.6	19.8	26.4	30.8	26.4	18.7	15.4	12.1	30.8	15.4	28.6	28.6	26.4	25.3	14.3	20.9	17.6	33	19.8	24.2	11	26.4	24.2	25.3	27.5	27.5	28.6	13.2	17.6	19.8	18.7	24.2	11	29.7	20.9	29.7	20.9	17.6	29.7	31.9	28.6	11	31.9	28.6	11	17.6	27.5	12.1	30.8	22	17.6	22	18.7	13.2	26.4	15.4	31.9	30.8	23.1	14.3	16.5	18.7	13.2	26.4	15.4	14.3	28.6	14.3	23.1	22	18.7	17.6	16.5	26.4	16.5	23.1	33	23.1	31.9	26.4	19.8	19.8	17.6	12.1	27.5	29.7	27.5	26.4	20.9	18.7	30.8	16.5	23.1	29.7	25.3	29.7	13.2	23.1	31.9	29.7	26.4	28.6	14.3	24.2	12.1	17.6	31.9	31.9	19.8	24.2	16.5	11	26.4	30.8	18.7	30.8	26.4	29.7	30.8	30.8	13.2	15.4	23.1	27.5	29.7	27.5	19.8	30.8	11	28.6	22	26.4	14.3	23.1	26.4	33	24.2	24.2	18.7	17.6	29.7	25.3	15.4	17.6	16.5	29.7	11	15.4	14.3	24.2	31.9	26.4	28.6	28.6	28.6	19.8	17.6	22	30.8	19.8	12.1	13.2	17.6	16.5	19.8	31.9	20.9	22	12.1	16.5	23.1	23.1	16.5	20.9	27.5	15.4	20.9	29.7	17.6	19.8	16.5	22	19.8	22	16.5	26.4	25.3	25.3	17.6	17.6	26.4	18.7	26.4	20.9	14.3	29.7	29.7	14.3	31.9	20.9	11	33	33	19.8	20.9	22	14.3	30.8	27.5	18.7	19.8	22	22	25.3	15.4	19.8	24.2	14.3	27.5	22	11	13.2	25.3	28.6	24.2	17.6	13.2	19.8	26.4	17.6	27.5	16.5	14.3	31.9	30.8	16.5	18.7	30.8	13.2	29.7	16.5	31.9	22	33	26.4	24.2	20.9	31.9	33	11	27.5	28.6	31.9	13.2	30.8	33	17.6	27.5	18.7	16.5	18.7	31.9	29.7	30.8	25.3	14.3	19.8	14.3	16.5	14.3	24.2	15.4	11	20.9	28.6	28.6	15.4	20.9	30.8	12.1	13.2	29.7	20.9	31.9	18.7	17.6	26.4	20.9	26.4	23.1	15.4	25.3	14.3	17.6	33	31.9	24.2	25.3	30.8	11	27.5	23.1	14.3	23.1	28.6	20.9	12.1	17.6	14.3	23.1	28.6	14.3	16.5	22	28.6	23.1	31.9	26.4	19.8	24.2	28.6	28.6	12.1	13.2	29.7	23.1	19.8	12.1	13.2	33	13.2	15.4	28.6	25.3	29.7	33	20.9	16.5	27.5	30.8	18.7	13.2	33	28.6	22	26.4	33	12.1	23.1	17.6	24.2	27.5	20.9	28.6	31.9	30.8	24.2	29.7	17.6	30.8	18.7	16.5	27.5	16.5	17.6	29.7	15.4	33	14.3	11	17.6	30.8	12.1	14.3	22	22	28.6	27.5	13.2	23.1	14.3	22	19.8	20.9	28.6	15.4	31.9	29.7	18.7	11	23.1	25.3	16.5	19.8	27.5	11	29.7	25.3	19.8	27.5	31.9	16.5	19.8	28.6	26.4	24.2	22	20.9	22	33	27.5	20.9	19.8	17.6	14.3	33	22	17.6	18.7	20.9	22	30.8	19.8	27.5	17.6	27.5	26.4	30.8	12.1	16.5	30.8	13.2	14.3	20.9	12.1	24.2	26.4	11	18.7	28.6	18.7	29.7	24.2	24.2	15.4	31.9	23.1	31.9	29.7	25.3	22	28.6	18.7	20.9	13.2	26.4	20.9	28.6	24.2	13.2	14.3	30.8	11	17.6	27.5	29.7	33	11	12.1	18.7	18.7	13.2	19.8	17.6	30.8	22	33	14.3	17.6	13.2	18.7	28.6	30.8	16.5	22	20.9	18.7	14.3	30.8	29.7	29.7	27.5	15.4	29.7	25.3	28.6	23.1	28.6	18.7	19.8	20.9	24.2	22	33	16.5	25.3	13.2	24.2	30.8	22	33	25.3	26.4	31.9	19.8	12.1	19.8	15.4	27.5	23.1	24.2	25.3	20.9	17.6	13.2	33	16.5	26.4	25.3	14.3	28.6	13.2	13.2	18.7	25.3	17.6	26.4	12.1	25.3	16.5	23.1	15.4	11	26.4	26.4	13.2	31.9	20.9	22	28.6	20.9	
27.5	28.6	15.4	23.1	17.6	31.9	17.6	23.1	15.4	29.7	30.8	17.6	16.5	25.3	30.8	19.8	27.5	29.7	11	33	30.8	31.9	31.9	24.2	11	28.6	24.2	22	31.9	31.9	18.7	18.7	17.6	12.1	11	30.8	13.2	33	12.1	17.6	15.4	31.9	15.4	22	20.9	
10	15	17	15	15	19	10	11	13	19	18	14	16	10	19	10	11	13	18	13	13	10	11	11	16	11	14	16	12	20	16	19	14	16	12	10	12	12	16	16	18	12	14	11	18	15	20	18	19	14	16	16	19	18	12	10	17	14	10	12	19	11	10	20	19	18	16	10	12	19	12	16	12	18	19	12	15	13	11	18	13	12	18	11	12	10	11	10	17	17	15	15	19	11	19	15	18	17	16	17	13	13	11	11	17	11	15	12	11	13	15	13	14	19	11	12	16	19	13	10	20	11	11	13	12	14	11	10	18	12	18	13	12	16	20	19	18	16	14	19	19	11	17	16	13	17	15	13	16	17	13	17	19	15	16	18	12	15	15	14	14	18	14	18	10	12	13	16	17	15	14	13	15	13	15	13	14	14	17	17	13	20	13	13	14	16	20	10	17	18	16	12	13	11	18	15	18	15	10	18	20	10	17	14	15	10	16	14	17	12	13	18	17	15	15	10	11	15	14	11	12	19	14	17	11	10	19	19	14	14	11	12	11	15	14	12	15	15	15	10	16	18	15	12	12	13	18	20	20	20	17	20	20	18	20	17	16	13	13	13	12	19	19	11	20	15	16	14	12	15	19	16	15	20	13	14	18	10	19	16	11	14	11	19	15	10	14	13	10	15	15	15	15	16	12	17	10	16	20	13	10	11	16	19	13	20	18	10	13	20	18	10	15	14	18	13	11	11	19	13	20	19	12	14	14	19	11	20	20	18	14	10	13	20	20	10	16	12	19	11	18	11	10	15	13	17	10	13	13	11	17	12	16	17	18	14	15	18	17	15	16	11	10	10	15	17	17	18	18	11	16	16	20	18	14	10	19	13	13	19	11	12	20	12	19	12	11	19	13	13	15	14	11	20	19	11	15	18	10	20	18	13	14	14	15	18	10	20	16	17	11	10	17	15	17	17	18	12	11	17	14	17	11	14	10	14	11	16	12	14	15	19	17	18	15	10	17	20	20	15	10	20	19	18	16	12	19	15	18	16	19	19	12	11	19	12	10	14	10	13	11	12	10	17	15	12	13	16	12	19	17	13	19	18	17	17	10	13	17	11	10	19	12	15	17	13	14	19	11	10	11	15	10	13	15	16	12	10	17	14	15	12	15	13	11	17	14	12	17	20	20	12	18	15	16	10	20	20	18	12	14	20	14	12	10	16	15	20	18	14	15	10	11	14	11	16	11	18	12	17	16	15	20	11	19	18	11	18	12	15	18	14	15	19	19	10	16	13	18	19	13	15	18	11	12	15	15	12	17	18	19	17	13	12	19	20	14	17	16	20	16	11	20	12	13	10	10	18	20	17	19	17	16	11	10	19	11	18	14	13	15	17	11	15	11	13	19	11	16	11	20	16	20	18	18	18	10	10	20	12	16	20	20	16	14	17	14	11	10	19	17	15	12	18	13	15	11	18	11	13	14	12	15	17	12	10	11	15	17	14	19	20	18	11	20	20	14	16	14	18	19	17	19	19	20	18	18	10	20	14	20	14	15	18	20	12	19	17	15	11	15	17	15	17	20	15	19	16	17	15	19	14	18	12	14	20	14	14	20	13	11	19	14	14	19	11	19	15	11	18	10	20	16	20	14	10	12	12	20	10	20	16	11	11	14	13	13	12	17	11	14	15	16	20	16	19	15	20	15	20	16	12	12	16	14	14	20	18	17	20	10	10	14	16	11	12	13	10	20	12	14	20	20	20	14	13	10	13	19	18	11	20	12	20	11	17	20	16	17	16	16	16	12	19	14	19	19	18	15	10	12	18	20	17	19	11	20	15	10	11	10	20	14	14	15	13	11	14	17	13	19	15	15	16	11	12	19	20	12	17	14	20	20	10	13	14	18	10	18	13	16	18	18	13	19	18	12	20	16	19	18	14	14	14	14	19	13	18	17	18	10	20	11	13	11	11	14	11	10	16	14	17	11	13	10	16	16	18	11	11	15	20	15	14	20	19	16	13	13	15	17	14	14	20	10	15	13	11	16	15	13	20	17	14	10	12	12	19	12	10	17	16	19	19	14	19	19	11	15	14	10	17	18	15	10	16	17	10	12	18	14	11	18	20	14	18	12	12	11	20	14	11	12	20	13	16	18	16	10	15	18	18	12	19	13	14	17	12	13	13	20	20	18	20	16	11	13	12	11	14	17	18	10	15	14	11	18	19	19	13	15	17	20	19	16	12	15	14	15	16	16	18	14	10	12	12	10	14	20	18	19	17	10	16	10	16	13	14	18	10	
1	1	1	1	1	1	1	1	1	1	1	1	1	1	1	1	1	1	1	1	1	1	1	1	1	1	1	1	1	1	1	2	2	2	2	2	2	2	2	2	2	2	2	2	2	2	2	2	2	2	2	2	3	3	3	3	3	3	3	3	3	3	3	3	3	3	3	3	4	4	4	4	4	4	4	4	4	4	4	4	4	4	4	4	4	4	4	4	4	4	4	4	4	5	5	5	5	5	5	5	5	5	5	5	5	5	5	5	5	5	5	5	5	5	5	5	5	6	6	6	6	6	6	6	6	6	6	6	6	6	6	6	6	6	6	6	6	6	6	6	6	6	6	7	7	7	7	7	7	7	7	7	7	7	7	7	7	7	7	7	7	7	7	7	7	8	8	8	8	8	8	8	8	8	8	8	8	8	8	8	8	8	8	8	8	8	8	8	8	8	9	9	9	9	9	9	9	9	9	9	9	9	9	9	9	9	9	9	9	9	9	9	9	9	10	10	10	10	10	10	10	10	10	10	10	10	10	10	10	10	10	10	10	10	10	10	10	10	10	10	10	10	10	11	11	11	11	11	11	11	11	11	11	11	11	11	11	11	11	11	11	11	11	11	12	12	12	12	12	12	12	12	12	12	12	12	12	12	12	12	12	12	12	12	13	13	13	13	13	13	13	13	13	13	13	13	13	13	13	13	13	13	13	13	13	13	13	14	14	14	14	14	14	14	14	14	14	14	14	14	14	14	14	14	14	14	14	14	14	14	15	15	15	15	15	15	15	15	15	15	15	15	15	15	15	15	15	16	16	16	16	16	16	16	16	16	16	16	16	16	16	16	16	16	16	16	16	17	17	17	17	17	17	17	17	17	17	17	17	17	17	17	17	17	17	17	17	17	17	17	17	18	18	18	18	18	18	18	18	18	18	18	18	18	18	18	18	18	18	18	18	18	18	18	19	19	19	19	19	19	19	19	19	19	19	19	19	19	19	19	19	19	19	19	19	19	19	19	19	19	19	19	19	19	19	19	20	20	20	20	20	20	20	20	20	20	20	20	20	20	20	20	20	20	20	20	20	20	20	20	20	20	20	20	20	20	20	20	20	20	20	21	21	21	21	21	21	21	21	21	21	21	21	21	21	21	21	21	21	21	21	22	22	22	22	22	22	22	22	22	22	22	22	22	22	22	22	22	23	23	23	23	23	23	23	23	23	23	23	23	23	23	23	23	23	23	23	23	23	23	23	24	24	24	24	24	24	24	24	24	24	24	24	24	24	24	24	25	25	25	25	25	25	25	25	25	25	25	25	25	25	25	25	25	25	25	25	25	25	25	25	26	26	26	26	26	26	26	26	26	26	26	26	26	26	26	26	26	26	26	26	26	26	26	26	26	26	26	26	26	26	26	27	27	27	27	27	27	27	27	27	27	27	27	27	27	27	27	27	27	27	27	27	28	28	28	28	28	28	28	28	28	28	28	28	28	28	28	28	28	28	28	28	29	29	29	29	29	29	29	29	29	29	29	30	30	30	30	30	30	30	30	30	30	30	30	30	30	30	30	30	30	30	30	30	30	30	30	30	30	30	31	31	31	31	31	31	31	31	31	31	31	31	31	31	31	31	31	31	31	31	31	32	32	32	32	32	32	32	32	32	32	32	32	32	32	32	32	32	32	32	32	32	32	32	32	32	32	33	33	33	33	33	33	33	33	33	33	33	33	33	33	33	33	33	33	33	33	34	34	34	34	34	34	34	34	34	34	34	34	34	34	34	34	34	34	34	34	34	35	35	35	35	35	35	35	35	35	35	35	35	35	35	35	35	35	35	35	35	35	35	35	35	35	35	36	36	36	36	36	36	36	36	36	36	36	36	36	36	36	36	36	36	36	36	36	36	36	36	36	36	37	37	37	37	37	37	37	37	37	37	37	37	37	37	37	37	37	37	37	37	37	38	38	38	38	38	38	38	38	38	38	38	38	38	38	38	38	38	38	38	38	38	39	39	39	39	39	39	39	39	39	39	39	39	39	39	39	40	40	40	40	40	40	40	40	40	40	40	40	40	40	40	40	40	40	40	40	40	40	40	40	41	41	41	41	41	41	41	41	41	41	41	41	41	41	41	41	41	42	42	42	42	42	42	42	42	42	42	42	42	42	42	42	42	42	42	42	42	42	42	42	42	43	43	43	43	43	43	43	43	43	43	43	43	44	44	44	44	44	44	44	44	44	44	44	44	44	45	45	45	45	45	45	45	45	45	45	45	45	45	45	45	45	45	45	45	45	45	45	
