1000
15	4
1097	27.5
31	30	31	27	30	26	30	29	31	30	31	28	31	30	26	31	30	30	26	26	28	27	29	28	26	30	27	29	28	31	27	29	28	28	27	31	31	26	28	28	29	29	26	29	26	31	31	28	26	30	28	28	26	27	27	27	27	26	26	27	26	31	26	28	27	26	27	27	30	31	26	31	29	29	31	30	30	28	27	30	29	29	29	26	26	31	31	28	28	31	29	26	31	28	26	26	31	29	31	29	27	28	30	27	28	29	30	26	26	26	29	31	30	26	29	30	28	27	27	26	30	30	28	26	27	28	30	31	27	30	26	28	28	28	31	28	26	28	26	28	30	28	29	28	28	26	30	30	31	29	27	29	27	27	27	30	30	27	29	31	31	29	29	31	28	26	27	26	26	27	29	27	28	26	26	27	29	28	30	26	27	27	30	29	28	29	28	30	30	26	31	28	26	31	28	27	28	28	28	26	31	27	28	29	31	26	28	28	29	28	29	27	29	29	28	26	26	29	26	29	30	30	29	28	28	30	26	29	30	27	30	26	31	31	30	26	29	27	27	27	31	26	26	30	28	31	30	26	28	30	30	27	27	31	29	31	29	27	26	30	31	28	26	29	27	26	28	26	31	27	30	26	29	30	31	31	28	27	26	30	31	29	30	27	30	28	28	28	26	31	31	31	29	28	31	29	27	31	30	30	30	27	30	30	28	27	29	28	28	30	27	29	26	27	30	30	29	26	29	26	26	29	26	26	31	28	28	30	31	30	28	30	28	30	26	26	28	28	27	28	31	29	31	26	31	30	30	26	27	27	26	26	29	26	26	30	26	27	30	30	29	26	26	28	30	29	31	26	29	26	26	27	30	28	30	27	26	28	29	26	27	31	31	30	31	26	29	27	30	30	29	27	31	28	30	30	26	29	28	31	30	31	29	26	28	28	31	28	27	27	28	30	27	29	27	28	31	29	26	27	31	27	31	26	26	31	30	29	29	30	31	27	31	29	30	30	31	27	29	29	28	28	31	26	26	31	30	28	28	26	30	30	29	28	28	28	28	26	26	29	31	27	26	26	31	29	29	27	27	26	31	26	28	29	29	28	31	26	30	29	31	27	30	29	26	28	27	27	30	27	30	30	31	28	26	31	27	30	28	26	30	30	27	31	31	28	31	26	29	30	30	27	30	31	28	28	29	26	29	31	26	29	30	28	29	29	29	29	28	30	30	31	28	26	31	30	30	26	27	29	26	29	26	30	26	29	30	28	27	28	26	31	31	29	26	30	27	28	28	30	26	29	28	30	28	30	27	28	28	30	31	31	28	26	29	31	29	28	31	26	30	29	27	28	30	30	26	26	27	29	27	27	31	29	31	27	31	27	29	28	30	31	31	29	27	30	26	26	26	31	26	31	30	28	31	30	27	31	30	31	31	27	29	29	27	31	27	27	28	29	31	31	26	31	28	31	31	30	31	30	31	26	29	28	29	27	26	30	29	27	26	27	27	26	27	30	29	31	28	30	28	28	27	27	26	26	29	26	28	30	26	28	30	28	31	27	31	29	29	30	30	30	29	29	29	30	28	27	27	30	31	29	27	28	26	27	28	31	29	31	29	31	29	27	28	30	26	26	30	27	30	27	26	30	27	29	26	31	27	30	29	29	27	27	27	26	30	30	29	30	28	27	29	30	30	27	29	29	29	31	28	31	27	28	26	29	29	30	26	30	31	27	28	29	27	26	27	29	28	31	31	28	30	30	27	31	26	31	29	31	29	31	27	31	26	27	29	28	30	29	27	30	29	31	27	30	30	28	30	28	27	27	29	29	30	31	29	28	27	29	30	28	26	30	29	30	26	27	30	27	30	27	28	26	31	26	29	27	27	28	29	28	28	28	27	31	27	29	31	31	27	31	30	30	31	27	27	31	29	28	28	31	31	27	30	26	26	30	30	29	26	26	29	31	31	27	30	31	31	29	28	28	30	27	26	27	27	31	27	30	31	28	28	31	30	29	28	28	31	31	28	31	30	31	29	26	27	26	29	29	29	31	29	29	28	30	26	26	31	27	29	26	28	29	28	30	30	30	30	30	26	28	27	30	29	31	31	28	30	31	28	30	26	28	27	28	27	27	30	26	28	30	27	31	29	29	27	29	31	29	31	28	31	26	29	27	29	30	28	30	28	28	27	29	26	27	29	28	26	26	27	27	28	27	31	31	26	31	30	31	30	30	31	28	30	29	26	28	30	27	26	29	29	29	29	31	27	31	30	26	31	31	26	29	27	26	28	28	27	30	
89	92	80	77	84	83	82	77	85	91	77	78	82	89	78	89	92	82	81	94	85	80	78	78	81	83	86	80	88	80	80	78	91	88	77	80	86	84	90	82	76	81	81	86	76	89	78	94	90	90	87	84	94	87	88	87	78	88	94	86	91	82	92	83	93	91	92	88	87	94	92	90	89	77	79	80	94	83	82	80	76	93	78	88	89	79	89	87	80	86	88	82	93	91	92	84	79	89	89	89	89	92	89	79	79	88	81	91	90	83	90	93	81	82	93	87	85	82	83	87	83	87	81	85	84	87	93	86	82	83	80	78	91	87	94	82	83	85	91	77	93	78	93	82	91	87	91	92	76	83	85	88	80	83	85	82	78	83	90	84	86	85	86	81	84	80	84	76	80	86	94	83	82	80	80	79	94	92	76	78	86	81	88	90	89	76	94	81	79	86	89	84	78	80	92	91	77	93	94	90	86	83	91	85	79	82	93	77	84	91	88	93	87	89	83	93	78	84	87	76	88	76	79	78	91	78	88	91	89	82	90	90	78	83	86	85	86	90	76	94	87	80	84	84	88	92	77	76	91	86	77	89	76	90	90	78	87	88	76	91	91	76	80	89	84	93	79	94	77	93	89	94	87	93	90	84	93	89	81	77	90	85	94	92	80	91	90	76	79	93	79	83	87	80	82	78	80	88	77	94	76	77	86	84	91	87	85	76	84	83	79	91	88	84	81	78	87	92	93	93	86	81	83	89	89	86	88	86	90	88	91	91	91	77	80	76	81	94	90	82	84	85	80	84	79	76	93	90	90	89	76	91	93	87	88	92	79	91	82	83	85	82	77	82	88	81	83	80	76	92	87	79	82	92	78	79	83	76	84	79	81	80	80	77	94	80	77	81	84	80	89	79	86	78	87	88	94	88	89	83	86	90	82	91	76	82	87	77	91	86	90	78	84	91	86	80	79	79	89	79	91	91	77	82	81	80	89	84	92	90	77	79	80	91	86	84	84	88	86	90	79	93	90	78	79	77	84	82	78	81	92	84	84	86	85	83	93	81	94	76	89	82	83	85	86	82	84	76	94	92	84	87	79	82	78	93	83	81	83	94	92	92	82	78	80	81	83	86	92	86	77	76	76	90	93	77	88	92	80	85	87	85	81	86	90	79	81	84	83	88	93	78	83	89	84	93	79	89	80	83	83	89	86	94	79	79	94	79	81	90	90	92	94	79	85	80	76	87	81	85	93	80	79	88	79	93	94	94	90	79	82	87	86	80	81	83	77	78	94	77	94	77	77	82	76	79	87	84	86	94	86	83	81	91	87	92	81	86	90	91	86	91	80	82	76	90	81	93	89	88	82	93	88	81	93	88	86	79	79	76	84	79	79	80	94	86	91	76	89	78	91	92	79	80	86	91	93	79	83	79	83	93	94	89	78	85	83	92	78	89	82	91	90	92	83	88	81	94	82	92	92	92	93	89	89	88	79	88	82	76	81	94	85	78	87	77	81	90	77	91	89	80	91	90	76	84	82	81	81	89	82	80	83	90	77	91	81	79	88	89	78	94	81	93	86	92	83	83	78	82	79	92	93	86	91	90	91	78	94	78	88	83	92	77	84	91	94	92	93	93	91	87	93	89	79	78	83	94	91	93	79	92	76	89	93	85	84	93	78	93	80	92	85	79	84	94	92	80	79	94	76	90	86	80	83	82	79	76	81	90	93	76	77	81	83	79	94	76	81	80	91	90	82	78	78	86	80	76	85	79	77	88	91	91	89	84	90	86	89	82	78	91	93	80	93	89	85	89	82	89	93	81	91	94	86	93	90	90	90	82	83	89	87	89	88	93	76	87	94	94	82	84	94	84	88	76	82	85	85	84	81	82	88	76	82	84	85	76	80	83	83	76	94	88	90	83	83	94	91	93	82	81	82	84	82	86	81	82	85	91	80	83	90	76	87	92	82	77	85	94	86	94	79	86	83	94	83	94	91	90	79	77	93	86	87	86	86	81	82	77	92	92	84	87	92	82	94	87	83	80	93	90	92	84	82	93	90	86	82	91	91	81	80	80	94	77	88	84	77	79	77	94	88	93	85	88	76	76	78	90	94	93	88	89	91	83	86	76	92	78	82	83	91	82	86	85	81	78	92	79	78	88	92	86	79	87	92	78	93	83	86	85	90	80	84	93	90	80	85	92	89	80	92	94	83	83	94	83	90	90	87	85	78	87	86	91	89	76	77	85	82	85	79	90	81	91	79	89	87	93	88	86	86	85	87	82	79	92	81	89	
24.2	22	30.8	16.5	22	27.5	22	18.7	24.2	13.2	16.5	14.3	20.9	25.3	23.1	33	20.9	16.5	29.7	27.5	29.7	18.7	23.1	19.8	30.8	29.7	22	19.8	23.1	20.9	33	24.2	11	22	31.9	20.9	12.1	13.2	29.7	19.8	22	26.4	33	11	20.9	16.5	27.5	15.4	20.9	23.1	19.8	18.7	13.2	23.1	19.8	25.3	33	11	11	27.5	25.3	11	28.6	13.2	15.4	19.8	18.7	18.7	14.3	17.6	33	27.5	12.1	19.8	24.2	24.2	16.5	30.8	28.6	29.7	17.6	19.8	29.7	26.4	16.5	15.4	24.2	28.6	27.5	25.3	26.4	30.8	19.8	18.7	23.1	18.7	14.3	22	23.1	14.3	26.4	31.9	14.3	24.2	27.5	33	16.5	31.9	30.8	19.8	19.8	24.2	12.1	17.6	13.2	22	24.2	19.8	18.7	22	29.7	19.8	16.5	27.5	13.2	17.6	13.2	28.6	18.7	11	25.3	31.9	12.1	24.2	29.7	24.2	15.4	25.3	22	15.4	20.9	14.3	19.8	30.8	17.6	20.9	22	13.2	30.8	28.6	31.9	30.8	27.5	33	15.4	12.1	27.5	11	33	18.7	18.7	27.5	16.5	19.8	13.2	30.8	14.3	13.2	29.7	23.1	20.9	14.3	18.7	11	25.3	27.5	25.3	26.4	28.6	33	12.1	29.7	15.4	20.9	24.2	22	33	26.4	30.8	25.3	33	11	33	24.2	27.5	11	20.9	31.9	24.2	16.5	29.7	27.5	30.8	30.8	13.2	12.1	14.3	17.6	19.8	19.8	24.2	29.7	30.8	29.7	14.3	13.2	31.9	26.4	13.2	13.2	28.6	14.3	25.3	27.5	17.6	33	31.9	11	12.1	28.6	13.2	27.5	13.2	22	11	30.8	24.2	29.7	23.1	18.7	22	29.7	13.2	31.9	30.8	20.9	16.5	18.7	14.3	19.8	15.4	31.9	11	29.7	25.3	15.4	26.4	12.1	30.8	30.8	18.7	11	16.5	12.1	11	11	15.4	17.6	13.2	26.4	29.7	18.7	20.9	23.1	30.8	19.8	14.3	33	15.4	17.6	20.9	15.4	11	16.5	19.8	33	16.5	23.1	27.5	18.7	16.5	17.6	26.4	29.7	14.3	14.3	18.7	15.4	27.5	31.9	24.2	20.9	17.6	15.4	24.2	17.6	13.2	31.9	26.4	19.8	12.1	17.6	30.8	16.5	22	19.8	24.2	27.5	23.1	27.5	31.9	25.3	27.5	28.6	12.1	15.4	18.7	17.6	31.9	15.4	31.9	16.5	15.4	22	14.3	30.8	14.3	16.5	24.2	29.7	23.1	33	25.3	33	31.9	28.6	19.8	19.8	13.2	29.7	24.2	16.5	20.9	17.6	20.9	22	17.6	30.8	31.9	14.3	22	11	23.1	14.3	11	20.9	13.2	25.3	18.7	24.2	11	24.2	13.2	28.6	13.2	20.9	12.1	33	27.5	12.1	24.2	33	11	24.2	23.1	19.8	16.5	31.9	33	11	26.4	24.2	14.3	19.8	24.2	17.6	13.2	31.9	17.6	14.3	20.9	12.1	28.6	18.7	29.7	27.5	13.2	11	25.3	12.1	26.4	12.1	23.1	19.8	24.2	25.3	26.4	12.1	17.6	28.6	33	30.8	27.5	13.2	24.2	31.9	27.5	19.8	14.3	31.9	11	16.5	28.6	28.6	30.8	12.1	31.9	18.7	14.3	30.8	18.7	22	19.8	17.6	25.3	26.4	15.4	13.2	33	17.6	23.1	29.7	14.3	31.9	20.9	26.4	19.8	30.8	30.8	24.2	25.3	23.1	19.8	31.9	30.8	17.6	15.4	11	19.8	15.4	28.6	29.7	28.6	23.1	20.9	20.9	11	20.9	29.7	29.7	23.1	17.6	16.5	15.4	25.3	11	25.3	27.5	20.9	20.9	29.7	28.6	31.9	31.9	17.6	14.3	29.7	22	11	16.5	11	24.2	18.7	29.7	22	12.1	13.2	19.8	12.1	23.1	15.4	15.4	24.2	30.8	11	26.4	20.9	11	16.5	20.9	22	23.1	30.8	14.3	11	22	22	19.8	15.4	23.1	22	24.2	23.1	17.6	19.8	25.3	15.4	27.5	11	20.9	16.5	17.6	15.4	14.3	18.7	23.1	17.6	13.2	11	14.3	27.5	20.9	28.6	17.6	24.2	31.9	15.4	14.3	27.5	13.2	24.2	13.2	11	27.5	31.9	18.7	17.6	16.5	30.8	29.7	12.1	25.3	25.3	31.9	30.8	15.4	18.7	19.8	31.9	30.8	19.8	20.9	28.6	23.1	12.1	19.8	23.1	24.2	13.2	18.7	14.3	14.3	27.5	13.2	30.8	26.4	16.5	31.9	33	30.8	24.2	18.7	33	20.9	23.1	16.5	13.2	16.5	33	15.4	29.7	16.5	33	18.7	25.3	29.7	31.9	26.4	20.9	29.7	29.7	27.5	31.9	26.4	22	30.8	13.2	25.3	11	16.5	17.6	28.6	15.4	20.9	11	11	28.6	23.1	12.1	31.9	27.5	13.2	13.2	25.3	16.5	30.8	13.2	14.3	16.5	11	14.3	15.4	19.8	18.7	18.7	12.1	16.5	15.4	33	33	17.6	31.9	17.6	14.3	30.8	20.9	25.3	11	29.7	14.3	23.1	30.8	15.4	25.3	17.6	33	24.2	22	26.4	19.8	11	31.9	20.9	17.6	29.7	28.6	27.5	25.3	11	20.9	25.3	27.5	29.7	28.6	19.8	26.4	28.6	31.9	13.2	24.2	27.5	23.1	24.2	16.5	24.2	26.4	23.1	19.8	20.9	25.3	14.3	29.7	27.5	24.2	20.9	11	26.4	13.2	15.4	16.5	24.2	23.1	18.7	28.6	16.5	14.3	19.8	11	20.9	25.3	17.6	23.1	14.3	30.8	29.7	23.1	13.2	11	19.8	15.4	26.4	23.1	31.9	13.2	11	31.9	28.6	22	27.5	33	17.6	26.4	29.7	28.6	33	30.8	25.3	11	22	22	27.5	30.8	20.9	11	29.7	29.7	17.6	26.4	31.9	25.3	23.1	25.3	16.5	30.8	25.3	23.1	12.1	15.4	28.6	16.5	29.7	30.8	23.1	25.3	26.4	26.4	29.7	13.2	33	24.2	26.4	20.9	12.1	25.3	22	16.5	22	13.2	26.4	24.2	20.9	29.7	20.9	20.9	24.2	18.7	14.3	29.7	12.1	24.2	25.3	25.3	12.1	31.9	18.7	30.8	17.6	19.8	17.6	29.7	30.8	28.6	29.7	12.1	13.2	18.7	28.6	12.1	30.8	20.9	28.6	12.1	28.6	14.3	13.2	23.1	28.6	18.7	11	18.7	12.1	25.3	24.2	15.4	14.3	33	20.9	29.7	17.6	23.1	26.4	31.9	23.1	31.9	30.8	29.7	11	24.2	24.2	12.1	25.3	26.4	18.7	30.8	25.3	22	18.7	13.2	14.3	31.9	20.9	23.1	19.8	14.3	23.1	26.4	23.1	13.2	24.2	11	23.1	25.3	18.7	13.2	27.5	31.9	30.8	31.9	15.4	13.2	16.5	31.9	31.9	16.5	26.4	30.8	27.5	12.1	15.4	25.3	17.6	24.2	15.4	17.6	22	27.5	13.2	29.7	14.3	16.5	31.9	26.4	13.2	27.5	12.1	31.9	16.5	16.5	13.2	14.3	33	27.5	24.2	30.8	20.9	27.5	33	22	15.4	24.2	15.4	30.8	22	20.9	16.5	22	13.2	13.2	31.9	20.9	31.9	17.6	27.5	31.9	26.4	17.6	17.6	31.9	33	13.2	22	11	28.6	30.8	29.7	24.2	23.1	22	22	14.3	30.8	26.4	23.1	23.1	22	29.7	12.1	23.1	31.9	14.3	22	26.4	24.2	15.4	13.2	12.1	23.1	16.5	25.3	20.9	33	23.1	24.2	27.5	27.5	27.5	22	23.1	26.4	28.6	18.7	19.8	25.3	11	28.6	18.7	15.4	17.6	13.2	23.1	
20.9	28.6	29.7	19.8	23.1	15.4	18.7	27.5	22	24.2	16.5	29.7	20.9	22	29.7	18.7	14.3	29.7	19.8	31.9	30.8	26.4	16.5	19.8	33	18.7	15.4	29.7	28.6	25.3	16.5	18.7	18.7	22	25.3	11	16.5	22	13.2	33	20.9	18.7	15.4	17.6	14.3	23.1	30.8	29.7	22	28.6	24.2	23.1	15.4	33	31.9	16.5	24.2	16.5	24.2	11	25.3	12.1	27.5	30.8	16.5	28.6	11	24.2	30.8	17.6	28.6	22	29.7	15.4	24.2	18.7	28.6	16.5	12.1	31.9	12.1	33	18.7	26.4	23.1	29.7	30.8	29.7	29.7	30.8	17.6	19.8	22	33	17.6	29.7	12.1	30.8	20.9	27.5	27.5	31.9	22	11	33	13.2	12.1	30.8	31.9	15.4	18.7	15.4	19.8	22	27.5	28.6	28.6	17.6	27.5	31.9	11	23.1	28.6	31.9	18.7	17.6	11	17.6	18.7	25.3	27.5	31.9	30.8	11	13.2	30.8	17.6	30.8	26.4	18.7	11	15.4	27.5	20.9	16.5	26.4	28.6	18.7	23.1	25.3	12.1	26.4	23.1	25.3	22	19.8	19.8	33	22	15.4	31.9	11	12.1	16.5	19.8	26.4	23.1	17.6	11	11	29.7	12.1	31.9	28.6	23.1	20.9	31.9	28.6	28.6	33	16.5	11	33	30.8	19.8	25.3	20.9	26.4	20.9	11	20.9	13.2	19.8	29.7	12.1	25.3	14.3	16.5	30.8	17.6	18.7	23.1	20.9	16.5	16.5	28.6	33	13.2	31.9	17.6	12.1	27.5	28.6	16.5	14.3	26.4	23.1	30.8	33	14.3	23.1	29.7	23.1	33	19.8	29.7	24.2	31.9	14.3	13.2	13.2	11	28.6	13.2	17.6	12.1	33	13.2	30.8	18.7	30.8	27.5	28.6	29.7	33	13.2	31.9	13.2	15.4	33	19.8	26.4	25.3	20.9	19.8	33	19.8	11	26.4	27.5	33	13.2	29.7	18.7	26.4	11	22	27.5	14.3	33	12.1	16.5	20.9	18.7	26.4	15.4	17.6	25.3	19.8	20.9	31.9	15.4	26.4	17.6	12.1	17.6	31.9	14.3	30.8	28.6	15.4	28.6	20.9	26.4	19.8	31.9	33	11	33	30.8	12.1	26.4	16.5	29.7	26.4	18.7	25.3	23.1	27.5	26.4	14.3	33	22	17.6	17.6	24.2	30.8	18.7	20.9	18.7	22	31.9	20.9	27.5	27.5	16.5	12.1	22	19.8	19.8	31.9	23.1	33	22	22	30.8	16.5	11	27.5	17.6	28.6	16.5	15.4	11	27.5	13.2	19.8	22	26.4	14.3	28.6	23.1	18.7	33	19.8	29.7	22	23.1	29.7	18.7	26.4	25.3	30.8	18.7	27.5	23.1	31.9	29.7	11	15.4	30.8	28.6	33	27.5	16.5	33	23.1	30.8	24.2	16.5	13.2	12.1	22	20.9	25.3	19.8	14.3	33	11	13.2	29.7	22	25.3	23.1	33	12.1	17.6	25.3	33	28.6	18.7	19.8	15.4	24.2	29.7	29.7	31.9	31.9	28.6	33	17.6	25.3	12.1	14.3	17.6	23.1	15.4	12.1	19.8	15.4	23.1	31.9	33	27.5	17.6	23.1	16.5	24.2	16.5	14.3	27.5	30.8	18.7	28.6	15.4	29.7	17.6	13.2	26.4	26.4	30.8	17.6	17.6	31.9	30.8	17.6	24.2	19.8	27.5	27.5	18.7	18.7	22	18.7	19.8	22	20.9	28.6	25.3	18.7	13.2	26.4	17.6	15.4	17.6	16.5	19.8	16.5	17.6	28.6	18.7	30.8	14.3	18.7	28.6	33	33	11	25.3	13.2	13.2	24.2	28.6	23.1	31.9	28.6	31.9	29.7	31.9	18.7	11	12.1	30.8	25.3	25.3	16.5	18.7	25.3	22	25.3	24.2	25.3	31.9	30.8	24.2	29.7	31.9	11	13.2	11	30.8	24.2	15.4	33	24.2	24.2	13.2	29.7	14.3	16.5	13.2	14.3	18.7	29.7	19.8	14.3	30.8	30.8	26.4	30.8	22	30.8	19.8	19.8	12.1	18.7	28.6	17.6	20.9	33	25.3	31.9	33	17.6	20.9	25.3	33	24.2	23.1	12.1	29.7	27.5	33	18.7	24.2	11	31.9	16.5	23.1	30.8	29.7	26.4	17.6	25.3	30.8	30.8	30.8	14.3	16.5	24.2	14.3	19.8	17.6	15.4	20.9	17.6	20.9	20.9	31.9	22	18.7	18.7	30.8	18.7	25.3	26.4	16.5	11	27.5	18.7	27.5	26.4	15.4	28.6	24.2	33	24.2	24.2	20.9	22	23.1	14.3	27.5	17.6	27.5	14.3	25.3	26.4	17.6	14.3	19.8	25.3	16.5	14.3	30.8	16.5	20.9	11	16.5	24.2	30.8	19.8	29.7	19.8	14.3	33	28.6	13.2	13.2	30.8	31.9	18.7	23.1	25.3	22	31.9	31.9	25.3	15.4	16.5	24.2	25.3	19.8	16.5	12.1	26.4	15.4	31.9	16.5	20.9	22	30.8	30.8	31.9	14.3	20.9	28.6	17.6	24.2	27.5	28.6	12.1	30.8	27.5	15.4	29.7	30.8	29.7	26.4	27.5	22	27.5	15.4	24.2	20.9	29.7	19.8	30.8	13.2	23.1	20.9	26.4	17.6	29.7	20.9	16.5	11	13.2	15.4	25.3	11	29.7	13.2	18.7	15.4	29.7	28.6	18.7	17.6	33	23.1	20.9	14.3	24.2	20.9	31.9	24.2	20.9	13.2	20.9	13.2	30.8	33	33	27.5	24.2	17.6	31.9	31.9	26.4	16.5	13.2	22	29.7	20.9	30.8	30.8	28.6	24.2	18.7	24.2	17.6	23.1	24.2	13.2	24.2	22	30.8	14.3	13.2	25.3	15.4	19.8	29.7	17.6	13.2	24.2	12.1	13.2	16.5	29.7	31.9	11	15.4	13.2	27.5	29.7	17.6	23.1	17.6	15.4	18.7	29.7	16.5	20.9	15.4	16.5	33	22	30.8	28.6	26.4	27.5	24.2	30.8	29.7	25.3	18.7	13.2	14.3	19.8	31.9	29.7	30.8	14.3	26.4	31.9	27.5	12.1	24.2	29.7	28.6	17.6	15.4	20.9	17.6	18.7	18.7	15.4	14.3	24.2	16.5	26.4	30.8	33	16.5	20.9	28.6	15.4	20.9	30.8	13.2	13.2	30.8	26.4	27.5	28.6	27.5	33	25.3	15.4	14.3	30.8	14.3	13.2	26.4	19.8	29.7	26.4	12.1	29.7	23.1	29.7	16.5	30.8	30.8	16.5	18.7	29.7	27.5	15.4	16.5	31.9	20.9	31.9	31.9	14.3	27.5	31.9	33	30.8	18.7	20.9	28.6	13.2	20.9	26.4	13.2	22	24.2	25.3	13.2	11	26.4	22	16.5	16.5	31.9	33	26.4	12.1	14.3	12.1	18.7	23.1	19.8	19.8	15.4	26.4	11	28.6	28.6	20.9	19.8	22	14.3	12.1	19.8	28.6	18.7	28.6	13.2	18.7	16.5	20.9	24.2	25.3	24.2	22	33	31.9	24.2	18.7	30.8	17.6	14.3	17.6	17.6	19.8	17.6	14.3	23.1	25.3	23.1	24.2	13.2	24.2	25.3	26.4	27.5	15.4	11	27.5	19.8	22	28.6	31.9	31.9	31.9	26.4	28.6	14.3	12.1	26.4	31.9	28.6	27.5	13.2	30.8	23.1	25.3	29.7	23.1	22	11	25.3	18.7	23.1	22	26.4	29.7	16.5	18.7	17.6	29.7	31.9	28.6	13.2	27.5	23.1	22	30.8	33	17.6	11	23.1	25.3	15.4	24.2	31.9	30.8	33	22	24.2	25.3	33	12.1	29.7	14.3	29.7	31.9	17.6	12.1	20.9	29.7	13.2	30.8	12.1	29.7	31.9	16.5	25.3	30.8	20.9	31.9	22	28.6	25.3	12.1	27.5	
29.7	27.5	16.5	28.6	27.5	33	26.4	29.7	17.6	23.1	29.7	31.9	27.5	13.2	14.3	
12	19	13	15	11	18	10	16	13	11	11	14	18	18	19	19	20	14	15	19	15	14	16	20	16	12	17	17	13	11	12	13	11	10	20	17	13	14	19	11	12	16	13	12	10	19	13	15	10	13	15	12	14	18	16	20	18	11	10	13	15	15	20	20	20	20	19	12	18	11	13	14	17	10	13	14	18	13	18	20	15	16	15	16	11	14	16	20	12	19	19	19	20	17	10	20	18	18	20	11	15	12	11	16	10	17	14	13	11	16	11	14	11	13	20	19	20	13	18	11	19	20	10	11	16	10	19	19	15	10	20	20	18	19	20	10	12	13	19	13	14	12	19	13	14	20	11	12	14	17	11	16	20	14	20	13	13	10	14	15	12	16	19	19	10	12	16	11	15	17	11	18	17	14	18	11	17	15	13	15	19	11	10	17	13	18	15	19	13	20	19	14	12	17	19	11	18	10	20	16	14	20	20	12	15	20	20	17	12	11	14	10	14	18	13	16	16	11	13	13	11	16	11	17	15	11	18	14	11	14	18	11	13	13	16	16	19	17	17	13	20	19	12	10	13	15	16	16	17	19	12	15	20	10	19	18	12	17	14	14	13	13	18	14	10	15	16	16	16	16	11	12	10	16	18	12	10	10	13	10	15	10	14	17	18	11	17	14	10	16	14	16	16	16	16	15	13	13	19	11	17	14	13	17	11	16	18	15	17	20	16	18	13	18	15	17	15	12	19	19	13	12	12	13	10	19	19	15	12	15	17	12	16	11	12	17	12	14	12	19	14	18	12	11	10	17	19	19	20	12	18	13	18	15	10	15	16	15	19	19	19	10	13	11	11	13	10	10	20	11	11	10	14	11	11	15	11	19	18	20	15	17	11	16	14	11	20	15	12	12	15	15	17	20	11	18	19	14	10	20	11	11	13	10	16	17	20	17	18	15	13	17	15	12	10	10	13	16	18	16	10	18	19	14	15	10	14	20	13	20	11	20	17	12	16	19	12	16	13	13	12	15	20	12	11	15	16	11	19	13	11	13	11	18	18	16	16	19	18	20	20	13	13	18	14	14	15	13	15	13	19	13	18	12	18	12	10	15	17	19	16	10	16	17	17	13	14	11	10	16	14	20	18	13	18	10	19	16	18	17	14	11	20	12	11	12	11	19	13	14	17	12	11	18	13	19	14	14	19	18	17	20	18	13	18	15	13	14	14	15	16	10	19	10	19	15	15	11	13	10	14	19	16	15	20	17	14	16	19	13	17	18	10	20	15	11	10	10	16	12	12	17	16	17	15	12	12	19	10	13	19	16	19	11	17	20	19	11	18	12	18	20	15	20	17	10	19	11	11	20	12	17	20	16	19	10	18	18	18	14	15	17	13	11	13	14	15	13	13	11	18	14	10	20	16	14	10	14	14	17	19	19	11	14	19	20	19	20	17	20	10	15	14	19	16	16	16	20	14	16	15	13	13	16	20	13	18	14	12	16	14	14	10	11	14	11	10	18	13	20	18	19	15	17	11	20	11	20	12	12	13	10	16	14	15	10	11	18	20	17	13	12	15	19	18	20	13	10	18	10	17	16	14	14	11	20	12	19	10	17	15	20	20	15	11	18	19	11	12	16	15	19	13	10	11	13	15	13	19	12	16	18	17	20	14	16	11	18	11	14	14	16	11	14	11	17	17	20	18	19	14	20	14	11	19	11	19	20	13	19	10	17	10	12	16	13	14	11	10	15	13	10	16	20	14	10	13	20	14	12	16	11	18	11	15	13	17	12	17	13	14	12	17	12	17	12	20	20	20	12	10	12	17	15	18	17	12	18	12	12	10	13	10	15	14	13	17	15	20	14	11	11	20	14	19	18	16	13	14	11	20	18	17	16	11	13	14	15	19	19	17	10	17	11	19	10	11	15	10	12	10	11	20	19	11	20	18	20	18	18	13	20	15	10	12	20	15	16	10	19	14	10	16	11	19	16	15	18	15	13	12	17	13	19	19	18	15	14	17	14	10	20	20	14	19	13	19	17	12	11	13	10	14	18	18	14	16	10	20	17	17	14	11	16	18	18	16	10	17	15	14	19	19	19	16	17	16	12	16	15	13	20	14	16	13	16	17	12	13	17	13	20	15	16	13	20	12	17	14	19	17	18	15	11	13	17	13	13	12	15	13	19	16	19	11	19	19	10	20	12	17	14	18	18	13	16	15	16	19	17	14	19	10	18	19	12	20	12	19	18	20	18	15	18	18	11	19	12	18	19	18	19	19	19	11	14	13	14	11	13	
1	1	1	1	1	1	1	1	1	1	1	1	1	1	1	1	1	1	1	1	1	1	1	1	1	1	1	1	1	1	1	1	1	1	1	1	1	1	1	1	1	1	1	1	1	1	1	1	1	1	1	1	1	1	1	1	1	1	2	2	2	2	2	2	2	2	2	2	2	2	2	2	2	2	2	2	2	2	2	2	2	2	2	2	2	2	2	2	2	2	2	2	2	2	2	2	2	2	2	2	2	2	2	2	2	2	2	2	2	2	2	2	2	2	2	2	2	2	2	2	2	3	3	3	3	3	3	3	3	3	3	3	3	3	3	3	3	3	3	3	3	3	3	3	3	3	3	3	3	3	3	3	3	3	3	3	3	3	3	3	3	3	3	3	3	3	3	3	3	3	3	3	3	3	3	3	3	3	3	3	3	3	3	3	3	3	3	3	3	3	3	3	3	3	3	3	3	3	3	3	3	4	4	4	4	4	4	4	4	4	4	4	4	4	4	4	4	4	4	4	4	4	4	4	4	4	4	4	4	4	4	4	4	4	4	4	4	4	4	4	4	4	4	4	4	4	4	4	4	4	4	4	4	4	4	4	4	4	4	4	4	4	4	4	4	4	4	4	4	4	5	5	5	5	5	5	5	5	5	5	5	5	5	5	5	5	5	5	5	5	5	5	5	5	5	5	5	5	5	5	5	5	5	5	5	5	5	5	5	5	5	5	5	5	5	5	5	5	5	5	5	5	5	6	6	6	6	6	6	6	6	6	6	6	6	6	6	6	6	6	6	6	6	6	6	6	6	6	6	6	6	6	6	6	6	6	6	6	6	6	6	6	6	6	6	6	6	6	6	6	6	6	6	6	6	6	6	6	6	6	6	6	6	6	6	6	6	6	6	6	6	6	6	6	6	6	7	7	7	7	7	7	7	7	7	7	7	7	7	7	7	7	7	7	7	7	7	7	7	7	7	7	7	7	7	7	7	7	7	7	7	7	7	7	7	7	7	7	7	7	7	7	7	7	7	7	7	7	7	7	7	7	7	7	7	7	7	7	7	7	7	8	8	8	8	8	8	8	8	8	8	8	8	8	8	8	8	8	8	8	8	8	8	8	8	8	8	8	8	8	8	8	8	8	8	8	8	8	8	8	8	8	8	8	8	8	8	8	8	8	8	8	8	8	8	8	8	9	9	9	9	9	9	9	9	9	9	9	9	9	9	9	9	9	9	9	9	9	9	9	9	9	9	9	9	9	9	9	9	9	9	9	9	9	9	9	9	9	9	9	9	9	9	9	9	9	9	9	9	9	9	9	9	9	9	9	9	9	9	9	9	9	9	9	9	9	9	9	9	9	9	10	10	10	10	10	10	10	10	10	10	10	10	10	10	10	10	10	10	10	10	10	10	10	10	10	10	10	10	10	10	10	10	10	10	10	10	10	10	10	10	10	10	10	10	10	10	10	10	10	10	10	10	10	10	10	10	10	10	10	10	10	10	10	11	11	11	11	11	11	11	11	11	11	11	11	11	11	11	11	11	11	11	11	11	11	11	11	11	11	11	11	11	11	11	11	11	11	11	11	11	11	11	11	11	11	11	11	11	11	11	11	11	11	11	11	11	11	11	11	11	11	11	11	11	11	11	11	11	11	11	11	12	12	12	12	12	12	12	12	12	12	12	12	12	12	12	12	12	12	12	12	12	12	12	12	12	12	12	12	12	12	12	12	12	12	12	12	12	12	12	12	12	12	12	12	12	12	12	12	12	12	12	12	12	12	12	12	12	12	12	12	12	12	12	13	13	13	13	13	13	13	13	13	13	13	13	13	13	13	13	13	13	13	13	13	13	13	13	13	13	13	13	13	13	13	13	13	13	13	13	13	13	13	13	13	13	13	13	13	13	13	13	13	13	13	13	13	13	13	13	13	13	13	13	13	13	13	13	13	13	13	13	13	13	13	13	13	13	13	13	13	13	14	14	14	14	14	14	14	14	14	14	14	14	14	14	14	14	14	14	14	14	14	14	14	14	14	14	14	14	14	14	14	14	14	14	14	14	14	14	14	14	14	14	14	14	14	14	14	14	14	14	14	14	14	14	14	14	14	14	14	14	14	14	15	15	15	15	15	15	15	15	15	15	15	15	15	15	15	15	15	15	15	15	15	15	15	15	15	15	15	15	15	15	15	15	15	15	15	15	15	15	15	15	15	15	15	15	15	15	15	15	15	15	15	15	15	15	15	15	15	15	15	15	15	15	15	15	15	15	15	15	15	15	15	15	15	15	15	
