1000
45	9
361	24.2
30	27	30	26	30	29	26	29	28	31	27	29	30	26	29	28	28	30	30	31	27	31	29	27	27	31	26	26	28	26	28	29	27	28	28	26	31	31	29	28	29	30	30	26	27	30	26	28	29	31	30	30	31	31	29	26	26	31	26	29	29	28	30	27	27	27	29	29	31	28	28	31	31	28	30	27	31	28	31	30	28	30	29	27	30	27	27	26	31	27	26	29	31	29	27	30	29	27	28	29	30	27	28	28	27	28	30	31	26	31	26	27	26	30	27	30	30	29	28	26	27	29	31	27	28	27	28	31	31	26	28	28	31	30	28	26	29	27	27	28	28	27	29	28	26	27	29	30	30	30	27	29	31	26	27	27	26	26	29	28	30	30	27	26	29	31	30	30	27	27	27	28	26	28	28	28	30	28	29	30	27	31	30	31	30	30	27	30	27	31	27	30	29	29	27	28	31	26	26	31	28	30	26	29	28	30	27	30	28	26	26	26	28	30	28	29	31	30	26	31	29	30	29	27	30	29	27	28	26	27	31	26	31	27	27	28	28	29	31	28	31	31	27	26	28	29	26	26	30	30	27	29	30	31	26	31	28	31	31	29	30	31	30	26	30	27	27	31	28	29	29	30	27	27	31	26	26	26	30	28	29	29	30	28	26	30	27	30	30	31	31	30	29	29	29	30	27	26	29	30	29	30	28	27	28	31	29	31	30	30	28	26	29	28	31	28	28	29	28	26	28	26	26	27	26	26	31	30	26	26	26	26	27	28	30	31	28	31	26	28	26	29	31	29	30	27	30	27	28	26	30	28	31	31	31	30	27	31	29	31	30	30	26	29	30	26	26	31	27	31	31	28	29	30	29	28	28	27	27	26	27	26	28	28	29	30	28	29	30	31	31	31	26	29	30	27	26	29	30	29	31	31	26	31	31	30	28	27	27	27	26	28	27	30	28	31	30	31	30	31	30	31	29	30	28	31	31	29	26	28	27	30	27	26	26	27	27	30	31	29	30	28	28	26	29	28	28	26	28	27	27	30	31	26	30	27	26	28	27	26	27	30	28	27	31	29	31	26	30	27	31	27	31	28	31	26	29	31	26	28	28	28	28	30	29	30	27	26	28	26	28	27	27	27	28	31	31	27	31	28	26	30	31	31	31	28	28	31	30	27	28	31	29	26	29	29	28	31	29	27	30	26	31	29	29	26	30	31	28	26	31	29	27	28	26	28	31	29	29	29	28	27	31	27	28	31	27	27	31	28	29	26	29	26	31	31	31	27	30	27	30	30	31	31	29	31	30	30	29	30	30	31	26	28	28	31	30	30	28	31	28	31	29	29	27	30	30	31	31	28	30	28	30	29	29	28	30	27	28	27	29	30	26	26	27	31	27	30	26	27	28	31	27	26	27	31	27	28	29	26	31	31	27	30	30	29	26	27	26	30	29	29	29	28	31	26	31	29	30	26	28	31	31	31	29	26	29	29	26	28	30	27	28	30	27	27	26	31	26	26	30	30	30	31	30	26	30	28	27	28	27	27	28	31	27	31	26	28	29	28	29	30	29	29	30	31	27	31	29	28	31	30	29	31	27	31	26	31	28	27	30	30	29	28	29	30	26	27	31	27	28	29	26	29	30	30	31	29	30	31	29	26	28	26	29	31	28	29	28	31	26	30	30	29	30	26	27	27	29	27	31	26	31	29	29	31	26	30	28	30	29	27	30	30	31	27	27	31	26	31	30	29	28	28	30	29	29	28	29	27	30	31	29	31	29	28	27	30	27	27	28	26	29	29	31	31	27	29	27	28	31	28	27	30	29	28	28	26	29	26	28	26	30	31	30	28	26	26	30	29	26	26	28	31	31	27	31	26	28	30	29	30	27	30	28	31	30	26	31	29	31	30	30	29	28	30	31	30	27	26	31	30	28	30	26	27	29	26	29	27	29	30	31	30	27	30	26	31	30	30	26	26	26	30	27	28	27	28	31	29	28	31	28	26	30	29	29	29	30	28	27	27	27	31	28	28	29	29	30	29	28	27	31	29	31	27	29	26	27	28	31	26	28	30	26	30	31	29	31	29	29	27	31	30	30	27	30	31	26	26	30	30	30	29	27	27	28	27	27	28	29	27	26	30	29	30	30	30	30	27	28	27	28	30	26	28	27	29	28	26	30	30	30	27	28	31	30	29	29	27	26	26	31	27	30	27	28	26	26	30	31	27	29	27	27	31	30	31	29	27	30	29	27	31	30	26	29	29	30	28	27	30	29	30	28	30	30	26	29	30	
84	94	91	86	81	93	90	87	81	90	76	79	80	90	86	86	91	88	88	84	87	93	87	79	94	76	93	91	92	78	91	86	76	90	76	90	78	81	94	77	89	84	79	78	91	77	85	78	89	77	88	85	79	79	88	90	91	89	79	85	84	86	83	79	79	88	76	83	89	84	76	77	78	85	79	88	90	94	82	80	86	77	77	84	86	83	78	86	91	85	82	83	76	90	78	82	88	77	76	85	91	77	85	77	87	90	91	90	92	83	90	81	92	76	82	87	89	84	86	92	92	83	82	85	78	85	77	84	89	91	92	86	85	91	85	89	79	80	91	89	84	90	76	85	81	87	90	87	83	92	83	85	80	76	89	83	82	94	82	76	78	88	93	88	77	78	91	79	89	90	77	78	80	91	87	84	80	79	78	88	88	79	91	92	86	77	78	80	83	77	92	85	80	84	80	78	82	90	78	91	85	86	78	85	82	81	92	81	84	92	84	90	88	87	89	88	92	91	84	80	93	92	82	91	87	85	94	76	80	78	79	86	78	91	94	78	84	77	90	77	90	89	77	92	82	90	88	94	78	88	84	77	83	85	90	92	94	80	89	88	81	93	76	78	82	80	78	89	92	85	78	83	88	80	93	92	89	79	82	83	91	85	78	88	91	81	90	85	93	78	85	81	82	85	91	79	94	82	91	90	86	81	84	82	92	83	80	83	89	94	86	91	93	82	84	78	78	90	89	83	91	94	82	93	84	78	93	88	86	81	89	77	76	83	94	90	88	92	76	79	81	78	79	82	80	78	79	81	89	86	94	85	84	93	86	80	80	81	92	77	76	91	82	83	84	90	90	76	90	87	91	82	90	92	94	88	93	84	90	82	76	81	79	91	80	88	78	83	93	76	82	79	91	89	76	76	90	87	84	78	86	89	79	94	89	92	88	84	87	80	81	86	80	87	78	84	80	83	81	76	83	94	84	88	83	89	84	85	83	89	76	89	86	93	81	94	76	83	76	81	82	84	82	79	92	77	94	88	93	80	85	87	90	90	77	94	88	84	77	76	81	83	79	85	89	76	84	83	94	89	86	86	90	90	77	81	86	89	89	85	81	79	92	88	90	76	94	85	80	88	87	82	79	82	93	91	94	88	76	83	80	76	90	78	76	92	86	81	93	91	80	78	86	89	88	85	78	90	89	83	79	82	87	88	79	90	78	88	94	78	84	79	78	78	76	94	90	87	84	80	88	79	81	77	83	85	91	85	79	89	85	89	83	81	81	85	91	78	86	81	78	76	80	79	85	90	79	83	77	79	78	91	76	80	90	80	77	79	90	85	86	87	93	76	76	89	88	77	80	86	78	92	77	91	88	78	89	77	88	83	79	80	85	91	87	79	85	83	79	84	87	82	78	88	80	92	78	87	78	81	91	87	89	84	78	78	87	77	89	87	92	79	87	79	94	83	93	76	80	90	94	76	77	85	77	85	90	80	85	86	93	86	83	90	85	83	82	91	91	89	93	94	90	83	94	94	76	79	80	79	80	93	84	76	83	88	94	79	76	86	82	88	79	80	85	93	82	83	85	87	79	85	90	85	81	82	92	80	85	93	81	90	84	84	82	85	86	94	92	82	85	81	84	77	91	87	90	82	80	80	92	81	87	94	89	93	87	93	85	89	92	89	94	81	85	94	88	87	80	76	84	93	94	78	91	85	89	84	90	78	76	85	94	86	79	88	90	83	87	89	82	76	92	88	89	84	88	87	94	78	92	87	88	94	92	81	81	78	82	94	88	91	89	83	92	77	82	88	77	91	78	81	91	84	89	81	92	85	79	81	92	90	77	84	89	90	81	91	81	92	85	91	79	90	92	79	92	84	82	89	87	81	76	83	91	83	87	79	87	84	94	77	92	86	86	81	79	85	77	82	79	90	85	93	89	83	85	76	85	78	86	83	90	79	89	77	92	78	85	77	86	85	80	86	79	94	92	78	92	82	87	76	94	92	93	85	81	88	82	93	94	80	94	92	79	83	86	90	81	76	82	79	93	91	84	89	93	76	85	82	91	92	83	87	88	93	94	89	84	76	87	78	77	85	92	78	83	82	87	81	85	79	83	84	78	77	77	78	87	92	78	77	90	80	80	78	90	88	79	83	93	87	77	93	78	87	93	91	78	93	83	87	81	77	85	79	84	90	80	85	94	85	89	85	81	83	93	78	82	78	92	92	76	89	88	89	79	94	83	94	91	79	93	82	89	84	92	85	81	88	90	80	90	83	94	77	86	93	92	76	
31.9	24.2	30.8	12.1	25.3	24.2	15.4	18.7	12.1	23.1	28.6	27.5	26.4	26.4	12.1	16.5	25.3	30.8	24.2	18.7	14.3	22	19.8	26.4	20.9	20.9	19.8	33	17.6	13.2	20.9	12.1	12.1	25.3	17.6	20.9	25.3	14.3	25.3	22	19.8	15.4	20.9	24.2	19.8	25.3	18.7	27.5	33	16.5	26.4	19.8	23.1	29.7	24.2	18.7	20.9	24.2	22	13.2	20.9	16.5	26.4	17.6	26.4	33	23.1	27.5	12.1	14.3	24.2	11	22	33	28.6	27.5	15.4	25.3	27.5	15.4	29.7	33	24.2	29.7	19.8	17.6	19.8	15.4	23.1	18.7	27.5	22	11	28.6	31.9	24.2	27.5	15.4	18.7	14.3	16.5	23.1	24.2	14.3	24.2	12.1	19.8	25.3	20.9	33	13.2	19.8	25.3	24.2	16.5	15.4	31.9	11	28.6	18.7	13.2	17.6	17.6	14.3	18.7	33	15.4	13.2	30.8	17.6	18.7	12.1	14.3	15.4	16.5	13.2	17.6	22	18.7	11	18.7	31.9	24.2	14.3	18.7	16.5	28.6	31.9	27.5	25.3	16.5	17.6	19.8	20.9	25.3	22	14.3	13.2	11	18.7	30.8	13.2	14.3	33	31.9	13.2	26.4	15.4	18.7	27.5	12.1	22	24.2	31.9	17.6	27.5	15.4	19.8	22	18.7	23.1	29.7	23.1	30.8	16.5	13.2	30.8	11	27.5	30.8	19.8	25.3	20.9	11	33	19.8	26.4	19.8	17.6	16.5	28.6	31.9	25.3	18.7	16.5	20.9	28.6	22	20.9	24.2	17.6	17.6	12.1	24.2	20.9	29.7	17.6	18.7	31.9	19.8	24.2	28.6	18.7	14.3	28.6	22	28.6	28.6	29.7	22	13.2	28.6	24.2	12.1	26.4	15.4	25.3	19.8	31.9	33	11	18.7	29.7	14.3	15.4	12.1	12.1	25.3	12.1	16.5	13.2	22	14.3	14.3	30.8	12.1	20.9	24.2	20.9	15.4	27.5	23.1	26.4	13.2	12.1	29.7	13.2	28.6	22	19.8	25.3	23.1	25.3	19.8	11	16.5	24.2	13.2	25.3	11	17.6	17.6	27.5	14.3	31.9	29.7	17.6	25.3	16.5	25.3	18.7	33	23.1	30.8	15.4	13.2	31.9	20.9	33	17.6	17.6	24.2	12.1	17.6	28.6	18.7	23.1	14.3	23.1	11	11	18.7	28.6	20.9	27.5	26.4	20.9	22	11	31.9	33	16.5	30.8	28.6	13.2	13.2	13.2	25.3	13.2	23.1	12.1	13.2	13.2	25.3	18.7	27.5	17.6	23.1	31.9	24.2	28.6	17.6	25.3	26.4	15.4	18.7	27.5	13.2	24.2	31.9	20.9	29.7	27.5	25.3	20.9	28.6	19.8	33	30.8	14.3	12.1	26.4	17.6	13.2	31.9	29.7	24.2	29.7	22	24.2	29.7	26.4	30.8	15.4	17.6	12.1	17.6	27.5	14.3	25.3	11	18.7	28.6	27.5	26.4	14.3	15.4	12.1	31.9	19.8	15.4	16.5	30.8	24.2	11	12.1	24.2	31.9	26.4	23.1	25.3	33	27.5	24.2	29.7	33	17.6	30.8	29.7	24.2	22	18.7	19.8	33	14.3	25.3	18.7	11	18.7	31.9	18.7	22	24.2	17.6	31.9	19.8	18.7	28.6	27.5	23.1	23.1	15.4	17.6	27.5	15.4	18.7	28.6	16.5	28.6	23.1	33	28.6	22	30.8	23.1	11	11	19.8	18.7	20.9	33	23.1	13.2	20.9	19.8	24.2	14.3	15.4	16.5	20.9	33	23.1	24.2	28.6	22	20.9	12.1	26.4	24.2	20.9	14.3	22	24.2	18.7	13.2	31.9	25.3	28.6	24.2	22	13.2	26.4	26.4	17.6	24.2	13.2	14.3	26.4	16.5	33	26.4	20.9	11	16.5	29.7	28.6	11	11	16.5	13.2	24.2	33	24.2	11	23.1	33	24.2	12.1	16.5	11	25.3	30.8	31.9	14.3	16.5	25.3	15.4	18.7	25.3	24.2	29.7	23.1	15.4	26.4	24.2	26.4	23.1	25.3	22	26.4	20.9	16.5	25.3	24.2	17.6	33	15.4	25.3	14.3	17.6	31.9	16.5	16.5	33	12.1	14.3	15.4	26.4	18.7	12.1	22	31.9	11	20.9	20.9	13.2	28.6	30.8	24.2	16.5	16.5	19.8	24.2	23.1	17.6	25.3	25.3	13.2	19.8	28.6	24.2	27.5	13.2	20.9	14.3	18.7	14.3	16.5	22	11	13.2	12.1	18.7	30.8	24.2	26.4	15.4	14.3	24.2	27.5	25.3	23.1	19.8	14.3	27.5	22	27.5	18.7	28.6	25.3	26.4	19.8	29.7	25.3	11	18.7	13.2	33	30.8	19.8	18.7	23.1	15.4	29.7	25.3	29.7	27.5	30.8	20.9	25.3	13.2	11	11	24.2	19.8	24.2	30.8	12.1	12.1	31.9	14.3	25.3	31.9	26.4	16.5	17.6	27.5	19.8	30.8	14.3	23.1	13.2	31.9	22	22	19.8	27.5	20.9	22	12.1	15.4	22	14.3	33	16.5	23.1	28.6	19.8	22	15.4	18.7	31.9	25.3	33	16.5	20.9	27.5	28.6	14.3	15.4	13.2	23.1	30.8	14.3	12.1	16.5	12.1	11	28.6	18.7	24.2	31.9	12.1	11	19.8	13.2	16.5	15.4	25.3	26.4	13.2	20.9	31.9	31.9	13.2	25.3	25.3	16.5	28.6	18.7	19.8	18.7	30.8	31.9	16.5	13.2	18.7	27.5	18.7	30.8	29.7	24.2	18.7	13.2	33	33	25.3	25.3	19.8	19.8	11	26.4	14.3	18.7	12.1	23.1	17.6	23.1	20.9	19.8	16.5	25.3	11	24.2	16.5	19.8	25.3	33	13.2	27.5	31.9	13.2	17.6	22	24.2	17.6	13.2	15.4	25.3	19.8	22	22	29.7	33	25.3	20.9	15.4	18.7	29.7	16.5	29.7	20.9	13.2	29.7	31.9	31.9	33	29.7	17.6	15.4	26.4	19.8	11	17.6	29.7	28.6	24.2	33	31.9	15.4	31.9	29.7	17.6	19.8	13.2	12.1	28.6	20.9	24.2	17.6	29.7	17.6	24.2	28.6	18.7	11	19.8	14.3	22	25.3	22	20.9	25.3	23.1	29.7	31.9	31.9	23.1	19.8	28.6	24.2	20.9	14.3	13.2	27.5	13.2	24.2	17.6	15.4	17.6	15.4	16.5	23.1	23.1	18.7	29.7	23.1	31.9	29.7	16.5	22	15.4	11	25.3	28.6	33	33	16.5	22	15.4	15.4	29.7	23.1	25.3	23.1	33	26.4	14.3	13.2	19.8	27.5	26.4	11	22	17.6	31.9	16.5	12.1	16.5	22	14.3	18.7	29.7	24.2	13.2	27.5	11	13.2	17.6	11	24.2	27.5	14.3	20.9	13.2	25.3	31.9	26.4	26.4	33	26.4	22	33	27.5	15.4	17.6	31.9	24.2	11	12.1	29.7	12.1	29.7	23.1	20.9	11	19.8	26.4	16.5	22	25.3	17.6	11	16.5	12.1	28.6	26.4	25.3	27.5	14.3	18.7	18.7	16.5	16.5	23.1	28.6	22	25.3	18.7	23.1	28.6	12.1	23.1	13.2	16.5	25.3	12.1	16.5	31.9	25.3	14.3	20.9	30.8	33	23.1	20.9	12.1	19.8	23.1	16.5	11	16.5	20.9	31.9	31.9	33	22	23.1	12.1	13.2	13.2	28.6	15.4	31.9	25.3	23.1	23.1	17.6	33	12.1	18.7	29.7	31.9	22	23.1	31.9	12.1	16.5	29.7	15.4	26.4	18.7	25.3	29.7	19.8	24.2	28.6	29.7	23.1	27.5	31.9	31.9	29.7	14.3	25.3	15.4	25.3	30.8	31.9	22	27.5	33	20.9	24.2	19.8	30.8	11	26.4	11	31.9	
30.8	11	28.6	25.3	15.4	23.1	16.5	17.6	29.7	13.2	26.4	12.1	24.2	13.2	19.8	33	28.6	28.6	12.1	25.3	13.2	28.6	22	18.7	12.1	23.1	29.7	16.5	19.8	28.6	13.2	30.8	22	23.1	25.3	22	26.4	30.8	23.1	25.3	27.5	22	28.6	25.3	22	17.6	23.1	23.1	28.6	25.3	23.1	26.4	26.4	11	15.4	25.3	20.9	23.1	16.5	18.7	14.3	23.1	19.8	29.7	22	31.9	17.6	25.3	17.6	12.1	11	12.1	27.5	13.2	26.4	13.2	33	18.7	20.9	29.7	28.6	31.9	22	25.3	15.4	25.3	16.5	24.2	11	25.3	22	31.9	15.4	18.7	24.2	26.4	18.7	20.9	26.4	20.9	33	11	27.5	13.2	18.7	28.6	22	29.7	31.9	23.1	30.8	17.6	25.3	12.1	25.3	11	31.9	16.5	13.2	20.9	17.6	33	33	11	23.1	22	33	13.2	13.2	22	19.8	25.3	29.7	31.9	23.1	17.6	24.2	24.2	31.9	25.3	15.4	26.4	28.6	28.6	11	14.3	14.3	20.9	17.6	20.9	27.5	16.5	30.8	33	14.3	17.6	20.9	27.5	16.5	19.8	23.1	27.5	31.9	16.5	14.3	27.5	25.3	30.8	25.3	20.9	18.7	24.2	20.9	14.3	20.9	29.7	28.6	26.4	20.9	30.8	17.6	13.2	12.1	18.7	22	18.7	18.7	12.1	25.3	12.1	23.1	23.1	12.1	22	11	11	25.3	12.1	18.7	31.9	25.3	19.8	16.5	20.9	12.1	11	11	17.6	15.4	29.7	27.5	27.5	19.8	31.9	22	16.5	26.4	12.1	18.7	13.2	30.8	18.7	17.6	30.8	15.4	16.5	17.6	24.2	26.4	29.7	33	14.3	13.2	11	23.1	19.8	12.1	27.5	25.3	28.6	22	16.5	15.4	14.3	26.4	27.5	16.5	22	13.2	25.3	18.7	31.9	18.7	24.2	25.3	28.6	12.1	31.9	18.7	18.7	27.5	18.7	14.3	15.4	22	29.7	20.9	18.7	26.4	13.2	27.5	31.9	13.2	26.4	19.8	18.7	24.2	29.7	16.5	26.4	22	14.3	30.8	23.1	23.1	23.1	13.2	12.1	24.2	30.8	27.5	20.9	28.6	31.9	29.7	22	28.6	33	29.7	17.6	17.6	12.1	27.5	22	11	22	26.4	13.2	16.5	14.3	18.7	16.5	25.3	26.4	30.8	28.6	11	14.3	15.4	24.2	15.4	22	29.7	23.1	31.9	33	27.5	29.7	23.1	16.5	22	11	14.3	24.2	18.7	22	11	29.7	18.7	24.2	22	14.3	12.1	33	30.8	29.7	22	15.4	33	13.2	19.8	15.4	24.2	19.8	19.8	12.1	23.1	28.6	26.4	27.5	23.1	33	13.2	11	33	15.4	13.2	26.4	30.8	33	16.5	24.2	17.6	23.1	22	14.3	29.7	22	11	27.5	22	17.6	18.7	27.5	23.1	11	31.9	14.3	24.2	17.6	19.8	13.2	24.2	11	33	17.6	33	23.1	26.4	13.2	12.1	18.7	24.2	18.7	33	22	19.8	29.7	31.9	16.5	26.4	19.8	25.3	19.8	31.9	31.9	31.9	33	16.5	29.7	14.3	12.1	26.4	16.5	30.8	22	14.3	30.8	19.8	12.1	15.4	31.9	15.4	29.7	26.4	25.3	29.7	31.9	33	12.1	33	24.2	15.4	30.8	11	17.6	22	29.7	20.9	19.8	29.7	33	31.9	16.5	11	33	25.3	25.3	16.5	24.2	28.6	25.3	28.6	15.4	33	11	13.2	18.7	28.6	14.3	30.8	12.1	29.7	13.2	20.9	17.6	28.6	19.8	12.1	22	18.7	29.7	22	31.9	27.5	24.2	33	30.8	27.5	17.6	24.2	16.5	14.3	33	19.8	27.5	25.3	25.3	27.5	24.2	29.7	33	31.9	13.2	29.7	19.8	26.4	24.2	16.5	19.8	26.4	15.4	16.5	27.5	14.3	13.2	18.7	28.6	28.6	11	19.8	33	18.7	23.1	18.7	28.6	28.6	25.3	29.7	31.9	16.5	12.1	19.8	24.2	15.4	11	23.1	31.9	25.3	24.2	17.6	18.7	17.6	31.9	23.1	19.8	20.9	20.9	23.1	29.7	22	14.3	31.9	30.8	20.9	16.5	24.2	23.1	29.7	16.5	31.9	28.6	24.2	19.8	31.9	22	19.8	25.3	31.9	26.4	29.7	28.6	26.4	29.7	14.3	19.8	17.6	31.9	27.5	11	11	13.2	11	13.2	26.4	11	26.4	31.9	17.6	33	24.2	29.7	31.9	28.6	29.7	15.4	31.9	17.6	17.6	30.8	17.6	29.7	18.7	29.7	29.7	18.7	27.5	24.2	26.4	22	18.7	12.1	33	23.1	13.2	24.2	18.7	20.9	29.7	19.8	33	30.8	23.1	14.3	12.1	29.7	14.3	15.4	31.9	20.9	18.7	16.5	18.7	16.5	13.2	26.4	17.6	11	18.7	12.1	11	31.9	33	24.2	20.9	12.1	12.1	17.6	20.9	11	15.4	24.2	30.8	15.4	19.8	24.2	26.4	31.9	27.5	19.8	26.4	33	18.7	19.8	33	25.3	29.7	18.7	33	14.3	12.1	11	24.2	16.5	25.3	27.5	18.7	31.9	29.7	20.9	29.7	12.1	18.7	19.8	30.8	13.2	14.3	18.7	23.1	22	28.6	11	11	16.5	31.9	19.8	27.5	25.3	22	31.9	19.8	18.7	13.2	20.9	12.1	33	30.8	29.7	11	15.4	11	25.3	24.2	27.5	30.8	25.3	15.4	12.1	33	26.4	19.8	29.7	12.1	19.8	25.3	13.2	31.9	14.3	28.6	25.3	28.6	31.9	16.5	12.1	18.7	15.4	11	20.9	33	31.9	15.4	24.2	12.1	30.8	30.8	18.7	15.4	30.8	11	22	27.5	18.7	14.3	11	25.3	17.6	15.4	12.1	18.7	27.5	14.3	24.2	25.3	31.9	16.5	33	24.2	31.9	29.7	15.4	29.7	26.4	30.8	22	14.3	18.7	11	33	20.9	33	18.7	28.6	31.9	12.1	33	30.8	13.2	11	12.1	15.4	25.3	14.3	16.5	18.7	30.8	33	16.5	22	23.1	30.8	11	22	19.8	31.9	12.1	16.5	18.7	33	26.4	30.8	27.5	26.4	11	17.6	27.5	24.2	33	31.9	11	31.9	11	18.7	16.5	16.5	28.6	33	31.9	16.5	20.9	15.4	14.3	25.3	29.7	13.2	30.8	25.3	13.2	16.5	31.9	14.3	28.6	25.3	14.3	17.6	17.6	17.6	22	25.3	16.5	31.9	11	33	29.7	27.5	31.9	12.1	16.5	31.9	11	12.1	11	29.7	29.7	24.2	12.1	24.2	14.3	14.3	19.8	31.9	24.2	17.6	26.4	28.6	19.8	31.9	29.7	15.4	22	20.9	23.1	12.1	33	19.8	15.4	15.4	23.1	16.5	14.3	31.9	31.9	16.5	25.3	18.7	26.4	17.6	29.7	13.2	16.5	30.8	30.8	26.4	27.5	23.1	18.7	27.5	19.8	26.4	29.7	13.2	14.3	18.7	20.9	19.8	30.8	19.8	22	22	19.8	30.8	14.3	17.6	15.4	30.8	20.9	15.4	12.1	24.2	28.6	19.8	11	25.3	14.3	20.9	15.4	30.8	28.6	11	20.9	33	24.2	20.9	29.7	22	24.2	20.9	15.4	16.5	30.8	29.7	14.3	28.6	31.9	13.2	15.4	19.8	16.5	26.4	22	33	31.9	30.8	23.1	13.2	12.1	30.8	30.8	31.9	33	16.5	23.1	17.6	25.3	25.3	14.3	15.4	24.2	11	29.7	29.7	26.4	19.8	11	13.2	14.3	30.8	11	13.2	20.9	17.6	30.8	22	20.9	17.6	27.5	14.3	26.4	14.3	29.7	31.9	
29.7	20.9	28.6	15.4	14.3	24.2	23.1	30.8	18.7	27.5	14.3	14.3	30.8	25.3	19.8	27.5	16.5	22	17.6	14.3	16.5	29.7	12.1	19.8	29.7	30.8	14.3	12.1	29.7	18.7	24.2	11	15.4	11	13.2	28.6	12.1	14.3	28.6	28.6	23.1	27.5	26.4	20.9	30.8	
17	13	13	13	20	19	13	15	16	20	11	18	19	18	12	18	15	10	12	20	10	19	11	15	20	13	10	15	15	17	13	16	14	18	14	18	11	13	12	15	14	14	14	15	12	17	19	20	12	10	16	10	18	16	14	12	15	19	17	10	20	19	18	18	15	19	18	14	10	18	13	16	16	19	11	17	12	12	15	12	18	17	18	15	14	12	10	13	19	18	10	13	17	16	11	11	10	12	11	19	18	13	19	11	18	20	13	11	16	17	18	17	14	15	11	12	12	13	13	18	13	15	16	16	17	13	17	19	10	17	16	15	19	18	13	17	10	14	10	16	10	17	10	18	17	10	10	13	14	14	14	20	16	18	19	16	13	11	15	19	10	12	14	11	11	15	10	17	18	17	16	14	18	18	19	15	11	18	13	13	10	13	18	16	17	16	10	14	17	14	13	14	16	11	18	12	12	18	15	19	18	15	13	19	16	16	20	11	17	12	17	20	19	13	14	10	18	10	12	20	17	12	20	18	17	15	16	20	13	11	14	11	15	19	19	20	14	20	17	17	14	20	10	18	15	17	12	19	18	18	20	20	10	18	14	19	12	14	11	19	11	17	18	16	20	14	16	14	15	16	16	20	16	16	17	20	19	11	15	19	11	16	14	10	19	12	19	19	13	12	20	12	12	14	10	18	10	20	20	14	10	20	15	11	15	10	10	19	19	20	10	17	16	15	17	17	11	15	12	17	19	16	11	20	16	18	15	16	10	20	16	13	14	12	13	20	14	16	11	15	14	10	15	10	16	13	11	20	20	15	17	11	15	13	17	19	16	10	13	10	18	12	17	19	16	12	14	15	16	19	10	12	12	17	14	19	17	19	18	11	16	11	14	12	11	14	16	10	17	11	18	14	10	17	10	20	15	17	15	18	10	10	14	12	11	17	17	13	13	10	20	11	18	17	17	14	14	12	15	14	20	11	16	15	20	11	17	17	18	15	18	20	18	11	12	13	14	14	14	10	17	14	13	19	14	17	12	13	18	13	16	12	18	12	11	11	19	20	19	16	16	20	20	13	12	18	20	12	13	19	16	11	18	10	19	19	12	15	18	20	18	15	12	13	20	12	20	15	16	16	15	10	13	19	18	15	10	15	11	12	12	17	15	17	16	11	12	10	10	19	17	19	10	17	15	10	11	14	18	13	18	18	13	12	14	19	17	13	14	18	20	15	18	11	10	10	15	14	15	15	11	13	19	12	16	17	18	11	15	19	13	19	14	16	14	15	17	20	17	20	19	13	13	19	18	11	16	16	11	20	18	18	10	19	10	19	12	15	18	19	13	14	13	17	15	11	19	13	15	16	11	10	20	12	11	12	13	20	15	12	10	15	19	13	12	17	13	20	19	15	16	12	17	11	16	16	11	18	11	10	15	11	18	12	16	10	10	10	14	10	11	16	11	14	20	20	10	11	19	13	18	13	15	10	12	13	13	11	12	16	12	16	19	12	15	14	15	14	18	11	17	12	12	19	12	17	18	16	17	12	14	14	17	16	12	16	15	19	20	13	13	18	16	16	12	15	16	16	17	20	13	17	14	19	17	16	18	20	17	19	20	15	20	18	11	11	12	10	11	13	13	16	15	15	18	17	14	17	12	10	10	20	10	20	15	20	12	19	12	15	15	16	19	14	12	15	17	10	15	19	17	17	12	12	19	13	18	13	17	14	16	19	13	11	19	13	20	14	18	14	19	16	19	10	14	14	20	20	19	16	18	10	18	19	11	19	15	19	17	17	14	14	12	19	18	10	13	13	10	17	18	16	15	15	17	10	18	10	19	18	16	19	12	17	18	15	16	19	18	14	11	10	20	17	20	19	20	10	18	10	18	14	15	17	13	14	15	17	20	19	11	17	18	18	13	20	17	10	17	15	10	20	15	17	15	20	14	10	13	16	11	10	15	14	15	10	12	15	14	17	15	19	17	12	13	16	11	12	14	10	11	19	19	20	20	18	17	11	18	12	11	17	12	19	14	12	10	20	17	12	13	11	10	10	20	19	17	20	15	13	12	19	14	18	14	15	19	11	11	16	16	12	12	19	13	19	15	20	10	12	14	20	12	16	19	20	10	15	12	11	19	12	18	12	19	11	19	14	20	18	15	15	10	15	14	18	19	11	15	20	13	19	17	19	19	17	19	12	17	12	19	18	19	18	18	14	20	17	15	19	12	11	19	10	16	17	14	10	13	11	15	10	13	15	13	20	11	17	14	11	11	10	15	17	16	15	19	13	20	20	
1	1	1	1	1	1	1	1	1	1	1	1	1	1	1	1	1	1	1	1	1	1	1	1	2	2	2	2	2	2	2	2	2	2	2	2	2	2	2	2	2	2	2	2	3	3	3	3	3	3	3	3	3	3	3	3	3	3	3	3	3	3	3	3	3	4	4	4	4	4	4	4	4	4	4	4	4	4	4	4	4	4	4	4	4	5	5	5	5	5	5	5	5	5	5	5	6	6	6	6	6	6	6	6	6	6	6	6	6	6	6	6	6	6	6	6	6	6	6	6	6	6	6	6	6	7	7	7	7	7	7	7	7	7	7	7	7	7	7	7	7	7	7	7	7	7	7	7	8	8	8	8	8	8	8	8	8	8	8	8	8	8	8	8	8	8	8	8	8	8	8	8	8	9	9	9	9	9	9	9	9	9	9	9	9	9	9	9	9	9	9	9	10	10	10	10	10	10	10	10	10	10	10	10	10	10	10	11	11	11	11	11	11	11	11	11	11	11	11	11	11	11	11	11	11	11	11	11	11	11	11	11	11	11	12	12	12	12	12	12	12	12	12	12	12	12	12	12	13	13	13	13	13	13	13	13	13	13	13	13	13	13	13	13	13	13	13	13	13	13	13	13	14	14	14	14	14	14	14	14	14	14	14	14	14	14	14	14	14	14	14	14	14	14	14	14	14	14	15	15	15	15	15	15	15	15	15	15	15	15	15	15	15	15	15	15	15	15	16	16	16	16	16	16	16	16	16	16	16	16	16	16	16	16	17	17	17	17	17	17	17	17	17	17	17	17	17	17	17	17	18	18	18	18	18	18	18	18	18	18	18	18	18	18	18	18	18	18	18	18	18	18	18	18	18	18	18	19	19	19	19	19	19	19	19	19	19	19	19	19	19	19	19	19	19	19	19	19	19	19	19	19	20	20	20	20	20	20	20	20	20	20	20	20	20	20	20	20	20	20	20	20	20	20	20	21	21	21	21	21	21	21	21	21	21	21	21	21	21	21	21	21	21	21	22	22	22	22	22	22	22	22	22	22	22	22	22	22	22	22	22	22	22	22	22	22	22	22	22	22	22	22	22	22	22	23	23	23	23	23	23	23	23	23	23	23	23	23	23	23	23	23	23	23	23	23	24	24	24	24	24	24	24	24	24	24	24	24	24	24	24	24	24	24	24	24	24	25	25	25	25	25	25	25	25	25	25	25	25	25	25	25	25	25	25	25	25	25	25	25	25	26	26	26	26	26	26	26	26	26	26	26	26	26	26	26	26	26	26	26	26	26	26	26	26	27	27	27	27	27	27	27	27	27	27	27	27	27	27	27	27	27	27	27	27	27	27	27	27	27	28	28	28	28	28	28	28	28	28	28	28	28	28	28	28	28	28	28	28	28	28	28	28	28	29	29	29	29	29	29	29	29	29	29	29	29	29	29	29	29	29	29	29	29	29	29	29	29	30	30	30	30	30	30	30	30	30	30	30	30	30	30	30	30	30	30	30	30	30	30	30	30	30	30	30	31	31	31	31	31	31	31	31	31	31	31	31	31	31	31	31	31	31	31	31	31	31	31	31	32	32	32	32	32	32	32	32	32	32	32	32	32	32	32	32	33	33	33	33	33	33	33	33	33	33	33	33	33	33	33	33	33	33	33	33	33	33	34	34	34	34	34	34	34	34	34	34	34	34	34	34	34	34	34	34	34	34	34	34	34	34	35	35	35	35	35	35	35	35	35	35	35	35	35	35	35	35	35	35	35	35	35	35	35	35	36	36	36	36	36	36	36	36	36	36	36	36	36	36	36	36	36	36	36	36	36	36	36	36	36	36	36	37	37	37	37	37	37	37	37	37	37	37	37	37	37	37	37	37	37	37	37	37	38	38	38	38	38	38	38	38	38	38	38	38	38	38	38	38	38	38	38	38	39	39	39	39	39	39	39	39	39	39	39	39	39	39	39	39	39	39	39	40	40	40	40	40	40	40	40	40	40	40	40	40	40	40	40	40	40	40	40	40	40	40	40	40	40	40	40	40	40	41	41	41	41	41	41	41	41	41	41	41	41	41	41	41	41	41	41	41	42	42	42	42	42	42	42	42	42	42	42	42	42	42	42	42	42	42	42	42	42	43	43	43	43	43	43	43	43	43	43	43	43	43	43	43	43	43	43	43	43	43	43	43	44	44	44	44	44	44	44	44	44	44	44	44	44	44	44	44	44	44	45	45	45	45	45	45	45	45	45	45	45	45	45	45	45	45	45	45	45	45	45	45	45	45	45	45	45	
