1000
45	12
332	26.4
31	31	28	30	31	28	28	26	30	28	27	28	28	31	26	26	30	30	27	31	26	28	28	30	31	31	27	26	29	29	31	28	29	27	31	27	28	29	28	29	29	31	28	26	28	27	30	30	26	26	30	31	27	30	28	31	28	26	26	30	26	31	26	26	28	28	28	31	31	28	28	31	30	28	26	26	31	31	27	26	27	30	26	31	30	29	31	28	29	28	31	29	28	26	27	27	27	27	28	29	27	29	26	28	28	26	28	28	31	26	28	28	29	26	28	26	26	26	26	29	31	31	29	26	30	26	30	31	30	29	27	31	31	26	31	28	26	30	27	26	27	28	27	27	31	31	28	31	29	28	31	30	30	30	30	27	29	27	27	27	26	28	28	31	30	29	28	30	29	27	28	31	31	27	26	27	30	28	29	28	29	31	29	29	29	30	26	31	28	26	29	30	26	29	28	30	30	31	30	28	30	29	27	31	31	28	31	28	31	30	26	29	31	26	27	30	27	28	29	28	28	29	26	29	27	27	31	27	31	26	28	29	26	30	26	27	27	30	27	28	30	26	29	30	30	31	27	28	30	28	31	29	31	29	29	26	30	31	31	28	29	26	26	29	26	26	28	28	30	27	29	30	26	28	29	27	29	28	27	28	28	29	30	27	27	29	28	27	31	31	27	29	30	29	29	29	30	31	27	28	29	31	26	29	29	26	30	26	26	27	31	30	31	30	31	26	26	29	29	30	28	31	31	27	30	27	29	29	30	29	27	31	26	27	29	28	27	29	30	30	28	29	29	27	29	26	31	28	31	27	27	26	27	29	27	26	26	29	30	31	29	29	28	28	28	28	31	28	30	30	31	30	27	28	27	28	27	30	27	26	28	30	30	26	30	26	27	29	31	29	29	28	30	31	30	30	28	30	29	26	27	28	27	27	29	26	28	29	31	30	30	28	31	27	26	28	26	31	27	31	31	30	28	28	31	28	27	27	28	30	28	30	28	31	29	29	30	29	27	31	26	29	31	26	26	26	31	28	29	28	30	27	27	27	26	28	30	30	26	28	29	28	26	27	27	30	27	27	28	27	28	26	26	31	31	31	27	26	27	30	31	29	28	29	28	28	28	26	29	28	28	26	29	30	31	26	28	27	30	27	28	27	26	26	30	26	26	29	28	31	28	26	29	30	27	26	26	31	30	27	28	26	29	26	29	30	31	30	26	29	27	27	27	28	30	27	31	26	31	27	28	31	28	26	27	27	30	27	27	30	29	30	26	30	30	31	31	31	26	27	28	26	27	28	31	28	27	29	27	27	27	28	28	29	30	30	29	31	29	26	28	26	26	28	28	30	31	27	29	28	31	28	31	27	26	28	28	30	29	26	28	26	26	28	28	30	31	31	29	29	27	28	28	27	27	28	29	31	27	27	29	29	27	26	31	29	28	26	27	28	26	31	31	29	28	30	29	28	30	27	26	29	27	26	30	31	31	26	29	27	28	27	27	27	29	26	30	27	26	26	30	28	31	26	30	26	30	30	28	31	29	28	27	29	30	26	30	30	31	30	30	29	31	30	30	27	31	26	26	29	29	26	26	30	29	29	30	30	29	27	29	27	26	29	29	28	27	31	26	28	30	31	27	27	31	30	29	31	28	26	27	28	29	27	27	30	31	27	31	31	30	30	30	26	30	27	27	28	27	29	30	27	29	27	31	30	29	26	30	26	28	28	30	28	28	26	27	31	27	30	30	31	28	29	30	27	30	30	31	29	28	26	28	27	31	29	27	30	31	28	27	30	27	29	26	27	29	29	31	29	29	31	27	31	27	26	26	30	28	27	31	26	29	26	27	31	30	29	26	31	29	28	27	28	28	31	31	30	30	31	31	28	29	30	29	31	31	31	30	30	30	27	30	31	30	31	31	31	30	31	26	31	29	27	28	30	28	28	30	27	27	26	26	26	27	31	29	30	28	30	28	30	27	29	30	28	26	30	26	28	28	31	29	27	31	31	29	27	26	26	28	27	29	27	26	29	30	26	30	26	28	29	29	26	28	28	30	28	31	31	29	26	30	26	26	26	28	26	31	31	28	26	31	27	28	29	30	30	29	26	28	30	29	30	28	26	30	26	27	28	31	30	28	31	26	30	31	31	26	29	29	30	28	30	30	26	29	30	26	31	28	30	31	30	31	28	26	30	30	26	29	30	31	31	27	27	31	31	27	30	26	27	30	26	27	28	29	28	29	27	29	30	31	27	29	27	29	26	30	29	29	26	31	29	27	27	28	28	31	27	
90	89	83	88	78	81	90	82	76	77	84	94	77	78	90	81	89	92	86	83	94	89	82	93	84	78	90	89	86	92	90	83	83	87	90	89	78	77	83	92	84	80	91	93	84	76	88	78	78	81	94	85	83	94	82	82	83	90	93	88	80	86	79	81	85	86	91	76	90	79	93	80	90	93	91	83	79	84	88	90	87	91	79	93	82	82	93	91	79	82	89	76	78	86	85	93	79	81	90	80	92	78	76	81	89	80	80	78	86	89	93	89	80	88	85	91	76	93	77	82	89	90	78	78	91	82	93	80	89	87	92	94	76	76	94	81	78	84	76	89	93	93	87	76	92	92	94	86	78	78	88	90	76	89	89	93	79	80	76	82	80	85	84	85	77	83	81	77	87	85	91	77	76	92	93	82	85	90	90	86	78	93	84	91	89	88	79	78	79	86	82	86	85	87	83	88	79	79	80	94	86	77	83	87	89	93	94	78	93	79	81	77	90	83	83	83	84	82	83	89	80	78	80	77	81	83	87	91	83	94	76	77	91	88	87	81	83	83	84	94	81	84	76	76	93	86	80	83	88	83	85	80	81	79	84	83	90	85	86	80	93	87	86	78	92	80	91	82	79	82	82	93	87	76	91	86	93	89	90	77	93	85	89	89	83	76	93	90	87	81	94	88	85	81	81	83	76	92	78	80	92	89	94	79	88	78	79	82	88	92	77	83	89	76	83	81	89	85	93	83	90	89	81	85	88	91	92	76	94	94	88	88	84	82	77	90	93	86	82	79	85	78	84	84	80	81	90	90	94	76	85	85	78	83	77	85	82	82	83	89	82	81	87	83	82	78	86	89	93	82	89	81	81	88	81	91	82	92	79	92	87	89	84	88	80	80	86	88	77	82	79	94	81	94	92	77	94	90	80	81	87	85	93	93	76	90	86	81	80	76	76	82	82	78	76	84	81	90	89	87	93	76	86	76	88	82	94	90	84	78	88	94	86	94	82	93	78	89	87	85	82	93	92	94	78	78	90	81	77	83	83	83	88	79	80	84	94	91	82	79	85	77	79	87	92	87	83	76	76	86	80	92	84	90	80	86	90	81	88	89	90	82	88	78	83	84	77	87	80	84	89	85	80	82	82	93	85	90	83	86	90	89	80	81	79	79	93	90	90	92	78	84	81	80	83	88	86	85	77	82	89	86	76	81	77	87	91	82	94	87	94	77	77	92	78	82	77	88	93	80	93	90	82	77	82	90	83	93	79	84	83	81	85	89	90	77	81	88	81	80	88	81	82	91	88	80	82	91	83	82	83	82	79	91	93	90	92	79	79	85	76	89	93	84	84	93	91	91	90	82	87	84	91	82	82	86	88	88	83	89	79	94	92	85	90	81	90	90	77	92	77	87	90	91	91	91	92	94	90	88	80	86	85	77	85	93	86	91	92	89	88	92	79	94	93	83	90	85	82	84	83	88	78	79	85	94	81	79	87	88	89	91	82	93	82	78	83	78	87	77	77	85	77	77	76	77	91	76	78	77	79	76	82	76	79	94	89	86	81	85	90	86	94	91	83	91	80	92	82	81	90	82	78	94	92	91	79	83	88	89	92	80	94	76	80	87	83	78	93	91	87	89	76	77	80	78	83	91	94	77	83	89	88	82	91	82	86	76	80	85	89	87	88	87	91	94	77	93	85	76	91	80	80	79	88	93	89	81	86	90	91	81	81	81	91	81	86	94	80	93	85	92	86	93	76	88	76	78	88	93	90	81	88	92	93	89	87	91	87	76	76	76	91	76	76	79	79	78	82	82	78	93	86	83	83	87	92	86	76	80	93	89	88	82	81	91	93	85	81	93	82	94	85	79	92	92	77	91	79	78	84	81	86	92	81	84	77	82	76	79	87	85	86	82	90	88	88	80	76	85	82	82	89	77	82	84	81	80	84	93	84	83	87	85	82	76	89	77	94	83	81	79	88	85	82	91	89	89	90	78	79	87	89	84	77	93	86	82	83	82	78	79	88	78	76	89	90	80	94	88	82	84	77	79	77	87	83	84	78	85	86	84	86	81	82	92	77	78	94	85	84	85	92	85	81	83	89	86	77	85	79	90	92	89	87	89	80	84	80	88	86	92	79	94	90	80	89	83	79	84	87	79	91	87	86	94	94	92	89	90	86	77	84	91	82	90	86	79	81	84	91	84	82	85	79	94	77	86	83	86	88	81	84	94	87	82	93	86	81	77	85	91	81	85	76	90	89	79	83	85	88	81	92	91	82	93	82	80	84	78	
19.8	18.7	13.2	33	28.6	31.9	11	19.8	13.2	18.7	27.5	30.8	20.9	18.7	16.5	25.3	25.3	13.2	25.3	12.1	20.9	17.6	25.3	16.5	30.8	27.5	20.9	24.2	28.6	24.2	18.7	24.2	31.9	14.3	14.3	24.2	20.9	16.5	26.4	33	23.1	31.9	12.1	31.9	12.1	26.4	23.1	31.9	24.2	22	28.6	18.7	23.1	22	15.4	24.2	11	20.9	28.6	12.1	17.6	24.2	23.1	28.6	19.8	20.9	16.5	23.1	23.1	18.7	19.8	26.4	13.2	18.7	30.8	30.8	19.8	25.3	13.2	11	26.4	12.1	29.7	14.3	24.2	26.4	19.8	11	24.2	22	20.9	18.7	13.2	26.4	18.7	15.4	20.9	13.2	33	18.7	30.8	30.8	24.2	28.6	12.1	20.9	31.9	24.2	13.2	28.6	20.9	26.4	28.6	30.8	24.2	13.2	22	22	27.5	18.7	25.3	33	12.1	14.3	22	20.9	31.9	23.1	16.5	29.7	23.1	20.9	31.9	30.8	25.3	26.4	27.5	29.7	24.2	26.4	13.2	22	28.6	30.8	16.5	28.6	11	29.7	25.3	26.4	33	13.2	26.4	30.8	31.9	23.1	16.5	14.3	28.6	24.2	11	22	15.4	14.3	20.9	26.4	29.7	15.4	17.6	18.7	27.5	19.8	17.6	24.2	29.7	26.4	14.3	27.5	33	16.5	16.5	20.9	29.7	11	23.1	22	23.1	25.3	27.5	28.6	31.9	24.2	13.2	11	33	27.5	26.4	31.9	16.5	13.2	22	26.4	17.6	30.8	20.9	27.5	29.7	13.2	26.4	14.3	12.1	13.2	13.2	27.5	24.2	20.9	17.6	23.1	26.4	24.2	11	11	25.3	24.2	27.5	13.2	15.4	17.6	25.3	26.4	17.6	19.8	30.8	22	19.8	24.2	17.6	18.7	12.1	15.4	24.2	22	14.3	22	27.5	29.7	23.1	31.9	23.1	11	28.6	31.9	31.9	15.4	17.6	14.3	16.5	24.2	14.3	16.5	17.6	11	12.1	14.3	29.7	18.7	12.1	25.3	11	28.6	24.2	26.4	12.1	33	11	25.3	26.4	30.8	18.7	11	11	14.3	30.8	13.2	24.2	24.2	28.6	14.3	15.4	33	28.6	12.1	28.6	23.1	25.3	12.1	31.9	15.4	20.9	15.4	18.7	13.2	17.6	23.1	31.9	24.2	18.7	25.3	24.2	31.9	18.7	18.7	20.9	14.3	24.2	14.3	30.8	19.8	20.9	23.1	18.7	18.7	14.3	13.2	26.4	15.4	11	19.8	20.9	12.1	31.9	26.4	19.8	11	25.3	12.1	25.3	28.6	22	23.1	22	17.6	27.5	20.9	11	29.7	23.1	25.3	20.9	28.6	29.7	27.5	14.3	33	33	31.9	25.3	30.8	31.9	14.3	26.4	12.1	18.7	19.8	25.3	31.9	13.2	27.5	28.6	13.2	22	20.9	33	14.3	11	12.1	27.5	11	15.4	19.8	15.4	18.7	19.8	26.4	14.3	26.4	16.5	14.3	24.2	17.6	28.6	33	11	33	15.4	23.1	16.5	13.2	33	30.8	25.3	11	17.6	24.2	19.8	22	20.9	16.5	19.8	17.6	15.4	29.7	22	15.4	15.4	27.5	26.4	25.3	17.6	11	28.6	14.3	11	13.2	22	15.4	25.3	11	13.2	22	27.5	15.4	17.6	18.7	17.6	23.1	26.4	14.3	23.1	19.8	17.6	15.4	15.4	17.6	25.3	31.9	27.5	13.2	15.4	13.2	30.8	15.4	15.4	18.7	25.3	24.2	24.2	33	13.2	28.6	20.9	20.9	12.1	30.8	13.2	29.7	30.8	25.3	31.9	25.3	25.3	23.1	25.3	30.8	11	13.2	27.5	22	16.5	26.4	33	29.7	30.8	14.3	28.6	17.6	13.2	29.7	24.2	22	14.3	14.3	23.1	33	29.7	11	15.4	11	15.4	17.6	20.9	12.1	29.7	16.5	22	11	18.7	16.5	22	33	13.2	23.1	17.6	23.1	13.2	26.4	25.3	18.7	15.4	26.4	22	33	28.6	17.6	14.3	22	24.2	23.1	11	27.5	25.3	20.9	22	12.1	23.1	11	13.2	24.2	25.3	26.4	16.5	13.2	15.4	13.2	31.9	12.1	19.8	28.6	12.1	22	16.5	31.9	22	29.7	22	15.4	24.2	31.9	18.7	31.9	17.6	25.3	20.9	15.4	23.1	31.9	18.7	11	19.8	30.8	22	26.4	33	17.6	18.7	19.8	23.1	18.7	13.2	16.5	14.3	24.2	22	24.2	12.1	18.7	19.8	12.1	23.1	31.9	28.6	29.7	31.9	23.1	12.1	19.8	20.9	29.7	25.3	12.1	16.5	33	25.3	11	22	11	30.8	30.8	17.6	31.9	25.3	23.1	16.5	27.5	14.3	26.4	15.4	12.1	30.8	24.2	13.2	11	23.1	30.8	24.2	28.6	27.5	31.9	11	15.4	23.1	25.3	15.4	30.8	33	26.4	26.4	20.9	30.8	30.8	12.1	11	22	31.9	19.8	31.9	29.7	16.5	13.2	19.8	14.3	18.7	11	13.2	12.1	22	20.9	29.7	11	12.1	30.8	15.4	12.1	14.3	23.1	29.7	11	13.2	15.4	31.9	19.8	19.8	31.9	12.1	27.5	15.4	25.3	24.2	29.7	30.8	11	33	29.7	15.4	25.3	27.5	12.1	27.5	13.2	33	24.2	23.1	11	26.4	14.3	33	12.1	20.9	22	12.1	27.5	18.7	29.7	28.6	11	23.1	24.2	16.5	31.9	15.4	33	29.7	19.8	16.5	27.5	20.9	26.4	28.6	14.3	25.3	23.1	15.4	20.9	22	24.2	29.7	29.7	29.7	17.6	23.1	20.9	19.8	28.6	17.6	18.7	18.7	17.6	33	33	14.3	11	25.3	19.8	16.5	17.6	33	15.4	15.4	26.4	24.2	18.7	26.4	18.7	19.8	11	19.8	16.5	15.4	15.4	19.8	29.7	29.7	30.8	30.8	26.4	17.6	29.7	20.9	14.3	18.7	11	28.6	22	12.1	14.3	17.6	15.4	29.7	18.7	15.4	26.4	12.1	23.1	14.3	27.5	11	20.9	28.6	27.5	28.6	17.6	31.9	28.6	25.3	17.6	14.3	29.7	31.9	31.9	13.2	22	15.4	13.2	14.3	30.8	17.6	27.5	17.6	28.6	14.3	30.8	22	26.4	15.4	20.9	33	13.2	26.4	25.3	16.5	33	17.6	18.7	22	25.3	24.2	22	12.1	24.2	33	16.5	31.9	15.4	28.6	27.5	28.6	15.4	25.3	13.2	15.4	33	33	13.2	11	33	17.6	16.5	14.3	27.5	25.3	30.8	30.8	16.5	28.6	17.6	25.3	12.1	15.4	13.2	20.9	30.8	26.4	19.8	33	27.5	13.2	25.3	28.6	11	26.4	14.3	27.5	22	33	18.7	14.3	29.7	12.1	17.6	25.3	25.3	17.6	30.8	11	31.9	19.8	13.2	30.8	17.6	17.6	22	19.8	33	16.5	16.5	14.3	14.3	26.4	27.5	17.6	27.5	15.4	18.7	20.9	17.6	18.7	15.4	22	25.3	15.4	13.2	20.9	24.2	12.1	19.8	30.8	30.8	13.2	15.4	28.6	16.5	25.3	20.9	15.4	14.3	26.4	17.6	29.7	25.3	19.8	30.8	13.2	31.9	20.9	25.3	27.5	24.2	27.5	26.4	28.6	16.5	12.1	20.9	11	14.3	33	13.2	20.9	30.8	30.8	12.1	26.4	18.7	27.5	29.7	28.6	19.8	22	15.4	31.9	28.6	19.8	15.4	12.1	29.7	24.2	14.3	12.1	14.3	24.2	12.1	33	31.9	22	12.1	23.1	13.2	25.3	31.9	18.7	26.4	15.4	22	11	28.6	28.6	22	25.3	31.9	15.4	27.5	13.2	16.5	20.9	33	16.5	20.9	23.1	24.2	13.2	
33	27.5	15.4	12.1	29.7	33	14.3	15.4	23.1	12.1	16.5	24.2	33	26.4	15.4	15.4	20.9	19.8	23.1	22	24.2	19.8	15.4	14.3	16.5	13.2	30.8	16.5	27.5	14.3	11	15.4	17.6	30.8	26.4	19.8	12.1	13.2	24.2	25.3	31.9	27.5	29.7	26.4	15.4	30.8	12.1	18.7	15.4	24.2	25.3	30.8	13.2	25.3	11	30.8	16.5	26.4	25.3	19.8	30.8	15.4	14.3	12.1	14.3	24.2	20.9	12.1	29.7	23.1	28.6	33	28.6	31.9	17.6	12.1	11	18.7	29.7	20.9	19.8	17.6	11	27.5	18.7	28.6	33	28.6	12.1	12.1	17.6	14.3	17.6	31.9	26.4	13.2	13.2	23.1	15.4	31.9	17.6	26.4	24.2	16.5	24.2	30.8	28.6	24.2	11	33	27.5	14.3	19.8	22	16.5	22	30.8	19.8	15.4	26.4	12.1	14.3	12.1	22	27.5	24.2	30.8	20.9	20.9	30.8	33	12.1	18.7	11	15.4	27.5	28.6	25.3	31.9	30.8	27.5	27.5	20.9	26.4	28.6	13.2	23.1	17.6	33	18.7	25.3	20.9	25.3	23.1	12.1	17.6	31.9	30.8	33	25.3	15.4	22	31.9	30.8	13.2	23.1	22	33	28.6	24.2	25.3	30.8	16.5	15.4	25.3	22	15.4	29.7	25.3	14.3	28.6	22	30.8	23.1	26.4	16.5	33	25.3	20.9	26.4	29.7	20.9	25.3	13.2	33	33	23.1	23.1	28.6	26.4	23.1	25.3	26.4	25.3	24.2	31.9	14.3	33	13.2	14.3	31.9	28.6	20.9	16.5	11	25.3	17.6	23.1	22	15.4	22	16.5	16.5	16.5	19.8	13.2	23.1	18.7	26.4	11	33	16.5	25.3	33	16.5	29.7	17.6	19.8	15.4	11	24.2	28.6	28.6	29.7	13.2	33	11	25.3	30.8	11	26.4	14.3	25.3	30.8	26.4	18.7	28.6	20.9	25.3	27.5	19.8	15.4	30.8	11	11	27.5	22	28.6	27.5	18.7	11	26.4	22	30.8	26.4	11	24.2	17.6	15.4	25.3	12.1	24.2	25.3	15.4	24.2	24.2	15.4	26.4	13.2	23.1	25.3	31.9	33	27.5	17.6	23.1	11	19.8	17.6	14.3	30.8	20.9	26.4	28.6	18.7	11	14.3	20.9	25.3	33	18.7	29.7	19.8	20.9	11	17.6	15.4	13.2	31.9	13.2	24.2	29.7	12.1	12.1	28.6	26.4	14.3	16.5	27.5	24.2	15.4	18.7	23.1	12.1	33	27.5	20.9	27.5	13.2	16.5	23.1	28.6	15.4	25.3	16.5	15.4	27.5	22	23.1	18.7	11	13.2	31.9	12.1	25.3	11	26.4	26.4	15.4	14.3	27.5	22	15.4	13.2	11	15.4	16.5	13.2	17.6	11	31.9	29.7	20.9	13.2	29.7	28.6	30.8	15.4	25.3	11	24.2	26.4	25.3	16.5	22	25.3	12.1	30.8	20.9	13.2	26.4	23.1	12.1	11	31.9	15.4	16.5	13.2	16.5	14.3	27.5	24.2	26.4	25.3	23.1	17.6	12.1	12.1	28.6	18.7	28.6	22	28.6	30.8	22	19.8	13.2	18.7	25.3	28.6	17.6	19.8	18.7	15.4	20.9	25.3	30.8	18.7	29.7	15.4	11	23.1	31.9	23.1	28.6	14.3	26.4	11	29.7	20.9	13.2	28.6	23.1	13.2	30.8	22	26.4	23.1	16.5	18.7	14.3	22	29.7	23.1	25.3	18.7	16.5	13.2	31.9	26.4	11	11	23.1	17.6	20.9	29.7	11	11	17.6	22	13.2	15.4	19.8	23.1	24.2	31.9	11	26.4	17.6	11	27.5	26.4	31.9	33	28.6	12.1	33	20.9	25.3	30.8	27.5	16.5	27.5	22	25.3	13.2	13.2	28.6	23.1	31.9	11	29.7	12.1	28.6	26.4	26.4	16.5	25.3	22	11	27.5	29.7	22	30.8	11	30.8	26.4	12.1	12.1	28.6	27.5	29.7	27.5	17.6	20.9	22	20.9	15.4	33	25.3	31.9	33	24.2	23.1	26.4	33	26.4	28.6	22	11	27.5	13.2	23.1	31.9	18.7	14.3	16.5	15.4	16.5	15.4	30.8	15.4	24.2	18.7	20.9	14.3	15.4	25.3	12.1	24.2	31.9	23.1	28.6	22	19.8	31.9	16.5	12.1	14.3	17.6	17.6	13.2	15.4	23.1	27.5	24.2	16.5	22	11	33	18.7	15.4	25.3	17.6	24.2	33	12.1	17.6	15.4	11	25.3	17.6	13.2	25.3	20.9	16.5	18.7	30.8	16.5	20.9	28.6	19.8	20.9	14.3	14.3	19.8	13.2	20.9	28.6	28.6	25.3	27.5	24.2	19.8	27.5	25.3	19.8	23.1	14.3	13.2	30.8	25.3	26.4	12.1	24.2	19.8	27.5	29.7	27.5	30.8	27.5	16.5	11	18.7	31.9	19.8	19.8	18.7	15.4	18.7	11	14.3	33	28.6	33	27.5	11	12.1	29.7	16.5	27.5	15.4	27.5	16.5	14.3	17.6	13.2	18.7	25.3	19.8	26.4	11	20.9	28.6	13.2	13.2	25.3	31.9	11	13.2	13.2	29.7	17.6	19.8	15.4	13.2	29.7	20.9	30.8	19.8	19.8	31.9	24.2	30.8	25.3	18.7	18.7	17.6	11	26.4	29.7	26.4	15.4	27.5	29.7	11	30.8	30.8	26.4	18.7	11	13.2	31.9	23.1	30.8	15.4	28.6	23.1	17.6	12.1	20.9	23.1	15.4	24.2	12.1	30.8	24.2	11	28.6	23.1	18.7	24.2	17.6	24.2	18.7	25.3	14.3	23.1	13.2	20.9	30.8	13.2	27.5	12.1	31.9	18.7	17.6	20.9	20.9	24.2	25.3	20.9	31.9	14.3	30.8	29.7	11	11	22	15.4	15.4	22	29.7	12.1	16.5	33	29.7	29.7	12.1	24.2	16.5	14.3	25.3	16.5	17.6	25.3	33	13.2	28.6	19.8	14.3	15.4	14.3	24.2	16.5	13.2	33	27.5	31.9	12.1	26.4	18.7	27.5	23.1	16.5	20.9	31.9	17.6	11	26.4	23.1	33	15.4	31.9	11	20.9	19.8	27.5	29.7	17.6	24.2	14.3	20.9	24.2	18.7	20.9	14.3	16.5	33	17.6	24.2	29.7	16.5	27.5	30.8	29.7	30.8	11	27.5	19.8	27.5	16.5	27.5	22	13.2	23.1	31.9	30.8	28.6	25.3	31.9	11	14.3	24.2	19.8	11	33	13.2	13.2	13.2	25.3	28.6	14.3	11	25.3	13.2	24.2	18.7	13.2	12.1	31.9	13.2	13.2	28.6	12.1	22	24.2	28.6	28.6	13.2	23.1	16.5	20.9	19.8	33	22	33	28.6	28.6	13.2	11	31.9	11	15.4	16.5	12.1	33	12.1	30.8	11	11	33	13.2	16.5	12.1	26.4	26.4	24.2	14.3	13.2	24.2	16.5	13.2	12.1	15.4	29.7	11	18.7	20.9	23.1	26.4	12.1	27.5	20.9	16.5	20.9	13.2	27.5	29.7	26.4	18.7	30.8	22	25.3	33	25.3	18.7	29.7	28.6	19.8	25.3	33	16.5	16.5	17.6	12.1	31.9	14.3	13.2	31.9	30.8	27.5	12.1	29.7	29.7	25.3	24.2	31.9	16.5	16.5	14.3	29.7	14.3	27.5	25.3	31.9	11	28.6	25.3	16.5	14.3	27.5	33	28.6	24.2	31.9	11	28.6	12.1	11	23.1	18.7	11	30.8	23.1	13.2	31.9	25.3	13.2	20.9	23.1	14.3	18.7	31.9	31.9	27.5	13.2	28.6	29.7	13.2	27.5	23.1	25.3	11	17.6	23.1	27.5	22	20.9	22	24.2	18.7	28.6	14.3	33	33	15.4	33	17.6	17.6	
25.3	31.9	18.7	28.6	28.6	18.7	33	29.7	17.6	16.5	11	29.7	18.7	28.6	18.7	11	22	19.8	13.2	33	14.3	15.4	33	30.8	19.8	14.3	23.1	31.9	15.4	28.6	24.2	17.6	11	22	23.1	26.4	27.5	17.6	23.1	29.7	20.9	27.5	30.8	20.9	15.4	
11	13	12	11	11	12	11	16	11	17	11	12	13	16	20	17	11	19	15	18	10	10	12	20	12	15	15	10	12	17	10	19	10	14	12	18	13	16	17	13	16	12	11	16	17	13	10	18	19	11	20	12	16	13	10	13	18	20	13	11	16	12	10	17	18	16	11	12	16	20	10	11	19	11	19	11	13	18	17	11	16	16	18	16	13	17	10	12	17	11	20	20	13	14	19	11	18	18	18	15	10	16	15	10	12	18	18	20	11	13	10	18	20	14	18	19	16	16	20	16	19	18	18	15	16	16	10	20	14	18	16	18	14	11	12	11	19	13	12	13	16	17	19	20	15	10	12	16	17	15	19	19	14	19	18	16	12	11	12	20	17	12	20	10	19	13	16	20	18	11	20	17	11	18	13	17	15	17	13	16	12	17	17	20	14	20	20	20	16	18	18	11	16	17	18	11	13	20	12	14	15	13	17	14	13	16	18	17	16	16	12	15	12	17	19	10	12	16	20	20	18	20	11	12	10	18	15	11	18	11	17	20	11	14	19	20	14	17	12	20	18	16	12	10	10	14	18	15	10	19	20	12	17	18	14	12	14	12	19	16	12	15	10	12	17	19	10	14	11	16	11	20	15	16	12	12	11	16	18	10	18	14	20	16	15	12	10	13	12	14	17	15	11	18	14	12	18	14	15	13	19	10	18	20	18	12	16	19	20	18	17	10	17	20	14	17	13	16	12	16	11	20	15	13	12	13	10	17	18	15	17	12	13	19	17	17	16	20	18	14	16	13	10	11	11	11	20	15	11	13	11	19	17	16	10	11	17	15	14	12	15	19	13	16	10	12	12	14	13	11	15	13	11	15	11	13	11	16	12	20	12	16	20	19	19	19	17	10	16	16	13	16	11	12	13	14	10	20	13	14	15	12	15	17	11	11	13	15	12	19	18	20	14	16	19	20	20	13	11	17	18	16	17	18	12	18	19	19	11	17	10	15	19	14	15	13	17	18	19	12	20	19	17	12	20	15	13	14	12	17	11	14	17	11	19	12	19	16	20	10	10	11	18	17	17	14	20	14	11	19	18	10	20	11	20	10	12	11	19	12	12	15	11	13	18	19	15	11	13	19	17	16	14	10	12	14	18	11	18	17	13	15	17	12	13	12	12	18	20	14	12	18	15	16	10	18	14	19	10	20	17	17	20	17	17	20	20	10	16	18	13	10	18	15	15	11	10	14	17	15	12	11	12	11	10	11	12	13	19	10	12	14	20	17	19	20	13	13	14	12	17	19	19	12	11	13	10	18	18	17	19	15	11	15	13	17	17	16	17	19	20	15	17	16	10	18	18	20	19	16	11	17	10	12	12	14	17	15	15	14	19	15	20	11	13	19	14	13	17	12	16	14	17	12	16	18	16	10	16	11	11	18	17	18	19	17	18	12	18	19	11	17	15	19	10	13	14	11	11	17	16	18	15	17	12	19	19	16	18	16	10	18	14	18	14	13	16	15	11	13	20	20	12	11	18	14	18	12	19	16	12	15	20	15	12	12	12	12	18	12	10	14	14	17	18	11	14	12	10	14	10	12	13	16	10	17	20	13	12	13	20	14	12	11	14	18	15	10	11	19	20	16	18	11	16	18	19	10	12	13	19	19	13	17	19	12	16	17	15	19	14	17	19	15	11	10	18	20	12	19	19	20	18	13	14	14	13	18	15	18	11	16	12	19	19	13	10	13	11	14	18	11	10	15	16	11	10	11	11	11	11	13	19	13	12	16	17	11	19	14	19	11	17	10	14	10	18	10	17	13	19	13	13	17	16	12	10	15	19	10	20	19	16	16	10	16	14	10	12	18	18	14	19	13	14	18	12	12	12	20	10	11	12	20	15	17	14	12	20	17	15	16	13	12	12	11	17	12	12	17	18	15	10	16	12	15	10	11	10	16	14	10	19	13	13	14	13	20	16	20	14	19	13	18	10	15	14	11	16	15	12	10	18	16	12	20	10	12	16	15	14	13	11	18	17	14	19	11	15	18	10	20	11	13	16	15	16	19	18	14	11	15	10	20	11	20	14	18	18	10	11	13	13	13	10	10	20	14	18	12	20	20	20	13	18	12	17	14	11	18	15	15	11	16	11	11	14	10	14	10	18	12	20	20	13	14	10	11	20	17	17	10	16	19	15	20	20	16	20	18	13	10	19	11	19	12	10	11	15	11	10	16	16	18	17	19	18	20	15	19	12	11	10	10	13	12	10	13	20	11	14	18	13	20	17	11	13	17	15	17	
1	1	1	1	1	1	1	1	1	1	1	1	1	1	1	1	1	1	1	1	1	1	1	1	1	1	1	1	2	2	2	2	2	2	2	2	2	2	2	2	2	2	2	2	2	2	2	2	2	2	2	3	3	3	3	3	3	3	3	3	3	3	3	3	3	3	3	3	3	3	3	3	3	3	3	4	4	4	4	4	4	4	4	4	4	4	4	4	4	4	4	4	4	5	5	5	5	5	5	5	5	5	5	5	5	5	5	5	5	5	5	5	5	5	5	5	5	5	5	6	6	6	6	6	6	6	6	6	6	6	6	6	6	6	6	7	7	7	7	7	7	7	7	7	7	7	7	7	7	7	7	7	7	7	7	7	8	8	8	8	8	8	8	8	8	8	8	8	8	8	8	8	8	9	9	9	9	9	9	9	9	9	9	9	9	9	9	9	10	10	10	10	10	10	10	10	10	10	10	10	10	10	10	10	10	10	10	10	10	10	10	10	10	10	11	11	11	11	11	11	11	11	11	11	11	11	11	11	11	11	11	11	11	11	11	11	11	11	11	11	11	11	12	12	12	12	12	12	12	12	12	12	12	12	12	12	12	12	12	13	13	13	13	13	13	13	13	13	13	13	13	13	13	13	13	13	13	13	13	13	13	13	13	14	14	14	14	14	14	14	14	14	14	14	14	14	14	14	14	14	14	14	14	14	14	14	15	15	15	15	15	15	15	15	15	15	15	15	15	15	15	15	15	15	15	15	15	16	16	16	16	16	16	16	16	16	16	16	16	16	16	16	16	16	16	16	16	16	16	16	16	16	16	16	17	17	17	17	17	17	17	17	17	17	17	17	17	17	17	17	17	17	17	17	17	18	18	18	18	18	18	18	18	18	18	18	18	18	18	18	18	18	18	18	18	18	18	18	18	18	18	18	19	19	19	19	19	19	19	19	19	19	19	19	19	19	19	19	19	19	19	19	20	20	20	20	20	20	20	20	20	20	20	20	20	20	20	20	20	20	20	20	20	20	20	21	21	21	21	21	21	21	21	21	21	21	21	21	21	21	21	21	21	21	21	22	22	22	22	22	22	22	22	22	22	22	22	22	22	22	22	22	22	22	23	23	23	23	23	23	23	23	23	23	23	23	23	23	23	23	23	23	23	23	23	23	23	23	23	23	24	24	24	24	24	24	24	24	24	24	24	24	24	24	24	24	24	24	24	24	24	24	24	24	24	25	25	25	25	25	25	25	25	25	25	25	25	25	25	25	25	25	26	26	26	26	26	26	26	26	26	26	26	26	26	26	26	26	26	26	26	27	27	27	27	27	27	27	27	27	27	27	27	27	27	27	27	27	27	27	27	27	27	27	27	28	28	28	28	28	28	28	28	28	28	28	28	28	28	28	28	28	28	29	29	29	29	29	29	29	29	29	29	29	29	29	29	29	29	29	29	29	30	30	30	30	30	30	30	30	30	30	30	30	30	30	30	30	30	30	30	30	30	30	30	30	30	30	31	31	31	31	31	31	31	31	31	31	31	31	31	31	31	32	32	32	32	32	32	32	32	32	32	32	32	32	32	32	32	32	32	32	32	32	32	32	32	32	32	32	32	33	33	33	33	33	33	33	33	33	33	33	33	33	33	33	33	33	33	33	33	33	33	33	33	33	33	34	34	34	34	34	34	34	34	34	34	34	34	34	34	34	34	34	34	34	34	34	35	35	35	35	35	35	35	35	35	35	35	35	35	35	35	35	35	35	35	35	35	35	35	35	35	35	36	36	36	36	36	36	36	36	36	36	36	36	36	36	36	36	36	36	36	36	36	36	36	36	36	36	36	36	36	36	36	36	36	36	36	36	37	37	37	37	37	37	37	37	37	37	37	37	37	37	37	37	37	37	37	37	37	37	37	37	37	37	37	38	38	38	38	38	38	38	38	38	38	38	38	38	38	38	38	38	39	39	39	39	39	39	39	39	39	39	39	39	39	39	39	39	39	39	39	39	39	39	40	40	40	40	40	40	40	40	40	40	40	40	40	40	40	40	40	40	40	41	41	41	41	41	41	41	41	41	41	41	41	41	41	41	41	41	41	41	41	41	41	41	41	42	42	42	42	42	42	42	42	42	42	42	42	42	42	42	42	42	42	42	42	42	43	43	43	43	43	43	43	43	43	43	43	43	43	43	43	43	43	43	43	43	43	43	43	43	44	44	44	44	44	44	44	44	44	44	44	44	44	44	44	44	44	44	44	45	45	45	45	45	45	45	45	45	45	45	45	45	45	45	45	45	
