1000
45	14
350	33
31	27	29	28	28	31	31	28	31	26	31	28	26	26	29	31	29	30	28	29	27	29	31	29	28	30	30	27	31	31	29	26	29	28	26	31	28	30	28	26	31	27	30	30	31	27	29	30	30	28	27	27	27	31	27	29	30	30	26	31	31	26	29	28	27	26	31	29	26	28	27	27	29	31	31	29	26	30	28	30	27	31	26	29	31	30	30	31	27	28	31	29	26	30	28	29	31	29	27	26	31	29	28	31	30	26	31	26	27	28	30	27	29	27	26	26	26	27	26	31	29	31	27	31	26	29	27	31	28	29	27	29	29	29	29	29	31	31	31	30	31	28	27	29	29	28	29	31	27	30	27	27	28	26	26	26	31	31	26	26	27	30	29	26	30	28	26	26	29	29	26	26	29	26	28	29	28	28	26	28	31	26	31	31	29	31	28	30	27	31	31	29	31	30	28	30	28	27	31	26	29	31	27	28	31	26	30	31	31	30	28	27	30	26	26	28	26	26	26	29	30	26	29	31	29	28	26	27	27	27	29	30	27	30	27	27	29	29	31	30	31	31	27	28	27	30	30	29	29	27	30	29	27	26	26	28	28	26	31	28	27	30	28	29	31	28	31	30	31	28	27	26	26	28	31	29	29	31	29	29	30	27	31	28	28	26	26	31	26	30	30	30	26	31	31	26	29	26	29	27	27	28	30	27	26	26	28	30	26	31	30	26	31	30	31	26	30	28	28	29	31	29	27	31	26	29	26	28	28	27	28	31	27	26	31	29	26	27	31	26	29	28	30	26	26	31	28	30	27	30	26	30	27	29	27	27	27	31	28	31	26	30	27	29	26	27	30	26	29	26	28	27	28	28	30	26	30	30	26	29	31	30	30	31	27	29	28	27	30	27	28	29	27	27	27	28	27	30	26	26	30	29	28	31	31	29	28	27	31	29	29	26	31	31	29	27	30	27	29	27	30	30	28	30	26	31	28	30	27	27	31	30	28	26	27	28	27	31	31	29	28	30	29	31	28	28	31	31	27	27	30	27	26	31	27	30	30	30	31	27	29	26	30	31	31	27	27	26	31	31	27	28	31	27	30	30	31	26	31	30	30	31	30	27	31	30	27	31	29	30	27	27	26	26	27	28	31	31	31	29	29	29	31	31	28	30	28	30	30	29	28	28	29	28	28	30	31	29	28	27	31	29	30	26	30	26	30	30	26	31	31	31	28	26	29	28	30	30	31	31	29	30	31	28	27	29	30	30	28	29	29	30	27	28	31	28	29	28	28	31	26	26	29	28	28	30	27	26	26	30	30	28	31	28	28	30	27	26	29	31	28	26	27	31	30	31	26	29	26	29	31	28	30	27	27	26	31	26	29	29	29	30	26	28	28	26	31	27	26	26	29	30	28	30	27	28	28	26	30	31	27	31	27	29	29	26	27	29	31	28	28	28	26	27	31	30	31	30	27	29	28	31	26	31	28	30	27	29	26	29	28	28	31	30	26	27	27	26	28	29	30	29	29	31	28	27	29	27	27	30	29	29	26	29	28	30	31	31	27	26	27	29	30	28	29	31	31	31	28	26	26	30	26	29	27	30	26	30	30	31	26	29	29	27	26	31	27	30	27	26	29	31	30	27	28	28	29	27	31	27	29	29	31	28	31	26	26	26	28	30	29	26	28	30	31	29	26	30	27	29	30	30	28	29	28	30	30	26	29	29	30	26	30	30	27	29	28	26	29	31	30	29	28	29	29	28	29	31	31	31	28	27	29	28	27	26	28	26	26	29	28	31	30	28	27	30	27	26	27	30	28	28	31	31	29	28	28	31	28	27	26	27	31	27	31	29	31	28	27	30	30	29	28	28	29	30	28	28	26	28	30	31	31	27	27	29	31	29	26	26	26	27	30	30	28	31	26	27	29	29	30	26	30	30	31	26	30	28	26	26	31	26	27	26	27	28	26	31	27	28	30	26	26	29	27	27	26	29	26	29	29	31	29	30	27	30	26	31	30	30	30	29	28	28	31	26	28	28	26	27	31	26	31	31	26	28	28	31	27	28	29	27	27	30	26	30	29	31	31	30	29	31	28	26	31	29	30	31	26	28	26	27	31	28	30	31	29	30	31	31	26	29	30	28	29	27	30	26	28	28	28	27	28	27	26	27	27	28	27	30	26	30	26	28	30	31	29	27	31	30	30	31	26	26	29	27	30	27	29	27	31	28	26	31	28	27	30	30	31	26	29	30	31	31	28	29	31	28	31	27	26	31	31	26	27	28	30	28	28	29	
84	78	85	94	92	82	77	82	78	91	82	79	79	82	93	81	91	91	76	88	93	86	86	76	93	87	84	86	76	93	76	80	77	84	77	78	85	78	83	93	84	80	76	82	83	94	94	89	87	85	88	93	78	80	92	85	82	87	81	91	86	79	81	92	86	91	85	76	84	89	94	89	87	77	89	88	84	92	85	88	78	93	91	80	80	80	82	78	81	84	81	93	84	78	93	92	80	86	81	83	76	91	91	80	84	83	81	77	89	84	83	76	79	81	87	76	87	94	94	86	89	86	92	91	92	94	93	84	93	92	90	91	90	84	83	85	92	83	76	94	82	91	79	94	94	85	81	89	85	83	82	88	87	76	91	87	87	86	92	86	76	85	78	89	87	83	77	81	85	76	78	83	78	77	78	77	81	79	93	90	80	80	76	92	77	83	82	83	82	83	76	80	89	87	90	82	80	87	77	86	79	82	90	90	78	84	79	91	92	86	87	91	86	93	87	84	83	84	85	94	79	80	93	77	80	92	86	82	82	77	76	90	88	83	90	77	92	81	84	84	89	77	82	91	87	87	84	79	94	80	93	89	91	87	84	79	79	77	94	76	79	92	94	86	78	85	84	76	92	76	85	84	92	93	88	93	87	91	76	79	89	90	87	77	84	91	81	89	94	84	94	79	78	83	90	92	89	87	93	78	92	80	91	91	80	77	93	86	80	77	89	89	85	90	90	88	76	87	84	87	86	85	94	79	77	76	94	90	88	76	79	88	79	81	76	78	78	81	84	94	89	93	83	78	88	92	80	80	79	91	85	84	92	93	90	88	79	82	83	77	85	93	87	83	90	80	80	82	89	76	93	85	89	84	76	93	82	86	91	80	88	76	86	80	83	91	86	81	94	87	78	81	87	86	89	79	90	87	94	82	92	85	86	76	93	80	94	80	93	94	78	79	86	80	83	81	83	88	94	90	93	76	92	89	85	85	86	87	82	87	83	82	81	90	94	79	93	78	88	84	77	82	81	77	85	85	89	78	94	80	79	94	93	90	87	92	82	77	78	79	84	78	80	84	87	80	93	79	78	83	78	83	82	76	80	91	78	86	78	85	83	79	88	88	90	92	76	84	90	82	79	92	80	82	92	84	90	87	84	85	81	81	82	90	78	80	83	78	77	84	87	78	87	90	84	93	89	80	78	89	87	88	79	87	77	82	77	80	77	76	91	83	91	86	94	94	85	86	94	94	79	80	92	88	79	83	91	81	79	87	79	80	81	80	80	93	91	81	92	92	77	93	93	84	91	87	79	94	83	93	78	88	82	83	93	81	92	93	85	79	78	93	86	83	79	92	80	93	81	85	76	80	76	88	89	77	86	84	93	78	84	89	88	86	91	77	78	92	83	88	78	88	94	85	76	79	81	90	84	78	94	91	77	76	87	77	76	84	77	90	76	87	89	80	79	89	93	78	86	78	90	90	83	76	82	93	93	77	91	93	91	91	86	83	89	90	82	79	86	85	84	92	94	83	93	84	82	89	94	83	83	79	88	90	84	83	84	90	88	89	94	82	79	90	90	93	86	92	83	78	81	90	86	76	89	83	87	87	79	79	83	87	86	82	90	81	89	78	86	88	87	76	87	83	88	86	85	84	94	79	84	91	78	94	77	90	76	77	84	80	92	92	94	76	87	78	77	89	85	79	94	88	90	91	85	81	88	82	86	91	84	84	77	88	93	80	90	80	82	78	79	91	83	79	92	85	92	87	94	90	81	88	89	77	91	87	83	81	79	92	90	81	85	91	78	84	80	85	93	80	84	86	78	86	80	76	91	84	90	92	91	84	76	87	82	85	88	82	78	94	93	89	84	82	83	78	86	93	94	78	91	83	82	81	94	80	91	92	80	81	87	88	78	88	86	91	78	86	79	81	90	85	77	88	85	85	94	90	85	86	89	87	82	87	91	87	80	83	83	93	87	83	86	88	85	94	77	87	79	83	86	81	81	86	94	83	90	83	76	87	91	87	82	91	90	83	94	89	86	89	87	82	87	79	82	85	88	76	79	84	85	85	78	86	77	89	83	94	79	79	79	85	80	83	91	90	90	76	80	85	85	92	90	76	79	92	90	94	82	76	83	81	87	76	76	89	94	81	86	87	86	83	76	89	86	83	83	78	89	81	76	77	81	80	94	79	77	85	89	78	85	90	78	88	84	85	81	83	91	77	94	87	83	79	80	76	89	94	87	85	87	83	78	86	76	92	92	85	86	94	79	87	88	80	78	78	93	87	93	79	
23.1	26.4	33	22	33	19.8	27.5	16.5	11	17.6	13.2	24.2	26.4	25.3	19.8	15.4	27.5	18.7	19.8	14.3	15.4	24.2	28.6	19.8	15.4	25.3	24.2	11	18.7	22	16.5	11	33	23.1	19.8	15.4	18.7	26.4	19.8	27.5	27.5	23.1	22	26.4	12.1	24.2	16.5	25.3	24.2	16.5	28.6	13.2	31.9	17.6	27.5	24.2	28.6	30.8	27.5	16.5	31.9	24.2	18.7	24.2	15.4	25.3	31.9	19.8	23.1	24.2	25.3	18.7	15.4	25.3	31.9	12.1	24.2	25.3	16.5	20.9	17.6	17.6	33	28.6	30.8	23.1	26.4	23.1	28.6	20.9	11	13.2	30.8	12.1	13.2	16.5	26.4	33	30.8	33	15.4	15.4	31.9	12.1	30.8	33	17.6	13.2	27.5	25.3	26.4	27.5	15.4	23.1	28.6	28.6	29.7	23.1	26.4	29.7	30.8	23.1	33	15.4	25.3	28.6	15.4	14.3	27.5	14.3	28.6	26.4	30.8	24.2	15.4	11	17.6	29.7	15.4	22	16.5	16.5	25.3	22	13.2	30.8	15.4	24.2	16.5	17.6	28.6	30.8	23.1	31.9	14.3	26.4	23.1	13.2	22	31.9	33	17.6	13.2	33	18.7	31.9	14.3	27.5	33	31.9	30.8	14.3	14.3	29.7	23.1	33	13.2	27.5	26.4	30.8	17.6	25.3	15.4	17.6	31.9	25.3	13.2	28.6	17.6	15.4	12.1	24.2	14.3	24.2	15.4	12.1	33	30.8	20.9	30.8	23.1	14.3	11	25.3	27.5	20.9	24.2	11	13.2	28.6	11	14.3	13.2	31.9	28.6	14.3	18.7	33	26.4	22	26.4	13.2	19.8	17.6	31.9	31.9	19.8	22	25.3	11	33	20.9	24.2	30.8	22	27.5	12.1	20.9	29.7	18.7	20.9	26.4	25.3	25.3	27.5	24.2	24.2	17.6	12.1	13.2	33	27.5	29.7	19.8	14.3	33	27.5	22	11	14.3	19.8	29.7	23.1	22	29.7	28.6	20.9	18.7	18.7	22	15.4	22	17.6	31.9	12.1	24.2	24.2	15.4	29.7	26.4	29.7	15.4	27.5	11	25.3	12.1	18.7	12.1	18.7	19.8	13.2	15.4	26.4	28.6	17.6	27.5	24.2	26.4	30.8	23.1	19.8	16.5	30.8	20.9	28.6	15.4	26.4	26.4	24.2	30.8	22	25.3	13.2	22	29.7	14.3	20.9	23.1	14.3	18.7	13.2	19.8	13.2	26.4	11	22	11	31.9	15.4	29.7	30.8	23.1	17.6	11	25.3	11	16.5	24.2	25.3	18.7	22	15.4	14.3	22	27.5	16.5	26.4	22	20.9	33	14.3	30.8	26.4	11	24.2	29.7	15.4	16.5	31.9	27.5	33	19.8	30.8	22	16.5	20.9	12.1	31.9	27.5	18.7	29.7	24.2	24.2	25.3	31.9	20.9	11	24.2	28.6	27.5	15.4	13.2	31.9	24.2	26.4	17.6	15.4	22	13.2	17.6	30.8	16.5	17.6	19.8	13.2	17.6	33	12.1	26.4	13.2	33	12.1	30.8	19.8	20.9	31.9	33	29.7	28.6	23.1	22	22	31.9	28.6	30.8	29.7	17.6	19.8	14.3	33	13.2	15.4	16.5	14.3	31.9	33	33	14.3	22	31.9	13.2	15.4	11	11	19.8	29.7	14.3	26.4	28.6	25.3	33	24.2	17.6	28.6	30.8	28.6	27.5	18.7	33	18.7	13.2	14.3	13.2	27.5	22	13.2	28.6	26.4	28.6	24.2	20.9	15.4	13.2	30.8	33	26.4	26.4	13.2	23.1	33	22	15.4	14.3	29.7	16.5	17.6	12.1	26.4	16.5	12.1	29.7	31.9	26.4	19.8	31.9	25.3	16.5	30.8	25.3	31.9	24.2	24.2	22	19.8	19.8	19.8	12.1	16.5	31.9	31.9	31.9	27.5	25.3	12.1	17.6	23.1	30.8	33	25.3	20.9	23.1	11	17.6	25.3	18.7	17.6	33	12.1	15.4	13.2	16.5	26.4	19.8	15.4	27.5	13.2	14.3	24.2	15.4	27.5	33	26.4	20.9	17.6	16.5	11	25.3	24.2	29.7	29.7	22	24.2	28.6	11	29.7	18.7	12.1	14.3	14.3	18.7	30.8	30.8	16.5	27.5	23.1	13.2	13.2	14.3	14.3	14.3	28.6	19.8	16.5	33	28.6	23.1	31.9	33	29.7	24.2	33	24.2	17.6	12.1	19.8	19.8	25.3	14.3	12.1	23.1	16.5	26.4	25.3	13.2	28.6	17.6	15.4	22	26.4	20.9	33	27.5	12.1	23.1	30.8	28.6	29.7	29.7	30.8	28.6	18.7	12.1	26.4	26.4	18.7	13.2	24.2	19.8	28.6	13.2	25.3	33	19.8	15.4	26.4	14.3	19.8	23.1	26.4	18.7	15.4	28.6	18.7	24.2	31.9	19.8	13.2	19.8	20.9	14.3	24.2	27.5	22	24.2	24.2	33	25.3	13.2	14.3	20.9	15.4	11	18.7	25.3	14.3	30.8	18.7	14.3	14.3	27.5	28.6	13.2	11	27.5	23.1	12.1	15.4	15.4	28.6	12.1	12.1	11	29.7	29.7	24.2	17.6	25.3	20.9	17.6	14.3	23.1	13.2	15.4	25.3	20.9	29.7	31.9	27.5	27.5	28.6	22	26.4	24.2	19.8	20.9	20.9	33	14.3	16.5	23.1	16.5	33	30.8	17.6	16.5	19.8	11	27.5	24.2	28.6	11	15.4	18.7	29.7	23.1	12.1	24.2	14.3	27.5	26.4	19.8	26.4	29.7	13.2	25.3	14.3	19.8	11	23.1	23.1	13.2	31.9	18.7	24.2	19.8	28.6	14.3	33	24.2	11	14.3	15.4	22	15.4	16.5	25.3	29.7	24.2	15.4	24.2	22	31.9	23.1	13.2	11	17.6	15.4	18.7	12.1	31.9	22	11	18.7	19.8	19.8	22	20.9	12.1	28.6	30.8	24.2	33	16.5	30.8	18.7	13.2	26.4	27.5	19.8	31.9	28.6	18.7	15.4	23.1	22	29.7	15.4	31.9	17.6	22	33	33	26.4	14.3	33	23.1	12.1	29.7	12.1	17.6	19.8	28.6	33	15.4	27.5	24.2	18.7	17.6	24.2	26.4	28.6	26.4	17.6	25.3	19.8	31.9	24.2	19.8	20.9	18.7	11	17.6	12.1	14.3	28.6	26.4	33	19.8	11	16.5	20.9	11	24.2	28.6	26.4	19.8	25.3	26.4	12.1	17.6	29.7	13.2	14.3	19.8	27.5	30.8	30.8	31.9	25.3	22	27.5	18.7	19.8	11	20.9	22	23.1	13.2	13.2	15.4	19.8	13.2	26.4	31.9	23.1	16.5	13.2	22	31.9	29.7	12.1	18.7	17.6	18.7	14.3	31.9	28.6	31.9	23.1	27.5	12.1	12.1	11	33	20.9	18.7	19.8	16.5	33	22	25.3	25.3	15.4	26.4	29.7	17.6	27.5	22	14.3	16.5	30.8	22	17.6	31.9	26.4	20.9	14.3	17.6	30.8	11	12.1	16.5	31.9	20.9	33	14.3	13.2	22	30.8	20.9	33	16.5	18.7	14.3	11	16.5	33	24.2	24.2	27.5	19.8	16.5	16.5	30.8	29.7	15.4	30.8	12.1	29.7	19.8	24.2	26.4	19.8	23.1	30.8	25.3	14.3	14.3	16.5	15.4	29.7	22	13.2	30.8	30.8	16.5	19.8	16.5	20.9	28.6	12.1	11	20.9	15.4	22	17.6	16.5	18.7	17.6	19.8	15.4	15.4	22	20.9	15.4	28.6	29.7	19.8	26.4	31.9	20.9	29.7	27.5	22	19.8	20.9	24.2	15.4	27.5	19.8	20.9	28.6	16.5	12.1	22	15.4	17.6	24.2	13.2	25.3	28.6	27.5	11	30.8	14.3	30.8	20.9	33	12.1	30.8	
31.9	23.1	26.4	27.5	29.7	12.1	28.6	14.3	14.3	31.9	26.4	23.1	13.2	26.4	14.3	12.1	28.6	13.2	23.1	13.2	31.9	27.5	31.9	14.3	22	29.7	31.9	23.1	33	20.9	12.1	25.3	18.7	14.3	20.9	17.6	18.7	33	14.3	29.7	24.2	28.6	24.2	23.1	26.4	19.8	22	12.1	30.8	27.5	33	16.5	26.4	11	11	16.5	17.6	24.2	17.6	25.3	23.1	23.1	15.4	30.8	20.9	22	33	27.5	20.9	24.2	31.9	30.8	11	11	30.8	27.5	23.1	30.8	19.8	13.2	27.5	26.4	18.7	26.4	27.5	24.2	29.7	19.8	22	29.7	22	13.2	18.7	19.8	14.3	14.3	15.4	19.8	28.6	20.9	11	22	29.7	14.3	19.8	24.2	28.6	33	15.4	22	15.4	33	23.1	26.4	22	13.2	24.2	11	13.2	22	18.7	11	19.8	28.6	25.3	13.2	23.1	29.7	20.9	26.4	11	29.7	16.5	15.4	30.8	31.9	25.3	12.1	18.7	12.1	25.3	23.1	31.9	13.2	12.1	29.7	27.5	14.3	16.5	27.5	18.7	16.5	20.9	24.2	12.1	23.1	17.6	16.5	12.1	33	30.8	14.3	30.8	14.3	31.9	15.4	23.1	27.5	20.9	26.4	22	27.5	31.9	33	31.9	24.2	17.6	25.3	15.4	24.2	31.9	22	20.9	16.5	19.8	14.3	30.8	17.6	13.2	28.6	18.7	14.3	18.7	26.4	26.4	20.9	20.9	11	25.3	30.8	13.2	25.3	26.4	28.6	12.1	30.8	13.2	16.5	23.1	22	29.7	22	14.3	11	31.9	24.2	18.7	20.9	29.7	25.3	20.9	13.2	26.4	33	16.5	16.5	17.6	15.4	14.3	24.2	15.4	23.1	31.9	33	29.7	13.2	24.2	18.7	18.7	20.9	23.1	29.7	30.8	27.5	11	27.5	27.5	18.7	13.2	31.9	26.4	33	13.2	16.5	14.3	22	29.7	18.7	27.5	14.3	30.8	15.4	15.4	23.1	23.1	25.3	11	28.6	24.2	31.9	13.2	26.4	23.1	20.9	33	24.2	33	29.7	23.1	23.1	11	30.8	28.6	11	14.3	27.5	14.3	23.1	17.6	33	24.2	18.7	16.5	13.2	33	11	11	12.1	28.6	20.9	18.7	27.5	29.7	28.6	16.5	19.8	28.6	12.1	30.8	15.4	22	12.1	27.5	31.9	11	31.9	18.7	26.4	19.8	22	14.3	11	20.9	22	13.2	11	24.2	11	27.5	11	15.4	18.7	28.6	23.1	16.5	16.5	12.1	33	14.3	33	12.1	15.4	25.3	16.5	28.6	20.9	19.8	30.8	20.9	30.8	11	16.5	27.5	12.1	33	18.7	30.8	31.9	16.5	33	24.2	17.6	11	33	30.8	22	24.2	29.7	19.8	24.2	30.8	23.1	17.6	26.4	28.6	31.9	20.9	33	29.7	18.7	26.4	19.8	16.5	19.8	25.3	18.7	26.4	12.1	23.1	13.2	17.6	27.5	11	26.4	16.5	25.3	31.9	15.4	11	18.7	16.5	29.7	17.6	31.9	33	12.1	14.3	26.4	27.5	15.4	28.6	15.4	31.9	12.1	17.6	27.5	28.6	31.9	24.2	19.8	16.5	24.2	14.3	26.4	23.1	15.4	31.9	29.7	26.4	26.4	18.7	11	12.1	19.8	24.2	33	15.4	30.8	14.3	26.4	29.7	31.9	25.3	28.6	29.7	23.1	20.9	18.7	33	33	15.4	14.3	12.1	29.7	25.3	22	17.6	15.4	16.5	11	28.6	33	23.1	28.6	31.9	28.6	31.9	28.6	20.9	26.4	30.8	15.4	13.2	23.1	33	15.4	16.5	29.7	31.9	26.4	28.6	20.9	16.5	29.7	18.7	23.1	13.2	26.4	20.9	28.6	30.8	31.9	14.3	20.9	24.2	19.8	22	25.3	25.3	25.3	11	16.5	11	24.2	18.7	18.7	20.9	31.9	31.9	13.2	24.2	16.5	33	17.6	17.6	16.5	29.7	25.3	33	15.4	16.5	14.3	30.8	13.2	17.6	13.2	20.9	23.1	23.1	18.7	26.4	26.4	22	20.9	23.1	23.1	13.2	27.5	12.1	24.2	24.2	13.2	17.6	19.8	11	33	22	28.6	13.2	11	12.1	17.6	24.2	23.1	20.9	20.9	31.9	33	24.2	25.3	24.2	33	12.1	23.1	19.8	28.6	28.6	13.2	25.3	29.7	30.8	15.4	16.5	20.9	13.2	15.4	23.1	11	28.6	24.2	18.7	15.4	18.7	25.3	14.3	18.7	25.3	23.1	26.4	12.1	26.4	12.1	12.1	19.8	15.4	12.1	17.6	24.2	16.5	11	15.4	22	26.4	20.9	11	19.8	28.6	19.8	22	28.6	26.4	25.3	22	26.4	16.5	17.6	30.8	23.1	26.4	16.5	29.7	30.8	27.5	18.7	26.4	29.7	25.3	17.6	25.3	16.5	24.2	14.3	18.7	22	26.4	20.9	15.4	31.9	33	23.1	16.5	28.6	33	16.5	12.1	15.4	22	14.3	11	28.6	26.4	27.5	33	13.2	23.1	31.9	33	18.7	20.9	25.3	19.8	31.9	25.3	27.5	23.1	13.2	25.3	11	33	11	16.5	30.8	29.7	16.5	24.2	19.8	11	11	27.5	29.7	13.2	14.3	29.7	13.2	27.5	22	27.5	23.1	22	19.8	31.9	28.6	31.9	15.4	12.1	18.7	16.5	25.3	33	20.9	28.6	14.3	23.1	20.9	27.5	25.3	14.3	16.5	26.4	28.6	12.1	20.9	11	33	17.6	30.8	24.2	15.4	17.6	24.2	18.7	11	11	18.7	22	24.2	20.9	22	19.8	27.5	13.2	19.8	23.1	18.7	28.6	14.3	25.3	11	31.9	26.4	30.8	12.1	30.8	12.1	16.5	22	19.8	29.7	18.7	15.4	13.2	29.7	14.3	14.3	31.9	27.5	12.1	30.8	26.4	27.5	30.8	18.7	26.4	25.3	12.1	22	24.2	26.4	22	15.4	17.6	17.6	20.9	13.2	23.1	13.2	12.1	17.6	30.8	31.9	33	15.4	11	25.3	11	31.9	12.1	20.9	25.3	12.1	33	16.5	29.7	17.6	16.5	11	30.8	28.6	23.1	11	15.4	27.5	18.7	18.7	29.7	15.4	12.1	24.2	30.8	29.7	23.1	12.1	28.6	28.6	12.1	23.1	25.3	13.2	15.4	19.8	29.7	27.5	18.7	26.4	29.7	17.6	24.2	13.2	23.1	25.3	33	14.3	20.9	27.5	27.5	26.4	28.6	33	19.8	11	11	12.1	15.4	15.4	25.3	27.5	27.5	31.9	18.7	27.5	22	12.1	20.9	25.3	14.3	16.5	18.7	15.4	25.3	16.5	22	20.9	11	24.2	15.4	17.6	17.6	16.5	20.9	19.8	13.2	17.6	13.2	28.6	15.4	27.5	29.7	19.8	22	18.7	31.9	24.2	15.4	27.5	26.4	24.2	14.3	23.1	14.3	12.1	31.9	18.7	15.4	20.9	15.4	20.9	22	26.4	18.7	27.5	16.5	17.6	28.6	30.8	29.7	33	25.3	17.6	12.1	18.7	33	31.9	19.8	27.5	28.6	19.8	27.5	15.4	30.8	16.5	29.7	12.1	11	31.9	13.2	33	31.9	33	27.5	11	11	13.2	16.5	15.4	22	17.6	25.3	24.2	31.9	27.5	17.6	14.3	23.1	22	12.1	14.3	31.9	28.6	28.6	22	28.6	19.8	25.3	22	11	27.5	23.1	18.7	33	22	18.7	19.8	28.6	19.8	33	33	29.7	20.9	24.2	25.3	12.1	23.1	18.7	33	22	22	23.1	30.8	27.5	26.4	16.5	28.6	11	25.3	14.3	29.7	16.5	33	33	13.2	25.3	29.7	19.8	12.1	16.5	22	27.5	17.6	24.2	16.5	
28.6	26.4	18.7	28.6	25.3	18.7	31.9	15.4	15.4	25.3	28.6	18.7	11	29.7	30.8	20.9	20.9	19.8	22	14.3	22	33	33	11	27.5	28.6	14.3	31.9	22	13.2	14.3	24.2	24.2	15.4	24.2	30.8	31.9	18.7	24.2	14.3	13.2	18.7	31.9	11	11	
18	16	13	17	12	10	12	19	20	17	11	11	17	13	14	19	20	14	14	15	19	19	12	19	14	11	20	18	19	19	16	14	15	19	11	13	18	16	13	17	13	12	20	11	14	12	11	16	20	10	20	15	10	19	14	13	19	16	20	10	16	20	13	20	14	20	11	13	10	15	16	14	17	18	15	18	10	12	12	19	13	13	11	15	18	20	14	16	10	12	12	19	15	11	13	14	11	11	11	18	14	13	14	18	11	10	19	17	13	14	11	15	17	17	13	10	11	14	19	13	16	15	19	17	14	11	19	14	13	19	11	15	11	20	16	15	17	19	17	11	11	16	15	20	16	20	20	12	18	20	11	17	19	20	15	13	15	13	18	12	20	15	18	16	11	20	16	16	13	12	20	10	20	11	18	11	14	13	20	13	15	16	14	11	19	14	10	18	18	17	15	15	10	20	12	15	18	20	16	13	19	18	13	14	16	15	16	12	11	15	19	12	11	14	14	16	19	11	14	12	20	13	20	18	14	15	13	12	12	13	16	20	13	18	16	15	11	19	17	17	19	19	16	18	19	14	15	10	19	19	17	15	12	16	10	19	11	12	19	18	14	10	13	12	18	10	18	19	20	16	10	20	11	12	18	13	13	12	19	13	17	12	10	16	19	15	10	20	13	13	13	13	20	12	16	12	20	13	12	19	15	19	19	12	19	14	12	12	14	16	11	14	16	20	18	12	18	19	11	17	17	10	16	13	15	15	12	19	13	10	12	13	18	13	16	11	20	17	14	12	16	15	11	13	12	11	16	20	12	19	15	16	18	12	10	10	18	20	20	16	19	19	14	19	19	14	13	12	10	15	15	19	11	20	15	20	20	19	11	17	10	15	10	10	19	14	20	16	13	12	15	16	16	19	16	12	20	15	13	15	20	18	12	20	16	13	12	15	11	20	10	19	11	19	17	17	13	15	16	16	11	11	12	14	13	15	20	13	10	15	14	14	18	11	19	16	15	15	12	12	19	17	17	14	17	11	20	12	13	19	11	14	20	10	10	19	19	16	10	18	12	19	11	17	19	19	18	17	19	18	18	16	10	18	11	19	18	16	18	12	11	10	13	10	19	19	18	16	11	14	17	19	18	12	14	16	11	18	12	13	14	20	15	20	12	14	20	14	12	10	14	17	11	20	14	13	18	10	15	16	16	16	19	13	16	11	17	11	12	16	16	15	12	11	16	10	16	20	18	16	19	19	12	15	10	14	15	13	17	18	15	11	12	12	19	14	16	16	11	18	15	10	16	20	17	12	11	14	15	16	19	15	19	20	16	18	11	13	18	17	13	16	11	19	13	15	12	14	15	19	18	12	10	16	17	16	18	16	11	20	12	17	20	18	10	19	16	10	14	13	15	15	12	12	10	19	17	19	18	11	10	11	15	20	17	11	10	19	10	13	12	15	19	11	18	12	17	11	14	17	13	12	14	13	15	16	19	15	15	11	18	18	16	10	18	15	17	18	10	18	10	20	16	15	16	19	13	20	16	12	17	11	19	11	19	20	13	10	11	11	18	10	12	18	18	14	10	16	19	12	16	13	10	10	19	15	14	17	18	11	19	15	17	16	10	15	13	10	10	18	18	12	10	20	15	12	19	10	17	18	17	20	20	12	10	17	10	16	16	18	20	12	18	14	14	12	19	15	20	18	14	14	15	19	12	13	15	12	17	19	19	11	19	12	16	12	19	19	11	11	12	11	17	14	18	11	12	17	15	13	13	15	14	10	16	17	19	17	19	16	10	13	16	10	18	13	14	12	16	10	10	18	11	19	12	10	19	15	16	17	15	16	20	19	18	14	17	12	15	10	12	10	16	16	16	13	16	10	20	17	16	11	12	12	15	20	12	10	18	15	14	14	10	11	10	18	12	14	20	15	19	12	19	14	13	17	20	11	14	10	16	17	16	19	14	11	15	17	13	18	16	20	12	20	10	16	17	18	11	16	14	20	15	17	18	15	14	11	20	20	13	19	15	13	10	19	17	19	18	11	15	15	12	20	14	18	19	20	15	17	10	13	12	16	14	11	17	16	13	12	10	13	20	16	12	16	15	14	16	18	17	10	15	18	16	15	20	13	17	13	12	11	19	16	12	11	17	17	15	20	16	16	15	17	12	11	18	14	10	14	18	19	14	15	16	20	11	15	20	18	18	14	12	18	17	13	16	10	19	13	14	15	15	10	17	16	17	20	13	16	20	13	19	12	15	11	10	15	20	20	14	11	12	12	12	14	19	15	17	17	
1	1	1	1	1	1	1	1	1	1	1	1	1	1	1	1	1	1	2	2	2	2	2	2	2	2	2	2	2	2	2	2	2	2	2	2	2	2	3	3	3	3	3	3	3	3	3	3	3	3	3	3	3	3	3	3	4	4	4	4	4	4	4	4	4	4	4	4	4	4	4	4	4	4	4	4	4	4	5	5	5	5	5	5	5	5	5	5	5	5	5	5	5	5	5	5	5	6	6	6	6	6	6	6	6	6	6	6	6	6	6	6	6	6	6	6	6	6	7	7	7	7	7	7	7	7	7	7	7	7	7	7	7	7	7	7	7	7	7	7	7	7	7	7	7	8	8	8	8	8	8	8	8	8	8	8	8	8	8	8	8	8	9	9	9	9	9	9	9	9	9	9	9	9	9	9	9	9	9	9	9	9	9	9	9	9	9	9	9	9	9	9	9	9	9	9	10	10	10	10	10	10	10	10	10	10	10	10	10	10	10	10	10	11	11	11	11	11	11	11	11	11	11	11	11	11	11	11	11	11	11	11	12	12	12	12	12	12	12	12	12	12	12	12	12	12	12	12	12	12	12	12	12	12	13	13	13	13	13	13	13	13	13	13	13	13	13	13	13	13	13	13	13	13	13	14	14	14	14	14	14	14	14	14	14	14	14	14	14	14	14	14	14	14	14	14	14	14	14	14	14	15	15	15	15	15	15	15	15	15	15	15	15	15	15	15	16	16	16	16	16	16	16	16	16	16	16	16	16	16	16	16	16	16	16	16	16	16	16	16	16	16	16	17	17	17	17	17	17	17	17	17	17	17	17	17	17	18	18	18	18	18	18	18	18	18	18	18	18	18	18	18	18	18	18	18	18	18	18	18	18	18	18	19	19	19	19	19	19	19	19	19	19	19	19	19	19	19	19	19	19	19	19	19	19	19	19	19	19	19	20	20	20	20	20	20	20	20	20	20	20	20	20	20	20	20	21	21	21	21	21	21	21	21	21	21	21	21	21	21	21	21	21	21	21	21	21	21	21	22	22	22	22	22	22	22	22	22	22	22	22	22	22	22	22	22	22	22	22	22	22	22	22	23	23	23	23	23	23	23	23	23	23	23	23	23	23	23	23	23	23	23	23	24	24	24	24	24	24	24	24	24	24	24	24	24	24	24	24	24	24	24	24	24	24	24	24	24	24	24	25	25	25	25	25	25	25	25	25	25	25	25	25	25	25	25	25	25	25	25	25	25	25	26	26	26	26	26	26	26	26	26	26	26	26	26	26	26	26	26	26	26	26	26	26	26	26	26	26	26	26	26	26	26	26	26	27	27	27	27	27	27	27	27	27	27	27	27	27	27	27	27	27	27	27	27	27	27	27	27	27	27	27	27	27	27	28	28	28	28	28	28	28	28	28	28	28	28	28	28	28	28	28	28	28	28	28	29	29	29	29	29	29	29	29	29	29	29	29	29	29	29	29	29	29	29	29	29	29	29	29	29	29	29	29	29	30	30	30	30	30	30	30	30	30	30	30	30	30	31	31	31	31	31	31	31	31	31	31	31	31	31	31	31	31	31	31	31	31	31	31	32	32	32	32	32	32	32	32	32	32	32	32	32	32	32	32	32	33	33	33	33	33	33	33	33	33	33	33	33	33	33	33	33	33	33	33	33	33	33	33	33	33	33	33	33	34	34	34	34	34	34	34	34	34	34	34	34	34	34	34	34	34	34	34	34	34	35	35	35	35	35	35	35	35	35	35	35	35	35	35	35	35	35	35	35	35	35	35	35	35	35	36	36	36	36	36	36	36	36	36	36	36	36	36	36	36	36	36	36	36	36	36	37	37	37	37	37	37	37	37	37	37	37	37	37	37	37	37	37	37	37	37	38	38	38	38	38	38	38	38	38	38	38	38	38	38	38	38	38	38	38	38	38	38	38	38	39	39	39	39	39	39	39	39	39	39	39	39	39	39	39	39	39	39	39	39	39	39	39	40	40	40	40	40	40	40	40	40	40	40	40	40	40	40	40	40	40	40	40	41	41	41	41	41	41	41	41	41	41	41	41	41	41	41	41	42	42	42	42	42	42	42	42	42	42	42	42	42	42	42	42	42	42	42	43	43	43	43	43	43	43	43	43	43	43	43	43	43	43	43	43	43	43	43	43	43	43	43	44	44	44	44	44	44	44	44	44	44	44	44	44	44	44	44	44	44	44	44	45	45	45	45	45	45	45	45	45	45	45	45	45	45	45	45	45	45	45	45	45	45	45	45	45	45	45	45	45	45	45	
