1000
45	7
343	31.9
27	30	29	30	28	30	30	26	28	31	29	31	28	27	26	30	29	27	29	29	31	30	31	30	28	29	27	30	30	29	29	30	27	31	28	29	28	27	30	26	26	31	26	28	28	27	31	27	30	31	29	29	29	28	26	26	29	28	27	27	29	29	29	26	31	31	26	31	30	26	31	28	30	31	29	26	31	31	28	28	31	27	29	28	26	26	27	26	30	31	26	31	29	30	28	28	30	31	28	29	27	30	31	26	26	31	30	30	26	28	27	26	29	31	29	30	28	31	27	26	26	28	28	28	28	30	29	27	27	28	29	27	29	28	31	31	28	26	31	27	26	31	30	29	28	30	28	31	31	27	26	28	30	30	27	29	28	30	26	31	27	31	27	26	30	29	30	27	26	29	27	27	28	29	27	26	29	27	31	29	28	31	28	26	29	26	29	31	30	31	30	26	29	28	26	28	26	30	29	27	29	26	31	27	30	27	30	31	27	29	29	31	29	30	29	28	28	26	28	27	30	29	28	29	28	30	29	28	29	30	30	29	29	31	27	27	27	27	28	27	31	28	30	28	27	29	29	27	27	29	30	30	27	26	26	28	28	28	28	26	28	29	27	27	31	29	31	26	27	28	30	28	27	27	26	26	29	27	31	31	31	31	27	27	31	26	26	29	27	31	31	29	28	29	26	31	28	26	26	28	31	31	26	29	28	26	27	27	27	27	29	30	27	26	31	26	30	27	28	31	31	27	31	26	27	26	31	30	27	29	28	27	26	29	28	26	26	27	31	26	28	30	27	27	31	29	30	31	26	28	29	31	27	29	28	30	27	29	30	28	31	31	26	29	30	26	27	26	26	26	30	31	26	29	29	26	26	27	27	30	26	29	30	31	30	31	26	26	27	27	30	27	31	31	29	27	26	30	31	30	29	28	28	26	31	31	26	29	31	27	28	26	27	28	31	31	26	31	30	31	31	28	31	26	31	31	28	30	29	30	30	28	29	27	27	29	28	26	30	27	28	30	28	26	27	29	26	26	31	27	28	26	26	30	28	29	30	29	31	28	28	29	31	26	27	31	30	29	29	31	31	31	27	28	26	29	27	27	26	30	31	26	27	31	30	31	27	27	30	30	31	27	27	29	29	27	28	27	28	27	28	31	26	27	30	28	31	29	29	31	26	29	28	26	28	28	27	28	27	27	28	28	29	29	28	31	26	31	31	28	26	27	26	28	30	30	27	27	27	28	29	30	28	26	26	28	31	31	31	26	26	26	31	30	28	27	27	31	26	28	31	27	27	30	29	30	26	28	28	30	30	29	30	30	26	28	31	31	28	28	30	27	26	29	31	27	28	27	28	31	30	27	27	26	26	31	27	27	27	29	30	29	29	29	26	29	28	28	29	28	27	31	27	26	31	28	29	27	29	31	26	29	30	30	31	29	31	30	30	30	29	31	27	31	26	30	29	29	26	28	31	31	26	27	27	30	29	30	29	26	31	29	27	26	28	27	28	30	27	30	30	27	29	28	31	30	30	28	31	29	29	26	31	30	26	30	31	29	28	28	31	30	30	30	27	31	31	31	27	26	26	26	28	31	26	28	31	29	30	30	27	30	27	27	30	30	29	31	28	28	29	27	30	31	28	27	30	30	30	28	31	26	31	29	27	29	31	30	31	27	27	29	30	28	31	27	28	31	30	27	28	28	28	28	27	26	30	27	27	27	27	26	28	28	29	31	29	27	27	30	28	31	31	30	27	26	27	28	28	29	30	29	28	31	30	29	27	30	26	26	26	26	30	31	28	27	28	27	26	30	28	27	26	30	31	27	30	26	26	28	26	27	28	31	27	29	31	28	27	29	29	26	29	30	30	26	30	29	30	28	27	29	31	30	26	31	29	29	26	30	30	29	29	29	27	28	31	30	30	31	30	29	26	27	30	26	27	29	26	30	29	28	28	30	31	31	28	26	30	28	27	27	27	29	27	27	30	31	26	28	27	28	28	28	28	26	26	31	31	30	30	26	27	28	28	28	31	29	29	30	30	27	30	30	28	26	31	26	29	26	31	30	27	27	26	31	30	31	26	30	27	28	28	31	26	27	30	29	29	31	31	28	28	30	27	30	28	28	28	31	27	31	28	26	30	31	29	27	27	29	30	31	28	28	31	29	31	29	29	30	31	30	28	28	27	26	26	27	28	31	27	28	29	31	28	26	27	31	29	28	28	30	28	30	27	29	30	29	29	29	29	27	28	29	29	29	26	29	31	26	28	27	31	30	30	28	26	28	26	29	
92	85	90	76	93	80	87	85	76	89	82	83	87	77	82	91	89	80	77	85	92	92	77	82	79	77	81	79	77	92	86	94	83	85	93	78	89	89	87	85	89	84	82	79	87	85	91	94	88	93	91	85	92	79	82	77	91	91	86	84	87	89	86	77	80	80	83	77	90	89	83	81	91	88	78	78	77	80	93	85	93	76	79	81	86	90	87	85	88	80	81	81	82	77	78	83	81	80	84	80	90	92	88	81	87	86	88	86	83	82	80	82	84	94	86	80	84	87	79	80	88	82	80	79	88	92	83	92	83	94	86	79	91	84	94	80	78	92	89	89	94	79	94	84	84	94	94	92	86	87	91	83	85	84	77	92	89	78	87	89	82	84	77	87	93	94	78	82	85	92	82	84	79	77	92	78	90	93	78	89	82	84	94	78	88	90	84	82	92	87	81	82	84	89	80	83	86	86	92	90	91	93	79	90	76	80	79	78	81	88	87	80	83	85	76	93	87	83	76	78	85	80	91	83	78	92	79	78	81	94	84	82	84	83	77	86	77	91	77	81	83	86	87	76	87	79	84	91	77	79	82	85	76	77	93	91	81	89	79	88	84	83	77	80	91	94	91	91	83	91	80	89	87	81	85	93	90	83	84	87	87	76	79	94	90	91	90	88	78	76	79	92	89	84	83	79	87	76	93	89	90	79	84	80	90	94	83	79	83	85	92	91	85	90	86	93	86	89	90	84	87	94	78	92	83	79	78	81	83	83	92	88	92	94	86	83	89	83	78	92	85	81	87	90	88	81	81	80	78	80	88	77	86	78	82	92	82	84	77	90	81	87	81	81	90	92	92	80	85	87	76	89	92	81	79	87	94	78	91	77	89	93	79	79	91	90	91	89	83	84	83	80	88	88	77	78	84	80	77	78	86	78	81	88	80	91	79	93	83	78	86	80	86	76	81	94	93	94	80	78	85	92	77	78	88	91	80	81	92	79	89	78	82	87	90	92	86	85	86	94	76	89	79	76	94	83	77	88	94	92	82	77	83	87	91	80	93	92	82	85	89	86	91	78	92	85	80	85	81	91	89	85	79	94	90	87	85	93	79	88	76	85	81	92	83	79	88	78	76	89	87	78	87	79	93	76	93	86	88	79	78	87	88	90	93	77	76	89	90	82	89	88	88	84	85	85	93	91	77	85	87	88	79	79	85	82	77	80	84	93	77	92	93	92	88	89	84	93	88	93	93	85	79	91	85	90	80	86	78	86	83	92	79	77	82	94	76	79	78	83	90	92	92	90	76	93	88	85	77	83	87	89	83	89	76	83	86	82	94	93	79	81	79	92	91	93	86	81	85	92	76	94	88	84	93	88	86	76	87	86	79	92	80	91	84	90	84	88	86	93	92	85	84	80	85	91	89	90	79	80	82	87	88	82	91	86	81	88	84	90	88	94	82	85	88	81	85	89	90	91	92	87	83	90	93	77	82	92	81	85	94	94	83	76	89	77	79	92	80	88	80	83	93	89	93	77	85	78	83	92	78	82	82	91	93	83	76	93	90	77	78	77	83	85	84	76	88	76	85	78	83	80	89	85	90	80	81	92	79	93	89	81	86	78	89	76	78	93	94	86	87	81	83	86	87	79	85	80	89	79	79	90	92	83	87	94	81	76	85	76	80	79	76	90	94	86	76	80	90	90	78	85	76	83	78	90	77	86	94	78	89	90	86	85	83	77	90	90	88	87	76	78	91	79	93	88	88	88	93	81	84	93	79	86	79	88	93	93	79	80	79	94	92	79	89	92	76	78	89	84	92	86	81	91	94	86	85	76	77	94	84	77	79	80	83	94	79	82	93	78	80	81	78	81	77	81	81	90	89	76	81	94	82	87	86	87	78	83	89	87	85	83	91	92	84	91	86	77	86	90	94	77	91	77	87	83	80	83	80	79	94	93	82	94	76	93	76	85	77	92	89	80	87	84	94	76	82	78	89	81	84	78	92	79	87	79	86	79	90	92	93	90	77	79	79	93	84	91	91	85	77	83	83	82	80	89	86	93	90	86	76	90	93	82	88	84	81	87	84	80	90	90	92	92	94	77	87	94	94	91	81	77	88	85	77	82	94	89	84	80	89	84	77	83	80	94	86	89	85	80	92	85	86	90	80	86	93	79	78	80	78	84	93	82	80	78	77	78	93	92	91	92	78	80	82	78	90	89	77	88	90	87	79	80	94	93	79	83	82	93	76	87	86	81	85	89	85	78	84	89	84	90	89	93	90	84	86	92	78	92	
19.8	14.3	23.1	19.8	25.3	13.2	14.3	22	11	31.9	24.2	13.2	31.9	30.8	28.6	14.3	29.7	17.6	13.2	17.6	24.2	26.4	19.8	11	18.7	31.9	29.7	19.8	15.4	20.9	25.3	23.1	20.9	19.8	19.8	26.4	25.3	16.5	30.8	17.6	18.7	26.4	11	15.4	28.6	11	23.1	26.4	27.5	12.1	22	15.4	15.4	26.4	30.8	25.3	11	16.5	12.1	19.8	18.7	19.8	19.8	14.3	18.7	19.8	28.6	16.5	17.6	20.9	33	19.8	23.1	27.5	15.4	16.5	16.5	20.9	11	22	26.4	26.4	28.6	11	27.5	31.9	11	33	12.1	29.7	24.2	11	23.1	18.7	20.9	16.5	22	20.9	28.6	25.3	11	17.6	24.2	25.3	12.1	26.4	26.4	31.9	30.8	23.1	29.7	25.3	25.3	31.9	20.9	25.3	13.2	11	27.5	22	30.8	26.4	31.9	12.1	29.7	22	11	27.5	22	27.5	25.3	15.4	14.3	28.6	24.2	15.4	30.8	18.7	19.8	16.5	26.4	25.3	24.2	13.2	20.9	26.4	17.6	23.1	26.4	17.6	17.6	14.3	24.2	19.8	17.6	17.6	26.4	23.1	30.8	30.8	30.8	26.4	29.7	18.7	15.4	16.5	25.3	26.4	15.4	13.2	17.6	19.8	15.4	18.7	31.9	31.9	30.8	27.5	11	12.1	12.1	31.9	11	12.1	23.1	18.7	22	11	25.3	26.4	25.3	33	16.5	23.1	29.7	15.4	30.8	27.5	28.6	29.7	26.4	22	33	18.7	15.4	14.3	23.1	22	22	27.5	16.5	11	12.1	18.7	26.4	31.9	23.1	24.2	30.8	33	11	33	18.7	22	15.4	24.2	19.8	15.4	25.3	30.8	25.3	31.9	30.8	29.7	19.8	16.5	27.5	24.2	13.2	12.1	30.8	28.6	16.5	20.9	17.6	26.4	13.2	12.1	20.9	13.2	11	24.2	22	30.8	24.2	11	22	23.1	27.5	17.6	25.3	20.9	30.8	30.8	16.5	23.1	26.4	19.8	13.2	14.3	14.3	13.2	18.7	13.2	25.3	17.6	18.7	33	22	25.3	29.7	17.6	13.2	33	14.3	24.2	31.9	19.8	24.2	33	33	24.2	27.5	13.2	15.4	19.8	13.2	26.4	22	27.5	12.1	26.4	11	27.5	12.1	26.4	17.6	23.1	15.4	17.6	15.4	25.3	22	28.6	11	28.6	22	14.3	27.5	14.3	18.7	31.9	12.1	30.8	18.7	22	15.4	23.1	31.9	33	11	22	20.9	31.9	33	33	31.9	17.6	17.6	25.3	24.2	26.4	26.4	15.4	33	31.9	18.7	17.6	16.5	16.5	20.9	26.4	13.2	29.7	14.3	27.5	33	17.6	15.4	30.8	33	22	27.5	27.5	12.1	14.3	26.4	26.4	17.6	20.9	29.7	20.9	15.4	17.6	12.1	24.2	14.3	18.7	17.6	22	33	16.5	23.1	28.6	25.3	28.6	30.8	19.8	15.4	14.3	13.2	31.9	19.8	11	31.9	11	15.4	33	23.1	33	24.2	29.7	16.5	22	26.4	16.5	31.9	24.2	14.3	29.7	20.9	15.4	26.4	23.1	15.4	13.2	11	20.9	33	20.9	18.7	16.5	16.5	28.6	17.6	28.6	24.2	19.8	28.6	30.8	33	26.4	27.5	14.3	30.8	31.9	12.1	13.2	27.5	33	24.2	17.6	27.5	23.1	26.4	22	33	15.4	29.7	12.1	30.8	27.5	24.2	16.5	13.2	17.6	31.9	30.8	17.6	26.4	22	27.5	25.3	20.9	15.4	23.1	16.5	14.3	23.1	17.6	28.6	19.8	22	33	27.5	25.3	11	31.9	15.4	26.4	15.4	15.4	19.8	33	18.7	22	14.3	13.2	23.1	16.5	26.4	15.4	24.2	13.2	27.5	11	20.9	23.1	15.4	11	29.7	30.8	12.1	11	12.1	20.9	24.2	31.9	19.8	13.2	25.3	15.4	25.3	23.1	18.7	28.6	31.9	26.4	29.7	18.7	24.2	16.5	16.5	24.2	30.8	26.4	16.5	19.8	28.6	13.2	22	27.5	12.1	19.8	11	11	29.7	16.5	17.6	19.8	26.4	12.1	33	30.8	33	22	24.2	20.9	15.4	18.7	19.8	33	15.4	30.8	24.2	23.1	12.1	16.5	28.6	25.3	23.1	18.7	22	28.6	23.1	25.3	28.6	16.5	17.6	20.9	29.7	28.6	18.7	20.9	30.8	23.1	29.7	27.5	28.6	23.1	28.6	11	27.5	31.9	17.6	30.8	33	13.2	30.8	20.9	15.4	20.9	16.5	27.5	24.2	13.2	14.3	13.2	11	12.1	23.1	24.2	28.6	20.9	16.5	13.2	13.2	33	23.1	11	11	22	18.7	33	33	22	18.7	30.8	23.1	19.8	25.3	16.5	22	26.4	17.6	12.1	23.1	14.3	13.2	22	30.8	11	29.7	18.7	17.6	11	28.6	18.7	30.8	20.9	15.4	17.6	19.8	22	24.2	31.9	25.3	18.7	33	27.5	18.7	24.2	33	20.9	31.9	28.6	18.7	11	22	22	23.1	29.7	16.5	23.1	14.3	31.9	17.6	11	13.2	31.9	18.7	18.7	19.8	22	27.5	22	14.3	25.3	18.7	22	28.6	27.5	30.8	31.9	23.1	22	26.4	30.8	26.4	27.5	19.8	16.5	33	33	19.8	27.5	13.2	16.5	11	11	26.4	25.3	19.8	13.2	23.1	17.6	17.6	13.2	20.9	33	15.4	16.5	31.9	17.6	16.5	23.1	23.1	20.9	27.5	27.5	30.8	25.3	18.7	33	11	18.7	11	30.8	30.8	29.7	23.1	19.8	18.7	31.9	30.8	14.3	11	26.4	13.2	28.6	23.1	33	15.4	20.9	25.3	28.6	27.5	20.9	30.8	17.6	13.2	33	23.1	18.7	30.8	27.5	25.3	13.2	29.7	11	17.6	14.3	20.9	29.7	22	17.6	24.2	20.9	12.1	12.1	24.2	25.3	12.1	22	14.3	29.7	14.3	12.1	16.5	29.7	24.2	23.1	13.2	11	22	22	23.1	24.2	13.2	20.9	13.2	14.3	28.6	27.5	23.1	25.3	31.9	20.9	14.3	15.4	17.6	13.2	31.9	12.1	26.4	12.1	23.1	16.5	26.4	24.2	16.5	33	16.5	27.5	19.8	24.2	13.2	12.1	20.9	22	22	22	11	24.2	24.2	25.3	30.8	25.3	12.1	22	22	31.9	14.3	33	22	16.5	31.9	23.1	17.6	26.4	22	13.2	30.8	25.3	18.7	27.5	33	24.2	26.4	22	12.1	19.8	28.6	22	29.7	17.6	19.8	18.7	29.7	31.9	14.3	15.4	29.7	23.1	28.6	24.2	15.4	31.9	23.1	27.5	16.5	18.7	28.6	11	33	33	20.9	29.7	33	24.2	23.1	17.6	16.5	20.9	16.5	31.9	30.8	22	26.4	11	13.2	22	18.7	13.2	22	23.1	20.9	33	19.8	30.8	25.3	14.3	20.9	18.7	28.6	17.6	19.8	27.5	20.9	11	30.8	29.7	12.1	13.2	11	13.2	13.2	24.2	18.7	27.5	27.5	13.2	31.9	30.8	16.5	33	17.6	17.6	24.2	23.1	23.1	26.4	11	31.9	12.1	26.4	30.8	13.2	28.6	27.5	26.4	24.2	15.4	11	25.3	25.3	16.5	26.4	13.2	30.8	24.2	30.8	28.6	18.7	31.9	30.8	23.1	28.6	25.3	19.8	33	22	33	27.5	12.1	22	22	22	11	20.9	11	30.8	15.4	24.2	15.4	16.5	20.9	24.2	28.6	17.6	20.9	16.5	22	29.7	19.8	13.2	29.7	17.6	29.7	22	13.2	26.4	28.6	20.9	33	15.4	18.7	29.7	20.9	23.1	
19.8	12.1	18.7	13.2	12.1	23.1	29.7	19.8	30.8	15.4	25.3	30.8	18.7	29.7	28.6	12.1	13.2	29.7	27.5	26.4	18.7	33	26.4	25.3	16.5	20.9	33	22	14.3	33	31.9	20.9	29.7	12.1	19.8	16.5	29.7	31.9	17.6	29.7	27.5	25.3	18.7	31.9	12.1	13.2	27.5	33	11	18.7	33	29.7	33	30.8	11	19.8	16.5	22	29.7	23.1	13.2	15.4	14.3	30.8	11	19.8	20.9	16.5	24.2	14.3	16.5	24.2	30.8	19.8	28.6	16.5	16.5	22	15.4	12.1	28.6	23.1	16.5	11	33	26.4	26.4	15.4	12.1	12.1	23.1	19.8	11	29.7	24.2	17.6	33	28.6	17.6	30.8	12.1	26.4	31.9	15.4	30.8	23.1	29.7	12.1	17.6	26.4	14.3	31.9	26.4	23.1	20.9	19.8	19.8	19.8	23.1	15.4	33	23.1	19.8	20.9	17.6	26.4	13.2	14.3	27.5	26.4	28.6	31.9	12.1	19.8	23.1	15.4	15.4	13.2	28.6	12.1	25.3	26.4	29.7	27.5	22	24.2	27.5	18.7	13.2	24.2	18.7	26.4	19.8	26.4	25.3	25.3	29.7	29.7	33	25.3	31.9	14.3	23.1	17.6	13.2	23.1	27.5	12.1	17.6	14.3	17.6	26.4	25.3	23.1	25.3	33	12.1	24.2	29.7	13.2	15.4	29.7	19.8	18.7	13.2	14.3	16.5	27.5	24.2	18.7	13.2	23.1	33	13.2	28.6	17.6	11	29.7	18.7	29.7	24.2	26.4	19.8	16.5	16.5	24.2	26.4	19.8	26.4	16.5	29.7	18.7	31.9	31.9	25.3	18.7	14.3	25.3	16.5	20.9	15.4	31.9	30.8	16.5	30.8	24.2	16.5	24.2	31.9	19.8	22	14.3	24.2	30.8	20.9	24.2	16.5	16.5	26.4	28.6	17.6	24.2	27.5	33	20.9	29.7	24.2	26.4	31.9	18.7	17.6	23.1	31.9	25.3	17.6	16.5	33	15.4	23.1	30.8	20.9	15.4	23.1	29.7	26.4	28.6	22	19.8	19.8	19.8	16.5	16.5	16.5	17.6	26.4	24.2	15.4	31.9	28.6	25.3	27.5	15.4	17.6	17.6	26.4	20.9	22	28.6	14.3	30.8	13.2	27.5	17.6	14.3	23.1	28.6	30.8	18.7	20.9	17.6	17.6	23.1	14.3	33	24.2	24.2	22	28.6	17.6	23.1	28.6	25.3	33	19.8	12.1	33	20.9	27.5	26.4	27.5	13.2	17.6	29.7	28.6	15.4	11	14.3	12.1	26.4	29.7	17.6	29.7	17.6	29.7	27.5	13.2	19.8	19.8	28.6	11	25.3	28.6	19.8	15.4	13.2	30.8	33	24.2	30.8	29.7	19.8	12.1	27.5	13.2	30.8	24.2	19.8	17.6	28.6	22	22	28.6	22	11	33	30.8	23.1	31.9	23.1	14.3	24.2	25.3	16.5	25.3	17.6	27.5	28.6	22	15.4	29.7	18.7	27.5	15.4	22	18.7	18.7	31.9	30.8	19.8	17.6	19.8	29.7	13.2	11	27.5	28.6	18.7	16.5	14.3	16.5	16.5	24.2	13.2	28.6	18.7	12.1	31.9	17.6	24.2	23.1	25.3	18.7	18.7	22	17.6	31.9	19.8	30.8	22	30.8	20.9	23.1	23.1	29.7	24.2	17.6	13.2	19.8	22	25.3	14.3	33	22	11	15.4	20.9	14.3	30.8	31.9	14.3	19.8	20.9	20.9	27.5	27.5	19.8	15.4	15.4	17.6	17.6	22	15.4	28.6	28.6	11	22	13.2	14.3	13.2	19.8	12.1	20.9	18.7	27.5	33	20.9	28.6	19.8	12.1	29.7	24.2	29.7	23.1	22	25.3	26.4	19.8	16.5	24.2	17.6	13.2	23.1	17.6	30.8	29.7	14.3	24.2	18.7	19.8	25.3	20.9	19.8	33	33	12.1	31.9	30.8	15.4	20.9	11	23.1	27.5	28.6	15.4	15.4	23.1	27.5	12.1	25.3	12.1	13.2	14.3	14.3	23.1	23.1	15.4	11	24.2	19.8	19.8	26.4	17.6	14.3	20.9	27.5	13.2	16.5	19.8	15.4	28.6	27.5	28.6	18.7	27.5	28.6	26.4	24.2	26.4	25.3	22	20.9	12.1	11	12.1	25.3	30.8	17.6	23.1	18.7	27.5	20.9	18.7	18.7	23.1	31.9	27.5	15.4	17.6	27.5	17.6	19.8	11	31.9	28.6	15.4	18.7	12.1	27.5	20.9	24.2	19.8	24.2	25.3	20.9	25.3	24.2	29.7	31.9	19.8	16.5	22	16.5	27.5	29.7	20.9	28.6	30.8	30.8	18.7	33	11	12.1	29.7	15.4	12.1	18.7	24.2	15.4	16.5	33	17.6	12.1	29.7	29.7	26.4	20.9	31.9	17.6	15.4	12.1	15.4	22	28.6	12.1	18.7	33	13.2	25.3	25.3	14.3	29.7	28.6	25.3	26.4	31.9	12.1	20.9	25.3	12.1	15.4	16.5	15.4	19.8	29.7	26.4	30.8	19.8	26.4	20.9	28.6	14.3	22	19.8	25.3	14.3	16.5	11	18.7	16.5	14.3	24.2	13.2	25.3	19.8	23.1	30.8	11	23.1	13.2	19.8	16.5	12.1	14.3	13.2	16.5	13.2	14.3	26.4	14.3	24.2	12.1	16.5	18.7	16.5	15.4	15.4	17.6	24.2	18.7	25.3	19.8	11	22	23.1	11	15.4	20.9	29.7	17.6	12.1	11	31.9	11	12.1	22	11	11	11	27.5	20.9	31.9	19.8	11	29.7	29.7	23.1	31.9	22	20.9	20.9	20.9	28.6	17.6	28.6	25.3	19.8	17.6	25.3	15.4	31.9	13.2	28.6	19.8	16.5	12.1	13.2	12.1	26.4	24.2	19.8	23.1	24.2	24.2	18.7	30.8	20.9	15.4	26.4	17.6	13.2	13.2	33	18.7	11	30.8	31.9	20.9	23.1	19.8	22	16.5	24.2	26.4	24.2	25.3	33	17.6	16.5	18.7	25.3	33	29.7	26.4	17.6	28.6	19.8	28.6	29.7	17.6	24.2	31.9	30.8	33	25.3	13.2	26.4	26.4	28.6	20.9	19.8	22	19.8	23.1	26.4	15.4	16.5	28.6	27.5	17.6	20.9	25.3	11	13.2	27.5	24.2	29.7	23.1	12.1	25.3	22	14.3	15.4	33	27.5	18.7	28.6	33	24.2	20.9	29.7	33	31.9	25.3	27.5	28.6	25.3	27.5	16.5	26.4	20.9	33	19.8	16.5	15.4	14.3	16.5	13.2	24.2	29.7	14.3	13.2	33	11	13.2	14.3	13.2	30.8	22	25.3	27.5	16.5	16.5	16.5	15.4	16.5	31.9	28.6	23.1	18.7	26.4	16.5	12.1	30.8	31.9	12.1	26.4	12.1	13.2	27.5	26.4	30.8	19.8	22	12.1	33	25.3	13.2	18.7	25.3	33	13.2	29.7	31.9	18.7	14.3	25.3	20.9	31.9	17.6	30.8	12.1	20.9	12.1	11	33	31.9	20.9	20.9	19.8	22	28.6	27.5	14.3	13.2	28.6	15.4	27.5	18.7	17.6	28.6	18.7	25.3	18.7	27.5	22	28.6	18.7	26.4	24.2	24.2	28.6	27.5	33	23.1	22	27.5	11	20.9	14.3	13.2	29.7	20.9	26.4	18.7	23.1	19.8	12.1	29.7	22	18.7	17.6	14.3	33	14.3	24.2	29.7	15.4	22	13.2	24.2	33	14.3	23.1	11	16.5	15.4	13.2	18.7	15.4	31.9	12.1	18.7	26.4	27.5	16.5	11	30.8	11	17.6	20.9	27.5	11	20.9	29.7	20.9	24.2	28.6	18.7	13.2	24.2	20.9	30.8	19.8	29.7	23.1	27.5	13.2	28.6	12.1	26.4	14.3	18.7	13.2	17.6	13.2	27.5	25.3	11	11	12.1	15.4	24.2	12.1	24.2	19.8	22	31.9	29.7	12.1	22	
25.3	24.2	25.3	29.7	29.7	20.9	23.1	26.4	24.2	29.7	22	16.5	31.9	12.1	26.4	23.1	33	12.1	23.1	15.4	22	19.8	31.9	25.3	24.2	33	11	31.9	30.8	30.8	26.4	17.6	31.9	20.9	11	27.5	24.2	29.7	33	26.4	19.8	19.8	19.8	17.6	12.1	
13	15	12	10	15	19	19	20	19	18	10	12	11	18	18	19	14	20	12	13	11	15	17	10	12	11	17	12	10	18	20	17	11	14	10	17	11	16	13	10	15	11	13	13	10	17	10	11	13	13	15	14	15	14	19	13	13	20	20	14	14	16	20	17	14	16	13	20	20	16	14	14	13	18	18	16	12	17	18	14	10	16	20	19	12	18	15	19	12	14	14	11	17	10	12	10	16	11	18	13	13	13	19	19	14	10	18	15	15	14	14	16	14	20	18	16	17	12	10	16	10	15	19	15	14	14	10	16	17	13	13	20	18	17	10	17	16	11	18	20	16	15	14	10	19	14	20	17	11	17	17	10	16	12	16	13	11	16	18	12	11	13	10	20	13	11	13	14	19	11	16	18	19	13	15	16	16	14	14	10	11	13	16	14	11	14	20	10	10	11	19	15	10	13	17	20	10	16	18	10	20	20	12	19	13	11	11	14	19	12	18	19	19	17	11	15	11	18	14	17	12	15	20	17	17	18	19	11	19	18	10	12	14	15	20	16	13	10	12	20	18	10	18	16	10	13	13	20	17	11	19	12	16	17	13	12	19	13	10	16	13	19	13	15	20	19	14	18	16	10	13	18	15	12	13	14	15	17	13	17	12	20	14	18	13	11	16	16	12	13	17	16	16	13	20	15	15	16	11	13	20	12	11	20	14	10	13	10	15	20	12	12	12	10	19	14	10	14	10	15	18	13	11	16	20	16	12	10	13	13	13	19	16	18	12	10	10	17	13	14	15	17	11	12	13	15	17	15	12	10	15	10	16	20	10	10	13	14	20	16	13	19	18	14	19	20	11	17	11	14	13	15	16	13	11	14	11	14	20	11	10	11	13	14	19	11	18	14	19	15	13	18	18	19	12	15	19	12	12	17	12	15	11	19	18	16	17	14	17	11	17	12	16	19	13	13	19	19	18	15	14	11	13	12	12	13	15	16	14	12	15	15	20	19	14	11	19	11	15	19	17	15	17	15	12	10	17	20	15	13	10	19	13	15	18	14	19	14	19	17	12	11	16	14	10	17	11	15	11	12	11	13	10	17	19	12	15	18	16	20	14	19	11	10	14	13	18	11	18	18	12	16	12	20	17	14	17	14	13	10	20	16	14	20	19	10	18	18	15	11	19	13	12	12	10	19	20	12	12	15	11	15	15	17	11	17	17	20	14	14	18	13	16	19	17	18	19	15	16	14	15	14	20	18	10	17	17	18	14	11	18	15	19	17	17	19	14	16	18	17	10	18	15	11	17	12	12	10	20	13	20	12	14	12	20	12	20	18	20	10	10	10	14	20	20	18	11	19	15	20	11	17	20	14	18	10	11	18	10	12	16	16	20	19	10	14	17	19	17	17	11	17	19	19	18	11	19	13	17	12	15	17	18	15	14	15	12	14	15	18	14	13	11	18	10	19	13	10	10	19	15	18	20	13	15	15	12	18	15	19	19	16	16	18	11	11	14	17	16	13	19	18	11	15	20	15	19	19	19	19	12	13	10	12	14	19	16	15	12	17	11	20	13	14	14	11	20	17	16	13	20	17	11	13	10	20	17	13	18	16	12	19	10	19	20	18	18	15	17	11	18	13	17	17	10	16	17	11	17	18	15	17	16	19	11	19	16	12	17	18	16	15	10	20	11	12	15	12	15	20	12	16	19	17	13	12	15	17	20	20	10	16	17	12	20	14	19	15	17	13	10	20	11	20	11	20	11	13	10	10	12	16	12	10	13	19	15	11	20	18	18	10	14	11	20	16	13	11	16	15	19	19	18	20	16	16	19	18	11	17	13	16	15	14	10	20	15	17	12	11	16	15	12	19	13	17	15	14	17	11	20	18	19	12	10	15	16	14	15	18	11	13	12	14	13	14	10	18	10	20	12	20	19	17	17	10	11	19	10	16	15	10	15	12	14	19	15	16	14	18	18	17	15	17	11	14	12	19	20	10	13	19	11	16	12	14	12	13	16	20	18	12	19	13	17	18	10	11	11	15	10	19	15	13	20	18	14	13	13	20	18	18	11	15	19	18	11	10	16	15	16	13	10	20	20	10	16	15	19	20	20	20	16	16	15	12	13	13	15	20	20	18	13	12	19	14	12	10	12	10	19	10	12	16	13	20	15	11	19	17	10	14	13	19	17	15	12	15	12	14	19	16	20	16	20	11	16	13	20	18	13	12	13	14	19	11	15	20	12	16	11	11	14	11	12	15	11	15	18	13	11	13	20	15	12	17	16	18	18	15	
1	1	1	1	1	1	1	1	1	1	1	1	1	1	1	1	1	1	1	1	1	2	2	2	2	2	2	2	2	2	2	2	2	2	2	2	2	2	2	3	3	3	3	3	3	3	3	3	3	3	3	3	3	3	3	3	3	3	3	3	3	3	3	3	3	3	4	4	4	4	4	4	4	4	4	4	4	4	4	4	4	4	4	4	4	4	4	4	4	4	4	4	5	5	5	5	5	5	5	5	5	5	5	5	5	5	5	5	5	5	5	5	5	5	5	5	5	5	5	5	5	5	6	6	6	6	6	6	6	6	6	6	6	6	6	6	6	6	6	6	6	6	6	6	6	6	6	6	6	7	7	7	7	7	7	7	7	7	7	7	7	7	7	7	7	7	7	7	7	7	7	7	7	8	8	8	8	8	8	8	8	8	8	8	8	8	8	8	8	8	8	8	8	8	8	8	9	9	9	9	9	9	9	9	9	9	9	9	9	9	9	10	10	10	10	10	10	10	10	10	10	10	10	10	10	10	10	10	10	10	10	10	11	11	11	11	11	11	11	11	11	11	11	11	11	11	11	11	11	11	11	11	11	11	11	11	11	11	11	11	12	12	12	12	12	12	12	12	12	12	12	12	12	12	12	12	13	13	13	13	13	13	13	13	13	13	13	13	13	13	13	13	13	13	14	14	14	14	14	14	14	14	14	14	14	14	14	14	14	14	14	14	14	15	15	15	15	15	15	15	15	15	15	15	15	15	15	15	15	15	15	15	15	15	16	16	16	16	16	16	16	16	16	16	16	16	16	16	16	16	16	16	16	17	17	17	17	17	17	17	17	17	17	17	17	17	17	17	17	17	17	17	17	17	17	17	17	17	17	17	17	17	17	17	18	18	18	18	18	18	18	18	18	18	18	18	18	18	18	18	18	18	18	18	18	18	18	18	18	19	19	19	19	19	19	19	19	19	19	19	19	19	19	19	19	19	19	19	19	19	19	19	20	20	20	20	20	20	20	20	20	20	20	20	21	21	21	21	21	21	21	21	21	21	21	21	21	21	21	21	21	21	21	21	21	22	22	22	22	22	22	22	22	22	22	22	22	22	22	22	22	22	22	22	22	22	22	22	22	22	22	22	23	23	23	23	23	23	23	23	23	23	23	23	23	23	23	23	23	23	23	23	23	23	23	23	23	23	24	24	24	24	24	24	24	24	24	24	24	24	24	24	24	24	24	24	25	25	25	25	25	25	25	25	25	25	25	25	25	25	25	25	25	25	25	25	25	25	25	25	25	26	26	26	26	26	26	26	26	26	26	26	26	26	26	26	26	26	26	26	26	26	26	27	27	27	27	27	27	27	27	27	27	27	27	27	27	27	27	27	27	27	27	27	28	28	28	28	28	28	28	28	28	28	28	28	28	28	28	28	28	29	29	29	29	29	29	29	29	29	29	29	29	29	29	29	29	29	29	29	29	29	29	29	29	29	29	29	29	29	30	30	30	30	30	30	30	30	30	30	30	30	30	30	30	30	30	30	30	30	30	30	30	30	30	30	31	31	31	31	31	31	31	31	31	31	31	31	31	31	31	31	31	31	31	31	31	31	31	31	31	32	32	32	32	32	32	32	32	32	32	32	32	32	32	32	32	32	32	32	33	33	33	33	33	33	33	33	33	33	33	33	33	33	33	33	33	33	33	33	33	33	33	33	33	33	33	33	33	33	34	34	34	34	34	34	34	34	34	34	34	34	34	34	34	34	34	34	34	35	35	35	35	35	35	35	35	35	35	35	35	35	35	35	35	35	35	35	35	36	36	36	36	36	36	36	36	36	36	36	36	36	36	36	36	36	36	36	36	36	36	36	36	36	36	36	37	37	37	37	37	37	37	37	37	37	37	37	37	37	37	37	37	37	37	37	37	38	38	38	38	38	38	38	38	38	38	38	38	38	38	38	38	38	38	38	38	38	38	38	38	38	39	39	39	39	39	39	39	39	39	39	39	39	39	39	39	39	39	39	39	39	39	39	39	39	39	39	40	40	40	40	40	40	40	40	40	40	40	40	40	40	40	40	40	40	40	40	40	40	41	41	41	41	41	41	41	41	41	41	41	41	41	41	41	41	41	41	42	42	42	42	42	42	42	42	42	42	42	42	42	42	42	42	43	43	43	43	43	43	43	43	43	43	43	43	43	43	44	44	44	44	44	44	44	44	44	44	44	44	44	44	44	44	44	44	44	44	44	44	44	44	44	44	44	45	45	45	45	45	45	45	45	45	45	45	45	45	45	45	
