1000
15	7
1006	13.2
31	28	28	29	31	28	27	30	31	29	28	31	29	28	27	29	31	30	26	28	29	28	28	29	30	27	31	26	27	27	28	29	29	28	30	29	27	26	30	31	29	28	26	31	30	30	29	29	28	31	29	31	27	27	27	31	28	26	29	26	28	26	27	29	28	28	27	31	30	30	31	29	31	27	30	31	26	31	31	30	27	30	29	28	27	27	29	27	29	29	28	28	30	30	27	27	26	30	27	30	27	27	28	30	30	29	27	27	30	28	29	26	28	30	26	27	31	27	28	26	31	26	27	31	31	27	30	29	31	28	29	27	27	31	27	27	27	30	26	28	29	27	31	30	26	30	29	27	29	27	28	31	31	30	29	27	29	27	26	28	29	31	29	30	26	26	26	31	30	31	27	31	27	27	30	27	31	28	29	30	29	30	30	31	28	28	26	28	29	29	27	26	28	29	27	28	28	27	27	27	31	30	31	27	31	27	28	31	31	28	29	29	27	27	28	30	26	31	30	26	30	29	29	30	26	26	31	28	29	28	28	26	28	29	30	27	27	31	26	27	29	31	27	28	27	26	28	26	30	27	28	31	30	27	26	30	26	31	27	28	26	30	29	28	30	31	26	27	27	31	29	30	31	30	28	31	28	29	27	30	28	26	27	28	26	29	29	30	30	31	29	31	28	26	30	31	29	29	26	27	28	26	29	30	26	30	30	30	27	28	28	27	29	30	30	31	28	29	28	28	31	29	26	30	26	30	30	31	29	30	29	26	28	31	30	29	27	28	29	28	31	30	31	28	26	26	28	28	29	27	27	29	30	30	28	31	31	27	31	31	29	26	26	26	30	27	30	29	30	28	27	27	28	26	31	29	27	26	27	31	31	29	27	28	27	29	27	27	31	29	28	30	31	30	27	28	28	26	30	27	31	27	30	28	27	31	28	30	27	29	26	30	28	28	27	27	30	29	29	31	27	29	29	27	28	27	27	28	30	26	31	31	31	30	27	27	30	28	29	27	30	27	29	28	28	30	31	29	26	29	30	28	31	29	28	28	29	31	27	28	29	31	28	28	31	30	26	27	26	28	27	30	29	31	26	26	28	31	26	31	28	26	26	30	27	27	26	29	26	29	27	27	29	31	28	29	30	26	28	28	29	29	31	28	29	26	26	30	30	30	26	27	26	29	26	27	27	28	27	30	28	30	31	29	31	27	30	31	26	28	27	30	28	29	26	29	27	31	26	31	30	27	29	27	26	31	31	30	28	30	26	31	29	30	30	28	30	27	27	29	26	27	26	27	28	29	26	29	29	27	30	30	27	28	31	27	31	27	29	27	30	30	26	31	28	31	27	28	26	27	29	31	26	27	30	31	31	27	29	29	27	28	28	28	28	26	26	30	27	26	30	31	27	31	26	30	26	27	31	29	31	26	30	26	27	29	26	27	29	29	31	26	30	30	28	30	31	30	28	29	28	28	30	29	29	31	28	27	27	28	31	28	26	31	27	29	29	29	26	29	27	31	31	27	28	26	31	28	26	31	31	30	29	28	26	29	27	31	31	30	31	27	31	31	28	29	29	31	27	26	30	27	26	29	31	27	29	31	30	28	27	27	26	27	29	30	29	28	29	27	30	30	26	27	29	31	29	29	29	31	30	26	31	28	31	26	30	29	28	28	30	29	28	27	28	28	28	29	27	30	27	28	29	29	29	31	29	27	31	28	28	28	29	28	31	30	31	31	31	30	31	31	29	31	30	29	28	26	26	29	28	28	26	30	30	30	26	27	26	31	28	27	31	27	27	30	31	31	26	30	27	28	27	31	28	26	31	30	26	29	30	27	31	28	29	31	26	26	30	31	28	31	30	31	28	30	30	27	30	26	29	29	26	26	30	31	29	26	31	30	30	27	31	31	31	29	31	28	30	28	30	30	30	27	27	29	26	30	31	29	31	28	28	30	29	27	27	30	31	31	29	29	31	27	31	28	30	26	30	27	29	27	27	29	26	27	30	31	27	28	31	27	28	30	28	27	26	31	28	27	30	31	28	30	31	26	30	28	31	31	29	29	26	26	28	31	26	27	28	27	27	27	31	26	27	26	30	28	27	30	31	26	28	31	26	26	26	29	30	29	30	30	29	29	26	26	26	27	27	31	28	30	28	28	29	31	28	26	26	29	29	29	26	27	26	26	28	30	30	27	27	26	26	26	31	31	27	29	26	27	26	29	31	26	27	27	29	31	30	31	28	26	26	31	28	30	31	31	31	29	27	30	27	30	28	31	31	31	28	31	
89	90	88	78	80	87	92	78	88	80	93	80	87	83	79	93	91	88	91	84	89	89	82	92	84	92	80	92	79	82	89	84	88	81	90	83	82	87	93	81	93	79	92	89	76	78	93	90	77	79	89	78	94	80	91	86	77	92	77	88	80	89	85	88	84	80	91	80	89	89	83	81	82	79	82	80	84	83	76	85	85	78	77	82	85	91	90	78	86	77	87	85	81	87	76	77	89	85	76	92	82	81	83	94	84	88	90	76	91	76	93	77	86	85	92	77	83	84	83	92	80	93	90	82	78	76	76	93	83	87	92	79	88	88	78	79	92	80	76	84	78	91	80	93	89	81	83	88	94	82	85	94	86	90	87	89	78	91	80	77	83	85	87	76	83	90	85	79	88	92	82	83	88	77	83	83	90	83	89	78	94	94	79	93	81	76	76	76	80	80	82	91	83	90	93	94	84	84	87	88	84	84	76	76	83	79	76	79	89	91	78	87	76	91	91	85	85	94	93	77	94	78	76	83	94	86	77	77	79	80	76	80	91	84	91	77	80	84	88	91	76	90	77	88	88	78	80	85	84	88	94	91	90	81	87	90	84	91	80	91	83	79	76	78	84	87	86	92	83	84	77	79	87	90	92	81	88	83	84	93	85	87	84	92	83	82	87	81	88	92	79	92	86	90	77	90	79	94	92	94	83	79	94	77	78	81	91	91	85	86	85	82	90	85	79	81	81	86	79	77	77	84	84	86	81	85	79	89	78	87	84	79	92	77	84	81	88	94	81	87	85	83	93	84	82	90	88	92	83	87	85	89	82	84	86	91	90	90	80	78	80	79	77	90	89	91	80	79	91	93	79	78	93	77	82	94	76	93	84	88	86	90	82	89	84	89	92	89	89	86	83	77	93	81	79	84	90	80	89	90	83	80	84	81	77	91	92	78	78	79	88	77	79	92	80	87	76	86	80	92	88	82	80	78	77	88	83	89	77	87	80	82	78	84	90	78	91	79	85	79	76	79	79	82	93	82	82	78	86	83	88	86	81	78	93	93	76	87	83	89	89	79	77	89	92	82	78	78	87	94	80	91	92	82	79	91	86	81	86	82	88	88	84	86	82	79	86	88	81	82	81	76	92	84	90	86	82	80	86	82	78	80	83	93	77	92	88	86	89	87	89	90	79	90	83	89	76	83	90	86	83	82	76	91	76	86	80	84	88	93	88	86	85	78	76	92	93	85	83	92	89	92	78	87	90	80	87	76	76	76	80	94	94	92	80	84	88	90	92	85	83	94	89	78	76	77	85	80	83	94	88	77	78	88	88	93	83	78	91	76	78	86	81	78	77	91	87	82	84	76	91	84	81	76	82	92	91	85	86	77	91	90	78	92	89	81	93	77	93	93	93	92	82	93	93	90	89	94	89	79	82	93	76	80	93	90	78	82	81	77	83	88	92	93	89	77	94	85	77	88	84	87	94	78	78	80	76	77	94	76	87	90	93	83	87	93	82	89	79	81	80	84	90	88	89	93	83	85	92	81	91	90	77	88	81	81	90	89	94	88	94	76	77	91	82	76	84	93	93	86	80	86	88	76	80	90	92	89	81	76	90	81	84	80	80	83	86	83	83	82	80	82	86	78	85	90	91	76	78	84	80	89	85	93	79	78	89	80	84	92	80	76	86	94	89	76	94	85	90	81	81	87	89	81	83	80	77	92	91	76	89	87	79	86	76	92	88	86	78	92	81	93	91	82	88	87	93	80	78	82	82	79	83	81	76	94	82	82	77	77	83	93	90	79	86	79	87	83	84	89	84	83	85	80	80	89	88	85	83	85	76	76	91	81	84	81	92	92	79	91	82	91	94	77	76	78	79	84	77	78	84	79	82	82	94	94	83	79	83	80	78	82	94	85	85	94	89	79	81	92	89	78	78	79	79	83	81	76	94	81	89	81	81	93	88	82	88	88	83	91	87	88	79	88	80	85	92	88	86	89	91	88	93	91	94	93	81	91	80	94	93	89	90	89	94	83	76	90	79	89	81	87	88	76	89	79	86	88	92	91	82	76	92	76	91	91	78	88	93	77	87	86	92	92	83	77	82	93	79	76	83	79	89	83	77	83	80	83	89	87	83	93	86	92	82	84	84	79	83	77	94	86	93	88	81	91	93	92	94	79	83	89	89	86	87	94	88	91	84	84	90	90	91	77	83	88	92	81	90	81	77	83	94	78	85	85	81	78	84	87	80	78	92	91	84	91	92	87	88	88	78	81	77	82	79	93	78	93	81	77	
14.3	13.2	30.8	17.6	14.3	16.5	16.5	14.3	22	27.5	29.7	26.4	25.3	12.1	30.8	27.5	20.9	30.8	16.5	29.7	29.7	26.4	15.4	25.3	11	17.6	11	14.3	26.4	16.5	30.8	25.3	20.9	19.8	16.5	15.4	30.8	25.3	33	31.9	17.6	30.8	17.6	28.6	12.1	19.8	14.3	31.9	26.4	26.4	19.8	20.9	22	31.9	12.1	18.7	13.2	20.9	24.2	24.2	28.6	13.2	24.2	18.7	20.9	23.1	19.8	28.6	11	33	15.4	27.5	30.8	17.6	22	14.3	12.1	11	25.3	33	29.7	17.6	13.2	33	31.9	29.7	16.5	16.5	26.4	14.3	24.2	24.2	17.6	17.6	19.8	22	17.6	23.1	29.7	27.5	25.3	14.3	31.9	12.1	11	18.7	25.3	20.9	28.6	14.3	25.3	18.7	16.5	18.7	11	15.4	27.5	28.6	20.9	31.9	30.8	27.5	13.2	29.7	25.3	19.8	26.4	30.8	28.6	16.5	12.1	22	28.6	23.1	33	23.1	30.8	11	30.8	18.7	28.6	13.2	31.9	13.2	16.5	14.3	15.4	25.3	22	25.3	30.8	20.9	31.9	19.8	19.8	14.3	33	18.7	26.4	18.7	16.5	17.6	15.4	12.1	31.9	16.5	23.1	17.6	25.3	11	16.5	29.7	31.9	13.2	28.6	16.5	11	17.6	11	14.3	15.4	11	11	13.2	16.5	14.3	24.2	17.6	13.2	24.2	23.1	16.5	15.4	18.7	25.3	33	22	25.3	20.9	23.1	27.5	23.1	22	16.5	30.8	13.2	27.5	16.5	17.6	28.6	15.4	28.6	25.3	26.4	24.2	23.1	33	33	31.9	23.1	13.2	11	28.6	18.7	20.9	13.2	31.9	18.7	26.4	14.3	11	23.1	19.8	13.2	31.9	15.4	17.6	29.7	30.8	11	24.2	11	19.8	24.2	14.3	31.9	17.6	24.2	19.8	26.4	23.1	20.9	25.3	25.3	28.6	24.2	12.1	26.4	18.7	17.6	27.5	13.2	12.1	33	31.9	11	18.7	18.7	29.7	13.2	16.5	11	17.6	31.9	20.9	25.3	15.4	29.7	17.6	15.4	15.4	30.8	12.1	31.9	17.6	30.8	23.1	24.2	16.5	33	20.9	14.3	12.1	28.6	22	20.9	33	31.9	20.9	29.7	17.6	26.4	25.3	24.2	19.8	12.1	26.4	24.2	23.1	15.4	30.8	29.7	13.2	15.4	20.9	29.7	15.4	25.3	12.1	29.7	11	22	12.1	22	31.9	25.3	16.5	12.1	12.1	13.2	18.7	25.3	19.8	19.8	11	12.1	14.3	18.7	17.6	13.2	17.6	30.8	13.2	24.2	27.5	26.4	28.6	13.2	25.3	29.7	15.4	18.7	26.4	15.4	12.1	29.7	27.5	27.5	13.2	33	27.5	20.9	31.9	20.9	31.9	31.9	33	33	25.3	11	25.3	19.8	28.6	11	19.8	16.5	28.6	19.8	12.1	14.3	33	14.3	27.5	13.2	30.8	12.1	25.3	27.5	20.9	13.2	29.7	22	13.2	28.6	15.4	18.7	29.7	29.7	33	16.5	18.7	28.6	30.8	31.9	18.7	20.9	16.5	15.4	20.9	30.8	18.7	27.5	28.6	33	26.4	22	20.9	18.7	20.9	13.2	15.4	30.8	18.7	14.3	17.6	17.6	18.7	20.9	15.4	18.7	26.4	23.1	24.2	23.1	30.8	18.7	11	26.4	31.9	22	27.5	13.2	19.8	20.9	25.3	12.1	27.5	15.4	12.1	14.3	23.1	15.4	25.3	24.2	16.5	14.3	22	17.6	28.6	27.5	20.9	27.5	27.5	23.1	15.4	30.8	28.6	24.2	22	25.3	15.4	12.1	22	20.9	27.5	31.9	15.4	14.3	12.1	15.4	18.7	20.9	19.8	17.6	27.5	14.3	16.5	19.8	30.8	15.4	26.4	13.2	33	17.6	14.3	24.2	14.3	12.1	25.3	22	24.2	25.3	25.3	27.5	20.9	19.8	26.4	29.7	30.8	26.4	16.5	25.3	33	28.6	26.4	19.8	11	29.7	16.5	11	27.5	29.7	17.6	17.6	30.8	29.7	28.6	33	27.5	23.1	11	18.7	30.8	22	30.8	15.4	14.3	23.1	18.7	22	17.6	19.8	25.3	27.5	15.4	19.8	30.8	28.6	20.9	11	16.5	19.8	24.2	29.7	16.5	28.6	14.3	19.8	15.4	29.7	16.5	14.3	29.7	13.2	24.2	14.3	15.4	33	19.8	31.9	14.3	17.6	18.7	29.7	33	31.9	27.5	17.6	13.2	25.3	30.8	24.2	24.2	17.6	26.4	18.7	30.8	33	12.1	30.8	27.5	30.8	29.7	14.3	31.9	24.2	19.8	27.5	16.5	17.6	20.9	26.4	28.6	15.4	27.5	11	28.6	15.4	25.3	27.5	29.7	25.3	12.1	19.8	31.9	13.2	28.6	20.9	20.9	27.5	25.3	23.1	17.6	17.6	31.9	27.5	24.2	20.9	12.1	26.4	26.4	33	31.9	12.1	33	14.3	33	17.6	29.7	29.7	33	22	23.1	25.3	16.5	19.8	23.1	28.6	27.5	15.4	14.3	16.5	30.8	31.9	22	30.8	11	28.6	25.3	31.9	17.6	30.8	22	12.1	14.3	14.3	28.6	14.3	30.8	20.9	25.3	15.4	13.2	16.5	26.4	23.1	25.3	25.3	22	33	33	23.1	19.8	20.9	24.2	12.1	31.9	24.2	31.9	17.6	13.2	24.2	15.4	27.5	15.4	30.8	19.8	28.6	12.1	27.5	15.4	16.5	20.9	15.4	31.9	12.1	28.6	17.6	18.7	33	12.1	27.5	29.7	25.3	29.7	20.9	15.4	19.8	27.5	19.8	11	26.4	24.2	26.4	29.7	11	15.4	30.8	33	16.5	22	23.1	26.4	16.5	22	33	28.6	29.7	29.7	14.3	12.1	20.9	12.1	11	26.4	22	13.2	23.1	13.2	28.6	13.2	30.8	18.7	29.7	28.6	20.9	18.7	29.7	29.7	15.4	15.4	22	19.8	26.4	18.7	16.5	25.3	14.3	22	11	24.2	33	13.2	25.3	29.7	11	23.1	17.6	26.4	28.6	30.8	33	29.7	23.1	22	24.2	25.3	27.5	28.6	18.7	18.7	13.2	11	24.2	20.9	15.4	18.7	27.5	19.8	30.8	23.1	31.9	16.5	23.1	17.6	22	14.3	23.1	28.6	12.1	24.2	14.3	29.7	12.1	12.1	13.2	31.9	19.8	17.6	20.9	19.8	15.4	24.2	33	26.4	30.8	13.2	25.3	28.6	13.2	15.4	15.4	26.4	22	31.9	14.3	13.2	22	13.2	22	27.5	24.2	22	12.1	14.3	20.9	23.1	28.6	25.3	19.8	12.1	24.2	26.4	23.1	19.8	31.9	22	24.2	17.6	15.4	14.3	29.7	13.2	17.6	13.2	28.6	25.3	13.2	27.5	20.9	19.8	28.6	11	16.5	23.1	18.7	22	31.9	25.3	23.1	17.6	14.3	18.7	27.5	26.4	25.3	15.4	23.1	22	13.2	16.5	24.2	28.6	23.1	31.9	22	19.8	26.4	20.9	16.5	22	15.4	18.7	33	17.6	17.6	20.9	23.1	28.6	14.3	13.2	19.8	14.3	30.8	17.6	15.4	12.1	29.7	15.4	22	17.6	33	15.4	18.7	14.3	33	12.1	11	23.1	27.5	14.3	25.3	15.4	26.4	30.8	25.3	12.1	19.8	29.7	24.2	28.6	22	26.4	31.9	25.3	16.5	30.8	18.7	29.7	12.1	23.1	16.5	22	14.3	18.7	22	13.2	14.3	27.5	18.7	20.9	14.3	27.5	23.1	30.8	23.1	27.5	23.1	19.8	16.5	28.6	18.7	17.6	33	19.8	12.1	29.7	20.9	17.6	12.1	33	30.8	25.3	25.3	15.4	14.3	24.2	12.1	19.8	24.2	33	26.4	31.9	22	11	30.8	12.1	22	19.8	17.6	
19.8	33	28.6	29.7	25.3	20.9	33	31.9	27.5	28.6	22	11	29.7	30.8	29.7	19.8	18.7	25.3	16.5	12.1	23.1	20.9	12.1	29.7	13.2	11	29.7	22	16.5	19.8	20.9	13.2	22	23.1	30.8	23.1	22	27.5	29.7	19.8	33	19.8	13.2	29.7	22	15.4	11	14.3	13.2	12.1	23.1	22	20.9	24.2	29.7	29.7	18.7	27.5	16.5	11	13.2	15.4	11	33	26.4	17.6	13.2	30.8	15.4	28.6	19.8	17.6	28.6	15.4	30.8	33	14.3	18.7	17.6	19.8	24.2	19.8	20.9	31.9	30.8	26.4	17.6	15.4	17.6	12.1	20.9	26.4	33	27.5	23.1	33	12.1	22	22	20.9	28.6	24.2	12.1	27.5	29.7	12.1	26.4	17.6	11	18.7	23.1	20.9	24.2	28.6	28.6	15.4	17.6	23.1	29.7	31.9	17.6	24.2	13.2	19.8	31.9	29.7	20.9	31.9	17.6	12.1	20.9	23.1	23.1	25.3	29.7	14.3	11	14.3	30.8	28.6	31.9	28.6	12.1	16.5	29.7	14.3	16.5	12.1	30.8	31.9	24.2	24.2	24.2	24.2	30.8	24.2	12.1	16.5	24.2	22	17.6	12.1	28.6	20.9	19.8	28.6	19.8	13.2	30.8	31.9	23.1	33	12.1	31.9	19.8	12.1	15.4	18.7	22	14.3	17.6	16.5	15.4	22	18.7	17.6	28.6	13.2	23.1	30.8	27.5	20.9	24.2	14.3	29.7	30.8	13.2	13.2	28.6	26.4	26.4	13.2	23.1	27.5	15.4	15.4	20.9	23.1	22	33	11	31.9	14.3	31.9	25.3	31.9	19.8	27.5	16.5	28.6	14.3	23.1	22	12.1	19.8	12.1	11	26.4	15.4	19.8	29.7	15.4	25.3	27.5	31.9	17.6	20.9	31.9	11	28.6	19.8	27.5	29.7	12.1	22	18.7	22	25.3	17.6	20.9	15.4	33	25.3	28.6	30.8	29.7	12.1	14.3	27.5	17.6	27.5	25.3	14.3	18.7	24.2	23.1	11	13.2	33	15.4	27.5	27.5	24.2	22	28.6	16.5	28.6	24.2	15.4	33	30.8	33	24.2	19.8	13.2	30.8	31.9	27.5	20.9	30.8	11	24.2	31.9	20.9	30.8	15.4	17.6	18.7	15.4	28.6	30.8	16.5	26.4	30.8	14.3	30.8	30.8	26.4	30.8	11	14.3	15.4	27.5	16.5	30.8	20.9	33	12.1	18.7	24.2	27.5	15.4	26.4	20.9	33	12.1	26.4	31.9	15.4	28.6	27.5	23.1	28.6	31.9	18.7	27.5	17.6	12.1	22	23.1	14.3	26.4	23.1	30.8	19.8	25.3	20.9	31.9	16.5	31.9	13.2	11	28.6	14.3	18.7	25.3	30.8	29.7	27.5	20.9	24.2	13.2	28.6	26.4	33	18.7	14.3	24.2	15.4	13.2	14.3	29.7	24.2	31.9	29.7	11	18.7	18.7	20.9	29.7	25.3	14.3	13.2	18.7	19.8	29.7	20.9	27.5	28.6	22	25.3	24.2	20.9	31.9	24.2	20.9	26.4	22	14.3	31.9	13.2	14.3	27.5	31.9	12.1	17.6	18.7	22	33	28.6	26.4	28.6	16.5	27.5	16.5	16.5	27.5	24.2	30.8	19.8	27.5	16.5	24.2	19.8	33	13.2	26.4	16.5	16.5	15.4	25.3	17.6	24.2	29.7	33	26.4	26.4	15.4	22	20.9	18.7	23.1	28.6	14.3	15.4	24.2	15.4	27.5	20.9	25.3	23.1	26.4	30.8	29.7	26.4	23.1	16.5	22	29.7	29.7	14.3	26.4	23.1	12.1	19.8	23.1	29.7	33	27.5	12.1	26.4	22	31.9	19.8	25.3	28.6	14.3	20.9	15.4	28.6	12.1	27.5	33	17.6	28.6	14.3	14.3	26.4	27.5	27.5	18.7	28.6	11	24.2	17.6	30.8	33	30.8	24.2	15.4	24.2	15.4	15.4	17.6	18.7	27.5	23.1	28.6	19.8	26.4	15.4	17.6	19.8	29.7	16.5	13.2	24.2	28.6	26.4	29.7	30.8	24.2	25.3	26.4	22	27.5	25.3	16.5	13.2	30.8	12.1	31.9	23.1	29.7	19.8	30.8	19.8	28.6	25.3	15.4	25.3	31.9	23.1	29.7	24.2	15.4	12.1	18.7	16.5	30.8	15.4	26.4	22	12.1	18.7	26.4	20.9	30.8	19.8	26.4	31.9	33	33	33	22	33	13.2	23.1	17.6	18.7	20.9	15.4	16.5	11	16.5	23.1	31.9	11	20.9	16.5	24.2	26.4	22	12.1	27.5	15.4	19.8	17.6	14.3	18.7	16.5	20.9	16.5	27.5	20.9	15.4	29.7	14.3	18.7	29.7	22	13.2	14.3	13.2	24.2	20.9	15.4	19.8	20.9	22	23.1	29.7	22	13.2	12.1	33	33	15.4	26.4	20.9	18.7	26.4	29.7	15.4	26.4	18.7	14.3	16.5	13.2	19.8	16.5	26.4	22	31.9	11	18.7	16.5	24.2	19.8	27.5	23.1	16.5	33	17.6	23.1	12.1	24.2	23.1	18.7	30.8	22	20.9	19.8	12.1	11	30.8	29.7	30.8	23.1	28.6	19.8	25.3	12.1	13.2	18.7	20.9	28.6	15.4	15.4	11	18.7	31.9	15.4	17.6	29.7	31.9	14.3	18.7	33	19.8	14.3	25.3	24.2	29.7	15.4	30.8	15.4	19.8	18.7	14.3	14.3	18.7	11	18.7	26.4	18.7	11	20.9	19.8	30.8	27.5	15.4	31.9	14.3	12.1	20.9	22	23.1	26.4	27.5	19.8	28.6	17.6	13.2	19.8	12.1	20.9	11	15.4	24.2	29.7	29.7	33	24.2	24.2	22	13.2	19.8	26.4	16.5	20.9	22	33	25.3	33	31.9	17.6	27.5	31.9	14.3	23.1	20.9	15.4	27.5	27.5	27.5	26.4	17.6	22	23.1	22	11	27.5	20.9	25.3	27.5	13.2	23.1	23.1	20.9	18.7	33	33	30.8	20.9	27.5	30.8	17.6	27.5	12.1	13.2	30.8	26.4	19.8	29.7	20.9	23.1	29.7	19.8	30.8	23.1	23.1	26.4	29.7	23.1	13.2	28.6	20.9	12.1	20.9	33	33	28.6	29.7	33	22	15.4	19.8	18.7	11	24.2	13.2	22	18.7	25.3	17.6	13.2	13.2	26.4	31.9	29.7	27.5	26.4	31.9	29.7	27.5	15.4	30.8	14.3	11	28.6	23.1	19.8	33	28.6	16.5	14.3	24.2	33	29.7	22	26.4	31.9	14.3	29.7	20.9	24.2	16.5	15.4	17.6	24.2	13.2	29.7	28.6	25.3	18.7	26.4	14.3	13.2	22	19.8	24.2	31.9	15.4	24.2	24.2	17.6	11	27.5	13.2	31.9	16.5	16.5	33	26.4	12.1	24.2	18.7	15.4	33	33	29.7	31.9	30.8	24.2	12.1	14.3	11	30.8	27.5	26.4	28.6	24.2	22	31.9	17.6	28.6	16.5	20.9	14.3	28.6	22	15.4	12.1	26.4	14.3	33	22	31.9	16.5	20.9	26.4	14.3	31.9	24.2	12.1	16.5	28.6	25.3	20.9	27.5	27.5	26.4	15.4	11	31.9	16.5	16.5	25.3	13.2	20.9	26.4	18.7	20.9	12.1	31.9	22	24.2	24.2	20.9	24.2	29.7	30.8	20.9	18.7	23.1	27.5	23.1	12.1	14.3	23.1	17.6	20.9	14.3	12.1	33	17.6	26.4	28.6	20.9	24.2	24.2	23.1	29.7	27.5	31.9	33	22	29.7	14.3	12.1	28.6	27.5	15.4	29.7	19.8	22	27.5	31.9	27.5	17.6	30.8	16.5	25.3	33	31.9	29.7	14.3	33	22	28.6	19.8	28.6	15.4	20.9	16.5	15.4	31.9	27.5	12.1	14.3	30.8	30.8	19.8	27.5	12.1	14.3	29.7	27.5	20.9	
20.9	13.2	18.7	27.5	20.9	26.4	33	22	17.6	17.6	22	33	31.9	25.3	11	
15	20	15	17	20	17	13	20	12	19	15	15	12	11	10	13	18	20	15	12	17	13	20	19	11	17	12	18	13	17	17	20	16	15	15	13	11	11	11	16	16	10	12	10	15	18	13	11	11	11	11	19	19	17	18	13	11	10	13	15	14	17	18	10	14	20	11	18	11	19	19	16	20	12	17	20	19	14	13	12	14	17	20	19	17	17	14	10	17	15	14	10	17	13	14	10	20	20	19	15	12	12	14	10	18	14	18	19	12	18	16	11	17	20	20	12	14	19	17	14	20	10	11	15	11	14	12	10	10	11	11	10	14	19	17	11	19	10	16	11	19	19	16	15	13	11	18	15	12	11	10	11	17	20	11	13	14	11	11	16	20	10	16	18	20	14	18	20	16	10	14	12	16	12	11	17	11	19	20	15	17	10	16	13	17	18	19	20	16	17	11	20	19	15	16	19	14	16	12	14	13	14	12	10	15	18	12	11	15	13	18	20	11	20	19	11	10	14	13	19	18	15	15	17	20	13	10	10	20	15	20	19	11	11	17	10	17	10	10	10	18	11	10	17	19	16	15	13	16	11	19	13	11	16	12	12	20	12	14	20	10	12	20	16	17	20	12	20	11	15	18	12	19	19	18	18	14	17	11	14	10	18	20	15	18	10	15	18	11	18	16	14	12	17	12	15	18	14	20	16	13	11	17	11	18	15	14	11	17	14	16	14	14	12	20	10	14	17	17	18	13	13	19	15	12	18	15	11	20	10	14	17	17	16	13	16	13	11	20	13	17	14	15	18	10	13	12	19	16	12	10	20	19	11	17	19	20	13	16	14	11	15	12	20	16	16	17	12	15	20	18	20	14	10	10	20	17	10	12	15	14	14	18	13	17	19	19	11	19	12	11	20	10	20	10	17	12	14	19	10	15	14	16	19	15	19	14	13	16	17	18	13	15	12	12	18	15	19	15	10	12	12	10	14	20	15	13	16	10	15	12	20	15	15	18	12	13	14	18	14	14	17	20	12	13	20	10	16	20	12	20	16	20	12	20	19	14	18	11	19	16	15	20	18	16	16	11	12	12	11	16	17	14	12	10	11	17	20	11	16	18	20	10	11	11	13	11	20	13	12	10	10	11	11	16	18	16	13	12	16	17	19	19	13	16	16	15	20	18	11	19	17	18	11	19	15	18	10	16	19	14	19	18	19	12	12	12	19	17	17	19	17	11	19	16	15	15	15	16	14	14	15	20	19	13	11	11	10	14	17	10	20	16	12	19	10	18	11	18	16	16	10	17	15	16	15	19	20	16	19	12	18	19	14	16	20	18	18	10	10	11	17	11	20	10	18	14	12	16	11	16	15	17	14	13	13	11	11	13	14	20	19	11	15	13	12	18	18	13	17	10	16	16	19	16	10	10	15	19	15	15	16	12	20	20	15	14	10	19	16	14	13	15	18	11	11	11	16	13	10	13	14	17	10	11	13	17	17	12	16	14	15	14	20	19	12	10	10	16	12	19	20	16	15	18	13	14	10	15	14	14	12	13	15	10	15	14	13	14	20	14	16	13	15	20	20	11	19	12	13	13	17	10	10	20	16	20	13	20	16	20	13	15	19	16	19	15	15	14	12	14	15	10	10	17	15	15	17	12	12	15	14	17	18	17	14	17	18	10	20	10	10	19	11	18	20	19	12	14	17	13	13	11	16	13	14	11	10	16	15	10	17	13	14	13	14	15	19	15	14	10	20	14	13	20	18	19	16	20	10	18	12	13	14	15	19	20	18	14	12	18	14	18	16	18	13	15	17	16	19	17	17	16	18	14	19	18	19	14	20	18	16	14	10	12	15	12	12	16	14	18	17	16	19	18	13	11	14	18	12	10	17	12	19	14	16	15	18	14	15	15	10	10	11	19	14	20	11	14	11	16	14	17	13	18	18	13	15	16	10	11	15	11	15	12	13	17	12	14	13	10	19	18	13	18	20	13	12	20	14	20	18	12	12	17	17	13	11	14	15	12	15	12	16	14	18	13	10	12	13	13	19	13	14	10	15	16	15	18	14	14	16	14	12	20	13	10	17	10	12	20	16	17	16	13	15	17	15	20	14	14	20	16	11	13	20	10	17	18	13	20	10	14	19	20	17	13	13	15	18	12	10	10	15	20	10	16	15	13	16	10	16	13	13	15	15	17	17	15	11	13	11	18	14	15	12	20	15	20	13	14	12	18	15	19	16	17	12	19	11	18	11	15	19	17	15	17	15	20	10	17	19	16	15	11	11	15	10	11	19	
1	1	1	1	1	1	1	1	1	1	1	1	1	1	1	1	1	1	1	1	1	1	1	1	1	1	1	1	1	1	1	1	1	1	1	1	1	1	1	1	1	1	1	1	1	1	1	1	1	1	1	1	1	1	1	1	1	1	1	1	1	1	1	1	1	1	1	1	1	1	1	1	1	1	1	1	1	2	2	2	2	2	2	2	2	2	2	2	2	2	2	2	2	2	2	2	2	2	2	2	2	2	2	2	2	2	2	2	2	2	2	2	2	2	2	2	2	2	2	2	2	2	2	2	2	2	2	2	2	2	2	2	2	2	2	2	2	2	3	3	3	3	3	3	3	3	3	3	3	3	3	3	3	3	3	3	3	3	3	3	3	3	3	3	3	3	3	3	3	3	3	3	3	3	3	3	3	3	3	3	3	3	3	3	3	3	3	3	3	3	3	3	3	3	3	3	3	3	3	3	3	3	3	3	3	3	3	3	3	3	4	4	4	4	4	4	4	4	4	4	4	4	4	4	4	4	4	4	4	4	4	4	4	4	4	4	4	4	4	4	4	4	4	4	4	4	4	4	4	4	4	4	4	4	4	4	4	4	4	4	4	4	4	4	4	4	4	4	4	4	4	4	4	4	4	4	4	4	5	5	5	5	5	5	5	5	5	5	5	5	5	5	5	5	5	5	5	5	5	5	5	5	5	5	5	5	5	5	5	5	5	5	5	5	5	5	5	5	5	5	5	5	5	5	5	5	5	5	5	5	5	5	5	5	5	5	5	5	5	5	5	5	5	5	5	5	5	5	5	5	5	5	5	5	5	5	5	5	6	6	6	6	6	6	6	6	6	6	6	6	6	6	6	6	6	6	6	6	6	6	6	6	6	6	6	6	6	6	6	6	6	6	6	6	6	6	6	6	6	6	6	6	6	6	6	6	6	6	6	6	6	6	6	6	7	7	7	7	7	7	7	7	7	7	7	7	7	7	7	7	7	7	7	7	7	7	7	7	7	7	7	7	7	7	7	7	7	7	7	7	7	7	7	7	7	7	7	7	7	7	7	7	7	7	7	7	7	7	7	7	7	7	7	7	7	7	7	7	7	7	7	7	7	7	7	7	7	7	8	8	8	8	8	8	8	8	8	8	8	8	8	8	8	8	8	8	8	8	8	8	8	8	8	8	8	8	8	8	8	8	8	8	8	8	8	8	8	8	8	8	8	8	8	8	8	8	8	8	8	8	8	8	8	8	8	8	8	8	8	8	8	8	9	9	9	9	9	9	9	9	9	9	9	9	9	9	9	9	9	9	9	9	9	9	9	9	9	9	9	9	9	9	9	9	9	9	9	9	9	9	9	9	9	9	9	9	9	9	9	9	9	9	9	9	9	9	9	9	9	9	9	9	9	9	9	9	9	9	9	10	10	10	10	10	10	10	10	10	10	10	10	10	10	10	10	10	10	10	10	10	10	10	10	10	10	10	10	10	10	10	10	10	10	10	10	10	10	10	10	10	10	10	10	10	10	10	10	10	10	10	10	10	10	10	11	11	11	11	11	11	11	11	11	11	11	11	11	11	11	11	11	11	11	11	11	11	11	11	11	11	11	11	11	11	11	11	11	11	11	11	11	11	11	11	11	11	11	11	11	11	11	11	11	11	11	11	11	11	11	11	11	11	11	11	11	11	12	12	12	12	12	12	12	12	12	12	12	12	12	12	12	12	12	12	12	12	12	12	12	12	12	12	12	12	12	12	12	12	12	12	12	12	12	12	12	12	12	12	12	12	12	12	12	12	12	12	12	12	12	12	12	12	12	12	12	12	12	12	12	12	12	12	12	12	12	12	12	13	13	13	13	13	13	13	13	13	13	13	13	13	13	13	13	13	13	13	13	13	13	13	13	13	13	13	13	13	13	13	13	13	13	13	13	13	13	13	13	13	13	13	13	13	13	13	13	13	13	13	13	13	13	13	13	13	13	13	13	13	13	13	13	13	13	13	13	13	13	14	14	14	14	14	14	14	14	14	14	14	14	14	14	14	14	14	14	14	14	14	14	14	14	14	14	14	14	14	14	14	14	14	14	14	14	14	14	14	14	14	14	14	14	14	14	14	14	14	15	15	15	15	15	15	15	15	15	15	15	15	15	15	15	15	15	15	15	15	15	15	15	15	15	15	15	15	15	15	15	15	15	15	15	15	15	15	15	15	15	15	15	15	15	15	15	15	15	15	15	15	15	15	15	15	15	15	15	15	15	15	15	15	15	15	15	15	15	15	15	15	15	15	
