1000
30	12
503	30.8
27	31	28	27	31	28	26	31	26	28	27	27	30	31	30	30	26	28	28	26	27	28	26	27	28	31	28	31	27	28	30	27	27	31	29	26	27	26	28	26	29	31	27	30	30	31	29	30	28	30	31	26	30	29	27	31	29	29	27	31	30	30	29	29	30	27	26	27	26	27	29	28	27	31	26	27	26	31	28	30	31	28	29	27	30	29	28	27	30	31	27	29	31	27	30	27	28	28	28	29	31	31	28	30	31	29	30	29	29	30	31	27	28	30	31	29	28	28	31	30	28	30	29	27	29	29	30	28	29	31	30	26	29	31	26	26	29	31	31	27	31	27	30	28	28	28	30	29	31	31	31	27	28	27	29	31	31	28	28	30	31	30	29	26	29	27	30	30	26	26	26	28	31	29	27	30	28	28	31	29	28	31	27	30	31	27	27	28	28	26	30	29	28	30	31	31	31	26	26	28	31	28	30	31	29	30	26	28	31	26	28	28	28	30	31	27	26	30	26	31	30	29	30	28	29	29	30	31	30	28	26	28	30	27	30	31	31	29	29	28	30	30	31	26	27	28	28	27	29	26	26	31	31	27	27	28	27	31	31	30	31	27	29	28	31	26	28	27	27	29	27	28	31	30	27	28	26	31	26	29	30	28	27	28	27	31	26	29	26	30	28	31	27	31	27	30	30	28	30	26	27	28	29	29	30	30	30	30	30	29	28	31	28	30	29	28	27	29	27	30	27	28	28	29	31	26	31	31	26	26	28	31	31	29	31	31	26	28	31	26	28	26	31	30	29	26	29	31	30	28	30	27	27	29	27	27	31	29	29	27	26	30	31	26	27	31	30	30	27	28	30	28	28	29	26	31	30	29	29	29	30	30	30	29	30	31	29	27	28	29	31	27	30	28	27	29	27	29	26	26	28	26	26	29	26	26	26	28	26	31	30	30	31	31	30	26	26	29	30	26	26	26	28	29	30	28	28	26	27	27	26	29	29	26	26	28	27	31	28	31	31	31	30	30	31	31	31	31	26	30	28	29	31	28	30	29	26	26	26	28	26	30	29	31	29	29	27	26	31	27	29	29	28	31	28	27	29	30	31	27	30	26	30	31	31	31	31	29	29	30	28	27	28	27	31	29	29	29	30	31	29	31	31	28	27	29	30	26	27	31	30	26	29	27	28	27	30	31	26	29	31	26	29	30	30	27	30	27	30	28	26	26	26	28	27	29	29	31	26	28	31	28	28	29	29	30	27	27	26	26	31	31	31	28	27	31	29	30	29	29	26	27	27	28	27	29	30	30	30	30	26	31	30	29	30	29	30	27	31	29	30	30	31	28	29	29	30	26	29	31	28	27	31	26	30	31	30	29	26	31	31	30	27	29	30	26	31	26	26	26	28	29	28	26	31	31	29	26	29	29	27	29	28	31	26	26	26	29	30	26	31	30	30	29	28	27	31	27	27	26	30	31	31	26	26	30	31	31	26	27	27	31	31	29	26	27	31	29	27	26	30	29	30	26	31	27	28	28	29	28	30	29	26	30	31	26	30	31	27	28	28	30	31	28	31	31	31	31	30	30	27	30	31	28	28	31	29	30	31	29	30	30	28	28	26	26	29	30	28	29	29	28	26	28	29	28	27	30	30	30	26	26	27	30	26	30	31	26	29	28	28	28	28	31	30	26	29	28	31	29	28	31	29	27	27	31	30	27	30	31	26	29	31	29	28	30	30	31	27	31	29	30	27	30	31	28	29	30	26	26	29	30	26	27	29	31	31	27	29	31	29	27	26	28	30	29	28	31	30	30	27	30	28	27	28	30	29	27	28	30	27	30	28	31	30	29	30	31	26	31	30	31	29	31	30	29	27	31	30	26	27	28	28	26	27	29	26	26	26	29	29	30	26	29	27	26	29	30	27	30	29	28	26	28	27	27	26	26	30	29	26	26	31	27	26	26	31	28	31	28	30	30	30	30	26	26	27	29	28	27	28	27	27	30	28	29	31	29	31	26	29	26	28	31	31	30	28	27	28	31	27	26	31	28	31	30	26	28	29	27	26	30	26	30	28	29	29	28	28	28	30	28	26	27	29	31	27	31	26	30	30	31	31	28	27	30	26	28	29	28	31	27	30	29	26	31	27	27	30	27	27	27	26	27	30	28	31	29	30	27	29	26	28	30	27	30	28	31	29	26	29	26	28	27	28	29	28	31	30	30	27	26	31	31	30	31	30	30	30	30	26	27	29	31	26	26	26	30	31	29	31	30	29	28	27	28	31	26	30	30	
85	93	76	91	86	81	79	84	90	94	88	94	83	84	83	81	79	82	77	81	89	92	82	90	76	89	78	87	79	80	84	82	92	84	86	84	84	85	80	83	90	89	81	88	91	93	91	81	76	87	88	93	88	86	76	80	86	90	86	84	83	81	77	93	87	79	92	83	85	84	93	86	77	78	90	88	78	78	81	81	92	87	76	85	80	83	89	82	91	81	85	83	76	76	90	93	79	82	82	89	82	92	88	90	77	86	81	82	76	77	83	76	82	93	80	90	90	78	81	79	81	76	94	93	92	81	84	92	87	78	84	93	86	78	94	88	88	79	91	94	84	92	92	89	90	77	88	88	85	86	83	86	82	87	94	80	89	81	80	83	83	88	92	90	90	79	76	92	80	78	84	85	91	92	93	81	77	86	79	90	77	81	94	77	78	83	89	88	91	92	87	80	76	87	91	78	93	91	87	77	86	91	94	93	88	83	89	80	80	77	84	85	83	90	85	84	84	86	87	79	76	79	82	94	90	94	76	81	93	92	87	76	94	94	90	79	84	84	87	86	86	93	76	81	87	80	82	84	91	90	86	78	82	90	81	84	90	91	87	79	87	91	90	88	90	91	82	87	78	87	88	84	94	81	82	89	80	83	87	76	80	76	81	87	91	93	76	77	92	90	88	88	89	92	93	90	90	93	87	93	87	84	87	81	84	83	92	79	92	87	91	92	85	83	79	85	90	87	81	94	77	82	94	92	78	79	80	89	86	93	82	81	92	83	81	78	81	87	89	81	80	93	89	80	92	94	87	85	90	88	79	82	84	76	93	83	84	86	83	94	78	91	83	76	89	77	78	86	87	94	78	79	82	76	85	77	80	82	86	89	86	81	79	93	81	76	81	79	77	76	79	84	94	87	86	88	90	94	81	79	87	80	83	90	86	88	91	90	88	79	86	77	77	79	78	85	78	76	84	79	90	87	80	94	91	76	89	78	77	89	78	86	86	79	80	91	82	85	83	81	84	94	77	82	90	86	78	93	79	85	92	78	88	81	79	82	89	81	80	93	89	79	77	82	94	87	81	93	88	90	88	84	93	80	94	93	76	83	94	77	80	81	88	86	81	92	89	92	92	77	87	79	78	90	91	89	89	85	90	77	94	80	85	77	77	93	94	93	87	86	81	82	79	92	94	94	93	88	83	87	93	94	93	84	90	80	94	78	80	92	85	86	80	92	88	91	85	79	83	76	85	76	90	78	91	77	88	81	80	77	80	82	78	93	86	83	84	83	88	93	86	79	87	76	80	88	80	79	84	94	81	83	94	87	90	84	88	92	77	88	87	78	78	79	81	84	77	89	82	90	94	76	82	87	91	80	80	89	89	78	81	83	80	88	89	92	86	92	79	76	81	90	85	90	86	83	84	92	93	80	92	86	86	84	87	84	88	76	88	83	77	91	90	88	84	81	94	79	84	82	87	79	81	86	88	78	78	78	80	77	83	81	78	81	83	77	76	84	79	92	80	93	92	82	77	81	93	84	79	90	88	81	91	90	82	90	94	90	93	79	81	81	84	91	84	86	91	78	78	80	79	76	77	89	89	94	81	82	81	78	92	90	79	83	83	77	93	77	76	80	88	88	83	93	79	93	92	89	86	76	85	86	78	91	81	94	88	87	81	94	91	76	94	91	78	85	89	78	82	90	76	89	78	76	88	83	93	90	87	88	83	93	82	90	81	89	79	90	92	80	77	92	89	82	90	80	76	91	87	79	85	92	76	80	91	91	81	76	86	79	90	78	90	76	78	90	94	94	89	86	77	85	90	77	81	81	82	78	82	84	86	85	81	94	80	78	77	94	85	86	82	86	94	90	94	83	82	83	76	80	88	84	92	89	82	76	90	87	79	85	83	93	89	93	84	85	94	80	81	91	76	85	88	94	80	83	79	81	83	78	86	87	87	88	76	94	93	88	94	89	92	91	90	93	86	90	77	91	78	82	90	92	80	86	81	78	90	89	78	85	92	91	81	80	83	86	85	93	80	84	90	90	89	84	91	85	94	86	91	81	90	78	92	89	88	83	79	87	86	93	89	93	90	81	76	78	80	86	77	85	91	85	93	77	80	78	87	82	91	76	87	81	76	86	90	84	84	87	77	93	79	84	79	87	81	78	77	82	80	92	80	94	85	86	93	94	84	92	93	92	84	86	81	76	85	78	78	82	77	77	78	84	89	86	78	87	89	76	88	91	85	94	82	81	92	90	76	78	91	83	93	83	79	79	83	84	79	88	93	76	
16.5	17.6	27.5	33	16.5	26.4	22	19.8	25.3	30.8	16.5	31.9	14.3	15.4	33	30.8	27.5	25.3	15.4	23.1	14.3	15.4	12.1	26.4	12.1	25.3	25.3	27.5	16.5	14.3	25.3	25.3	13.2	26.4	12.1	11	28.6	18.7	17.6	11	33	22	33	25.3	19.8	25.3	16.5	18.7	16.5	25.3	27.5	19.8	20.9	27.5	26.4	16.5	13.2	17.6	11	26.4	20.9	17.6	23.1	11	29.7	20.9	13.2	15.4	30.8	12.1	25.3	15.4	16.5	26.4	26.4	13.2	29.7	19.8	12.1	25.3	23.1	18.7	28.6	27.5	20.9	15.4	22	30.8	17.6	29.7	24.2	19.8	16.5	22	16.5	11	29.7	19.8	29.7	28.6	23.1	16.5	11	27.5	14.3	22	17.6	14.3	29.7	14.3	25.3	11	16.5	22	26.4	23.1	14.3	18.7	25.3	16.5	11	19.8	16.5	33	16.5	18.7	11	19.8	11	25.3	13.2	16.5	11	13.2	30.8	18.7	24.2	23.1	16.5	27.5	28.6	30.8	24.2	11	28.6	16.5	15.4	25.3	23.1	12.1	26.4	31.9	33	11	30.8	18.7	33	25.3	13.2	29.7	18.7	26.4	29.7	12.1	13.2	33	23.1	14.3	22	23.1	29.7	15.4	20.9	16.5	17.6	13.2	18.7	15.4	16.5	11	18.7	14.3	18.7	23.1	12.1	24.2	33	12.1	25.3	22	11	17.6	20.9	16.5	29.7	23.1	17.6	20.9	33	17.6	26.4	14.3	24.2	28.6	30.8	15.4	15.4	22	25.3	20.9	13.2	31.9	31.9	14.3	13.2	26.4	23.1	16.5	15.4	31.9	11	18.7	20.9	17.6	25.3	11	13.2	12.1	31.9	33	25.3	14.3	24.2	29.7	33	12.1	24.2	25.3	23.1	14.3	23.1	13.2	33	24.2	27.5	29.7	29.7	19.8	33	18.7	23.1	29.7	29.7	13.2	26.4	16.5	14.3	23.1	19.8	17.6	16.5	33	14.3	15.4	28.6	19.8	31.9	24.2	12.1	23.1	31.9	19.8	26.4	16.5	29.7	11	12.1	26.4	19.8	19.8	31.9	29.7	25.3	20.9	30.8	25.3	16.5	28.6	24.2	18.7	30.8	24.2	16.5	30.8	22	29.7	25.3	11	11	12.1	12.1	22	15.4	33	15.4	33	15.4	28.6	20.9	23.1	24.2	29.7	28.6	12.1	25.3	28.6	16.5	30.8	25.3	14.3	27.5	28.6	12.1	24.2	23.1	13.2	19.8	29.7	25.3	11	14.3	26.4	28.6	20.9	26.4	16.5	19.8	15.4	30.8	31.9	31.9	29.7	26.4	16.5	29.7	18.7	30.8	33	29.7	24.2	30.8	33	24.2	29.7	15.4	15.4	17.6	19.8	25.3	13.2	17.6	14.3	23.1	24.2	14.3	19.8	29.7	24.2	31.9	25.3	19.8	11	16.5	26.4	12.1	18.7	28.6	13.2	24.2	25.3	13.2	29.7	25.3	22	16.5	22	26.4	27.5	14.3	17.6	17.6	16.5	18.7	14.3	23.1	25.3	11	23.1	16.5	20.9	22	14.3	24.2	18.7	18.7	19.8	28.6	31.9	30.8	26.4	11	19.8	12.1	26.4	28.6	33	29.7	20.9	20.9	15.4	29.7	29.7	29.7	16.5	18.7	12.1	22	19.8	23.1	22	19.8	26.4	28.6	30.8	22	16.5	11	20.9	25.3	14.3	33	17.6	14.3	16.5	18.7	22	24.2	33	15.4	30.8	12.1	17.6	23.1	27.5	22	28.6	11	18.7	17.6	30.8	30.8	19.8	14.3	25.3	19.8	30.8	16.5	33	33	28.6	20.9	25.3	17.6	28.6	14.3	25.3	16.5	24.2	28.6	27.5	28.6	26.4	19.8	15.4	12.1	11	23.1	13.2	19.8	27.5	28.6	22	22	25.3	18.7	24.2	19.8	13.2	27.5	26.4	26.4	30.8	26.4	30.8	30.8	33	24.2	27.5	15.4	14.3	29.7	23.1	17.6	20.9	23.1	29.7	13.2	16.5	12.1	16.5	28.6	11	22	26.4	24.2	16.5	13.2	20.9	22	30.8	20.9	15.4	19.8	11	14.3	15.4	24.2	28.6	27.5	30.8	15.4	22	11	14.3	18.7	15.4	22	26.4	15.4	15.4	15.4	13.2	28.6	26.4	23.1	19.8	22	30.8	15.4	23.1	19.8	19.8	14.3	31.9	30.8	23.1	31.9	16.5	22	33	19.8	25.3	20.9	14.3	25.3	17.6	12.1	11	22	13.2	16.5	30.8	28.6	11	30.8	19.8	28.6	15.4	28.6	12.1	15.4	24.2	31.9	25.3	20.9	16.5	18.7	20.9	12.1	31.9	12.1	31.9	26.4	28.6	28.6	29.7	26.4	22	13.2	25.3	28.6	17.6	16.5	14.3	27.5	31.9	11	15.4	31.9	31.9	20.9	24.2	31.9	33	22	29.7	13.2	30.8	29.7	20.9	31.9	29.7	33	22	23.1	17.6	31.9	13.2	17.6	22	22	33	22	31.9	29.7	12.1	20.9	33	12.1	27.5	24.2	19.8	15.4	28.6	19.8	24.2	25.3	12.1	33	31.9	15.4	20.9	29.7	28.6	17.6	26.4	16.5	13.2	17.6	18.7	30.8	12.1	15.4	18.7	23.1	20.9	11	24.2	16.5	25.3	27.5	29.7	31.9	11	25.3	30.8	13.2	15.4	27.5	19.8	14.3	30.8	17.6	25.3	14.3	23.1	28.6	26.4	29.7	27.5	16.5	16.5	15.4	23.1	27.5	28.6	15.4	14.3	17.6	27.5	14.3	14.3	12.1	30.8	25.3	24.2	16.5	26.4	17.6	12.1	33	23.1	16.5	11	12.1	20.9	23.1	15.4	11	18.7	26.4	17.6	29.7	22	27.5	30.8	33	23.1	18.7	22	12.1	23.1	15.4	26.4	12.1	22	19.8	14.3	23.1	19.8	29.7	17.6	12.1	24.2	12.1	12.1	28.6	33	29.7	13.2	25.3	23.1	28.6	25.3	22	11	15.4	24.2	12.1	16.5	16.5	13.2	27.5	20.9	25.3	31.9	17.6	13.2	29.7	31.9	18.7	11	15.4	27.5	12.1	22	16.5	31.9	22	22	16.5	12.1	18.7	25.3	24.2	14.3	20.9	20.9	13.2	22	12.1	18.7	26.4	27.5	18.7	12.1	23.1	20.9	14.3	13.2	20.9	22	29.7	17.6	25.3	11	13.2	23.1	17.6	24.2	27.5	15.4	17.6	27.5	11	11	20.9	16.5	12.1	28.6	22	30.8	28.6	20.9	11	13.2	30.8	28.6	28.6	26.4	19.8	20.9	17.6	23.1	15.4	28.6	12.1	27.5	25.3	15.4	27.5	24.2	30.8	22	14.3	16.5	25.3	27.5	20.9	20.9	26.4	12.1	27.5	28.6	18.7	28.6	14.3	31.9	26.4	17.6	33	31.9	25.3	14.3	29.7	11	24.2	13.2	14.3	12.1	33	31.9	14.3	33	31.9	27.5	18.7	25.3	14.3	27.5	30.8	14.3	16.5	30.8	19.8	16.5	28.6	18.7	22	29.7	27.5	28.6	20.9	19.8	16.5	16.5	33	25.3	29.7	28.6	22	15.4	20.9	18.7	22	31.9	23.1	30.8	15.4	27.5	15.4	15.4	22	27.5	18.7	20.9	24.2	11	12.1	24.2	29.7	25.3	27.5	18.7	23.1	23.1	12.1	31.9	13.2	22	29.7	14.3	19.8	18.7	29.7	15.4	18.7	12.1	31.9	12.1	17.6	24.2	31.9	18.7	25.3	22	31.9	20.9	31.9	33	24.2	15.4	13.2	14.3	30.8	33	33	33	15.4	25.3	28.6	26.4	28.6	17.6	15.4	29.7	19.8	33	24.2	13.2	22	20.9	28.6	28.6	26.4	23.1	29.7	16.5	14.3	27.5	31.9	31.9	27.5	20.9	30.8	16.5	15.4	13.2	12.1	13.2	
17.6	19.8	23.1	22	12.1	26.4	31.9	33	26.4	24.2	18.7	23.1	19.8	19.8	26.4	27.5	33	15.4	18.7	13.2	30.8	29.7	15.4	28.6	31.9	13.2	11	14.3	31.9	27.5	15.4	26.4	28.6	12.1	17.6	27.5	24.2	19.8	24.2	19.8	25.3	26.4	33	18.7	29.7	33	29.7	24.2	27.5	14.3	27.5	18.7	30.8	26.4	18.7	20.9	17.6	24.2	27.5	14.3	30.8	28.6	12.1	18.7	28.6	29.7	28.6	19.8	31.9	25.3	20.9	28.6	12.1	19.8	22	22	23.1	19.8	23.1	27.5	18.7	20.9	24.2	22	29.7	27.5	17.6	23.1	22	17.6	14.3	26.4	22	33	20.9	29.7	27.5	12.1	17.6	28.6	24.2	23.1	25.3	20.9	29.7	14.3	31.9	16.5	22	20.9	18.7	14.3	23.1	17.6	30.8	33	18.7	14.3	23.1	11	16.5	28.6	17.6	29.7	12.1	30.8	17.6	26.4	27.5	16.5	29.7	30.8	30.8	33	27.5	16.5	14.3	16.5	30.8	28.6	17.6	22	28.6	22	23.1	29.7	18.7	12.1	11	22	24.2	27.5	11	27.5	30.8	23.1	30.8	14.3	12.1	27.5	23.1	26.4	17.6	31.9	30.8	11	16.5	23.1	29.7	30.8	19.8	27.5	24.2	18.7	20.9	16.5	31.9	15.4	13.2	31.9	22	33	33	14.3	20.9	18.7	17.6	30.8	11	28.6	25.3	19.8	14.3	12.1	25.3	18.7	13.2	18.7	31.9	33	31.9	19.8	20.9	16.5	25.3	28.6	26.4	11	28.6	13.2	27.5	22	11	30.8	18.7	24.2	22	16.5	16.5	26.4	20.9	33	17.6	15.4	19.8	11	15.4	17.6	17.6	26.4	14.3	16.5	17.6	18.7	13.2	20.9	28.6	25.3	15.4	15.4	30.8	22	24.2	23.1	15.4	11	17.6	25.3	11	13.2	18.7	24.2	25.3	29.7	17.6	19.8	31.9	20.9	18.7	12.1	23.1	31.9	27.5	26.4	20.9	33	27.5	12.1	13.2	29.7	24.2	17.6	27.5	23.1	25.3	19.8	17.6	14.3	11	15.4	20.9	15.4	29.7	31.9	14.3	26.4	20.9	13.2	28.6	29.7	27.5	25.3	11	16.5	31.9	26.4	22	29.7	26.4	18.7	31.9	12.1	13.2	24.2	30.8	16.5	30.8	25.3	14.3	26.4	22	26.4	29.7	24.2	28.6	13.2	33	22	33	31.9	16.5	25.3	23.1	24.2	16.5	15.4	18.7	13.2	24.2	24.2	28.6	14.3	22	29.7	16.5	27.5	13.2	16.5	20.9	14.3	31.9	28.6	30.8	16.5	25.3	29.7	12.1	27.5	27.5	13.2	28.6	18.7	28.6	29.7	23.1	12.1	22	25.3	15.4	28.6	16.5	18.7	25.3	12.1	16.5	12.1	11	17.6	29.7	29.7	17.6	26.4	30.8	23.1	30.8	20.9	18.7	28.6	20.9	14.3	20.9	28.6	24.2	23.1	12.1	28.6	23.1	24.2	12.1	28.6	33	26.4	20.9	20.9	23.1	20.9	13.2	22	14.3	12.1	29.7	24.2	14.3	30.8	22	15.4	12.1	25.3	17.6	24.2	30.8	11	23.1	27.5	19.8	29.7	26.4	27.5	15.4	29.7	13.2	22	18.7	13.2	24.2	31.9	33	14.3	18.7	15.4	26.4	15.4	11	30.8	29.7	14.3	19.8	12.1	26.4	33	25.3	19.8	13.2	33	33	33	24.2	15.4	17.6	24.2	14.3	33	12.1	18.7	11	17.6	31.9	11	24.2	15.4	33	19.8	33	23.1	33	27.5	17.6	25.3	27.5	17.6	28.6	30.8	28.6	14.3	19.8	15.4	30.8	31.9	27.5	22	33	17.6	31.9	16.5	13.2	31.9	19.8	16.5	24.2	25.3	26.4	14.3	19.8	29.7	22	11	17.6	19.8	27.5	19.8	30.8	20.9	19.8	25.3	29.7	19.8	25.3	25.3	11	24.2	17.6	28.6	13.2	20.9	22	13.2	20.9	28.6	28.6	33	33	26.4	14.3	20.9	14.3	13.2	14.3	24.2	20.9	29.7	17.6	27.5	30.8	24.2	14.3	16.5	18.7	26.4	17.6	20.9	30.8	24.2	13.2	24.2	24.2	23.1	30.8	14.3	16.5	19.8	11	24.2	28.6	23.1	30.8	22	33	24.2	29.7	13.2	31.9	31.9	18.7	17.6	14.3	18.7	13.2	26.4	14.3	16.5	20.9	18.7	25.3	26.4	14.3	22	24.2	28.6	13.2	16.5	20.9	26.4	26.4	33	13.2	26.4	22	24.2	26.4	29.7	18.7	24.2	30.8	12.1	25.3	18.7	19.8	19.8	20.9	33	24.2	23.1	33	28.6	12.1	19.8	14.3	29.7	33	23.1	33	23.1	11	13.2	16.5	29.7	18.7	24.2	19.8	12.1	30.8	11	23.1	16.5	22	17.6	27.5	26.4	13.2	13.2	31.9	33	20.9	19.8	14.3	25.3	27.5	28.6	29.7	27.5	24.2	28.6	24.2	17.6	30.8	24.2	28.6	17.6	24.2	33	12.1	31.9	15.4	25.3	12.1	30.8	31.9	14.3	15.4	13.2	20.9	19.8	11	15.4	26.4	29.7	15.4	13.2	15.4	26.4	29.7	23.1	27.5	30.8	25.3	31.9	23.1	27.5	14.3	19.8	19.8	15.4	18.7	13.2	23.1	20.9	20.9	12.1	12.1	26.4	14.3	18.7	12.1	19.8	27.5	22	28.6	18.7	33	33	25.3	26.4	26.4	31.9	17.6	33	33	14.3	27.5	25.3	26.4	26.4	31.9	29.7	12.1	33	31.9	16.5	25.3	17.6	19.8	28.6	15.4	18.7	29.7	27.5	15.4	11	28.6	26.4	23.1	27.5	11	16.5	20.9	22	17.6	18.7	24.2	12.1	14.3	14.3	11	31.9	29.7	16.5	19.8	19.8	20.9	30.8	33	11	23.1	17.6	33	22	14.3	13.2	14.3	22	31.9	12.1	14.3	22	18.7	20.9	25.3	33	20.9	12.1	20.9	26.4	15.4	26.4	33	15.4	27.5	33	26.4	18.7	31.9	16.5	20.9	16.5	26.4	27.5	31.9	16.5	16.5	26.4	25.3	28.6	11	16.5	22	26.4	28.6	18.7	17.6	24.2	22	27.5	15.4	20.9	23.1	22	19.8	18.7	13.2	11	29.7	29.7	27.5	26.4	23.1	29.7	14.3	16.5	19.8	25.3	30.8	28.6	23.1	24.2	33	12.1	11	16.5	29.7	16.5	27.5	19.8	12.1	17.6	11	16.5	26.4	30.8	23.1	33	14.3	18.7	25.3	33	16.5	31.9	14.3	31.9	31.9	24.2	29.7	13.2	13.2	16.5	30.8	30.8	29.7	20.9	15.4	29.7	14.3	14.3	29.7	18.7	22	22	14.3	29.7	23.1	11	15.4	12.1	27.5	29.7	13.2	23.1	28.6	26.4	23.1	30.8	15.4	28.6	29.7	24.2	22	23.1	31.9	19.8	19.8	27.5	17.6	28.6	31.9	20.9	20.9	11	33	15.4	11	30.8	31.9	24.2	19.8	13.2	29.7	33	30.8	13.2	18.7	23.1	12.1	24.2	17.6	16.5	19.8	25.3	25.3	20.9	16.5	13.2	29.7	26.4	11	14.3	30.8	24.2	24.2	24.2	12.1	24.2	30.8	17.6	11	22	31.9	15.4	11	15.4	15.4	33	20.9	23.1	12.1	18.7	17.6	19.8	33	23.1	20.9	24.2	18.7	29.7	13.2	30.8	12.1	30.8	15.4	15.4	12.1	19.8	28.6	29.7	13.2	29.7	14.3	23.1	18.7	26.4	18.7	28.6	19.8	33	26.4	25.3	24.2	23.1	28.6	31.9	26.4	22	15.4	13.2	27.5	15.4	14.3	11	16.5	30.8	23.1	28.6	16.5	24.2	28.6	18.7	27.5	20.9	27.5	11	18.7	13.2	
25.3	27.5	28.6	18.7	26.4	14.3	20.9	15.4	16.5	22	22	12.1	25.3	14.3	15.4	33	11	26.4	18.7	26.4	15.4	20.9	15.4	33	28.6	26.4	25.3	26.4	14.3	19.8	
16	16	11	18	16	16	16	16	14	14	12	15	18	16	13	20	19	13	20	11	15	13	19	14	20	20	12	13	19	14	14	19	14	17	15	12	17	15	18	16	19	16	10	12	12	14	17	12	18	10	16	19	13	19	18	14	18	20	19	18	16	15	10	11	20	11	13	13	11	11	13	11	16	20	13	17	15	13	19	17	20	15	13	16	17	17	10	20	19	18	19	19	15	20	13	19	20	19	20	17	14	10	17	16	20	16	14	12	20	12	19	14	20	18	16	14	10	14	15	10	11	12	13	11	12	19	12	12	20	13	15	13	18	19	20	11	20	11	17	17	12	12	15	17	19	19	18	14	12	18	16	17	13	15	11	18	12	16	10	15	10	13	15	13	11	13	17	11	15	14	15	13	20	10	14	20	15	13	11	13	12	16	15	19	14	14	11	14	10	15	20	15	14	10	11	20	13	13	16	12	17	13	15	12	19	13	11	15	18	15	16	15	20	16	14	18	10	18	16	11	20	12	14	11	17	12	15	20	16	16	14	18	20	15	13	10	19	16	17	20	20	13	19	11	12	10	18	17	11	13	18	20	12	19	16	20	12	16	16	18	19	11	11	15	19	12	15	13	11	17	17	19	17	12	13	10	15	16	11	10	11	17	10	20	13	20	10	15	16	11	16	10	19	14	10	20	20	13	20	13	12	18	20	10	13	12	11	18	17	16	20	11	16	13	13	16	13	11	16	20	15	18	10	11	15	10	15	13	17	11	10	16	15	10	12	18	20	14	10	16	16	11	20	17	20	13	11	12	15	17	12	15	19	13	13	10	20	11	20	19	11	16	13	14	11	17	16	13	20	18	11	17	13	15	17	10	19	17	15	16	20	16	17	10	17	17	16	19	16	11	15	18	10	18	12	15	11	19	12	11	15	10	12	17	18	15	18	17	15	11	20	19	17	19	14	20	11	19	11	15	13	13	13	11	11	14	13	18	10	14	18	10	14	11	14	14	15	12	19	20	15	19	19	11	15	10	11	14	14	10	18	15	12	20	20	20	10	13	19	14	13	13	19	10	10	20	11	14	18	16	11	13	12	11	17	16	17	10	16	20	12	14	12	17	11	11	18	10	10	16	15	13	19	13	10	11	14	12	16	19	15	15	12	16	15	14	13	15	11	19	18	15	13	14	16	12	10	20	10	20	15	12	17	19	17	20	19	20	20	10	20	13	16	20	20	15	18	15	10	13	17	11	17	12	20	16	19	20	20	17	10	17	14	11	20	13	20	18	11	15	14	16	18	14	20	15	18	20	17	11	20	16	16	12	12	10	11	19	15	15	13	16	15	16	17	12	14	13	11	18	16	19	13	19	12	12	16	19	15	16	12	18	13	19	10	12	10	16	11	10	13	10	11	11	17	12	20	12	13	16	16	20	19	11	10	11	13	13	19	10	14	12	16	14	14	14	17	10	14	14	13	15	13	18	16	11	15	16	16	16	19	14	16	16	17	13	10	18	13	18	15	17	11	11	18	16	19	19	20	20	13	10	17	16	10	19	10	11	10	16	17	18	14	10	11	18	10	11	18	13	20	20	19	19	17	19	17	10	10	11	18	19	19	18	14	11	19	16	12	13	20	20	13	12	16	10	14	11	11	12	20	19	14	17	17	17	13	16	15	14	17	16	11	18	11	12	19	11	15	14	11	14	13	20	18	19	19	20	11	14	13	15	14	19	18	17	16	11	13	10	14	14	13	12	18	18	14	19	17	13	13	16	11	16	11	11	20	10	18	20	20	14	19	10	11	19	18	20	14	15	15	20	11	19	11	13	14	17	19	10	13	17	17	19	16	12	17	19	16	12	20	19	17	11	19	15	15	14	18	12	19	15	15	13	11	11	20	12	18	10	17	13	12	12	10	11	19	16	16	18	14	12	15	11	17	14	14	18	12	17	19	20	17	12	19	16	14	10	17	19	16	18	15	18	20	20	19	14	17	17	16	17	11	17	17	17	18	20	11	14	15	17	20	12	17	12	18	14	10	18	17	20	20	16	20	14	19	14	17	17	10	19	16	13	14	11	15	16	14	15	15	10	16	18	13	17	19	15	11	15	16	20	10	10	12	10	16	15	11	15	18	13	12	13	14	17	11	13	16	16	18	20	10	15	17	11	12	17	17	12	13	11	15	20	10	15	19	19	19	18	13	11	18	12	12	10	16	16	20	20	19	12	18	16	12	14	13	19	12	11	12	20	17	19	10	10	15	10	19	13	12	18	20	19	15	17	17	18	14	19	
1	1	1	1	1	1	1	1	1	1	1	1	1	1	1	1	1	1	1	1	1	1	1	1	1	1	1	2	2	2	2	2	2	2	2	2	2	2	2	2	2	2	2	2	2	2	2	2	2	2	2	3	3	3	3	3	3	3	3	3	3	3	3	3	3	3	3	3	3	3	3	3	3	3	3	3	3	3	3	3	3	3	3	4	4	4	4	4	4	4	4	4	4	4	4	4	4	4	4	4	4	4	4	4	4	4	4	4	4	4	4	4	5	5	5	5	5	5	5	5	5	5	5	5	5	5	5	5	5	5	5	5	5	5	5	5	5	5	5	5	5	5	5	5	5	5	5	5	5	6	6	6	6	6	6	6	6	6	6	6	6	6	6	6	6	6	6	6	6	6	6	6	6	6	6	6	6	6	6	7	7	7	7	7	7	7	7	7	7	7	7	7	7	7	7	7	7	7	7	7	7	7	7	7	7	7	7	7	8	8	8	8	8	8	8	8	8	8	8	8	8	8	8	8	8	8	8	8	8	8	8	8	8	8	8	8	8	8	8	8	8	8	8	9	9	9	9	9	9	9	9	9	9	9	9	9	9	9	9	9	9	9	9	9	9	9	9	9	9	9	9	9	9	9	9	9	10	10	10	10	10	10	10	10	10	10	10	10	10	10	10	10	10	10	10	10	10	10	10	10	10	10	10	10	10	10	10	10	10	10	10	10	10	10	10	10	10	10	10	10	10	10	11	11	11	11	11	11	11	11	11	11	11	11	11	11	11	11	11	11	11	11	11	11	11	11	11	11	11	11	11	11	12	12	12	12	12	12	12	12	12	12	12	12	12	12	12	12	12	12	12	12	12	12	12	12	12	12	12	12	12	12	12	12	12	12	12	12	12	13	13	13	13	13	13	13	13	13	13	13	13	13	13	13	13	13	13	13	13	13	13	13	13	13	13	13	13	13	13	13	13	13	13	13	13	13	13	13	13	13	14	14	14	14	14	14	14	14	14	14	14	14	14	14	14	14	14	14	14	14	14	14	14	14	15	15	15	15	15	15	15	15	15	15	15	15	15	15	15	15	15	15	15	15	15	15	15	15	15	15	15	15	15	15	15	15	15	15	15	16	16	16	16	16	16	16	16	16	16	16	16	16	16	16	16	16	16	16	16	16	16	16	16	16	16	16	16	16	16	16	16	16	17	17	17	17	17	17	17	17	17	17	17	17	17	17	17	17	17	17	17	17	17	17	17	17	17	17	17	17	17	17	17	17	17	17	17	17	18	18	18	18	18	18	18	18	18	18	18	18	18	18	18	18	18	18	18	18	18	18	18	18	18	18	18	18	18	18	18	18	18	18	18	18	19	19	19	19	19	19	19	19	19	19	19	19	19	19	19	19	19	19	19	19	19	19	19	19	19	19	19	19	19	19	19	19	19	19	19	19	19	19	19	20	20	20	20	20	20	20	20	20	20	20	20	20	20	20	20	20	20	20	20	20	20	20	20	20	20	20	20	21	21	21	21	21	21	21	21	21	21	21	21	21	21	21	21	21	21	21	21	21	21	21	21	21	21	21	21	21	21	21	21	21	21	21	21	22	22	22	22	22	22	22	22	22	22	22	22	22	22	22	22	22	22	22	22	22	22	22	22	22	22	22	22	22	22	22	22	22	22	22	23	23	23	23	23	23	23	23	23	23	23	23	23	23	23	23	23	23	23	23	23	23	23	23	23	24	24	24	24	24	24	24	24	24	24	24	24	24	24	24	24	24	24	24	24	24	24	24	24	24	24	24	24	24	24	24	24	24	24	24	24	24	24	24	25	25	25	25	25	25	25	25	25	25	25	25	25	25	25	25	25	25	25	25	25	25	25	25	25	25	25	25	25	25	25	26	26	26	26	26	26	26	26	26	26	26	26	26	26	26	26	26	26	26	26	26	26	26	26	26	26	26	26	26	26	26	26	26	26	27	27	27	27	27	27	27	27	27	27	27	27	27	27	27	27	27	27	27	27	27	27	27	27	27	27	27	27	27	27	27	27	27	27	27	27	28	28	28	28	28	28	28	28	28	28	28	28	28	28	28	28	28	28	28	28	28	28	28	28	28	28	29	29	29	29	29	29	29	29	29	29	29	29	29	29	29	29	29	29	29	29	29	29	29	29	29	29	29	29	29	29	29	29	29	29	29	30	30	30	30	30	30	30	30	30	30	30	30	30	30	30	30	30	30	30	30	30	30	30	30	30	30	30	30	30	30	30	30	30	30	30	30	30	30	30	30	30	30	
