1000
45	2
342	31.9
30	31	29	30	27	29	29	27	28	28	27	26	31	26	27	29	28	30	26	28	27	26	31	30	29	27	30	29	29	31	31	30	27	27	31	29	26	28	31	29	28	30	30	31	28	31	26	28	27	27	31	26	27	28	29	26	27	27	29	30	30	29	28	26	26	30	29	30	27	28	26	26	29	30	31	27	28	29	29	30	31	29	29	28	28	29	31	30	28	29	31	26	26	31	28	29	26	29	31	29	28	31	27	29	30	29	29	27	29	26	31	28	29	31	28	31	26	31	31	31	29	28	29	30	30	30	30	26	30	28	26	30	30	27	26	31	27	28	28	31	27	29	30	26	31	26	28	26	26	27	28	26	29	28	26	26	29	29	30	27	29	31	26	28	29	27	31	29	26	28	26	26	30	28	28	30	29	30	31	29	31	27	27	30	30	26	31	26	30	30	30	26	26	26	26	30	26	30	31	29	29	29	29	30	31	28	28	28	29	30	26	31	31	26	26	26	28	26	28	29	28	30	27	29	31	29	27	29	31	27	28	29	27	28	26	26	27	30	27	31	31	26	28	28	29	29	27	29	26	28	26	31	29	28	30	27	26	27	30	27	26	27	27	29	28	27	28	30	30	30	29	26	31	30	29	31	29	26	27	28	30	30	31	26	29	29	31	27	31	29	28	26	27	31	29	27	28	27	31	29	26	27	31	26	30	31	26	26	26	26	26	29	30	27	31	26	28	29	28	30	28	31	29	31	27	26	26	30	30	27	26	27	26	29	29	28	28	30	31	30	28	29	28	26	26	28	29	31	29	27	26	30	27	28	31	26	27	26	31	29	27	30	28	28	28	29	30	28	30	31	29	30	30	29	29	27	27	28	26	26	29	29	28	27	26	27	30	30	29	30	26	31	30	31	31	30	26	30	30	29	26	29	30	28	31	27	29	29	26	29	31	29	31	29	30	26	28	26	29	28	31	26	28	31	28	29	30	26	26	30	30	26	29	29	26	29	31	27	26	27	31	27	30	30	28	31	29	27	30	31	29	26	27	28	29	27	29	26	27	29	27	27	28	30	26	29	29	31	27	27	26	28	26	28	31	27	29	28	27	30	26	29	28	26	31	31	29	26	29	26	31	27	29	29	29	28	27	28	28	27	26	30	27	30	28	31	31	29	30	27	28	28	30	29	30	28	26	29	27	31	30	29	26	28	28	26	28	30	26	26	27	29	28	26	29	26	31	26	30	27	26	30	29	30	28	27	27	28	31	28	27	27	27	28	29	28	27	26	30	31	31	31	31	29	27	29	26	30	28	29	29	31	31	31	30	28	27	31	28	26	29	27	31	31	28	30	26	31	31	29	31	31	26	27	31	30	29	29	27	29	30	26	31	29	29	29	27	29	26	28	28	26	30	27	27	26	27	26	30	30	27	29	28	26	30	28	31	26	28	26	26	30	27	29	28	28	29	27	30	28	31	28	27	27	26	27	31	27	30	30	28	27	26	27	29	28	29	29	26	27	31	26	28	27	31	29	30	26	31	28	28	29	28	31	30	30	26	26	31	29	28	31	29	31	26	27	29	28	29	30	31	26	30	27	31	30	31	26	29	26	30	26	26	28	29	29	29	29	30	29	26	27	26	30	31	28	28	28	30	28	26	31	31	29	26	31	30	27	31	26	31	27	30	29	27	26	29	30	30	26	26	28	27	29	30	28	31	30	26	27	30	29	27	27	27	26	27	26	29	28	26	30	28	31	30	27	31	30	30	26	28	27	31	28	31	29	29	27	26	26	27	26	31	26	26	29	31	29	31	26	31	26	31	26	27	31	31	28	29	26	28	29	27	29	30	28	29	28	27	27	31	29	30	29	30	30	26	31	28	27	27	29	30	27	27	26	31	29	30	28	28	30	30	31	31	27	28	29	31	30	29	26	26	31	26	28	26	27	30	29	31	27	26	31	29	28	29	27	29	26	28	30	26	28	29	26	31	30	30	26	28	30	30	30	28	27	29	31	31	28	31	31	27	28	26	27	28	29	28	28	27	30	31	26	31	31	28	29	29	29	26	27	26	30	28	30	26	30	30	28	28	28	29	27	26	27	26	27	27	30	27	27	27	29	28	29	29	31	27	27	31	26	30	28	31	28	31	29	31	31	28	31	29	30	30	31	27	26	31	29	26	27	26	26	30	27	27	27	31	28	30	29	29	28	27	31	30	30	26	27	27	28	26	27	28	28	27	26	30	29	27	27	30	31	28	26	31	29	29	31	26	30	28	28	26	28	27	26	28	28	
94	83	79	91	84	79	86	82	83	80	92	94	79	79	94	91	82	86	86	91	89	76	87	80	83	81	83	85	87	76	77	79	77	90	93	93	87	84	85	78	77	87	86	90	87	89	80	93	83	91	77	90	79	93	88	93	94	94	90	88	78	89	90	82	77	89	94	89	89	84	91	82	84	91	83	85	87	87	94	81	90	81	79	92	79	83	91	76	87	94	79	76	87	92	76	85	90	76	76	92	79	90	86	92	89	85	85	79	88	77	76	90	89	78	93	79	88	82	87	82	80	80	79	90	90	90	83	94	85	93	81	89	79	85	92	87	91	87	88	76	94	78	84	93	81	87	86	86	92	76	76	78	79	82	92	91	94	86	86	87	92	85	90	82	82	87	80	82	91	77	78	91	88	77	83	79	93	82	76	83	80	92	88	86	87	83	80	87	91	87	87	86	85	88	87	90	90	81	90	93	78	89	82	84	79	76	78	93	82	85	83	84	94	86	88	85	93	93	77	94	80	83	81	89	77	86	81	81	77	93	88	83	90	89	84	84	93	83	91	76	89	91	93	83	92	80	88	93	81	89	79	85	89	88	94	87	93	77	81	80	89	87	92	87	85	91	78	86	91	88	79	88	85	76	77	83	79	88	89	90	85	80	90	85	82	85	88	85	81	78	83	92	93	82	77	90	91	87	93	79	90	84	94	93	92	94	87	85	87	85	92	87	91	78	86	90	76	89	82	82	78	90	85	91	87	85	79	87	93	93	89	90	82	79	88	90	93	84	83	76	93	89	81	88	80	91	86	93	78	90	77	86	84	77	94	82	78	78	92	76	90	80	77	79	90	80	79	88	92	88	81	80	79	87	78	85	82	79	79	84	89	94	76	80	88	88	85	77	92	83	89	87	94	84	82	91	92	91	78	88	78	78	91	89	78	91	81	84	91	94	86	82	91	85	89	93	81	76	81	81	93	93	91	78	77	91	83	91	82	87	90	83	80	88	94	83	77	83	87	90	79	81	93	85	88	83	82	92	91	84	93	84	76	80	76	76	83	80	86	81	77	92	94	80	93	91	90	92	86	88	94	79	94	90	84	84	92	83	89	88	80	92	82	90	79	77	83	94	88	89	81	87	88	84	77	85	79	90	82	93	85	85	84	81	87	94	89	80	79	94	85	86	90	82	85	78	88	94	78	90	94	93	93	94	88	93	90	84	78	78	80	93	90	87	82	80	89	90	76	77	92	90	94	88	93	80	92	89	79	91	82	87	92	93	87	83	84	78	87	83	88	79	93	79	90	76	82	93	94	92	84	80	80	88	78	93	88	78	90	87	80	85	94	90	77	80	79	81	93	86	87	92	84	92	78	84	81	84	90	76	93	88	90	89	87	94	90	87	84	88	90	91	90	77	83	79	81	83	82	89	85	89	89	82	82	81	80	90	88	89	82	82	83	88	88	92	79	86	94	76	79	85	88	81	86	76	82	91	89	84	87	86	83	88	76	80	78	94	76	87	92	84	83	87	87	82	94	94	82	93	90	87	80	82	90	79	89	83	82	78	80	87	90	78	90	84	77	89	81	78	86	84	90	87	80	82	93	80	79	87	82	94	93	88	86	84	76	94	87	94	82	76	90	84	84	83	88	80	88	80	83	89	87	85	80	84	83	88	90	82	92	88	93	81	84	82	86	92	91	92	87	80	81	79	81	79	82	94	79	86	79	78	89	79	82	88	87	76	90	91	93	94	89	77	80	87	88	90	79	86	92	81	84	80	83	89	82	86	76	78	90	76	90	83	84	78	87	77	78	93	83	87	92	77	88	92	84	79	89	91	94	84	78	88	77	91	79	85	76	79	87	89	90	92	86	91	89	81	91	88	82	84	77	82	81	79	76	88	88	77	93	83	86	91	82	81	76	77	76	91	86	93	88	80	94	87	78	85	82	84	78	85	84	78	79	84	90	76	84	76	76	83	93	88	77	84	93	93	85	82	85	80	80	81	77	93	85	91	87	88	94	88	79	86	80	85	94	77	76	80	91	94	82	88	86	78	92	84	76	84	92	81	82	90	84	88	89	89	94	93	92	89	85	83	90	86	77	94	79	86	89	91	82	81	77	79	87	94	86	85	94	80	80	86	81	92	76	79	89	93	89	82	78	84	81	86	92	88	86	78	94	91	79	81	77	84	80	76	83	92	92	87	84	86	86	80	91	84	84	82	84	85	82	77	82	83	78	80	86	83	84	87	84	78	94	91	76	91	91	90	84	84	85	93	83	80	77	93	83	83	
15.4	12.1	17.6	29.7	16.5	33	13.2	16.5	17.6	14.3	17.6	20.9	15.4	20.9	31.9	29.7	13.2	19.8	13.2	16.5	17.6	26.4	16.5	11	28.6	25.3	11	33	22	17.6	12.1	31.9	17.6	30.8	33	13.2	11	20.9	11	25.3	14.3	31.9	26.4	13.2	13.2	28.6	11	25.3	24.2	12.1	31.9	18.7	30.8	29.7	12.1	33	26.4	11	29.7	22	18.7	26.4	17.6	17.6	18.7	24.2	11	25.3	20.9	22	15.4	15.4	25.3	26.4	11	30.8	27.5	18.7	20.9	26.4	24.2	33	30.8	24.2	29.7	33	23.1	16.5	11	23.1	13.2	26.4	30.8	23.1	30.8	16.5	23.1	30.8	17.6	22	15.4	12.1	18.7	12.1	16.5	30.8	13.2	18.7	28.6	23.1	26.4	20.9	12.1	31.9	30.8	15.4	15.4	25.3	24.2	22	29.7	13.2	31.9	22	33	18.7	33	20.9	16.5	15.4	24.2	33	11	14.3	15.4	28.6	33	30.8	20.9	23.1	23.1	17.6	18.7	30.8	22	18.7	30.8	24.2	18.7	18.7	13.2	20.9	31.9	28.6	26.4	11	24.2	13.2	29.7	27.5	12.1	29.7	33	31.9	11	12.1	33	28.6	31.9	16.5	25.3	18.7	33	12.1	18.7	19.8	19.8	11	31.9	16.5	20.9	14.3	16.5	18.7	17.6	22	30.8	13.2	23.1	26.4	19.8	29.7	16.5	18.7	33	25.3	23.1	18.7	26.4	31.9	25.3	15.4	28.6	13.2	14.3	16.5	20.9	18.7	19.8	13.2	24.2	22	19.8	13.2	12.1	24.2	28.6	29.7	11	29.7	26.4	28.6	13.2	31.9	30.8	25.3	13.2	13.2	22	11	12.1	12.1	29.7	29.7	16.5	33	12.1	29.7	12.1	22	15.4	12.1	13.2	29.7	17.6	27.5	29.7	31.9	23.1	11	29.7	24.2	11	11	13.2	26.4	18.7	33	19.8	13.2	17.6	22	29.7	29.7	19.8	20.9	15.4	19.8	19.8	25.3	12.1	33	29.7	24.2	18.7	22	15.4	19.8	25.3	12.1	25.3	33	33	28.6	13.2	28.6	14.3	14.3	30.8	29.7	20.9	22	18.7	28.6	16.5	23.1	18.7	16.5	26.4	31.9	28.6	15.4	19.8	15.4	18.7	13.2	13.2	27.5	17.6	28.6	25.3	19.8	30.8	23.1	20.9	28.6	18.7	14.3	31.9	28.6	24.2	26.4	25.3	15.4	28.6	20.9	11	12.1	17.6	20.9	23.1	23.1	22	16.5	24.2	16.5	22	23.1	16.5	18.7	29.7	16.5	12.1	24.2	15.4	12.1	18.7	28.6	31.9	15.4	23.1	22	16.5	30.8	29.7	11	28.6	24.2	13.2	11	27.5	27.5	27.5	15.4	30.8	13.2	14.3	17.6	12.1	16.5	15.4	19.8	22	16.5	27.5	17.6	27.5	15.4	22	20.9	22	12.1	22	29.7	16.5	27.5	33	17.6	29.7	28.6	25.3	15.4	31.9	22	14.3	26.4	16.5	31.9	33	19.8	17.6	18.7	30.8	11	23.1	20.9	29.7	19.8	24.2	15.4	14.3	30.8	15.4	19.8	29.7	29.7	27.5	29.7	31.9	14.3	26.4	19.8	17.6	16.5	20.9	29.7	18.7	24.2	22	30.8	31.9	30.8	17.6	27.5	31.9	24.2	12.1	25.3	11	14.3	18.7	22	18.7	12.1	31.9	23.1	33	22	24.2	17.6	23.1	29.7	28.6	16.5	18.7	18.7	16.5	28.6	11	22	12.1	28.6	33	24.2	22	24.2	23.1	22	22	30.8	27.5	25.3	31.9	25.3	22	30.8	24.2	14.3	11	14.3	12.1	14.3	12.1	25.3	17.6	30.8	25.3	18.7	16.5	16.5	23.1	26.4	26.4	14.3	23.1	28.6	13.2	26.4	31.9	18.7	28.6	25.3	30.8	24.2	23.1	19.8	22	12.1	33	22	28.6	22	18.7	29.7	27.5	23.1	14.3	12.1	24.2	28.6	27.5	23.1	11	27.5	29.7	14.3	14.3	31.9	24.2	19.8	23.1	14.3	16.5	26.4	27.5	18.7	16.5	25.3	23.1	20.9	24.2	27.5	23.1	28.6	31.9	28.6	24.2	13.2	31.9	17.6	31.9	29.7	26.4	22	16.5	11	30.8	11	14.3	28.6	22	28.6	15.4	22	30.8	33	25.3	26.4	29.7	16.5	28.6	17.6	29.7	17.6	11	25.3	29.7	16.5	19.8	18.7	26.4	16.5	15.4	26.4	26.4	15.4	15.4	28.6	19.8	27.5	17.6	14.3	28.6	13.2	26.4	20.9	16.5	31.9	33	30.8	31.9	17.6	20.9	24.2	20.9	29.7	25.3	23.1	19.8	17.6	13.2	29.7	14.3	12.1	27.5	25.3	13.2	29.7	12.1	19.8	30.8	19.8	28.6	19.8	17.6	28.6	17.6	12.1	20.9	19.8	18.7	11	26.4	16.5	30.8	33	17.6	26.4	25.3	27.5	26.4	29.7	17.6	22	13.2	17.6	26.4	11	24.2	24.2	33	33	24.2	24.2	11	22	31.9	17.6	19.8	33	13.2	16.5	17.6	24.2	30.8	15.4	20.9	27.5	14.3	31.9	11	18.7	12.1	13.2	27.5	33	14.3	18.7	20.9	11	22	26.4	16.5	17.6	16.5	30.8	29.7	22	29.7	19.8	27.5	27.5	27.5	19.8	13.2	29.7	20.9	11	25.3	30.8	25.3	25.3	22	15.4	17.6	27.5	23.1	26.4	33	27.5	11	30.8	20.9	25.3	11	25.3	25.3	20.9	12.1	27.5	30.8	24.2	12.1	12.1	33	29.7	22	23.1	25.3	33	18.7	16.5	19.8	11	13.2	20.9	15.4	24.2	22	14.3	13.2	11	17.6	26.4	20.9	16.5	24.2	20.9	17.6	23.1	19.8	30.8	12.1	19.8	19.8	24.2	25.3	22	14.3	17.6	19.8	29.7	20.9	28.6	27.5	20.9	24.2	11	31.9	28.6	16.5	15.4	24.2	19.8	15.4	28.6	27.5	24.2	33	12.1	16.5	20.9	33	26.4	27.5	27.5	18.7	13.2	24.2	27.5	14.3	20.9	33	12.1	19.8	23.1	16.5	11	19.8	28.6	25.3	13.2	17.6	14.3	20.9	16.5	17.6	27.5	15.4	13.2	22	19.8	19.8	28.6	11	24.2	31.9	19.8	29.7	25.3	28.6	28.6	24.2	28.6	31.9	28.6	31.9	23.1	33	17.6	15.4	24.2	29.7	12.1	27.5	16.5	27.5	11	33	33	30.8	29.7	26.4	11	28.6	17.6	12.1	26.4	24.2	33	30.8	16.5	13.2	20.9	28.6	27.5	33	25.3	22	15.4	20.9	13.2	30.8	15.4	31.9	27.5	23.1	24.2	27.5	27.5	24.2	20.9	27.5	11	11	23.1	30.8	20.9	26.4	25.3	14.3	17.6	26.4	17.6	33	29.7	29.7	13.2	30.8	33	30.8	20.9	31.9	17.6	20.9	29.7	17.6	24.2	23.1	12.1	16.5	29.7	31.9	17.6	33	11	19.8	11	15.4	30.8	28.6	33	13.2	29.7	15.4	14.3	27.5	31.9	14.3	33	12.1	13.2	16.5	11	28.6	16.5	14.3	13.2	18.7	24.2	20.9	13.2	14.3	26.4	25.3	25.3	19.8	14.3	15.4	24.2	23.1	15.4	23.1	17.6	27.5	14.3	27.5	29.7	25.3	23.1	27.5	29.7	22	22	14.3	33	11	24.2	28.6	27.5	23.1	30.8	28.6	26.4	22	28.6	27.5	29.7	18.7	26.4	16.5	12.1	33	29.7	13.2	28.6	24.2	25.3	24.2	16.5	30.8	12.1	31.9	13.2	33	13.2	33	24.2	14.3	26.4	18.7	25.3	17.6	20.9	17.6	13.2	23.1	16.5	14.3	14.3	
26.4	24.2	24.2	16.5	20.9	30.8	27.5	24.2	14.3	17.6	23.1	31.9	13.2	17.6	29.7	16.5	11	16.5	26.4	18.7	26.4	20.9	12.1	27.5	14.3	11	18.7	23.1	22	27.5	14.3	17.6	12.1	24.2	33	33	14.3	22	12.1	33	19.8	28.6	23.1	28.6	26.4	20.9	20.9	23.1	15.4	18.7	17.6	19.8	14.3	19.8	11	29.7	29.7	15.4	28.6	19.8	25.3	28.6	25.3	20.9	19.8	15.4	11	27.5	18.7	30.8	33	24.2	30.8	12.1	28.6	19.8	20.9	26.4	16.5	31.9	11	18.7	17.6	26.4	16.5	23.1	14.3	16.5	30.8	26.4	17.6	14.3	15.4	17.6	28.6	30.8	11	29.7	16.5	24.2	29.7	12.1	11	12.1	17.6	25.3	17.6	16.5	24.2	15.4	33	30.8	17.6	14.3	13.2	31.9	33	27.5	26.4	28.6	14.3	19.8	18.7	28.6	27.5	29.7	33	27.5	24.2	11	12.1	14.3	28.6	15.4	33	31.9	30.8	24.2	28.6	20.9	19.8	31.9	33	18.7	29.7	19.8	11	18.7	12.1	29.7	16.5	22	11	12.1	17.6	18.7	16.5	18.7	27.5	14.3	22	18.7	26.4	31.9	31.9	28.6	12.1	13.2	11	12.1	23.1	31.9	30.8	24.2	19.8	16.5	19.8	24.2	29.7	26.4	24.2	14.3	31.9	14.3	29.7	22	29.7	19.8	26.4	28.6	30.8	30.8	16.5	25.3	15.4	17.6	24.2	27.5	12.1	18.7	11	29.7	28.6	14.3	29.7	30.8	19.8	31.9	26.4	11	18.7	14.3	17.6	27.5	24.2	20.9	33	29.7	33	18.7	31.9	24.2	25.3	33	16.5	20.9	25.3	23.1	22	33	11	22	23.1	30.8	27.5	23.1	17.6	12.1	19.8	28.6	30.8	14.3	16.5	26.4	29.7	18.7	28.6	27.5	31.9	18.7	25.3	13.2	29.7	16.5	18.7	15.4	22	15.4	30.8	26.4	12.1	27.5	13.2	11	19.8	26.4	28.6	11	18.7	33	14.3	16.5	27.5	24.2	11	14.3	29.7	31.9	11	24.2	14.3	13.2	18.7	17.6	27.5	29.7	33	27.5	24.2	19.8	15.4	14.3	26.4	24.2	23.1	16.5	31.9	23.1	23.1	23.1	12.1	29.7	28.6	19.8	20.9	18.7	22	29.7	17.6	19.8	28.6	12.1	33	13.2	24.2	12.1	24.2	20.9	20.9	28.6	31.9	24.2	20.9	30.8	17.6	18.7	18.7	15.4	15.4	33	13.2	11	27.5	15.4	27.5	28.6	24.2	22	17.6	28.6	15.4	26.4	20.9	12.1	29.7	26.4	33	26.4	26.4	33	26.4	18.7	16.5	15.4	26.4	12.1	17.6	13.2	18.7	11	16.5	30.8	23.1	13.2	14.3	18.7	22	29.7	27.5	26.4	17.6	17.6	12.1	11	25.3	27.5	26.4	29.7	24.2	31.9	26.4	31.9	33	25.3	11	13.2	11	15.4	26.4	27.5	33	16.5	18.7	27.5	18.7	28.6	30.8	13.2	22	18.7	30.8	13.2	33	31.9	17.6	13.2	26.4	17.6	29.7	16.5	19.8	25.3	22	16.5	16.5	31.9	26.4	27.5	29.7	24.2	33	19.8	30.8	13.2	16.5	25.3	30.8	15.4	23.1	14.3	28.6	12.1	28.6	31.9	11	18.7	12.1	31.9	15.4	12.1	33	13.2	28.6	15.4	30.8	27.5	31.9	24.2	22	28.6	22	12.1	11	17.6	27.5	29.7	31.9	31.9	24.2	11	28.6	13.2	20.9	25.3	19.8	23.1	33	11	24.2	30.8	12.1	11	26.4	31.9	22	13.2	20.9	30.8	19.8	24.2	27.5	25.3	24.2	25.3	18.7	15.4	26.4	30.8	27.5	28.6	17.6	24.2	19.8	33	25.3	11	33	18.7	33	20.9	17.6	14.3	20.9	26.4	13.2	30.8	23.1	23.1	19.8	15.4	15.4	26.4	24.2	13.2	25.3	15.4	30.8	30.8	33	30.8	18.7	28.6	17.6	16.5	18.7	33	20.9	25.3	26.4	12.1	11	33	30.8	26.4	14.3	31.9	22	24.2	20.9	29.7	23.1	31.9	20.9	15.4	28.6	14.3	30.8	26.4	33	14.3	23.1	22	30.8	13.2	29.7	13.2	25.3	26.4	23.1	19.8	23.1	12.1	30.8	22	14.3	15.4	28.6	14.3	24.2	27.5	24.2	30.8	23.1	15.4	16.5	14.3	20.9	30.8	26.4	12.1	18.7	29.7	28.6	27.5	23.1	16.5	20.9	22	30.8	24.2	14.3	11	26.4	12.1	20.9	30.8	12.1	25.3	33	30.8	19.8	31.9	18.7	25.3	20.9	27.5	18.7	26.4	29.7	14.3	19.8	15.4	28.6	23.1	14.3	25.3	15.4	26.4	27.5	20.9	12.1	25.3	28.6	20.9	24.2	22	25.3	23.1	14.3	26.4	26.4	16.5	31.9	15.4	22	18.7	20.9	30.8	15.4	12.1	16.5	14.3	24.2	25.3	14.3	24.2	11	13.2	29.7	25.3	30.8	26.4	20.9	31.9	26.4	25.3	26.4	33	30.8	26.4	17.6	18.7	27.5	19.8	11	15.4	17.6	27.5	12.1	15.4	15.4	15.4	25.3	13.2	33	28.6	22	31.9	17.6	30.8	11	29.7	19.8	14.3	12.1	11	28.6	22	28.6	12.1	24.2	12.1	25.3	23.1	31.9	31.9	29.7	11	29.7	31.9	26.4	13.2	20.9	28.6	11	13.2	16.5	19.8	18.7	11	12.1	18.7	12.1	16.5	15.4	33	24.2	14.3	20.9	30.8	15.4	29.7	26.4	27.5	13.2	19.8	20.9	31.9	25.3	31.9	19.8	12.1	19.8	13.2	24.2	16.5	23.1	30.8	24.2	18.7	17.6	25.3	23.1	26.4	25.3	19.8	17.6	25.3	30.8	22	15.4	18.7	33	23.1	31.9	25.3	31.9	25.3	24.2	15.4	31.9	25.3	24.2	27.5	23.1	30.8	19.8	23.1	18.7	17.6	23.1	33	26.4	17.6	13.2	11	15.4	26.4	27.5	17.6	22	19.8	33	31.9	17.6	20.9	22	25.3	31.9	18.7	33	19.8	20.9	28.6	22	19.8	25.3	11	29.7	12.1	20.9	19.8	26.4	24.2	11	14.3	27.5	30.8	30.8	15.4	29.7	12.1	26.4	14.3	17.6	16.5	16.5	12.1	23.1	14.3	28.6	30.8	25.3	11	13.2	15.4	28.6	13.2	23.1	15.4	22	23.1	16.5	26.4	16.5	33	14.3	20.9	16.5	29.7	28.6	28.6	33	11	31.9	25.3	20.9	22	27.5	27.5	15.4	17.6	18.7	13.2	31.9	13.2	19.8	33	11	17.6	12.1	22	11	14.3	31.9	30.8	27.5	30.8	24.2	24.2	33	19.8	25.3	27.5	14.3	15.4	19.8	15.4	31.9	28.6	29.7	18.7	14.3	14.3	19.8	11	22	16.5	29.7	18.7	27.5	24.2	12.1	31.9	28.6	26.4	19.8	22	33	15.4	25.3	13.2	11	12.1	13.2	14.3	26.4	13.2	22	13.2	14.3	28.6	28.6	19.8	15.4	30.8	12.1	27.5	30.8	24.2	19.8	14.3	24.2	33	19.8	12.1	24.2	18.7	28.6	23.1	20.9	30.8	16.5	14.3	30.8	33	23.1	13.2	15.4	26.4	27.5	28.6	20.9	24.2	20.9	17.6	30.8	26.4	12.1	24.2	22	13.2	14.3	30.8	18.7	27.5	28.6	28.6	16.5	18.7	30.8	27.5	33	11	33	14.3	33	11	17.6	31.9	18.7	31.9	20.9	31.9	11	13.2	29.7	23.1	18.7	30.8	29.7	24.2	17.6	14.3	20.9	16.5	24.2	27.5	29.7	29.7	25.3	33	20.9	13.2	22	29.7	33	29.7	12.1	12.1	
19.8	11	26.4	16.5	19.8	26.4	25.3	31.9	12.1	31.9	33	22	13.2	14.3	30.8	25.3	11	19.8	20.9	19.8	12.1	14.3	14.3	27.5	14.3	24.2	25.3	27.5	18.7	13.2	29.7	19.8	13.2	30.8	30.8	14.3	18.7	15.4	23.1	16.5	11	13.2	17.6	15.4	18.7	
18	10	11	19	20	17	15	15	18	16	10	18	20	13	10	11	10	15	16	11	16	18	12	16	10	11	13	11	16	15	13	18	15	18	10	17	17	12	10	13	19	18	14	20	20	11	18	12	19	12	17	20	14	14	20	17	16	17	12	13	14	17	17	17	13	13	19	13	19	11	15	10	14	14	10	19	12	10	14	15	10	17	13	15	20	13	11	16	19	15	11	10	17	11	19	15	10	11	16	19	20	15	12	14	14	15	14	10	20	12	20	14	20	15	15	19	18	14	10	18	16	11	13	20	12	15	14	13	17	14	17	12	15	11	13	19	19	15	10	17	20	14	11	19	10	13	18	20	19	11	15	14	10	15	11	12	11	11	15	16	13	14	13	19	11	11	10	15	15	17	11	12	15	15	14	12	12	17	18	16	13	18	11	10	10	18	15	20	13	15	13	19	15	18	18	19	14	20	15	10	15	14	18	11	18	18	13	20	11	13	17	11	13	10	19	14	15	19	17	20	19	14	16	18	13	15	15	11	15	15	19	17	17	19	19	15	14	11	11	14	20	15	20	17	19	17	17	12	12	10	16	15	19	18	15	14	20	15	18	18	20	14	18	10	12	12	19	15	20	11	15	14	20	11	13	16	14	20	18	10	11	13	15	12	16	12	10	15	14	14	14	18	20	11	15	17	15	12	16	14	20	15	17	12	11	19	13	12	15	20	12	13	14	14	10	16	18	17	15	18	20	17	15	15	18	15	13	20	18	17	19	13	19	18	19	10	18	20	18	12	11	18	19	16	19	19	10	19	16	16	13	10	15	19	17	16	18	13	15	14	18	17	17	16	17	20	14	16	17	10	11	14	13	10	17	14	13	17	17	13	17	10	15	15	18	20	15	20	10	20	15	13	17	15	12	14	20	19	12	16	14	13	19	16	13	15	16	16	14	12	18	19	17	18	10	14	13	19	13	13	13	12	15	13	12	14	15	15	20	14	13	15	10	17	10	12	15	16	16	13	20	14	20	20	17	19	12	11	15	16	15	16	13	16	20	19	18	13	13	15	12	15	10	15	10	14	17	10	11	19	15	18	11	15	20	10	17	13	13	20	19	12	16	17	12	16	13	13	13	20	20	10	12	14	17	19	16	11	12	10	13	14	13	11	18	11	19	12	15	15	14	12	15	15	20	13	20	20	17	14	11	10	10	18	18	17	19	18	17	19	10	14	19	11	13	19	15	20	11	17	13	17	13	16	20	17	16	13	18	13	17	11	19	20	20	16	11	15	18	13	13	13	11	13	13	15	14	19	16	11	11	17	11	18	17	16	11	15	20	15	20	12	12	14	13	17	16	20	17	16	17	10	12	10	18	15	20	18	16	16	19	20	12	19	10	20	15	11	12	10	13	20	11	14	19	18	16	10	12	17	15	20	18	19	10	14	10	20	11	12	19	11	16	19	20	13	20	11	11	18	17	11	15	13	16	19	10	10	18	10	13	20	17	18	12	18	11	12	17	19	20	20	16	11	16	14	15	12	20	10	13	14	19	10	11	19	18	18	15	13	14	16	20	13	15	19	11	11	12	10	11	19	15	14	18	10	19	20	20	15	12	10	16	20	14	18	17	11	10	14	15	13	19	17	17	17	11	11	18	11	15	12	11	18	16	18	10	15	17	12	11	19	14	19	16	15	18	14	15	18	20	14	20	13	17	20	14	14	10	11	11	19	19	15	18	18	12	13	14	20	10	11	14	12	20	18	13	10	13	14	15	12	12	10	13	17	12	12	11	17	11	10	15	18	18	18	11	15	13	13	16	16	16	10	17	18	12	20	16	19	11	15	14	18	15	20	15	10	19	12	19	12	19	15	19	17	10	10	11	14	11	11	13	19	20	18	17	20	11	14	11	14	16	18	10	15	11	13	11	18	10	13	16	12	17	19	14	20	10	16	10	16	19	19	17	20	10	17	15	17	20	18	17	10	17	13	12	16	10	19	14	19	15	18	11	20	10	14	16	16	19	19	17	12	10	13	12	17	10	19	19	19	16	16	13	18	17	19	18	18	19	18	14	20	18	12	18	10	16	11	17	11	17	12	20	10	15	15	18	19	20	10	11	20	15	17	10	11	10	13	18	16	19	17	15	11	11	18	19	20	10	17	18	11	18	14	12	10	11	14	17	18	12	15	12	14	14	17	16	16	15	18	16	14	14	14	12	20	11	16	12	20	11	18	16	19	13	13	17	20	15	13	13	14	17	18	12	16	14	10	13	12	16	15	17	12	13	18	18	10	
1	1	1	1	1	1	1	1	1	1	1	1	1	1	1	1	1	1	1	2	2	2	2	2	2	2	2	2	2	2	2	2	2	2	2	2	2	2	2	2	2	2	2	2	2	3	3	3	3	3	3	3	3	3	3	3	3	3	3	3	3	3	3	3	3	3	4	4	4	4	4	4	4	4	4	4	4	4	4	4	4	4	4	4	4	4	4	4	4	4	4	4	5	5	5	5	5	5	5	5	5	5	5	5	5	5	5	5	5	5	5	5	5	5	5	5	5	5	6	6	6	6	6	6	6	6	6	6	6	6	6	6	6	6	6	6	7	7	7	7	7	7	7	7	7	7	7	7	7	7	7	7	7	7	7	7	7	7	7	7	7	7	7	7	7	7	8	8	8	8	8	8	8	8	8	8	8	8	8	8	8	8	8	8	8	8	8	8	8	8	8	9	9	9	9	9	9	9	9	9	9	9	9	9	9	9	9	9	9	9	10	10	10	10	10	10	10	10	10	10	10	10	10	10	10	10	10	10	10	10	10	10	10	10	10	10	10	11	11	11	11	11	11	11	11	11	11	11	11	11	11	11	11	11	11	11	11	11	11	12	12	12	12	12	12	12	12	12	12	12	12	12	12	12	12	13	13	13	13	13	13	13	13	13	13	13	13	13	13	13	13	13	13	13	13	14	14	14	14	14	14	14	14	14	14	14	14	14	14	14	14	14	15	15	15	15	15	15	15	15	15	15	15	15	15	15	15	15	15	15	15	15	15	15	15	15	15	15	15	15	15	15	15	15	15	15	15	15	16	16	16	16	16	16	16	16	16	16	16	16	16	16	16	16	16	16	16	16	16	16	16	16	16	16	16	16	17	17	17	17	17	17	17	17	17	17	17	17	17	17	17	17	17	17	17	17	17	17	17	17	17	17	17	17	17	18	18	18	18	18	18	18	18	18	18	18	18	18	18	18	18	18	18	19	19	19	19	19	19	19	19	19	19	19	19	19	19	19	19	19	19	19	19	20	20	20	20	20	20	20	20	20	20	20	20	20	20	20	20	20	20	20	20	20	20	20	21	21	21	21	21	21	21	21	21	21	21	21	21	21	21	21	21	21	21	21	21	21	22	22	22	22	22	22	22	22	22	22	22	22	22	22	22	22	23	23	23	23	23	23	23	23	23	23	23	23	23	23	23	23	23	23	23	23	24	24	24	24	24	24	24	24	24	24	24	24	24	24	24	24	24	24	24	24	24	24	24	25	25	25	25	25	25	25	25	25	25	25	25	25	25	25	25	25	25	25	25	25	25	25	26	26	26	26	26	26	26	26	26	26	26	26	26	26	26	26	26	26	26	27	27	27	27	27	27	27	27	27	27	27	27	27	27	27	27	27	27	27	27	27	27	27	27	27	27	27	27	27	28	28	28	28	28	28	28	28	28	28	28	28	28	28	28	28	28	29	29	29	29	29	29	29	29	29	29	29	29	29	29	29	29	29	30	30	30	30	30	30	30	30	30	30	30	30	30	30	30	30	30	30	30	30	30	30	30	30	30	30	30	30	30	30	30	30	30	31	31	31	31	31	31	31	31	31	31	31	31	31	31	31	31	31	31	31	31	31	31	31	31	31	31	31	31	31	32	32	32	32	32	32	32	32	32	32	32	32	32	32	32	32	32	32	32	32	32	32	33	33	33	33	33	33	33	33	33	33	33	33	33	33	33	33	33	33	33	33	33	33	33	33	33	33	33	33	33	33	34	34	34	34	34	34	34	34	34	34	34	34	34	34	34	35	35	35	35	35	35	35	35	35	35	35	35	35	35	35	35	35	35	35	35	35	35	35	35	35	35	35	35	35	36	36	36	36	36	36	36	36	36	36	36	36	36	36	36	36	36	37	37	37	37	37	37	37	37	37	37	37	37	37	37	37	37	38	38	38	38	38	38	38	38	38	38	38	38	38	38	38	38	38	38	38	39	39	39	39	39	39	39	39	39	39	39	39	39	39	39	39	39	39	39	39	39	39	39	39	39	39	39	39	40	40	40	40	40	40	40	40	40	40	40	40	40	40	40	40	40	40	40	41	41	41	41	41	41	41	41	41	41	41	41	41	41	41	41	41	41	42	42	42	42	42	42	42	42	42	42	42	42	42	42	42	42	42	43	43	43	43	43	43	43	43	43	43	43	43	44	44	44	44	44	44	44	44	44	44	44	44	44	44	44	44	44	44	44	44	44	44	44	44	44	45	45	45	45	45	45	45	45	45	45	45	45	45	45	45	45	45	45	45	
