1000
45	9
361	16.5
26	26	28	26	31	31	26	31	27	30	26	28	27	28	30	26	31	28	29	30	31	30	30	30	31	28	30	30	28	30	29	30	28	31	30	31	27	29	27	28	27	29	29	28	26	28	27	28	27	29	30	29	31	27	29	27	28	30	26	31	29	31	26	30	31	28	29	28	30	30	27	27	31	30	27	29	31	30	27	30	28	27	31	27	31	28	30	26	31	29	26	31	31	28	28	30	28	26	31	31	26	27	31	29	27	28	30	26	28	29	31	28	31	28	31	28	27	28	31	28	30	30	31	30	27	27	26	26	31	26	26	27	26	31	29	31	26	27	28	26	28	28	26	31	28	27	30	28	31	31	30	28	30	31	30	31	28	26	28	29	28	26	28	27	28	30	26	29	29	28	30	27	29	26	29	26	26	31	30	30	27	28	31	28	28	31	29	29	31	26	26	31	31	26	31	28	26	26	30	31	26	27	31	27	26	26	31	26	29	27	28	28	30	29	30	30	31	26	26	31	29	29	31	28	29	26	30	30	29	29	27	30	28	27	28	27	31	31	28	27	28	29	30	27	31	30	29	27	27	30	29	26	29	31	28	31	27	28	30	30	29	27	31	27	26	28	28	26	29	29	27	28	26	26	26	31	27	28	31	27	30	31	30	26	31	26	27	31	26	26	26	29	31	27	28	30	28	27	26	27	27	28	28	30	26	30	29	27	27	31	26	27	26	30	28	30	27	27	30	31	29	28	29	28	28	29	28	27	27	28	28	28	27	31	31	27	28	26	31	26	30	27	27	28	26	27	27	30	31	31	31	30	30	30	29	26	26	31	29	27	27	26	28	30	26	27	30	27	30	28	31	31	29	29	29	30	30	27	27	31	28	27	27	31	28	30	28	31	29	28	26	26	28	27	31	29	26	26	30	31	26	29	30	29	31	28	26	26	29	27	29	28	29	30	30	26	30	27	31	30	26	27	28	30	31	30	28	30	28	27	27	27	28	27	28	30	29	31	26	30	26	30	28	26	27	29	30	30	31	29	28	27	26	28	27	26	31	28	31	30	26	29	30	29	28	28	30	30	31	27	27	27	29	27	26	27	28	27	31	26	30	31	31	28	30	31	31	26	30	29	31	31	30	30	29	29	31	30	28	26	29	28	31	27	30	27	28	31	27	26	31	27	31	31	26	31	28	31	26	28	28	29	29	28	30	30	27	26	29	27	27	29	26	26	30	30	31	28	28	31	26	29	27	27	26	30	27	26	31	28	27	30	28	30	30	27	26	26	28	27	29	29	26	31	27	29	29	26	28	27	30	27	30	26	27	27	28	30	31	26	31	26	29	26	29	29	27	28	28	29	27	28	30	26	28	29	30	29	30	28	30	26	31	26	29	31	28	28	31	30	30	30	27	31	31	27	31	27	31	31	28	31	30	31	30	29	26	26	31	31	27	30	31	31	28	26	29	28	26	30	28	27	30	30	31	31	30	27	30	29	27	27	31	31	30	28	31	31	26	29	27	31	29	28	29	30	30	27	31	30	30	26	27	29	28	30	30	28	29	30	27	28	29	30	26	29	31	26	31	26	29	30	31	27	30	27	27	30	28	30	27	30	27	29	30	31	31	29	26	26	27	31	27	31	31	27	27	26	30	28	27	29	26	30	30	27	27	31	30	27	27	30	29	27	30	31	28	31	26	26	30	27	29	26	29	26	27	27	31	31	29	29	31	28	31	29	29	29	27	26	26	28	29	31	29	27	31	28	31	28	30	26	28	26	26	31	30	27	30	29	29	29	30	27	28	31	26	27	30	28	30	27	30	29	26	31	27	26	30	27	30	29	28	26	28	30	31	27	31	27	29	29	30	30	29	27	30	29	26	31	31	26	26	28	31	26	30	30	27	31	27	31	26	29	29	28	31	28	31	28	26	31	30	26	26	29	29	29	31	31	31	31	29	27	31	29	27	29	29	31	27	31	27	27	30	31	30	26	29	30	29	29	30	31	28	29	27	28	28	27	31	30	28	26	31	27	28	26	27	30	27	26	28	29	29	30	27	28	26	26	31	30	29	29	31	27	28	27	27	26	30	31	27	31	29	27	28	26	30	27	26	28	27	30	29	30	30	28	26	30	27	26	28	30	28	30	29	27	31	28	26	30	26	29	26	31	29	30	30	27	26	28	31	28	30	27	26	28	28	30	28	31	28	28	31	26	27	31	27	27	27	29	29	29	30	29	28	26	26	26	29	27	29	29	27	31	29	29	30	27	27	31	27	26	29	26	31	26	30	31	
81	88	86	86	90	82	89	77	93	94	88	92	92	77	79	89	94	89	77	88	94	87	78	81	90	83	84	86	78	90	93	77	85	93	89	87	80	89	85	85	79	83	77	88	78	94	89	77	81	94	77	93	87	81	85	90	86	86	89	92	76	93	81	83	89	78	78	88	80	77	86	84	91	92	76	78	89	79	80	84	76	76	90	87	79	91	94	87	78	87	85	81	89	93	91	94	78	87	78	84	87	76	86	89	81	76	89	80	94	80	93	86	91	94	93	79	76	92	84	81	86	81	93	90	81	81	76	87	87	88	89	91	80	81	82	91	88	81	87	86	76	87	90	87	93	94	81	93	92	86	80	76	92	80	76	77	89	84	91	93	77	90	82	92	85	87	83	89	78	92	82	92	78	88	89	92	80	94	93	85	89	90	79	77	87	78	83	85	90	94	83	90	93	86	93	85	88	78	91	80	89	86	85	88	78	87	91	94	76	80	90	78	81	78	82	85	87	88	93	80	78	78	91	83	94	86	79	92	86	84	76	87	85	90	80	86	90	79	91	93	83	91	78	80	83	93	94	93	94	86	88	82	91	84	79	92	87	85	92	89	82	78	84	82	94	93	84	85	79	86	78	78	80	94	79	80	81	87	93	89	83	93	78	93	93	81	85	91	80	92	87	91	76	92	84	84	80	85	82	76	93	92	91	85	91	92	88	81	83	87	85	86	88	81	80	87	86	94	83	77	89	76	90	89	76	87	84	90	92	80	82	80	93	82	88	83	93	87	79	77	88	80	94	88	78	93	88	76	92	91	77	78	80	87	90	84	79	93	88	87	92	81	79	93	94	89	89	77	78	78	89	88	94	76	92	87	92	83	94	92	78	94	93	76	87	94	86	93	76	80	85	81	85	87	84	77	82	89	89	87	87	84	90	80	79	90	87	77	77	82	77	81	84	79	77	78	92	88	79	93	93	94	79	89	85	87	94	84	85	83	86	90	93	82	93	79	83	92	92	85	86	93	79	92	94	82	85	86	78	94	85	88	92	78	92	83	76	84	91	92	87	88	79	89	90	92	84	93	86	91	84	76	80	77	85	87	87	82	85	81	90	90	79	81	77	76	94	76	76	91	89	88	85	76	81	92	77	77	83	80	94	80	89	79	87	80	76	86	86	93	86	88	86	87	80	93	88	92	89	93	91	78	92	92	83	77	80	94	94	83	86	91	79	78	94	86	89	92	88	77	84	89	93	92	82	82	87	76	83	78	91	92	90	79	78	90	89	86	82	94	87	80	93	81	85	87	94	79	91	80	78	76	78	88	88	94	91	88	81	82	92	85	87	82	80	81	84	82	82	79	91	83	87	80	94	81	84	80	91	84	80	91	80	84	78	85	90	94	90	77	80	79	84	79	84	78	81	82	87	89	89	80	90	84	80	91	94	87	88	87	85	78	86	77	77	87	78	76	90	81	91	90	92	85	88	76	93	87	78	81	79	87	88	94	88	94	81	76	82	87	92	79	84	76	77	79	89	93	79	86	92	80	86	81	84	88	79	86	79	79	89	87	84	81	77	80	91	94	80	86	91	87	86	89	80	79	92	90	77	85	87	77	77	89	80	91	90	94	90	91	89	88	87	80	84	86	80	92	76	79	77	80	81	79	89	81	90	79	86	81	89	77	88	93	93	89	82	80	85	82	88	87	94	76	78	79	84	92	94	83	82	91	90	93	77	77	80	84	82	78	86	80	82	76	85	81	76	89	86	79	82	82	80	87	94	77	85	78	78	78	79	90	89	76	82	77	86	76	83	83	79	78	94	77	79	89	76	84	87	84	91	85	94	77	91	81	83	87	78	94	92	83	89	83	87	91	88	94	78	93	92	80	77	89	77	82	90	80	77	88	80	80	82	82	76	85	84	76	82	83	81	85	82	81	91	77	78	94	83	76	85	87	92	85	93	82	86	81	94	82	78	83	77	85	85	76	92	81	94	94	92	85	90	83	81	79	92	88	78	89	77	85	89	86	86	81	81	79	89	94	91	79	82	94	78	76	78	93	81	83	81	92	91	84	77	89	91	80	90	91	92	86	91	76	93	78	85	93	90	79	88	78	83	92	88	90	94	79	93	89	76	77	92	84	85	87	76	88	78	76	87	90	83	88	87	85	84	81	90	92	91	90	86	78	82	85	76	85	83	88	80	82	81	78	83	79	94	80	89	93	93	87	84	84	92	94	90	78	93	77	91	84	81	93	88	83	93	87	88	82	90	78	84	92	93	91	89	86	92	94	
16.5	18.7	19.8	27.5	20.9	26.4	19.8	12.1	19.8	26.4	17.6	24.2	30.8	31.9	30.8	17.6	11	24.2	27.5	22	24.2	11	26.4	16.5	17.6	17.6	26.4	14.3	24.2	27.5	15.4	17.6	15.4	16.5	28.6	20.9	31.9	26.4	11	14.3	18.7	29.7	24.2	27.5	23.1	30.8	33	24.2	16.5	15.4	25.3	17.6	14.3	12.1	20.9	16.5	28.6	17.6	11	14.3	23.1	22	19.8	17.6	22	22	17.6	23.1	13.2	12.1	16.5	25.3	23.1	31.9	16.5	23.1	18.7	13.2	16.5	33	15.4	13.2	26.4	26.4	25.3	22	22	30.8	33	33	18.7	15.4	14.3	31.9	18.7	20.9	18.7	29.7	31.9	30.8	29.7	14.3	11	19.8	29.7	31.9	16.5	13.2	20.9	28.6	28.6	31.9	19.8	29.7	17.6	31.9	12.1	27.5	26.4	31.9	11	33	19.8	16.5	19.8	26.4	30.8	11	26.4	18.7	31.9	12.1	23.1	16.5	14.3	12.1	25.3	25.3	17.6	31.9	30.8	20.9	26.4	27.5	18.7	18.7	26.4	26.4	29.7	27.5	20.9	24.2	29.7	18.7	31.9	22	26.4	23.1	15.4	33	28.6	16.5	15.4	23.1	26.4	30.8	27.5	20.9	11	29.7	13.2	29.7	15.4	29.7	12.1	25.3	26.4	18.7	14.3	13.2	27.5	29.7	18.7	30.8	14.3	18.7	19.8	27.5	27.5	33	29.7	19.8	27.5	25.3	25.3	30.8	25.3	19.8	30.8	16.5	11	25.3	22	26.4	18.7	13.2	23.1	33	20.9	18.7	26.4	26.4	18.7	14.3	17.6	27.5	27.5	28.6	18.7	30.8	25.3	18.7	28.6	28.6	23.1	24.2	15.4	11	25.3	23.1	13.2	24.2	26.4	23.1	25.3	23.1	28.6	16.5	23.1	17.6	29.7	18.7	11	26.4	31.9	30.8	17.6	11	27.5	14.3	11	33	16.5	31.9	33	17.6	18.7	28.6	13.2	31.9	24.2	30.8	26.4	20.9	11	17.6	12.1	25.3	24.2	24.2	33	30.8	23.1	19.8	16.5	31.9	16.5	33	17.6	23.1	14.3	15.4	24.2	26.4	29.7	13.2	28.6	16.5	19.8	12.1	22	25.3	22	17.6	28.6	14.3	31.9	15.4	17.6	30.8	19.8	27.5	20.9	23.1	19.8	19.8	26.4	20.9	14.3	28.6	13.2	31.9	29.7	19.8	28.6	33	28.6	29.7	31.9	30.8	22	29.7	20.9	27.5	27.5	29.7	13.2	28.6	29.7	18.7	27.5	11	29.7	30.8	27.5	31.9	14.3	13.2	12.1	25.3	33	18.7	33	13.2	26.4	12.1	22	24.2	26.4	13.2	14.3	28.6	25.3	25.3	31.9	24.2	11	23.1	31.9	22	29.7	19.8	18.7	20.9	23.1	11	17.6	29.7	19.8	31.9	17.6	15.4	12.1	29.7	27.5	24.2	22	25.3	19.8	23.1	20.9	14.3	15.4	23.1	19.8	15.4	13.2	18.7	11	28.6	13.2	13.2	30.8	26.4	16.5	13.2	30.8	15.4	29.7	27.5	27.5	29.7	29.7	24.2	18.7	27.5	14.3	24.2	14.3	18.7	20.9	23.1	29.7	17.6	29.7	17.6	11	18.7	31.9	26.4	14.3	28.6	24.2	24.2	26.4	26.4	11	23.1	20.9	24.2	24.2	24.2	11	27.5	18.7	27.5	14.3	27.5	14.3	11	22	33	14.3	16.5	17.6	30.8	22	29.7	28.6	26.4	23.1	27.5	13.2	29.7	31.9	14.3	20.9	29.7	20.9	15.4	20.9	15.4	26.4	15.4	26.4	19.8	27.5	14.3	12.1	18.7	27.5	15.4	16.5	33	17.6	17.6	24.2	20.9	14.3	33	30.8	14.3	19.8	20.9	16.5	22	13.2	23.1	18.7	18.7	24.2	24.2	18.7	25.3	14.3	29.7	14.3	26.4	26.4	26.4	27.5	28.6	20.9	17.6	27.5	17.6	14.3	26.4	15.4	33	26.4	30.8	16.5	16.5	28.6	22	33	17.6	25.3	11	11	30.8	33	11	27.5	29.7	29.7	13.2	13.2	16.5	15.4	13.2	23.1	19.8	29.7	13.2	11	16.5	28.6	15.4	20.9	19.8	23.1	22	15.4	31.9	17.6	11	33	11	14.3	14.3	19.8	31.9	12.1	23.1	22	24.2	17.6	18.7	30.8	31.9	28.6	26.4	30.8	31.9	26.4	28.6	25.3	28.6	18.7	18.7	20.9	33	23.1	23.1	23.1	11	11	27.5	23.1	15.4	27.5	16.5	28.6	20.9	27.5	18.7	33	15.4	17.6	15.4	33	17.6	29.7	11	16.5	11	25.3	18.7	27.5	28.6	23.1	22	29.7	19.8	15.4	13.2	31.9	16.5	33	26.4	33	23.1	20.9	16.5	15.4	12.1	22	18.7	27.5	26.4	23.1	18.7	11	26.4	24.2	29.7	27.5	12.1	30.8	31.9	19.8	23.1	13.2	24.2	27.5	20.9	14.3	16.5	15.4	27.5	24.2	13.2	17.6	23.1	24.2	26.4	18.7	30.8	11	16.5	22	23.1	15.4	28.6	26.4	11	31.9	27.5	31.9	30.8	30.8	31.9	14.3	14.3	20.9	18.7	17.6	15.4	19.8	33	31.9	33	24.2	15.4	24.2	13.2	19.8	14.3	18.7	23.1	33	25.3	20.9	24.2	27.5	33	28.6	16.5	29.7	28.6	25.3	16.5	12.1	28.6	17.6	15.4	30.8	26.4	20.9	22	22	33	27.5	33	31.9	33	28.6	14.3	24.2	17.6	27.5	26.4	14.3	15.4	20.9	16.5	13.2	24.2	29.7	27.5	17.6	30.8	29.7	14.3	17.6	30.8	14.3	27.5	33	14.3	30.8	23.1	26.4	28.6	23.1	27.5	19.8	31.9	16.5	16.5	16.5	33	13.2	26.4	18.7	22	11	18.7	14.3	27.5	11	17.6	16.5	29.7	20.9	26.4	29.7	23.1	14.3	31.9	15.4	23.1	13.2	30.8	18.7	16.5	16.5	33	16.5	26.4	30.8	18.7	15.4	25.3	20.9	17.6	31.9	20.9	22	17.6	28.6	24.2	27.5	26.4	14.3	19.8	16.5	17.6	16.5	12.1	33	29.7	30.8	11	23.1	22	28.6	14.3	20.9	29.7	26.4	30.8	20.9	16.5	27.5	25.3	17.6	24.2	18.7	27.5	15.4	25.3	33	12.1	15.4	22	25.3	13.2	25.3	16.5	17.6	20.9	24.2	33	19.8	20.9	25.3	20.9	19.8	17.6	19.8	18.7	17.6	30.8	12.1	16.5	31.9	20.9	11	17.6	18.7	20.9	30.8	20.9	28.6	29.7	33	14.3	28.6	29.7	26.4	30.8	27.5	13.2	14.3	22	31.9	14.3	20.9	22	18.7	29.7	11	31.9	13.2	11	27.5	13.2	24.2	23.1	15.4	30.8	15.4	12.1	17.6	29.7	22	22	13.2	20.9	20.9	13.2	25.3	19.8	13.2	30.8	11	31.9	12.1	16.5	27.5	15.4	27.5	26.4	15.4	16.5	20.9	19.8	23.1	15.4	30.8	33	14.3	28.6	18.7	30.8	23.1	31.9	31.9	30.8	23.1	19.8	15.4	28.6	22	33	24.2	30.8	26.4	31.9	14.3	28.6	11	20.9	14.3	16.5	20.9	17.6	24.2	27.5	24.2	30.8	27.5	11	24.2	26.4	20.9	18.7	24.2	30.8	33	24.2	12.1	26.4	30.8	11	18.7	16.5	14.3	20.9	22	17.6	27.5	20.9	25.3	18.7	26.4	14.3	15.4	25.3	27.5	25.3	24.2	20.9	27.5	16.5	11	12.1	19.8	30.8	29.7	29.7	12.1	17.6	33	20.9	19.8	24.2	30.8	20.9	24.2	20.9	15.4	12.1	11	27.5	12.1	12.1	13.2	26.4	17.6	11	19.8	24.2	20.9	19.8	12.1	29.7	
17.6	25.3	17.6	29.7	19.8	16.5	24.2	16.5	14.3	33	30.8	29.7	20.9	18.7	14.3	24.2	29.7	27.5	16.5	26.4	17.6	31.9	15.4	22	25.3	20.9	16.5	28.6	16.5	28.6	25.3	17.6	13.2	13.2	17.6	22	12.1	33	17.6	24.2	14.3	25.3	26.4	18.7	26.4	30.8	31.9	28.6	12.1	12.1	28.6	17.6	26.4	18.7	15.4	13.2	18.7	29.7	19.8	13.2	31.9	30.8	33	28.6	14.3	18.7	20.9	11	17.6	22	33	23.1	22	31.9	14.3	17.6	30.8	11	11	23.1	26.4	28.6	27.5	11	18.7	12.1	23.1	28.6	16.5	26.4	28.6	28.6	16.5	15.4	20.9	29.7	15.4	14.3	23.1	28.6	29.7	16.5	16.5	13.2	28.6	26.4	14.3	26.4	18.7	23.1	23.1	31.9	19.8	22	24.2	17.6	27.5	31.9	20.9	14.3	24.2	23.1	12.1	27.5	29.7	13.2	26.4	19.8	15.4	31.9	20.9	26.4	12.1	17.6	29.7	28.6	13.2	27.5	33	12.1	22	25.3	22	15.4	29.7	14.3	33	18.7	18.7	19.8	27.5	14.3	25.3	11	22	13.2	28.6	16.5	15.4	27.5	16.5	24.2	18.7	33	22	24.2	26.4	23.1	16.5	14.3	28.6	12.1	26.4	15.4	27.5	18.7	33	25.3	24.2	31.9	31.9	18.7	12.1	33	11	20.9	24.2	19.8	18.7	31.9	17.6	27.5	23.1	30.8	13.2	33	28.6	22	16.5	12.1	26.4	12.1	14.3	23.1	27.5	11	20.9	30.8	24.2	24.2	19.8	26.4	27.5	31.9	11	29.7	16.5	14.3	13.2	27.5	17.6	24.2	15.4	22	15.4	15.4	26.4	31.9	13.2	16.5	26.4	14.3	12.1	25.3	30.8	11	18.7	19.8	28.6	33	23.1	11	25.3	16.5	25.3	27.5	24.2	20.9	24.2	25.3	28.6	30.8	30.8	17.6	11	14.3	11	23.1	26.4	24.2	24.2	11	28.6	19.8	11	30.8	29.7	15.4	24.2	11	13.2	29.7	13.2	31.9	29.7	17.6	25.3	27.5	14.3	18.7	20.9	17.6	27.5	26.4	33	33	28.6	14.3	17.6	31.9	19.8	33	25.3	19.8	15.4	23.1	28.6	20.9	15.4	29.7	13.2	26.4	23.1	24.2	13.2	15.4	16.5	17.6	12.1	18.7	29.7	16.5	23.1	22	26.4	24.2	28.6	22	18.7	17.6	24.2	15.4	19.8	23.1	26.4	23.1	15.4	17.6	33	33	29.7	13.2	30.8	26.4	22	31.9	29.7	26.4	15.4	27.5	26.4	31.9	14.3	17.6	18.7	20.9	12.1	23.1	29.7	18.7	11	19.8	28.6	30.8	19.8	33	16.5	26.4	24.2	20.9	18.7	33	30.8	11	30.8	23.1	26.4	14.3	23.1	17.6	25.3	17.6	33	15.4	13.2	24.2	13.2	20.9	30.8	13.2	17.6	16.5	23.1	25.3	11	31.9	23.1	27.5	13.2	17.6	23.1	25.3	33	33	11	26.4	23.1	18.7	25.3	15.4	25.3	14.3	28.6	26.4	16.5	31.9	17.6	22	14.3	17.6	23.1	12.1	28.6	18.7	22	14.3	28.6	23.1	18.7	29.7	20.9	13.2	14.3	19.8	19.8	16.5	13.2	31.9	24.2	17.6	23.1	22	16.5	23.1	29.7	23.1	24.2	28.6	23.1	12.1	29.7	30.8	13.2	29.7	29.7	13.2	12.1	30.8	31.9	28.6	17.6	33	12.1	30.8	33	22	15.4	19.8	28.6	31.9	15.4	17.6	23.1	18.7	26.4	25.3	31.9	13.2	20.9	17.6	31.9	33	13.2	24.2	26.4	24.2	18.7	27.5	14.3	16.5	33	16.5	25.3	27.5	11	20.9	14.3	16.5	13.2	17.6	20.9	14.3	25.3	17.6	16.5	26.4	20.9	33	33	27.5	25.3	20.9	17.6	13.2	15.4	14.3	11	30.8	23.1	26.4	11	17.6	22	30.8	14.3	14.3	25.3	23.1	13.2	17.6	30.8	15.4	12.1	23.1	12.1	28.6	22	12.1	17.6	19.8	33	29.7	28.6	31.9	18.7	23.1	23.1	11	20.9	27.5	23.1	14.3	16.5	28.6	31.9	14.3	11	11	24.2	14.3	31.9	29.7	15.4	19.8	16.5	25.3	16.5	26.4	22	33	15.4	22	28.6	13.2	30.8	27.5	25.3	12.1	13.2	23.1	31.9	18.7	12.1	29.7	18.7	12.1	14.3	31.9	19.8	13.2	15.4	18.7	31.9	18.7	26.4	25.3	27.5	14.3	18.7	29.7	23.1	26.4	22	27.5	25.3	23.1	15.4	11	11	19.8	29.7	16.5	12.1	16.5	31.9	18.7	15.4	18.7	12.1	19.8	13.2	11	29.7	12.1	15.4	20.9	19.8	18.7	30.8	18.7	23.1	26.4	12.1	30.8	26.4	14.3	33	16.5	29.7	16.5	33	22	27.5	20.9	33	29.7	13.2	13.2	13.2	24.2	15.4	11	26.4	15.4	30.8	25.3	31.9	30.8	17.6	15.4	22	13.2	16.5	26.4	13.2	29.7	25.3	11	18.7	15.4	12.1	33	24.2	11	26.4	33	17.6	22	33	28.6	28.6	33	15.4	28.6	12.1	28.6	12.1	15.4	19.8	26.4	23.1	33	17.6	20.9	17.6	29.7	17.6	27.5	26.4	14.3	26.4	30.8	12.1	19.8	24.2	18.7	14.3	23.1	18.7	16.5	19.8	14.3	25.3	33	18.7	22	11	26.4	16.5	14.3	12.1	20.9	11	20.9	12.1	15.4	13.2	27.5	23.1	19.8	22	15.4	28.6	31.9	31.9	24.2	28.6	25.3	29.7	14.3	28.6	31.9	16.5	25.3	25.3	20.9	18.7	25.3	11	27.5	26.4	12.1	28.6	22	14.3	31.9	16.5	22	14.3	30.8	22	13.2	12.1	26.4	12.1	28.6	20.9	28.6	14.3	33	13.2	18.7	28.6	25.3	14.3	28.6	25.3	28.6	22	23.1	33	17.6	19.8	22	25.3	13.2	14.3	12.1	31.9	24.2	27.5	23.1	11	11	27.5	17.6	20.9	24.2	11	27.5	16.5	30.8	15.4	16.5	22	13.2	24.2	24.2	26.4	18.7	13.2	26.4	28.6	16.5	12.1	19.8	18.7	23.1	31.9	22	29.7	18.7	17.6	17.6	23.1	18.7	12.1	16.5	24.2	24.2	18.7	16.5	13.2	26.4	31.9	33	16.5	31.9	31.9	17.6	14.3	24.2	13.2	14.3	13.2	29.7	18.7	23.1	30.8	25.3	27.5	16.5	22	25.3	13.2	30.8	31.9	13.2	23.1	17.6	11	29.7	31.9	12.1	25.3	20.9	22	16.5	12.1	28.6	30.8	17.6	16.5	16.5	31.9	23.1	31.9	31.9	17.6	16.5	18.7	20.9	26.4	23.1	30.8	11	20.9	27.5	13.2	17.6	31.9	14.3	24.2	23.1	22	17.6	23.1	18.7	30.8	30.8	18.7	33	12.1	27.5	18.7	14.3	33	23.1	29.7	30.8	26.4	19.8	27.5	31.9	27.5	15.4	18.7	22	20.9	23.1	27.5	33	28.6	33	14.3	13.2	27.5	27.5	11	13.2	22	20.9	23.1	26.4	22	30.8	22	18.7	23.1	15.4	25.3	11	28.6	13.2	28.6	23.1	30.8	22	19.8	24.2	11	30.8	25.3	31.9	29.7	24.2	23.1	13.2	18.7	15.4	12.1	23.1	16.5	23.1	22	18.7	19.8	31.9	30.8	19.8	15.4	12.1	22	18.7	31.9	13.2	13.2	14.3	15.4	12.1	14.3	11	29.7	15.4	29.7	16.5	30.8	20.9	14.3	24.2	30.8	12.1	11	25.3	12.1	28.6	18.7	28.6	31.9	24.2	31.9	16.5	22	12.1	22	30.8	11	28.6	19.8	17.6	
30.8	17.6	18.7	11	33	22	33	18.7	16.5	15.4	28.6	14.3	18.7	18.7	17.6	18.7	28.6	20.9	24.2	12.1	11	29.7	15.4	18.7	25.3	26.4	19.8	25.3	16.5	31.9	25.3	18.7	14.3	14.3	24.2	26.4	31.9	11	19.8	27.5	16.5	18.7	28.6	19.8	15.4	
18	17	11	18	15	13	20	11	12	12	11	14	19	15	14	14	20	18	13	11	20	20	18	19	14	15	16	16	16	12	19	11	10	17	12	16	19	19	12	12	15	17	20	19	15	15	17	17	13	16	13	11	12	16	20	19	19	15	18	16	18	17	16	17	10	18	19	18	16	16	17	19	17	13	12	18	10	18	14	13	12	11	12	10	15	11	19	11	11	14	16	20	13	12	20	14	16	17	17	12	15	11	11	17	10	12	13	15	10	14	17	19	19	12	20	17	17	17	18	20	13	17	11	16	17	12	13	17	14	15	19	13	18	10	18	17	19	19	17	12	18	15	18	11	13	10	19	16	10	10	10	20	17	11	11	19	17	19	18	17	12	18	13	14	17	18	19	17	20	14	13	13	10	10	11	16	17	11	17	10	10	20	13	13	14	13	15	16	12	13	12	10	10	13	17	20	17	18	17	14	10	18	19	19	11	18	16	20	19	19	10	12	14	17	13	16	20	18	15	15	17	18	18	12	19	18	19	19	17	17	17	14	10	18	12	12	19	15	19	12	15	15	14	12	12	14	14	13	14	18	18	17	13	17	13	14	12	11	18	12	19	14	10	13	13	18	10	17	19	20	19	16	10	20	15	16	14	15	13	15	16	16	17	10	12	19	19	17	15	12	18	20	16	14	15	14	18	20	17	11	10	16	14	11	10	13	16	20	11	18	17	15	12	12	11	13	10	20	17	13	17	18	19	17	18	18	12	20	20	18	18	17	16	18	16	16	12	18	15	11	20	18	13	15	20	20	20	20	13	11	18	11	10	12	19	10	17	14	12	11	18	19	20	18	15	13	12	19	14	20	10	10	17	19	11	12	14	12	14	12	16	16	10	17	14	20	19	20	13	11	12	10	12	14	18	20	12	11	14	13	20	17	17	18	18	14	13	12	10	15	16	16	18	20	11	20	16	17	11	10	14	17	20	12	20	11	12	10	13	18	16	18	12	15	17	14	13	16	15	14	14	18	16	19	19	11	19	18	15	10	12	10	20	10	19	10	16	12	17	15	19	14	17	19	15	11	14	13	11	14	11	10	12	14	18	19	16	11	12	18	14	13	12	16	18	15	16	15	14	16	12	16	17	12	14	16	13	10	20	16	16	19	13	19	18	14	14	15	13	17	11	20	10	10	19	12	14	18	16	15	14	10	20	17	10	17	15	14	15	19	13	18	14	12	18	11	15	13	18	11	12	14	16	10	20	15	17	19	18	20	10	16	13	17	14	15	12	15	20	14	18	14	11	19	13	18	17	13	14	20	17	18	14	19	17	18	20	12	14	10	10	18	16	15	19	14	10	17	13	16	19	12	17	18	12	16	14	20	17	12	13	10	17	12	11	15	20	14	20	12	19	20	17	13	18	11	10	16	10	14	11	19	12	16	14	14	19	13	12	13	10	19	17	18	11	16	20	14	14	15	16	18	20	16	10	11	13	14	15	17	11	10	15	20	13	11	16	19	14	18	13	14	20	12	10	16	13	13	19	10	16	16	19	15	19	18	20	12	19	14	16	16	19	13	11	15	19	16	10	15	19	17	12	16	12	14	11	12	17	10	17	15	11	18	16	17	13	10	11	17	16	19	16	14	11	20	19	19	16	15	20	12	17	16	18	10	11	17	10	17	12	15	16	14	17	10	17	16	14	20	15	10	16	14	16	12	10	12	20	12	17	14	20	18	12	14	17	12	13	20	16	11	20	16	20	20	11	13	19	16	19	17	14	16	19	12	20	16	18	10	12	18	16	11	12	12	11	19	13	15	11	19	19	15	16	17	10	20	17	12	18	11	11	18	18	11	12	10	13	15	20	18	15	11	19	20	10	10	17	10	14	19	20	14	18	17	12	18	16	10	20	13	20	12	14	17	13	20	19	17	19	10	14	20	15	10	12	10	15	13	15	19	16	16	17	11	18	14	10	12	19	15	17	18	13	10	15	15	19	10	14	10	16	17	14	19	20	10	17	11	11	12	13	12	11	17	16	19	15	10	11	17	16	18	15	11	10	16	11	11	16	12	14	17	14	11	16	13	17	15	17	15	15	20	17	18	13	12	19	19	11	12	10	16	18	17	17	19	10	11	20	18	16	11	12	17	12	10	14	13	20	11	19	11	19	15	15	20	14	10	18	13	11	14	20	19	19	15	16	14	17	19	12	11	15	11	16	20	11	12	10	15	13	14	10	16	10	17	10	19	15	16	19	13	14	20	17	11	15	20	11	16	20	13	15	14	15	17	11	14	
1	1	1	1	1	1	1	1	1	1	1	1	1	1	1	1	1	1	1	1	1	1	1	1	2	2	2	2	2	2	2	2	2	2	2	2	2	2	2	2	2	2	2	2	2	2	2	2	2	2	3	3	3	3	3	3	3	3	3	3	3	3	3	3	3	3	3	3	3	3	3	3	4	4	4	4	4	4	4	4	4	4	4	4	4	4	4	4	4	4	4	4	4	5	5	5	5	5	5	5	5	5	5	5	5	5	5	5	5	5	5	5	5	5	5	5	5	5	5	6	6	6	6	6	6	6	6	6	6	6	6	6	6	6	6	6	6	6	6	6	6	6	6	6	6	6	6	6	6	6	6	6	6	6	6	7	7	7	7	7	7	7	7	7	7	7	7	7	7	7	7	7	7	7	7	7	7	7	7	8	8	8	8	8	8	8	8	8	8	8	8	8	8	8	8	8	8	8	8	9	9	9	9	9	9	9	9	9	9	9	9	9	9	9	9	9	9	9	10	10	10	10	10	10	10	10	10	10	10	10	10	10	10	10	10	10	10	10	10	10	11	11	11	11	11	11	11	11	11	11	11	11	11	11	11	11	11	11	11	11	11	11	11	11	11	11	11	11	12	12	12	12	12	12	12	12	12	12	12	12	12	12	12	12	12	12	12	12	12	13	13	13	13	13	13	13	13	13	13	13	13	14	14	14	14	14	14	14	14	14	14	14	14	14	14	14	14	14	14	14	15	15	15	15	15	15	15	15	15	15	15	15	15	15	15	15	15	15	15	15	15	15	16	16	16	16	16	16	16	16	16	16	16	16	16	16	16	16	16	16	16	16	16	17	17	17	17	17	17	17	17	17	17	17	17	17	17	17	17	17	17	17	17	17	18	18	18	18	18	18	18	18	18	18	18	18	18	18	18	19	19	19	19	19	19	19	19	19	19	19	19	19	19	19	19	19	19	19	19	20	20	20	20	20	20	20	20	20	20	20	20	20	20	20	20	20	20	20	20	20	20	20	20	20	20	20	20	21	21	21	21	21	21	21	21	21	21	21	21	21	21	21	21	21	21	21	21	22	22	22	22	22	22	22	22	22	22	22	22	22	22	22	22	22	22	22	23	23	23	23	23	23	23	23	23	23	23	23	23	23	23	23	23	23	23	24	24	24	24	24	24	24	24	24	24	24	24	24	24	24	24	24	24	24	25	25	25	25	25	25	25	25	25	25	25	25	25	25	25	25	25	26	26	26	26	26	26	26	26	26	26	26	26	26	26	26	26	26	26	26	26	26	26	26	26	26	26	26	26	26	26	26	27	27	27	27	27	27	27	27	27	27	27	27	27	27	27	27	27	27	27	27	27	27	28	28	28	28	28	28	28	28	28	28	28	28	28	28	28	28	28	28	28	28	28	28	28	29	29	29	29	29	29	29	29	29	29	29	29	29	29	29	29	29	29	29	30	30	30	30	30	30	30	30	30	30	30	30	30	30	30	30	30	30	30	30	30	30	30	30	30	31	31	31	31	31	31	31	31	31	31	31	31	31	31	31	31	31	31	31	31	31	31	31	31	31	32	32	32	32	32	32	32	32	32	32	32	32	32	32	32	32	32	32	32	32	32	32	33	33	33	33	33	33	33	33	33	33	33	33	33	33	33	33	33	33	33	33	33	33	33	33	33	33	34	34	34	34	34	34	34	34	34	34	34	34	34	34	34	35	35	35	35	35	35	35	35	35	35	35	35	35	35	35	35	35	35	35	36	36	36	36	36	36	36	36	36	36	36	36	36	36	36	36	36	36	36	36	36	37	37	37	37	37	37	37	37	37	37	37	37	37	37	37	37	37	37	37	38	38	38	38	38	38	38	38	38	38	38	38	38	38	38	38	38	38	38	38	38	38	38	38	38	38	38	38	38	39	39	39	39	39	39	39	39	39	39	39	39	39	39	39	39	39	39	39	39	39	39	40	40	40	40	40	40	40	40	40	40	40	40	40	40	40	40	40	40	40	40	40	40	40	40	41	41	41	41	41	41	41	41	41	41	41	41	41	41	41	41	41	41	41	41	41	41	41	41	41	41	42	42	42	42	42	42	42	42	42	42	42	42	42	42	42	42	42	42	42	42	42	42	42	42	42	42	42	42	43	43	43	43	43	43	43	43	43	43	43	43	43	43	43	43	43	43	43	43	43	43	44	44	44	44	44	44	44	44	44	44	44	44	44	44	44	44	44	44	45	45	45	45	45	45	45	45	45	45	45	45	45	45	45	45	45	45	45	45	45	45	45	
