1000
45	20
343	33
27	30	28	31	31	27	31	27	28	27	31	30	27	27	31	31	30	27	30	26	29	31	28	29	26	30	30	30	29	28	28	31	30	27	31	30	28	27	31	27	28	29	28	27	26	29	31	30	28	27	30	26	30	27	31	29	26	29	28	28	31	29	30	29	29	26	30	31	31	26	30	26	28	29	31	26	29	28	30	27	28	28	30	30	31	28	27	26	26	29	28	31	28	29	30	26	31	26	26	27	27	31	28	29	29	30	27	27	28	29	26	30	28	28	31	27	26	31	28	27	26	27	31	27	27	28	30	31	27	26	30	28	27	31	29	26	29	26	28	28	30	28	29	26	29	28	28	28	28	28	26	28	27	30	27	27	31	28	26	28	30	30	26	29	27	29	27	29	29	27	31	26	26	30	26	27	28	27	27	29	28	31	29	29	28	28	31	30	29	26	27	26	29	26	27	30	30	30	31	31	30	30	27	29	26	28	27	29	31	31	26	29	29	26	28	29	30	31	28	29	26	26	30	31	26	28	27	29	27	31	28	28	30	31	27	28	30	26	30	28	26	26	30	29	26	28	29	30	29	31	29	30	29	30	29	31	31	30	31	26	27	26	31	29	29	26	27	27	30	28	31	28	29	29	28	28	31	27	28	27	27	29	27	28	28	29	29	29	30	26	27	27	26	28	31	29	27	26	31	27	29	28	30	26	27	30	28	30	27	27	26	31	29	29	29	31	29	30	30	26	31	29	30	31	30	26	28	29	31	26	27	30	30	30	26	30	27	31	27	28	30	27	29	27	26	26	27	28	26	30	31	31	30	27	27	26	28	26	27	31	30	26	26	29	27	29	28	30	28	26	29	31	27	29	29	26	26	28	29	30	28	30	27	31	30	27	26	31	30	26	28	27	31	28	31	28	26	26	26	31	26	26	30	30	28	27	29	30	27	27	29	26	29	31	30	29	29	29	30	31	27	28	26	30	27	31	28	28	29	29	28	27	28	28	26	30	26	30	26	31	28	29	27	28	30	26	26	30	31	29	26	27	29	28	29	31	28	29	28	28	31	30	28	28	30	27	27	28	31	28	26	26	27	30	26	26	30	26	28	30	26	29	29	28	26	28	28	31	27	26	26	29	30	30	26	30	29	28	29	30	31	27	31	26	31	27	31	29	29	30	31	28	27	28	26	30	27	27	28	30	29	27	30	31	31	31	27	31	30	30	28	31	31	28	31	26	28	28	29	29	26	31	26	27	29	27	29	28	31	26	28	29	28	28	29	30	27	28	28	31	30	28	30	29	31	26	28	30	26	28	30	29	26	27	30	30	29	29	30	27	26	28	29	27	29	28	30	30	27	29	26	31	27	30	27	27	30	27	27	31	28	27	27	27	28	27	30	28	30	27	27	29	29	31	31	30	26	28	26	27	29	31	30	28	29	27	31	30	31	27	28	26	29	30	31	27	26	28	26	30	29	26	29	31	31	31	30	26	26	28	29	28	31	28	30	29	30	29	31	30	27	28	28	26	30	27	29	31	31	27	28	31	26	26	29	29	28	31	26	26	27	28	29	30	26	30	26	28	29	27	26	26	30	28	27	28	28	28	29	26	31	30	27	27	28	28	27	29	26	31	30	27	30	28	29	28	31	27	26	28	27	26	26	26	27	31	31	29	26	26	26	29	26	26	29	26	27	26	27	29	26	26	26	30	31	30	31	28	26	27	26	26	31	29	30	28	31	27	30	27	28	29	29	30	27	31	29	30	30	28	31	28	27	29	26	31	26	30	28	27	27	26	28	27	31	29	29	30	27	27	30	31	27	26	26	26	26	28	27	26	29	27	30	27	30	26	26	27	30	30	29	30	28	28	31	27	28	26	30	31	31	30	31	26	29	27	31	30	27	28	29	29	29	30	30	28	28	28	31	29	29	29	30	29	31	31	27	26	29	31	29	26	28	26	27	29	29	27	31	28	26	30	26	29	31	31	28	27	29	30	30	26	29	27	31	29	29	29	26	31	28	29	27	27	26	28	31	27	30	28	29	26	31	26	28	28	28	28	29	27	31	26	27	29	30	31	27	27	27	26	28	29	29	30	31	28	28	31	28	26	26	27	28	31	31	29	30	30	29	26	27	28	31	31	30	28	29	31	28	30	26	27	26	28	31	31	30	30	26	26	30	26	29	26	26	27	26	28	28	26	27	31	28	31	29	26	27	28	30	28	27	27	31	26	26	30	26	30	30	31	26	28	29	27	26	30	29	26	27	27	31	26	26	26	29	31	26	28	28	27	
90	76	86	76	83	88	83	76	83	87	77	91	88	86	91	92	85	76	89	93	81	84	91	79	86	94	82	86	80	78	93	81	93	76	79	91	89	91	80	85	93	82	77	86	89	92	91	77	89	82	76	93	77	92	92	78	81	86	78	80	83	94	81	90	84	89	85	76	88	87	93	85	84	91	90	86	91	94	80	85	86	91	83	90	77	76	89	78	83	90	85	88	90	89	93	94	93	82	81	89	85	88	86	86	86	94	80	81	79	90	86	87	81	78	85	80	90	82	91	86	87	89	77	78	93	93	85	87	83	84	87	88	79	76	80	81	76	92	78	89	85	85	77	78	91	93	84	88	87	94	77	80	86	78	81	93	78	94	90	89	78	77	93	78	83	79	84	92	81	77	92	89	84	77	90	79	80	83	85	82	77	85	94	83	92	80	88	80	85	93	88	81	83	85	93	80	93	82	80	79	78	81	87	78	84	91	85	78	89	90	94	93	87	93	86	83	84	79	87	85	92	92	91	80	90	78	78	91	90	90	85	80	84	85	92	78	93	93	87	81	94	85	91	87	84	93	79	86	76	93	82	86	76	78	94	88	78	88	90	76	94	88	92	88	83	94	89	94	94	89	90	76	92	83	86	79	83	79	91	83	92	81	79	79	85	93	81	94	84	79	92	88	85	80	80	77	80	87	85	77	77	83	79	92	90	82	76	77	79	77	80	89	89	76	84	76	80	85	87	85	92	79	84	76	85	94	78	85	87	89	93	76	80	84	90	90	78	89	79	79	85	84	80	78	87	82	90	76	77	91	85	83	79	91	77	77	93	81	94	86	91	81	91	83	87	79	88	91	87	77	87	77	80	91	92	89	81	91	76	85	81	81	77	77	85	88	90	84	79	91	86	77	85	86	92	79	90	87	81	84	81	80	84	91	90	80	78	85	90	85	94	93	84	86	93	81	85	93	88	93	87	91	86	92	93	90	79	79	91	84	89	90	93	83	76	90	78	83	89	79	79	87	82	92	81	89	92	80	90	92	90	76	85	94	91	94	83	89	89	86	81	82	86	88	77	81	92	82	94	80	89	89	93	93	89	87	76	88	76	77	94	85	86	79	88	81	90	91	89	79	91	76	82	89	88	86	88	78	79	79	93	92	81	91	76	80	91	84	77	88	86	87	86	94	86	87	87	92	88	77	79	87	90	89	84	78	92	81	78	79	80	80	79	93	86	84	94	83	77	81	79	94	78	93	94	90	88	76	88	91	85	89	83	88	90	76	93	80	82	90	83	93	89	85	85	92	89	87	81	93	79	83	85	88	85	88	87	82	83	92	81	94	88	79	85	78	81	83	86	76	93	87	80	83	86	92	76	81	89	93	91	84	90	87	91	88	89	85	83	86	81	91	85	78	88	91	92	94	80	89	77	80	93	94	92	89	82	79	77	92	88	79	86	76	90	88	91	81	83	92	77	78	80	89	90	91	81	78	88	89	93	76	91	84	94	86	76	91	84	84	90	85	90	89	90	89	84	93	87	87	77	94	87	85	78	89	79	86	81	78	94	81	87	78	89	87	88	92	78	83	93	77	87	81	86	89	83	80	89	77	80	89	76	93	85	81	94	92	78	88	82	85	94	76	88	85	77	81	91	78	93	83	83	84	84	92	77	88	85	85	88	92	83	90	80	88	82	76	85	88	81	88	89	86	84	94	85	84	84	89	84	80	89	76	85	87	92	86	81	78	87	87	92	83	87	89	77	79	79	89	85	91	90	89	77	94	88	92	81	86	78	77	85	76	92	83	87	78	77	83	88	80	82	82	82	90	86	92	88	92	83	79	79	86	84	81	81	83	86	90	90	78	83	83	81	93	93	81	81	85	92	91	85	92	76	80	77	89	78	85	90	93	84	93	86	80	83	77	89	84	87	88	88	81	82	77	77	87	83	80	86	78	94	86	77	94	88	82	80	77	81	89	88	86	83	87	85	82	82	77	92	78	91	91	81	78	90	80	83	77	77	85	83	83	77	89	88	88	90	80	85	85	82	89	91	89	89	89	80	84	81	90	83	87	90	90	86	83	87	81	86	88	86	79	77	81	78	81	81	91	81	92	78	83	90	92	78	81	79	77	89	83	79	84	85	81	79	83	88	78	91	80	79	82	92	84	88	81	86	82	81	94	80	84	77	89	89	80	81	83	82	82	80	81	91	92	82	90	87	87	86	88	87	93	91	89	84	82	81	86	89	76	91	81	80	77	77	87	93	78	81	94	88	83	77	89	82	87	83	81	
31.9	27.5	33	19.8	31.9	23.1	12.1	15.4	14.3	12.1	23.1	23.1	17.6	26.4	28.6	26.4	15.4	26.4	30.8	30.8	13.2	31.9	25.3	18.7	24.2	14.3	23.1	22	13.2	19.8	31.9	14.3	33	27.5	11	12.1	26.4	15.4	33	31.9	13.2	13.2	13.2	22	22	30.8	27.5	30.8	16.5	25.3	13.2	28.6	17.6	23.1	29.7	13.2	11	25.3	19.8	24.2	22	19.8	25.3	22	24.2	12.1	12.1	12.1	15.4	22	29.7	25.3	28.6	28.6	15.4	31.9	20.9	24.2	33	13.2	17.6	17.6	29.7	19.8	15.4	25.3	33	11	11	25.3	14.3	24.2	28.6	14.3	23.1	29.7	20.9	12.1	24.2	27.5	33	14.3	26.4	16.5	19.8	27.5	27.5	31.9	27.5	33	22	17.6	13.2	29.7	16.5	33	16.5	25.3	19.8	12.1	25.3	28.6	28.6	19.8	11	24.2	11	17.6	23.1	18.7	18.7	23.1	30.8	17.6	24.2	17.6	18.7	28.6	15.4	23.1	23.1	25.3	20.9	28.6	20.9	26.4	14.3	11	16.5	31.9	28.6	33	31.9	14.3	27.5	20.9	20.9	18.7	12.1	25.3	33	18.7	14.3	18.7	19.8	16.5	24.2	11	14.3	14.3	11	27.5	23.1	17.6	14.3	23.1	29.7	19.8	28.6	31.9	20.9	19.8	13.2	18.7	20.9	16.5	24.2	31.9	11	27.5	23.1	20.9	27.5	26.4	13.2	31.9	29.7	33	27.5	11	15.4	20.9	12.1	19.8	28.6	31.9	31.9	12.1	29.7	27.5	13.2	29.7	15.4	31.9	17.6	26.4	33	25.3	22	23.1	14.3	11	14.3	22	24.2	14.3	18.7	12.1	26.4	16.5	26.4	24.2	19.8	14.3	16.5	27.5	25.3	24.2	23.1	14.3	19.8	31.9	17.6	19.8	20.9	18.7	25.3	22	16.5	18.7	11	24.2	28.6	27.5	20.9	27.5	27.5	22	28.6	25.3	22	11	22	17.6	28.6	15.4	23.1	27.5	11	17.6	26.4	25.3	29.7	23.1	20.9	11	18.7	15.4	31.9	20.9	33	24.2	18.7	14.3	28.6	19.8	13.2	26.4	31.9	17.6	24.2	25.3	18.7	23.1	19.8	25.3	23.1	29.7	17.6	15.4	25.3	30.8	31.9	16.5	19.8	27.5	20.9	31.9	23.1	31.9	20.9	15.4	25.3	28.6	12.1	24.2	26.4	23.1	17.6	17.6	30.8	20.9	30.8	15.4	25.3	30.8	27.5	15.4	13.2	29.7	18.7	13.2	25.3	15.4	15.4	30.8	23.1	27.5	14.3	26.4	23.1	26.4	28.6	13.2	31.9	13.2	18.7	11	14.3	11	11	11	19.8	13.2	28.6	17.6	12.1	22	17.6	19.8	20.9	30.8	24.2	15.4	15.4	26.4	23.1	29.7	17.6	22	12.1	12.1	19.8	18.7	17.6	22	11	18.7	30.8	33	13.2	22	19.8	23.1	30.8	16.5	24.2	12.1	14.3	27.5	14.3	29.7	12.1	12.1	27.5	31.9	16.5	22	23.1	23.1	15.4	14.3	29.7	27.5	15.4	24.2	25.3	13.2	24.2	15.4	29.7	29.7	29.7	14.3	18.7	27.5	17.6	33	23.1	33	33	12.1	14.3	31.9	22	27.5	28.6	19.8	22	15.4	27.5	20.9	33	23.1	26.4	29.7	16.5	26.4	20.9	16.5	24.2	18.7	24.2	23.1	12.1	31.9	22	31.9	23.1	30.8	16.5	30.8	14.3	22	30.8	12.1	15.4	18.7	17.6	28.6	20.9	19.8	13.2	13.2	16.5	23.1	24.2	17.6	26.4	28.6	27.5	18.7	13.2	26.4	19.8	14.3	17.6	26.4	16.5	23.1	15.4	13.2	30.8	18.7	30.8	20.9	28.6	24.2	20.9	19.8	13.2	22	30.8	20.9	25.3	15.4	28.6	16.5	22	30.8	29.7	19.8	25.3	31.9	31.9	12.1	14.3	30.8	12.1	14.3	16.5	14.3	29.7	15.4	16.5	19.8	29.7	26.4	31.9	25.3	24.2	30.8	16.5	33	27.5	25.3	28.6	22	16.5	15.4	14.3	14.3	22	26.4	29.7	11	16.5	19.8	28.6	16.5	22	12.1	14.3	19.8	19.8	16.5	28.6	15.4	25.3	12.1	29.7	24.2	24.2	29.7	22	30.8	27.5	30.8	20.9	17.6	17.6	30.8	26.4	17.6	24.2	22	29.7	17.6	27.5	20.9	26.4	24.2	33	14.3	15.4	29.7	33	16.5	30.8	29.7	29.7	30.8	30.8	30.8	29.7	28.6	27.5	22	27.5	15.4	23.1	33	14.3	23.1	30.8	16.5	24.2	24.2	26.4	12.1	14.3	25.3	26.4	27.5	14.3	13.2	14.3	12.1	29.7	18.7	20.9	29.7	13.2	17.6	28.6	11	15.4	25.3	22	17.6	15.4	28.6	12.1	20.9	20.9	29.7	31.9	19.8	17.6	19.8	28.6	24.2	12.1	13.2	27.5	28.6	28.6	18.7	14.3	31.9	13.2	23.1	18.7	14.3	17.6	11	18.7	22	19.8	12.1	13.2	27.5	30.8	30.8	18.7	28.6	28.6	14.3	13.2	24.2	12.1	11	27.5	20.9	28.6	26.4	33	18.7	13.2	27.5	11	16.5	15.4	25.3	12.1	16.5	18.7	23.1	20.9	17.6	33	30.8	26.4	25.3	22	17.6	30.8	33	26.4	16.5	27.5	33	19.8	28.6	28.6	15.4	16.5	11	22	17.6	31.9	16.5	24.2	17.6	13.2	19.8	11	31.9	16.5	14.3	14.3	31.9	33	15.4	12.1	23.1	29.7	26.4	11	15.4	19.8	22	26.4	25.3	28.6	14.3	12.1	30.8	24.2	25.3	16.5	24.2	16.5	12.1	14.3	20.9	11	24.2	18.7	13.2	18.7	19.8	29.7	33	26.4	30.8	29.7	11	31.9	17.6	27.5	24.2	27.5	28.6	13.2	14.3	12.1	28.6	33	22	20.9	22	14.3	29.7	19.8	18.7	20.9	17.6	19.8	28.6	14.3	22	29.7	16.5	28.6	20.9	24.2	31.9	23.1	25.3	12.1	11	12.1	15.4	12.1	14.3	29.7	16.5	30.8	28.6	24.2	26.4	15.4	17.6	14.3	15.4	19.8	11	19.8	18.7	13.2	26.4	17.6	20.9	29.7	24.2	12.1	22	17.6	30.8	23.1	30.8	31.9	25.3	20.9	15.4	22	12.1	19.8	30.8	12.1	26.4	19.8	20.9	17.6	23.1	25.3	20.9	24.2	18.7	24.2	22	20.9	14.3	20.9	27.5	29.7	27.5	15.4	19.8	14.3	28.6	29.7	25.3	16.5	14.3	13.2	18.7	31.9	15.4	25.3	28.6	20.9	18.7	30.8	18.7	19.8	13.2	13.2	15.4	24.2	19.8	28.6	27.5	25.3	30.8	29.7	23.1	24.2	28.6	33	16.5	25.3	29.7	13.2	30.8	22	24.2	31.9	29.7	13.2	22	28.6	18.7	17.6	22	20.9	14.3	26.4	20.9	31.9	28.6	26.4	23.1	19.8	33	33	13.2	28.6	27.5	33	22	26.4	33	33	33	14.3	30.8	29.7	13.2	27.5	15.4	20.9	29.7	17.6	29.7	25.3	15.4	28.6	25.3	28.6	23.1	13.2	27.5	26.4	25.3	17.6	18.7	28.6	24.2	14.3	14.3	16.5	31.9	27.5	25.3	20.9	15.4	31.9	14.3	26.4	23.1	13.2	28.6	27.5	12.1	18.7	11	23.1	13.2	12.1	13.2	29.7	19.8	14.3	19.8	19.8	29.7	30.8	18.7	20.9	16.5	15.4	29.7	20.9	15.4	15.4	18.7	33	18.7	11	29.7	28.6	25.3	12.1	12.1	26.4	19.8	19.8	29.7	22	24.2	17.6	29.7	13.2	15.4	26.4	28.6	23.1	20.9	15.4	27.5	13.2	16.5	23.1	23.1	11	18.7	11	13.2	
12.1	12.1	17.6	17.6	19.8	17.6	26.4	15.4	28.6	24.2	25.3	19.8	22	13.2	20.9	33	33	31.9	33	19.8	30.8	33	31.9	28.6	33	12.1	22	30.8	20.9	18.7	28.6	14.3	27.5	16.5	20.9	15.4	15.4	28.6	14.3	28.6	23.1	33	24.2	24.2	27.5	14.3	13.2	33	29.7	12.1	23.1	19.8	18.7	25.3	13.2	33	11	18.7	13.2	19.8	33	29.7	23.1	19.8	31.9	24.2	20.9	12.1	31.9	14.3	18.7	25.3	28.6	27.5	28.6	16.5	17.6	14.3	17.6	18.7	22	29.7	23.1	18.7	14.3	15.4	13.2	30.8	28.6	14.3	11	11	11	17.6	33	29.7	16.5	18.7	23.1	19.8	16.5	31.9	22	31.9	31.9	12.1	30.8	31.9	25.3	12.1	33	19.8	33	17.6	31.9	18.7	33	15.4	22	30.8	29.7	17.6	31.9	28.6	17.6	19.8	24.2	13.2	31.9	30.8	33	11	28.6	28.6	12.1	17.6	13.2	11	14.3	25.3	12.1	14.3	30.8	23.1	18.7	27.5	15.4	18.7	17.6	14.3	31.9	29.7	20.9	19.8	25.3	22	22	14.3	16.5	27.5	33	31.9	23.1	22	17.6	26.4	11	33	27.5	20.9	14.3	30.8	23.1	28.6	15.4	15.4	24.2	22	17.6	15.4	13.2	28.6	18.7	16.5	12.1	22	14.3	30.8	23.1	18.7	20.9	14.3	25.3	18.7	25.3	29.7	18.7	31.9	23.1	15.4	25.3	14.3	20.9	20.9	22	28.6	29.7	23.1	19.8	17.6	33	16.5	15.4	12.1	27.5	13.2	23.1	17.6	22	25.3	31.9	16.5	19.8	28.6	27.5	31.9	26.4	15.4	31.9	30.8	12.1	17.6	24.2	12.1	15.4	12.1	29.7	17.6	13.2	28.6	19.8	15.4	14.3	13.2	11	19.8	31.9	33	13.2	13.2	28.6	11	27.5	33	33	14.3	17.6	24.2	13.2	24.2	16.5	30.8	12.1	20.9	18.7	19.8	24.2	30.8	19.8	27.5	31.9	29.7	13.2	24.2	11	22	30.8	15.4	29.7	18.7	33	18.7	24.2	19.8	18.7	27.5	29.7	30.8	27.5	19.8	18.7	27.5	23.1	11	19.8	31.9	28.6	11	28.6	22	16.5	28.6	14.3	28.6	16.5	19.8	17.6	28.6	25.3	12.1	27.5	20.9	18.7	29.7	23.1	27.5	14.3	16.5	23.1	33	18.7	11	12.1	14.3	11	13.2	13.2	25.3	18.7	13.2	26.4	17.6	23.1	12.1	18.7	24.2	30.8	31.9	27.5	25.3	25.3	24.2	24.2	31.9	30.8	28.6	30.8	15.4	11	25.3	14.3	16.5	23.1	33	20.9	24.2	15.4	28.6	24.2	27.5	29.7	20.9	22	26.4	33	17.6	33	31.9	23.1	27.5	27.5	26.4	25.3	31.9	23.1	18.7	23.1	12.1	13.2	14.3	13.2	23.1	28.6	23.1	15.4	28.6	20.9	15.4	28.6	23.1	20.9	20.9	19.8	19.8	11	19.8	16.5	27.5	29.7	26.4	23.1	26.4	16.5	19.8	15.4	22	26.4	15.4	27.5	13.2	15.4	24.2	15.4	17.6	31.9	16.5	22	22	30.8	31.9	25.3	31.9	23.1	30.8	16.5	11	19.8	16.5	17.6	13.2	12.1	26.4	22	33	24.2	13.2	15.4	13.2	18.7	12.1	18.7	12.1	12.1	20.9	19.8	28.6	19.8	27.5	17.6	30.8	24.2	11	24.2	26.4	30.8	12.1	20.9	14.3	25.3	12.1	33	23.1	17.6	30.8	14.3	13.2	25.3	20.9	13.2	17.6	22	30.8	24.2	18.7	12.1	14.3	16.5	25.3	23.1	12.1	22	27.5	16.5	33	25.3	15.4	30.8	16.5	16.5	31.9	20.9	30.8	29.7	13.2	33	29.7	17.6	31.9	17.6	22	25.3	27.5	23.1	15.4	19.8	29.7	30.8	16.5	22	17.6	18.7	15.4	13.2	20.9	13.2	30.8	15.4	15.4	26.4	30.8	31.9	27.5	16.5	29.7	19.8	26.4	11	25.3	12.1	27.5	23.1	30.8	20.9	13.2	13.2	28.6	13.2	13.2	33	25.3	20.9	33	12.1	17.6	23.1	33	20.9	13.2	14.3	11	14.3	33	18.7	26.4	30.8	20.9	17.6	20.9	15.4	18.7	13.2	31.9	31.9	12.1	29.7	16.5	20.9	24.2	31.9	19.8	28.6	23.1	28.6	17.6	11	29.7	27.5	14.3	16.5	17.6	19.8	33	18.7	26.4	23.1	13.2	19.8	27.5	17.6	25.3	31.9	28.6	16.5	16.5	29.7	20.9	17.6	24.2	30.8	17.6	22	26.4	12.1	19.8	12.1	23.1	12.1	26.4	33	19.8	31.9	17.6	19.8	29.7	19.8	17.6	31.9	27.5	17.6	13.2	24.2	24.2	18.7	22	23.1	33	22	29.7	17.6	11	26.4	30.8	29.7	24.2	24.2	16.5	26.4	14.3	11	15.4	14.3	29.7	27.5	31.9	28.6	11	18.7	30.8	14.3	33	30.8	26.4	29.7	16.5	28.6	12.1	15.4	28.6	28.6	20.9	31.9	33	29.7	11	24.2	20.9	28.6	16.5	33	27.5	29.7	12.1	11	15.4	12.1	33	31.9	22	11	30.8	11	17.6	17.6	27.5	29.7	18.7	17.6	13.2	24.2	14.3	19.8	22	23.1	25.3	30.8	28.6	28.6	30.8	31.9	31.9	17.6	17.6	12.1	14.3	23.1	31.9	20.9	24.2	25.3	11	11	11	11	20.9	26.4	29.7	25.3	18.7	28.6	20.9	18.7	15.4	15.4	16.5	30.8	29.7	15.4	20.9	14.3	31.9	23.1	16.5	23.1	13.2	29.7	14.3	23.1	11	28.6	31.9	19.8	14.3	17.6	25.3	11	25.3	22	13.2	23.1	24.2	19.8	14.3	22	20.9	30.8	29.7	14.3	20.9	29.7	19.8	19.8	15.4	33	20.9	33	12.1	24.2	11	33	28.6	26.4	29.7	30.8	20.9	29.7	33	17.6	22	13.2	17.6	18.7	18.7	14.3	18.7	26.4	33	12.1	28.6	19.8	30.8	30.8	20.9	33	16.5	15.4	18.7	27.5	22	29.7	17.6	23.1	14.3	18.7	13.2	24.2	27.5	24.2	20.9	13.2	13.2	18.7	13.2	31.9	24.2	28.6	15.4	17.6	11	15.4	14.3	29.7	24.2	29.7	28.6	25.3	24.2	12.1	27.5	16.5	15.4	20.9	18.7	24.2	12.1	23.1	13.2	20.9	31.9	14.3	26.4	11	14.3	31.9	30.8	18.7	17.6	13.2	26.4	11	20.9	31.9	26.4	14.3	23.1	25.3	27.5	25.3	31.9	12.1	14.3	17.6	26.4	15.4	26.4	20.9	26.4	17.6	17.6	20.9	33	26.4	17.6	26.4	22	27.5	18.7	22	31.9	15.4	29.7	11	29.7	15.4	31.9	12.1	31.9	28.6	33	33	28.6	11	16.5	20.9	29.7	15.4	29.7	29.7	17.6	27.5	15.4	17.6	19.8	30.8	17.6	22	20.9	33	17.6	13.2	26.4	14.3	19.8	13.2	20.9	29.7	25.3	13.2	29.7	11	13.2	11	13.2	27.5	25.3	18.7	19.8	24.2	26.4	31.9	15.4	25.3	12.1	23.1	17.6	16.5	25.3	17.6	17.6	22	15.4	14.3	33	27.5	12.1	23.1	28.6	16.5	14.3	19.8	20.9	33	25.3	31.9	27.5	16.5	24.2	23.1	22	22	16.5	28.6	14.3	15.4	25.3	17.6	22	24.2	31.9	24.2	24.2	12.1	12.1	19.8	23.1	12.1	17.6	18.7	27.5	19.8	33	24.2	18.7	22	15.4	15.4	11	29.7	13.2	19.8	16.5	28.6	13.2	16.5	11	11	24.2	25.3	19.8	25.3	13.2	
15.4	11	17.6	18.7	14.3	20.9	15.4	17.6	28.6	18.7	16.5	19.8	31.9	28.6	17.6	33	15.4	12.1	17.6	11	11	27.5	27.5	24.2	28.6	28.6	13.2	18.7	15.4	15.4	30.8	19.8	22	23.1	15.4	15.4	25.3	20.9	12.1	19.8	24.2	29.7	30.8	18.7	18.7	
11	11	11	18	10	15	11	16	17	16	14	16	12	11	18	12	13	20	10	15	19	13	11	14	18	11	13	19	10	20	19	16	18	19	20	13	18	17	12	17	15	14	20	14	17	15	19	18	17	15	14	17	16	20	14	11	17	19	14	15	17	11	12	12	10	12	20	10	20	19	20	11	10	18	17	10	14	19	18	16	14	12	13	16	19	19	13	14	10	20	19	15	11	18	17	13	20	12	18	18	15	15	11	17	17	19	16	11	13	19	16	11	13	18	18	19	19	19	20	19	13	11	17	15	17	15	11	18	13	18	19	15	17	19	17	16	14	17	18	11	20	17	15	10	12	16	18	13	11	19	17	19	10	11	18	20	16	16	14	15	20	10	19	13	19	19	12	14	14	11	16	12	10	12	17	19	15	17	16	15	12	14	18	19	13	10	11	18	11	15	11	16	12	20	14	11	10	11	10	11	10	11	14	14	13	17	17	15	11	16	20	20	11	15	13	10	17	17	18	13	18	19	18	14	12	11	10	17	16	12	10	19	19	16	20	11	11	15	20	15	12	16	17	17	11	15	12	12	16	18	13	17	19	20	10	17	11	13	10	17	10	14	12	18	11	11	19	19	11	20	12	18	12	15	16	19	15	18	17	20	18	11	17	13	17	13	11	18	11	14	16	20	10	16	19	17	18	11	10	13	16	13	12	14	16	20	19	16	14	11	16	19	14	11	17	18	20	12	13	10	16	16	16	14	17	16	14	20	17	18	11	12	14	20	19	15	16	10	14	10	11	16	15	18	16	18	13	13	13	19	12	10	18	15	15	13	17	12	14	17	19	15	19	19	19	12	17	13	13	12	13	16	14	11	12	12	17	18	19	14	12	19	20	15	11	12	18	11	14	14	18	12	18	18	11	18	15	11	16	12	10	19	12	12	17	15	20	13	17	14	11	10	17	14	19	16	10	17	18	20	16	10	10	15	11	19	18	10	16	16	19	12	14	10	16	13	13	10	16	12	16	12	13	18	16	16	18	13	15	11	20	12	14	20	12	13	18	10	20	13	15	13	20	11	19	14	18	15	17	14	12	19	14	20	17	17	20	19	16	20	10	10	16	20	14	20	14	13	12	14	13	11	20	13	17	18	13	14	20	14	11	14	19	14	12	18	17	13	11	16	13	18	20	14	11	18	12	18	10	14	11	10	11	19	18	17	10	18	10	15	12	16	12	15	10	14	17	11	11	18	14	16	17	14	11	15	14	20	19	19	17	11	17	15	10	10	18	20	19	20	11	19	15	15	17	11	19	18	13	16	16	18	14	19	15	18	19	17	16	18	17	19	12	13	15	19	14	15	15	11	19	20	18	18	16	19	17	13	11	17	19	10	17	11	17	15	20	10	17	20	14	20	17	19	15	18	17	18	17	19	11	18	13	15	13	17	14	18	19	10	13	11	17	13	12	10	15	18	20	15	10	19	12	12	13	16	10	12	15	11	17	19	13	12	14	15	18	17	18	14	17	15	16	19	10	13	12	11	13	17	15	17	13	11	14	13	16	18	10	14	18	13	16	16	17	18	19	15	10	10	13	13	12	16	18	10	15	16	18	14	17	17	20	13	10	10	10	14	11	10	20	12	19	16	16	16	14	20	20	17	19	11	17	20	16	10	12	18	20	14	11	15	20	18	18	12	18	15	20	18	11	19	13	15	14	12	13	12	20	19	17	17	15	11	17	20	17	11	16	12	17	14	20	20	15	11	16	16	20	15	12	20	12	10	11	12	14	18	18	19	18	11	16	10	19	13	20	20	10	13	17	14	15	16	15	16	11	12	16	17	18	16	10	10	13	11	11	12	11	13	16	14	17	20	17	16	14	10	10	13	17	11	10	15	12	20	16	11	10	11	15	19	16	17	16	20	17	19	14	17	17	15	16	17	12	15	13	14	16	10	17	16	10	15	14	14	11	11	13	16	19	12	12	16	15	20	15	20	10	15	20	15	12	10	14	15	17	18	20	15	15	11	13	18	19	16	10	14	13	12	14	15	20	15	13	11	17	10	13	19	12	10	10	14	19	17	10	20	16	19	10	13	16	15	18	16	13	14	19	19	15	16	11	17	13	17	13	10	20	15	20	11	17	18	20	20	18	16	15	13	13	15	15	17	10	10	14	13	14	12	20	19	14	15	10	10	18	10	15	18	16	12	18	16	14	18	19	15	17	19	14	16	15	10	19	11	18	19	11	14	16	19	15	14	14	17	20	19	17	13	13	14	15	11	17	10	10	11	17	10	
1	1	1	1	1	1	1	1	1	1	1	1	1	1	1	1	1	1	1	1	1	1	1	1	1	2	2	2	2	2	2	2	2	2	2	2	2	2	2	2	2	2	2	2	2	2	2	2	2	3	3	3	3	3	3	3	3	3	3	3	3	4	4	4	4	4	4	4	4	4	4	4	4	4	4	4	4	4	4	4	4	5	5	5	5	5	5	5	5	5	5	5	5	5	5	5	5	5	5	5	5	5	5	5	5	5	5	6	6	6	6	6	6	6	6	6	6	6	6	6	6	6	6	6	6	6	6	6	6	7	7	7	7	7	7	7	7	7	7	7	7	7	7	7	7	8	8	8	8	8	8	8	8	8	8	8	8	8	8	8	8	8	9	9	9	9	9	9	9	9	9	9	9	9	9	9	9	9	9	9	9	9	9	9	9	9	9	9	9	10	10	10	10	10	10	10	10	10	10	10	10	10	10	10	10	10	10	10	10	10	10	10	10	11	11	11	11	11	11	11	11	11	11	11	11	11	11	11	11	11	11	11	11	11	11	11	12	12	12	12	12	12	12	12	12	12	12	12	12	12	12	12	12	12	12	12	12	12	12	12	12	12	12	12	12	12	12	12	12	12	13	13	13	13	13	13	13	13	13	13	13	13	13	13	13	13	13	13	13	13	13	13	13	13	13	14	14	14	14	14	14	14	14	14	14	14	14	14	14	14	14	14	14	14	14	14	14	14	14	14	14	14	14	15	15	15	15	15	15	15	15	15	15	15	15	15	15	15	15	15	15	15	15	15	15	15	15	16	16	16	16	16	16	16	16	16	16	16	16	16	16	16	16	16	16	17	17	17	17	17	17	17	17	17	17	17	17	17	17	17	17	17	17	17	17	17	17	17	17	17	18	18	18	18	18	18	18	18	18	18	18	18	18	18	18	18	18	18	18	19	19	19	19	19	19	19	19	19	19	19	19	19	19	19	19	20	20	20	20	20	20	20	20	20	20	20	20	20	20	20	20	20	20	20	20	20	20	21	21	21	21	21	21	21	21	21	21	21	21	21	21	21	21	21	21	21	21	22	22	22	22	22	22	22	22	22	22	22	22	22	22	22	22	22	22	22	22	22	22	22	22	22	22	22	23	23	23	23	23	23	23	23	23	23	23	23	23	23	23	23	23	23	23	23	23	23	24	24	24	24	24	24	24	24	24	24	24	24	24	24	24	24	24	24	24	24	24	24	24	24	24	24	24	24	25	25	25	25	25	25	25	25	25	25	25	25	25	25	25	25	25	25	25	25	26	26	26	26	26	26	26	26	26	26	26	26	26	26	26	26	26	26	26	26	26	26	26	26	26	26	26	26	27	27	27	27	27	27	27	27	27	27	27	27	27	27	27	27	27	27	27	27	27	27	28	28	28	28	28	28	28	28	28	28	28	28	28	28	28	28	28	28	28	28	28	28	28	28	28	28	29	29	29	29	29	29	29	29	29	29	29	29	29	29	29	29	29	29	29	29	29	29	29	29	29	29	29	30	30	30	30	30	30	30	30	30	30	30	30	30	30	30	30	30	30	30	30	30	30	30	30	31	31	31	31	31	31	31	31	31	31	31	31	31	31	31	31	31	31	31	31	31	32	32	32	32	32	32	32	32	32	32	32	32	32	32	32	32	32	32	32	32	32	32	33	33	33	33	33	33	33	33	33	33	33	33	33	33	33	33	33	33	33	33	33	33	33	33	34	34	34	34	34	34	34	34	34	35	35	35	35	35	35	35	35	35	35	35	35	35	35	35	35	35	35	35	35	35	35	35	35	35	36	36	36	36	36	36	36	36	36	36	36	36	36	36	36	36	37	37	37	37	37	37	37	37	37	37	37	37	37	37	37	37	37	37	38	38	38	38	38	38	38	38	38	38	38	38	38	38	38	38	38	38	38	38	38	38	38	38	38	38	39	39	39	39	39	39	39	39	39	39	39	39	39	39	39	40	40	40	40	40	40	40	40	40	40	40	40	40	40	40	40	40	40	40	40	40	40	40	40	40	40	40	41	41	41	41	41	41	41	41	41	41	41	41	41	41	41	41	41	41	41	41	41	41	41	42	42	42	42	42	42	42	42	42	42	42	42	42	42	42	42	42	42	42	42	42	42	42	43	43	43	43	43	43	43	43	43	43	43	43	43	43	43	43	43	43	43	43	44	44	44	44	44	44	44	44	44	44	44	44	44	44	44	44	44	44	45	45	45	45	45	45	45	45	45	45	45	45	45	45	45	45	45	45	45	45	45	45	
