1000
15	3
995	11
26	31	26	28	30	27	29	28	28	30	27	28	29	31	29	28	30	29	31	26	30	31	31	27	26	26	27	28	28	27	31	26	28	31	29	30	29	30	28	28	29	30	31	29	28	28	29	30	28	30	26	28	31	26	27	31	26	30	26	26	26	31	28	30	27	29	29	26	27	29	29	28	26	28	29	30	29	29	30	27	29	29	27	30	26	28	29	28	27	27	30	26	29	31	28	30	31	29	30	28	27	29	27	28	28	31	27	28	29	30	27	28	29	29	27	31	27	31	26	26	26	26	28	30	29	28	31	26	27	28	31	28	30	27	28	27	26	31	28	29	28	30	27	30	30	29	28	30	30	28	29	28	31	31	30	27	31	26	31	31	29	26	29	27	29	26	31	28	30	28	27	31	29	31	30	27	30	27	30	29	31	27	26	31	27	27	29	28	31	28	30	29	31	30	30	27	27	28	28	31	27	29	28	28	28	29	27	28	27	26	30	29	31	29	31	30	31	27	26	29	29	31	31	26	29	27	28	27	31	27	30	28	31	26	30	31	30	28	27	26	26	27	26	30	27	27	30	28	27	30	26	28	29	26	28	27	30	30	26	30	31	31	27	27	28	27	30	30	28	27	30	29	31	31	29	30	29	26	29	30	29	31	29	29	29	28	29	28	29	29	30	28	29	30	29	29	30	26	28	28	29	30	29	31	31	30	26	29	31	30	30	29	31	29	26	27	30	28	30	29	30	30	31	28	27	27	26	30	28	26	26	31	29	29	29	31	28	28	30	28	30	29	26	27	26	26	29	27	30	30	27	31	28	28	28	29	26	28	27	29	28	31	28	31	28	28	31	30	27	30	31	31	31	26	26	26	29	30	26	26	31	31	26	26	28	31	26	30	26	30	28	27	30	27	29	30	30	31	30	30	31	28	30	27	30	31	29	29	28	31	28	29	30	28	27	28	28	27	30	29	26	29	26	26	31	30	30	27	27	31	28	27	28	28	29	29	29	28	29	26	31	29	26	30	26	28	27	28	31	26	30	30	27	28	29	31	30	29	26	29	26	27	26	31	29	27	30	28	29	31	30	30	29	30	27	29	30	30	27	29	30	28	29	30	31	28	31	31	28	30	31	31	31	28	29	27	29	27	31	29	28	29	29	30	31	31	27	28	26	26	28	27	30	30	29	28	30	31	30	27	27	28	26	31	28	30	31	26	26	28	29	29	30	30	30	27	31	29	29	31	27	27	29	31	27	30	26	30	31	29	29	27	30	29	27	29	27	29	27	30	28	28	31	27	30	27	30	27	29	27	31	26	30	30	29	28	30	29	29	26	28	26	28	30	28	29	26	30	30	26	30	27	28	28	26	29	29	30	28	28	30	31	27	29	29	31	27	28	28	28	28	26	29	31	30	28	29	30	29	31	31	26	29	26	29	29	26	31	26	28	26	31	31	27	26	31	30	29	26	29	26	27	29	30	27	26	27	28	28	26	31	27	28	26	30	30	31	27	27	30	26	30	28	31	29	28	29	31	30	31	31	30	28	31	29	31	30	31	28	28	31	30	27	27	29	27	26	31	30	27	28	28	28	31	30	29	27	26	26	30	29	26	27	28	31	28	30	31	27	27	26	31	26	27	31	30	30	29	26	28	29	28	31	29	31	30	28	26	29	27	29	31	27	29	28	28	28	27	30	27	31	29	30	27	28	28	29	27	27	27	29	27	30	28	31	26	26	31	26	28	30	30	31	27	31	28	28	31	31	28	30	28	26	28	31	28	30	27	26	30	27	29	26	27	27	26	26	30	30	28	28	31	28	27	30	29	31	27	29	27	28	26	26	26	31	26	27	31	26	30	27	31	31	26	30	31	26	31	31	26	28	31	31	27	28	29	31	31	31	28	30	29	26	30	28	26	27	27	29	30	29	31	27	26	31	28	28	29	28	30	29	29	26	31	29	31	30	27	30	30	27	28	28	27	29	29	30	27	29	29	31	28	31	27	27	29	27	28	31	31	26	31	29	27	26	28	26	30	31	31	28	30	31	29	28	27	28	31	30	31	31	26	27	27	30	27	26	27	29	28	30	30	28	27	30	29	31	26	31	31	28	31	28	31	28	28	31	28	28	31	27	27	28	27	31	26	28	31	28	31	30	29	26	28	28	26	27	31	26	27	31	26	29	26	27	29	30	28	31	27	29	26	31	28	29	29	30	29	31	28	27	26	27	29	27	31	30	27	28	30	29	27	26	28	27	30	31	28	29	27	31	28	26	31	27	27	28	29	28	27	
84	83	86	93	77	76	89	88	83	90	89	81	85	93	78	93	94	80	78	84	92	78	83	93	85	84	93	91	93	82	84	81	85	92	79	93	80	91	94	90	76	82	80	89	92	84	91	86	77	85	81	81	92	87	81	77	76	88	92	80	90	78	76	86	90	80	83	90	93	92	91	80	78	79	79	76	79	86	77	94	85	77	82	85	86	84	88	79	90	85	81	92	86	92	77	90	82	77	84	78	84	87	79	91	94	86	88	93	85	77	93	81	86	90	82	93	76	89	80	91	78	81	86	83	89	90	80	94	93	91	90	82	77	88	85	84	83	79	93	93	87	77	90	91	81	84	81	85	89	93	79	82	77	77	83	84	90	81	94	80	81	77	76	89	76	88	88	78	82	76	90	79	88	94	77	82	88	86	88	86	90	83	94	82	90	83	90	94	83	90	86	82	86	90	86	87	81	89	76	89	86	80	82	92	90	78	93	84	83	88	82	86	89	93	86	76	94	89	80	81	77	94	88	80	90	91	82	93	79	83	90	93	80	83	87	84	86	82	90	76	79	77	80	79	77	94	80	92	94	82	89	77	81	76	88	84	81	94	78	78	89	90	77	90	80	92	84	93	80	80	81	84	89	78	94	80	92	94	91	82	82	83	86	85	85	93	78	90	82	84	81	85	80	83	76	76	92	80	81	87	90	90	85	93	78	85	83	83	92	88	84	76	82	85	94	87	90	80	86	87	82	82	89	91	76	91	76	86	84	92	87	80	94	86	80	90	80	94	79	90	89	78	86	90	80	76	93	87	83	77	91	89	89	78	82	83	86	93	80	80	90	89	76	88	94	85	82	84	76	86	93	91	87	79	77	85	80	84	90	79	91	94	87	94	92	89	89	78	94	79	92	94	88	77	90	94	89	79	92	83	79	92	80	93	82	88	89	79	92	85	92	90	81	87	76	91	92	83	93	94	83	89	89	91	85	86	78	76	85	89	81	89	80	86	79	94	85	88	91	80	90	81	78	79	80	82	91	92	82	87	86	85	80	90	94	94	78	91	79	93	91	86	90	76	76	79	94	78	92	94	77	87	87	91	87	92	84	81	92	94	77	79	83	80	76	87	82	81	85	85	89	89	80	84	77	80	87	83	76	77	86	84	77	82	80	92	84	86	86	89	91	83	94	86	87	85	83	80	90	82	89	81	86	79	83	83	87	81	79	77	92	91	82	82	79	77	82	84	76	76	88	94	78	91	91	82	83	89	93	93	91	82	94	82	80	89	88	77	79	83	80	82	80	89	91	91	86	81	80	77	77	92	84	81	85	91	86	80	93	88	91	94	92	87	91	83	76	92	81	83	84	84	81	87	89	78	92	88	87	86	92	91	87	88	76	85	89	78	88	83	82	80	90	93	93	83	77	77	91	76	90	88	78	81	76	78	88	81	94	88	85	86	94	89	79	90	82	89	81	79	81	84	88	80	81	88	83	90	87	83	78	90	86	77	85	86	79	87	88	91	87	78	90	91	86	91	79	79	79	87	88	91	86	81	80	92	85	77	76	82	82	82	87	84	88	88	92	83	90	81	94	80	80	81	81	79	83	82	83	94	79	87	81	76	91	84	87	80	88	88	91	77	89	90	85	94	86	90	81	85	89	85	77	94	93	88	85	81	93	76	80	80	90	83	86	88	89	91	80	88	89	89	88	81	78	79	84	79	93	82	82	92	76	82	76	84	77	86	85	90	86	92	94	79	79	78	89	76	78	88	86	77	90	94	79	92	86	84	90	83	84	86	80	91	80	88	89	81	79	86	86	79	88	91	91	90	80	88	87	88	80	82	81	82	93	85	92	80	76	79	88	90	89	84	86	93	86	89	93	91	88	80	76	83	83	84	79	78	90	89	81	91	92	83	80	82	78	77	79	90	77	89	83	92	93	78	76	77	90	92	93	88	76	85	79	87	77	83	86	84	82	92	79	83	83	85	87	85	90	92	87	78	93	89	76	94	82	83	89	89	85	81	87	87	90	93	76	92	84	94	77	80	80	80	81	78	94	92	76	90	78	78	90	86	82	82	94	87	84	83	82	89	91	83	85	92	81	81	81	92	89	80	84	89	90	88	93	94	79	90	85	78	94	81	84	84	93	85	78	90	80	86	89	81	79	92	82	82	82	86	90	78	85	82	80	91	81	89	93	87	84	94	76	91	88	77	77	77	90	84	77	87	94	88	92	86	76	76	84	89	83	88	88	84	87	94	93	89	84	76	83	79	83	76	78	90	94	81	82	83	
28.6	15.4	28.6	27.5	23.1	33	13.2	33	11	33	13.2	22	26.4	22	20.9	27.5	17.6	26.4	16.5	33	33	28.6	24.2	13.2	18.7	24.2	22	14.3	26.4	14.3	14.3	28.6	17.6	20.9	20.9	23.1	29.7	27.5	12.1	27.5	25.3	17.6	23.1	33	28.6	28.6	28.6	26.4	22	12.1	31.9	19.8	13.2	25.3	12.1	11	16.5	15.4	13.2	25.3	24.2	15.4	30.8	28.6	29.7	23.1	11	15.4	30.8	12.1	25.3	13.2	28.6	22	24.2	29.7	11	24.2	26.4	18.7	11	14.3	19.8	16.5	13.2	15.4	20.9	23.1	18.7	22	27.5	17.6	17.6	28.6	24.2	25.3	30.8	26.4	20.9	29.7	30.8	28.6	20.9	27.5	33	23.1	17.6	22	27.5	19.8	22	29.7	23.1	26.4	29.7	22	28.6	24.2	22	22	28.6	29.7	17.6	13.2	18.7	25.3	33	28.6	20.9	23.1	18.7	20.9	12.1	11	15.4	24.2	29.7	26.4	23.1	30.8	11	12.1	14.3	33	31.9	12.1	27.5	27.5	26.4	23.1	19.8	17.6	24.2	28.6	16.5	29.7	26.4	28.6	24.2	17.6	22	16.5	25.3	16.5	23.1	27.5	22	17.6	13.2	16.5	22	26.4	25.3	17.6	18.7	24.2	16.5	11	16.5	29.7	17.6	12.1	31.9	27.5	19.8	25.3	28.6	11	25.3	25.3	26.4	25.3	20.9	11	25.3	27.5	18.7	26.4	20.9	15.4	29.7	26.4	19.8	23.1	33	16.5	28.6	25.3	15.4	20.9	26.4	23.1	31.9	22	26.4	16.5	18.7	15.4	13.2	18.7	26.4	14.3	18.7	13.2	11	28.6	25.3	14.3	20.9	18.7	30.8	19.8	18.7	14.3	25.3	22	19.8	14.3	19.8	29.7	15.4	29.7	14.3	20.9	16.5	27.5	13.2	29.7	15.4	14.3	17.6	26.4	24.2	20.9	17.6	30.8	26.4	20.9	28.6	17.6	33	27.5	23.1	18.7	23.1	16.5	12.1	14.3	20.9	23.1	33	13.2	26.4	14.3	24.2	30.8	25.3	15.4	29.7	16.5	23.1	29.7	33	20.9	31.9	27.5	15.4	19.8	18.7	30.8	15.4	25.3	17.6	15.4	12.1	26.4	31.9	16.5	33	13.2	26.4	29.7	13.2	13.2	11	24.2	31.9	14.3	28.6	31.9	27.5	13.2	12.1	26.4	11	23.1	17.6	25.3	12.1	26.4	20.9	20.9	28.6	25.3	28.6	23.1	20.9	29.7	29.7	18.7	24.2	19.8	30.8	29.7	13.2	31.9	11	17.6	23.1	11	14.3	11	28.6	20.9	17.6	12.1	18.7	28.6	28.6	24.2	13.2	25.3	23.1	24.2	11	13.2	33	19.8	31.9	23.1	17.6	15.4	20.9	22	12.1	20.9	11	22	20.9	20.9	18.7	25.3	13.2	25.3	12.1	17.6	17.6	18.7	12.1	22	12.1	20.9	27.5	25.3	15.4	12.1	29.7	16.5	30.8	19.8	31.9	31.9	29.7	23.1	15.4	16.5	20.9	23.1	17.6	13.2	29.7	12.1	22	29.7	22	12.1	16.5	24.2	28.6	26.4	20.9	15.4	17.6	23.1	31.9	15.4	29.7	28.6	11	16.5	27.5	25.3	28.6	31.9	12.1	30.8	30.8	23.1	15.4	22	24.2	26.4	16.5	15.4	20.9	22	17.6	25.3	24.2	27.5	25.3	13.2	22	28.6	26.4	13.2	20.9	11	20.9	30.8	26.4	22	26.4	25.3	29.7	16.5	17.6	26.4	23.1	19.8	16.5	14.3	23.1	25.3	26.4	33	28.6	17.6	26.4	13.2	22	11	12.1	22	19.8	31.9	11	33	17.6	12.1	30.8	15.4	14.3	22	30.8	20.9	19.8	29.7	26.4	27.5	15.4	31.9	24.2	19.8	22	24.2	15.4	30.8	18.7	29.7	20.9	15.4	33	20.9	33	13.2	17.6	30.8	20.9	31.9	20.9	31.9	13.2	29.7	13.2	13.2	30.8	12.1	12.1	11	13.2	31.9	25.3	11	22	20.9	13.2	29.7	24.2	18.7	11	18.7	14.3	26.4	22	20.9	15.4	27.5	11	29.7	20.9	14.3	28.6	30.8	14.3	26.4	23.1	33	13.2	25.3	14.3	12.1	20.9	28.6	17.6	11	18.7	14.3	23.1	17.6	13.2	25.3	23.1	28.6	19.8	23.1	27.5	17.6	14.3	23.1	24.2	28.6	12.1	29.7	27.5	11	11	22	16.5	26.4	30.8	33	31.9	17.6	11	24.2	28.6	23.1	24.2	13.2	22	19.8	23.1	23.1	27.5	33	20.9	18.7	27.5	17.6	20.9	11	12.1	19.8	18.7	33	19.8	29.7	29.7	18.7	19.8	33	29.7	13.2	15.4	20.9	18.7	26.4	28.6	31.9	28.6	33	33	22	17.6	11	31.9	30.8	25.3	24.2	33	13.2	16.5	11	25.3	22	33	14.3	18.7	31.9	22	11	11	18.7	29.7	20.9	18.7	17.6	11	19.8	13.2	18.7	16.5	30.8	27.5	29.7	27.5	27.5	19.8	29.7	29.7	33	28.6	11	12.1	14.3	24.2	11	29.7	18.7	25.3	28.6	14.3	20.9	12.1	22	25.3	14.3	15.4	16.5	17.6	17.6	23.1	25.3	27.5	25.3	31.9	30.8	18.7	30.8	31.9	17.6	26.4	31.9	27.5	24.2	17.6	12.1	27.5	28.6	12.1	24.2	13.2	31.9	19.8	15.4	23.1	18.7	14.3	16.5	31.9	33	28.6	25.3	30.8	11	26.4	15.4	24.2	22	29.7	29.7	18.7	20.9	19.8	12.1	17.6	27.5	19.8	17.6	24.2	26.4	27.5	33	19.8	20.9	12.1	25.3	17.6	31.9	28.6	23.1	24.2	13.2	23.1	13.2	24.2	27.5	14.3	28.6	13.2	11	23.1	18.7	16.5	30.8	12.1	23.1	15.4	12.1	25.3	28.6	30.8	11	31.9	33	22	27.5	18.7	28.6	16.5	28.6	17.6	26.4	22	14.3	18.7	18.7	14.3	11	16.5	31.9	16.5	26.4	14.3	22	19.8	25.3	23.1	16.5	31.9	11	27.5	15.4	33	13.2	13.2	20.9	24.2	14.3	13.2	31.9	28.6	23.1	33	25.3	30.8	22	28.6	33	29.7	31.9	28.6	30.8	16.5	31.9	23.1	25.3	13.2	24.2	11	18.7	19.8	20.9	24.2	25.3	22	22	20.9	25.3	17.6	20.9	14.3	20.9	14.3	24.2	17.6	15.4	17.6	16.5	13.2	16.5	33	33	30.8	13.2	23.1	25.3	14.3	11	26.4	26.4	12.1	25.3	31.9	17.6	16.5	15.4	18.7	29.7	24.2	19.8	11	28.6	25.3	19.8	20.9	19.8	14.3	27.5	18.7	28.6	15.4	27.5	16.5	27.5	15.4	24.2	25.3	30.8	22	24.2	26.4	28.6	30.8	12.1	16.5	16.5	19.8	16.5	29.7	30.8	26.4	15.4	26.4	23.1	11	33	19.8	14.3	23.1	16.5	15.4	13.2	20.9	16.5	13.2	19.8	29.7	23.1	18.7	27.5	12.1	31.9	24.2	13.2	33	28.6	17.6	16.5	19.8	12.1	12.1	22	30.8	17.6	24.2	11	23.1	31.9	30.8	23.1	12.1	13.2	13.2	22	26.4	12.1	27.5	26.4	27.5	23.1	27.5	29.7	18.7	30.8	33	24.2	23.1	26.4	30.8	28.6	28.6	24.2	23.1	26.4	20.9	26.4	27.5	23.1	13.2	23.1	29.7	16.5	12.1	19.8	11	20.9	15.4	26.4	28.6	29.7	16.5	12.1	19.8	27.5	17.6	31.9	33	28.6	30.8	24.2	18.7	12.1	14.3	26.4	20.9	30.8	22	30.8	15.4	15.4	26.4	28.6	28.6	19.8	31.9	28.6	11	17.6	
29.7	31.9	26.4	27.5	13.2	24.2	25.3	16.5	18.7	13.2	20.9	31.9	11	18.7	20.9	31.9	20.9	28.6	16.5	26.4	16.5	24.2	15.4	25.3	30.8	18.7	16.5	30.8	26.4	17.6	24.2	12.1	23.1	18.7	25.3	12.1	28.6	31.9	33	28.6	16.5	14.3	17.6	12.1	31.9	20.9	30.8	33	16.5	18.7	15.4	15.4	31.9	15.4	16.5	15.4	23.1	18.7	18.7	24.2	14.3	17.6	12.1	22	27.5	19.8	11	31.9	28.6	20.9	11	26.4	11	29.7	33	24.2	12.1	12.1	22	29.7	30.8	17.6	23.1	17.6	17.6	16.5	11	24.2	25.3	19.8	22	29.7	20.9	19.8	25.3	29.7	16.5	22	15.4	12.1	18.7	28.6	15.4	26.4	12.1	24.2	29.7	11	31.9	18.7	33	12.1	27.5	31.9	25.3	11	29.7	26.4	17.6	18.7	11	13.2	16.5	27.5	26.4	22	33	12.1	14.3	27.5	28.6	30.8	18.7	22	17.6	18.7	18.7	24.2	17.6	25.3	17.6	24.2	28.6	30.8	29.7	12.1	16.5	23.1	25.3	29.7	25.3	28.6	17.6	15.4	23.1	30.8	26.4	20.9	25.3	33	13.2	17.6	11	16.5	28.6	30.8	29.7	28.6	30.8	31.9	20.9	23.1	30.8	31.9	27.5	19.8	33	18.7	25.3	15.4	23.1	33	26.4	24.2	19.8	22	20.9	14.3	23.1	27.5	22	26.4	24.2	24.2	26.4	14.3	30.8	11	18.7	19.8	16.5	16.5	26.4	11	24.2	22	30.8	26.4	19.8	30.8	30.8	18.7	28.6	13.2	31.9	27.5	19.8	33	13.2	19.8	22	33	13.2	20.9	15.4	33	19.8	25.3	19.8	23.1	25.3	33	16.5	33	33	12.1	22	14.3	30.8	30.8	27.5	18.7	28.6	17.6	22	12.1	31.9	24.2	12.1	17.6	28.6	29.7	24.2	13.2	19.8	25.3	28.6	24.2	23.1	16.5	16.5	29.7	19.8	12.1	25.3	14.3	11	33	29.7	12.1	12.1	14.3	16.5	17.6	31.9	27.5	22	22	27.5	25.3	14.3	27.5	11	23.1	31.9	18.7	12.1	29.7	17.6	33	22	33	31.9	13.2	33	28.6	12.1	25.3	31.9	31.9	15.4	24.2	29.7	30.8	23.1	28.6	17.6	22	20.9	14.3	20.9	22	26.4	22	20.9	31.9	24.2	28.6	28.6	26.4	16.5	16.5	24.2	26.4	16.5	30.8	27.5	25.3	24.2	24.2	20.9	23.1	13.2	24.2	13.2	27.5	12.1	11	28.6	25.3	18.7	20.9	26.4	31.9	16.5	13.2	28.6	33	16.5	33	25.3	11	14.3	26.4	15.4	24.2	29.7	20.9	13.2	16.5	23.1	22	24.2	14.3	19.8	15.4	25.3	14.3	13.2	26.4	26.4	31.9	29.7	17.6	25.3	26.4	12.1	31.9	25.3	23.1	18.7	14.3	33	14.3	20.9	22	15.4	23.1	30.8	13.2	27.5	15.4	25.3	14.3	24.2	28.6	13.2	33	22	29.7	28.6	15.4	12.1	11	31.9	20.9	11	13.2	17.6	25.3	23.1	30.8	19.8	22	14.3	28.6	20.9	11	17.6	28.6	28.6	27.5	14.3	19.8	13.2	18.7	31.9	27.5	33	12.1	30.8	25.3	26.4	20.9	26.4	20.9	19.8	18.7	11	17.6	25.3	30.8	16.5	11	17.6	29.7	13.2	20.9	15.4	28.6	11	25.3	29.7	20.9	27.5	33	18.7	18.7	16.5	14.3	13.2	28.6	11	17.6	31.9	24.2	17.6	27.5	20.9	16.5	31.9	17.6	26.4	28.6	20.9	11	15.4	12.1	15.4	23.1	18.7	27.5	11	19.8	22	15.4	33	33	28.6	20.9	17.6	26.4	22	19.8	20.9	31.9	26.4	18.7	28.6	22	28.6	28.6	31.9	33	17.6	31.9	33	16.5	26.4	27.5	25.3	28.6	16.5	26.4	20.9	19.8	25.3	12.1	27.5	16.5	20.9	29.7	12.1	11	23.1	14.3	30.8	24.2	12.1	29.7	16.5	25.3	23.1	13.2	24.2	11	18.7	18.7	25.3	22	29.7	17.6	19.8	13.2	13.2	31.9	31.9	30.8	12.1	25.3	25.3	25.3	12.1	25.3	29.7	27.5	18.7	24.2	11	23.1	20.9	18.7	33	27.5	17.6	15.4	31.9	11	27.5	25.3	24.2	16.5	22	24.2	13.2	25.3	26.4	12.1	25.3	28.6	25.3	12.1	14.3	33	31.9	26.4	22	30.8	18.7	18.7	26.4	15.4	23.1	16.5	13.2	27.5	14.3	26.4	24.2	14.3	15.4	14.3	20.9	14.3	29.7	28.6	14.3	20.9	23.1	24.2	13.2	15.4	12.1	13.2	17.6	30.8	26.4	13.2	29.7	11	22	25.3	30.8	18.7	23.1	27.5	11	30.8	13.2	17.6	26.4	30.8	23.1	19.8	16.5	12.1	17.6	16.5	18.7	16.5	14.3	28.6	17.6	15.4	16.5	19.8	20.9	20.9	20.9	11	15.4	11	26.4	12.1	30.8	24.2	20.9	19.8	26.4	18.7	23.1	12.1	26.4	29.7	12.1	30.8	23.1	12.1	28.6	11	25.3	20.9	24.2	14.3	24.2	26.4	20.9	23.1	23.1	33	33	25.3	24.2	19.8	11	29.7	31.9	11	24.2	31.9	30.8	14.3	15.4	24.2	27.5	23.1	17.6	13.2	28.6	28.6	26.4	24.2	26.4	23.1	25.3	25.3	30.8	22	15.4	19.8	26.4	17.6	29.7	13.2	17.6	23.1	23.1	25.3	20.9	19.8	15.4	25.3	28.6	14.3	24.2	26.4	18.7	25.3	30.8	19.8	27.5	22	30.8	15.4	13.2	12.1	24.2	33	12.1	24.2	18.7	19.8	11	20.9	15.4	24.2	29.7	11	15.4	27.5	23.1	28.6	11	28.6	15.4	14.3	22	13.2	28.6	23.1	27.5	22	27.5	19.8	24.2	27.5	17.6	30.8	33	17.6	15.4	15.4	18.7	30.8	18.7	13.2	13.2	24.2	16.5	26.4	19.8	19.8	12.1	33	13.2	25.3	11	20.9	31.9	31.9	29.7	19.8	27.5	33	13.2	33	17.6	27.5	16.5	16.5	18.7	31.9	23.1	28.6	33	27.5	13.2	26.4	13.2	19.8	18.7	14.3	20.9	30.8	33	19.8	18.7	14.3	29.7	33	22	19.8	33	28.6	23.1	26.4	30.8	22	23.1	29.7	23.1	17.6	18.7	22	11	30.8	30.8	13.2	14.3	31.9	13.2	18.7	18.7	19.8	27.5	19.8	29.7	31.9	27.5	19.8	30.8	23.1	16.5	12.1	29.7	17.6	13.2	22	17.6	20.9	11	30.8	11	15.4	14.3	23.1	28.6	26.4	26.4	33	23.1	26.4	24.2	26.4	30.8	20.9	29.7	19.8	19.8	18.7	13.2	22	20.9	26.4	12.1	25.3	18.7	22	26.4	25.3	13.2	31.9	27.5	24.2	16.5	28.6	22	18.7	31.9	33	13.2	29.7	23.1	13.2	14.3	13.2	17.6	30.8	22	15.4	26.4	20.9	18.7	26.4	23.1	12.1	19.8	13.2	18.7	16.5	22	28.6	14.3	33	20.9	31.9	22	18.7	18.7	23.1	30.8	11	19.8	23.1	20.9	27.5	25.3	30.8	12.1	19.8	19.8	33	15.4	14.3	12.1	16.5	33	20.9	22	29.7	31.9	29.7	22	30.8	17.6	31.9	14.3	20.9	22	30.8	11	22	28.6	15.4	30.8	25.3	22	27.5	12.1	12.1	22	31.9	19.8	26.4	12.1	24.2	14.3	31.9	12.1	33	11	24.2	12.1	18.7	24.2	15.4	15.4	16.5	14.3	31.9	29.7	24.2	29.7	11	31.9	31.9	19.8	15.4	20.9	18.7	
29.7	27.5	20.9	12.1	11	19.8	12.1	20.9	16.5	28.6	28.6	28.6	30.8	24.2	13.2	
12	12	12	15	15	15	16	13	15	20	13	15	17	17	12	14	12	10	15	17	15	19	10	14	16	12	17	13	14	10	16	19	15	16	10	10	18	12	18	17	19	15	11	10	11	17	15	14	12	14	15	15	20	14	13	10	15	10	11	13	15	14	10	14	14	12	10	17	16	19	18	18	13	14	20	16	17	10	20	11	16	20	11	19	18	20	14	14	12	10	12	12	11	15	14	13	14	12	12	20	16	15	17	17	14	18	13	16	20	15	12	13	16	11	17	17	17	11	15	14	11	15	10	16	12	11	13	17	14	20	18	12	18	11	13	17	15	20	10	12	14	18	10	13	14	14	13	10	19	16	14	10	18	19	16	17	16	17	16	19	19	17	14	18	11	16	13	12	11	20	11	17	19	12	18	12	16	16	17	17	11	14	14	11	10	14	12	20	18	17	15	19	20	13	19	20	18	14	17	12	16	12	11	20	20	13	18	17	11	12	15	16	14	19	15	11	16	17	20	18	11	13	10	14	10	14	16	12	12	18	13	16	17	17	15	18	17	10	17	17	13	14	16	20	14	16	16	18	16	14	15	16	10	11	20	18	20	15	14	13	19	13	13	15	18	20	12	17	14	12	17	13	19	10	20	13	13	12	20	13	15	16	20	16	19	20	15	16	18	12	20	15	10	20	18	18	18	18	17	15	17	10	13	14	16	17	12	12	10	20	16	17	11	14	18	13	16	20	16	15	12	20	12	12	12	17	17	10	15	19	14	14	11	15	12	13	16	15	17	14	16	19	13	18	11	14	10	13	14	14	19	13	16	13	14	16	18	13	14	15	20	10	11	10	17	10	11	11	12	17	13	20	13	17	14	13	19	12	13	13	18	15	13	15	20	20	13	17	15	11	18	17	14	18	18	18	20	12	14	11	17	10	10	14	10	15	19	10	19	18	12	10	16	13	18	17	13	19	14	20	19	20	14	16	13	12	17	15	18	12	17	10	17	18	17	14	20	18	14	20	10	18	18	10	11	11	16	18	14	19	19	13	17	16	16	14	16	12	12	16	15	12	13	10	17	13	10	12	18	18	11	10	20	20	20	12	17	18	17	18	10	17	10	20	13	13	14	13	11	11	16	18	13	16	15	20	14	18	16	16	16	12	14	16	12	10	13	18	20	16	12	12	14	15	12	13	20	17	10	20	10	20	18	17	10	18	12	11	12	12	14	20	18	16	10	18	12	13	10	17	20	14	20	16	11	17	18	10	10	19	13	11	17	14	17	15	10	10	13	20	14	15	13	15	12	18	11	16	15	12	18	15	19	19	20	13	11	17	17	20	10	13	20	20	17	13	10	11	12	10	20	19	16	18	12	19	20	19	10	16	20	10	11	19	14	17	11	17	15	12	18	18	17	11	12	18	20	17	18	18	20	11	17	11	19	10	10	15	19	19	19	17	12	16	12	18	17	14	18	18	14	13	11	11	13	10	10	14	18	12	14	14	20	10	19	10	14	14	11	18	13	10	15	10	11	18	14	12	19	14	12	12	15	11	10	13	11	11	10	18	17	11	11	14	15	13	16	11	14	17	13	11	18	19	18	19	16	15	11	15	10	19	16	15	13	12	20	20	19	18	15	14	14	12	18	10	13	18	10	20	10	11	20	20	18	19	13	20	19	14	20	16	19	19	14	15	19	18	10	12	15	20	12	17	11	10	14	19	20	15	19	18	19	14	20	11	11	11	12	13	14	12	11	10	12	13	12	15	15	15	17	15	14	17	13	16	17	14	16	18	15	11	12	12	12	20	11	17	20	11	13	13	12	15	14	18	19	15	16	14	20	17	11	10	10	20	10	10	16	20	20	20	17	20	10	11	19	19	12	11	10	13	11	10	10	18	13	13	11	18	16	13	11	14	16	13	10	14	14	11	19	19	19	13	12	10	10	10	11	13	19	10	11	14	15	16	15	11	14	17	18	19	12	12	11	20	15	19	16	16	18	19	15	14	17	13	19	18	19	17	12	11	16	13	18	20	18	17	19	15	15	10	16	12	19	18	15	20	19	12	16	13	15	18	11	12	15	10	14	13	16	17	15	17	16	10	12	18	10	17	17	13	19	17	11	10	18	11	16	17	19	10	12	20	15	14	13	10	19	16	18	10	16	18	19	19	13	20	17	11	16	15	16	17	18	20	15	16	11	16	13	10	15	10	17	15	17	19	12	18	11	11	16	18	12	10	18	10	17	14	15	16	15	16	20	11	12	18	15	16	10	12	14	17	13	13	15	20	16	14	
1	1	1	1	1	1	1	1	1	1	1	1	1	1	1	1	1	1	1	1	1	1	1	1	1	1	1	1	1	1	1	1	1	1	1	1	1	1	1	1	1	1	1	1	1	1	1	1	1	1	1	1	1	1	1	1	1	1	1	1	1	1	1	1	1	1	1	1	1	2	2	2	2	2	2	2	2	2	2	2	2	2	2	2	2	2	2	2	2	2	2	2	2	2	2	2	2	2	2	2	2	2	2	2	2	2	2	2	2	2	2	2	2	2	2	2	2	2	3	3	3	3	3	3	3	3	3	3	3	3	3	3	3	3	3	3	3	3	3	3	3	3	3	3	3	3	3	3	3	3	3	3	3	3	3	3	3	3	3	3	3	3	3	3	3	3	3	3	3	3	3	3	3	3	3	3	3	3	3	3	3	3	3	3	3	3	3	3	3	3	3	3	3	3	4	4	4	4	4	4	4	4	4	4	4	4	4	4	4	4	4	4	4	4	4	4	4	4	4	4	4	4	4	4	4	4	4	4	4	4	4	4	4	4	4	4	4	4	4	4	4	4	4	4	4	4	4	4	4	4	4	4	4	4	4	5	5	5	5	5	5	5	5	5	5	5	5	5	5	5	5	5	5	5	5	5	5	5	5	5	5	5	5	5	5	5	5	5	5	5	5	5	5	5	5	5	5	5	5	5	5	5	5	5	5	5	5	5	5	5	5	5	5	5	5	5	5	5	5	5	5	5	5	5	5	6	6	6	6	6	6	6	6	6	6	6	6	6	6	6	6	6	6	6	6	6	6	6	6	6	6	6	6	6	6	6	6	6	6	6	6	6	6	6	6	6	6	6	6	6	6	6	6	6	6	6	6	6	6	6	6	6	6	6	6	6	6	6	6	7	7	7	7	7	7	7	7	7	7	7	7	7	7	7	7	7	7	7	7	7	7	7	7	7	7	7	7	7	7	7	7	7	7	7	7	7	7	7	7	7	7	7	7	7	7	7	7	7	7	7	7	7	7	7	7	7	7	7	7	7	7	7	7	7	7	7	7	7	7	7	7	7	7	7	8	8	8	8	8	8	8	8	8	8	8	8	8	8	8	8	8	8	8	8	8	8	8	8	8	8	8	8	8	8	8	8	8	8	8	8	8	8	8	8	8	8	8	8	8	8	8	8	8	8	8	8	8	8	8	8	9	9	9	9	9	9	9	9	9	9	9	9	9	9	9	9	9	9	9	9	9	9	9	9	9	9	9	9	9	9	9	9	9	9	9	9	9	9	9	9	9	9	9	9	9	9	9	9	9	9	9	9	9	9	9	9	9	9	9	9	9	9	9	9	9	9	9	9	9	9	9	9	9	9	9	9	9	9	10	10	10	10	10	10	10	10	10	10	10	10	10	10	10	10	10	10	10	10	10	10	10	10	10	10	10	10	10	10	10	10	10	10	10	10	10	10	10	10	10	10	10	10	10	10	10	10	10	10	10	10	10	10	10	10	10	10	10	10	10	10	11	11	11	11	11	11	11	11	11	11	11	11	11	11	11	11	11	11	11	11	11	11	11	11	11	11	11	11	11	11	11	11	11	11	11	11	11	11	11	11	11	11	11	11	11	11	11	11	11	11	11	11	11	11	11	11	11	11	11	11	11	11	11	11	11	12	12	12	12	12	12	12	12	12	12	12	12	12	12	12	12	12	12	12	12	12	12	12	12	12	12	12	12	12	12	12	12	12	12	12	12	12	12	12	12	12	12	12	12	12	12	12	12	12	12	12	12	12	12	12	12	12	12	12	12	12	12	12	12	12	12	13	13	13	13	13	13	13	13	13	13	13	13	13	13	13	13	13	13	13	13	13	13	13	13	13	13	13	13	13	13	13	13	13	13	13	13	13	13	13	13	13	13	13	13	13	13	13	13	13	13	13	13	13	13	13	13	13	13	13	13	13	13	13	13	13	13	14	14	14	14	14	14	14	14	14	14	14	14	14	14	14	14	14	14	14	14	14	14	14	14	14	14	14	14	14	14	14	14	14	14	14	14	14	14	14	14	14	14	14	14	14	14	14	14	14	14	14	14	14	14	14	14	14	14	14	14	14	14	14	14	14	14	14	15	15	15	15	15	15	15	15	15	15	15	15	15	15	15	15	15	15	15	15	15	15	15	15	15	15	15	15	15	15	15	15	15	15	15	15	15	15	15	15	15	15	15	15	15	15	15	15	15	15	15	15	15	15	15	15	15	15	15	15	15	15	15	15	15	15	15	15	15	15	15	15	15	15	15	15	
