1000
15	3
1047	19.8
31	30	27	27	30	30	26	27	27	31	26	27	28	31	26	30	31	27	30	27	30	28	26	28	30	28	29	30	27	29	28	30	27	28	30	30	30	27	30	28	29	29	30	29	28	31	26	30	30	28	28	28	27	31	29	28	27	26	27	29	27	29	26	31	26	26	26	29	26	28	29	30	26	27	28	26	26	29	29	28	30	31	26	30	28	29	26	27	27	31	30	31	26	31	29	31	31	30	30	28	30	31	29	29	31	27	26	26	28	26	31	27	30	27	26	29	31	30	30	29	30	29	31	31	28	30	29	31	31	26	31	29	28	30	28	26	30	30	27	27	31	26	27	29	28	29	30	26	30	30	26	31	27	30	27	27	26	27	26	26	27	28	30	29	27	26	27	27	28	30	29	27	28	26	30	27	29	26	27	26	29	30	29	31	26	31	31	29	31	29	27	31	28	27	27	30	27	30	30	30	28	27	29	30	30	29	28	31	30	27	27	28	28	31	29	27	27	30	27	30	27	30	27	28	30	26	30	26	29	31	31	31	30	28	29	29	26	30	30	27	29	28	30	31	28	29	31	29	28	27	30	27	26	29	27	26	26	26	31	31	29	30	31	28	26	29	31	29	28	30	26	29	30	31	27	30	30	28	29	31	28	28	26	27	26	27	27	30	28	29	27	31	30	27	26	26	28	30	29	28	31	30	27	28	27	28	29	28	30	31	29	28	31	29	29	31	26	27	30	27	28	27	29	30	26	29	27	31	29	28	26	31	26	31	27	29	26	31	28	30	27	28	31	26	26	26	31	31	28	28	30	28	27	29	28	29	29	27	26	30	30	30	28	29	27	31	31	30	28	30	26	27	27	29	26	27	29	30	26	31	29	27	29	26	31	27	27	28	26	31	31	31	31	29	29	27	30	29	27	28	30	27	26	27	26	27	28	28	28	28	27	31	29	26	28	29	27	28	28	26	26	26	28	29	28	30	26	29	26	28	29	27	29	27	26	29	27	31	28	27	29	28	26	28	29	30	28	30	28	29	27	27	29	29	30	26	29	31	27	31	28	27	26	29	26	27	26	28	26	27	27	28	31	29	31	27	29	27	26	28	30	29	30	31	29	27	28	28	29	30	30	26	30	30	28	29	26	26	28	31	28	31	29	28	28	28	27	29	27	28	30	28	31	30	26	29	27	29	29	26	29	27	27	30	31	28	31	27	30	29	29	30	29	27	28	29	28	26	28	31	27	26	31	30	28	30	26	29	27	27	27	28	29	26	31	29	28	29	28	26	28	29	29	30	28	31	31	30	30	29	27	31	29	28	30	31	31	27	28	27	30	27	26	27	28	29	26	27	28	31	26	28	27	28	30	29	27	31	28	27	31	28	30	27	28	30	29	26	27	26	30	26	27	27	28	30	30	28	26	28	26	30	29	26	29	26	30	30	31	29	30	29	29	29	27	29	26	30	28	27	30	29	31	29	28	31	26	31	26	31	29	29	31	27	26	26	30	28	31	30	26	29	27	26	26	27	30	30	28	26	30	31	27	30	30	30	28	30	29	26	26	31	29	29	27	28	28	31	29	30	29	27	30	28	29	29	30	26	26	27	27	28	29	31	29	31	30	28	30	31	28	30	30	31	27	31	28	30	30	31	31	29	26	30	29	31	29	28	30	27	30	30	27	26	27	30	29	26	26	28	28	29	31	31	27	30	28	26	31	26	27	29	27	29	28	30	29	31	29	27	31	30	27	29	29	28	29	29	31	30	31	27	31	26	28	30	26	27	31	29	28	30	31	27	26	31	31	26	30	26	28	28	30	31	30	27	27	29	30	30	26	31	28	31	29	28	27	31	30	26	26	28	29	28	29	31	30	26	30	26	29	26	26	31	27	28	26	26	27	27	27	27	28	29	30	28	27	27	28	26	30	28	30	27	30	26	31	27	28	30	30	28	28	26	30	26	31	28	28	28	26	26	26	26	28	26	29	26	27	26	27	27	31	28	27	29	27	26	30	29	31	27	30	31	30	31	27	28	26	28	30	26	30	31	27	31	30	29	31	30	30	27	30	31	28	27	30	27	26	30	30	27	29	30	31	26	28	31	29	31	31	29	29	26	31	27	26	27	29	30	26	30	29	27	30	28	30	28	26	27	29	28	29	27	27	28	26	27	28	29	27	27	29	26	30	28	29	27	28	30	26	28	27	28	26	30	30	31	28	31	27	30	28	31	31	31	28	29	26	31	28	29	31	28	28	29	27	29	26	27	27	27	31	31	29	29	31	26	28	29	
77	77	76	76	90	76	86	79	83	93	83	94	89	82	88	86	82	91	87	79	78	93	81	76	78	89	84	94	81	86	83	77	88	77	89	79	87	76	90	79	87	77	87	85	78	77	90	82	92	93	92	78	94	86	87	89	94	79	94	89	86	83	81	86	81	86	90	83	77	88	83	79	91	80	85	88	89	93	93	85	83	86	82	93	85	94	76	82	81	77	94	83	91	84	83	90	91	87	80	92	94	82	78	84	90	93	90	76	81	93	90	90	85	83	82	80	89	78	91	79	84	84	86	77	83	79	80	90	78	90	80	92	79	83	86	86	82	85	82	92	87	83	76	89	84	77	90	78	91	86	91	81	89	79	89	77	85	88	89	86	77	77	81	82	79	77	80	79	87	76	81	91	78	82	84	90	87	88	84	89	78	79	79	85	83	80	78	82	87	87	90	76	88	90	77	91	91	85	84	80	81	87	90	88	80	94	90	83	87	85	86	94	83	80	86	94	88	94	80	88	80	92	86	80	77	81	84	91	76	79	89	86	87	83	84	77	80	94	79	76	89	92	80	90	93	78	85	94	80	84	94	93	84	77	92	93	76	84	79	93	84	83	78	79	79	83	90	92	85	85	85	78	83	91	90	85	92	85	88	91	88	82	88	76	78	80	94	81	76	90	84	88	88	88	81	84	80	76	83	92	82	80	86	76	80	89	94	89	92	79	82	83	87	86	91	84	91	94	91	79	88	81	94	90	77	80	76	82	79	78	78	77	85	76	79	84	85	91	86	84	86	84	84	76	92	90	90	79	89	82	84	78	85	80	90	76	79	89	81	90	78	83	80	82	88	87	91	83	85	78	76	92	82	87	86	91	78	93	92	80	81	81	84	86	88	82	84	78	83	82	93	85	88	90	90	82	89	76	81	82	78	94	80	93	77	88	84	87	90	77	83	84	84	84	79	79	89	85	92	87	83	90	83	92	78	81	86	89	76	93	79	91	85	86	78	82	87	92	79	88	93	94	83	90	77	84	85	91	87	93	87	79	89	81	81	76	85	76	83	87	90	86	84	90	88	85	93	91	84	89	84	82	81	85	88	80	78	88	82	83	82	80	87	88	92	90	76	82	91	90	92	86	82	80	83	94	88	80	86	85	91	87	91	88	76	82	85	90	86	92	93	76	87	90	90	91	85	78	82	76	83	79	94	86	93	89	85	78	82	93	79	91	76	90	78	90	90	86	92	86	83	82	90	93	90	81	92	79	78	94	81	89	85	92	80	79	94	88	84	83	86	78	85	76	90	92	80	92	80	80	91	88	92	91	88	94	86	76	86	83	93	94	87	87	77	79	91	91	85	92	78	82	83	93	84	88	87	86	89	90	78	79	89	81	94	80	90	81	82	83	76	85	77	78	84	90	76	85	89	90	76	85	90	78	82	87	91	79	77	82	83	82	79	88	83	79	90	94	93	80	80	89	76	76	82	78	94	80	93	85	76	78	93	79	82	89	88	89	81	91	81	87	78	78	92	94	83	83	91	94	91	86	80	80	78	82	78	94	93	87	78	79	88	91	88	79	85	84	92	87	77	88	92	82	87	83	87	94	90	87	79	80	86	89	87	89	81	77	86	92	80	79	90	85	88	78	82	91	76	92	77	80	91	90	90	88	89	88	77	80	83	89	80	88	93	91	91	90	90	79	90	82	90	89	94	79	77	93	81	93	88	91	80	88	93	86	81	92	79	77	79	77	78	80	88	88	79	79	81	86	79	84	93	86	84	78	90	78	81	90	85	89	87	77	93	81	86	92	85	79	89	77	89	93	76	89	92	76	77	79	85	79	78	90	79	81	80	78	92	87	88	85	76	91	86	92	90	76	90	84	93	80	84	89	84	78	82	78	89	76	85	80	84	82	79	87	91	77	82	92	78	80	79	80	92	92	86	93	82	92	92	77	82	88	91	76	90	80	94	84	80	94	83	76	92	82	78	86	81	89	79	87	88	91	89	89	83	85	89	83	81	90	80	78	78	93	85	93	82	88	82	94	76	79	93	77	79	94	91	81	77	92	91	79	90	90	86	86	86	83	78	92	87	88	83	92	88	92	94	85	94	92	90	90	78	91	79	85	83	86	90	93	86	86	90	78	76	91	84	83	91	94	88	80	78	85	76	86	83	78	79	90	78	91	90	88	94	90	77	94	82	77	79	85	85	85	87	85	89	82	81	76	88	77	90	90	79	85	90	91	76	80	88	78	93	85	82	79	89	83	82	86	84	78	77	79	78	86	82	85	
24.2	33	16.5	14.3	26.4	13.2	22	17.6	29.7	18.7	27.5	19.8	23.1	19.8	16.5	28.6	30.8	14.3	30.8	13.2	31.9	29.7	29.7	22	25.3	29.7	23.1	17.6	31.9	29.7	25.3	33	26.4	25.3	30.8	29.7	30.8	20.9	25.3	23.1	24.2	17.6	11	30.8	15.4	15.4	14.3	18.7	26.4	12.1	30.8	27.5	29.7	30.8	33	30.8	15.4	11	27.5	18.7	27.5	25.3	30.8	29.7	12.1	20.9	24.2	11	27.5	20.9	24.2	33	24.2	12.1	24.2	24.2	30.8	28.6	29.7	15.4	16.5	22	27.5	33	30.8	26.4	19.8	13.2	31.9	29.7	13.2	31.9	14.3	18.7	19.8	30.8	28.6	27.5	17.6	22	15.4	12.1	19.8	31.9	11	26.4	13.2	12.1	25.3	33	23.1	22	12.1	31.9	33	25.3	13.2	26.4	29.7	24.2	11	24.2	28.6	19.8	30.8	22	24.2	15.4	29.7	22	22	18.7	25.3	18.7	11	30.8	24.2	26.4	33	12.1	27.5	12.1	23.1	24.2	13.2	14.3	11	24.2	23.1	33	29.7	17.6	11	26.4	13.2	25.3	25.3	17.6	16.5	29.7	14.3	28.6	28.6	14.3	15.4	30.8	19.8	23.1	15.4	25.3	12.1	26.4	23.1	26.4	25.3	27.5	31.9	12.1	12.1	16.5	17.6	24.2	23.1	29.7	20.9	33	16.5	13.2	12.1	26.4	12.1	22	25.3	11	16.5	14.3	17.6	33	15.4	33	25.3	23.1	22	27.5	33	19.8	15.4	25.3	24.2	22	18.7	30.8	31.9	25.3	20.9	13.2	29.7	20.9	19.8	26.4	27.5	11	26.4	26.4	28.6	19.8	13.2	33	18.7	15.4	12.1	16.5	15.4	16.5	23.1	23.1	12.1	11	20.9	22	28.6	27.5	31.9	26.4	26.4	23.1	15.4	22	19.8	14.3	28.6	17.6	15.4	30.8	29.7	11	20.9	30.8	22	26.4	17.6	28.6	16.5	20.9	31.9	20.9	15.4	29.7	28.6	17.6	12.1	18.7	27.5	29.7	11	27.5	20.9	33	31.9	31.9	18.7	17.6	28.6	18.7	29.7	17.6	20.9	18.7	20.9	12.1	20.9	25.3	25.3	24.2	33	33	31.9	23.1	25.3	30.8	33	30.8	13.2	33	18.7	17.6	29.7	15.4	28.6	17.6	12.1	16.5	33	28.6	18.7	24.2	25.3	31.9	25.3	14.3	12.1	20.9	22	22	29.7	29.7	15.4	29.7	18.7	27.5	30.8	28.6	13.2	27.5	15.4	24.2	13.2	28.6	22	16.5	16.5	17.6	24.2	18.7	12.1	28.6	19.8	28.6	19.8	11	16.5	22	20.9	17.6	28.6	25.3	14.3	20.9	28.6	14.3	15.4	22	22	12.1	16.5	19.8	25.3	26.4	19.8	22	22	23.1	14.3	25.3	28.6	27.5	29.7	28.6	25.3	17.6	30.8	28.6	15.4	25.3	16.5	25.3	13.2	28.6	18.7	14.3	27.5	31.9	28.6	20.9	20.9	14.3	22	11	20.9	18.7	23.1	28.6	28.6	31.9	24.2	11	29.7	33	16.5	20.9	23.1	26.4	13.2	19.8	27.5	15.4	33	18.7	14.3	17.6	22	28.6	26.4	31.9	27.5	28.6	17.6	25.3	17.6	11	27.5	26.4	14.3	26.4	20.9	15.4	28.6	11	27.5	26.4	22	15.4	29.7	20.9	22	14.3	13.2	14.3	23.1	28.6	27.5	17.6	27.5	31.9	13.2	25.3	23.1	30.8	28.6	30.8	17.6	24.2	22	27.5	29.7	11	13.2	18.7	16.5	31.9	14.3	33	23.1	19.8	15.4	25.3	31.9	26.4	31.9	17.6	19.8	25.3	23.1	19.8	23.1	15.4	12.1	23.1	27.5	27.5	28.6	29.7	12.1	30.8	24.2	30.8	25.3	16.5	22	28.6	17.6	15.4	12.1	19.8	25.3	28.6	29.7	14.3	19.8	11	28.6	28.6	27.5	17.6	20.9	18.7	33	13.2	20.9	25.3	17.6	16.5	22	29.7	18.7	22	24.2	26.4	29.7	28.6	23.1	33	25.3	25.3	24.2	27.5	29.7	19.8	15.4	25.3	16.5	25.3	12.1	31.9	19.8	25.3	11	33	23.1	12.1	20.9	24.2	12.1	13.2	15.4	28.6	15.4	17.6	33	28.6	26.4	18.7	33	19.8	13.2	20.9	31.9	31.9	11	11	11	18.7	33	22	14.3	33	15.4	22	12.1	29.7	15.4	16.5	11	13.2	29.7	22	18.7	20.9	20.9	16.5	31.9	26.4	14.3	23.1	13.2	31.9	15.4	14.3	31.9	22	28.6	19.8	14.3	20.9	14.3	13.2	22	23.1	23.1	28.6	17.6	19.8	14.3	28.6	12.1	16.5	33	31.9	15.4	29.7	17.6	18.7	20.9	12.1	13.2	12.1	16.5	31.9	22	17.6	12.1	29.7	23.1	19.8	22	26.4	15.4	26.4	33	30.8	23.1	30.8	22	13.2	13.2	16.5	20.9	15.4	19.8	27.5	14.3	27.5	16.5	30.8	24.2	31.9	23.1	31.9	11	26.4	18.7	14.3	31.9	30.8	11	27.5	25.3	13.2	17.6	26.4	28.6	25.3	25.3	25.3	23.1	11	14.3	30.8	30.8	23.1	17.6	20.9	14.3	13.2	26.4	15.4	28.6	11	31.9	11	28.6	12.1	30.8	30.8	23.1	29.7	24.2	28.6	23.1	13.2	28.6	17.6	30.8	19.8	17.6	13.2	26.4	24.2	13.2	28.6	27.5	24.2	26.4	29.7	28.6	31.9	15.4	26.4	12.1	27.5	19.8	27.5	26.4	19.8	11	20.9	17.6	11	14.3	28.6	12.1	24.2	13.2	25.3	29.7	17.6	29.7	22	26.4	11	19.8	33	29.7	31.9	33	23.1	24.2	17.6	20.9	27.5	28.6	17.6	18.7	12.1	19.8	23.1	16.5	18.7	25.3	17.6	18.7	14.3	26.4	30.8	24.2	26.4	22	17.6	25.3	12.1	28.6	29.7	24.2	28.6	15.4	14.3	25.3	33	19.8	29.7	15.4	22	25.3	31.9	33	18.7	30.8	25.3	28.6	30.8	14.3	14.3	30.8	11	22	12.1	20.9	17.6	26.4	13.2	13.2	13.2	24.2	33	25.3	25.3	25.3	28.6	33	28.6	18.7	29.7	17.6	18.7	17.6	28.6	24.2	28.6	18.7	27.5	11	14.3	24.2	17.6	19.8	12.1	30.8	26.4	17.6	28.6	17.6	25.3	16.5	31.9	16.5	28.6	16.5	22	13.2	20.9	29.7	16.5	29.7	31.9	14.3	11	24.2	12.1	30.8	26.4	26.4	18.7	25.3	15.4	29.7	23.1	19.8	23.1	33	20.9	22	33	15.4	27.5	14.3	29.7	12.1	11	23.1	29.7	16.5	16.5	28.6	15.4	22	15.4	31.9	15.4	11	20.9	16.5	17.6	26.4	33	28.6	29.7	13.2	18.7	12.1	17.6	12.1	19.8	11	20.9	13.2	22	12.1	23.1	19.8	25.3	11	14.3	12.1	25.3	19.8	11	28.6	31.9	33	30.8	31.9	22	17.6	19.8	13.2	30.8	19.8	31.9	24.2	28.6	19.8	11	20.9	27.5	20.9	14.3	12.1	31.9	16.5	26.4	23.1	27.5	22	29.7	17.6	28.6	28.6	22	12.1	17.6	15.4	14.3	17.6	17.6	16.5	15.4	28.6	22	14.3	15.4	20.9	23.1	29.7	15.4	15.4	24.2	29.7	12.1	16.5	11	18.7	20.9	19.8	17.6	11	19.8	14.3	28.6	17.6	31.9	22	19.8	28.6	11	33	29.7	13.2	26.4	13.2	14.3	30.8	14.3	16.5	24.2	14.3	11	19.8	19.8	11	26.4	26.4	30.8	29.7	23.1	23.1	24.2	28.6	31.9	22	23.1	
31.9	13.2	31.9	26.4	17.6	15.4	11	20.9	23.1	22	33	33	12.1	28.6	20.9	16.5	19.8	14.3	28.6	30.8	16.5	26.4	24.2	22	33	16.5	19.8	26.4	16.5	11	24.2	29.7	17.6	29.7	16.5	19.8	25.3	24.2	27.5	15.4	14.3	31.9	29.7	13.2	22	27.5	28.6	31.9	26.4	27.5	27.5	15.4	30.8	28.6	25.3	22	15.4	28.6	20.9	19.8	27.5	12.1	23.1	12.1	23.1	22	27.5	14.3	12.1	30.8	12.1	23.1	22	25.3	28.6	25.3	17.6	33	27.5	12.1	25.3	31.9	26.4	13.2	22	33	30.8	18.7	16.5	20.9	11	24.2	28.6	20.9	14.3	11	30.8	28.6	13.2	13.2	31.9	13.2	26.4	16.5	19.8	13.2	25.3	29.7	13.2	29.7	17.6	17.6	30.8	25.3	29.7	28.6	18.7	24.2	13.2	24.2	27.5	17.6	11	23.1	26.4	30.8	20.9	11	22	16.5	33	31.9	18.7	25.3	18.7	23.1	18.7	25.3	27.5	20.9	23.1	14.3	25.3	20.9	27.5	14.3	11	16.5	24.2	33	17.6	18.7	12.1	28.6	23.1	19.8	27.5	13.2	22	30.8	17.6	20.9	28.6	27.5	19.8	29.7	28.6	28.6	11	25.3	19.8	12.1	22	27.5	27.5	26.4	31.9	31.9	12.1	12.1	23.1	19.8	19.8	18.7	25.3	24.2	27.5	23.1	25.3	30.8	18.7	13.2	13.2	22	29.7	13.2	25.3	17.6	31.9	30.8	27.5	13.2	13.2	15.4	20.9	30.8	30.8	23.1	16.5	25.3	19.8	24.2	18.7	12.1	28.6	26.4	28.6	29.7	12.1	19.8	30.8	23.1	16.5	31.9	26.4	18.7	14.3	27.5	11	22	24.2	15.4	11	17.6	23.1	20.9	12.1	13.2	15.4	26.4	11	15.4	28.6	28.6	31.9	15.4	18.7	24.2	29.7	19.8	30.8	15.4	23.1	30.8	17.6	20.9	25.3	23.1	17.6	18.7	31.9	17.6	31.9	25.3	24.2	23.1	31.9	30.8	22	31.9	13.2	31.9	22	25.3	24.2	28.6	20.9	19.8	19.8	12.1	25.3	31.9	17.6	16.5	27.5	24.2	12.1	13.2	26.4	12.1	20.9	26.4	17.6	16.5	11	28.6	20.9	13.2	28.6	18.7	26.4	18.7	24.2	31.9	19.8	33	19.8	29.7	20.9	27.5	28.6	33	26.4	16.5	28.6	23.1	33	11	15.4	28.6	14.3	23.1	24.2	13.2	28.6	14.3	15.4	31.9	16.5	12.1	26.4	25.3	27.5	23.1	13.2	22	24.2	28.6	23.1	23.1	27.5	18.7	16.5	20.9	12.1	18.7	16.5	16.5	16.5	29.7	29.7	27.5	19.8	22	27.5	24.2	29.7	25.3	27.5	13.2	12.1	30.8	33	28.6	18.7	27.5	16.5	25.3	30.8	28.6	23.1	15.4	18.7	33	19.8	33	16.5	19.8	20.9	18.7	14.3	13.2	26.4	24.2	12.1	14.3	20.9	11	12.1	31.9	18.7	25.3	24.2	24.2	24.2	14.3	20.9	28.6	11	14.3	33	31.9	26.4	17.6	20.9	16.5	23.1	16.5	17.6	33	18.7	31.9	30.8	18.7	28.6	22	15.4	16.5	20.9	19.8	16.5	15.4	18.7	30.8	11	25.3	28.6	11	28.6	29.7	18.7	25.3	24.2	22	33	17.6	31.9	11	16.5	30.8	22	28.6	11	31.9	11	27.5	18.7	14.3	11	27.5	11	30.8	24.2	22	31.9	19.8	14.3	23.1	12.1	18.7	15.4	28.6	27.5	33	31.9	23.1	16.5	13.2	29.7	30.8	12.1	20.9	29.7	16.5	16.5	31.9	29.7	18.7	14.3	18.7	22	22	33	13.2	17.6	30.8	13.2	14.3	20.9	17.6	25.3	13.2	29.7	31.9	15.4	26.4	12.1	13.2	30.8	24.2	24.2	13.2	14.3	13.2	30.8	15.4	29.7	25.3	29.7	11	22	23.1	17.6	25.3	18.7	11	11	14.3	25.3	22	27.5	18.7	22	30.8	19.8	27.5	27.5	29.7	13.2	20.9	18.7	16.5	17.6	12.1	24.2	12.1	12.1	18.7	20.9	22	33	20.9	15.4	24.2	16.5	18.7	15.4	25.3	33	20.9	20.9	30.8	20.9	26.4	17.6	29.7	29.7	19.8	15.4	12.1	33	33	29.7	15.4	27.5	19.8	22	30.8	28.6	18.7	31.9	16.5	15.4	29.7	17.6	12.1	13.2	33	22	11	16.5	24.2	13.2	24.2	25.3	30.8	17.6	27.5	11	31.9	11	12.1	30.8	17.6	30.8	12.1	17.6	30.8	30.8	14.3	23.1	28.6	12.1	18.7	26.4	23.1	16.5	33	13.2	11	17.6	27.5	28.6	14.3	24.2	18.7	11	30.8	19.8	28.6	23.1	28.6	19.8	30.8	26.4	25.3	19.8	11	25.3	16.5	25.3	17.6	15.4	31.9	24.2	26.4	13.2	15.4	18.7	23.1	30.8	17.6	12.1	20.9	25.3	22	26.4	30.8	23.1	28.6	25.3	30.8	30.8	25.3	24.2	23.1	14.3	25.3	22	22	14.3	17.6	14.3	11	19.8	18.7	28.6	11	13.2	20.9	13.2	16.5	23.1	27.5	11	33	23.1	31.9	30.8	11	15.4	19.8	29.7	24.2	19.8	15.4	16.5	12.1	20.9	25.3	12.1	25.3	12.1	13.2	22	24.2	18.7	27.5	23.1	11	22	11	17.6	31.9	18.7	28.6	27.5	18.7	14.3	30.8	20.9	18.7	27.5	25.3	26.4	17.6	27.5	18.7	29.7	16.5	14.3	26.4	13.2	18.7	12.1	17.6	22	23.1	11	11	15.4	20.9	22	17.6	12.1	19.8	11	28.6	28.6	20.9	31.9	12.1	11	23.1	30.8	28.6	12.1	27.5	28.6	25.3	14.3	25.3	19.8	33	18.7	17.6	28.6	27.5	25.3	19.8	24.2	19.8	31.9	22	17.6	20.9	14.3	17.6	14.3	25.3	24.2	31.9	33	20.9	14.3	13.2	24.2	12.1	28.6	24.2	12.1	18.7	20.9	13.2	22	12.1	15.4	22	26.4	29.7	33	33	26.4	22	20.9	16.5	16.5	17.6	18.7	27.5	31.9	12.1	18.7	22	33	23.1	16.5	14.3	26.4	17.6	23.1	25.3	12.1	15.4	22	27.5	13.2	14.3	18.7	28.6	18.7	33	33	25.3	29.7	25.3	29.7	29.7	13.2	29.7	30.8	18.7	17.6	31.9	30.8	19.8	30.8	27.5	20.9	13.2	11	30.8	27.5	31.9	33	23.1	19.8	13.2	22	28.6	28.6	25.3	19.8	12.1	13.2	26.4	15.4	14.3	25.3	27.5	11	17.6	17.6	22	16.5	28.6	17.6	26.4	16.5	26.4	17.6	17.6	17.6	24.2	27.5	31.9	30.8	18.7	31.9	25.3	11	18.7	16.5	14.3	28.6	23.1	17.6	18.7	27.5	14.3	24.2	18.7	19.8	29.7	12.1	33	19.8	31.9	31.9	26.4	14.3	23.1	29.7	14.3	11	13.2	33	14.3	29.7	29.7	29.7	27.5	25.3	30.8	12.1	14.3	24.2	22	28.6	20.9	28.6	23.1	16.5	23.1	28.6	18.7	31.9	17.6	27.5	29.7	25.3	33	30.8	18.7	31.9	31.9	17.6	33	30.8	19.8	19.8	11	23.1	13.2	26.4	30.8	22	18.7	16.5	18.7	17.6	33	33	20.9	12.1	14.3	24.2	23.1	13.2	22	17.6	20.9	20.9	31.9	11	26.4	12.1	15.4	24.2	17.6	17.6	18.7	15.4	30.8	16.5	15.4	30.8	29.7	17.6	23.1	18.7	15.4	16.5	19.8	22	22	26.4	25.3	17.6	26.4	29.7	15.4	15.4	26.4	13.2	28.6	16.5	16.5	20.9	24.2	
23.1	14.3	17.6	20.9	13.2	16.5	18.7	28.6	29.7	19.8	29.7	14.3	26.4	22	33	
11	17	10	20	18	10	14	16	10	18	18	18	16	11	17	19	13	17	16	18	12	14	18	13	12	16	10	15	11	11	19	10	19	11	11	12	13	17	20	10	10	11	17	11	19	10	13	17	15	15	13	13	10	13	16	17	13	20	13	11	20	17	15	11	16	11	13	14	12	15	14	11	16	13	12	15	15	16	19	17	17	15	17	12	15	11	13	15	16	12	18	11	15	20	20	10	20	18	13	20	16	13	12	15	19	15	19	11	17	10	14	16	12	15	15	14	13	10	19	13	10	17	19	17	12	15	19	14	20	16	20	12	18	12	20	12	17	11	14	13	11	11	11	16	14	20	16	20	15	16	18	17	10	19	16	11	10	15	19	16	18	17	13	16	20	11	11	18	13	20	11	19	14	11	17	12	20	15	12	15	16	19	15	12	11	13	18	12	12	10	18	20	19	17	12	13	14	16	14	20	15	19	10	16	15	18	13	11	20	11	17	17	19	12	20	19	15	19	20	17	12	13	17	19	19	16	19	18	10	10	10	13	16	10	20	19	15	18	13	16	16	19	11	20	10	16	20	15	14	20	16	14	20	11	10	14	17	16	15	19	11	16	17	17	20	19	11	15	16	13	18	17	20	11	14	17	18	17	11	20	10	17	14	14	14	13	12	15	18	15	16	13	13	12	10	13	16	17	19	20	17	11	18	18	16	19	10	15	12	10	13	13	12	13	14	12	18	17	13	15	18	17	18	14	20	19	17	12	11	13	16	16	18	17	12	19	16	15	14	12	10	12	15	14	16	17	19	17	14	20	12	16	13	15	18	17	10	10	17	13	19	18	18	10	12	14	19	19	19	13	14	20	12	11	11	18	15	11	19	11	10	11	19	12	20	17	19	10	16	16	18	12	11	15	11	20	13	12	14	15	14	17	10	18	20	15	18	11	13	10	10	16	14	11	15	13	17	19	11	17	17	10	11	14	18	19	15	11	17	19	20	20	10	13	14	12	17	13	13	17	15	17	12	13	20	18	10	10	15	18	19	16	14	10	11	12	13	10	11	15	15	14	13	19	17	19	11	18	14	14	17	16	18	20	17	17	12	18	14	14	12	11	18	15	15	18	11	13	18	19	10	10	10	13	17	18	16	15	19	15	16	11	16	19	15	16	15	14	13	14	11	12	17	18	18	14	16	19	14	14	18	15	16	20	16	11	12	13	13	15	14	15	12	20	12	12	17	15	12	11	11	18	20	20	13	20	10	12	15	12	15	16	19	14	16	11	13	12	18	20	15	12	17	19	16	16	15	11	12	10	14	18	16	16	10	18	14	15	18	11	10	16	15	19	10	15	18	14	18	16	12	10	14	14	15	19	17	10	10	18	19	16	15	15	17	10	12	19	11	14	19	11	10	16	19	18	19	11	11	17	10	15	12	14	15	20	20	19	10	18	16	12	10	15	17	15	12	16	20	11	18	19	11	15	17	18	19	15	17	14	16	14	18	19	14	13	13	16	18	20	14	12	11	19	18	14	15	14	19	17	15	19	13	14	19	15	20	16	18	12	15	14	12	15	12	13	12	14	19	17	13	17	18	10	11	15	16	13	11	18	19	13	10	16	17	12	17	20	14	18	10	17	19	14	16	10	12	13	19	10	18	19	11	19	14	10	14	16	12	19	17	17	10	17	19	10	15	15	14	17	13	15	13	10	12	18	20	13	12	20	14	16	13	15	19	12	13	15	17	15	19	17	13	16	14	14	19	12	10	17	20	16	12	20	19	13	14	17	18	14	13	20	10	10	14	17	10	19	12	19	17	14	19	11	10	14	20	17	11	14	12	12	13	18	10	17	12	20	17	12	13	16	20	16	19	13	10	10	12	19	17	13	11	13	12	19	18	12	13	20	11	19	11	18	14	11	10	19	16	20	17	10	17	13	19	15	14	20	18	17	10	16	20	20	15	10	19	15	16	10	17	14	10	11	17	12	15	13	20	17	15	16	15	13	18	15	12	17	15	10	17	12	20	17	19	18	18	15	20	17	14	19	18	12	17	13	17	10	18	14	18	11	19	16	12	12	17	13	13	12	20	19	19	16	14	18	16	10	10	12	16	12	11	15	20	19	12	15	18	16	15	20	17	13	11	12	13	15	20	11	15	15	17	19	13	15	14	10	16	11	13	10	17	13	16	20	12	19	15	11	20	10	10	12	10	17	16	14	14	16	16	16	13	12	10	11	20	13	12	10	20	13	20	16	19	14	20	11	15	13	14	16	14	17	15	15	16	18	14	10	
1	1	1	1	1	1	1	1	1	1	1	1	1	1	1	1	1	1	1	1	1	1	1	1	1	1	1	1	1	1	1	1	1	1	1	1	1	1	1	1	1	1	1	1	1	1	1	1	1	1	1	1	1	1	1	1	1	1	1	1	1	1	1	1	1	1	2	2	2	2	2	2	2	2	2	2	2	2	2	2	2	2	2	2	2	2	2	2	2	2	2	2	2	2	2	2	2	2	2	2	2	2	2	2	2	2	2	2	2	2	2	2	2	2	2	2	2	2	2	2	2	2	2	2	2	2	2	2	2	3	3	3	3	3	3	3	3	3	3	3	3	3	3	3	3	3	3	3	3	3	3	3	3	3	3	3	3	3	3	3	3	3	3	3	3	3	3	3	3	3	3	3	3	3	3	3	3	3	3	3	3	3	3	3	3	3	3	3	3	3	3	3	3	3	3	3	3	3	3	3	3	3	3	3	4	4	4	4	4	4	4	4	4	4	4	4	4	4	4	4	4	4	4	4	4	4	4	4	4	4	4	4	4	4	4	4	4	4	4	4	4	4	4	4	4	4	4	4	4	4	4	4	4	4	4	4	4	4	4	4	4	4	4	4	4	4	4	4	4	4	4	4	4	4	4	5	5	5	5	5	5	5	5	5	5	5	5	5	5	5	5	5	5	5	5	5	5	5	5	5	5	5	5	5	5	5	5	5	5	5	5	5	5	5	5	5	5	5	5	5	5	5	5	5	5	5	5	5	5	5	5	5	5	5	5	5	5	5	6	6	6	6	6	6	6	6	6	6	6	6	6	6	6	6	6	6	6	6	6	6	6	6	6	6	6	6	6	6	6	6	6	6	6	6	6	6	6	6	6	6	6	6	6	6	6	6	6	6	6	6	6	6	6	6	6	6	6	6	6	6	6	6	6	6	6	6	6	6	6	6	6	6	6	6	6	6	6	7	7	7	7	7	7	7	7	7	7	7	7	7	7	7	7	7	7	7	7	7	7	7	7	7	7	7	7	7	7	7	7	7	7	7	7	7	7	7	7	7	7	7	7	7	7	7	7	7	7	7	7	7	7	7	7	7	7	7	7	7	7	7	7	7	7	7	7	7	7	7	7	7	7	7	7	7	7	7	7	7	7	8	8	8	8	8	8	8	8	8	8	8	8	8	8	8	8	8	8	8	8	8	8	8	8	8	8	8	8	8	8	8	8	8	8	8	8	8	8	8	8	8	8	8	8	8	8	8	8	8	8	8	8	8	8	8	8	9	9	9	9	9	9	9	9	9	9	9	9	9	9	9	9	9	9	9	9	9	9	9	9	9	9	9	9	9	9	9	9	9	9	9	9	9	9	9	9	9	9	9	9	9	9	9	9	9	9	9	9	9	9	9	9	9	9	9	9	9	9	9	9	9	9	9	9	9	9	9	9	9	10	10	10	10	10	10	10	10	10	10	10	10	10	10	10	10	10	10	10	10	10	10	10	10	10	10	10	10	10	10	10	10	10	10	10	10	10	10	10	10	10	10	10	10	10	10	10	10	10	10	10	10	10	10	10	10	10	10	10	10	10	10	10	10	10	11	11	11	11	11	11	11	11	11	11	11	11	11	11	11	11	11	11	11	11	11	11	11	11	11	11	11	11	11	11	11	11	11	11	11	11	11	11	11	11	11	11	11	11	11	11	11	11	11	11	11	11	11	11	11	11	11	11	11	12	12	12	12	12	12	12	12	12	12	12	12	12	12	12	12	12	12	12	12	12	12	12	12	12	12	12	12	12	12	12	12	12	12	12	12	12	12	12	12	12	12	12	12	12	12	12	12	12	12	13	13	13	13	13	13	13	13	13	13	13	13	13	13	13	13	13	13	13	13	13	13	13	13	13	13	13	13	13	13	13	13	13	13	13	13	13	13	13	13	13	13	13	13	13	13	13	13	13	13	13	13	13	13	13	13	13	13	13	13	13	13	13	13	13	13	13	13	13	14	14	14	14	14	14	14	14	14	14	14	14	14	14	14	14	14	14	14	14	14	14	14	14	14	14	14	14	14	14	14	14	14	14	14	14	14	14	14	14	14	14	14	14	14	14	14	14	14	14	14	14	14	14	14	14	14	14	14	14	14	14	14	14	14	15	15	15	15	15	15	15	15	15	15	15	15	15	15	15	15	15	15	15	15	15	15	15	15	15	15	15	15	15	15	15	15	15	15	15	15	15	15	15	15	15	15	15	15	15	15	15	15	15	15	15	15	15	15	15	15	15	15	15	15	15	15	15	15	
