1000
30	12
520	29.7
29	26	31	30	28	31	26	26	31	27	28	31	27	28	26	29	29	31	27	28	26	28	27	28	29	28	28	30	27	31	29	30	26	26	27	30	27	28	31	29	28	26	28	29	31	30	31	30	28	29	27	29	27	26	29	26	30	28	26	29	27	29	26	26	26	26	26	29	27	26	28	31	28	28	30	26	29	29	27	27	27	31	26	31	29	29	26	27	29	26	28	30	30	31	30	29	26	28	30	31	31	28	31	27	30	26	28	31	29	28	28	27	31	28	28	27	29	27	28	31	28	30	27	29	27	28	27	28	29	29	29	26	26	27	31	30	26	28	27	31	27	31	27	28	28	30	30	28	31	29	27	27	29	28	27	26	27	27	28	27	29	31	26	27	30	27	28	31	31	26	31	31	31	27	26	29	30	30	30	28	30	26	28	31	26	31	26	26	27	27	26	26	27	26	28	30	31	30	26	28	26	29	29	31	30	29	27	26	27	28	28	28	30	28	30	27	28	28	30	31	28	28	30	30	27	28	27	26	31	31	28	29	29	31	26	30	27	26	29	27	28	28	29	27	29	27	27	26	27	27	26	26	26	30	28	27	27	28	28	31	30	30	28	28	30	28	31	29	31	29	28	28	29	27	28	31	30	26	27	27	30	28	27	29	27	29	29	28	31	27	28	31	28	27	26	28	30	30	28	30	27	31	30	27	30	27	26	29	26	31	26	26	26	26	31	30	27	26	26	27	27	28	30	29	31	29	31	27	28	28	27	31	27	27	31	28	27	30	31	28	27	27	27	28	30	28	28	26	29	27	30	29	30	26	26	31	31	31	28	27	28	29	26	27	27	30	27	30	28	29	30	27	26	31	27	27	30	29	28	28	29	31	31	26	31	27	27	29	30	28	27	28	30	26	28	29	29	31	27	31	27	27	28	27	31	30	30	28	31	28	30	28	29	31	29	31	31	31	26	31	26	30	26	26	29	26	27	27	30	28	27	27	31	26	27	29	26	27	28	30	28	30	26	31	29	28	27	26	29	31	29	26	30	30	30	30	27	31	28	28	30	26	30	30	28	31	27	27	26	31	31	29	29	30	31	27	31	28	28	27	30	31	28	31	27	30	26	31	27	30	26	27	27	29	30	30	28	31	26	26	30	26	29	26	28	28	26	29	30	29	28	30	28	28	29	27	30	27	27	29	30	28	29	29	29	29	27	27	29	29	27	27	27	27	31	26	28	27	31	28	28	30	27	29	29	29	28	29	30	29	28	28	28	30	28	31	28	26	26	30	26	29	29	29	29	31	27	30	31	26	28	29	30	28	31	31	31	29	27	31	29	29	31	29	29	26	31	28	27	26	31	30	31	29	30	29	26	29	29	26	27	31	30	26	29	30	27	30	27	26	31	30	29	26	30	31	28	27	31	31	29	31	30	27	30	30	28	28	29	28	27	28	27	29	30	29	26	28	26	31	29	30	31	30	31	29	26	28	31	26	26	27	28	30	27	27	27	26	30	31	30	31	29	29	28	30	30	31	27	29	26	28	31	27	26	26	30	26	31	31	30	29	30	27	30	29	29	30	30	26	30	28	30	29	26	26	29	29	31	27	29	27	26	26	27	27	26	30	27	26	30	27	26	29	28	29	28	29	28	31	31	31	31	28	31	26	29	31	28	30	29	28	26	30	31	27	27	31	26	26	27	28	27	31	28	30	30	31	28	29	28	29	30	26	28	27	28	27	26	26	29	31	26	30	31	27	31	31	28	27	30	26	29	27	30	27	29	27	28	31	28	30	30	29	30	26	27	29	27	28	27	26	27	31	29	31	31	29	27	31	27	29	30	31	26	26	30	31	26	26	27	30	31	29	27	28	28	27	28	26	27	30	28	30	30	29	29	27	29	26	29	27	29	30	28	26	28	26	27	28	29	30	29	26	30	30	26	27	28	30	27	28	28	26	28	27	30	27	31	26	30	29	28	30	28	28	29	28	31	28	29	28	28	30	31	27	31	31	27	31	30	27	26	27	28	27	26	31	27	31	28	31	28	31	28	27	31	31	28	30	27	30	26	28	27	31	26	26	31	26	29	30	28	26	29	31	27	31	28	26	30	28	28	30	28	26	30	30	31	30	28	27	28	30	31	29	27	26	27	28	30	31	28	26	26	28	30	29	29	29	26	31	27	28	31	29	30	27	31	29	27	27	31	31	30	28	29	28	31	28	31	27	28	26	27	31	29	26	28	26	28	27	28	27	31	31	31	26	27	30	31	29	31	26	26	30	31	31	28	28	
77	89	76	86	82	83	79	91	88	86	85	76	93	82	86	87	82	84	90	85	77	76	87	82	94	93	82	93	78	76	86	93	91	89	77	89	91	82	82	79	90	87	87	92	90	81	88	77	93	80	84	84	78	92	77	76	92	78	80	85	92	80	91	82	77	80	84	81	91	77	82	87	87	84	90	90	79	83	80	84	81	94	76	87	81	93	78	77	81	79	81	76	81	91	77	80	79	81	87	93	92	76	84	94	89	80	86	93	85	91	79	93	92	88	82	86	88	80	79	90	83	86	76	85	83	81	88	83	83	86	93	94	84	89	90	85	91	78	94	90	91	85	85	84	87	83	85	82	76	77	84	76	76	86	94	84	93	81	91	79	90	80	78	92	92	76	76	76	89	84	92	81	88	83	92	81	87	87	86	86	77	89	92	85	88	89	79	77	86	77	91	76	91	90	87	90	91	92	82	77	82	79	81	83	88	89	76	82	78	93	89	76	82	85	88	93	91	79	79	91	80	88	87	77	93	83	93	93	88	77	80	90	91	94	89	83	93	89	87	80	77	93	82	89	83	78	94	79	83	81	81	82	78	76	78	82	84	87	87	83	90	87	91	84	83	76	85	79	76	89	89	90	89	92	85	87	82	91	86	78	79	87	86	83	81	79	76	84	87	94	93	94	86	77	80	94	76	85	82	81	87	87	87	84	84	92	79	83	93	88	82	82	81	80	84	86	90	88	85	86	82	85	83	89	85	94	84	88	80	89	85	88	84	85	87	79	88	93	86	78	81	82	93	87	78	93	94	80	89	86	80	84	84	92	77	81	94	81	91	84	84	88	77	88	77	86	80	77	86	83	91	91	76	88	85	76	82	90	91	78	83	76	89	86	88	77	78	88	78	93	78	83	81	89	94	90	86	86	78	78	87	79	84	81	81	94	86	92	90	87	80	92	78	80	79	91	89	91	93	85	93	91	83	81	85	90	79	83	80	79	94	79	80	80	76	82	86	80	76	84	81	94	87	80	83	79	82	81	91	84	84	79	83	80	93	76	86	79	88	80	81	77	85	85	80	92	86	82	90	80	83	94	93	76	84	90	91	89	85	91	79	89	77	93	85	82	78	77	76	78	81	88	94	85	88	87	83	83	93	84	92	78	94	88	90	90	92	88	89	85	80	89	90	82	93	89	81	89	87	79	78	84	89	80	82	76	90	85	93	85	81	81	77	84	83	93	90	92	91	81	87	87	94	80	79	77	84	77	93	80	77	77	89	78	76	76	85	93	92	76	80	85	82	78	79	77	89	93	90	77	85	94	86	86	77	86	78	89	82	85	82	77	88	84	90	85	91	78	87	81	80	86	90	86	76	90	83	93	88	93	76	93	84	77	93	93	85	87	78	92	87	87	77	81	94	91	78	86	81	93	79	88	79	76	93	91	81	86	85	82	78	93	83	85	78	88	86	76	80	88	78	87	83	93	78	79	84	90	78	90	76	93	94	79	78	93	79	94	76	94	92	88	82	85	89	91	92	78	83	94	83	85	89	81	81	81	77	89	88	85	78	89	88	82	80	88	83	81	91	76	90	90	94	76	89	83	80	89	79	76	76	87	86	86	77	85	82	92	83	80	76	81	83	86	77	85	83	77	89	79	88	92	80	78	79	91	77	92	85	93	87	85	94	92	91	80	77	77	77	88	81	93	83	93	92	87	81	79	79	87	87	92	86	85	76	79	79	93	77	82	93	77	93	90	87	83	87	77	85	87	86	89	87	84	81	90	91	86	82	91	80	92	92	85	93	77	88	86	91	83	79	82	94	77	76	85	84	76	84	90	82	81	87	90	83	93	87	78	86	86	91	94	84	77	94	87	88	84	88	91	82	90	86	84	86	94	93	91	80	86	81	89	81	82	78	89	87	94	90	94	85	85	93	82	76	81	92	94	86	87	89	79	79	90	78	76	94	90	76	90	80	81	84	93	86	85	79	91	87	76	85	88	76	84	92	79	81	78	79	77	82	92	87	90	76	94	76	94	86	89	81	79	92	87	91	82	85	82	93	89	87	81	88	87	84	80	77	78	87	94	80	86	79	81	78	87	90	76	91	90	84	84	77	83	84	92	85	82	78	90	90	84	84	83	94	77	92	91	76	79	86	84	81	93	91	78	79	84	93	86	79	77	76	89	86	88	94	85	76	84	91	84	89	78	84	76	78	94	90	87	84	84	90	83	89	82	82	82	91	79	77	78	89	85	79	83	83	86	93	93	91	83	79	80	80	82	82	94	79	77	
20.9	31.9	29.7	14.3	15.4	24.2	29.7	14.3	15.4	23.1	12.1	22	25.3	18.7	11	12.1	33	22	23.1	22	22	25.3	17.6	29.7	17.6	24.2	20.9	25.3	20.9	15.4	28.6	29.7	17.6	26.4	17.6	15.4	29.7	28.6	24.2	27.5	11	24.2	19.8	24.2	23.1	19.8	18.7	29.7	27.5	11	27.5	11	16.5	13.2	15.4	17.6	24.2	26.4	30.8	29.7	28.6	11	26.4	13.2	11	26.4	17.6	30.8	15.4	12.1	24.2	15.4	27.5	20.9	15.4	22	26.4	24.2	16.5	15.4	27.5	25.3	18.7	15.4	20.9	15.4	26.4	16.5	23.1	16.5	29.7	23.1	14.3	22	24.2	22	24.2	12.1	24.2	24.2	31.9	26.4	13.2	27.5	20.9	16.5	20.9	27.5	16.5	18.7	26.4	11	24.2	14.3	30.8	33	14.3	26.4	23.1	28.6	14.3	13.2	24.2	33	27.5	15.4	28.6	27.5	23.1	11	14.3	30.8	24.2	19.8	15.4	15.4	12.1	24.2	23.1	20.9	12.1	14.3	25.3	11	27.5	28.6	28.6	12.1	25.3	14.3	23.1	12.1	13.2	23.1	23.1	16.5	30.8	12.1	16.5	30.8	20.9	29.7	12.1	23.1	13.2	12.1	17.6	20.9	27.5	16.5	16.5	30.8	19.8	27.5	30.8	33	13.2	23.1	27.5	31.9	26.4	19.8	26.4	20.9	16.5	13.2	19.8	17.6	27.5	26.4	20.9	20.9	14.3	24.2	23.1	28.6	18.7	31.9	23.1	31.9	18.7	26.4	29.7	11	28.6	11	23.1	29.7	22	18.7	15.4	11	26.4	24.2	19.8	12.1	15.4	22	22	29.7	29.7	13.2	20.9	17.6	13.2	30.8	23.1	31.9	20.9	25.3	28.6	23.1	13.2	16.5	23.1	26.4	20.9	22	12.1	16.5	26.4	14.3	11	29.7	18.7	33	12.1	14.3	22	18.7	15.4	16.5	19.8	19.8	24.2	29.7	15.4	12.1	22	24.2	16.5	17.6	15.4	24.2	16.5	11	30.8	19.8	22	18.7	22	17.6	26.4	31.9	16.5	28.6	29.7	30.8	17.6	24.2	13.2	15.4	25.3	28.6	18.7	28.6	11	20.9	26.4	26.4	24.2	30.8	30.8	11	19.8	33	29.7	30.8	24.2	12.1	27.5	11	11	13.2	22	16.5	18.7	28.6	15.4	29.7	16.5	30.8	25.3	19.8	17.6	24.2	28.6	16.5	29.7	29.7	17.6	18.7	14.3	24.2	22	33	30.8	31.9	30.8	33	27.5	23.1	29.7	16.5	33	17.6	14.3	23.1	28.6	15.4	15.4	27.5	18.7	23.1	16.5	13.2	30.8	17.6	16.5	30.8	29.7	30.8	27.5	19.8	29.7	12.1	33	15.4	16.5	18.7	25.3	22	27.5	28.6	28.6	25.3	20.9	29.7	12.1	19.8	16.5	33	23.1	15.4	20.9	29.7	23.1	17.6	20.9	11	17.6	33	24.2	13.2	29.7	14.3	31.9	15.4	16.5	31.9	16.5	33	24.2	11	25.3	12.1	20.9	27.5	26.4	26.4	23.1	16.5	12.1	17.6	28.6	27.5	20.9	13.2	20.9	18.7	29.7	11	33	16.5	14.3	27.5	15.4	29.7	12.1	25.3	20.9	11	26.4	12.1	30.8	20.9	15.4	31.9	29.7	26.4	19.8	19.8	26.4	12.1	13.2	16.5	33	28.6	11	16.5	29.7	22	11	29.7	20.9	26.4	33	15.4	23.1	22	13.2	23.1	14.3	28.6	33	19.8	19.8	30.8	11	29.7	22	26.4	24.2	24.2	22	16.5	15.4	18.7	11	33	14.3	25.3	15.4	24.2	28.6	14.3	14.3	13.2	28.6	31.9	18.7	13.2	22	16.5	28.6	13.2	15.4	23.1	25.3	24.2	11	29.7	27.5	29.7	11	18.7	22	15.4	19.8	29.7	19.8	12.1	30.8	13.2	14.3	23.1	26.4	24.2	15.4	12.1	27.5	18.7	11	19.8	28.6	31.9	31.9	27.5	25.3	14.3	31.9	26.4	26.4	12.1	13.2	27.5	29.7	30.8	17.6	25.3	18.7	12.1	24.2	31.9	30.8	12.1	12.1	33	23.1	30.8	22	15.4	28.6	11	16.5	18.7	30.8	27.5	25.3	28.6	14.3	18.7	13.2	14.3	30.8	13.2	26.4	27.5	30.8	19.8	12.1	11	20.9	16.5	26.4	26.4	27.5	28.6	29.7	17.6	20.9	26.4	14.3	16.5	27.5	25.3	17.6	28.6	14.3	28.6	16.5	11	15.4	31.9	15.4	30.8	18.7	23.1	29.7	31.9	30.8	13.2	11	27.5	30.8	20.9	20.9	30.8	27.5	13.2	12.1	17.6	27.5	15.4	29.7	16.5	31.9	26.4	16.5	15.4	28.6	22	16.5	26.4	25.3	22	27.5	23.1	25.3	20.9	11	17.6	17.6	23.1	17.6	12.1	23.1	28.6	24.2	30.8	15.4	33	20.9	24.2	20.9	29.7	12.1	29.7	26.4	33	33	25.3	14.3	16.5	20.9	33	30.8	18.7	22	17.6	11	12.1	23.1	15.4	20.9	31.9	29.7	19.8	24.2	28.6	25.3	25.3	26.4	30.8	26.4	22	25.3	15.4	22	29.7	30.8	28.6	13.2	11	33	30.8	31.9	29.7	18.7	11	23.1	26.4	25.3	25.3	22	16.5	30.8	17.6	24.2	33	30.8	18.7	20.9	27.5	13.2	29.7	11	20.9	23.1	20.9	24.2	24.2	14.3	11	24.2	25.3	17.6	23.1	20.9	18.7	27.5	25.3	17.6	19.8	28.6	22	16.5	27.5	30.8	22	29.7	24.2	33	15.4	18.7	33	24.2	15.4	20.9	28.6	17.6	33	24.2	20.9	23.1	12.1	33	25.3	16.5	11	31.9	33	11	25.3	23.1	25.3	12.1	13.2	22	22	17.6	20.9	16.5	23.1	22	26.4	27.5	18.7	13.2	18.7	18.7	24.2	33	14.3	15.4	22	27.5	20.9	25.3	15.4	16.5	29.7	16.5	33	17.6	13.2	20.9	29.7	18.7	22	33	23.1	19.8	17.6	27.5	31.9	26.4	24.2	23.1	16.5	13.2	26.4	33	19.8	26.4	18.7	11	22	25.3	14.3	15.4	29.7	29.7	28.6	13.2	25.3	11	17.6	26.4	26.4	25.3	26.4	27.5	19.8	20.9	28.6	31.9	23.1	31.9	18.7	14.3	20.9	27.5	28.6	26.4	33	18.7	24.2	28.6	12.1	16.5	14.3	20.9	11	24.2	20.9	19.8	12.1	18.7	24.2	33	16.5	25.3	14.3	20.9	23.1	11	33	11	16.5	11	22	25.3	19.8	11	15.4	31.9	23.1	14.3	22	22	15.4	31.9	17.6	30.8	20.9	12.1	15.4	11	22	19.8	27.5	18.7	24.2	11	24.2	28.6	14.3	11	18.7	28.6	17.6	25.3	12.1	30.8	18.7	26.4	18.7	18.7	22	14.3	18.7	16.5	23.1	11	33	18.7	12.1	12.1	27.5	31.9	30.8	28.6	33	12.1	22	15.4	20.9	33	23.1	28.6	33	29.7	18.7	22	14.3	15.4	16.5	30.8	20.9	12.1	33	25.3	16.5	18.7	23.1	30.8	19.8	27.5	23.1	19.8	19.8	11	23.1	15.4	12.1	18.7	20.9	13.2	25.3	14.3	19.8	11	20.9	26.4	30.8	28.6	14.3	25.3	27.5	27.5	23.1	23.1	12.1	24.2	29.7	33	24.2	27.5	16.5	28.6	28.6	30.8	14.3	17.6	31.9	23.1	16.5	20.9	28.6	19.8	25.3	29.7	30.8	30.8	13.2	14.3	25.3	30.8	23.1	17.6	19.8	15.4	24.2	29.7	27.5	11	19.8	16.5	20.9	26.4	16.5	16.5	13.2	11	16.5	15.4	13.2	31.9	17.6	
15.4	15.4	22	25.3	19.8	19.8	14.3	23.1	23.1	22	27.5	31.9	19.8	28.6	33	11	30.8	11	16.5	24.2	15.4	19.8	11	29.7	33	17.6	17.6	12.1	19.8	12.1	25.3	31.9	26.4	14.3	29.7	33	28.6	28.6	18.7	17.6	11	29.7	22	27.5	16.5	25.3	13.2	16.5	14.3	29.7	18.7	24.2	20.9	16.5	26.4	31.9	26.4	31.9	16.5	20.9	30.8	11	28.6	24.2	30.8	23.1	22	14.3	19.8	19.8	16.5	22	22	25.3	29.7	13.2	22	11	22	33	26.4	15.4	23.1	17.6	24.2	28.6	24.2	26.4	25.3	14.3	30.8	20.9	23.1	30.8	25.3	12.1	16.5	13.2	24.2	24.2	22	31.9	30.8	14.3	11	20.9	27.5	14.3	19.8	26.4	13.2	20.9	22	19.8	23.1	29.7	30.8	22	31.9	22	26.4	27.5	14.3	12.1	26.4	28.6	16.5	25.3	15.4	11	22	19.8	31.9	26.4	18.7	22	23.1	13.2	29.7	13.2	33	15.4	30.8	31.9	28.6	18.7	22	33	29.7	15.4	26.4	26.4	33	31.9	14.3	26.4	19.8	19.8	15.4	26.4	26.4	30.8	27.5	24.2	18.7	25.3	28.6	25.3	11	24.2	11	25.3	22	16.5	17.6	27.5	27.5	12.1	18.7	12.1	33	15.4	14.3	20.9	31.9	14.3	33	12.1	14.3	27.5	13.2	26.4	14.3	19.8	23.1	18.7	24.2	11	20.9	12.1	11	23.1	20.9	13.2	17.6	26.4	24.2	28.6	28.6	31.9	25.3	30.8	23.1	24.2	13.2	11	29.7	22	24.2	26.4	20.9	31.9	18.7	15.4	12.1	33	29.7	28.6	33	29.7	24.2	11	29.7	26.4	18.7	19.8	22	26.4	22	30.8	31.9	27.5	29.7	33	28.6	31.9	28.6	20.9	23.1	16.5	11	22	19.8	22	29.7	24.2	25.3	29.7	17.6	28.6	23.1	14.3	15.4	18.7	23.1	30.8	28.6	19.8	30.8	27.5	33	13.2	20.9	13.2	27.5	28.6	12.1	30.8	17.6	14.3	29.7	26.4	20.9	19.8	14.3	20.9	18.7	31.9	18.7	25.3	19.8	30.8	22	17.6	19.8	24.2	17.6	15.4	17.6	22	15.4	19.8	30.8	17.6	18.7	14.3	14.3	24.2	23.1	11	31.9	31.9	33	33	27.5	28.6	26.4	15.4	17.6	19.8	19.8	25.3	16.5	24.2	24.2	17.6	16.5	27.5	23.1	17.6	28.6	13.2	25.3	28.6	26.4	23.1	17.6	28.6	28.6	33	15.4	18.7	33	24.2	25.3	25.3	29.7	29.7	12.1	23.1	30.8	12.1	20.9	13.2	24.2	17.6	12.1	24.2	16.5	30.8	26.4	24.2	31.9	33	23.1	23.1	18.7	11	16.5	24.2	29.7	22	24.2	13.2	27.5	17.6	30.8	33	12.1	22	27.5	14.3	22	19.8	14.3	11	19.8	12.1	15.4	26.4	13.2	17.6	22	26.4	12.1	26.4	24.2	29.7	27.5	15.4	15.4	11	20.9	22	22	16.5	26.4	30.8	18.7	25.3	12.1	27.5	19.8	19.8	25.3	30.8	22	19.8	24.2	22	12.1	20.9	28.6	30.8	13.2	24.2	13.2	25.3	24.2	28.6	22	26.4	16.5	27.5	33	25.3	28.6	28.6	16.5	19.8	22	11	26.4	20.9	11	19.8	20.9	16.5	28.6	26.4	29.7	11	26.4	24.2	24.2	30.8	29.7	17.6	26.4	17.6	15.4	14.3	11	27.5	24.2	30.8	27.5	25.3	30.8	25.3	14.3	27.5	14.3	31.9	12.1	15.4	30.8	23.1	31.9	33	33	17.6	27.5	22	20.9	30.8	13.2	13.2	33	24.2	12.1	33	20.9	31.9	24.2	19.8	16.5	13.2	29.7	30.8	11	28.6	27.5	29.7	11	25.3	27.5	13.2	20.9	29.7	14.3	14.3	27.5	14.3	18.7	13.2	11	23.1	18.7	29.7	25.3	19.8	28.6	20.9	33	30.8	23.1	12.1	14.3	17.6	11	12.1	30.8	16.5	18.7	30.8	18.7	16.5	33	15.4	17.6	13.2	22	28.6	22	19.8	24.2	31.9	31.9	11	28.6	27.5	29.7	19.8	22	18.7	16.5	15.4	14.3	29.7	19.8	30.8	33	25.3	19.8	17.6	29.7	22	12.1	27.5	17.6	27.5	24.2	28.6	11	17.6	22	12.1	16.5	19.8	31.9	25.3	26.4	11	30.8	31.9	30.8	27.5	14.3	18.7	24.2	27.5	11	25.3	29.7	11	19.8	33	20.9	33	30.8	29.7	11	31.9	23.1	15.4	13.2	28.6	30.8	27.5	26.4	31.9	14.3	30.8	27.5	11	25.3	28.6	20.9	19.8	30.8	24.2	12.1	15.4	12.1	14.3	20.9	18.7	27.5	22	27.5	27.5	17.6	15.4	22	27.5	27.5	24.2	33	15.4	13.2	33	18.7	12.1	12.1	14.3	27.5	27.5	18.7	28.6	12.1	13.2	30.8	12.1	22	29.7	16.5	28.6	17.6	18.7	22	26.4	28.6	16.5	13.2	31.9	25.3	28.6	18.7	33	33	16.5	22	20.9	30.8	26.4	17.6	24.2	12.1	14.3	24.2	19.8	30.8	33	12.1	12.1	15.4	17.6	24.2	30.8	29.7	25.3	22	14.3	11	29.7	14.3	13.2	19.8	26.4	28.6	17.6	25.3	31.9	14.3	17.6	16.5	13.2	12.1	26.4	14.3	27.5	12.1	22	16.5	27.5	24.2	30.8	12.1	28.6	17.6	31.9	14.3	26.4	30.8	16.5	16.5	11	25.3	28.6	20.9	12.1	13.2	18.7	26.4	15.4	33	22	29.7	31.9	19.8	19.8	23.1	12.1	24.2	19.8	17.6	17.6	28.6	18.7	20.9	15.4	16.5	25.3	20.9	16.5	20.9	22	16.5	33	19.8	17.6	33	31.9	23.1	28.6	15.4	25.3	22	12.1	15.4	20.9	26.4	29.7	28.6	31.9	26.4	11	28.6	16.5	14.3	18.7	20.9	18.7	19.8	15.4	20.9	12.1	24.2	23.1	20.9	22	22	18.7	33	12.1	27.5	24.2	11	19.8	11	16.5	16.5	24.2	22	24.2	14.3	14.3	18.7	20.9	16.5	28.6	24.2	19.8	19.8	25.3	25.3	22	27.5	14.3	18.7	12.1	17.6	19.8	28.6	15.4	24.2	31.9	28.6	13.2	12.1	24.2	16.5	18.7	13.2	31.9	29.7	25.3	20.9	30.8	17.6	12.1	17.6	28.6	22	20.9	26.4	29.7	31.9	24.2	33	16.5	18.7	19.8	20.9	27.5	12.1	30.8	18.7	22	16.5	22	18.7	19.8	14.3	31.9	27.5	33	12.1	12.1	15.4	17.6	24.2	25.3	30.8	33	28.6	17.6	26.4	30.8	15.4	29.7	16.5	17.6	15.4	31.9	24.2	16.5	22	31.9	27.5	17.6	24.2	19.8	17.6	24.2	17.6	31.9	30.8	17.6	30.8	26.4	15.4	14.3	14.3	24.2	24.2	26.4	20.9	27.5	13.2	15.4	23.1	23.1	30.8	28.6	11	26.4	24.2	24.2	33	26.4	23.1	20.9	25.3	19.8	13.2	11	15.4	19.8	29.7	17.6	33	33	25.3	27.5	33	30.8	24.2	31.9	16.5	15.4	12.1	13.2	26.4	29.7	11	33	16.5	26.4	16.5	25.3	15.4	11	28.6	12.1	31.9	23.1	18.7	16.5	33	19.8	27.5	28.6	22	33	17.6	11	30.8	23.1	17.6	31.9	19.8	13.2	23.1	12.1	13.2	14.3	33	14.3	19.8	18.7	19.8	17.6	33	12.1	15.4	30.8	26.4	18.7	29.7	12.1	12.1	15.4	24.2	11	16.5	26.4	12.1	18.7	
12.1	11	20.9	20.9	28.6	19.8	12.1	18.7	12.1	23.1	22	14.3	19.8	15.4	23.1	11	26.4	25.3	24.2	18.7	13.2	27.5	16.5	25.3	31.9	30.8	25.3	19.8	18.7	27.5	
12	18	11	19	19	18	13	15	20	19	17	14	20	17	14	10	12	14	18	16	15	19	15	20	17	11	19	16	15	11	10	12	10	14	13	16	20	16	12	20	18	11	20	13	18	14	11	13	10	10	10	12	10	16	20	17	17	17	19	20	19	20	11	16	13	20	17	12	10	13	15	12	13	16	18	20	15	10	15	10	11	20	12	14	20	13	10	10	18	12	10	10	19	16	16	19	14	11	16	12	18	10	15	17	17	16	18	10	15	15	11	18	15	19	12	20	14	16	20	12	11	14	16	20	10	12	18	14	18	12	13	13	18	13	12	16	18	11	11	17	12	16	14	11	16	10	12	17	16	16	18	13	19	11	13	20	10	20	19	19	16	10	11	14	19	19	15	20	17	18	15	10	17	19	18	20	15	16	15	19	16	19	19	17	20	11	13	17	19	10	13	12	15	16	12	14	19	17	17	11	18	12	13	16	19	16	14	13	20	20	17	10	14	16	10	20	17	10	11	11	13	10	13	20	15	14	18	20	10	18	10	13	17	18	19	11	14	19	19	11	18	13	14	13	10	10	13	18	17	13	19	18	14	18	19	20	17	13	14	18	18	16	12	16	12	15	14	18	17	17	15	13	10	12	19	18	20	11	11	16	16	14	14	16	14	20	15	15	19	13	16	13	11	17	19	20	12	12	12	17	16	17	10	14	20	18	16	11	15	17	19	10	11	18	17	18	10	18	14	13	17	10	18	11	19	18	11	13	19	12	17	14	18	13	13	11	20	20	12	14	15	11	17	11	20	16	14	13	17	16	19	19	11	11	14	10	12	19	15	19	14	10	13	12	18	12	17	16	13	19	18	19	13	18	13	11	17	14	12	11	10	10	11	11	16	17	19	15	10	18	15	14	11	10	17	17	14	13	18	20	20	16	14	12	15	14	11	16	20	11	15	11	11	15	19	17	13	16	12	13	19	12	12	11	16	11	10	17	16	17	10	19	14	11	17	14	12	20	13	19	20	11	18	11	17	15	11	15	13	19	15	11	20	13	12	19	19	10	11	15	13	16	10	12	10	11	13	16	10	10	18	10	18	10	13	15	13	16	20	12	11	15	19	17	17	14	20	12	10	16	18	14	16	16	16	19	16	16	16	10	11	16	12	16	14	12	10	13	18	15	11	16	16	18	14	13	11	19	10	11	15	14	20	19	16	15	11	15	19	10	20	16	16	10	13	14	17	10	12	14	19	12	16	19	10	13	11	11	14	17	18	13	11	13	16	10	20	12	20	15	11	10	18	14	12	13	17	20	13	13	20	10	14	15	13	10	12	17	18	18	19	20	10	10	12	14	12	13	15	17	10	12	12	18	20	15	13	12	14	14	10	11	12	14	19	14	10	11	12	15	13	14	12	13	13	14	10	11	11	18	13	18	15	12	12	10	13	18	17	18	16	11	18	11	19	12	12	10	19	15	11	12	18	19	14	18	20	10	13	20	10	12	15	16	16	17	10	17	11	19	15	20	10	17	10	10	12	16	12	18	10	18	15	18	15	11	20	12	11	13	20	13	14	20	15	18	20	19	18	16	16	14	10	18	19	17	10	16	20	19	13	20	18	18	14	15	11	10	14	15	20	12	17	16	17	20	18	16	17	11	18	10	12	12	14	12	20	19	14	13	15	10	11	14	17	20	16	12	10	15	18	11	11	20	13	18	12	15	11	19	11	12	16	13	14	20	11	14	14	12	14	14	16	15	19	11	18	13	19	19	20	17	11	11	16	12	16	10	10	13	12	15	12	10	17	13	15	20	10	11	11	12	10	13	20	10	20	14	15	11	15	17	15	18	15	18	11	15	14	10	18	12	11	12	18	13	12	10	10	10	11	12	10	13	11	18	17	12	20	18	10	15	15	19	11	14	19	11	18	15	11	15	12	12	11	14	17	16	11	13	17	12	14	20	18	10	15	11	13	12	17	13	12	14	16	12	17	12	10	11	13	17	15	14	17	14	13	15	14	14	15	18	14	12	15	20	19	10	16	14	17	14	17	17	15	16	10	12	20	13	13	10	17	10	18	14	12	20	20	19	10	19	19	12	14	15	12	19	12	12	17	19	17	13	16	15	12	17	13	10	18	11	20	20	12	19	10	20	17	16	15	18	15	15	13	12	18	18	13	19	19	20	12	20	20	20	15	11	18	12	19	13	11	19	10	12	16	18	10	10	15	20	15	13	15	12	15	17	14	11	14	19	10	18	15	16	19	13	15	19	13	17	15	19	12	15	12	12	13	13	
1	1	1	1	1	1	1	1	1	1	1	1	1	1	1	1	1	1	1	1	1	1	1	1	1	1	1	1	1	1	1	1	1	2	2	2	2	2	2	2	2	2	2	2	2	2	2	2	2	2	2	2	2	2	2	2	2	2	2	2	2	2	2	2	2	2	3	3	3	3	3	3	3	3	3	3	3	3	3	3	3	3	3	3	3	3	3	3	3	3	3	3	3	3	3	3	4	4	4	4	4	4	4	4	4	4	4	4	4	4	4	4	4	4	4	4	4	4	4	4	4	4	4	5	5	5	5	5	5	5	5	5	5	5	5	5	5	5	5	5	5	5	5	5	5	5	5	5	5	5	5	5	5	5	5	6	6	6	6	6	6	6	6	6	6	6	6	6	6	6	6	6	6	6	6	6	6	6	6	6	6	6	6	6	7	7	7	7	7	7	7	7	7	7	7	7	7	7	7	7	7	7	7	7	7	7	7	7	7	7	7	7	7	7	7	7	7	7	7	7	7	7	7	7	7	7	7	7	7	8	8	8	8	8	8	8	8	8	8	8	8	8	8	8	8	8	8	8	8	8	8	9	9	9	9	9	9	9	9	9	9	9	9	9	9	9	9	9	9	9	9	9	9	9	9	9	9	9	9	9	9	9	9	10	10	10	10	10	10	10	10	10	10	10	10	10	10	10	10	10	10	10	10	10	10	10	10	10	10	10	10	10	10	10	11	11	11	11	11	11	11	11	11	11	11	11	11	11	11	11	11	11	11	11	11	11	11	11	11	11	11	11	11	11	11	11	11	11	12	12	12	12	12	12	12	12	12	12	12	12	12	12	12	12	12	12	12	12	12	12	12	12	12	12	12	12	12	12	12	12	12	12	12	13	13	13	13	13	13	13	13	13	13	13	13	13	13	13	13	13	13	13	13	13	13	13	13	13	14	14	14	14	14	14	14	14	14	14	14	14	14	14	14	14	14	14	14	14	14	14	14	14	14	14	14	14	14	14	14	14	14	14	14	14	14	14	14	14	14	15	15	15	15	15	15	15	15	15	15	15	15	15	15	15	15	15	15	15	15	15	15	15	15	15	15	15	15	15	15	15	15	15	15	16	16	16	16	16	16	16	16	16	16	16	16	16	16	16	16	16	16	16	16	16	16	16	16	16	16	16	16	16	16	16	16	16	16	16	16	16	16	16	16	16	16	16	16	16	16	17	17	17	17	17	17	17	17	17	17	17	17	17	17	17	17	17	17	17	17	17	17	17	17	17	17	17	17	17	17	17	17	17	18	18	18	18	18	18	18	18	18	18	18	18	18	18	18	18	18	18	18	18	18	18	18	18	18	18	18	18	18	18	18	18	18	18	18	18	18	19	19	19	19	19	19	19	19	19	19	19	19	19	19	19	19	19	19	19	19	19	19	19	19	19	19	19	19	19	19	19	19	19	20	20	20	20	20	20	20	20	20	20	20	20	20	20	20	20	20	20	20	20	20	20	20	20	20	20	20	20	20	20	20	20	21	21	21	21	21	21	21	21	21	21	21	21	21	21	21	21	21	21	21	21	21	21	21	21	21	21	21	21	21	21	21	21	22	22	22	22	22	22	22	22	22	22	22	22	22	22	22	22	22	22	22	22	22	22	22	22	22	22	22	22	22	22	22	22	23	23	23	23	23	23	23	23	23	23	23	23	23	23	23	23	23	23	23	23	23	23	23	23	23	23	23	23	23	23	23	23	23	23	23	24	24	24	24	24	24	24	24	24	24	24	24	24	24	24	24	24	24	24	24	24	24	24	24	24	24	24	24	24	24	24	24	24	25	25	25	25	25	25	25	25	25	25	25	25	25	25	25	25	25	25	25	25	25	25	25	25	25	25	25	25	25	25	26	26	26	26	26	26	26	26	26	26	26	26	26	26	26	26	26	26	26	26	26	26	26	26	26	26	26	26	26	26	26	26	26	26	26	27	27	27	27	27	27	27	27	27	27	27	27	27	27	27	27	27	27	27	27	27	27	27	27	27	28	28	28	28	28	28	28	28	28	28	28	28	28	28	28	28	28	28	28	28	28	28	28	28	28	28	28	28	28	28	28	28	28	28	29	29	29	29	29	29	29	29	29	29	29	29	29	29	29	29	29	29	29	29	29	29	29	29	29	29	29	29	29	29	29	29	29	29	29	29	29	29	30	30	30	30	30	30	30	30	30	30	30	30	30	30	30	30	30	30	30	30	30	30	30	30	30	30	30	30	30	30	30	30	30	30	30	30	30	30	30	30	30	30	
