1000
45	9
347	18.7
26	31	28	29	29	29	26	26	31	27	31	30	28	27	26	29	26	26	31	30	28	26	26	30	31	29	31	31	29	28	30	27	26	26	31	30	26	29	26	29	26	29	27	26	28	31	27	31	30	31	28	27	29	29	28	28	26	29	26	31	29	29	30	28	28	31	30	30	28	28	26	28	28	30	31	27	28	30	28	29	30	27	26	30	29	27	27	26	31	31	27	27	31	29	30	31	26	29	28	26	31	30	31	29	29	28	26	29	30	30	31	31	31	30	30	28	26	27	26	30	29	27	27	26	31	31	31	26	26	28	28	31	30	27	28	29	29	29	26	27	27	28	26	29	30	30	30	28	28	26	27	29	30	26	28	29	26	29	26	26	29	31	26	26	26	26	26	29	31	31	29	27	28	31	27	27	29	29	30	30	26	31	27	29	31	29	30	27	27	27	31	31	29	26	31	30	29	28	31	28	27	26	28	27	31	26	26	28	28	29	26	29	28	30	29	31	30	29	28	29	31	31	26	31	27	30	29	27	29	30	27	31	28	26	28	29	27	26	30	26	27	31	29	28	26	31	30	31	31	27	31	30	29	30	28	29	27	29	27	30	26	29	28	27	31	30	26	31	27	30	27	31	28	30	27	30	27	26	27	28	27	31	28	30	30	30	30	29	28	31	31	30	26	26	27	29	29	29	26	30	30	28	29	26	31	27	29	27	30	28	30	27	26	28	29	31	28	28	26	26	28	30	29	31	28	28	29	30	31	30	27	27	29	28	28	26	30	27	30	27	28	26	26	28	31	29	27	31	28	26	28	26	28	28	26	27	26	26	28	29	29	30	27	30	26	31	28	26	31	31	26	29	26	28	26	30	26	31	28	28	30	31	31	26	26	31	26	30	26	27	29	26	28	28	26	26	28	29	29	31	28	26	31	27	26	27	30	29	29	27	26	30	28	26	26	31	31	31	28	29	29	27	27	27	31	27	27	31	31	28	30	30	26	27	28	31	28	31	28	29	28	27	30	29	30	29	30	26	27	31	29	26	27	30	28	30	30	30	27	30	29	27	31	29	31	29	30	28	30	29	30	27	28	26	31	29	31	26	28	30	28	27	30	30	26	26	29	30	31	31	29	27	27	31	28	28	29	28	28	28	27	28	28	30	28	29	26	26	27	27	27	27	27	26	31	31	28	28	29	27	30	27	30	31	29	29	29	26	29	30	28	27	27	27	28	31	29	31	31	29	27	31	31	27	31	28	26	29	30	29	29	31	27	28	27	31	28	29	27	29	28	30	28	26	31	28	31	26	30	29	29	29	29	26	28	29	30	31	31	31	26	26	28	28	30	31	30	30	29	30	28	27	28	31	27	28	30	31	31	26	27	30	29	30	27	27	26	28	26	31	27	30	30	30	29	26	30	29	31	27	30	27	30	27	26	26	28	29	27	27	27	31	29	27	27	31	27	27	26	29	29	30	29	31	28	30	29	29	31	27	30	28	31	29	28	27	31	30	30	28	30	28	29	29	26	30	31	28	31	28	31	28	28	28	31	30	28	26	30	27	26	29	30	29	27	29	29	28	29	27	30	28	28	30	27	26	27	27	27	31	31	31	30	29	31	30	28	31	27	26	28	26	26	31	29	26	26	28	28	27	29	30	27	31	29	29	31	31	27	28	30	28	30	27	26	29	30	30	30	30	26	27	26	31	31	28	31	29	29	31	30	29	28	29	26	27	31	29	31	27	29	27	29	26	26	31	30	27	27	27	28	30	26	30	26	28	26	28	27	30	27	29	30	28	27	31	28	26	27	30	29	28	29	29	27	28	27	27	28	29	28	28	29	29	29	27	28	30	31	26	26	31	26	28	26	31	31	29	30	29	28	28	28	26	29	26	26	28	29	31	31	31	31	28	26	26	29	27	26	27	26	27	28	27	31	31	27	29	27	27	26	30	27	26	29	29	26	30	27	30	30	27	28	31	29	27	26	31	29	27	28	29	30	28	26	27	30	30	31	27	27	27	26	27	28	26	28	26	27	27	30	29	29	30	27	28	26	27	30	28	30	27	31	30	31	26	30	27	30	31	30	28	29	31	29	26	30	29	26	27	26	26	26	30	27	30	28	29	29	30	31	28	27	28	26	30	29	29	31	30	31	26	31	29	26	28	29	28	28	27	27	31	30	29	28	30	27	28	31	30	29	31	28	29	28	30	29	29	27	30	30	28	30	27	26	30	28	31	31	30	29	31	28	30	31	27	29	28	28	31	28	29	28	27	30	29	31	30	26	27	
80	86	83	89	82	93	81	78	79	76	79	86	78	87	91	76	88	76	91	77	81	80	81	86	90	94	84	83	77	90	92	76	90	84	85	78	79	85	83	85	80	94	77	92	88	78	89	83	83	82	80	88	78	86	81	87	91	79	94	83	78	87	87	78	86	90	80	88	84	80	88	83	84	82	85	81	77	80	90	77	88	79	87	92	83	84	85	81	84	87	83	76	85	79	92	94	92	76	76	87	78	92	77	88	82	92	88	94	91	78	85	81	77	94	87	89	82	80	78	81	91	94	83	76	86	80	93	94	92	79	83	82	86	79	81	78	82	86	86	85	88	79	80	83	81	91	94	77	82	91	90	91	94	92	77	85	91	81	90	83	84	90	89	89	87	86	82	89	91	94	91	76	78	91	92	89	86	92	76	91	78	79	94	86	76	83	81	85	77	80	89	85	84	88	77	78	94	79	94	82	78	78	76	91	79	80	80	79	85	88	77	87	78	93	82	76	85	92	85	88	84	85	92	76	93	77	82	84	77	83	81	81	85	86	80	87	84	91	87	82	85	94	78	94	91	81	93	93	90	94	90	78	86	91	76	84	86	80	77	76	92	76	85	92	87	77	93	88	86	76	81	81	79	91	86	78	88	85	79	92	90	85	89	89	83	93	92	88	87	91	81	82	87	84	87	77	83	82	84	77	81	92	85	77	79	86	81	89	87	94	81	79	93	86	78	83	82	83	89	90	83	85	87	86	83	77	87	80	88	78	92	81	78	84	92	87	77	82	78	77	84	93	81	84	94	86	93	77	90	93	86	82	92	88	78	77	77	86	87	82	89	89	85	88	89	90	87	86	86	86	84	77	93	76	86	86	81	88	77	94	90	80	90	79	84	77	81	80	87	87	79	87	77	89	85	88	93	76	79	77	88	89	83	92	81	77	93	82	89	85	83	78	81	78	85	90	78	87	81	80	80	79	77	80	86	79	84	91	85	92	92	92	89	88	83	76	76	91	93	89	80	85	81	85	82	82	90	87	89	87	93	92	84	88	85	93	93	93	81	81	84	87	83	77	79	93	79	92	80	90	78	79	84	87	79	79	91	87	92	81	92	90	82	79	92	84	86	88	88	77	76	86	88	92	76	94	91	79	91	82	76	87	83	91	94	86	91	77	89	83	83	80	86	76	76	90	84	85	86	89	76	81	90	90	93	88	77	90	92	78	92	84	83	77	91	87	87	84	94	87	82	78	89	91	92	94	84	91	89	86	81	92	82	89	86	91	79	86	89	80	85	93	83	87	78	87	93	76	78	94	83	81	92	79	94	83	91	88	76	80	81	86	93	82	94	91	84	86	91	87	92	86	82	81	82	80	77	92	78	79	83	91	83	79	78	90	91	93	78	93	86	88	91	77	86	87	94	79	86	88	91	87	86	80	79	86	80	83	92	88	78	87	86	81	76	88	91	89	82	77	90	89	76	81	89	77	94	81	87	90	82	77	85	85	82	77	93	82	91	88	76	82	87	90	78	87	86	86	87	79	78	86	85	76	83	82	87	83	82	93	91	88	92	88	92	84	85	92	85	83	83	90	91	82	83	78	78	92	88	76	88	91	76	76	90	94	88	76	90	86	81	80	91	87	92	77	88	89	90	85	86	80	92	78	81	80	90	90	84	90	82	92	86	82	89	77	81	90	91	92	86	92	91	84	86	81	92	93	91	82	85	90	87	82	80	81	87	85	79	79	91	89	85	76	94	84	83	76	80	80	76	85	85	79	82	82	87	81	82	85	94	86	84	81	78	84	78	82	81	90	88	88	79	76	81	92	91	80	87	92	82	94	91	76	79	88	93	94	83	82	81	88	77	81	80	81	92	92	83	83	83	88	86	93	79	87	81	87	84	78	84	77	91	79	83	83	91	82	89	87	88	92	94	78	87	89	78	81	89	80	94	85	81	86	77	80	92	93	88	79	89	84	90	88	93	87	82	77	83	88	85	89	76	80	89	78	81	93	92	84	86	91	80	94	85	91	88	82	88	94	89	77	80	88	86	91	78	84	81	84	89	87	79	88	81	86	78	84	88	90	93	78	79	84	94	85	86	90	77	92	94	90	94	92	91	91	89	82	92	85	87	86	92	81	87	82	87	94	79	94	93	89	90	94	93	76	91	77	92	78	80	83	92	84	81	76	93	82	81	86	93	89	81	90	80	93	93	89	88	82	84	77	94	85	83	88	77	76	86	89	79	88	78	86	81	88	82	82	93	80	79	84	79	85	81	79	82	80	82	89	
15.4	17.6	16.5	25.3	13.2	30.8	31.9	31.9	23.1	29.7	33	12.1	13.2	23.1	12.1	19.8	11	22	30.8	12.1	27.5	16.5	31.9	25.3	26.4	26.4	28.6	20.9	11	27.5	23.1	14.3	12.1	26.4	23.1	27.5	22	27.5	11	16.5	28.6	26.4	24.2	22	33	22	31.9	31.9	30.8	29.7	20.9	33	18.7	33	25.3	29.7	25.3	29.7	29.7	25.3	22	19.8	20.9	20.9	30.8	29.7	27.5	31.9	28.6	27.5	18.7	16.5	20.9	15.4	31.9	15.4	11	26.4	15.4	17.6	30.8	25.3	25.3	15.4	18.7	17.6	29.7	17.6	22	33	24.2	12.1	31.9	20.9	31.9	13.2	30.8	18.7	26.4	24.2	13.2	30.8	33	23.1	23.1	20.9	28.6	14.3	31.9	11	25.3	19.8	26.4	18.7	13.2	17.6	19.8	27.5	31.9	24.2	14.3	23.1	27.5	29.7	31.9	18.7	17.6	24.2	13.2	14.3	28.6	14.3	11	33	31.9	15.4	19.8	27.5	23.1	28.6	20.9	11	24.2	16.5	20.9	11	31.9	31.9	23.1	13.2	13.2	25.3	31.9	29.7	23.1	28.6	26.4	12.1	26.4	25.3	26.4	19.8	24.2	28.6	25.3	17.6	11	11	33	28.6	27.5	24.2	31.9	17.6	16.5	18.7	14.3	12.1	20.9	22	24.2	18.7	28.6	25.3	24.2	12.1	23.1	31.9	33	16.5	25.3	28.6	18.7	29.7	31.9	33	11	22	13.2	14.3	30.8	18.7	23.1	26.4	28.6	11	18.7	14.3	14.3	28.6	27.5	31.9	14.3	26.4	13.2	12.1	13.2	19.8	16.5	33	11	16.5	25.3	30.8	26.4	17.6	33	29.7	25.3	28.6	29.7	24.2	33	31.9	13.2	33	33	24.2	31.9	11	25.3	11	16.5	18.7	31.9	33	23.1	28.6	15.4	17.6	24.2	25.3	19.8	28.6	19.8	23.1	27.5	11	20.9	31.9	16.5	15.4	26.4	11	13.2	28.6	13.2	30.8	22	17.6	28.6	24.2	19.8	13.2	26.4	25.3	29.7	19.8	18.7	11	31.9	24.2	25.3	11	15.4	33	27.5	33	20.9	20.9	27.5	18.7	12.1	15.4	18.7	29.7	14.3	30.8	16.5	17.6	13.2	14.3	23.1	31.9	24.2	16.5	11	29.7	25.3	20.9	28.6	17.6	25.3	17.6	11	27.5	20.9	26.4	18.7	19.8	16.5	24.2	28.6	14.3	26.4	14.3	31.9	14.3	13.2	27.5	26.4	20.9	16.5	33	11	29.7	33	13.2	20.9	14.3	29.7	25.3	31.9	27.5	11	18.7	11	13.2	30.8	30.8	26.4	26.4	12.1	16.5	30.8	17.6	20.9	12.1	28.6	15.4	19.8	26.4	15.4	25.3	22	16.5	30.8	20.9	25.3	14.3	15.4	30.8	13.2	29.7	22	28.6	14.3	12.1	17.6	23.1	30.8	26.4	20.9	29.7	33	11	19.8	19.8	29.7	26.4	26.4	16.5	27.5	17.6	27.5	22	13.2	13.2	30.8	24.2	13.2	20.9	30.8	16.5	18.7	20.9	13.2	16.5	33	26.4	30.8	27.5	14.3	29.7	31.9	31.9	29.7	14.3	25.3	15.4	12.1	29.7	15.4	26.4	31.9	24.2	20.9	30.8	22	27.5	28.6	25.3	28.6	31.9	19.8	12.1	28.6	18.7	33	17.6	27.5	20.9	27.5	24.2	17.6	27.5	23.1	24.2	17.6	16.5	25.3	17.6	17.6	24.2	29.7	19.8	20.9	28.6	24.2	29.7	20.9	28.6	24.2	27.5	19.8	11	15.4	30.8	26.4	12.1	18.7	14.3	22	16.5	12.1	25.3	23.1	28.6	12.1	33	20.9	31.9	15.4	31.9	13.2	13.2	14.3	30.8	23.1	29.7	23.1	31.9	23.1	25.3	14.3	14.3	24.2	12.1	33	20.9	12.1	22	29.7	28.6	26.4	24.2	18.7	29.7	25.3	13.2	31.9	23.1	15.4	27.5	28.6	25.3	12.1	31.9	25.3	26.4	18.7	31.9	29.7	18.7	18.7	20.9	33	24.2	16.5	14.3	31.9	28.6	25.3	24.2	27.5	22	22	28.6	13.2	26.4	22	15.4	28.6	23.1	33	12.1	33	12.1	22	22	26.4	31.9	23.1	28.6	11	14.3	15.4	28.6	18.7	22	20.9	13.2	15.4	30.8	29.7	15.4	28.6	18.7	11	23.1	13.2	20.9	26.4	14.3	18.7	20.9	33	22	22	27.5	33	24.2	16.5	24.2	31.9	18.7	27.5	15.4	25.3	31.9	27.5	16.5	24.2	17.6	26.4	16.5	15.4	33	29.7	12.1	25.3	25.3	25.3	14.3	33	24.2	28.6	29.7	14.3	31.9	17.6	20.9	26.4	24.2	12.1	26.4	31.9	25.3	33	27.5	14.3	30.8	15.4	23.1	29.7	30.8	24.2	23.1	22	29.7	25.3	18.7	22	29.7	33	23.1	16.5	25.3	27.5	27.5	11	20.9	30.8	30.8	11	33	19.8	26.4	33	18.7	12.1	18.7	18.7	19.8	12.1	23.1	31.9	33	28.6	33	30.8	17.6	26.4	11	29.7	29.7	17.6	15.4	14.3	33	24.2	19.8	22	22	15.4	11	12.1	33	22	27.5	30.8	23.1	30.8	16.5	11	33	31.9	13.2	15.4	19.8	23.1	16.5	20.9	26.4	29.7	33	29.7	29.7	15.4	31.9	16.5	17.6	18.7	23.1	29.7	29.7	20.9	12.1	26.4	19.8	30.8	30.8	15.4	30.8	31.9	15.4	30.8	29.7	20.9	26.4	11	31.9	12.1	33	23.1	22	29.7	15.4	28.6	14.3	28.6	22	18.7	20.9	17.6	29.7	31.9	23.1	28.6	26.4	16.5	11	17.6	23.1	23.1	22	20.9	22	25.3	26.4	33	19.8	16.5	26.4	14.3	11	29.7	11	17.6	15.4	25.3	12.1	20.9	12.1	17.6	12.1	27.5	18.7	27.5	24.2	29.7	29.7	26.4	20.9	12.1	14.3	11	33	16.5	26.4	24.2	14.3	12.1	23.1	28.6	29.7	33	30.8	30.8	17.6	18.7	16.5	24.2	15.4	16.5	19.8	19.8	12.1	33	22	11	22	27.5	18.7	11	23.1	15.4	27.5	17.6	11	29.7	19.8	25.3	25.3	11	19.8	11	30.8	24.2	17.6	22	12.1	13.2	30.8	23.1	29.7	23.1	22	28.6	30.8	13.2	11	29.7	33	17.6	25.3	16.5	12.1	22	28.6	27.5	19.8	19.8	13.2	22	28.6	27.5	16.5	26.4	28.6	17.6	23.1	27.5	26.4	16.5	15.4	27.5	19.8	25.3	25.3	17.6	33	29.7	17.6	27.5	22	33	15.4	26.4	33	13.2	33	13.2	12.1	12.1	14.3	17.6	22	33	30.8	23.1	22	12.1	15.4	18.7	16.5	18.7	20.9	14.3	24.2	27.5	13.2	15.4	29.7	15.4	17.6	33	20.9	16.5	26.4	27.5	30.8	30.8	17.6	20.9	22	27.5	17.6	27.5	23.1	17.6	15.4	28.6	18.7	28.6	19.8	28.6	19.8	14.3	17.6	27.5	11	12.1	12.1	33	27.5	11	12.1	14.3	16.5	24.2	30.8	16.5	33	16.5	24.2	23.1	22	14.3	14.3	27.5	14.3	29.7	22	25.3	33	18.7	17.6	25.3	29.7	12.1	27.5	20.9	20.9	25.3	23.1	14.3	30.8	25.3	22	31.9	33	28.6	17.6	23.1	20.9	25.3	11	29.7	14.3	16.5	23.1	30.8	33	27.5	24.2	29.7	24.2	20.9	19.8	15.4	24.2	20.9	22	31.9	17.6	19.8	17.6	22	22	19.8	14.3	20.9	14.3	24.2	30.8	22	12.1	14.3	11	
33	27.5	27.5	17.6	11	28.6	20.9	22	30.8	12.1	31.9	33	19.8	17.6	16.5	20.9	12.1	12.1	22	20.9	18.7	18.7	26.4	25.3	33	31.9	23.1	22	12.1	20.9	17.6	15.4	16.5	17.6	23.1	30.8	29.7	30.8	18.7	25.3	30.8	19.8	18.7	22	11	22	15.4	19.8	22	26.4	30.8	15.4	16.5	11	23.1	16.5	31.9	27.5	17.6	33	24.2	12.1	16.5	19.8	33	29.7	27.5	13.2	19.8	26.4	12.1	30.8	14.3	20.9	16.5	24.2	29.7	11	16.5	19.8	18.7	27.5	16.5	14.3	26.4	28.6	30.8	11	25.3	28.6	20.9	17.6	11	27.5	29.7	13.2	23.1	16.5	17.6	16.5	18.7	27.5	26.4	20.9	26.4	26.4	30.8	24.2	24.2	15.4	27.5	24.2	24.2	33	12.1	33	17.6	28.6	13.2	22	14.3	19.8	17.6	18.7	33	26.4	11	14.3	23.1	28.6	13.2	29.7	18.7	11	14.3	22	26.4	13.2	13.2	28.6	22	30.8	18.7	30.8	24.2	25.3	31.9	16.5	18.7	14.3	27.5	16.5	16.5	19.8	30.8	22	18.7	14.3	14.3	24.2	20.9	19.8	12.1	15.4	12.1	30.8	23.1	22	23.1	23.1	16.5	12.1	25.3	15.4	28.6	13.2	33	30.8	18.7	28.6	15.4	23.1	19.8	11	23.1	23.1	30.8	11	31.9	17.6	18.7	25.3	33	27.5	15.4	28.6	24.2	17.6	33	25.3	17.6	29.7	30.8	15.4	24.2	24.2	22	15.4	27.5	25.3	29.7	11	16.5	15.4	29.7	15.4	17.6	13.2	17.6	25.3	30.8	19.8	18.7	27.5	25.3	28.6	29.7	18.7	26.4	14.3	12.1	29.7	18.7	19.8	14.3	14.3	26.4	14.3	18.7	28.6	12.1	16.5	19.8	12.1	26.4	28.6	23.1	33	25.3	11	31.9	16.5	25.3	19.8	26.4	30.8	24.2	18.7	31.9	25.3	20.9	12.1	13.2	33	28.6	24.2	17.6	14.3	29.7	26.4	22	24.2	26.4	26.4	29.7	15.4	20.9	15.4	28.6	13.2	15.4	18.7	11	23.1	30.8	24.2	15.4	26.4	28.6	23.1	25.3	31.9	26.4	24.2	30.8	26.4	17.6	25.3	14.3	17.6	16.5	27.5	27.5	28.6	25.3	31.9	19.8	14.3	22	13.2	11	22	30.8	16.5	13.2	29.7	33	16.5	23.1	12.1	24.2	27.5	31.9	16.5	33	14.3	30.8	33	16.5	16.5	29.7	17.6	14.3	17.6	13.2	30.8	24.2	28.6	19.8	27.5	31.9	15.4	30.8	18.7	17.6	20.9	16.5	14.3	27.5	13.2	22	17.6	12.1	15.4	33	17.6	13.2	29.7	18.7	22	28.6	12.1	14.3	23.1	15.4	19.8	25.3	16.5	31.9	29.7	22	16.5	17.6	14.3	26.4	11	22	28.6	23.1	13.2	12.1	18.7	24.2	29.7	20.9	19.8	30.8	17.6	23.1	33	25.3	16.5	24.2	25.3	12.1	17.6	15.4	20.9	29.7	19.8	17.6	22	11	22	31.9	17.6	18.7	20.9	13.2	17.6	30.8	28.6	22	26.4	25.3	33	30.8	19.8	14.3	27.5	25.3	30.8	26.4	31.9	19.8	27.5	26.4	29.7	11	12.1	26.4	33	30.8	30.8	25.3	13.2	17.6	31.9	15.4	26.4	11	16.5	13.2	13.2	14.3	20.9	28.6	15.4	27.5	25.3	13.2	30.8	29.7	16.5	29.7	16.5	16.5	17.6	19.8	16.5	26.4	25.3	26.4	33	13.2	20.9	17.6	18.7	28.6	25.3	24.2	26.4	24.2	29.7	28.6	16.5	22	28.6	22	16.5	18.7	11	27.5	11	23.1	12.1	31.9	26.4	18.7	20.9	20.9	25.3	33	14.3	24.2	16.5	22	19.8	15.4	13.2	25.3	16.5	26.4	26.4	15.4	15.4	17.6	26.4	14.3	20.9	19.8	20.9	16.5	30.8	19.8	29.7	22	16.5	30.8	26.4	27.5	25.3	18.7	29.7	15.4	31.9	15.4	30.8	30.8	16.5	22	23.1	19.8	19.8	28.6	17.6	26.4	23.1	23.1	16.5	29.7	33	30.8	27.5	20.9	11	14.3	31.9	18.7	23.1	31.9	31.9	19.8	29.7	17.6	26.4	28.6	15.4	18.7	16.5	31.9	13.2	33	14.3	25.3	33	14.3	18.7	27.5	27.5	26.4	13.2	14.3	14.3	18.7	14.3	30.8	15.4	12.1	24.2	30.8	13.2	28.6	29.7	23.1	33	26.4	14.3	26.4	18.7	16.5	29.7	20.9	20.9	19.8	23.1	17.6	22	24.2	25.3	18.7	18.7	20.9	33	13.2	29.7	30.8	19.8	12.1	23.1	24.2	29.7	15.4	18.7	14.3	19.8	28.6	15.4	15.4	30.8	12.1	20.9	33	27.5	22	29.7	24.2	20.9	16.5	30.8	26.4	30.8	13.2	12.1	29.7	22	24.2	30.8	25.3	22	33	14.3	22	27.5	25.3	23.1	19.8	27.5	29.7	12.1	29.7	16.5	19.8	14.3	14.3	23.1	18.7	11	15.4	15.4	13.2	15.4	24.2	14.3	30.8	33	20.9	17.6	13.2	31.9	26.4	13.2	25.3	19.8	15.4	29.7	13.2	19.8	11	13.2	31.9	31.9	30.8	27.5	26.4	27.5	24.2	28.6	19.8	33	28.6	33	14.3	20.9	30.8	25.3	27.5	12.1	24.2	31.9	23.1	16.5	16.5	24.2	28.6	30.8	23.1	12.1	18.7	25.3	24.2	18.7	23.1	23.1	25.3	29.7	20.9	14.3	24.2	28.6	18.7	25.3	13.2	30.8	15.4	17.6	17.6	31.9	23.1	26.4	30.8	31.9	30.8	31.9	28.6	15.4	17.6	31.9	15.4	16.5	22	15.4	14.3	22	31.9	15.4	27.5	33	12.1	23.1	24.2	25.3	16.5	12.1	17.6	12.1	27.5	17.6	17.6	22	29.7	12.1	14.3	22	22	31.9	26.4	20.9	20.9	15.4	12.1	25.3	13.2	11	33	18.7	14.3	19.8	20.9	24.2	23.1	20.9	12.1	11	12.1	15.4	23.1	19.8	20.9	25.3	23.1	24.2	12.1	13.2	11	23.1	17.6	30.8	17.6	18.7	22	11	12.1	29.7	30.8	31.9	25.3	19.8	11	26.4	31.9	23.1	23.1	19.8	26.4	24.2	18.7	11	33	27.5	20.9	14.3	31.9	11	25.3	19.8	13.2	31.9	13.2	33	29.7	26.4	26.4	13.2	31.9	23.1	30.8	20.9	20.9	19.8	12.1	20.9	15.4	17.6	33	33	11	20.9	30.8	11	14.3	33	33	17.6	12.1	33	18.7	25.3	29.7	25.3	16.5	28.6	13.2	20.9	12.1	26.4	31.9	22	26.4	12.1	19.8	13.2	28.6	19.8	13.2	24.2	22	29.7	14.3	12.1	16.5	19.8	19.8	13.2	20.9	13.2	17.6	30.8	23.1	27.5	30.8	30.8	18.7	13.2	16.5	23.1	12.1	18.7	15.4	29.7	31.9	18.7	24.2	13.2	12.1	18.7	13.2	18.7	12.1	26.4	24.2	15.4	19.8	22	14.3	14.3	23.1	20.9	22	18.7	13.2	33	27.5	23.1	28.6	23.1	17.6	30.8	22	31.9	24.2	31.9	17.6	15.4	31.9	16.5	29.7	16.5	24.2	30.8	11	11	18.7	29.7	15.4	30.8	20.9	14.3	20.9	33	31.9	12.1	27.5	13.2	12.1	13.2	12.1	24.2	28.6	13.2	14.3	11	27.5	24.2	24.2	28.6	18.7	29.7	28.6	28.6	24.2	33	26.4	24.2	14.3	31.9	17.6	14.3	33	24.2	31.9	19.8	28.6	27.5	25.3	12.1	24.2	23.1	27.5	18.7	31.9	26.4	14.3	28.6	27.5	13.2	33	18.7	23.1	19.8	
17.6	28.6	24.2	19.8	13.2	20.9	28.6	16.5	30.8	30.8	33	20.9	30.8	29.7	27.5	14.3	24.2	24.2	26.4	13.2	31.9	30.8	18.7	31.9	28.6	20.9	28.6	14.3	19.8	25.3	13.2	30.8	22	11	33	17.6	33	29.7	23.1	31.9	29.7	18.7	12.1	11	28.6	
18	12	17	14	16	20	16	18	19	10	16	13	13	18	19	19	16	13	20	11	12	16	15	17	11	15	16	10	13	20	16	17	18	20	16	17	12	20	16	10	19	10	20	19	10	14	13	13	17	20	14	15	20	20	10	19	11	20	10	19	18	13	12	10	15	12	20	12	10	20	20	10	18	14	14	13	15	10	13	18	14	20	16	13	12	19	10	16	19	18	13	15	13	11	12	17	16	13	18	19	15	15	15	15	18	17	18	11	14	20	18	13	12	11	13	11	15	17	20	20	14	14	16	14	15	18	16	11	17	10	11	14	15	19	10	11	10	20	10	10	16	13	12	11	14	20	10	18	19	10	10	16	10	13	19	15	15	10	16	20	20	18	11	20	13	12	11	13	16	18	10	11	12	18	18	17	18	13	19	10	17	14	12	10	10	13	11	11	19	12	14	14	10	17	12	18	17	18	19	16	15	19	16	11	14	20	14	15	17	15	18	19	17	17	14	20	17	11	12	14	19	10	14	13	18	18	16	14	10	18	13	11	17	12	10	13	19	13	15	10	15	13	14	11	15	13	16	14	16	12	10	13	10	10	10	13	17	20	20	18	11	11	20	15	20	10	11	10	19	15	16	18	17	11	15	15	17	13	14	11	18	20	11	16	19	10	12	10	20	15	18	18	10	18	18	14	20	11	19	17	15	18	17	10	20	10	13	16	20	12	11	15	12	13	19	15	10	15	15	14	13	12	17	18	14	11	20	15	14	17	16	18	17	13	13	18	10	13	16	11	13	14	19	13	19	12	20	13	10	11	20	11	11	16	19	20	15	10	14	17	20	18	16	14	20	20	17	17	15	11	11	15	19	18	20	11	19	11	11	15	20	14	11	13	15	19	15	16	17	18	18	12	12	16	11	20	18	18	13	11	12	17	11	18	17	18	20	12	18	13	15	17	10	10	13	12	16	15	10	14	15	10	13	10	18	19	12	12	19	10	15	16	15	14	20	16	10	19	20	15	16	12	18	11	12	11	10	14	14	10	14	15	10	17	15	19	18	19	20	20	13	16	17	18	14	12	11	17	19	10	17	11	13	18	10	13	14	14	17	18	13	17	17	19	14	15	14	16	19	20	15	17	18	16	20	20	11	15	19	20	10	18	13	12	10	13	17	13	19	10	11	13	17	12	14	12	10	20	12	10	10	15	13	12	16	13	18	10	10	14	18	20	12	17	19	17	16	11	15	16	11	12	16	12	18	20	13	16	15	17	12	15	17	20	13	17	11	17	18	20	11	10	17	15	19	11	18	11	17	14	18	14	16	20	14	13	20	19	17	19	16	10	17	11	14	13	11	16	20	15	15	12	18	10	19	11	12	12	20	17	18	10	10	19	12	16	11	11	12	12	10	11	12	19	14	15	20	14	15	17	15	11	14	15	13	16	15	18	14	20	17	12	12	15	14	12	18	17	20	16	10	17	17	15	16	12	16	10	11	13	20	10	11	16	13	20	12	13	17	17	17	15	20	17	18	11	19	14	19	16	13	17	15	15	18	12	11	19	17	12	19	20	10	13	19	17	19	15	17	14	13	11	18	11	18	16	18	18	11	17	14	11	16	17	15	10	19	11	13	20	16	18	13	20	11	19	14	11	16	19	17	15	17	11	20	20	17	18	16	16	11	16	14	15	14	17	12	10	15	15	14	15	11	13	16	13	14	13	10	15	19	19	11	17	18	14	13	20	15	14	17	12	11	12	14	15	20	16	18	11	15	14	18	17	20	15	15	12	20	14	15	18	11	12	10	10	16	14	10	10	10	20	17	16	20	18	18	10	10	13	19	18	13	11	19	16	19	14	13	16	11	13	16	10	12	12	19	11	10	10	11	12	11	20	14	20	18	19	16	13	20	10	12	11	20	13	13	11	18	10	15	11	16	10	15	13	16	15	13	11	19	12	15	20	10	20	15	13	11	15	13	19	15	10	20	19	14	18	14	10	11	15	16	13	13	15	14	20	16	14	14	18	15	10	13	18	10	10	16	14	18	12	19	15	16	14	14	11	20	10	16	20	12	20	20	15	20	14	10	10	17	16	14	18	20	18	11	13	12	11	12	16	13	12	16	17	16	16	10	19	19	13	18	14	16	17	17	10	12	14	11	13	13	12	16	17	14	19	11	15	11	17	14	14	14	20	14	19	18	14	18	14	15	20	14	11	16	10	11	20	17	16	10	16	17	13	12	14	14	13	17	19	12	11	12	20	14	13	12	15	11	14	16	16	17	15	19	15	13	17	
1	1	1	1	1	1	1	1	1	1	1	1	1	1	1	1	1	1	1	1	1	2	2	2	2	2	2	2	2	2	2	2	2	2	2	2	2	2	2	2	2	2	2	2	2	3	3	3	3	3	3	3	3	3	3	3	3	3	3	3	3	3	3	3	4	4	4	4	4	4	4	4	4	4	4	4	4	4	4	4	4	4	4	4	4	4	4	4	4	4	4	4	4	5	5	5	5	5	5	5	5	5	5	5	5	5	5	5	5	5	5	5	5	6	6	6	6	6	6	6	6	6	6	6	6	6	6	6	6	6	6	6	6	6	6	6	6	7	7	7	7	7	7	7	7	7	7	7	7	7	7	7	7	7	7	7	7	7	7	7	7	7	7	8	8	8	8	8	8	8	8	8	8	8	8	8	8	8	8	8	8	8	9	9	9	9	9	9	9	9	9	9	9	9	9	9	9	9	9	9	9	9	9	9	9	9	9	9	9	9	9	9	9	10	10	10	10	10	10	10	10	10	10	10	10	10	10	10	10	10	10	10	10	10	10	10	10	10	10	10	10	10	10	11	11	11	11	11	11	11	11	11	11	11	11	11	11	11	11	11	11	11	11	12	12	12	12	12	12	12	12	12	12	12	12	12	12	12	12	12	12	12	12	12	12	13	13	13	13	13	13	13	13	13	13	13	13	13	13	13	13	13	13	13	13	13	13	13	13	13	13	14	14	14	14	14	14	14	14	14	14	14	14	14	14	14	14	14	14	14	14	14	14	15	15	15	15	15	15	15	15	15	15	15	15	15	15	15	15	15	16	16	16	16	16	16	16	16	16	16	16	16	16	16	16	16	16	16	16	16	16	16	16	16	17	17	17	17	17	17	17	17	17	17	17	17	17	17	17	17	17	17	17	17	17	18	18	18	18	18	18	18	18	18	18	18	18	18	19	19	19	19	19	19	19	19	19	19	19	19	19	19	19	19	19	19	19	19	20	20	20	20	20	20	20	20	20	20	20	20	20	20	20	20	20	20	20	20	20	20	20	20	20	20	21	21	21	21	21	21	21	21	21	21	21	21	21	21	21	21	21	21	21	21	21	21	22	22	22	22	22	22	22	22	22	22	22	22	22	22	22	22	22	22	22	22	22	22	22	23	23	23	23	23	23	23	23	23	23	23	23	23	23	23	23	23	23	24	24	24	24	24	24	24	24	24	24	24	24	24	24	24	24	24	24	24	24	24	24	24	24	25	25	25	25	25	25	25	25	25	25	25	25	25	25	25	25	25	25	25	25	25	25	25	25	26	26	26	26	26	26	26	26	26	26	26	26	26	26	26	26	26	26	26	26	26	26	26	26	26	27	27	27	27	27	27	27	27	27	27	27	27	27	27	27	27	27	27	27	27	27	27	27	27	27	28	28	28	28	28	28	28	28	28	28	28	28	28	28	28	28	28	28	28	28	28	28	29	29	29	29	29	29	29	29	29	29	29	29	29	29	29	29	29	29	29	29	29	29	29	29	29	29	29	30	30	30	30	30	30	30	30	30	30	30	30	30	30	30	30	30	30	31	31	31	31	31	31	31	31	31	31	31	31	31	31	31	31	31	31	31	31	31	31	31	31	32	32	32	32	32	32	32	32	32	32	32	32	32	32	32	32	32	32	32	32	32	32	32	32	32	32	32	32	32	33	33	33	33	33	33	33	33	33	33	33	33	33	33	34	34	34	34	34	34	34	34	34	34	34	34	34	34	34	34	34	34	34	34	34	34	34	34	35	35	35	35	35	35	35	35	35	35	35	35	35	35	35	35	35	35	35	35	35	35	35	35	35	35	35	36	36	36	36	36	36	36	36	36	36	36	36	36	36	36	36	36	36	37	37	37	37	37	37	37	37	37	37	37	37	37	37	37	37	37	37	37	37	37	37	38	38	38	38	38	38	38	38	38	38	38	38	38	38	38	38	38	38	38	38	38	38	38	38	38	38	38	39	39	39	39	39	39	39	39	39	39	39	39	39	39	39	39	40	40	40	40	40	40	40	40	40	40	40	40	40	40	40	40	40	40	41	41	41	41	41	41	41	41	41	41	41	41	41	41	41	41	41	41	41	42	42	42	42	42	42	42	42	42	42	42	42	42	42	42	42	42	42	42	42	42	42	43	43	43	43	43	43	43	43	43	43	43	43	43	43	43	43	43	43	43	43	43	44	44	44	44	44	44	44	44	44	44	44	44	44	44	44	44	44	44	44	45	45	45	45	45	45	45	45	45	45	45	45	45	45	45	45	45	45	
