1000
30	12
504	29.7
29	31	27	27	29	26	27	31	30	31	28	28	28	26	30	31	26	31	28	28	28	31	28	30	31	29	31	26	27	26	28	28	30	29	29	29	26	26	30	27	29	28	31	31	28	26	27	28	27	26	31	28	28	31	30	28	26	31	26	26	28	30	30	27	29	28	27	31	26	29	29	31	28	26	28	26	26	29	31	29	26	31	31	30	31	26	28	26	29	29	30	30	30	27	28	30	29	28	29	30	26	29	26	31	29	29	26	31	27	26	27	28	26	29	29	28	26	26	29	31	27	29	26	27	27	31	28	31	29	27	28	30	31	31	29	28	31	28	26	31	29	28	30	31	27	30	30	28	30	31	28	30	30	27	28	28	30	30	28	27	26	29	27	29	27	31	26	29	28	29	30	28	30	27	29	28	30	28	28	28	31	28	27	26	30	26	30	29	27	27	30	26	29	28	28	27	29	31	31	27	30	28	30	28	30	29	29	29	31	30	30	26	28	29	28	26	29	26	30	26	29	30	28	29	28	27	31	31	28	31	28	29	28	31	27	29	31	26	29	30	31	26	29	27	28	26	28	31	26	30	30	28	26	28	31	30	28	28	27	28	30	26	28	29	30	31	30	30	27	29	27	31	30	31	31	29	26	28	30	27	31	30	27	26	30	28	26	30	30	28	29	27	26	28	30	30	30	30	29	29	29	27	29	31	29	26	30	29	29	31	29	28	28	29	28	28	27	27	31	30	30	31	28	26	27	31	31	26	31	29	27	29	29	30	30	31	26	31	31	26	31	26	26	29	31	28	30	26	31	26	29	28	30	27	29	30	30	30	26	31	26	30	26	31	28	31	27	30	27	31	26	28	31	29	29	29	26	26	28	27	30	27	30	26	30	26	26	27	26	31	27	27	26	28	26	31	29	29	29	28	30	26	26	29	28	30	29	27	27	27	30	31	30	29	29	28	28	27	27	31	28	29	26	26	29	29	31	29	27	29	27	27	31	31	26	27	28	29	27	30	28	29	30	30	27	30	26	29	29	26	30	30	26	26	30	29	29	28	31	26	28	30	26	26	29	27	27	30	30	27	27	28	30	30	29	29	27	28	27	31	27	28	28	27	30	27	27	27	26	28	29	31	28	31	30	27	28	26	29	26	31	30	30	31	30	30	26	30	28	31	26	31	26	26	26	28	29	30	28	29	28	29	29	30	29	30	28	30	26	28	30	27	27	30	28	29	31	29	27	29	29	28	26	27	30	27	26	30	26	29	30	28	28	30	26	28	30	29	30	26	29	27	26	31	26	27	28	27	28	31	30	31	30	31	26	30	29	29	26	27	31	31	26	29	29	29	29	29	28	27	26	30	29	30	27	26	31	26	31	27	27	27	31	29	28	31	29	29	26	29	30	28	30	27	29	30	30	30	31	27	27	28	27	31	31	26	26	29	27	27	29	28	30	31	31	27	26	30	30	30	30	26	27	28	27	31	31	26	31	26	31	29	31	30	30	26	31	30	27	29	26	26	27	28	31	30	30	31	28	31	28	27	31	29	27	29	26	31	28	29	29	30	27	27	26	26	27	29	28	26	27	28	30	29	29	30	26	29	30	31	28	27	26	27	31	28	28	27	30	29	30	28	30	27	30	27	30	29	29	29	31	26	27	31	31	31	26	28	30	29	28	28	26	31	26	31	30	31	26	31	27	30	30	31	30	27	26	27	30	31	26	28	31	26	27	28	31	30	30	26	29	30	26	26	27	30	27	30	30	26	27	27	29	29	27	31	26	28	26	31	31	26	27	28	26	30	31	26	31	27	28	30	31	27	26	29	28	27	29	27	29	31	29	28	29	30	26	31	29	28	29	30	28	26	26	27	31	30	30	30	28	26	30	28	29	28	29	31	27	28	30	31	29	31	27	30	27	28	27	30	28	31	31	28	30	27	27	31	29	29	28	30	26	28	30	27	27	28	28	31	27	26	30	28	30	30	28	29	29	29	30	27	31	30	29	28	26	27	27	29	30	30	29	26	31	31	28	30	30	31	26	30	28	30	27	31	27	29	29	29	30	30	31	28	27	26	29	31	30	29	31	27	30	28	27	26	28	27	27	29	30	30	28	27	31	27	28	30	31	31	26	27	30	31	30	29	26	26	27	29	29	26	30	31	29	28	29	30	26	31	27	28	27	29	27	31	30	26	27	30	31	29	26	31	28	27	29	31	27	29	30	27	30	27	30	30	30	26	31	26	28	30	26	31	26	26	29	31	26	30	26	30	30	27	27	31	31	27	28	27	
92	84	87	82	79	80	78	87	92	91	93	83	79	94	90	86	88	93	86	80	81	79	86	87	79	85	79	80	94	78	91	86	79	84	82	91	81	79	90	80	76	82	83	90	79	93	88	91	86	85	83	90	94	85	87	77	77	91	87	86	93	82	78	88	89	85	82	84	82	89	93	90	86	87	80	79	90	93	85	86	79	77	77	83	84	78	92	88	85	81	91	93	91	79	79	77	88	84	92	83	91	94	85	89	78	85	81	83	78	89	79	80	91	78	92	81	80	93	91	92	92	91	77	94	83	90	89	76	88	80	93	93	87	85	93	90	78	78	77	80	83	93	78	85	93	91	91	90	90	83	86	90	92	89	78	78	92	82	91	82	76	94	91	92	89	82	84	89	82	87	83	88	78	94	85	89	83	94	78	81	77	77	94	88	78	86	76	78	88	88	87	90	89	82	86	80	94	84	80	92	82	81	80	86	83	91	89	80	76	83	84	90	80	93	88	94	81	78	83	92	82	84	80	89	80	84	85	93	76	77	76	85	82	79	82	90	91	81	85	87	89	85	92	83	94	86	86	90	86	77	79	79	87	89	77	94	86	80	92	79	77	76	92	83	93	79	93	78	85	85	87	76	80	81	80	86	86	85	77	82	89	88	84	94	83	82	86	77	84	79	89	81	85	80	89	94	83	80	91	93	86	83	90	80	93	88	87	92	76	86	85	85	89	87	80	89	88	93	87	82	77	92	81	83	81	94	89	85	94	92	89	81	77	94	89	90	92	90	87	87	81	79	93	89	87	87	82	94	84	88	78	91	76	86	93	88	89	80	92	83	76	81	93	77	89	81	94	79	83	94	76	87	77	81	87	85	83	81	83	84	90	85	86	92	87	86	76	77	78	86	88	93	86	92	76	83	83	88	80	87	92	81	90	82	88	93	79	76	80	88	89	79	77	78	92	81	89	82	81	79	87	81	84	94	79	79	78	83	83	82	94	89	89	82	93	85	86	87	77	82	77	83	86	79	87	84	87	84	76	94	78	83	87	80	77	85	86	85	89	80	85	81	87	83	90	80	84	88	87	78	87	77	94	81	84	80	92	88	89	85	81	85	84	77	84	83	92	92	87	90	81	90	90	77	82	90	91	87	89	80	85	88	87	81	84	86	76	94	82	86	76	80	90	76	81	77	89	86	92	84	94	88	79	77	91	86	81	80	90	81	84	94	84	80	88	92	81	89	94	92	87	80	76	81	90	82	94	89	77	94	78	83	83	83	86	88	93	82	94	90	86	78	93	81	82	89	92	94	90	87	88	86	87	80	83	80	85	85	81	90	80	87	94	91	79	91	81	91	87	77	94	88	87	88	78	89	86	89	89	77	78	82	84	86	91	76	89	80	83	83	93	93	89	82	88	80	85	88	81	91	89	78	90	82	92	83	85	90	84	91	94	87	90	82	82	84	81	90	83	90	85	93	77	79	77	84	77	79	94	85	78	94	81	88	79	81	78	89	94	90	85	80	91	89	76	94	84	76	82	83	86	80	85	79	90	84	82	80	81	85	93	84	82	89	85	93	90	84	92	85	77	79	87	77	91	92	91	93	76	83	79	82	92	82	84	92	76	87	92	76	93	81	88	80	84	90	76	90	82	80	81	91	77	84	94	80	93	87	88	85	77	81	79	78	81	85	80	87	93	93	87	77	93	88	92	82	77	78	76	86	78	76	76	94	91	91	77	83	77	80	86	85	82	83	84	86	86	78	88	93	82	93	81	94	94	78	89	80	77	88	92	77	88	88	77	77	91	90	88	93	90	84	93	78	85	93	78	93	90	80	77	78	86	94	94	93	86	76	82	82	92	94	84	91	81	91	85	78	92	82	81	86	82	93	82	80	91	77	93	89	81	88	94	88	78	90	78	93	94	77	84	86	82	92	77	82	82	90	87	93	83	76	76	78	86	90	94	81	85	80	85	89	87	84	87	91	79	93	86	93	90	89	94	89	89	84	88	77	77	79	90	87	86	89	93	94	94	80	90	93	79	94	85	80	86	89	87	94	79	80	78	91	94	90	86	77	84	91	83	90	88	91	81	87	89	81	91	84	91	90	89	88	93	94	89	89	86	76	92	76	93	84	84	91	76	86	77	83	77	91	91	84	90	84	85	77	91	85	85	91	93	88	90	77	88	90	76	94	84	90	82	85	85	83	76	94	89	94	85	94	82	81	80	84	86	76	94	79	77	85	77	83	87	90	89	87	79	90	91	93	94	80	93	76	90	80	90	88	87	86	
12.1	29.7	12.1	24.2	33	29.7	11	11	29.7	11	25.3	26.4	11	20.9	14.3	29.7	22	29.7	17.6	20.9	30.8	12.1	16.5	23.1	14.3	29.7	17.6	17.6	19.8	16.5	33	17.6	30.8	24.2	13.2	25.3	17.6	23.1	26.4	15.4	18.7	23.1	23.1	12.1	16.5	11	22	20.9	12.1	14.3	20.9	28.6	27.5	25.3	25.3	25.3	18.7	12.1	23.1	23.1	12.1	14.3	33	17.6	27.5	18.7	15.4	31.9	15.4	33	14.3	16.5	15.4	17.6	33	33	11	16.5	26.4	29.7	15.4	29.7	18.7	23.1	27.5	24.2	26.4	20.9	29.7	14.3	22	30.8	20.9	22	16.5	28.6	13.2	14.3	15.4	33	19.8	23.1	29.7	12.1	11	27.5	20.9	12.1	12.1	29.7	25.3	31.9	24.2	33	14.3	30.8	14.3	24.2	17.6	31.9	27.5	27.5	25.3	26.4	31.9	20.9	31.9	24.2	20.9	16.5	20.9	20.9	29.7	25.3	15.4	23.1	30.8	24.2	14.3	31.9	14.3	28.6	22	18.7	11	25.3	23.1	28.6	11	12.1	23.1	29.7	17.6	15.4	11	12.1	29.7	26.4	22	19.8	28.6	30.8	33	18.7	14.3	11	31.9	28.6	15.4	17.6	18.7	15.4	20.9	29.7	23.1	33	11	27.5	24.2	31.9	28.6	17.6	26.4	29.7	14.3	14.3	22	14.3	23.1	31.9	19.8	29.7	20.9	31.9	24.2	26.4	20.9	15.4	16.5	17.6	29.7	23.1	19.8	18.7	14.3	29.7	18.7	30.8	15.4	24.2	29.7	19.8	16.5	26.4	26.4	26.4	23.1	25.3	29.7	12.1	11	15.4	20.9	19.8	26.4	14.3	12.1	31.9	11	23.1	17.6	12.1	33	30.8	12.1	14.3	28.6	23.1	26.4	22	23.1	14.3	23.1	23.1	18.7	17.6	16.5	22	24.2	26.4	17.6	30.8	24.2	16.5	29.7	26.4	33	11	19.8	13.2	22	24.2	31.9	27.5	23.1	23.1	30.8	12.1	25.3	20.9	18.7	16.5	20.9	31.9	25.3	33	16.5	24.2	14.3	28.6	26.4	33	17.6	19.8	19.8	18.7	26.4	27.5	16.5	28.6	26.4	12.1	23.1	16.5	15.4	31.9	28.6	26.4	27.5	33	27.5	17.6	16.5	22	27.5	20.9	18.7	26.4	18.7	17.6	14.3	25.3	33	28.6	22	28.6	23.1	15.4	13.2	22	16.5	13.2	29.7	12.1	27.5	20.9	33	28.6	20.9	33	24.2	11	29.7	13.2	33	17.6	14.3	22	11	16.5	14.3	13.2	18.7	29.7	17.6	13.2	16.5	24.2	28.6	19.8	30.8	26.4	30.8	14.3	23.1	27.5	22	17.6	29.7	29.7	14.3	23.1	12.1	20.9	15.4	16.5	11	22	11	17.6	29.7	31.9	20.9	11	12.1	11	22	11	24.2	25.3	26.4	25.3	15.4	16.5	30.8	17.6	33	28.6	25.3	31.9	26.4	14.3	23.1	13.2	19.8	30.8	24.2	29.7	22	14.3	19.8	12.1	31.9	29.7	33	14.3	16.5	30.8	29.7	13.2	13.2	26.4	13.2	17.6	20.9	33	14.3	26.4	17.6	14.3	20.9	31.9	29.7	26.4	20.9	17.6	27.5	30.8	18.7	17.6	28.6	25.3	23.1	30.8	23.1	26.4	23.1	28.6	17.6	13.2	13.2	29.7	27.5	28.6	31.9	28.6	19.8	29.7	26.4	24.2	24.2	30.8	20.9	27.5	13.2	26.4	25.3	16.5	17.6	25.3	13.2	11	16.5	16.5	25.3	11	18.7	25.3	30.8	25.3	13.2	15.4	25.3	19.8	17.6	17.6	33	31.9	29.7	13.2	27.5	13.2	30.8	13.2	31.9	17.6	14.3	15.4	22	29.7	31.9	19.8	11	15.4	26.4	23.1	23.1	27.5	28.6	19.8	13.2	26.4	31.9	20.9	33	24.2	19.8	15.4	19.8	11	25.3	30.8	15.4	18.7	12.1	26.4	11	23.1	14.3	27.5	24.2	31.9	28.6	28.6	22	12.1	19.8	20.9	20.9	12.1	31.9	25.3	17.6	28.6	11	12.1	19.8	16.5	26.4	16.5	27.5	16.5	30.8	25.3	22	16.5	15.4	26.4	23.1	27.5	26.4	16.5	17.6	15.4	23.1	11	25.3	29.7	33	33	28.6	18.7	13.2	27.5	18.7	16.5	28.6	12.1	25.3	24.2	27.5	20.9	24.2	12.1	13.2	22	13.2	27.5	14.3	15.4	24.2	20.9	22	22	25.3	14.3	16.5	16.5	13.2	23.1	26.4	33	11	17.6	24.2	27.5	26.4	27.5	12.1	22	30.8	25.3	16.5	15.4	19.8	23.1	13.2	12.1	29.7	27.5	14.3	29.7	28.6	31.9	17.6	19.8	20.9	17.6	15.4	31.9	15.4	13.2	27.5	26.4	25.3	33	23.1	16.5	15.4	16.5	15.4	12.1	24.2	16.5	25.3	16.5	13.2	18.7	23.1	13.2	33	23.1	19.8	17.6	13.2	18.7	25.3	17.6	11	26.4	28.6	19.8	15.4	29.7	22	17.6	19.8	24.2	29.7	25.3	15.4	23.1	27.5	11	17.6	24.2	13.2	26.4	18.7	22	27.5	31.9	19.8	16.5	15.4	24.2	24.2	29.7	26.4	31.9	11	17.6	16.5	14.3	31.9	26.4	12.1	15.4	12.1	25.3	16.5	20.9	11	19.8	19.8	16.5	33	31.9	19.8	27.5	15.4	25.3	27.5	20.9	24.2	23.1	20.9	14.3	19.8	17.6	29.7	26.4	30.8	11	30.8	12.1	26.4	13.2	12.1	28.6	17.6	19.8	22	24.2	30.8	12.1	15.4	30.8	33	13.2	26.4	28.6	13.2	12.1	18.7	11	13.2	11	26.4	11	31.9	19.8	19.8	14.3	30.8	18.7	13.2	33	11	15.4	13.2	27.5	20.9	18.7	30.8	11	22	29.7	25.3	27.5	18.7	15.4	25.3	19.8	13.2	23.1	24.2	16.5	29.7	15.4	16.5	30.8	24.2	25.3	11	12.1	19.8	13.2	23.1	19.8	31.9	19.8	17.6	16.5	13.2	31.9	31.9	11	33	24.2	28.6	16.5	31.9	27.5	30.8	22	25.3	30.8	20.9	16.5	28.6	16.5	28.6	27.5	33	25.3	19.8	25.3	18.7	33	33	12.1	18.7	31.9	14.3	15.4	28.6	27.5	24.2	11	26.4	30.8	12.1	14.3	22	16.5	17.6	31.9	30.8	11	18.7	17.6	12.1	25.3	24.2	26.4	31.9	33	25.3	29.7	28.6	27.5	30.8	20.9	14.3	28.6	27.5	25.3	16.5	27.5	14.3	15.4	18.7	13.2	20.9	31.9	29.7	18.7	19.8	31.9	16.5	19.8	14.3	17.6	31.9	24.2	20.9	31.9	14.3	18.7	28.6	16.5	25.3	17.6	33	27.5	11	15.4	17.6	30.8	14.3	19.8	26.4	20.9	19.8	31.9	14.3	20.9	12.1	27.5	18.7	13.2	33	26.4	18.7	20.9	25.3	18.7	22	20.9	17.6	29.7	28.6	23.1	24.2	18.7	15.4	23.1	26.4	17.6	20.9	15.4	11	19.8	23.1	26.4	16.5	20.9	29.7	17.6	11	29.7	15.4	25.3	27.5	33	22	33	16.5	27.5	16.5	31.9	27.5	15.4	19.8	22	23.1	27.5	31.9	16.5	14.3	17.6	29.7	16.5	25.3	31.9	15.4	31.9	11	15.4	12.1	31.9	30.8	16.5	28.6	15.4	13.2	15.4	18.7	23.1	18.7	17.6	33	29.7	23.1	33	30.8	24.2	16.5	14.3	16.5	30.8	33	20.9	29.7	17.6	26.4	24.2	18.7	33	12.1	18.7	23.1	13.2	14.3	18.7	33	28.6	29.7	22	23.1	15.4	25.3	17.6	24.2	12.1	13.2	23.1	20.9	12.1	
12.1	20.9	25.3	20.9	16.5	15.4	28.6	33	26.4	11	29.7	27.5	25.3	13.2	12.1	18.7	22	33	14.3	14.3	27.5	13.2	15.4	29.7	11	20.9	22	29.7	14.3	22	30.8	17.6	17.6	12.1	24.2	18.7	14.3	31.9	26.4	30.8	12.1	25.3	14.3	14.3	23.1	30.8	30.8	31.9	33	31.9	22	13.2	13.2	24.2	33	33	12.1	31.9	11	27.5	23.1	25.3	26.4	24.2	27.5	19.8	20.9	26.4	33	11	22	18.7	30.8	22	23.1	33	17.6	13.2	13.2	12.1	18.7	25.3	24.2	17.6	19.8	25.3	16.5	20.9	27.5	30.8	33	26.4	12.1	31.9	25.3	13.2	11	16.5	19.8	27.5	31.9	14.3	16.5	18.7	26.4	27.5	13.2	27.5	12.1	30.8	20.9	13.2	26.4	13.2	27.5	12.1	17.6	15.4	13.2	28.6	16.5	16.5	15.4	22	29.7	20.9	29.7	20.9	30.8	20.9	17.6	25.3	29.7	20.9	24.2	23.1	28.6	25.3	20.9	20.9	13.2	31.9	19.8	11	23.1	14.3	16.5	26.4	12.1	23.1	22	31.9	28.6	31.9	12.1	22	19.8	15.4	14.3	29.7	18.7	30.8	22	31.9	23.1	25.3	12.1	19.8	13.2	18.7	22	33	22	28.6	16.5	17.6	15.4	13.2	12.1	20.9	22	31.9	20.9	29.7	25.3	19.8	18.7	20.9	33	24.2	22	30.8	26.4	11	15.4	29.7	13.2	17.6	26.4	28.6	18.7	27.5	19.8	15.4	22	33	31.9	11	17.6	22	11	20.9	31.9	24.2	30.8	19.8	26.4	31.9	11	24.2	26.4	13.2	31.9	28.6	27.5	11	11	17.6	23.1	20.9	25.3	22	17.6	16.5	17.6	18.7	31.9	22	14.3	27.5	22	31.9	26.4	22	31.9	33	33	24.2	20.9	13.2	33	26.4	20.9	29.7	27.5	23.1	23.1	31.9	26.4	20.9	15.4	22	20.9	26.4	29.7	12.1	17.6	33	30.8	30.8	33	31.9	24.2	26.4	18.7	11	27.5	24.2	19.8	23.1	22	20.9	15.4	12.1	23.1	31.9	11	26.4	14.3	25.3	23.1	18.7	19.8	25.3	26.4	12.1	30.8	19.8	12.1	13.2	29.7	18.7	11	14.3	24.2	13.2	33	26.4	13.2	23.1	24.2	19.8	31.9	33	27.5	12.1	12.1	19.8	12.1	33	29.7	27.5	24.2	27.5	16.5	30.8	15.4	15.4	17.6	13.2	12.1	15.4	25.3	26.4	22	19.8	26.4	25.3	12.1	15.4	30.8	13.2	25.3	18.7	26.4	28.6	14.3	13.2	12.1	24.2	20.9	22	22	22	13.2	16.5	27.5	13.2	18.7	27.5	17.6	25.3	24.2	28.6	22	33	27.5	27.5	16.5	27.5	25.3	20.9	30.8	15.4	23.1	29.7	25.3	15.4	11	18.7	30.8	17.6	31.9	20.9	23.1	17.6	13.2	26.4	17.6	18.7	33	18.7	28.6	22	19.8	27.5	33	18.7	30.8	14.3	25.3	29.7	16.5	31.9	18.7	24.2	13.2	31.9	18.7	12.1	24.2	15.4	30.8	22	28.6	15.4	24.2	31.9	20.9	16.5	20.9	26.4	12.1	29.7	26.4	31.9	14.3	25.3	25.3	18.7	18.7	24.2	16.5	29.7	13.2	31.9	25.3	16.5	14.3	22	26.4	23.1	33	12.1	15.4	15.4	25.3	26.4	28.6	18.7	31.9	25.3	12.1	30.8	27.5	20.9	18.7	33	20.9	23.1	16.5	29.7	22	13.2	26.4	18.7	33	12.1	25.3	11	29.7	22	15.4	23.1	15.4	29.7	13.2	15.4	27.5	31.9	12.1	12.1	16.5	24.2	13.2	17.6	19.8	33	23.1	16.5	20.9	23.1	27.5	19.8	14.3	17.6	20.9	13.2	20.9	19.8	24.2	30.8	30.8	14.3	20.9	13.2	13.2	22	28.6	33	11	30.8	14.3	26.4	29.7	33	27.5	27.5	11	24.2	28.6	13.2	19.8	20.9	30.8	11	22	30.8	27.5	12.1	20.9	19.8	12.1	29.7	33	18.7	31.9	26.4	28.6	14.3	22	12.1	11	14.3	23.1	17.6	16.5	17.6	17.6	17.6	18.7	28.6	25.3	19.8	22	23.1	24.2	20.9	19.8	17.6	29.7	30.8	11	13.2	33	12.1	30.8	12.1	19.8	16.5	30.8	27.5	31.9	16.5	23.1	19.8	13.2	19.8	25.3	11	29.7	16.5	16.5	19.8	13.2	16.5	15.4	12.1	16.5	16.5	17.6	22	14.3	11	28.6	22	17.6	13.2	24.2	14.3	23.1	28.6	25.3	14.3	15.4	11	28.6	17.6	23.1	30.8	12.1	22	12.1	24.2	17.6	27.5	17.6	26.4	17.6	18.7	30.8	12.1	22	13.2	27.5	14.3	12.1	28.6	18.7	20.9	14.3	27.5	31.9	11	18.7	29.7	26.4	31.9	15.4	30.8	15.4	15.4	14.3	27.5	22	12.1	20.9	11	14.3	14.3	27.5	22	33	20.9	16.5	22	19.8	14.3	24.2	31.9	12.1	16.5	23.1	20.9	20.9	27.5	22	12.1	12.1	15.4	17.6	11	11	31.9	28.6	11	11	12.1	28.6	30.8	20.9	26.4	20.9	24.2	15.4	24.2	20.9	28.6	31.9	12.1	22	18.7	18.7	26.4	30.8	31.9	19.8	17.6	18.7	11	16.5	13.2	16.5	31.9	18.7	24.2	30.8	11	17.6	16.5	17.6	28.6	17.6	24.2	14.3	17.6	15.4	17.6	20.9	25.3	15.4	33	31.9	29.7	31.9	25.3	20.9	11	31.9	12.1	28.6	23.1	16.5	14.3	19.8	31.9	24.2	19.8	13.2	30.8	26.4	25.3	30.8	26.4	33	22	14.3	22	25.3	24.2	30.8	30.8	30.8	23.1	13.2	20.9	18.7	14.3	14.3	16.5	14.3	29.7	23.1	26.4	27.5	20.9	19.8	31.9	11	30.8	27.5	22	24.2	31.9	31.9	14.3	12.1	15.4	13.2	16.5	18.7	22	29.7	22	30.8	14.3	23.1	30.8	24.2	12.1	28.6	20.9	25.3	20.9	19.8	30.8	23.1	26.4	31.9	24.2	14.3	26.4	24.2	16.5	19.8	16.5	27.5	24.2	23.1	24.2	27.5	22	23.1	19.8	29.7	15.4	28.6	20.9	25.3	27.5	25.3	28.6	14.3	29.7	13.2	20.9	14.3	30.8	33	20.9	11	31.9	30.8	12.1	27.5	25.3	13.2	31.9	20.9	13.2	12.1	31.9	16.5	28.6	11	18.7	16.5	16.5	27.5	22	16.5	19.8	11	11	17.6	31.9	18.7	18.7	31.9	33	31.9	28.6	14.3	14.3	30.8	22	15.4	20.9	22	24.2	23.1	14.3	11	27.5	31.9	15.4	22	27.5	23.1	19.8	14.3	22	12.1	26.4	18.7	33	23.1	18.7	26.4	16.5	24.2	12.1	16.5	23.1	29.7	11	17.6	23.1	20.9	28.6	20.9	14.3	20.9	31.9	24.2	26.4	20.9	20.9	28.6	24.2	15.4	18.7	17.6	23.1	17.6	31.9	24.2	19.8	24.2	11	17.6	14.3	30.8	27.5	13.2	20.9	30.8	19.8	27.5	28.6	13.2	15.4	33	17.6	29.7	24.2	15.4	26.4	20.9	18.7	33	17.6	26.4	17.6	30.8	16.5	24.2	22	25.3	30.8	15.4	30.8	28.6	20.9	18.7	16.5	24.2	12.1	11	17.6	13.2	26.4	20.9	31.9	23.1	20.9	19.8	26.4	27.5	25.3	25.3	22	28.6	29.7	15.4	30.8	30.8	16.5	20.9	17.6	26.4	12.1	30.8	25.3	29.7	26.4	26.4	14.3	20.9	19.8	16.5	26.4	33	18.7	19.8	20.9	22	31.9	25.3	30.8	
26.4	23.1	24.2	20.9	11	15.4	19.8	14.3	18.7	28.6	27.5	11	24.2	17.6	24.2	12.1	13.2	33	25.3	26.4	19.8	23.1	18.7	31.9	19.8	24.2	20.9	13.2	24.2	17.6	
13	18	11	15	17	18	19	19	11	16	18	19	15	12	17	20	18	18	13	12	18	20	15	13	20	19	15	19	14	14	18	15	17	15	15	20	19	13	18	16	12	10	13	15	14	20	18	10	18	17	17	18	15	12	17	11	11	13	18	13	16	12	10	10	10	16	14	20	20	17	10	12	19	19	15	20	10	12	17	20	18	10	12	14	14	19	13	12	10	16	16	12	20	14	16	11	15	17	15	12	12	19	14	16	20	15	20	15	19	20	15	10	13	19	13	11	19	13	19	19	19	14	16	10	20	17	13	10	18	13	18	11	19	15	13	13	15	13	10	19	17	17	19	19	13	12	15	13	17	12	15	14	13	14	18	19	11	20	11	16	20	19	10	17	20	17	11	18	14	10	20	11	13	12	18	14	19	16	13	14	13	13	19	13	14	12	12	14	19	14	20	20	16	19	18	11	13	12	12	15	17	20	14	15	12	18	12	20	20	18	11	10	19	18	20	14	16	12	17	10	18	19	15	14	17	20	11	10	14	20	10	14	16	16	12	14	12	10	17	17	11	13	14	18	12	10	12	19	20	16	16	14	11	11	16	18	17	10	11	15	15	18	12	18	10	12	19	16	18	19	14	13	17	17	14	16	12	19	18	20	13	17	20	13	20	19	14	10	11	15	18	12	17	20	17	10	20	14	11	18	11	12	12	17	20	18	13	20	14	13	15	14	12	20	19	12	16	18	14	16	13	16	13	20	20	14	20	19	16	16	17	18	10	10	15	18	17	12	15	18	16	16	10	10	20	15	14	16	18	17	14	18	13	10	19	19	15	14	19	13	18	19	20	15	20	18	13	14	16	10	11	14	15	15	18	15	20	18	18	15	10	18	14	19	10	16	11	14	18	13	17	13	10	14	13	10	11	11	14	16	13	19	14	17	16	19	17	18	13	14	12	12	19	17	10	10	18	17	11	14	17	14	18	12	15	19	15	20	18	18	16	14	14	13	13	18	16	14	10	20	20	18	12	16	14	17	10	14	17	15	18	13	19	19	20	13	15	11	19	16	14	13	20	10	18	18	19	14	15	17	20	18	16	18	10	20	13	14	14	18	19	14	16	10	20	19	11	10	10	16	18	17	20	19	19	16	16	13	12	13	11	16	11	19	11	14	17	10	16	19	16	15	13	17	16	12	18	20	16	19	19	12	17	16	15	18	17	16	14	11	17	18	17	10	19	16	20	15	11	20	19	16	16	17	11	15	14	19	18	10	14	10	20	13	14	16	11	17	18	19	19	10	10	11	14	20	11	12	14	16	18	16	11	10	17	13	17	17	10	12	20	16	16	15	16	16	11	12	18	15	16	15	14	13	20	13	17	12	14	15	10	17	20	20	15	11	20	20	19	16	10	10	17	19	10	15	17	10	16	15	12	20	17	12	19	11	17	13	14	20	11	17	11	16	20	18	20	16	19	15	20	17	11	18	18	14	11	10	14	18	11	11	11	14	14	14	11	16	12	15	10	16	18	10	19	13	16	16	14	19	17	14	10	10	17	13	12	15	14	18	16	17	20	18	13	19	17	18	17	19	16	14	12	10	13	16	10	17	18	13	13	18	20	15	12	16	11	17	12	11	18	10	13	17	12	14	13	16	18	16	14	12	16	15	16	14	13	18	16	10	15	17	11	10	11	19	17	19	15	10	14	19	11	14	11	13	15	15	10	10	20	10	16	18	15	13	16	12	20	15	11	15	10	19	18	15	11	14	14	12	17	18	20	14	20	20	18	11	13	17	17	13	18	15	10	12	10	10	13	13	13	17	17	17	14	10	18	12	18	19	19	17	15	20	15	19	10	19	12	19	14	20	11	20	14	18	11	19	13	18	17	17	11	14	13	12	17	15	18	20	16	12	11	14	20	11	15	20	14	11	18	20	18	18	19	12	20	10	13	10	14	16	10	15	17	11	16	11	18	14	15	16	18	18	13	14	14	13	16	17	15	15	14	14	19	10	18	12	15	19	13	19	17	13	19	12	17	16	15	17	10	18	13	18	16	11	17	19	12	20	18	10	11	15	10	16	20	11	20	10	11	19	20	16	12	13	10	11	11	15	13	12	18	10	10	10	20	10	18	15	16	15	10	13	13	17	15	18	16	19	14	16	11	10	10	15	11	14	11	14	11	12	13	13	17	17	15	11	11	16	17	19	19	20	16	11	15	10	11	17	17	19	18	18	20	16	15	15	10	11	10	10	15	18	10	11	15	11	11	14	20	20	19	18	14	17	20	15	14	15	
1	1	1	1	1	1	1	1	1	1	1	1	1	1	1	1	1	1	1	1	1	1	1	1	1	1	1	1	1	1	1	1	1	1	1	1	1	2	2	2	2	2	2	2	2	2	2	2	2	2	2	2	2	2	2	2	2	2	2	2	3	3	3	3	3	3	3	3	3	3	3	3	3	3	3	3	3	3	3	3	3	3	3	3	3	3	3	3	3	3	3	3	3	3	3	3	3	3	3	4	4	4	4	4	4	4	4	4	4	4	4	4	4	4	4	4	4	4	4	4	4	4	4	4	4	4	4	4	4	5	5	5	5	5	5	5	5	5	5	5	5	5	5	5	5	5	5	5	5	5	5	5	5	5	5	5	6	6	6	6	6	6	6	6	6	6	6	6	6	6	6	6	6	6	6	6	6	6	6	6	6	6	6	6	6	6	6	6	6	6	6	6	6	6	6	6	6	7	7	7	7	7	7	7	7	7	7	7	7	7	7	7	7	7	7	7	7	7	7	7	7	7	7	8	8	8	8	8	8	8	8	8	8	8	8	8	8	8	8	8	8	8	8	8	8	8	8	8	8	8	8	8	9	9	9	9	9	9	9	9	9	9	9	9	9	9	9	9	9	9	9	9	9	9	9	9	9	9	9	9	9	9	9	9	9	9	9	9	9	10	10	10	10	10	10	10	10	10	10	10	10	10	10	10	10	10	10	10	10	10	10	10	10	10	10	10	10	10	10	10	10	10	10	10	10	10	10	10	10	10	10	10	10	10	11	11	11	11	11	11	11	11	11	11	11	11	11	11	11	11	11	11	11	11	11	11	11	11	11	11	11	11	11	11	11	11	12	12	12	12	12	12	12	12	12	12	12	12	12	12	12	12	12	12	12	12	12	12	12	12	12	12	12	12	12	12	12	12	13	13	13	13	13	13	13	13	13	13	13	13	13	13	13	13	13	13	13	13	13	13	13	13	13	13	13	13	13	13	13	13	13	13	13	13	14	14	14	14	14	14	14	14	14	14	14	14	14	14	14	14	14	14	14	14	14	14	14	14	14	14	15	15	15	15	15	15	15	15	15	15	15	15	15	15	15	15	15	15	15	15	15	15	15	15	15	15	15	15	15	15	15	15	15	15	15	15	15	15	15	15	15	15	16	16	16	16	16	16	16	16	16	16	16	16	16	16	16	16	16	16	16	16	16	16	16	16	16	16	16	16	16	16	16	16	16	16	16	16	16	16	17	17	17	17	17	17	17	17	17	17	17	17	17	17	17	17	17	17	17	17	17	17	17	17	17	17	17	17	17	17	17	18	18	18	18	18	18	18	18	18	18	18	18	18	18	18	18	18	18	18	18	18	18	18	18	18	18	18	18	18	18	18	18	19	19	19	19	19	19	19	19	19	19	19	19	19	19	19	19	19	19	19	19	19	19	19	19	19	19	19	19	19	20	20	20	20	20	20	20	20	20	20	20	20	20	20	20	20	20	20	20	20	20	20	20	20	20	20	20	20	20	20	20	20	20	20	20	20	21	21	21	21	21	21	21	21	21	21	21	21	21	21	21	21	21	21	21	21	21	21	21	21	21	21	21	21	21	21	21	21	21	21	22	22	22	22	22	22	22	22	22	22	22	22	22	22	22	22	22	22	22	22	22	22	22	22	22	22	22	22	22	22	22	22	23	23	23	23	23	23	23	23	23	23	23	23	23	23	23	23	23	23	23	23	23	23	23	23	23	23	23	23	23	23	23	23	23	23	23	24	24	24	24	24	24	24	24	24	24	24	24	24	24	24	24	24	24	24	24	24	24	24	24	24	24	24	24	24	24	24	24	24	24	24	25	25	25	25	25	25	25	25	25	25	25	25	25	25	25	25	25	25	25	25	25	25	25	25	25	25	25	26	26	26	26	26	26	26	26	26	26	26	26	26	26	26	26	26	26	26	26	26	26	26	26	26	26	26	26	26	26	26	26	27	27	27	27	27	27	27	27	27	27	27	27	27	27	27	27	27	27	27	27	27	27	27	27	27	27	27	27	27	27	28	28	28	28	28	28	28	28	28	28	28	28	28	28	28	28	28	28	28	28	28	28	28	28	28	28	28	28	28	28	28	29	29	29	29	29	29	29	29	29	29	29	29	29	29	29	29	29	29	29	29	29	29	29	29	29	29	29	29	29	29	29	29	29	29	29	29	29	29	29	30	30	30	30	30	30	30	30	30	30	30	30	30	30	30	30	30	30	30	30	30	30	30	30	30	30	30	30	30	30	30	30	30	30	30	30	30	
