1000
15	4
1018	23.1
31	26	29	28	28	29	29	28	27	26	30	27	28	27	29	30	31	28	26	28	29	28	27	28	30	26	31	30	30	31	30	30	26	27	28	28	29	30	31	26	30	30	26	28	29	28	31	31	29	26	29	31	29	28	31	27	30	26	27	29	28	28	31	27	28	27	31	27	26	28	26	28	26	29	29	31	31	27	27	31	28	29	26	28	28	31	29	31	29	30	26	28	31	31	28	28	26	28	31	26	31	26	28	26	26	26	29	29	27	29	30	30	29	26	26	31	27	28	29	26	26	27	28	30	31	31	31	28	31	31	26	27	29	29	30	29	31	27	27	29	30	31	28	31	30	29	28	28	27	28	31	28	27	26	30	26	30	29	30	27	30	26	26	30	28	26	27	31	28	26	27	31	30	31	26	29	30	31	31	30	29	27	27	28	26	31	31	28	28	27	30	29	26	29	29	29	26	28	31	28	31	31	28	29	26	30	26	26	27	31	29	27	27	29	28	29	31	29	29	26	28	30	29	28	28	30	27	27	27	30	31	29	29	27	26	26	28	31	26	30	27	27	30	27	30	31	26	30	29	28	28	31	26	29	29	27	26	28	28	26	29	27	27	26	28	26	28	30	28	28	28	26	29	27	26	31	29	29	26	29	30	29	27	31	28	27	29	30	26	31	29	30	29	27	26	30	27	27	30	27	30	31	30	30	29	31	27	27	31	31	29	30	30	29	27	29	30	26	31	30	26	28	26	26	29	27	31	27	28	26	31	30	31	26	27	27	28	31	26	30	29	27	29	29	30	26	31	27	30	30	30	27	26	30	27	30	29	29	26	29	30	29	27	30	31	28	27	27	28	29	29	29	26	26	31	29	31	26	31	31	30	31	29	29	29	28	26	30	26	29	27	31	29	30	26	27	27	27	30	29	26	30	29	30	30	27	28	27	30	30	30	28	30	27	30	27	29	26	28	28	26	26	31	31	30	28	26	26	27	26	27	29	30	27	30	27	28	26	30	30	30	27	27	31	27	29	26	30	29	31	26	29	29	31	26	31	26	30	27	26	31	30	28	29	27	27	27	26	29	27	28	31	28	31	31	27	29	30	28	28	28	31	26	27	27	31	26	28	28	27	27	30	27	30	31	31	27	30	26	28	27	27	31	30	28	28	27	28	28	28	29	29	26	30	27	28	26	28	29	27	28	31	26	26	30	30	31	28	31	31	29	31	29	27	28	29	28	30	31	29	27	31	28	28	26	27	28	26	26	30	30	26	26	29	26	28	30	29	28	29	29	27	28	26	26	29	26	28	26	30	31	29	31	29	31	28	27	31	28	28	31	31	29	27	26	28	27	31	29	30	31	28	27	30	29	26	30	28	27	31	31	26	27	28	30	29	30	30	27	30	31	30	30	30	29	28	29	27	29	26	30	27	30	27	31	26	26	29	28	27	29	31	31	31	28	29	28	27	31	28	31	30	28	27	28	30	27	27	27	26	26	26	30	26	28	28	26	31	30	30	26	29	28	31	31	30	31	26	28	26	27	26	30	27	27	28	28	31	31	31	30	30	28	26	30	28	28	28	27	30	29	31	31	26	31	30	29	30	26	27	31	26	27	27	30	30	31	31	27	27	31	26	28	27	31	27	30	31	31	30	29	31	31	30	26	27	29	29	31	29	30	28	26	30	30	31	29	31	30	27	26	29	26	31	31	29	30	31	29	29	29	31	30	27	29	31	30	28	30	28	29	28	30	27	29	27	29	30	28	28	29	28	27	30	30	27	28	26	31	31	30	30	30	29	26	31	28	26	27	30	26	29	29	26	26	28	26	31	29	27	30	28	29	31	30	26	29	26	29	26	29	31	29	28	26	28	29	28	26	29	27	27	27	29	30	31	28	26	28	31	27	26	30	30	27	31	27	31	31	28	28	30	28	26	27	29	26	28	30	27	29	31	30	31	30	26	31	26	28	28	28	29	27	26	26	27	29	29	30	30	26	29	27	29	29	29	27	30	31	26	29	28	26	30	26	26	29	30	31	30	30	31	31	28	26	26	27	31	28	26	28	30	31	28	29	29	26	26	28	27	31	30	31	27	29	27	30	26	30	31	31	30	27	30	30	29	29	27	29	27	31	28	26	27	31	30	31	26	29	31	28	31	30	27	31	26	29	26	29	26	27	31	29	27	30	26	27	30	30	31	30	30	26	26	31	28	31	28	29	30	30	27	28	28	27	29	30	28	29	27	30	31	30	30	27	31	26	30	28	31	28	30	31	28	28	27	28	28	26	31	
79	84	85	94	78	77	77	91	76	82	84	77	84	80	76	79	84	93	91	92	88	79	94	87	81	83	93	89	91	89	77	78	92	89	81	90	86	89	93	92	77	83	77	89	82	82	94	86	80	86	80	86	87	79	94	78	85	80	86	86	80	81	85	77	84	84	86	79	85	87	85	88	93	78	79	91	94	92	85	78	91	89	92	77	89	77	86	89	79	87	76	77	91	79	84	89	77	88	81	87	85	78	88	94	83	82	81	84	81	90	87	77	94	76	88	83	86	79	78	90	82	93	78	78	83	79	76	78	79	83	92	92	86	79	80	77	85	83	77	78	79	86	80	83	78	94	81	86	83	77	76	92	84	87	94	82	84	86	94	87	84	80	91	93	80	81	85	91	83	85	89	80	81	85	80	78	85	79	81	88	84	79	84	92	86	93	86	88	85	89	92	89	86	78	86	79	83	94	80	83	80	93	86	83	87	79	86	91	90	87	89	81	93	89	76	93	83	86	78	85	80	86	94	84	91	79	79	87	94	78	78	82	86	76	79	85	87	81	91	78	85	84	92	82	77	84	93	85	93	93	89	92	90	92	91	87	84	81	81	93	78	91	84	94	94	79	76	76	92	92	85	81	93	87	92	77	80	90	77	85	90	85	94	76	79	83	81	81	91	76	84	86	85	87	80	77	84	88	90	79	79	85	93	79	90	85	82	86	85	80	89	76	93	85	92	84	87	92	94	86	88	92	91	83	92	76	90	79	88	79	92	85	76	86	92	93	80	85	86	91	92	91	85	80	92	82	90	92	83	83	76	86	90	83	80	87	87	81	76	77	87	88	88	83	78	80	86	92	85	89	88	91	85	81	90	82	82	91	88	80	90	89	84	90	93	91	79	76	89	94	76	84	84	84	85	91	84	85	86	85	83	76	83	76	85	76	90	79	76	88	93	91	79	81	92	80	76	91	80	77	92	79	77	78	77	84	85	79	81	76	93	82	93	80	94	91	76	84	90	80	76	93	78	79	85	89	82	80	79	81	83	82	85	88	91	82	77	94	87	91	79	91	92	79	88	84	83	77	91	82	84	88	92	80	85	80	86	91	89	79	90	81	78	79	86	87	86	87	94	88	94	88	92	82	92	90	83	80	92	93	85	93	81	90	87	81	77	77	88	83	88	79	82	83	91	90	79	84	78	80	82	92	80	82	81	81	89	91	81	78	91	80	89	78	78	76	80	82	90	79	76	93	91	87	89	89	89	81	84	76	83	86	90	91	83	84	80	79	94	82	83	89	89	89	79	87	76	92	81	84	89	94	81	87	84	88	89	77	92	91	78	86	90	82	88	88	84	80	80	84	82	76	87	83	84	77	91	88	77	82	90	87	79	87	88	77	78	84	94	93	85	82	93	86	87	92	89	90	89	81	91	84	84	84	81	87	85	92	86	84	90	81	91	88	85	79	80	83	79	76	86	94	76	78	84	90	85	94	87	93	90	88	92	78	88	84	81	91	92	82	93	85	85	94	84	87	78	94	90	84	90	86	77	90	86	93	85	76	86	82	80	82	85	90	94	76	82	94	93	87	94	84	85	86	92	79	93	84	82	91	91	87	88	82	91	84	78	88	83	81	94	86	87	93	78	88	85	91	86	85	88	85	84	76	94	94	79	78	90	94	87	91	84	82	83	81	81	84	88	84	93	79	81	83	81	86	82	87	91	88	88	91	86	93	89	84	87	86	87	88	94	93	84	76	88	90	86	91	88	79	85	79	85	83	94	94	90	85	84	78	87	85	87	93	77	76	85	78	81	78	79	90	80	89	88	89	90	82	79	93	84	81	94	87	77	76	92	87	91	85	77	87	76	76	86	85	83	76	80	88	88	82	80	86	85	89	84	90	84	88	93	84	86	80	85	85	82	83	81	78	83	94	83	78	94	81	92	83	78	79	89	79	85	82	81	87	87	76	77	84	86	83	89	85	88	91	85	77	92	84	90	87	80	84	84	88	78	84	84	84	92	76	92	81	76	80	86	88	79	78	80	77	76	78	92	90	78	93	77	93	94	86	79	80	80	78	89	76	83	87	77	84	88	86	78	80	80	86	94	78	79	80	76	83	79	80	86	85	81	91	86	83	81	93	87	78	92	91	90	84	82	83	86	84	76	94	92	81	88	82	93	87	89	85	92	91	84	88	77	94	82	80	84	92	78	88	92	87	76	78	89	92	83	87	83	82	85	79	94	78	91	85	80	80	94	85	82	92	77	76	81	77	83	88	85	87	81	77	81	87	
17.6	16.5	25.3	15.4	33	19.8	19.8	30.8	28.6	13.2	28.6	11	27.5	29.7	20.9	20.9	26.4	29.7	16.5	27.5	27.5	14.3	18.7	26.4	26.4	23.1	16.5	20.9	33	24.2	22	11	29.7	31.9	27.5	28.6	16.5	24.2	17.6	14.3	31.9	12.1	12.1	24.2	14.3	30.8	16.5	27.5	17.6	11	20.9	17.6	12.1	11	22	18.7	29.7	24.2	20.9	26.4	25.3	28.6	16.5	19.8	15.4	30.8	29.7	19.8	31.9	24.2	30.8	27.5	29.7	15.4	33	20.9	16.5	22	25.3	12.1	17.6	24.2	27.5	25.3	22	18.7	18.7	19.8	24.2	14.3	11	31.9	23.1	23.1	24.2	25.3	13.2	26.4	31.9	14.3	26.4	20.9	18.7	16.5	31.9	19.8	18.7	31.9	27.5	17.6	24.2	28.6	11	13.2	17.6	22	33	18.7	20.9	26.4	23.1	25.3	14.3	14.3	26.4	27.5	29.7	28.6	31.9	13.2	31.9	13.2	11	30.8	12.1	20.9	31.9	13.2	19.8	22	17.6	19.8	22	28.6	24.2	14.3	16.5	27.5	14.3	17.6	26.4	30.8	12.1	18.7	30.8	24.2	23.1	14.3	29.7	28.6	22	16.5	33	31.9	19.8	29.7	13.2	27.5	17.6	16.5	11	24.2	16.5	20.9	14.3	15.4	29.7	26.4	19.8	26.4	22	12.1	11	24.2	14.3	30.8	20.9	19.8	11	26.4	33	20.9	17.6	14.3	11	28.6	27.5	19.8	33	20.9	18.7	27.5	33	19.8	24.2	22	12.1	25.3	12.1	24.2	17.6	24.2	28.6	22	16.5	13.2	11	13.2	26.4	18.7	13.2	24.2	22	16.5	29.7	22	27.5	11	28.6	15.4	26.4	13.2	17.6	17.6	12.1	33	33	11	26.4	24.2	27.5	17.6	15.4	23.1	15.4	23.1	26.4	14.3	11	22	17.6	33	24.2	13.2	26.4	22	24.2	14.3	18.7	33	16.5	15.4	13.2	24.2	16.5	29.7	20.9	11	12.1	29.7	13.2	16.5	24.2	25.3	28.6	11	18.7	30.8	23.1	12.1	17.6	30.8	33	17.6	14.3	24.2	25.3	18.7	24.2	27.5	25.3	19.8	11	25.3	16.5	11	28.6	26.4	24.2	29.7	30.8	15.4	17.6	33	18.7	22	27.5	33	31.9	30.8	15.4	29.7	17.6	12.1	16.5	29.7	16.5	28.6	15.4	18.7	28.6	33	15.4	25.3	22	18.7	11	33	12.1	11	26.4	30.8	22	24.2	11	23.1	18.7	33	27.5	14.3	31.9	20.9	20.9	23.1	18.7	15.4	26.4	13.2	20.9	15.4	12.1	13.2	22	23.1	22	11	15.4	15.4	25.3	15.4	30.8	24.2	16.5	23.1	33	31.9	26.4	18.7	26.4	26.4	24.2	23.1	25.3	13.2	17.6	11	19.8	11	23.1	16.5	15.4	26.4	11	11	24.2	15.4	31.9	11	25.3	15.4	27.5	26.4	17.6	28.6	26.4	28.6	13.2	12.1	19.8	16.5	13.2	19.8	23.1	31.9	13.2	12.1	22	26.4	24.2	18.7	27.5	16.5	19.8	33	19.8	29.7	31.9	11	29.7	18.7	12.1	33	13.2	28.6	19.8	30.8	22	20.9	31.9	13.2	12.1	15.4	20.9	22	12.1	17.6	30.8	30.8	24.2	28.6	26.4	31.9	20.9	16.5	30.8	33	11	30.8	15.4	15.4	28.6	23.1	23.1	33	13.2	31.9	22	31.9	25.3	25.3	20.9	22	26.4	19.8	16.5	16.5	18.7	31.9	27.5	30.8	25.3	31.9	24.2	31.9	22	12.1	24.2	27.5	17.6	12.1	11	20.9	29.7	12.1	31.9	15.4	30.8	24.2	11	20.9	27.5	30.8	17.6	33	29.7	17.6	33	12.1	16.5	25.3	20.9	16.5	13.2	30.8	22	29.7	26.4	13.2	18.7	24.2	24.2	15.4	27.5	20.9	33	30.8	18.7	28.6	26.4	17.6	30.8	25.3	23.1	29.7	31.9	18.7	28.6	14.3	25.3	27.5	19.8	22	17.6	26.4	31.9	22	14.3	15.4	15.4	33	24.2	11	24.2	12.1	30.8	18.7	33	25.3	11	30.8	27.5	30.8	26.4	24.2	12.1	19.8	26.4	29.7	15.4	31.9	12.1	24.2	22	19.8	15.4	23.1	29.7	29.7	16.5	14.3	15.4	27.5	13.2	13.2	14.3	29.7	18.7	23.1	18.7	14.3	16.5	14.3	18.7	27.5	15.4	16.5	16.5	26.4	31.9	18.7	11	11	29.7	15.4	18.7	13.2	31.9	25.3	24.2	24.2	17.6	33	23.1	18.7	11	33	22	23.1	16.5	15.4	31.9	29.7	12.1	30.8	17.6	18.7	19.8	15.4	23.1	28.6	29.7	22	11	30.8	15.4	27.5	15.4	13.2	20.9	19.8	15.4	29.7	29.7	26.4	26.4	20.9	13.2	26.4	28.6	26.4	13.2	33	19.8	24.2	15.4	11	17.6	23.1	18.7	31.9	11	25.3	13.2	15.4	33	30.8	13.2	30.8	27.5	24.2	12.1	22	19.8	18.7	11	31.9	30.8	15.4	17.6	13.2	11	15.4	24.2	20.9	18.7	17.6	14.3	15.4	14.3	17.6	24.2	19.8	15.4	31.9	31.9	24.2	12.1	25.3	27.5	11	20.9	25.3	16.5	20.9	25.3	27.5	22	20.9	26.4	14.3	31.9	18.7	33	16.5	22	27.5	17.6	27.5	20.9	17.6	25.3	22	20.9	29.7	29.7	22	33	20.9	14.3	13.2	18.7	19.8	17.6	23.1	11	14.3	12.1	25.3	31.9	14.3	26.4	12.1	30.8	19.8	29.7	13.2	23.1	22	30.8	19.8	15.4	18.7	14.3	22	19.8	12.1	16.5	18.7	17.6	33	14.3	31.9	30.8	16.5	28.6	17.6	28.6	25.3	18.7	14.3	28.6	13.2	16.5	12.1	23.1	11	33	25.3	30.8	12.1	24.2	27.5	14.3	18.7	30.8	12.1	29.7	11	17.6	29.7	25.3	12.1	15.4	29.7	26.4	16.5	19.8	24.2	31.9	15.4	16.5	11	30.8	19.8	13.2	15.4	12.1	19.8	25.3	19.8	12.1	16.5	29.7	28.6	29.7	17.6	14.3	19.8	31.9	16.5	19.8	17.6	15.4	18.7	20.9	18.7	19.8	15.4	22	28.6	15.4	17.6	11	11	12.1	12.1	11	19.8	23.1	14.3	18.7	30.8	11	24.2	23.1	15.4	24.2	19.8	25.3	22	14.3	24.2	19.8	33	25.3	13.2	33	12.1	14.3	27.5	33	20.9	11	18.7	25.3	23.1	30.8	22	12.1	29.7	28.6	16.5	25.3	28.6	15.4	22	20.9	18.7	13.2	23.1	12.1	18.7	12.1	25.3	13.2	11	29.7	19.8	13.2	22	22	14.3	33	33	11	25.3	25.3	28.6	19.8	30.8	28.6	33	31.9	13.2	20.9	33	23.1	25.3	33	22	13.2	29.7	16.5	14.3	31.9	33	30.8	28.6	15.4	13.2	22	14.3	22	19.8	31.9	12.1	23.1	12.1	30.8	11	31.9	12.1	31.9	19.8	29.7	17.6	31.9	18.7	14.3	26.4	12.1	26.4	26.4	19.8	17.6	13.2	19.8	23.1	15.4	22	14.3	17.6	15.4	27.5	20.9	16.5	18.7	30.8	19.8	22	14.3	13.2	16.5	14.3	19.8	28.6	17.6	22	13.2	31.9	22	15.4	22	19.8	17.6	20.9	23.1	24.2	28.6	16.5	14.3	26.4	22	18.7	25.3	28.6	18.7	26.4	25.3	28.6	13.2	33	22	24.2	14.3	31.9	14.3	15.4	17.6	30.8	23.1	29.7	11	19.8	27.5	13.2	33	27.5	12.1	14.3	
18.7	23.1	17.6	12.1	19.8	14.3	29.7	29.7	15.4	31.9	29.7	15.4	12.1	25.3	28.6	25.3	15.4	17.6	12.1	12.1	17.6	17.6	17.6	24.2	15.4	22	23.1	27.5	31.9	26.4	13.2	13.2	26.4	12.1	25.3	23.1	28.6	11	27.5	19.8	26.4	24.2	16.5	15.4	24.2	15.4	17.6	16.5	12.1	11	15.4	15.4	12.1	13.2	16.5	33	15.4	11	22	19.8	11	22	25.3	18.7	18.7	12.1	14.3	14.3	19.8	24.2	24.2	31.9	16.5	29.7	26.4	13.2	19.8	18.7	22	11	33	20.9	31.9	15.4	30.8	17.6	11	12.1	14.3	12.1	25.3	12.1	25.3	17.6	14.3	12.1	22	15.4	22	17.6	11	28.6	22	13.2	26.4	24.2	12.1	16.5	16.5	16.5	30.8	30.8	28.6	17.6	11	27.5	24.2	27.5	31.9	14.3	13.2	15.4	28.6	12.1	13.2	30.8	29.7	23.1	16.5	27.5	26.4	22	28.6	14.3	25.3	16.5	16.5	25.3	24.2	18.7	23.1	18.7	14.3	28.6	31.9	24.2	25.3	19.8	23.1	12.1	29.7	26.4	19.8	24.2	25.3	17.6	13.2	27.5	16.5	16.5	33	30.8	14.3	11	18.7	23.1	16.5	26.4	23.1	28.6	11	19.8	22	17.6	17.6	28.6	13.2	20.9	16.5	16.5	31.9	19.8	19.8	18.7	18.7	11	29.7	24.2	33	14.3	33	28.6	13.2	18.7	22	14.3	25.3	29.7	22	11	15.4	22	19.8	30.8	26.4	26.4	30.8	27.5	13.2	24.2	25.3	33	15.4	22	18.7	24.2	27.5	23.1	14.3	25.3	31.9	13.2	11	11	19.8	19.8	28.6	33	22	27.5	11	27.5	24.2	16.5	26.4	26.4	14.3	16.5	18.7	14.3	28.6	25.3	12.1	31.9	29.7	13.2	28.6	16.5	33	16.5	25.3	19.8	19.8	11	16.5	25.3	27.5	20.9	13.2	24.2	12.1	19.8	11	27.5	27.5	14.3	23.1	14.3	16.5	18.7	17.6	20.9	16.5	31.9	22	15.4	15.4	33	33	20.9	23.1	16.5	14.3	30.8	31.9	20.9	27.5	19.8	30.8	19.8	31.9	13.2	15.4	30.8	15.4	15.4	14.3	33	20.9	27.5	14.3	19.8	13.2	23.1	29.7	20.9	33	24.2	14.3	33	20.9	11	23.1	20.9	27.5	17.6	33	16.5	17.6	11	12.1	25.3	33	25.3	19.8	15.4	19.8	25.3	20.9	24.2	28.6	30.8	31.9	20.9	11	24.2	23.1	11	33	30.8	13.2	33	33	18.7	25.3	17.6	16.5	31.9	14.3	31.9	33	23.1	29.7	30.8	17.6	28.6	19.8	28.6	24.2	11	18.7	14.3	12.1	30.8	20.9	22	24.2	24.2	26.4	23.1	30.8	12.1	22	33	18.7	29.7	14.3	25.3	18.7	22	17.6	22	20.9	26.4	15.4	25.3	26.4	14.3	24.2	18.7	20.9	23.1	20.9	19.8	22	20.9	26.4	28.6	29.7	24.2	30.8	20.9	29.7	18.7	33	19.8	11	33	19.8	30.8	28.6	18.7	30.8	13.2	23.1	19.8	16.5	25.3	18.7	16.5	29.7	26.4	11	29.7	13.2	33	31.9	20.9	30.8	22	29.7	27.5	18.7	33	15.4	12.1	27.5	20.9	26.4	16.5	15.4	18.7	29.7	20.9	17.6	23.1	23.1	14.3	14.3	33	24.2	11	31.9	30.8	27.5	26.4	25.3	18.7	16.5	19.8	30.8	23.1	12.1	11	18.7	26.4	16.5	22	15.4	33	28.6	26.4	15.4	26.4	26.4	16.5	28.6	19.8	27.5	17.6	23.1	27.5	31.9	23.1	22	26.4	23.1	31.9	18.7	11	15.4	14.3	22	24.2	26.4	18.7	15.4	18.7	31.9	12.1	14.3	22	19.8	23.1	26.4	29.7	31.9	28.6	24.2	27.5	26.4	14.3	20.9	12.1	18.7	28.6	29.7	33	25.3	23.1	11	23.1	29.7	31.9	13.2	27.5	17.6	17.6	20.9	11	25.3	31.9	12.1	23.1	22	14.3	25.3	22	33	31.9	16.5	13.2	29.7	33	11	27.5	28.6	13.2	27.5	31.9	33	23.1	31.9	18.7	25.3	19.8	19.8	30.8	26.4	31.9	14.3	27.5	27.5	26.4	18.7	16.5	31.9	23.1	31.9	26.4	13.2	26.4	11	17.6	12.1	29.7	29.7	28.6	14.3	24.2	15.4	11	30.8	11	26.4	33	33	16.5	25.3	33	12.1	18.7	19.8	19.8	33	14.3	24.2	25.3	28.6	30.8	24.2	30.8	13.2	27.5	13.2	25.3	16.5	28.6	28.6	26.4	20.9	14.3	24.2	11	13.2	19.8	28.6	20.9	23.1	29.7	12.1	27.5	30.8	25.3	13.2	23.1	20.9	11	17.6	18.7	15.4	30.8	14.3	28.6	28.6	25.3	31.9	27.5	14.3	29.7	30.8	14.3	24.2	33	27.5	15.4	29.7	23.1	14.3	25.3	22	19.8	17.6	12.1	23.1	29.7	12.1	13.2	14.3	14.3	14.3	30.8	28.6	20.9	15.4	14.3	31.9	18.7	22	16.5	11	28.6	11	28.6	27.5	18.7	15.4	24.2	30.8	33	19.8	28.6	27.5	23.1	30.8	19.8	29.7	30.8	24.2	23.1	28.6	27.5	33	28.6	16.5	33	25.3	18.7	15.4	13.2	14.3	19.8	26.4	15.4	17.6	31.9	30.8	19.8	17.6	27.5	31.9	18.7	19.8	25.3	26.4	15.4	28.6	27.5	31.9	29.7	25.3	16.5	18.7	15.4	11	20.9	18.7	24.2	26.4	16.5	26.4	11	24.2	13.2	30.8	29.7	28.6	24.2	17.6	19.8	29.7	26.4	26.4	13.2	28.6	22	17.6	14.3	12.1	20.9	25.3	23.1	31.9	30.8	15.4	15.4	30.8	31.9	20.9	22	31.9	33	28.6	27.5	15.4	12.1	12.1	18.7	33	31.9	12.1	27.5	31.9	31.9	33	22	26.4	20.9	14.3	22	20.9	27.5	18.7	33	25.3	12.1	17.6	19.8	30.8	33	27.5	27.5	15.4	20.9	14.3	30.8	30.8	24.2	22	15.4	24.2	14.3	29.7	20.9	26.4	16.5	28.6	22	15.4	18.7	30.8	28.6	25.3	17.6	29.7	12.1	14.3	20.9	25.3	33	29.7	17.6	14.3	18.7	20.9	29.7	17.6	28.6	28.6	28.6	28.6	18.7	16.5	30.8	22	23.1	14.3	14.3	18.7	33	28.6	17.6	18.7	14.3	16.5	11	20.9	33	12.1	17.6	26.4	14.3	33	20.9	31.9	30.8	17.6	28.6	24.2	29.7	23.1	19.8	16.5	24.2	14.3	11	26.4	17.6	29.7	18.7	31.9	31.9	12.1	28.6	33	23.1	28.6	19.8	17.6	27.5	23.1	15.4	30.8	24.2	33	31.9	11	23.1	30.8	27.5	13.2	29.7	17.6	15.4	11	18.7	33	19.8	23.1	22	19.8	24.2	16.5	16.5	29.7	12.1	11	14.3	28.6	24.2	27.5	23.1	12.1	22	33	16.5	26.4	27.5	11	33	29.7	11	22	17.6	11	31.9	26.4	15.4	23.1	25.3	20.9	33	27.5	28.6	30.8	31.9	16.5	16.5	15.4	23.1	16.5	20.9	26.4	11	28.6	16.5	16.5	25.3	23.1	30.8	26.4	18.7	26.4	17.6	26.4	29.7	20.9	14.3	30.8	29.7	23.1	25.3	14.3	11	11	13.2	22	17.6	24.2	11	29.7	18.7	15.4	19.8	29.7	22	19.8	30.8	12.1	11	18.7	13.2	24.2	15.4	24.2	24.2	22	26.4	27.5	20.9	26.4	20.9	12.1	13.2	13.2	27.5	30.8	31.9	16.5	27.5	
29.7	30.8	30.8	16.5	27.5	31.9	20.9	33	16.5	31.9	26.4	24.2	20.9	23.1	26.4	
17	12	15	18	19	20	10	13	14	14	10	18	11	19	18	15	20	19	15	18	18	13	16	12	15	18	20	11	19	18	15	15	14	19	10	20	10	10	17	12	16	19	12	20	19	19	10	16	14	11	13	17	20	12	18	17	18	13	10	20	14	16	17	18	12	10	19	17	16	18	17	13	14	17	15	14	12	19	19	15	15	18	13	10	10	10	11	12	16	20	16	19	12	19	10	11	16	10	15	11	12	11	18	19	17	18	18	10	16	15	12	11	11	15	19	13	11	17	13	13	15	11	20	12	16	11	13	20	13	18	17	10	11	12	12	17	10	12	18	18	14	13	11	16	15	20	16	11	14	17	19	10	12	11	20	13	12	13	20	16	16	19	11	19	14	10	16	12	18	11	14	12	10	16	10	19	16	16	14	14	11	13	20	16	14	18	15	15	20	18	10	13	15	19	12	20	17	12	12	19	19	15	16	17	15	19	14	14	20	19	10	14	17	15	12	10	19	15	16	16	12	12	20	13	19	11	11	10	12	20	12	17	14	14	13	17	14	10	10	20	18	17	16	12	15	17	13	13	16	14	10	18	16	19	19	14	16	19	15	15	15	10	19	12	16	15	17	14	12	14	15	20	13	12	11	12	15	17	14	11	14	15	16	12	19	18	14	19	10	11	17	17	20	15	20	16	12	14	15	17	12	12	17	17	13	13	14	12	14	20	10	11	17	17	16	10	15	19	16	14	14	17	17	14	17	14	10	10	14	15	20	17	18	11	15	16	13	11	19	19	15	13	11	11	14	16	20	18	20	10	17	17	13	10	15	11	11	17	16	13	10	11	17	13	14	17	12	10	15	20	13	12	12	19	11	20	19	15	17	16	15	18	19	12	16	20	13	10	11	13	12	19	13	10	20	19	13	12	13	12	15	15	15	20	15	10	16	12	19	17	11	15	11	13	17	20	15	18	13	12	13	12	18	17	20	16	18	20	11	19	13	12	14	12	17	15	18	18	10	18	10	10	13	16	15	10	11	10	19	12	13	12	14	12	17	11	12	13	20	17	18	16	19	17	14	18	13	10	19	13	11	14	18	11	10	20	11	17	17	14	13	11	20	17	15	20	16	13	18	19	16	14	13	19	11	17	12	12	19	13	20	12	14	17	15	10	19	18	16	19	18	10	16	15	14	12	12	18	11	17	17	11	20	11	11	13	19	11	10	11	18	13	14	13	16	14	14	18	12	18	16	10	13	19	13	15	20	13	20	18	14	15	10	12	10	16	10	19	17	14	18	16	15	11	13	13	20	13	12	13	13	12	16	18	13	18	17	12	10	13	13	14	20	19	20	17	11	16	17	16	20	13	11	15	13	20	18	17	13	19	14	18	13	20	14	10	12	13	12	19	20	16	17	20	17	19	16	20	12	20	15	20	17	14	12	19	10	12	13	20	20	20	20	16	16	10	17	14	10	13	15	16	10	18	16	13	14	16	16	19	12	12	14	10	12	15	18	14	13	19	13	19	17	10	18	12	11	18	11	17	20	14	19	20	15	18	11	18	16	20	16	10	18	20	20	14	15	12	20	17	19	12	16	18	20	13	16	15	18	11	15	13	10	20	15	20	14	16	10	13	19	17	15	16	18	18	13	14	11	10	10	12	13	16	15	14	11	16	12	15	18	12	10	11	11	18	15	12	20	18	11	18	11	17	13	17	13	18	18	16	19	18	15	19	18	18	20	13	18	18	20	20	12	18	14	14	15	16	15	15	12	15	13	14	16	20	20	12	19	13	12	16	17	12	15	12	11	19	14	18	18	15	11	11	14	16	16	13	13	13	19	20	14	13	13	14	18	15	14	11	18	10	16	14	16	15	15	10	15	18	19	14	13	14	17	11	11	19	17	10	15	11	11	11	10	16	14	19	15	10	10	10	17	13	10	11	15	12	17	15	10	10	16	15	13	10	11	19	11	13	16	14	18	17	19	16	17	18	20	15	15	16	15	18	16	11	11	20	18	15	18	13	11	14	11	12	14	13	18	13	16	18	11	13	20	14	16	18	15	19	13	10	20	12	15	17	12	15	17	18	19	19	13	17	15	19	12	12	10	10	19	16	10	11	20	16	12	10	10	10	18	14	14	12	15	14	13	13	16	18	16	20	16	10	12	12	14	19	19	10	20	17	14	17	16	18	11	14	14	10	11	15	13	15	13	18	19	15	11	20	12	20	17	16	12	16	15	20	13	20	15	12	17	20	17	20	10	19	18	19	11	13	13	16	20	17	12	14	13	15	
1	1	1	1	1	1	1	1	1	1	1	1	1	1	1	1	1	1	1	1	1	1	1	1	1	1	1	1	1	1	1	1	1	1	1	1	1	1	1	1	1	1	1	1	1	1	1	1	1	1	1	1	1	1	1	1	1	1	1	1	1	1	1	1	1	1	1	1	1	2	2	2	2	2	2	2	2	2	2	2	2	2	2	2	2	2	2	2	2	2	2	2	2	2	2	2	2	2	2	2	2	2	2	2	2	2	2	2	2	2	2	2	2	2	2	2	2	2	2	2	2	2	2	2	2	2	2	2	2	2	2	2	2	2	2	2	2	2	2	2	3	3	3	3	3	3	3	3	3	3	3	3	3	3	3	3	3	3	3	3	3	3	3	3	3	3	3	3	3	3	3	3	3	3	3	3	3	3	3	3	3	3	3	3	3	3	3	3	3	3	3	3	3	3	3	3	3	3	3	3	3	3	3	3	3	3	3	3	3	3	3	4	4	4	4	4	4	4	4	4	4	4	4	4	4	4	4	4	4	4	4	4	4	4	4	4	4	4	4	4	4	4	4	4	4	4	4	4	4	4	4	4	4	4	4	4	4	4	4	4	4	4	4	4	4	4	4	4	4	4	4	4	4	4	4	4	4	4	4	4	4	4	4	4	4	5	5	5	5	5	5	5	5	5	5	5	5	5	5	5	5	5	5	5	5	5	5	5	5	5	5	5	5	5	5	5	5	5	5	5	5	5	5	5	5	5	5	5	5	5	5	5	5	5	5	5	5	5	5	5	5	5	5	5	5	5	5	5	5	5	5	5	5	6	6	6	6	6	6	6	6	6	6	6	6	6	6	6	6	6	6	6	6	6	6	6	6	6	6	6	6	6	6	6	6	6	6	6	6	6	6	6	6	6	6	6	6	6	6	6	6	6	6	6	6	6	6	6	6	6	6	6	6	6	6	6	6	6	6	6	6	6	6	6	6	7	7	7	7	7	7	7	7	7	7	7	7	7	7	7	7	7	7	7	7	7	7	7	7	7	7	7	7	7	7	7	7	7	7	7	7	7	7	7	7	7	7	7	7	7	7	7	7	7	7	7	7	7	7	7	7	8	8	8	8	8	8	8	8	8	8	8	8	8	8	8	8	8	8	8	8	8	8	8	8	8	8	8	8	8	8	8	8	8	8	8	8	8	8	8	8	8	8	8	8	8	8	8	8	8	8	8	8	8	8	8	8	8	8	9	9	9	9	9	9	9	9	9	9	9	9	9	9	9	9	9	9	9	9	9	9	9	9	9	9	9	9	9	9	9	9	9	9	9	9	9	9	9	9	9	9	9	9	9	9	9	9	9	9	9	9	9	9	9	9	9	9	9	9	9	9	9	9	9	10	10	10	10	10	10	10	10	10	10	10	10	10	10	10	10	10	10	10	10	10	10	10	10	10	10	10	10	10	10	10	10	10	10	10	10	10	10	10	10	10	10	10	10	10	10	10	10	10	10	10	10	10	10	10	10	10	10	11	11	11	11	11	11	11	11	11	11	11	11	11	11	11	11	11	11	11	11	11	11	11	11	11	11	11	11	11	11	11	11	11	11	11	11	11	11	11	11	11	11	11	11	11	11	11	11	11	11	11	11	11	11	11	11	11	11	11	11	11	12	12	12	12	12	12	12	12	12	12	12	12	12	12	12	12	12	12	12	12	12	12	12	12	12	12	12	12	12	12	12	12	12	12	12	12	12	12	12	12	12	12	12	12	12	12	12	12	12	12	12	12	12	12	12	12	12	12	12	12	12	12	12	12	12	12	12	13	13	13	13	13	13	13	13	13	13	13	13	13	13	13	13	13	13	13	13	13	13	13	13	13	13	13	13	13	13	13	13	13	13	13	13	13	13	13	13	13	13	13	13	13	13	13	13	13	13	13	13	13	13	13	13	13	13	13	13	13	13	13	13	13	13	13	13	13	13	13	13	13	13	14	14	14	14	14	14	14	14	14	14	14	14	14	14	14	14	14	14	14	14	14	14	14	14	14	14	14	14	14	14	14	14	14	14	14	14	14	14	14	14	14	14	14	14	14	14	14	14	14	14	14	14	14	14	14	14	14	14	14	14	14	14	14	14	14	14	15	15	15	15	15	15	15	15	15	15	15	15	15	15	15	15	15	15	15	15	15	15	15	15	15	15	15	15	15	15	15	15	15	15	15	15	15	15	15	15	15	15	15	15	15	15	15	15	15	15	15	15	15	15	15	15	15	15	15	15	15	15	15	15	15	15	15	15	15	15	
