1000
15	7
1019	26.4
26	30	31	30	29	26	30	31	29	29	30	28	27	29	31	29	28	27	26	28	27	29	29	26	31	26	27	27	27	29	30	29	31	27	26	26	30	29	26	30	27	27	26	31	31	30	29	27	28	29	30	26	30	27	26	26	30	31	29	29	31	29	31	27	28	31	30	31	29	30	31	26	26	27	27	27	29	28	26	29	29	26	26	30	26	26	29	26	31	27	27	27	29	31	30	28	26	30	27	26	27	26	28	30	28	27	28	30	27	29	31	28	26	30	26	27	27	31	30	27	27	27	30	26	26	29	30	27	27	28	31	26	28	28	29	30	28	31	27	28	28	29	29	30	27	26	26	31	27	31	30	29	30	28	30	26	29	28	26	30	28	27	26	28	30	26	26	27	28	26	29	26	30	26	31	27	31	26	26	29	26	31	28	31	27	29	27	31	27	31	28	27	31	30	30	26	26	31	27	28	31	30	28	29	30	31	31	31	30	31	27	29	26	28	27	28	26	28	27	26	28	30	31	31	29	28	27	26	26	31	28	31	31	31	30	31	30	30	28	29	29	28	29	27	31	30	26	26	28	30	26	29	29	27	29	28	28	27	29	29	30	26	30	28	29	26	31	30	29	26	30	30	29	26	29	28	26	31	31	29	29	26	26	31	29	29	31	26	28	27	26	27	29	29	30	28	28	28	31	27	27	29	29	30	30	29	28	28	27	29	27	28	31	26	28	31	27	29	29	29	30	26	30	28	31	27	26	27	30	31	29	31	28	31	28	31	30	31	28	26	26	31	26	29	29	31	28	27	28	28	26	27	28	30	30	29	30	31	28	28	28	28	27	30	31	29	28	31	27	31	31	27	27	29	29	28	27	26	27	26	31	27	29	26	26	31	31	26	29	27	31	27	28	30	29	30	29	31	26	30	26	27	31	28	31	30	28	27	27	30	28	29	28	31	28	28	26	30	31	26	26	30	31	28	28	28	29	30	29	28	26	31	30	26	27	26	29	26	29	26	26	27	26	28	26	29	28	27	31	27	29	30	29	27	29	29	29	29	28	28	27	30	30	27	26	27	26	30	29	28	26	26	27	31	29	30	29	29	27	29	30	27	29	28	29	28	27	30	31	27	31	30	30	26	29	29	29	26	28	26	30	28	26	31	30	28	30	26	29	31	28	28	31	27	29	30	27	31	31	27	26	28	28	29	26	27	28	26	27	26	30	27	27	30	30	30	29	27	29	27	26	31	29	29	31	27	26	29	31	31	27	26	30	28	29	27	27	29	31	26	31	30	30	31	31	26	29	26	29	31	29	28	27	26	29	30	31	31	31	26	31	28	28	30	29	27	31	29	29	27	28	27	28	29	28	31	31	31	30	30	30	28	30	31	31	27	28	29	30	28	29	26	27	27	31	29	26	30	27	30	31	31	26	30	30	29	30	27	28	28	31	30	31	30	28	29	31	27	28	26	30	30	26	27	27	26	31	29	31	28	28	28	31	28	28	30	30	27	29	27	27	26	29	29	27	28	30	27	28	27	26	30	27	30	29	27	29	26	30	30	28	30	27	28	31	30	26	26	31	28	28	30	28	26	28	29	26	30	28	27	31	30	29	31	26	31	31	28	31	31	30	26	28	27	26	27	30	28	28	28	29	26	26	30	31	28	26	30	31	29	28	31	31	30	29	27	26	28	30	30	29	26	29	26	29	27	31	26	26	27	26	28	31	26	27	26	26	28	27	26	27	30	30	29	27	29	29	28	29	26	27	30	29	26	31	27	31	29	30	27	28	29	30	31	29	26	29	26	31	26	28	28	29	29	31	26	31	30	29	30	31	28	28	31	31	30	29	30	26	30	27	27	28	30	27	30	30	30	30	26	30	26	28	30	28	30	28	28	28	27	31	27	30	31	28	31	28	28	26	27	28	30	29	31	28	28	28	30	30	31	30	31	27	31	29	26	29	30	27	28	29	30	26	31	30	26	26	27	27	31	28	26	26	30	31	31	27	26	26	29	28	26	26	30	28	27	26	30	31	27	31	27	27	28	27	30	29	31	28	27	30	31	26	28	27	26	28	31	26	28	30	29	30	27	30	26	30	31	30	31	29	27	29	28	31	27	26	28	31	31	26	29	27	29	29	29	28	29	30	26	29	31	27	31	27	26	31	29	26	26	29	27	27	26	28	27	28	31	29	29	28	30	31	29	28	27	26	27	29	27	31	31	27	31	29	28	29	29	31	29	30	28	27	30	29	31	26	26	27	28	30	27	31	28	29	31	30	31	31	30	
92	84	79	92	91	93	84	87	92	85	76	90	85	78	84	82	90	87	83	87	77	94	77	86	76	88	94	82	93	88	83	82	90	77	78	91	76	90	83	76	79	77	85	88	91	86	86	94	83	89	91	76	80	91	78	78	86	82	90	84	77	85	78	81	86	76	80	80	88	85	94	87	82	83	84	93	83	88	85	83	90	94	88	82	90	86	89	78	88	85	82	78	87	83	78	80	94	79	77	90	80	81	88	92	85	87	81	76	90	81	88	91	81	79	92	89	84	89	80	86	92	79	88	76	84	87	91	77	88	76	85	76	80	76	86	77	77	93	91	91	80	93	81	88	85	77	82	84	89	77	79	82	91	78	78	82	83	81	84	82	85	86	87	88	83	78	78	76	76	80	91	94	93	87	90	84	92	80	79	87	85	81	94	79	78	76	85	82	86	89	81	81	84	83	79	91	92	83	82	82	81	91	84	84	78	88	87	80	91	91	92	78	88	83	93	77	83	89	79	84	85	82	89	87	81	86	78	83	80	83	86	89	93	91	82	90	80	76	90	93	85	92	81	76	83	90	93	76	77	77	78	91	87	81	92	80	94	79	76	77	94	81	82	84	90	80	93	80	79	87	88	91	91	92	83	82	82	85	91	88	76	94	87	79	86	82	92	86	82	90	88	78	87	82	91	89	88	80	87	77	82	89	83	78	85	78	80	93	84	79	94	77	86	82	89	93	85	92	88	82	77	91	91	76	84	80	91	88	89	80	78	93	77	86	92	85	76	76	81	94	90	94	88	76	77	82	88	89	92	85	89	85	94	78	78	76	84	83	77	77	94	94	76	85	76	94	94	90	80	86	79	76	76	77	86	79	81	76	79	82	84	91	83	92	80	89	76	94	78	78	90	91	87	79	85	88	82	93	87	92	93	80	92	90	86	77	90	83	79	79	90	91	94	79	91	85	86	85	77	93	89	83	85	80	77	80	84	88	90	79	92	84	86	84	77	76	77	92	82	83	77	77	76	84	85	87	80	92	88	94	76	90	79	85	87	93	89	93	83	91	76	93	82	87	82	92	84	93	88	82	94	90	86	83	83	80	81	90	85	85	84	81	92	85	94	81	85	86	93	81	91	91	87	90	91	89	90	80	79	88	81	78	81	82	80	79	83	87	79	93	93	81	88	76	94	89	90	83	94	82	93	84	90	81	81	77	90	86	87	80	82	82	82	84	86	93	89	80	84	86	84	86	94	93	82	81	86	83	86	80	88	81	82	77	89	90	93	79	85	87	90	85	78	88	83	85	77	77	79	78	88	83	79	77	93	84	84	85	89	77	78	90	89	78	82	77	92	84	87	86	86	78	79	83	83	82	80	77	88	77	93	92	76	85	91	83	76	81	84	76	76	79	93	83	81	93	81	82	79	84	86	80	93	91	84	91	82	79	92	76	81	94	79	81	92	80	83	83	84	88	94	79	84	85	90	89	84	82	92	87	85	86	80	91	93	86	83	87	77	86	94	89	84	84	91	83	82	88	87	88	77	91	88	82	87	79	92	84	80	82	78	78	90	78	76	80	93	94	90	87	84	84	87	90	93	85	76	87	92	86	89	86	93	78	79	79	85	85	77	82	91	83	77	87	94	90	78	91	88	88	76	92	93	91	78	91	80	89	90	89	82	79	76	92	77	84	92	80	79	78	85	92	92	80	81	79	91	82	88	81	88	82	83	92	84	83	78	77	79	87	78	93	87	88	78	87	89	83	81	85	94	92	84	88	85	82	94	94	76	81	80	84	76	93	85	85	89	89	91	83	78	80	77	87	77	88	86	92	81	81	94	94	84	77	83	82	89	78	90	77	91	86	79	87	86	78	93	84	93	85	80	78	84	94	84	93	85	77	78	92	83	92	81	93	93	86	85	94	83	82	76	84	81	94	84	93	84	93	85	89	91	81	90	83	79	78	79	81	82	85	80	83	79	91	84	91	94	92	85	81	93	81	90	91	85	76	82	90	87	78	89	93	84	86	84	93	87	85	84	84	85	89	82	79	94	81	79	76	76	85	78	85	78	93	89	89	83	76	80	91	94	76	77	87	76	84	90	76	80	92	82	79	94	81	93	93	83	94	77	86	87	80	79	86	76	76	85	88	80	77	77	90	92	94	92	94	84	94	83	80	81	79	84	91	82	84	88	78	76	88	94	85	91	78	80	76	78	85	89	91	77	82	77	76	90	85	94	86	90	81	76	83	88	76	87	82	80	78	92	93	79	81	94	87	87	92	84	78	79	82	
12.1	14.3	28.6	31.9	14.3	20.9	29.7	11	13.2	17.6	13.2	24.2	13.2	12.1	13.2	15.4	26.4	22	24.2	24.2	19.8	11	16.5	17.6	13.2	22	31.9	26.4	12.1	14.3	15.4	15.4	23.1	23.1	23.1	22	12.1	16.5	29.7	16.5	29.7	31.9	25.3	25.3	19.8	18.7	24.2	19.8	19.8	13.2	19.8	19.8	29.7	31.9	25.3	18.7	31.9	28.6	26.4	19.8	30.8	27.5	27.5	30.8	16.5	19.8	22	27.5	24.2	15.4	12.1	27.5	25.3	25.3	11	29.7	22	14.3	11	19.8	17.6	11	12.1	27.5	26.4	11	13.2	27.5	12.1	20.9	20.9	23.1	14.3	30.8	12.1	18.7	13.2	12.1	17.6	19.8	30.8	23.1	26.4	14.3	24.2	22	13.2	16.5	16.5	33	23.1	12.1	18.7	12.1	13.2	33	14.3	18.7	18.7	23.1	12.1	24.2	24.2	22	13.2	13.2	13.2	27.5	22	27.5	20.9	13.2	27.5	15.4	17.6	33	30.8	28.6	25.3	12.1	20.9	22	24.2	17.6	11	19.8	18.7	29.7	23.1	11	18.7	29.7	11	17.6	26.4	28.6	17.6	18.7	22	25.3	16.5	14.3	27.5	19.8	13.2	25.3	23.1	17.6	14.3	29.7	29.7	15.4	28.6	15.4	11	31.9	17.6	33	19.8	11	24.2	16.5	12.1	25.3	11	19.8	12.1	22	22	22	11	18.7	19.8	31.9	29.7	30.8	30.8	19.8	19.8	22	31.9	20.9	19.8	28.6	22	12.1	19.8	31.9	22	17.6	26.4	17.6	28.6	19.8	23.1	26.4	15.4	22	29.7	27.5	29.7	24.2	23.1	30.8	11	18.7	30.8	33	14.3	27.5	30.8	17.6	33	12.1	13.2	33	27.5	33	29.7	22	27.5	22	17.6	30.8	33	27.5	30.8	18.7	18.7	27.5	16.5	20.9	13.2	20.9	18.7	24.2	11	12.1	26.4	16.5	33	25.3	13.2	16.5	14.3	22	11	25.3	29.7	17.6	26.4	30.8	17.6	16.5	33	25.3	11	13.2	20.9	20.9	20.9	17.6	18.7	16.5	15.4	29.7	20.9	26.4	29.7	25.3	22	12.1	11	17.6	15.4	12.1	31.9	12.1	19.8	24.2	30.8	12.1	16.5	19.8	11	19.8	14.3	14.3	16.5	28.6	19.8	22	28.6	14.3	14.3	27.5	14.3	27.5	26.4	31.9	13.2	12.1	23.1	13.2	23.1	24.2	18.7	13.2	27.5	29.7	27.5	17.6	25.3	23.1	13.2	17.6	22	18.7	29.7	29.7	28.6	31.9	22	24.2	14.3	28.6	25.3	25.3	23.1	15.4	19.8	14.3	24.2	12.1	24.2	33	24.2	11	26.4	29.7	27.5	11	24.2	29.7	14.3	23.1	26.4	18.7	22	25.3	29.7	24.2	15.4	14.3	17.6	23.1	23.1	31.9	12.1	19.8	30.8	33	14.3	26.4	20.9	17.6	28.6	24.2	30.8	22	16.5	29.7	29.7	19.8	22	11	30.8	19.8	18.7	23.1	24.2	20.9	14.3	17.6	11	20.9	23.1	29.7	18.7	29.7	31.9	15.4	14.3	29.7	30.8	26.4	18.7	15.4	17.6	15.4	28.6	27.5	12.1	31.9	12.1	31.9	25.3	30.8	27.5	31.9	20.9	12.1	14.3	23.1	22	19.8	31.9	19.8	17.6	15.4	13.2	18.7	24.2	13.2	15.4	24.2	29.7	11	31.9	23.1	27.5	20.9	25.3	29.7	30.8	19.8	24.2	25.3	23.1	30.8	13.2	11	31.9	26.4	29.7	25.3	24.2	19.8	29.7	22	12.1	27.5	29.7	26.4	18.7	17.6	14.3	24.2	13.2	14.3	16.5	23.1	26.4	19.8	31.9	24.2	24.2	30.8	26.4	31.9	17.6	28.6	28.6	24.2	24.2	33	26.4	11	17.6	16.5	22	27.5	13.2	22	29.7	13.2	29.7	17.6	14.3	16.5	30.8	14.3	27.5	28.6	27.5	11	16.5	26.4	25.3	18.7	29.7	14.3	23.1	25.3	19.8	24.2	26.4	16.5	29.7	16.5	28.6	20.9	30.8	31.9	16.5	30.8	24.2	25.3	23.1	20.9	18.7	20.9	27.5	13.2	22	15.4	19.8	28.6	15.4	22	29.7	17.6	24.2	33	13.2	17.6	31.9	26.4	30.8	17.6	28.6	14.3	19.8	19.8	24.2	17.6	30.8	13.2	30.8	29.7	18.7	20.9	29.7	18.7	11	29.7	12.1	12.1	23.1	19.8	11	27.5	23.1	19.8	13.2	27.5	11	13.2	28.6	24.2	12.1	28.6	19.8	22	31.9	16.5	15.4	18.7	16.5	26.4	25.3	28.6	28.6	12.1	31.9	11	25.3	27.5	14.3	16.5	16.5	25.3	24.2	14.3	24.2	23.1	27.5	22	30.8	31.9	23.1	12.1	29.7	25.3	13.2	29.7	28.6	17.6	27.5	16.5	30.8	12.1	31.9	12.1	15.4	12.1	19.8	14.3	11	23.1	26.4	16.5	15.4	11	23.1	29.7	30.8	29.7	17.6	12.1	15.4	17.6	14.3	19.8	24.2	16.5	25.3	18.7	12.1	31.9	30.8	29.7	17.6	27.5	27.5	19.8	20.9	30.8	13.2	30.8	18.7	30.8	23.1	16.5	20.9	22	28.6	31.9	25.3	11	14.3	17.6	22	11	28.6	23.1	24.2	15.4	18.7	18.7	25.3	25.3	23.1	22	14.3	15.4	13.2	20.9	33	23.1	11	24.2	33	11	25.3	28.6	12.1	26.4	20.9	13.2	11	18.7	29.7	26.4	23.1	29.7	19.8	20.9	23.1	30.8	13.2	33	13.2	30.8	14.3	25.3	24.2	23.1	13.2	18.7	31.9	28.6	29.7	17.6	28.6	26.4	16.5	26.4	26.4	20.9	20.9	31.9	20.9	15.4	22	20.9	23.1	26.4	26.4	31.9	20.9	20.9	30.8	22	12.1	20.9	33	33	29.7	20.9	19.8	12.1	29.7	33	27.5	20.9	27.5	16.5	23.1	29.7	26.4	18.7	31.9	16.5	23.1	18.7	22	23.1	18.7	14.3	19.8	14.3	19.8	24.2	24.2	22	18.7	26.4	23.1	17.6	12.1	14.3	12.1	24.2	15.4	14.3	23.1	20.9	20.9	25.3	29.7	17.6	14.3	16.5	15.4	29.7	33	31.9	12.1	17.6	31.9	23.1	11	33	12.1	15.4	15.4	25.3	27.5	11	13.2	23.1	29.7	26.4	19.8	20.9	30.8	31.9	19.8	28.6	23.1	14.3	22	14.3	23.1	29.7	14.3	12.1	23.1	31.9	23.1	14.3	12.1	19.8	14.3	19.8	28.6	19.8	18.7	23.1	24.2	11	17.6	28.6	20.9	17.6	13.2	29.7	23.1	11	16.5	17.6	30.8	29.7	26.4	28.6	20.9	15.4	23.1	31.9	31.9	33	23.1	17.6	25.3	16.5	12.1	17.6	24.2	26.4	12.1	27.5	31.9	22	22	30.8	11	29.7	18.7	18.7	30.8	25.3	31.9	27.5	15.4	28.6	19.8	26.4	33	18.7	24.2	14.3	22	24.2	33	16.5	13.2	17.6	15.4	23.1	17.6	20.9	14.3	15.4	13.2	16.5	29.7	14.3	27.5	18.7	17.6	30.8	15.4	22	27.5	20.9	33	22	22	18.7	16.5	30.8	24.2	14.3	11	33	15.4	22	16.5	26.4	11	30.8	22	30.8	13.2	25.3	16.5	14.3	18.7	33	30.8	17.6	23.1	17.6	28.6	20.9	19.8	18.7	30.8	15.4	27.5	31.9	31.9	30.8	20.9	29.7	18.7	11	15.4	13.2	24.2	25.3	15.4	19.8	15.4	18.7	24.2	14.3	22	28.6	26.4	18.7	30.8	15.4	31.9	29.7	11	15.4	18.7	23.1	14.3	30.8	17.6	16.5	26.4	24.2	30.8	18.7	27.5	12.1	
11	16.5	20.9	15.4	14.3	20.9	29.7	19.8	23.1	14.3	27.5	28.6	22	20.9	29.7	18.7	30.8	20.9	18.7	29.7	24.2	25.3	26.4	24.2	25.3	11	27.5	22	12.1	19.8	30.8	16.5	29.7	22	26.4	26.4	16.5	17.6	33	27.5	29.7	20.9	16.5	15.4	28.6	18.7	28.6	26.4	17.6	27.5	31.9	27.5	29.7	15.4	22	23.1	16.5	29.7	27.5	18.7	18.7	26.4	31.9	22	12.1	28.6	15.4	19.8	31.9	25.3	25.3	33	27.5	31.9	28.6	12.1	27.5	15.4	26.4	22	33	13.2	16.5	13.2	29.7	17.6	23.1	22	29.7	14.3	30.8	23.1	23.1	27.5	27.5	29.7	13.2	11	12.1	20.9	12.1	14.3	23.1	22	19.8	18.7	11	25.3	12.1	30.8	31.9	16.5	23.1	30.8	16.5	11	27.5	24.2	33	30.8	16.5	33	28.6	15.4	13.2	24.2	14.3	24.2	15.4	11	13.2	25.3	12.1	33	16.5	11	12.1	27.5	24.2	12.1	27.5	22	23.1	16.5	23.1	16.5	20.9	29.7	27.5	15.4	27.5	30.8	23.1	33	13.2	17.6	29.7	18.7	16.5	29.7	24.2	27.5	14.3	13.2	18.7	18.7	27.5	20.9	33	25.3	18.7	15.4	12.1	22	30.8	16.5	26.4	31.9	19.8	28.6	23.1	19.8	13.2	16.5	31.9	19.8	25.3	24.2	27.5	28.6	14.3	19.8	30.8	26.4	15.4	20.9	17.6	23.1	31.9	27.5	11	22	29.7	13.2	11	18.7	25.3	27.5	17.6	25.3	13.2	20.9	29.7	20.9	16.5	23.1	22	26.4	31.9	27.5	24.2	19.8	11	33	25.3	25.3	22	16.5	27.5	15.4	26.4	25.3	16.5	18.7	18.7	31.9	30.8	13.2	27.5	13.2	11	19.8	23.1	23.1	20.9	31.9	28.6	28.6	19.8	29.7	17.6	13.2	12.1	18.7	11	17.6	13.2	11	26.4	18.7	16.5	26.4	33	33	19.8	23.1	13.2	30.8	23.1	27.5	11	14.3	20.9	14.3	27.5	12.1	16.5	18.7	17.6	22	25.3	15.4	15.4	13.2	30.8	18.7	25.3	28.6	11	11	31.9	15.4	27.5	28.6	33	33	29.7	29.7	28.6	23.1	30.8	29.7	15.4	18.7	17.6	25.3	13.2	24.2	31.9	11	26.4	14.3	27.5	16.5	26.4	20.9	26.4	17.6	29.7	19.8	17.6	20.9	16.5	28.6	31.9	30.8	20.9	17.6	27.5	30.8	11	14.3	30.8	26.4	13.2	14.3	11	12.1	24.2	26.4	25.3	31.9	14.3	12.1	17.6	17.6	25.3	30.8	15.4	25.3	14.3	29.7	29.7	30.8	13.2	16.5	26.4	11	28.6	33	17.6	30.8	19.8	13.2	13.2	26.4	25.3	24.2	27.5	12.1	26.4	29.7	18.7	22	12.1	26.4	30.8	24.2	30.8	15.4	19.8	28.6	24.2	22	15.4	25.3	18.7	22	24.2	17.6	30.8	22	33	12.1	30.8	31.9	33	22	24.2	17.6	20.9	30.8	29.7	30.8	31.9	26.4	27.5	22	16.5	16.5	19.8	15.4	17.6	25.3	14.3	11	29.7	26.4	29.7	18.7	15.4	18.7	29.7	15.4	31.9	28.6	17.6	30.8	22	20.9	22	26.4	17.6	20.9	14.3	25.3	30.8	25.3	15.4	33	14.3	19.8	11	13.2	12.1	29.7	20.9	28.6	12.1	26.4	15.4	29.7	16.5	22	27.5	28.6	27.5	19.8	19.8	27.5	26.4	27.5	26.4	14.3	24.2	31.9	29.7	27.5	22	20.9	27.5	30.8	16.5	13.2	24.2	30.8	19.8	28.6	22	23.1	12.1	18.7	33	17.6	16.5	26.4	23.1	31.9	18.7	19.8	31.9	12.1	22	28.6	14.3	24.2	20.9	11	13.2	23.1	23.1	13.2	20.9	12.1	28.6	22	26.4	33	18.7	29.7	18.7	11	19.8	22	14.3	29.7	25.3	22	27.5	24.2	20.9	14.3	15.4	28.6	28.6	11	28.6	11	28.6	18.7	25.3	15.4	23.1	30.8	19.8	26.4	17.6	23.1	11	33	26.4	20.9	23.1	13.2	15.4	23.1	20.9	19.8	11	15.4	19.8	13.2	31.9	30.8	26.4	24.2	24.2	33	24.2	26.4	20.9	11	24.2	33	28.6	18.7	30.8	22	22	25.3	16.5	28.6	31.9	31.9	15.4	18.7	15.4	26.4	24.2	19.8	26.4	27.5	13.2	22	31.9	30.8	19.8	15.4	17.6	11	33	29.7	20.9	18.7	12.1	27.5	23.1	27.5	17.6	15.4	18.7	12.1	14.3	16.5	25.3	26.4	22	16.5	18.7	11	28.6	15.4	15.4	33	30.8	19.8	27.5	19.8	11	11	31.9	16.5	29.7	17.6	28.6	14.3	23.1	19.8	20.9	33	24.2	28.6	18.7	17.6	31.9	27.5	14.3	19.8	33	29.7	33	11	30.8	23.1	13.2	16.5	30.8	13.2	13.2	17.6	16.5	24.2	22	13.2	26.4	31.9	26.4	33	18.7	25.3	16.5	15.4	27.5	33	33	15.4	28.6	15.4	16.5	20.9	23.1	12.1	22	23.1	12.1	12.1	30.8	30.8	22	25.3	22	30.8	15.4	13.2	25.3	27.5	29.7	29.7	18.7	13.2	18.7	16.5	18.7	24.2	18.7	29.7	30.8	12.1	23.1	16.5	12.1	17.6	12.1	33	25.3	15.4	12.1	23.1	25.3	11	23.1	23.1	24.2	29.7	12.1	31.9	19.8	17.6	15.4	17.6	14.3	23.1	30.8	25.3	27.5	18.7	17.6	30.8	19.8	23.1	15.4	17.6	23.1	24.2	33	15.4	22	22	16.5	14.3	27.5	28.6	23.1	12.1	19.8	18.7	33	13.2	29.7	11	23.1	25.3	19.8	15.4	28.6	30.8	18.7	11	25.3	24.2	24.2	27.5	16.5	24.2	18.7	16.5	15.4	27.5	31.9	13.2	31.9	28.6	22	17.6	15.4	13.2	12.1	11	18.7	20.9	14.3	14.3	24.2	17.6	28.6	30.8	27.5	24.2	33	19.8	25.3	30.8	28.6	18.7	18.7	14.3	19.8	30.8	33	14.3	16.5	25.3	15.4	29.7	14.3	15.4	23.1	30.8	17.6	31.9	20.9	27.5	14.3	14.3	31.9	30.8	27.5	31.9	25.3	27.5	12.1	23.1	18.7	33	25.3	18.7	31.9	15.4	18.7	26.4	31.9	19.8	28.6	13.2	18.7	12.1	19.8	15.4	14.3	19.8	29.7	28.6	15.4	13.2	33	12.1	33	14.3	20.9	22	19.8	23.1	16.5	23.1	15.4	27.5	14.3	19.8	22	29.7	24.2	31.9	13.2	30.8	11	24.2	15.4	19.8	23.1	13.2	17.6	12.1	22	15.4	15.4	26.4	33	19.8	19.8	31.9	25.3	15.4	22	22	13.2	13.2	14.3	14.3	29.7	33	31.9	28.6	12.1	17.6	13.2	14.3	24.2	23.1	24.2	18.7	14.3	23.1	16.5	30.8	26.4	23.1	26.4	26.4	25.3	16.5	29.7	13.2	13.2	24.2	27.5	11	28.6	24.2	28.6	11	12.1	29.7	15.4	25.3	18.7	19.8	33	22	12.1	26.4	29.7	14.3	22	25.3	25.3	22	12.1	27.5	15.4	24.2	28.6	22	18.7	17.6	14.3	25.3	18.7	25.3	16.5	14.3	17.6	24.2	19.8	23.1	19.8	26.4	23.1	19.8	20.9	27.5	29.7	11	17.6	14.3	13.2	24.2	11	23.1	31.9	16.5	29.7	24.2	22	20.9	18.7	27.5	25.3	25.3	23.1	11	26.4	18.7	23.1	20.9	25.3	31.9	29.7	11	23.1	24.2	27.5	14.3	33	18.7	19.8	11	12.1	13.2	17.6	12.1	
28.6	24.2	29.7	12.1	13.2	25.3	29.7	33	30.8	13.2	19.8	29.7	15.4	30.8	31.9	
16	15	18	20	16	20	20	14	20	18	17	19	14	12	20	14	15	19	20	17	10	17	13	17	19	16	16	16	19	10	19	19	20	18	16	15	15	18	15	18	14	15	17	11	16	17	13	10	11	17	20	10	19	20	20	15	10	14	11	14	19	17	13	15	18	18	16	12	10	17	16	15	14	10	16	14	20	14	18	10	15	15	15	20	19	17	13	16	11	10	10	16	14	16	12	10	10	15	18	17	15	19	12	12	19	12	16	18	18	16	20	14	16	15	19	15	16	10	19	15	17	17	12	13	15	11	11	10	10	16	19	19	20	19	17	17	17	11	15	12	15	12	17	10	19	12	18	10	12	10	16	19	10	15	15	13	13	16	12	15	12	12	11	15	11	19	16	14	19	15	20	19	16	15	16	12	13	11	17	17	11	10	13	10	12	19	12	18	16	12	13	10	11	18	11	19	17	12	20	16	16	19	17	15	16	20	12	10	18	15	13	16	19	10	16	12	12	19	19	17	20	15	19	18	20	20	12	14	15	16	14	17	19	10	11	12	19	18	20	12	11	12	13	13	19	17	19	14	18	17	14	12	18	11	12	14	10	13	18	19	10	12	20	20	12	16	15	11	10	12	19	16	15	17	17	19	15	16	19	17	14	20	13	16	16	11	19	16	13	11	18	12	12	19	13	18	19	15	12	19	15	20	15	11	12	20	20	16	19	18	12	12	14	17	17	20	14	10	20	12	10	19	15	17	15	17	18	16	10	15	15	12	16	13	11	10	10	12	11	10	13	19	20	11	17	17	17	18	14	10	19	20	20	18	19	11	19	12	19	18	15	20	13	16	15	17	12	19	12	14	18	18	17	13	15	13	10	12	11	20	16	18	14	12	15	20	12	12	17	13	12	17	10	13	16	10	10	15	19	13	13	13	16	16	19	10	13	14	20	18	12	16	20	19	19	16	12	11	14	15	10	14	15	14	14	10	10	15	19	10	16	16	10	17	10	15	17	15	20	12	16	12	16	12	17	20	11	12	17	15	12	13	11	20	17	16	13	14	16	13	12	16	12	13	20	20	19	16	10	18	11	16	11	19	15	15	17	20	15	20	16	18	17	11	19	20	11	15	19	20	11	15	19	15	13	17	15	10	12	12	14	15	17	16	15	14	16	18	14	12	20	12	15	19	13	17	12	12	10	11	19	11	20	11	19	20	12	19	16	18	19	18	20	10	19	20	20	12	10	17	10	16	11	19	17	13	18	12	11	17	17	15	19	15	10	18	13	15	18	13	18	13	11	14	20	14	10	10	15	19	10	12	12	19	17	13	17	15	13	17	13	18	10	15	13	11	16	18	14	11	16	11	17	10	14	14	19	17	17	14	20	13	20	20	19	12	12	13	15	14	11	18	18	12	20	14	17	12	17	16	12	11	20	20	14	17	11	13	16	15	18	12	14	17	16	10	10	11	16	16	13	19	17	19	15	16	17	18	14	11	15	10	11	10	15	13	18	20	18	11	18	18	13	15	12	10	20	14	18	17	12	16	17	20	19	18	17	18	20	17	15	11	12	11	15	17	20	14	13	11	11	19	15	16	19	10	16	14	11	12	20	12	17	15	17	20	16	13	14	17	14	13	10	11	17	10	17	12	18	20	17	20	16	20	17	13	11	10	20	15	18	15	15	16	19	19	20	17	13	14	16	20	20	10	19	10	10	14	17	19	17	15	19	19	17	20	17	13	17	17	20	15	11	16	12	17	20	16	13	10	17	20	15	10	12	18	15	16	12	15	12	12	17	17	11	20	14	10	16	17	15	10	10	16	18	10	20	17	15	13	17	10	15	17	20	20	10	10	18	13	19	11	11	18	20	19	18	13	14	17	10	20	18	10	11	14	16	18	10	17	16	12	12	16	16	14	18	14	17	18	12	12	11	11	13	15	14	14	11	12	12	14	12	14	15	15	19	14	13	10	18	13	15	17	13	12	12	17	18	19	10	19	15	14	16	19	13	12	15	12	11	10	20	14	12	10	11	18	16	15	11	18	17	16	20	13	12	12	15	15	18	20	15	19	11	11	14	16	17	18	18	12	13	20	11	13	17	18	18	19	13	16	20	10	10	17	10	17	11	15	10	11	10	18	15	14	16	17	19	11	20	12	13	15	10	15	13	20	11	19	16	15	12	18	16	18	15	19	10	14	10	19	20	12	16	16	12	19	18	18	13	14	12	16	12	10	18	17	11	15	14	18	18	16	16	18	12	17	17	12	16	19	16	17	14	12	12	18	14	19	
1	1	1	1	1	1	1	1	1	1	1	1	1	1	1	1	1	1	1	1	1	1	1	1	1	1	1	1	1	1	1	1	1	1	1	1	1	1	1	1	1	1	1	1	1	1	1	1	1	1	1	1	1	1	1	1	1	1	1	1	1	1	1	1	1	1	1	1	1	1	1	1	1	1	1	1	1	2	2	2	2	2	2	2	2	2	2	2	2	2	2	2	2	2	2	2	2	2	2	2	2	2	2	2	2	2	2	2	2	2	2	2	2	2	2	2	2	2	2	2	2	2	2	2	2	2	2	2	2	2	2	2	2	2	2	2	2	2	2	2	2	2	2	2	2	2	2	2	2	2	2	2	2	2	2	2	2	2	3	3	3	3	3	3	3	3	3	3	3	3	3	3	3	3	3	3	3	3	3	3	3	3	3	3	3	3	3	3	3	3	3	3	3	3	3	3	3	3	3	3	3	3	3	3	3	3	3	3	3	3	3	3	3	3	3	3	3	3	3	4	4	4	4	4	4	4	4	4	4	4	4	4	4	4	4	4	4	4	4	4	4	4	4	4	4	4	4	4	4	4	4	4	4	4	4	4	4	4	4	4	4	4	4	4	4	4	4	4	4	4	4	4	4	4	4	4	4	4	4	4	4	4	5	5	5	5	5	5	5	5	5	5	5	5	5	5	5	5	5	5	5	5	5	5	5	5	5	5	5	5	5	5	5	5	5	5	5	5	5	5	5	5	5	5	5	5	5	5	5	5	5	5	5	5	5	5	5	5	5	5	5	5	5	5	5	5	5	6	6	6	6	6	6	6	6	6	6	6	6	6	6	6	6	6	6	6	6	6	6	6	6	6	6	6	6	6	6	6	6	6	6	6	6	6	6	6	6	6	6	6	6	6	6	6	6	6	6	6	6	6	6	6	6	6	6	6	6	6	6	6	7	7	7	7	7	7	7	7	7	7	7	7	7	7	7	7	7	7	7	7	7	7	7	7	7	7	7	7	7	7	7	7	7	7	7	7	7	7	7	7	7	7	7	7	7	7	7	7	7	7	7	7	7	7	7	8	8	8	8	8	8	8	8	8	8	8	8	8	8	8	8	8	8	8	8	8	8	8	8	8	8	8	8	8	8	8	8	8	8	8	8	8	8	8	8	8	8	8	8	8	8	8	8	8	8	8	8	8	8	8	8	8	8	8	8	8	8	8	8	8	9	9	9	9	9	9	9	9	9	9	9	9	9	9	9	9	9	9	9	9	9	9	9	9	9	9	9	9	9	9	9	9	9	9	9	9	9	9	9	9	9	9	9	9	9	9	9	9	9	9	9	9	9	9	9	9	9	9	9	9	9	9	9	9	9	9	10	10	10	10	10	10	10	10	10	10	10	10	10	10	10	10	10	10	10	10	10	10	10	10	10	10	10	10	10	10	10	10	10	10	10	10	10	10	10	10	10	10	10	10	10	10	10	10	10	10	10	10	10	10	10	10	10	10	10	10	10	10	10	10	11	11	11	11	11	11	11	11	11	11	11	11	11	11	11	11	11	11	11	11	11	11	11	11	11	11	11	11	11	11	11	11	11	11	11	11	11	11	11	11	11	11	11	11	11	11	11	11	11	11	11	11	11	11	11	11	11	11	11	11	11	11	11	11	11	11	11	11	11	11	11	11	11	12	12	12	12	12	12	12	12	12	12	12	12	12	12	12	12	12	12	12	12	12	12	12	12	12	12	12	12	12	12	12	12	12	12	12	12	12	12	12	12	12	12	12	12	12	12	12	12	12	12	12	12	12	12	12	12	12	12	12	12	12	12	12	12	12	12	12	12	12	12	12	12	12	12	12	13	13	13	13	13	13	13	13	13	13	13	13	13	13	13	13	13	13	13	13	13	13	13	13	13	13	13	13	13	13	13	13	13	13	13	13	13	13	13	13	13	13	13	13	13	13	13	13	13	13	13	14	14	14	14	14	14	14	14	14	14	14	14	14	14	14	14	14	14	14	14	14	14	14	14	14	14	14	14	14	14	14	14	14	14	14	14	14	14	14	14	14	14	14	14	14	14	14	14	14	14	14	14	14	14	14	14	14	14	14	14	14	14	14	14	14	14	14	14	14	14	14	14	14	14	14	14	14	14	14	14	15	15	15	15	15	15	15	15	15	15	15	15	15	15	15	15	15	15	15	15	15	15	15	15	15	15	15	15	15	15	15	15	15	15	15	15	15	15	15	15	15	15	15	15	15	15	15	15	15	15	15	15	15	15	15	15	15	15	15	15	15	
