1000
15	2
1054	29.7
27	30	26	27	26	29	28	30	26	30	30	27	26	29	30	28	31	26	28	31	31	27	29	27	28	31	30	30	26	27	27	30	28	28	30	31	31	30	26	29	31	26	26	26	28	27	28	31	31	26	28	27	28	31	26	28	26	30	31	27	26	27	27	28	26	27	30	27	27	29	27	27	28	30	27	30	29	31	27	27	30	27	31	28	29	29	31	31	28	30	28	31	26	28	31	29	26	31	28	26	26	31	31	29	26	30	28	31	26	27	30	30	27	27	30	27	30	28	27	28	26	27	29	31	30	27	27	27	28	28	30	27	26	26	28	30	27	26	29	29	27	30	26	26	31	30	30	29	28	27	31	27	29	31	27	28	31	30	27	26	30	31	29	30	26	28	28	30	27	29	26	26	29	31	27	31	29	28	31	27	30	29	29	31	29	31	31	26	26	29	31	31	27	27	30	28	27	29	28	30	28	27	30	27	29	27	28	27	31	31	29	31	28	29	27	27	31	27	31	29	29	27	27	29	29	29	31	30	28	30	27	29	29	27	29	28	30	27	29	28	30	26	27	31	30	28	31	30	31	31	28	26	31	26	29	29	27	28	30	31	31	27	29	30	30	29	31	28	26	26	27	28	31	29	31	26	28	27	30	31	27	28	31	30	27	26	30	28	27	29	28	30	31	28	26	29	31	31	28	28	27	27	28	28	27	29	27	26	29	31	26	27	30	28	27	30	26	28	28	29	29	28	28	28	30	30	28	28	28	29	26	30	28	27	27	28	27	26	30	31	30	30	26	29	30	27	31	31	28	26	31	31	30	28	29	27	31	30	27	26	27	28	26	26	26	30	28	28	28	28	28	27	27	30	26	30	29	28	26	30	27	30	27	27	29	29	30	26	26	31	26	28	28	31	26	28	30	29	26	27	28	28	31	28	27	29	27	31	29	29	29	26	26	28	27	28	26	28	28	26	28	30	28	29	31	27	26	29	31	28	26	28	28	27	28	27	29	28	28	30	28	28	28	26	28	27	30	30	26	31	27	26	27	28	31	30	30	29	26	27	28	28	26	30	29	27	28	28	31	28	28	31	27	31	29	27	28	30	27	26	27	28	26	31	26	28	28	26	28	27	31	30	26	31	27	31	31	31	26	31	29	31	27	27	27	28	27	26	26	28	30	31	27	27	29	27	27	28	26	31	29	28	27	28	29	31	29	28	28	31	27	30	26	31	30	30	28	30	29	27	30	29	27	28	31	26	28	31	27	29	30	27	27	26	29	30	30	28	31	30	29	29	31	26	30	31	29	27	29	26	31	30	26	31	27	30	29	29	26	31	28	30	30	27	28	27	27	28	30	28	30	27	27	31	31	28	30	29	26	30	30	27	28	31	29	26	28	29	30	28	30	28	30	31	31	26	26	26	29	31	30	28	30	28	26	30	30	29	26	29	27	29	28	31	30	27	29	26	28	26	31	29	29	27	29	29	26	27	27	28	31	27	31	28	30	28	30	30	26	27	27	27	27	26	26	27	27	27	28	29	27	27	28	26	26	27	31	31	31	27	28	29	28	31	26	26	28	30	31	28	26	27	29	30	31	29	28	30	31	31	26	27	28	31	28	29	29	26	30	29	31	27	29	29	29	26	29	31	31	28	31	29	26	29	31	29	26	29	29	31	29	27	26	28	29	28	28	31	29	31	26	31	30	27	29	30	28	29	26	27	29	28	26	28	27	29	29	29	29	26	27	29	30	29	26	30	30	27	27	29	30	29	29	29	27	26	29	30	30	26	30	31	28	30	30	28	29	31	27	27	26	31	27	30	30	26	30	27	31	29	30	27	31	31	29	27	28	30	27	29	27	28	28	30	27	27	29	30	27	27	31	27	26	29	31	31	31	29	29	28	28	27	31	27	28	31	28	30	30	29	28	27	31	29	31	30	28	31	28	27	30	29	30	29	30	31	26	29	27	29	27	26	29	30	26	30	31	27	26	28	31	31	27	30	31	31	30	29	26	30	28	26	26	26	29	28	28	27	26	26	30	26	26	28	27	30	26	28	27	26	28	28	31	29	30	28	26	31	26	26	31	31	31	28	28	30	29	30	28	28	30	31	26	26	26	27	26	28	30	30	28	29	30	30	26	27	28	31	31	29	29	30	31	30	26	29	26	31	30	31	27	27	26	27	29	29	26	31	26	31	31	29	28	31	29	30	29	27	26	29	28	31	31	27	29	29	31	26	30	27	31	29	28	30	27	29	29	29	31	28	29	26	31	26	26	26	26	28	31	30	
88	86	90	94	83	77	80	85	86	88	93	78	86	84	81	88	77	88	77	92	92	78	85	83	89	83	94	78	89	81	92	94	92	91	77	81	93	91	76	90	76	80	76	90	78	87	77	84	87	92	80	82	86	89	91	87	85	77	85	91	90	93	83	83	91	92	92	86	82	90	90	84	81	85	85	84	84	84	91	89	89	92	93	88	88	85	77	77	89	81	89	77	93	89	82	76	77	90	84	92	81	84	86	76	92	76	87	88	90	82	90	83	77	82	77	85	78	84	94	76	82	80	93	78	83	89	79	85	93	94	89	89	90	92	91	77	89	90	92	92	89	76	84	89	86	79	79	84	76	80	78	92	84	85	84	83	80	79	77	91	79	93	83	88	94	94	91	94	93	84	93	80	79	88	94	94	88	92	90	92	85	92	78	85	81	78	86	91	81	86	77	87	91	84	80	77	87	93	77	85	76	81	89	92	81	86	79	88	94	81	79	90	88	93	84	92	94	87	91	79	91	82	83	79	93	79	86	89	88	84	86	90	89	94	92	87	79	84	92	91	82	94	87	76	85	85	89	87	83	88	92	83	81	87	77	85	90	84	78	86	91	81	89	88	84	86	85	78	93	90	87	79	78	84	92	85	88	94	78	92	77	77	89	78	91	87	79	85	91	86	89	85	92	92	76	86	81	83	78	80	78	80	93	84	83	91	86	91	88	88	91	88	84	94	81	82	86	91	81	82	78	88	76	83	79	91	88	80	90	80	81	91	83	94	91	82	94	85	80	83	77	82	93	77	87	94	79	78	80	79	94	77	91	81	80	77	92	92	82	77	92	84	78	77	87	93	90	85	82	81	77	90	83	77	81	82	84	86	89	79	91	76	77	89	78	90	80	94	92	82	83	88	87	92	88	85	86	76	86	94	81	94	88	83	81	85	94	85	77	79	87	84	87	92	76	86	81	86	79	89	82	81	86	80	90	89	80	82	92	92	84	81	88	80	78	83	82	80	85	77	79	84	83	77	81	78	84	80	93	89	83	85	90	78	87	78	78	91	92	91	78	85	80	78	93	88	82	80	91	89	91	89	88	79	88	84	81	89	83	77	92	77	92	94	92	80	78	79	94	94	91	86	83	82	89	82	86	91	92	92	78	91	83	81	80	80	85	85	90	90	81	82	76	90	86	82	81	83	89	91	80	90	85	89	92	85	88	94	91	93	82	84	93	81	79	85	89	76	76	77	87	81	83	78	78	76	89	92	90	84	82	93	81	89	94	83	78	92	88	76	94	89	93	77	77	92	77	84	92	87	89	86	92	81	84	91	81	77	93	77	91	80	77	85	76	93	85	93	88	82	80	89	93	84	88	90	92	84	90	79	94	91	80	90	90	85	84	92	85	83	82	88	94	86	78	83	84	82	86	80	93	84	76	88	82	83	94	86	86	78	78	91	76	91	80	92	89	80	91	82	83	77	83	79	87	87	83	87	94	92	91	94	92	81	81	77	85	92	93	85	79	82	86	85	85	79	82	94	80	80	83	87	77	88	84	79	77	92	89	84	86	88	90	83	84	89	89	91	79	83	93	76	76	76	85	84	91	92	85	90	93	82	79	91	92	78	81	78	84	84	77	80	76	81	80	93	87	92	93	76	78	92	93	93	88	87	91	81	79	89	89	81	87	91	86	81	84	94	84	79	79	79	86	87	88	93	76	76	85	79	87	86	91	87	94	87	84	91	78	89	84	79	85	77	89	79	92	76	77	86	85	92	82	87	84	77	78	88	85	84	83	88	79	85	93	77	76	78	83	88	89	88	79	94	93	84	85	92	93	77	85	94	82	92	83	90	84	84	76	83	94	89	81	81	80	92	83	77	85	94	86	94	81	86	80	79	92	84	80	82	89	86	93	77	89	85	92	78	93	80	77	91	79	90	92	78	78	78	94	89	91	84	88	78	86	76	78	81	85	81	77	87	77	83	81	93	83	86	91	83	90	92	84	87	92	84	79	83	79	81	94	81	82	76	77	85	89	80	78	81	89	87	82	80	86	82	84	88	79	87	88	91	93	84	76	79	91	90	87	89	88	93	92	79	80	87	76	91	93	91	87	80	93	86	89	87	90	92	77	93	82	84	84	85	93	82	92	93	91	93	76	88	92	83	85	82	77	80	90	85	83	80	79	86	86	93	81	87	79	90	91	91	80	84	86	81	90	87	82	79	83	89	86	85	84	84	89	88	84	76	78	89	87	79	92	89	80	93	79	85	89	81	77	81	85	94	84	84	91	90	
19.8	20.9	26.4	13.2	30.8	30.8	28.6	30.8	25.3	22	27.5	30.8	24.2	12.1	25.3	23.1	12.1	17.6	16.5	27.5	25.3	27.5	15.4	13.2	22	15.4	12.1	30.8	33	20.9	26.4	22	11	15.4	12.1	20.9	23.1	25.3	23.1	12.1	28.6	19.8	26.4	27.5	14.3	31.9	20.9	14.3	27.5	11	20.9	20.9	27.5	33	14.3	14.3	15.4	31.9	20.9	25.3	15.4	25.3	24.2	22	29.7	23.1	19.8	33	18.7	24.2	29.7	18.7	13.2	28.6	12.1	25.3	23.1	14.3	27.5	15.4	13.2	22	19.8	12.1	26.4	27.5	16.5	22	28.6	29.7	13.2	15.4	28.6	14.3	12.1	20.9	23.1	24.2	18.7	31.9	23.1	15.4	30.8	18.7	18.7	19.8	17.6	19.8	12.1	18.7	31.9	26.4	26.4	30.8	25.3	14.3	31.9	25.3	17.6	30.8	16.5	28.6	17.6	33	15.4	16.5	17.6	13.2	19.8	19.8	12.1	26.4	26.4	12.1	27.5	28.6	29.7	20.9	24.2	29.7	18.7	13.2	33	33	23.1	23.1	11	33	12.1	15.4	24.2	24.2	30.8	13.2	25.3	15.4	33	15.4	23.1	12.1	18.7	31.9	19.8	28.6	11	23.1	20.9	30.8	30.8	11	28.6	14.3	17.6	33	31.9	24.2	11	24.2	30.8	23.1	11	23.1	12.1	20.9	27.5	22	19.8	25.3	28.6	18.7	24.2	24.2	28.6	19.8	26.4	18.7	17.6	25.3	23.1	13.2	18.7	16.5	19.8	28.6	16.5	23.1	18.7	18.7	23.1	22	13.2	31.9	28.6	14.3	16.5	14.3	22	15.4	12.1	12.1	15.4	30.8	19.8	23.1	31.9	23.1	22	31.9	20.9	11	26.4	13.2	31.9	13.2	23.1	19.8	30.8	16.5	11	33	20.9	19.8	33	11	27.5	33	24.2	27.5	30.8	29.7	29.7	31.9	12.1	14.3	13.2	19.8	25.3	26.4	28.6	24.2	12.1	18.7	15.4	16.5	16.5	24.2	29.7	17.6	33	12.1	14.3	24.2	26.4	28.6	19.8	33	33	12.1	33	11	18.7	12.1	14.3	11	22	29.7	11	14.3	23.1	15.4	19.8	33	29.7	20.9	22	29.7	19.8	29.7	30.8	15.4	33	33	20.9	11	24.2	26.4	25.3	13.2	25.3	31.9	12.1	33	19.8	19.8	12.1	18.7	24.2	22	25.3	19.8	18.7	14.3	25.3	30.8	12.1	15.4	33	12.1	27.5	20.9	12.1	20.9	15.4	14.3	14.3	18.7	19.8	18.7	23.1	18.7	12.1	25.3	20.9	28.6	33	22	26.4	30.8	24.2	18.7	29.7	17.6	16.5	22	16.5	13.2	19.8	24.2	18.7	22	11	12.1	24.2	16.5	13.2	29.7	24.2	26.4	18.7	14.3	28.6	13.2	23.1	16.5	31.9	28.6	30.8	17.6	22	19.8	19.8	17.6	22	17.6	17.6	33	30.8	28.6	13.2	12.1	20.9	11	29.7	17.6	28.6	31.9	19.8	23.1	18.7	26.4	25.3	29.7	22	30.8	16.5	33	14.3	11	20.9	31.9	17.6	15.4	20.9	29.7	20.9	22	19.8	19.8	13.2	31.9	19.8	12.1	12.1	12.1	15.4	20.9	16.5	23.1	18.7	13.2	23.1	20.9	27.5	19.8	15.4	22	22	20.9	25.3	14.3	20.9	33	11	18.7	23.1	31.9	12.1	15.4	27.5	27.5	22	14.3	16.5	12.1	12.1	33	30.8	22	31.9	33	33	29.7	33	22	25.3	17.6	30.8	20.9	20.9	24.2	18.7	20.9	18.7	11	24.2	12.1	26.4	20.9	33	29.7	22	16.5	18.7	24.2	20.9	12.1	25.3	25.3	27.5	17.6	26.4	19.8	13.2	11	26.4	33	16.5	29.7	20.9	30.8	11	23.1	26.4	26.4	24.2	19.8	22	13.2	29.7	13.2	29.7	31.9	25.3	30.8	20.9	31.9	18.7	23.1	20.9	14.3	17.6	13.2	33	20.9	17.6	28.6	12.1	18.7	25.3	30.8	12.1	27.5	13.2	30.8	24.2	23.1	15.4	15.4	27.5	18.7	13.2	26.4	29.7	20.9	15.4	29.7	12.1	16.5	28.6	24.2	26.4	29.7	16.5	24.2	33	23.1	20.9	22	14.3	31.9	25.3	13.2	24.2	33	19.8	20.9	23.1	12.1	28.6	16.5	29.7	18.7	29.7	15.4	25.3	11	17.6	27.5	27.5	31.9	18.7	31.9	25.3	22	16.5	30.8	28.6	13.2	33	23.1	29.7	13.2	20.9	26.4	31.9	13.2	16.5	13.2	31.9	16.5	16.5	31.9	19.8	29.7	27.5	12.1	23.1	14.3	11	15.4	11	30.8	33	12.1	12.1	13.2	25.3	33	20.9	19.8	17.6	29.7	12.1	12.1	29.7	26.4	33	17.6	31.9	18.7	31.9	13.2	25.3	16.5	22	29.7	19.8	28.6	28.6	24.2	23.1	18.7	12.1	14.3	14.3	18.7	19.8	24.2	30.8	22	12.1	23.1	13.2	28.6	26.4	11	11	23.1	11	29.7	20.9	16.5	11	22	29.7	18.7	13.2	24.2	18.7	33	29.7	13.2	28.6	31.9	11	25.3	22	24.2	26.4	15.4	28.6	22	16.5	33	16.5	27.5	17.6	12.1	26.4	17.6	26.4	26.4	17.6	23.1	17.6	11	31.9	33	12.1	19.8	30.8	30.8	25.3	33	31.9	19.8	31.9	33	20.9	22	26.4	18.7	31.9	28.6	22	28.6	15.4	25.3	31.9	19.8	27.5	19.8	11	25.3	16.5	27.5	18.7	15.4	24.2	20.9	17.6	16.5	27.5	16.5	14.3	16.5	22	33	30.8	18.7	11	23.1	25.3	20.9	11	19.8	25.3	19.8	16.5	33	29.7	16.5	25.3	22	33	25.3	11	24.2	16.5	22	27.5	25.3	25.3	15.4	27.5	11	11	30.8	18.7	28.6	30.8	15.4	18.7	19.8	30.8	17.6	18.7	16.5	22	28.6	22	26.4	19.8	23.1	24.2	25.3	30.8	27.5	31.9	30.8	17.6	17.6	33	22	14.3	15.4	15.4	22	20.9	24.2	33	15.4	28.6	22	22	23.1	13.2	18.7	12.1	13.2	33	12.1	27.5	18.7	18.7	18.7	28.6	20.9	26.4	22	28.6	33	12.1	24.2	16.5	17.6	26.4	28.6	24.2	29.7	31.9	12.1	26.4	30.8	15.4	18.7	15.4	12.1	31.9	26.4	27.5	28.6	19.8	13.2	20.9	33	17.6	27.5	31.9	17.6	25.3	29.7	33	23.1	11	18.7	25.3	15.4	13.2	30.8	33	14.3	25.3	15.4	22	33	31.9	11	25.3	29.7	17.6	28.6	14.3	31.9	27.5	22	11	20.9	20.9	22	29.7	24.2	16.5	33	16.5	12.1	15.4	11	33	27.5	15.4	28.6	26.4	14.3	23.1	14.3	11	30.8	13.2	18.7	22	28.6	23.1	31.9	14.3	13.2	12.1	11	25.3	24.2	13.2	33	22	28.6	14.3	25.3	13.2	26.4	26.4	14.3	25.3	24.2	13.2	33	29.7	26.4	19.8	17.6	19.8	22	22	14.3	31.9	22	17.6	26.4	13.2	27.5	17.6	16.5	17.6	14.3	19.8	22	28.6	15.4	28.6	28.6	25.3	15.4	27.5	13.2	19.8	27.5	11	12.1	22	19.8	28.6	19.8	17.6	14.3	23.1	26.4	27.5	31.9	24.2	11	11	27.5	29.7	18.7	17.6	20.9	25.3	18.7	22	26.4	30.8	17.6	31.9	20.9	14.3	19.8	12.1	23.1	24.2	18.7	25.3	19.8	26.4	24.2	30.8	16.5	18.7	31.9	27.5	25.3	30.8	28.6	
27.5	33	31.9	17.6	17.6	23.1	26.4	13.2	25.3	20.9	23.1	18.7	20.9	30.8	11	26.4	31.9	11	33	14.3	23.1	26.4	20.9	27.5	26.4	33	26.4	23.1	29.7	16.5	23.1	28.6	17.6	22	23.1	33	22	17.6	28.6	16.5	33	23.1	13.2	11	12.1	31.9	31.9	25.3	28.6	19.8	14.3	12.1	28.6	29.7	20.9	15.4	28.6	13.2	28.6	11	18.7	16.5	19.8	13.2	16.5	27.5	24.2	27.5	14.3	24.2	29.7	29.7	13.2	27.5	15.4	29.7	16.5	30.8	20.9	15.4	12.1	29.7	17.6	23.1	16.5	31.9	15.4	12.1	13.2	15.4	19.8	22	17.6	16.5	15.4	28.6	33	27.5	16.5	11	29.7	26.4	26.4	20.9	20.9	25.3	24.2	24.2	33	19.8	22	28.6	12.1	27.5	23.1	31.9	27.5	26.4	29.7	29.7	15.4	15.4	18.7	18.7	13.2	26.4	28.6	14.3	14.3	31.9	28.6	17.6	29.7	13.2	30.8	12.1	13.2	26.4	11	12.1	25.3	29.7	19.8	26.4	16.5	17.6	29.7	20.9	14.3	24.2	23.1	11	22	11	33	20.9	22	17.6	20.9	23.1	25.3	23.1	11	12.1	15.4	12.1	16.5	13.2	29.7	13.2	26.4	22	22	23.1	29.7	27.5	27.5	23.1	16.5	29.7	19.8	26.4	33	28.6	24.2	24.2	14.3	28.6	18.7	26.4	25.3	25.3	27.5	17.6	31.9	23.1	31.9	16.5	29.7	29.7	23.1	23.1	31.9	11	28.6	22	11	14.3	26.4	31.9	14.3	20.9	33	25.3	24.2	25.3	19.8	18.7	17.6	17.6	23.1	23.1	27.5	23.1	19.8	17.6	26.4	19.8	22	25.3	26.4	14.3	33	29.7	31.9	15.4	16.5	31.9	28.6	22	23.1	29.7	23.1	26.4	19.8	22	18.7	11	25.3	16.5	30.8	23.1	23.1	11	14.3	28.6	17.6	16.5	20.9	31.9	14.3	31.9	13.2	14.3	22	11	11	23.1	33	25.3	31.9	33	28.6	11	23.1	19.8	16.5	29.7	31.9	13.2	30.8	28.6	20.9	16.5	11	24.2	20.9	20.9	25.3	23.1	30.8	11	27.5	12.1	20.9	18.7	13.2	11	13.2	22	27.5	31.9	31.9	23.1	29.7	33	17.6	24.2	28.6	18.7	29.7	17.6	33	17.6	25.3	26.4	27.5	33	29.7	19.8	24.2	22	20.9	18.7	24.2	18.7	25.3	31.9	19.8	11	22	26.4	16.5	24.2	27.5	13.2	15.4	23.1	19.8	27.5	27.5	29.7	24.2	30.8	13.2	30.8	15.4	18.7	26.4	24.2	11	33	29.7	33	28.6	15.4	19.8	19.8	18.7	25.3	23.1	24.2	19.8	24.2	29.7	24.2	30.8	15.4	28.6	23.1	14.3	29.7	28.6	25.3	33	15.4	33	26.4	14.3	31.9	18.7	33	11	30.8	33	16.5	31.9	19.8	20.9	16.5	19.8	11	20.9	23.1	14.3	11	23.1	19.8	33	27.5	27.5	25.3	15.4	33	16.5	12.1	27.5	19.8	28.6	27.5	20.9	26.4	12.1	13.2	31.9	30.8	26.4	22	24.2	30.8	27.5	33	30.8	28.6	12.1	27.5	14.3	19.8	24.2	27.5	28.6	20.9	15.4	13.2	18.7	28.6	23.1	12.1	22	20.9	14.3	28.6	17.6	28.6	23.1	31.9	27.5	33	24.2	12.1	14.3	25.3	19.8	30.8	15.4	24.2	25.3	33	14.3	18.7	29.7	30.8	11	23.1	11	13.2	12.1	13.2	24.2	31.9	28.6	29.7	20.9	23.1	27.5	20.9	31.9	26.4	20.9	17.6	26.4	29.7	19.8	14.3	25.3	31.9	11	18.7	19.8	18.7	19.8	31.9	31.9	25.3	19.8	14.3	26.4	13.2	28.6	33	13.2	28.6	27.5	29.7	20.9	22	12.1	26.4	23.1	33	29.7	16.5	18.7	22	28.6	24.2	22	28.6	31.9	33	13.2	11	28.6	28.6	30.8	13.2	22	14.3	12.1	17.6	12.1	19.8	19.8	29.7	23.1	13.2	18.7	23.1	24.2	12.1	26.4	16.5	25.3	11	11	24.2	23.1	14.3	31.9	15.4	19.8	23.1	16.5	25.3	28.6	28.6	15.4	17.6	14.3	33	15.4	12.1	11	12.1	16.5	14.3	29.7	13.2	14.3	26.4	33	11	11	15.4	33	16.5	23.1	20.9	18.7	27.5	18.7	14.3	28.6	24.2	30.8	15.4	16.5	18.7	31.9	14.3	22	31.9	28.6	22	24.2	25.3	13.2	25.3	26.4	13.2	33	17.6	15.4	30.8	12.1	30.8	16.5	11	23.1	14.3	30.8	19.8	29.7	27.5	30.8	19.8	13.2	19.8	30.8	30.8	19.8	25.3	31.9	28.6	11	31.9	20.9	12.1	20.9	12.1	16.5	14.3	16.5	25.3	29.7	14.3	26.4	13.2	29.7	29.7	18.7	30.8	29.7	26.4	23.1	29.7	15.4	24.2	19.8	25.3	27.5	15.4	30.8	11	31.9	15.4	13.2	19.8	28.6	16.5	11	33	31.9	22	17.6	22	30.8	20.9	16.5	33	22	27.5	18.7	31.9	28.6	23.1	11	20.9	14.3	18.7	28.6	11	11	30.8	19.8	33	27.5	15.4	17.6	15.4	17.6	13.2	14.3	29.7	29.7	29.7	16.5	28.6	17.6	30.8	17.6	13.2	29.7	29.7	17.6	18.7	12.1	25.3	18.7	27.5	16.5	17.6	15.4	33	14.3	26.4	29.7	13.2	13.2	11	13.2	18.7	14.3	13.2	15.4	16.5	16.5	14.3	29.7	29.7	27.5	14.3	13.2	14.3	24.2	19.8	15.4	30.8	26.4	27.5	27.5	27.5	11	30.8	27.5	30.8	22	14.3	20.9	16.5	19.8	23.1	27.5	30.8	33	12.1	19.8	12.1	24.2	26.4	12.1	19.8	13.2	31.9	12.1	24.2	25.3	31.9	15.4	17.6	26.4	19.8	24.2	11	25.3	33	20.9	22	31.9	33	22	26.4	13.2	18.7	17.6	33	23.1	29.7	13.2	15.4	13.2	26.4	20.9	28.6	33	11	26.4	17.6	31.9	19.8	11	12.1	18.7	17.6	12.1	11	17.6	33	25.3	23.1	22	19.8	19.8	18.7	31.9	30.8	29.7	28.6	11	16.5	30.8	31.9	27.5	26.4	18.7	19.8	18.7	20.9	15.4	15.4	33	33	33	13.2	13.2	18.7	13.2	13.2	22	25.3	30.8	31.9	33	27.5	31.9	30.8	15.4	25.3	22	29.7	11	30.8	14.3	33	23.1	15.4	18.7	15.4	14.3	23.1	24.2	20.9	31.9	26.4	19.8	30.8	18.7	13.2	18.7	15.4	29.7	27.5	20.9	19.8	30.8	24.2	26.4	19.8	31.9	33	18.7	18.7	19.8	27.5	28.6	26.4	15.4	27.5	18.7	14.3	24.2	19.8	19.8	29.7	23.1	13.2	19.8	22	17.6	30.8	30.8	14.3	23.1	26.4	17.6	20.9	17.6	11	28.6	29.7	25.3	11	24.2	30.8	30.8	24.2	23.1	30.8	33	30.8	23.1	25.3	18.7	11	22	24.2	29.7	20.9	19.8	30.8	18.7	23.1	23.1	26.4	14.3	15.4	26.4	17.6	11	12.1	30.8	20.9	28.6	20.9	19.8	17.6	15.4	13.2	19.8	15.4	13.2	28.6	18.7	11	16.5	33	30.8	12.1	25.3	18.7	33	24.2	27.5	22	30.8	18.7	26.4	22	27.5	12.1	17.6	27.5	23.1	22	29.7	24.2	22	13.2	14.3	27.5	30.8	18.7	18.7	13.2	28.6	33	25.3	18.7	18.7	28.6	15.4	29.7	28.6	12.1	27.5	20.9	16.5	19.8	22	13.2	
11	13.2	31.9	13.2	20.9	20.9	18.7	24.2	12.1	27.5	33	27.5	12.1	15.4	12.1	
14	19	10	11	14	20	11	18	12	16	20	13	16	19	16	17	10	10	16	19	10	15	19	19	11	13	17	18	11	20	13	11	16	19	20	10	20	11	18	17	10	12	20	17	13	17	12	18	12	18	14	14	10	20	19	17	20	12	19	18	16	20	14	10	20	13	16	14	10	10	20	15	10	11	10	12	11	17	10	10	10	20	18	14	20	19	13	18	18	14	19	16	20	16	20	10	17	15	11	20	17	10	20	14	19	11	14	17	15	15	15	20	12	11	13	10	14	10	19	17	14	14	14	14	19	13	18	16	10	14	20	12	12	17	15	13	13	20	11	15	16	11	17	17	12	14	16	15	10	12	20	11	13	14	10	14	12	11	14	17	13	14	17	10	15	16	17	18	11	12	12	17	18	15	20	20	10	12	15	13	20	10	15	15	14	10	12	16	13	11	11	15	16	20	12	16	13	16	16	12	16	13	19	11	18	16	17	18	12	17	13	19	16	16	12	17	15	18	20	11	18	20	13	19	11	14	17	20	14	11	12	17	11	16	12	16	18	17	16	12	16	11	12	15	10	17	19	18	16	12	14	10	11	18	17	19	15	11	10	19	18	17	10	20	11	12	15	12	14	14	17	15	18	10	20	14	17	10	13	16	14	13	16	18	14	13	13	17	17	13	11	14	10	20	17	17	15	19	12	16	19	19	20	13	16	10	20	17	17	15	11	20	14	14	16	20	12	18	11	12	20	16	14	19	14	17	16	19	19	13	19	11	11	20	17	14	12	12	17	18	18	14	20	12	12	20	12	16	19	11	15	10	10	16	12	13	13	20	18	19	18	14	11	15	10	17	19	17	10	20	17	18	18	11	18	10	16	18	14	17	20	11	20	16	15	13	18	19	13	13	15	15	14	12	12	14	13	19	18	10	12	12	19	15	17	13	13	15	15	18	19	14	10	10	17	13	12	10	19	12	15	18	13	15	13	13	18	10	16	17	15	15	11	15	19	12	16	17	17	15	17	12	14	13	11	13	14	20	11	18	17	15	13	16	13	10	17	19	17	10	20	14	16	11	10	19	17	16	12	17	14	16	16	12	16	18	11	18	16	13	17	14	13	10	15	15	15	19	12	19	15	20	10	11	10	13	10	20	16	16	10	12	10	11	12	20	16	19	16	18	11	14	20	19	12	16	11	10	18	14	14	10	18	20	17	15	11	14	15	20	18	14	10	15	15	15	19	12	13	16	14	12	11	16	18	10	14	11	14	11	13	15	14	20	14	18	12	15	12	17	15	10	12	10	13	16	16	18	18	11	20	12	16	10	18	10	19	18	13	16	18	18	19	14	17	16	12	17	15	17	12	10	20	13	17	15	20	11	12	15	17	11	16	14	18	11	20	20	14	20	16	14	11	14	13	15	16	20	15	12	12	11	16	14	19	17	15	15	15	16	15	10	20	15	18	19	16	15	15	13	12	19	20	17	14	15	11	18	20	10	10	17	13	14	11	20	19	17	13	19	18	11	19	10	17	11	12	17	17	12	11	18	12	13	17	17	16	17	17	16	20	18	19	17	10	20	11	17	12	20	11	20	11	14	13	13	10	18	18	16	18	14	18	10	13	18	15	12	20	17	12	18	13	13	14	15	13	17	18	18	14	12	10	18	19	18	13	13	12	13	14	15	10	17	18	14	17	20	20	11	13	15	10	11	17	20	13	17	15	20	18	10	18	15	11	19	15	18	16	10	18	15	14	12	12	19	13	15	11	12	14	11	10	14	12	13	13	13	10	13	16	10	15	20	18	10	17	18	17	20	12	15	14	18	11	11	19	20	11	18	15	16	12	12	17	16	18	17	18	19	19	14	19	17	12	15	11	18	17	10	18	15	12	19	13	11	13	15	11	10	11	20	20	14	17	10	20	20	11	12	11	19	19	19	20	18	15	15	15	17	15	16	13	19	14	17	14	20	12	17	19	14	17	10	15	17	12	12	17	18	10	17	18	12	11	19	11	20	15	14	12	10	19	19	20	18	16	17	15	19	19	11	18	18	11	10	16	16	18	10	16	14	14	18	18	17	14	17	10	13	13	16	11	12	15	13	10	18	14	15	14	13	12	18	19	12	20	13	20	12	11	17	12	18	19	10	12	12	14	20	19	15	13	12	19	15	14	10	10	12	15	11	20	16	12	14	20	16	20	20	17	12	13	20	16	20	17	19	15	20	16	20	19	13	11	10	18	20	16	15	17	19	14	13	19	12	19	19	15	10	19	11	13	17	18	14	17	10	13	11	
1	1	1	1	1	1	1	1	1	1	1	1	1	1	1	1	1	1	1	1	1	1	1	1	1	1	1	1	1	1	1	1	1	1	1	1	1	1	1	1	1	1	1	1	1	1	1	1	1	1	1	1	1	1	1	1	1	1	2	2	2	2	2	2	2	2	2	2	2	2	2	2	2	2	2	2	2	2	2	2	2	2	2	2	2	2	2	2	2	2	2	2	2	2	2	2	2	2	2	2	2	2	2	2	2	2	2	2	2	2	2	2	2	2	2	2	2	2	2	2	2	2	2	2	2	2	3	3	3	3	3	3	3	3	3	3	3	3	3	3	3	3	3	3	3	3	3	3	3	3	3	3	3	3	3	3	3	3	3	3	3	3	3	3	3	3	3	3	3	3	3	3	3	3	3	3	3	3	3	3	3	3	3	3	3	3	3	3	3	3	3	3	3	3	3	3	3	3	3	3	3	3	4	4	4	4	4	4	4	4	4	4	4	4	4	4	4	4	4	4	4	4	4	4	4	4	4	4	4	4	4	4	4	4	4	4	4	4	4	4	4	4	4	4	4	4	4	4	4	4	4	4	4	4	4	4	4	4	4	4	4	4	4	4	4	4	5	5	5	5	5	5	5	5	5	5	5	5	5	5	5	5	5	5	5	5	5	5	5	5	5	5	5	5	5	5	5	5	5	5	5	5	5	5	5	5	5	5	5	5	5	5	5	5	5	5	5	5	5	5	5	5	5	5	5	5	5	5	5	5	5	5	5	5	5	5	5	5	5	5	5	5	6	6	6	6	6	6	6	6	6	6	6	6	6	6	6	6	6	6	6	6	6	6	6	6	6	6	6	6	6	6	6	6	6	6	6	6	6	6	6	6	6	6	6	6	6	6	6	6	6	6	6	6	6	6	6	6	6	6	6	6	6	6	6	6	6	6	7	7	7	7	7	7	7	7	7	7	7	7	7	7	7	7	7	7	7	7	7	7	7	7	7	7	7	7	7	7	7	7	7	7	7	7	7	7	7	7	7	7	7	7	7	7	7	7	7	7	7	7	7	7	7	7	7	7	7	7	7	7	7	7	7	7	7	7	7	7	7	7	7	7	7	7	7	7	7	7	8	8	8	8	8	8	8	8	8	8	8	8	8	8	8	8	8	8	8	8	8	8	8	8	8	8	8	8	8	8	8	8	8	8	8	8	8	8	8	8	8	8	8	8	8	8	8	8	8	8	8	8	8	8	8	8	8	8	8	8	8	8	8	8	8	8	8	8	9	9	9	9	9	9	9	9	9	9	9	9	9	9	9	9	9	9	9	9	9	9	9	9	9	9	9	9	9	9	9	9	9	9	9	9	9	9	9	9	9	9	9	9	9	9	9	9	9	9	9	9	9	9	10	10	10	10	10	10	10	10	10	10	10	10	10	10	10	10	10	10	10	10	10	10	10	10	10	10	10	10	10	10	10	10	10	10	10	10	10	10	10	10	10	10	10	10	10	10	10	10	10	10	10	10	10	10	10	10	10	10	10	10	10	10	10	10	10	10	11	11	11	11	11	11	11	11	11	11	11	11	11	11	11	11	11	11	11	11	11	11	11	11	11	11	11	11	11	11	11	11	11	11	11	11	11	11	11	11	11	11	11	11	11	11	11	11	11	11	11	11	11	11	11	11	11	11	11	11	11	11	11	11	11	11	11	11	11	11	11	11	11	11	11	12	12	12	12	12	12	12	12	12	12	12	12	12	12	12	12	12	12	12	12	12	12	12	12	12	12	12	12	12	12	12	12	12	12	12	12	12	12	12	12	12	12	12	12	12	12	12	12	12	12	12	12	12	12	12	12	12	12	12	12	12	12	12	12	12	12	12	12	12	12	12	12	12	12	12	12	13	13	13	13	13	13	13	13	13	13	13	13	13	13	13	13	13	13	13	13	13	13	13	13	13	13	13	13	13	13	13	13	13	13	13	13	13	13	13	13	13	13	13	13	13	13	13	13	13	13	13	13	13	13	13	13	14	14	14	14	14	14	14	14	14	14	14	14	14	14	14	14	14	14	14	14	14	14	14	14	14	14	14	14	14	14	14	14	14	14	14	14	14	14	14	14	14	14	14	14	14	14	14	14	14	14	14	14	14	14	14	14	14	14	14	14	15	15	15	15	15	15	15	15	15	15	15	15	15	15	15	15	15	15	15	15	15	15	15	15	15	15	15	15	15	15	15	15	15	15	15	15	15	15	15	15	15	15	15	15	15	15	15	15	15	15	15	15	15	15	15	15	15	
