1000
45	7
349	18.7
29	29	29	29	27	31	27	28	28	29	30	29	31	26	29	27	28	27	31	29	30	30	29	31	29	31	30	29	26	31	30	30	29	27	27	28	31	31	30	30	27	29	27	29	30	28	26	26	27	30	31	28	29	30	30	26	31	28	27	28	26	31	29	27	30	27	30	30	31	29	26	26	26	28	29	30	27	29	30	28	31	29	27	31	26	27	27	28	30	27	27	29	27	26	29	26	31	28	28	30	26	30	28	27	29	27	31	28	26	28	27	29	28	31	28	28	31	29	26	30	29	27	27	30	29	26	30	29	30	28	31	30	27	26	27	29	27	29	30	30	31	27	31	26	28	31	26	28	26	27	31	29	27	26	29	30	31	29	28	29	30	31	31	30	29	31	30	31	30	28	31	30	26	27	27	26	30	28	26	27	31	29	30	29	31	29	27	27	31	28	28	29	29	29	31	30	30	28	28	29	26	31	29	28	28	31	29	31	27	28	31	29	29	30	29	26	26	30	27	29	31	30	29	26	27	26	28	28	29	29	31	31	28	28	31	30	31	27	31	26	28	31	30	31	29	26	31	30	27	29	29	26	31	26	31	28	27	26	27	28	31	31	28	30	30	31	28	26	30	27	29	26	26	28	27	29	26	29	26	28	28	29	31	28	29	31	26	28	30	28	29	26	26	30	26	31	30	31	31	27	27	27	31	26	29	27	29	27	28	30	31	30	26	30	30	29	31	31	26	29	29	26	29	28	30	28	28	30	27	27	27	27	29	30	30	31	26	29	27	30	30	30	30	30	28	27	30	28	28	28	26	30	30	29	29	27	29	29	28	31	26	31	31	28	28	29	27	31	26	29	29	27	28	27	30	31	30	27	30	26	30	27	30	27	27	29	27	26	28	28	26	27	31	28	26	31	30	30	26	28	26	30	28	26	27	29	26	28	31	28	30	29	30	29	26	29	26	31	31	29	31	30	30	29	29	30	27	29	30	29	26	31	30	27	26	28	31	29	28	30	28	29	27	28	29	31	31	29	28	31	27	31	29	27	28	31	31	29	27	28	27	26	31	27	28	31	26	27	30	30	28	31	29	30	29	28	26	31	30	31	31	27	26	29	29	31	27	29	27	26	29	27	31	31	28	29	28	30	28	27	31	29	31	31	29	28	26	26	31	31	31	30	28	28	30	29	30	31	31	30	31	26	26	30	27	30	31	30	29	31	29	28	30	28	28	26	30	27	31	28	28	26	28	31	29	27	26	30	26	30	29	29	27	26	29	28	31	26	31	28	27	26	30	29	31	30	30	27	29	31	28	30	26	29	28	30	28	31	27	31	26	26	30	26	30	28	27	26	30	30	30	29	30	27	29	27	27	29	30	31	30	28	30	28	26	28	31	28	27	31	30	31	28	30	28	26	30	31	31	30	27	29	31	26	30	27	31	31	30	27	31	26	31	28	29	31	28	27	29	31	28	31	30	30	30	30	28	26	27	26	28	31	31	26	31	30	28	27	26	28	31	29	26	29	30	26	30	28	31	30	29	26	31	27	31	29	29	27	26	28	28	29	30	30	30	29	30	29	28	31	28	30	26	26	29	31	31	29	27	31	30	27	28	31	26	29	27	29	27	30	27	30	28	27	26	28	28	29	30	26	29	28	26	30	29	28	30	29	27	31	27	26	27	31	28	29	27	27	26	27	29	26	30	27	26	28	31	26	30	28	26	29	27	30	26	29	27	29	31	26	27	30	29	31	26	29	28	26	30	31	29	29	29	28	29	31	29	27	26	31	30	31	28	28	29	29	28	30	31	31	27	30	30	29	28	26	30	26	27	31	29	31	27	30	26	27	31	28	26	31	30	28	28	31	28	26	31	30	30	29	31	27	29	30	30	28	31	31	27	31	29	31	28	28	28	27	28	30	30	29	30	28	31	31	29	31	31	28	27	31	26	27	30	29	28	27	31	30	27	26	29	28	26	26	28	29	26	31	29	30	28	31	31	31	26	27	27	29	31	30	30	30	26	31	27	28	31	30	28	28	29	26	29	31	26	30	30	30	28	31	29	29	27	31	29	30	26	30	31	29	30	27	31	30	30	30	30	31	30	29	29	26	26	29	28	28	28	31	27	29	31	28	27	31	29	29	26	28	27	29	30	30	30	28	29	30	31	29	29	28	26	28	27	30	31	27	29	26	29	26	28	30	30	29	28	30	30	27	30	28	29	28	31	29	27	26	27	27	31	30	31	29	31	28	31	29	27	28	28	29	30	30	30	27	28	30	26	31	27	29	
77	90	89	91	89	93	80	79	89	77	87	90	88	87	83	94	91	91	94	83	92	77	76	89	78	89	92	93	78	91	82	81	85	90	80	77	86	87	91	84	91	78	86	88	80	91	92	83	87	89	93	82	87	86	81	77	83	82	88	79	78	81	87	85	86	78	81	84	85	90	86	92	80	92	81	86	90	83	86	77	78	86	84	90	89	91	88	87	77	94	77	92	77	76	85	84	81	84	80	79	84	77	92	86	88	87	78	83	93	90	87	86	78	80	84	78	90	81	91	94	80	84	91	86	88	88	93	94	87	91	86	83	79	81	80	84	94	91	77	80	76	79	93	92	87	89	82	83	90	79	89	85	79	84	88	78	93	78	85	83	78	91	92	82	90	82	81	92	81	93	87	87	79	86	80	94	78	86	81	90	93	77	84	94	93	84	84	78	93	77	86	87	76	84	84	83	91	82	89	82	90	92	77	92	76	94	78	89	77	84	86	88	94	82	92	93	79	93	89	83	94	82	85	92	87	84	90	79	92	85	79	79	89	82	94	88	86	81	76	81	80	81	78	93	91	80	78	79	78	81	90	86	79	85	90	79	94	90	89	80	84	80	83	90	86	81	94	94	79	80	81	80	86	87	86	85	82	88	88	86	78	90	78	79	87	80	76	91	79	90	78	84	81	79	91	94	76	77	83	77	78	89	94	86	79	78	76	88	81	76	88	81	93	91	85	77	81	87	88	94	89	80	85	89	94	80	83	94	93	77	79	79	88	88	76	90	76	86	83	88	86	93	86	87	89	77	87	94	90	80	91	91	87	78	83	76	80	92	93	88	81	78	88	83	77	91	77	90	91	94	94	89	80	80	78	90	81	82	94	89	85	83	89	82	86	94	92	92	82	82	91	86	81	94	77	76	84	76	79	76	81	91	88	92	80	89	81	77	89	82	86	91	84	88	81	88	84	76	83	82	94	87	90	87	87	81	80	77	92	77	90	80	80	85	79	91	93	85	89	78	76	77	82	83	83	84	92	91	81	93	93	94	79	82	85	84	86	80	92	92	90	83	88	81	94	90	88	87	79	80	91	94	85	93	94	92	80	91	85	90	82	91	79	80	91	91	92	86	92	90	86	88	77	80	84	80	82	85	94	85	86	76	85	84	80	79	86	82	89	92	81	77	83	91	85	86	94	83	76	78	89	88	84	78	92	79	90	82	87	84	80	86	77	79	87	88	77	91	86	79	88	89	83	84	78	77	80	80	91	90	79	91	79	88	80	92	79	85	80	77	93	91	93	79	79	91	93	76	94	79	80	78	90	82	90	77	90	80	76	89	84	90	79	78	90	89	82	78	94	85	86	88	94	77	89	80	78	83	87	81	92	78	92	84	88	88	76	86	76	80	86	87	89	87	79	88	87	77	79	85	82	79	89	82	85	84	90	82	87	82	84	80	89	92	89	77	82	80	93	77	85	93	92	77	78	90	76	80	91	91	80	85	89	78	77	90	85	83	85	83	85	85	94	93	78	83	79	81	86	94	79	93	79	81	81	83	88	92	90	85	82	89	77	87	79	84	91	83	92	78	91	90	86	91	78	76	81	80	93	89	82	79	83	78	83	88	90	87	87	78	77	79	79	94	88	93	88	81	91	81	80	77	82	77	76	88	76	81	93	85	76	83	94	82	94	88	81	80	89	83	89	80	80	81	86	77	89	94	78	76	85	90	76	79	91	78	86	88	81	78	90	91	78	80	91	77	81	81	80	88	94	90	80	80	94	82	85	90	87	78	90	94	93	82	81	90	84	94	79	81	88	87	77	87	94	90	94	88	85	88	94	82	85	88	81	78	89	86	78	89	76	78	89	88	88	90	81	93	80	78	93	84	79	80	85	91	79	82	78	77	78	85	83	86	76	85	87	90	87	84	88	79	79	94	79	91	90	86	90	80	93	80	92	93	88	80	81	84	88	87	86	87	88	90	86	87	89	83	88	90	93	84	77	82	79	94	84	76	83	91	81	91	83	78	87	77	77	85	90	80	83	87	89	91	77	84	78	94	78	90	76	94	87	78	94	78	93	80	81	89	77	89	85	84	92	76	92	82	77	81	80	93	85	79	82	79	89	93	87	86	80	89	94	77	82	79	86	82	85	81	89	88	80	90	86	87	82	90	81	91	77	77	87	76	86	94	81	93	82	78	77	91	91	87	92	92	82	86	77	78	76	85	83	81	93	91	83	77	94	90	83	83	94	91	82	86	91	85	92	77	92	81	82	82	77	83	88	86	84	93	
29.7	28.6	15.4	28.6	15.4	29.7	28.6	11	28.6	20.9	12.1	11	15.4	12.1	18.7	24.2	28.6	23.1	23.1	27.5	11	24.2	22	13.2	14.3	27.5	19.8	23.1	13.2	33	26.4	24.2	12.1	20.9	22	13.2	12.1	15.4	29.7	16.5	13.2	24.2	31.9	12.1	16.5	31.9	15.4	17.6	25.3	20.9	16.5	28.6	25.3	15.4	33	18.7	25.3	24.2	11	12.1	29.7	13.2	23.1	25.3	15.4	25.3	15.4	31.9	20.9	29.7	15.4	29.7	30.8	20.9	11	29.7	11	24.2	23.1	20.9	13.2	16.5	30.8	25.3	29.7	11	15.4	15.4	16.5	19.8	18.7	25.3	33	29.7	23.1	14.3	20.9	11	24.2	31.9	13.2	15.4	17.6	14.3	22	12.1	20.9	23.1	15.4	31.9	26.4	33	28.6	20.9	31.9	22	20.9	25.3	15.4	29.7	12.1	16.5	23.1	29.7	16.5	29.7	19.8	22	17.6	33	17.6	26.4	26.4	23.1	19.8	20.9	17.6	33	19.8	11	25.3	33	17.6	33	27.5	24.2	30.8	13.2	15.4	11	30.8	33	25.3	27.5	13.2	15.4	20.9	29.7	26.4	16.5	16.5	26.4	28.6	12.1	20.9	12.1	20.9	18.7	16.5	27.5	23.1	19.8	26.4	23.1	15.4	26.4	30.8	18.7	22	11	27.5	26.4	33	27.5	28.6	33	28.6	11	33	11	28.6	28.6	11	23.1	24.2	20.9	29.7	30.8	15.4	18.7	25.3	29.7	19.8	28.6	23.1	16.5	12.1	30.8	28.6	13.2	31.9	14.3	15.4	22	30.8	33	23.1	33	29.7	33	17.6	26.4	30.8	27.5	13.2	16.5	23.1	26.4	31.9	11	17.6	18.7	18.7	26.4	12.1	24.2	18.7	28.6	12.1	15.4	30.8	19.8	20.9	17.6	12.1	29.7	12.1	19.8	33	20.9	13.2	18.7	25.3	12.1	28.6	25.3	12.1	31.9	31.9	11	11	25.3	28.6	27.5	22	19.8	31.9	14.3	31.9	25.3	33	23.1	27.5	24.2	22	25.3	23.1	14.3	28.6	28.6	14.3	14.3	33	14.3	16.5	22	13.2	11	30.8	25.3	28.6	11	18.7	24.2	27.5	28.6	13.2	12.1	29.7	11	29.7	12.1	33	11	27.5	33	11	30.8	12.1	28.6	28.6	29.7	28.6	30.8	15.4	13.2	14.3	33	23.1	18.7	18.7	23.1	30.8	23.1	25.3	15.4	33	19.8	30.8	17.6	24.2	16.5	16.5	33	13.2	26.4	24.2	27.5	15.4	11	19.8	20.9	15.4	18.7	28.6	25.3	27.5	14.3	12.1	13.2	17.6	13.2	31.9	29.7	14.3	19.8	30.8	14.3	27.5	30.8	20.9	14.3	17.6	15.4	13.2	31.9	30.8	25.3	20.9	11	26.4	15.4	22	24.2	15.4	13.2	15.4	16.5	24.2	14.3	17.6	24.2	28.6	13.2	12.1	13.2	30.8	31.9	29.7	19.8	28.6	16.5	14.3	16.5	28.6	31.9	17.6	17.6	11	28.6	20.9	16.5	13.2	18.7	28.6	26.4	26.4	17.6	22	24.2	26.4	13.2	17.6	15.4	25.3	18.7	18.7	17.6	17.6	12.1	24.2	22	33	26.4	28.6	20.9	27.5	23.1	16.5	14.3	15.4	28.6	25.3	14.3	18.7	27.5	28.6	15.4	19.8	29.7	15.4	24.2	23.1	11	22	14.3	12.1	12.1	24.2	16.5	26.4	24.2	20.9	18.7	13.2	22	24.2	33	30.8	19.8	33	30.8	23.1	29.7	16.5	18.7	11	31.9	24.2	13.2	17.6	15.4	17.6	26.4	13.2	29.7	14.3	14.3	22	26.4	14.3	15.4	18.7	28.6	23.1	23.1	16.5	29.7	25.3	29.7	13.2	20.9	33	27.5	11	18.7	13.2	28.6	31.9	17.6	16.5	18.7	15.4	25.3	18.7	30.8	30.8	31.9	22	30.8	16.5	15.4	20.9	23.1	30.8	11	12.1	16.5	25.3	26.4	13.2	14.3	24.2	24.2	15.4	17.6	14.3	25.3	20.9	20.9	13.2	19.8	18.7	27.5	12.1	26.4	23.1	31.9	24.2	15.4	26.4	33	19.8	20.9	27.5	24.2	12.1	13.2	14.3	25.3	22	16.5	29.7	19.8	15.4	33	22	33	19.8	11	22	19.8	19.8	29.7	33	29.7	15.4	30.8	16.5	23.1	11	33	18.7	27.5	19.8	17.6	14.3	14.3	14.3	17.6	29.7	15.4	23.1	12.1	22	17.6	17.6	22	16.5	18.7	31.9	18.7	13.2	18.7	33	33	27.5	14.3	11	22	26.4	19.8	14.3	17.6	28.6	12.1	27.5	13.2	29.7	17.6	25.3	18.7	26.4	18.7	33	27.5	27.5	16.5	12.1	25.3	19.8	19.8	17.6	13.2	22	33	11	15.4	14.3	31.9	19.8	19.8	12.1	33	18.7	26.4	22	20.9	17.6	15.4	16.5	22	12.1	30.8	23.1	14.3	29.7	33	31.9	25.3	26.4	31.9	18.7	19.8	14.3	33	12.1	12.1	23.1	19.8	11	24.2	25.3	18.7	20.9	11	13.2	25.3	16.5	22	33	29.7	16.5	14.3	22	17.6	31.9	13.2	33	19.8	30.8	15.4	28.6	30.8	20.9	27.5	19.8	13.2	23.1	18.7	20.9	17.6	19.8	23.1	18.7	23.1	17.6	27.5	16.5	22	27.5	16.5	28.6	15.4	30.8	27.5	22	25.3	15.4	30.8	27.5	24.2	11	16.5	11	31.9	12.1	14.3	11	28.6	28.6	29.7	19.8	19.8	30.8	27.5	33	12.1	20.9	31.9	27.5	18.7	19.8	28.6	13.2	22	25.3	28.6	13.2	28.6	18.7	15.4	16.5	30.8	23.1	30.8	24.2	25.3	12.1	30.8	25.3	11	16.5	11	15.4	15.4	24.2	12.1	19.8	18.7	16.5	14.3	19.8	17.6	29.7	23.1	33	31.9	11	16.5	19.8	24.2	16.5	18.7	15.4	33	29.7	30.8	28.6	16.5	13.2	17.6	22	25.3	31.9	13.2	14.3	24.2	22	13.2	28.6	17.6	23.1	33	20.9	15.4	33	18.7	12.1	30.8	28.6	31.9	19.8	28.6	26.4	13.2	29.7	23.1	33	26.4	24.2	13.2	13.2	26.4	15.4	17.6	33	17.6	12.1	31.9	27.5	15.4	29.7	25.3	20.9	26.4	12.1	12.1	15.4	16.5	11	18.7	33	25.3	25.3	17.6	15.4	16.5	17.6	15.4	25.3	25.3	27.5	28.6	22	29.7	33	28.6	22	11	24.2	31.9	16.5	12.1	27.5	18.7	13.2	14.3	19.8	23.1	28.6	31.9	33	25.3	31.9	14.3	20.9	16.5	19.8	23.1	24.2	15.4	15.4	20.9	23.1	19.8	18.7	14.3	12.1	20.9	24.2	20.9	27.5	24.2	31.9	19.8	20.9	25.3	30.8	29.7	17.6	16.5	16.5	31.9	22	24.2	17.6	19.8	22	13.2	22	12.1	33	12.1	28.6	14.3	28.6	31.9	11	27.5	26.4	22	24.2	14.3	18.7	11	26.4	22	13.2	25.3	14.3	29.7	30.8	28.6	27.5	14.3	23.1	14.3	33	31.9	14.3	31.9	28.6	15.4	26.4	13.2	26.4	15.4	20.9	27.5	23.1	31.9	30.8	23.1	25.3	26.4	24.2	25.3	25.3	25.3	29.7	17.6	25.3	25.3	25.3	24.2	26.4	33	18.7	30.8	25.3	12.1	14.3	16.5	30.8	30.8	12.1	17.6	23.1	30.8	14.3	12.1	20.9	20.9	11	17.6	19.8	19.8	23.1	11	12.1	22	33	26.4	28.6	26.4	27.5	31.9	13.2	19.8	25.3	15.4	22	26.4	28.6	20.9	20.9	24.2	31.9	29.7	
26.4	11	30.8	23.1	30.8	19.8	30.8	26.4	29.7	19.8	18.7	17.6	14.3	29.7	26.4	22	12.1	29.7	23.1	20.9	27.5	18.7	25.3	19.8	33	27.5	25.3	24.2	25.3	33	19.8	15.4	13.2	31.9	30.8	26.4	14.3	31.9	33	29.7	13.2	29.7	14.3	20.9	24.2	20.9	19.8	17.6	17.6	26.4	27.5	30.8	12.1	25.3	31.9	27.5	31.9	26.4	22	16.5	25.3	27.5	25.3	33	13.2	30.8	15.4	12.1	18.7	18.7	18.7	31.9	11	14.3	12.1	19.8	27.5	18.7	17.6	20.9	27.5	26.4	28.6	23.1	19.8	12.1	26.4	30.8	30.8	24.2	27.5	15.4	20.9	12.1	30.8	23.1	20.9	23.1	23.1	22	15.4	28.6	27.5	17.6	17.6	26.4	18.7	33	15.4	33	11	22	24.2	25.3	33	11	22	14.3	28.6	25.3	12.1	20.9	14.3	19.8	18.7	16.5	30.8	28.6	33	29.7	17.6	20.9	27.5	33	24.2	23.1	30.8	16.5	27.5	14.3	22	16.5	15.4	22	31.9	23.1	26.4	15.4	23.1	27.5	23.1	17.6	12.1	31.9	24.2	26.4	28.6	24.2	16.5	25.3	31.9	14.3	18.7	24.2	23.1	17.6	30.8	27.5	27.5	20.9	11	23.1	19.8	23.1	30.8	22	23.1	20.9	24.2	27.5	27.5	29.7	26.4	18.7	16.5	24.2	20.9	30.8	29.7	20.9	12.1	25.3	14.3	31.9	33	23.1	12.1	12.1	14.3	14.3	12.1	22	17.6	11	23.1	17.6	23.1	14.3	27.5	11	20.9	27.5	23.1	25.3	20.9	26.4	28.6	15.4	27.5	27.5	33	33	18.7	22	17.6	12.1	29.7	13.2	25.3	15.4	22	22	25.3	16.5	17.6	31.9	24.2	30.8	23.1	33	11	22	19.8	13.2	24.2	28.6	28.6	12.1	28.6	11	19.8	30.8	27.5	31.9	14.3	29.7	17.6	19.8	25.3	14.3	28.6	17.6	25.3	16.5	17.6	13.2	30.8	18.7	16.5	15.4	13.2	33	24.2	18.7	14.3	17.6	12.1	12.1	19.8	30.8	24.2	13.2	30.8	30.8	25.3	33	26.4	30.8	31.9	30.8	25.3	33	19.8	31.9	23.1	13.2	23.1	24.2	19.8	19.8	19.8	25.3	27.5	16.5	28.6	19.8	17.6	11	11	25.3	18.7	11	27.5	15.4	28.6	17.6	33	30.8	14.3	23.1	25.3	12.1	11	28.6	33	12.1	28.6	33	25.3	31.9	33	13.2	17.6	20.9	18.7	22	23.1	26.4	25.3	23.1	16.5	11	18.7	13.2	22	23.1	16.5	14.3	24.2	22	12.1	26.4	14.3	12.1	31.9	23.1	23.1	18.7	31.9	17.6	24.2	12.1	26.4	18.7	20.9	14.3	24.2	12.1	19.8	25.3	11	25.3	19.8	24.2	13.2	13.2	27.5	26.4	28.6	20.9	13.2	23.1	18.7	12.1	17.6	33	12.1	23.1	30.8	16.5	29.7	27.5	15.4	11	15.4	29.7	29.7	23.1	29.7	29.7	27.5	15.4	28.6	33	15.4	24.2	19.8	13.2	23.1	24.2	33	23.1	24.2	19.8	28.6	18.7	22	16.5	19.8	33	16.5	16.5	30.8	18.7	22	18.7	16.5	29.7	16.5	18.7	19.8	17.6	26.4	26.4	25.3	29.7	33	16.5	27.5	24.2	25.3	15.4	12.1	22	33	30.8	20.9	17.6	17.6	20.9	25.3	31.9	16.5	15.4	23.1	30.8	24.2	29.7	30.8	13.2	11	19.8	22	20.9	33	29.7	20.9	13.2	31.9	14.3	27.5	19.8	25.3	13.2	18.7	27.5	33	18.7	20.9	20.9	17.6	30.8	25.3	19.8	31.9	30.8	25.3	26.4	31.9	28.6	14.3	25.3	19.8	20.9	14.3	28.6	19.8	25.3	30.8	19.8	29.7	27.5	17.6	20.9	18.7	14.3	31.9	17.6	25.3	12.1	16.5	12.1	28.6	29.7	33	16.5	15.4	12.1	19.8	24.2	12.1	28.6	15.4	33	17.6	18.7	33	33	15.4	29.7	22	12.1	26.4	29.7	13.2	29.7	22	12.1	29.7	12.1	28.6	28.6	17.6	19.8	18.7	11	25.3	28.6	28.6	31.9	31.9	33	19.8	20.9	29.7	12.1	16.5	15.4	30.8	27.5	20.9	26.4	29.7	29.7	26.4	20.9	13.2	23.1	17.6	24.2	23.1	25.3	20.9	25.3	31.9	17.6	18.7	20.9	15.4	13.2	15.4	16.5	30.8	28.6	11	30.8	12.1	28.6	15.4	20.9	18.7	11	22	26.4	27.5	29.7	27.5	31.9	31.9	33	27.5	16.5	29.7	16.5	13.2	29.7	12.1	14.3	14.3	19.8	26.4	23.1	14.3	12.1	31.9	26.4	31.9	14.3	23.1	14.3	22	14.3	19.8	25.3	25.3	18.7	30.8	19.8	13.2	17.6	15.4	19.8	23.1	19.8	17.6	28.6	25.3	15.4	18.7	28.6	27.5	29.7	13.2	17.6	11	29.7	25.3	30.8	17.6	27.5	23.1	20.9	13.2	16.5	30.8	28.6	14.3	12.1	11	33	28.6	30.8	28.6	29.7	30.8	30.8	25.3	28.6	22	15.4	30.8	22	20.9	15.4	33	15.4	19.8	15.4	26.4	29.7	14.3	31.9	33	17.6	20.9	25.3	25.3	28.6	23.1	22	26.4	13.2	20.9	18.7	33	26.4	30.8	25.3	16.5	16.5	19.8	12.1	25.3	24.2	13.2	23.1	31.9	24.2	31.9	14.3	13.2	27.5	19.8	31.9	31.9	18.7	13.2	12.1	29.7	30.8	33	13.2	33	16.5	22	15.4	26.4	17.6	20.9	31.9	28.6	24.2	29.7	14.3	28.6	11	29.7	33	25.3	30.8	19.8	29.7	28.6	11	26.4	20.9	28.6	20.9	23.1	31.9	20.9	22	30.8	17.6	33	12.1	16.5	27.5	28.6	17.6	11	28.6	26.4	19.8	25.3	25.3	24.2	20.9	33	12.1	30.8	15.4	33	15.4	26.4	14.3	14.3	20.9	14.3	11	26.4	12.1	20.9	18.7	30.8	23.1	33	25.3	23.1	25.3	14.3	19.8	19.8	31.9	23.1	29.7	25.3	23.1	13.2	25.3	28.6	18.7	20.9	24.2	26.4	19.8	17.6	24.2	17.6	22	15.4	17.6	13.2	33	33	15.4	25.3	17.6	22	14.3	26.4	26.4	29.7	18.7	15.4	14.3	20.9	24.2	29.7	29.7	28.6	11	29.7	33	24.2	22	23.1	16.5	23.1	12.1	26.4	26.4	29.7	17.6	14.3	31.9	23.1	29.7	12.1	11	26.4	30.8	12.1	22	15.4	20.9	19.8	30.8	20.9	19.8	23.1	29.7	28.6	24.2	26.4	28.6	15.4	20.9	18.7	31.9	19.8	20.9	33	11	23.1	14.3	20.9	26.4	16.5	33	29.7	11	15.4	16.5	20.9	14.3	20.9	11	27.5	12.1	31.9	23.1	31.9	22	31.9	19.8	27.5	15.4	19.8	27.5	11	16.5	23.1	33	23.1	13.2	23.1	15.4	15.4	20.9	23.1	27.5	17.6	13.2	31.9	23.1	12.1	26.4	20.9	23.1	30.8	15.4	33	28.6	18.7	11	27.5	20.9	12.1	25.3	14.3	19.8	16.5	33	22	17.6	17.6	16.5	14.3	19.8	30.8	28.6	13.2	31.9	30.8	26.4	19.8	20.9	13.2	24.2	11	12.1	29.7	28.6	18.7	17.6	18.7	20.9	27.5	14.3	25.3	14.3	19.8	14.3	12.1	20.9	27.5	14.3	26.4	20.9	11	13.2	18.7	23.1	27.5	22	31.9	28.6	29.7	14.3	22	17.6	27.5	24.2	29.7	12.1	11	33	11	13.2	22	16.5	12.1	13.2	13.2	15.4	13.2	14.3	20.9	30.8	
33	16.5	19.8	31.9	24.2	25.3	29.7	25.3	17.6	22	15.4	27.5	15.4	15.4	11	22	27.5	30.8	14.3	22	13.2	26.4	11	17.6	12.1	20.9	23.1	19.8	31.9	26.4	11	17.6	15.4	22	20.9	20.9	27.5	31.9	16.5	20.9	14.3	12.1	16.5	27.5	13.2	
14	20	18	13	14	18	16	17	20	17	20	15	17	13	20	12	14	19	10	10	14	16	18	14	12	16	20	15	13	20	10	19	12	13	18	15	15	19	12	13	14	14	16	15	12	19	15	10	10	12	19	20	11	20	20	12	11	16	12	19	18	14	13	14	20	12	11	16	14	15	19	18	19	19	18	20	15	12	12	13	14	20	19	19	11	13	12	11	12	11	19	13	10	19	14	14	17	17	17	14	18	17	18	18	18	12	15	11	20	17	16	11	11	18	17	17	14	12	17	18	15	18	13	15	10	16	13	19	14	19	16	13	10	16	16	10	19	20	17	12	17	10	12	18	16	14	18	18	20	20	15	17	18	10	10	14	14	18	10	17	12	15	11	16	18	10	17	11	18	16	18	14	18	19	18	14	20	13	13	11	14	16	12	16	10	15	15	16	10	17	16	14	12	15	12	17	20	12	13	15	11	16	10	12	20	13	19	19	20	11	17	20	15	18	17	17	14	11	15	13	10	17	19	14	13	13	15	17	20	11	20	13	10	18	18	14	11	19	20	10	15	16	18	18	17	15	17	14	14	14	19	18	20	11	18	19	14	11	11	15	16	11	20	16	11	12	14	19	18	10	20	13	16	17	15	14	20	10	15	17	13	19	17	10	18	14	13	13	17	11	20	11	12	13	20	16	12	18	10	12	10	18	17	12	12	18	20	15	15	13	10	11	12	12	15	16	11	13	18	15	18	14	18	12	14	18	20	13	12	20	11	16	16	18	14	14	11	18	20	15	20	13	14	18	19	16	13	10	14	20	13	18	20	11	19	12	19	16	19	15	15	10	12	20	13	10	13	12	12	12	14	19	16	10	14	12	17	14	19	17	19	17	19	16	14	11	18	14	16	20	11	13	18	18	15	15	10	17	20	14	17	16	17	12	16	20	13	18	18	16	10	12	10	17	11	16	15	19	19	18	17	20	11	17	13	15	19	13	16	19	17	16	15	20	12	11	16	10	15	13	16	15	19	13	13	13	10	18	11	10	14	19	10	17	19	20	16	13	20	15	17	19	16	16	11	15	11	19	16	18	15	18	14	17	10	12	20	16	13	14	13	13	10	20	10	12	12	19	12	10	10	13	10	18	12	15	11	18	14	10	20	15	13	13	16	10	17	19	11	13	13	14	15	11	19	14	15	13	17	15	20	17	16	13	18	18	16	10	20	16	17	12	14	10	20	14	14	15	12	10	20	12	17	19	15	17	12	12	18	11	18	17	16	17	17	12	20	18	19	14	16	16	14	19	11	20	17	17	17	18	18	12	10	12	16	11	18	12	16	18	15	19	12	10	20	14	11	17	11	14	11	18	16	13	13	15	10	17	15	13	17	16	19	10	10	18	16	11	16	13	11	14	11	20	18	16	19	11	10	19	12	16	17	18	13	19	16	15	18	13	10	16	12	10	15	14	20	19	15	14	20	14	12	12	19	11	16	10	14	10	11	15	19	16	17	19	10	14	15	14	13	17	14	19	16	11	14	10	16	11	11	19	17	12	15	14	11	12	18	16	19	16	13	17	16	20	14	17	12	16	12	17	14	11	18	12	12	19	15	20	18	19	12	20	17	13	11	17	19	11	13	18	17	11	13	10	15	12	15	18	15	20	10	15	13	19	16	12	16	11	20	17	15	19	20	16	11	16	11	20	19	15	17	14	12	18	11	19	19	14	12	10	15	13	11	15	20	18	10	10	11	19	19	20	11	17	13	13	18	12	17	17	20	16	15	17	11	12	14	20	15	18	13	17	16	10	13	11	18	11	18	14	13	16	13	10	10	13	17	17	19	18	20	15	13	11	19	15	19	13	15	18	14	15	11	11	12	11	18	13	17	18	18	12	20	19	12	13	10	13	17	17	18	11	16	15	17	15	16	20	11	12	19	17	12	10	12	15	17	18	14	17	14	19	15	20	15	12	17	15	10	12	11	18	17	15	14	16	12	10	14	19	14	13	17	15	12	10	17	12	16	11	19	14	17	15	15	15	16	10	18	12	14	16	12	14	13	14	18	11	15	13	12	20	12	17	11	18	11	10	15	19	19	14	14	15	11	18	11	20	19	20	18	17	19	12	19	12	15	10	15	20	11	10	13	18	16	18	15	20	15	12	20	17	18	20	17	12	20	17	18	12	12	20	12	16	12	12	20	20	18	20	20	12	13	17	18	12	17	19	11	19	19	17	10	17	10	20	17	11	20	13	11	14	20	15	16	18	17	16	10	11	17	15	13	16	14	19	12	14	
1	1	1	1	1	1	1	1	1	1	1	1	1	1	1	1	1	1	1	1	1	1	1	1	2	2	2	2	2	2	2	2	2	2	2	2	2	2	2	2	2	2	3	3	3	3	3	3	3	3	3	3	3	3	3	3	3	3	3	3	4	4	4	4	4	4	4	4	4	4	4	4	4	4	4	4	4	4	5	5	5	5	5	5	5	5	5	5	5	5	5	5	5	5	5	5	6	6	6	6	6	6	6	6	6	6	6	6	6	6	6	6	6	6	6	6	7	7	7	7	7	7	7	7	7	7	7	7	7	7	7	7	7	7	7	7	7	7	7	7	7	8	8	8	8	8	8	8	8	8	8	8	8	8	8	8	8	8	8	8	8	8	8	8	8	8	8	9	9	9	9	9	9	9	9	9	9	9	9	9	9	9	9	9	9	9	9	9	9	9	9	9	10	10	10	10	10	10	10	10	10	10	10	10	10	10	10	10	10	10	10	10	10	10	10	10	10	10	11	11	11	11	11	11	11	11	11	11	11	11	11	11	11	11	11	11	11	11	11	12	12	12	12	12	12	12	12	12	12	12	12	12	12	12	12	12	12	12	12	12	12	13	13	13	13	13	13	13	13	13	13	13	13	13	13	13	13	13	13	13	13	13	13	13	13	13	13	13	13	13	13	14	14	14	14	14	14	14	14	14	14	14	14	14	14	14	14	14	14	15	15	15	15	15	15	15	15	15	15	15	15	15	15	15	15	15	15	15	15	15	15	15	16	16	16	16	16	16	16	16	16	16	16	16	16	16	16	16	16	16	16	16	16	16	16	16	16	16	16	16	16	17	17	17	17	17	17	17	17	17	17	17	17	17	17	17	17	17	18	18	18	18	18	18	18	18	18	18	18	18	18	18	18	18	18	18	18	18	18	18	18	18	18	18	19	19	19	19	19	19	19	19	19	19	19	19	19	19	19	19	19	19	20	20	20	20	20	20	20	20	20	20	20	20	20	20	20	20	20	20	20	20	20	20	20	20	21	21	21	21	21	21	21	21	21	21	21	21	21	21	21	21	21	21	21	21	21	21	22	22	22	22	22	22	22	22	22	22	22	22	22	22	22	22	22	22	23	23	23	23	23	23	23	23	23	23	23	23	23	23	24	24	24	24	24	24	24	24	24	24	24	24	24	24	24	24	24	24	24	25	25	25	25	25	25	25	25	25	25	25	25	25	25	25	25	25	25	25	25	25	25	26	26	26	26	26	26	26	26	26	26	26	26	26	26	26	26	26	26	26	27	27	27	27	27	27	27	27	27	27	27	27	27	27	27	27	27	28	28	28	28	28	28	28	28	28	28	28	28	28	28	28	29	29	29	29	29	29	29	29	29	29	29	29	29	29	29	29	30	30	30	30	30	30	30	30	30	30	30	30	30	30	30	30	30	30	30	30	30	30	31	31	31	31	31	31	31	31	31	31	31	31	31	31	31	31	32	32	32	32	32	32	32	32	32	32	32	32	32	32	32	32	32	32	32	32	32	32	32	32	32	32	33	33	33	33	33	33	33	33	33	33	33	33	33	33	33	33	33	33	33	33	33	33	33	33	34	34	34	34	34	34	34	34	34	34	34	34	34	34	34	34	34	34	34	34	35	35	35	35	35	35	35	35	35	35	35	35	35	35	35	35	35	35	35	36	36	36	36	36	36	36	36	36	36	36	36	36	36	36	36	36	36	36	36	36	36	36	36	36	36	36	37	37	37	37	37	37	37	37	37	37	37	37	37	37	37	37	37	37	37	37	37	37	37	37	37	37	37	37	37	37	37	37	37	37	37	38	38	38	38	38	38	38	38	38	38	38	38	38	38	38	38	38	38	38	38	38	38	38	38	38	38	38	38	38	39	39	39	39	39	39	39	39	39	39	39	39	39	39	39	39	39	39	39	39	39	39	39	39	39	39	39	39	39	39	39	39	39	39	39	39	39	39	39	39	40	40	40	40	40	40	40	40	40	40	40	40	40	40	40	40	40	41	41	41	41	41	41	41	41	41	41	41	41	41	41	41	41	41	42	42	42	42	42	42	42	42	42	42	42	42	42	42	42	42	42	42	42	42	42	42	42	42	42	42	42	42	43	43	43	43	43	43	43	43	43	43	43	43	43	43	43	43	43	43	43	43	43	43	43	43	43	43	43	43	44	44	44	44	44	44	44	44	44	44	44	44	44	44	44	44	44	44	44	45	45	45	45	45	45	45	45	45	45	45	45	45	45	45	45	45	45	45	45	45	45	45	45	45	
