300
14	3
379	1.00
3	3	3	3	2	3	3	2	3	3	2	3	3	3	3	3	2	3	3	3	3	2	2	3	2	2	3	3	2	3	3	2	3	3	3	3	3	3	3	3	3	2	3	3	2	2	3	3	3	2	2	3	2	2	2	2	2	2	3	3	3	3	3	3	3	3	3	3	2	3	3	3	3	3	2	3	3	3	2	2	3	3	3	3	3	3	2	3	3	3	2	3	3	3	3	3	3	2	3	3	3	3	3	3	3	2	2	3	3	3	3	3	3	3	3	3	3	3	3	3	3	2	3	3	3	3	3	2	2	3	3	3	2	3	3	3	3	2	3	3	2	3	3	2	3	3	2	2	3	2	2	3	3	3	2	3	2	2	2	2	3	2	3	3	3	3	2	3	3	3	2	3	3	2	2	3	2	3	3	3	3	2	3	2	3	3	3	3	3	2	3	2	2	3	3	3	2	3	3	2	3	3	3	3	3	3	3	3	3	3	3	3	2	3	3	2	3	3	2	2	3	3	2	3	3	2	2	2	2	2	3	3	2	2	2	3	3	2	3	2	3	2	2	3	2	3	3	2	2	3	3	3	3	2	2	3	2	3	2	2	3	2	3	3	3	3	2	3	2	3	2	3	2	3	3	2	3	2	3	3	3	3	3	3	3	3	3	2	3	3	2	3	3	3	3	2	2	3	3	3	
2	6	7	
2	6	7	
2	6	7	
1	2	3	
1	3	
1	2	3	
1	2	3	
1	3	
2	6	7	
1	2	3	
0	1	
2	6	7	
2	3	4	
2	6	7	
2	3	4	
1	2	3	
0	1	
2	6	7	
2	6	7	
2	3	4	
1	2	3	
0	1	
0	1	
2	6	7	
0	1	
0	1	
1	2	3	
2	3	4	
0	1	
2	6	7	
2	3	4	
1	3	
2	3	4	
1	2	3	
1	2	3	
2	6	7	
1	2	3	
2	3	4	
2	3	4	
1	2	3	
1	2	3	
0	1	
1	2	3	
2	6	7	
0	1	
0	1	
2	6	7	
2	6	7	
2	6	7	
1	3	
1	3	
2	6	7	
1	3	
1	3	
0	1	
0	1	
1	3	
0	1	
1	2	3	
1	2	3	
1	2	3	
1	2	3	
2	3	4	
2	6	7	
1	2	3	
2	6	7	
2	3	4	
2	3	4	
1	3	
1	2	3	
1	2	3	
2	3	4	
1	2	3	
1	2	3	
1	3	
1	2	3	
1	2	3	
2	6	7	
1	3	
0	1	
1	2	3	
1	2	3	
2	6	7	
1	2	3	
2	3	4	
1	2	3	
1	3	
2	3	4	
2	3	4	
2	3	4	
1	3	
1	2	3	
2	6	7	
2	3	4	
1	2	3	
1	2	3	
1	2	3	
0	1	
2	3	4	
2	3	4	
1	2	3	
1	2	3	
2	6	7	
2	6	7	
1	2	3	
1	3	
0	1	
1	2	3	
1	2	3	
1	2	3	
1	2	3	
1	2	3	
2	3	4	
2	6	7	
2	3	4	
1	2	3	
1	2	3	
2	3	4	
2	3	4	
1	2	3	
1	2	3	
1	3	
1	2	3	
1	2	3	
1	2	3	
2	3	4	
2	3	4	
0	1	
1	3	
1	2	3	
1	2	3	
2	6	7	
1	3	
2	6	7	
2	3	4	
1	2	3	
2	6	7	
0	1	
2	3	4	
2	6	7	
1	3	
2	3	4	
1	2	3	
0	1	
1	2	3	
1	2	3	
1	3	
0	1	
2	6	7	
0	1	
1	3	
2	6	7	
2	3	4	
1	2	3	
1	3	
2	3	4	
1	3	
1	3	
1	3	
0	1	
2	3	4	
1	3	
1	2	3	
2	6	7	
1	2	3	
2	3	4	
0	1	
2	6	7	
2	6	7	
2	6	7	
0	1	
1	2	3	
1	2	3	
1	3	
0	1	
2	6	7	
1	3	
1	2	3	
1	2	3	
1	2	3	
1	2	3	
1	3	
2	6	7	
1	3	
2	6	7	
1	2	3	
1	2	3	
1	2	3	
1	2	3	
1	3	
2	3	4	
1	3	
1	3	
2	6	7	
1	2	3	
2	6	7	
0	1	
1	2	3	
1	2	3	
1	3	
1	2	3	
2	6	7	
1	2	3	
1	2	3	
1	2	3	
1	2	3	
2	6	7	
1	2	3	
1	2	3	
2	6	7	
1	2	3	
2	6	7	
1	3	
1	2	3	
1	2	3	
1	3	
2	6	7	
2	6	7	
1	3	
0	1	
2	6	7	
2	3	4	
1	3	
1	2	3	
1	2	3	
1	3	
1	3	
1	3	
0	1	
0	1	
1	2	3	
2	3	4	
1	3	
1	3	
1	3	
1	2	3	
2	6	7	
1	3	
2	6	7	
0	1	
1	2	3	
0	1	
0	1	
2	6	7	
0	1	
1	2	3	
2	6	7	
1	3	
0	1	
1	2	3	
1	2	3	
2	6	7	
1	2	3	
0	1	
0	1	
1	2	3	
1	3	
2	3	4	
0	1	
1	3	
2	6	7	
1	3	
2	6	7	
1	2	3	
1	2	3	
1	2	3	
1	3	
1	2	3	
1	3	
2	3	4	
1	3	
1	2	3	
1	3	
2	3	4	
1	2	3	
1	3	
1	2	3	
0	1	
2	3	4	
2	6	7	
2	3	4	
2	3	4	
1	2	3	
1	2	3	
2	3	4	
1	2	3	
1	2	3	
1	3	
2	3	4	
2	3	4	
1	3	
2	6	7	
1	2	3	
1	2	3	
1	2	3	
1	3	
0	1	
1	2	3	
1	2	3	
2	3	4	
48.00	36.00	32.00	
48.00	36.00	32.00	
48.00	36.00	32.00	
42.00	24.00	20.00	
42.00	32.00	
42.00	20.00	16.00	
42.00	20.00	16.00	
42.00	32.00	
48.00	36.00	32.00	
42.00	24.00	20.00	
32.00	16.00	
48.00	36.00	32.00	
42.00	28.00	28.00	
48.00	36.00	32.00	
42.00	28.00	28.00	
42.00	20.00	16.00	
32.00	16.00	
48.00	36.00	32.00	
48.00	36.00	32.00	
42.00	28.00	28.00	
42.00	24.00	20.00	
32.00	16.00	
32.00	16.00	
48.00	36.00	32.00	
32.00	16.00	
32.00	16.00	
42.00	20.00	16.00	
42.00	28.00	28.00	
32.00	16.00	
48.00	36.00	32.00	
42.00	28.00	28.00	
42.00	32.00	
42.00	28.00	28.00	
42.00	24.00	20.00	
42.00	20.00	16.00	
48.00	36.00	32.00	
42.00	20.00	16.00	
42.00	28.00	28.00	
42.00	28.00	28.00	
42.00	24.00	20.00	
42.00	20.00	16.00	
32.00	16.00	
42.00	20.00	16.00	
48.00	36.00	32.00	
32.00	16.00	
32.00	16.00	
48.00	36.00	32.00	
48.00	36.00	32.00	
48.00	36.00	32.00	
42.00	32.00	
42.00	32.00	
48.00	36.00	32.00	
42.00	32.00	
42.00	32.00	
32.00	16.00	
32.00	16.00	
42.00	32.00	
32.00	16.00	
42.00	24.00	20.00	
42.00	24.00	20.00	
42.00	20.00	16.00	
42.00	24.00	20.00	
42.00	28.00	28.00	
48.00	36.00	32.00	
42.00	20.00	16.00	
48.00	36.00	32.00	
42.00	28.00	28.00	
42.00	28.00	28.00	
42.00	32.00	
42.00	24.00	20.00	
42.00	24.00	20.00	
42.00	28.00	28.00	
42.00	20.00	16.00	
42.00	24.00	20.00	
42.00	32.00	
42.00	24.00	20.00	
42.00	24.00	20.00	
48.00	36.00	32.00	
42.00	32.00	
32.00	16.00	
42.00	20.00	16.00	
42.00	20.00	16.00	
48.00	36.00	32.00	
42.00	20.00	16.00	
42.00	28.00	28.00	
42.00	20.00	16.00	
42.00	32.00	
42.00	28.00	28.00	
42.00	28.00	28.00	
42.00	28.00	28.00	
42.00	32.00	
42.00	24.00	20.00	
48.00	36.00	32.00	
42.00	28.00	28.00	
42.00	20.00	16.00	
42.00	24.00	20.00	
42.00	24.00	20.00	
32.00	16.00	
42.00	28.00	28.00	
42.00	28.00	28.00	
42.00	24.00	20.00	
42.00	20.00	16.00	
48.00	36.00	32.00	
48.00	36.00	32.00	
42.00	24.00	20.00	
42.00	32.00	
32.00	16.00	
42.00	24.00	20.00	
42.00	24.00	20.00	
42.00	20.00	16.00	
42.00	20.00	16.00	
42.00	24.00	20.00	
42.00	28.00	28.00	
48.00	36.00	32.00	
42.00	28.00	28.00	
42.00	20.00	16.00	
42.00	20.00	16.00	
42.00	28.00	28.00	
42.00	28.00	28.00	
42.00	24.00	20.00	
42.00	24.00	20.00	
42.00	32.00	
42.00	24.00	20.00	
42.00	20.00	16.00	
42.00	20.00	16.00	
42.00	28.00	28.00	
42.00	28.00	28.00	
32.00	16.00	
42.00	32.00	
42.00	20.00	16.00	
42.00	24.00	20.00	
48.00	36.00	32.00	
42.00	32.00	
48.00	36.00	32.00	
42.00	28.00	28.00	
42.00	24.00	20.00	
48.00	36.00	32.00	
32.00	16.00	
42.00	28.00	28.00	
48.00	36.00	32.00	
42.00	32.00	
42.00	28.00	28.00	
42.00	20.00	16.00	
32.00	16.00	
42.00	20.00	16.00	
42.00	20.00	16.00	
42.00	32.00	
32.00	16.00	
48.00	36.00	32.00	
32.00	16.00	
42.00	32.00	
48.00	36.00	32.00	
42.00	28.00	28.00	
42.00	24.00	20.00	
42.00	32.00	
42.00	28.00	28.00	
42.00	32.00	
42.00	32.00	
42.00	32.00	
32.00	16.00	
42.00	28.00	28.00	
42.00	32.00	
42.00	24.00	20.00	
48.00	36.00	32.00	
42.00	24.00	20.00	
42.00	28.00	28.00	
32.00	16.00	
48.00	36.00	32.00	
48.00	36.00	32.00	
48.00	36.00	32.00	
32.00	16.00	
42.00	24.00	20.00	
42.00	24.00	20.00	
42.00	32.00	
32.00	16.00	
48.00	36.00	32.00	
42.00	32.00	
42.00	20.00	16.00	
42.00	20.00	16.00	
42.00	24.00	20.00	
42.00	20.00	16.00	
42.00	32.00	
48.00	36.00	32.00	
42.00	32.00	
48.00	36.00	32.00	
42.00	20.00	16.00	
42.00	20.00	16.00	
42.00	24.00	20.00	
42.00	24.00	20.00	
42.00	32.00	
42.00	28.00	28.00	
42.00	32.00	
42.00	32.00	
48.00	36.00	32.00	
42.00	20.00	16.00	
48.00	36.00	32.00	
32.00	16.00	
42.00	24.00	20.00	
42.00	20.00	16.00	
42.00	32.00	
42.00	24.00	20.00	
48.00	36.00	32.00	
42.00	20.00	16.00	
42.00	24.00	20.00	
42.00	24.00	20.00	
42.00	24.00	20.00	
48.00	36.00	32.00	
42.00	24.00	20.00	
42.00	20.00	16.00	
48.00	36.00	32.00	
42.00	20.00	16.00	
48.00	36.00	32.00	
42.00	32.00	
42.00	20.00	16.00	
42.00	24.00	20.00	
42.00	32.00	
48.00	36.00	32.00	
48.00	36.00	32.00	
42.00	32.00	
32.00	16.00	
48.00	36.00	32.00	
42.00	28.00	28.00	
42.00	32.00	
42.00	24.00	20.00	
42.00	20.00	16.00	
42.00	32.00	
42.00	32.00	
42.00	32.00	
32.00	16.00	
32.00	16.00	
42.00	24.00	20.00	
42.00	28.00	28.00	
42.00	32.00	
42.00	32.00	
42.00	32.00	
42.00	24.00	20.00	
48.00	36.00	32.00	
42.00	32.00	
48.00	36.00	32.00	
32.00	16.00	
42.00	24.00	20.00	
32.00	16.00	
32.00	16.00	
48.00	36.00	32.00	
32.00	16.00	
42.00	24.00	20.00	
48.00	36.00	32.00	
42.00	32.00	
32.00	16.00	
42.00	24.00	20.00	
42.00	20.00	16.00	
48.00	36.00	32.00	
42.00	24.00	20.00	
32.00	16.00	
32.00	16.00	
42.00	20.00	16.00	
42.00	32.00	
42.00	28.00	28.00	
32.00	16.00	
42.00	32.00	
48.00	36.00	32.00	
42.00	32.00	
48.00	36.00	32.00	
42.00	24.00	20.00	
42.00	24.00	20.00	
42.00	20.00	16.00	
42.00	32.00	
42.00	20.00	16.00	
42.00	32.00	
42.00	28.00	28.00	
42.00	32.00	
42.00	24.00	20.00	
42.00	32.00	
42.00	28.00	28.00	
42.00	24.00	20.00	
42.00	32.00	
42.00	24.00	20.00	
32.00	16.00	
42.00	28.00	28.00	
48.00	36.00	32.00	
42.00	28.00	28.00	
42.00	28.00	28.00	
42.00	20.00	16.00	
42.00	24.00	20.00	
42.00	28.00	28.00	
42.00	24.00	20.00	
42.00	24.00	20.00	
42.00	32.00	
42.00	28.00	28.00	
42.00	28.00	28.00	
42.00	32.00	
48.00	36.00	32.00	
42.00	20.00	16.00	
42.00	24.00	20.00	
42.00	20.00	16.00	
42.00	32.00	
32.00	16.00	
42.00	24.00	20.00	
42.00	24.00	20.00	
42.00	28.00	28.00	
3.00	3.00	3.00	3.00	3.00	3.00	3.00	3.00	3.00	3.00	3.00	3.00	3.00	3.00	3.00	3.00	3.00	3.00	3.00	3.00	3.00	3.00	3.00	3.00	3.00	3.00	3.00	3.00	3.00	3.00	3.00	3.00	3.00	3.00	3.00	3.00	3.00	3.00	3.00	3.00	3.00	3.00	3.00	3.00	3.00	3.00	3.00	3.00	3.00	3.00	3.00	3.00	3.00	3.00	3.00	3.00	3.00	3.00	3.00	3.00	3.00	3.00	3.00	3.00	3.00	3.00	3.00	3.00	3.00	3.00	3.00	3.00	3.00	3.00	3.00	3.00	3.00	3.00	3.00	3.00	3.00	3.00	3.00	3.00	3.00	3.00	3.00	3.00	3.00	3.00	3.00	3.00	3.00	3.00	3.00	3.00	3.00	3.00	3.00	3.00	3.00	3.00	3.00	3.00	3.00	3.00	3.00	3.00	3.00	3.00	3.00	3.00	3.00	3.00	3.00	3.00	3.00	3.00	3.00	3.00	3.00	3.00	3.00	3.00	3.00	3.00	3.00	3.00	3.00	3.00	3.00	3.00	3.00	3.00	3.00	3.00	3.00	3.00	3.00	3.00	3.00	3.00	3.00	3.00	3.00	3.00	3.00	3.00	3.00	3.00	3.00	3.00	3.00	3.00	3.00	3.00	3.00	3.00	3.00	3.00	3.00	3.00	3.00	3.00	3.00	3.00	3.00	3.00	3.00	3.00	3.00	3.00	3.00	3.00	3.00	3.00	3.00	3.00	3.00	3.00	3.00	3.00	3.00	3.00	3.00	3.00	3.00	3.00	3.00	3.00	3.00	3.00	3.00	3.00	3.00	3.00	3.00	3.00	3.00	3.00	3.00	3.00	3.00	3.00	3.00	3.00	3.00	3.00	3.00	3.00	3.00	3.00	3.00	3.00	3.00	3.00	3.00	3.00	3.00	3.00	3.00	3.00	3.00	3.00	3.00	3.00	3.00	3.00	3.00	3.00	3.00	3.00	3.00	3.00	3.00	3.00	3.00	3.00	3.00	3.00	3.00	3.00	3.00	3.00	3.00	3.00	3.00	3.00	3.00	3.00	3.00	3.00	3.00	3.00	3.00	3.00	3.00	3.00	3.00	3.00	3.00	3.00	3.00	3.00	3.00	3.00	3.00	3.00	3.00	3.00	3.00	3.00	3.00	3.00	3.00	3.00	3.00	3.00	3.00	3.00	3.00	3.00	3.00	3.00	3.00	3.00	3.00	3.00	3.00	3.00	3.00	3.00	3.00	3.00	3.00	3.00	3.00	3.00	3.00	3.00	
5.00	5.00	5.00	5.00	5.00	5.00	5.00	5.00	5.00	5.00	5.00	5.00	5.00	5.00	5.00	5.00	5.00	5.00	5.00	5.00	5.00	5.00	5.00	5.00	5.00	5.00	5.00	5.00	5.00	5.00	5.00	5.00	5.00	5.00	5.00	5.00	5.00	5.00	5.00	5.00	5.00	5.00	5.00	5.00	5.00	5.00	5.00	5.00	5.00	5.00	5.00	5.00	5.00	5.00	5.00	5.00	5.00	5.00	5.00	5.00	5.00	5.00	5.00	5.00	5.00	5.00	5.00	5.00	5.00	5.00	5.00	5.00	5.00	5.00	5.00	5.00	5.00	5.00	5.00	5.00	5.00	5.00	5.00	5.00	5.00	5.00	5.00	5.00	5.00	5.00	5.00	5.00	5.00	5.00	5.00	5.00	5.00	5.00	5.00	5.00	5.00	5.00	5.00	5.00	5.00	5.00	5.00	5.00	5.00	5.00	5.00	5.00	5.00	5.00	5.00	5.00	5.00	5.00	5.00	5.00	5.00	5.00	5.00	5.00	5.00	5.00	5.00	5.00	5.00	5.00	5.00	5.00	5.00	5.00	5.00	5.00	5.00	5.00	5.00	5.00	5.00	5.00	5.00	5.00	5.00	5.00	5.00	5.00	5.00	5.00	5.00	5.00	5.00	5.00	5.00	5.00	5.00	5.00	5.00	5.00	5.00	5.00	5.00	5.00	5.00	5.00	5.00	5.00	5.00	5.00	5.00	5.00	5.00	5.00	5.00	5.00	5.00	5.00	5.00	5.00	5.00	5.00	5.00	5.00	5.00	5.00	5.00	5.00	5.00	5.00	5.00	5.00	5.00	5.00	5.00	5.00	5.00	5.00	5.00	5.00	5.00	5.00	5.00	5.00	5.00	5.00	5.00	5.00	5.00	5.00	5.00	5.00	5.00	5.00	5.00	5.00	5.00	5.00	5.00	5.00	5.00	5.00	5.00	5.00	5.00	5.00	5.00	5.00	5.00	5.00	5.00	5.00	5.00	5.00	5.00	5.00	5.00	5.00	5.00	5.00	5.00	5.00	5.00	5.00	5.00	5.00	5.00	5.00	5.00	5.00	5.00	5.00	5.00	5.00	5.00	5.00	5.00	5.00	5.00	5.00	5.00	5.00	5.00	5.00	5.00	5.00	5.00	5.00	5.00	5.00	5.00	5.00	5.00	5.00	5.00	5.00	5.00	5.00	5.00	5.00	5.00	5.00	5.00	5.00	5.00	5.00	5.00	5.00	5.00	5.00	5.00	5.00	5.00	5.00	5.00	5.00	5.00	5.00	5.00	5.00	
1.00	1.00	1.00	1.00	1.00	1.00	1.00	1.00	1.00	1.00	1.00	1.00	1.00	1.00	
1	2	1	2	2	1	2	2	1	1	2	2	2	2	1	1	2	1	2	1	1	1	2	2	1	2	1	1	2	1	1	1	1	1	1	1	2	1	1	1	1	2	1	2	2	1	2	2	1	2	1	2	1	2	2	2	1	2	2	1	2	2	1	1	1	1	2	1	1	1	2	1	1	1	2	2	2	1	1	1	2	1	1	2	1	1	1	2	2	2	1	2	1	1	2	1	2	1	1	2	1	1	1	1	1	1	1	1	1	1	2	2	1	1	1	1	2	4	2	1	1	1	1	3	1	4	4	1	2	1	5	3	3	2	2	2	4	2	4	2	2	5	5	1	1	5	1	2	3	1	1	4	2	2	1	1	1	1	5	1	5	1	2	2	4	2	2	3	3	5	5	4	3	5	3	5	5	4	5	5	5	4	3	3	5	3	4	4	5	4	5	5	5	4	4	3	4	5	4	3	3	5	5	3	5	3	4	4	5	4	5	3	4	5	4	5	4	4	4	3	4	5	5	5	4	3	5	4	3	82	4	54	4	3	5	3	71	3	5	5	4	3	4	3	5	5	3	5	40	3	48	5	4	3	98	3	83	87	52	70	74	82	71	79	45	74	63	86	56	96	96	43	34	46	54	57	96	97	55	64	34	44	69	55	61	45	74	34	71	84	68	81	37	93	83	72	87	86	36	49	
1	1	1	1	1	1	1	1	1	1	1	1	1	1	1	1	1	1	1	1	1	1	1	1	1	1	1	2	2	2	2	2	2	2	2	2	2	2	2	2	2	2	2	2	2	2	2	2	2	2	2	2	2	2	2	2	2	2	2	2	2	2	2	2	2	2	3	3	3	3	3	3	3	3	3	3	3	3	3	3	3	3	3	3	3	3	3	3	3	3	3	3	4	4	4	4	4	4	4	4	4	4	4	4	4	4	4	4	4	4	4	4	4	4	4	4	4	5	5	5	5	5	5	5	5	5	5	5	5	5	5	5	5	5	5	5	5	5	5	5	5	5	5	5	5	5	5	5	5	5	5	5	5	5	5	5	5	5	5	5	5	5	5	5	5	5	5	5	5	6	6	6	6	6	6	6	6	6	6	6	6	6	6	6	6	6	6	6	7	7	7	7	7	7	7	7	7	7	7	7	8	8	8	8	8	8	8	8	8	8	8	8	9	9	9	9	9	9	9	9	9	9	9	9	9	9	9	9	9	10	10	10	10	10	10	10	10	10	10	10	10	10	10	10	10	10	10	10	10	10	10	10	10	10	10	10	11	11	11	11	11	11	11	11	11	11	11	12	12	12	12	12	12	12	12	12	12	13	13	13	13	13	13	13	13	13	13	13	13	13	14	14	14	14	14	14	14	14	14	14	
