300
14	2
325	1.00
3	3	2	3	3	2	2	3	3	3	3	3	3	3	2	3	3	3	2	3	3	3	3	2	3	3	2	3	3	3	3	2	3	2	3	3	3	2	3	2	3	2	2	3	2	2	2	3	3	3	3	3	2	2	3	3	3	3	3	3	3	3	3	3	2	2	3	3	2	3	3	3	2	2	3	3	2	3	3	2	3	2	3	3	3	2	3	3	2	3	3	3	3	3	3	3	3	2	2	3	2	3	3	3	3	2	3	2	2	2	2	3	2	3	3	2	3	3	3	3	3	3	3	3	2	3	3	3	2	2	3	3	2	3	3	2	3	3	3	3	3	3	3	2	3	3	3	3	3	3	2	3	2	3	3	3	2	3	3	3	3	2	3	3	2	3	2	2	3	2	3	2	3	3	3	3	3	3	3	3	3	3	3	2	3	2	3	2	3	3	3	3	2	2	3	3	2	3	2	3	2	2	3	3	3	3	3	3	3	3	3	2	3	3	3	3	3	2	3	2	3	3	3	3	3	3	2	2	3	3	2	2	3	2	3	3	2	3	3	3	2	3	3	3	3	3	2	3	3	3	2	3	2	3	2	2	3	3	2	2	2	2	3	2	3	2	3	2	3	3	3	3	3	3	3	3	3	3	3	2	3	3	3	3	2	3	3	2	3	3	3	3	2	3	3	3	3	3	3	3	
1	2	3	
1	2	3	
0	1	
1	2	3	
2	6	7	
1	3	
1	3	
2	6	7	
2	6	7	
2	3	4	
1	2	3	
2	3	4	
2	3	4	
1	2	3	
0	1	
2	6	7	
2	3	4	
1	2	3	
0	1	
2	3	4	
1	2	3	
2	6	7	
2	6	7	
0	1	
2	3	4	
2	6	7	
1	3	
2	6	7	
1	2	3	
2	6	7	
1	2	3	
1	3	
2	3	4	
0	1	
2	3	4	
2	6	7	
1	2	3	
0	1	
2	6	7	
1	3	
2	6	7	
1	3	
0	1	
2	3	4	
0	1	
0	1	
0	1	
2	3	4	
2	6	7	
2	3	4	
2	6	7	
1	2	3	
1	3	
1	3	
1	2	3	
1	2	3	
2	3	4	
2	3	4	
1	2	3	
2	6	7	
1	2	3	
1	2	3	
2	6	7	
1	2	3	
0	1	
1	3	
2	3	4	
2	3	4	
0	1	
2	6	7	
2	3	4	
1	2	3	
1	3	
1	3	
2	3	4	
2	6	7	
1	3	
1	2	3	
1	2	3	
1	3	
2	6	7	
1	3	
1	2	3	
1	2	3	
2	6	7	
0	1	
1	2	3	
2	3	4	
0	1	
2	6	7	
1	2	3	
1	2	3	
2	6	7	
1	2	3	
2	3	4	
1	2	3	
2	3	4	
1	3	
0	1	
1	2	3	
1	3	
2	6	7	
1	2	3	
2	3	4	
2	3	4	
1	3	
2	3	4	
0	1	
0	1	
0	1	
1	3	
1	2	3	
0	1	
1	2	3	
1	2	3	
1	3	
2	3	4	
1	2	3	
2	3	4	
1	2	3	
1	2	3	
2	3	4	
1	2	3	
1	2	3	
1	3	
2	6	7	
1	2	3	
1	2	3	
1	3	
1	3	
1	2	3	
2	6	7	
0	1	
1	2	3	
1	2	3	
1	3	
2	3	4	
1	2	3	
2	3	4	
2	3	4	
1	2	3	
1	2	3	
1	2	3	
0	1	
1	2	3	
1	2	3	
1	2	3	
2	3	4	
1	2	3	
1	2	3	
1	3	
2	3	4	
1	3	
2	6	7	
1	2	3	
1	2	3	
0	1	
2	6	7	
1	2	3	
1	2	3	
2	3	4	
0	1	
2	6	7	
1	2	3	
1	3	
1	2	3	
0	1	
1	3	
1	2	3	
0	1	
1	2	3	
1	3	
2	6	7	
2	6	7	
1	2	3	
1	2	3	
1	2	3	
2	3	4	
2	6	7	
1	2	3	
2	6	7	
2	6	7	
1	2	3	
0	1	
2	6	7	
1	3	
2	3	4	
1	3	
2	3	4	
2	3	4	
2	6	7	
2	3	4	
0	1	
1	3	
2	6	7	
2	6	7	
1	3	
1	2	3	
1	3	
2	3	4	
0	1	
0	1	
1	2	3	
1	2	3	
2	6	7	
1	2	3	
1	2	3	
1	2	3	
2	3	4	
2	6	7	
1	2	3	
1	3	
2	6	7	
2	6	7	
2	6	7	
2	6	7	
1	2	3	
0	1	
2	3	4	
1	3	
2	3	4	
2	6	7	
2	6	7	
1	2	3	
1	2	3	
1	2	3	
0	1	
0	1	
1	2	3	
1	2	3	
0	1	
0	1	
2	3	4	
0	1	
2	3	4	
2	6	7	
0	1	
2	6	7	
2	3	4	
1	2	3	
1	3	
1	2	3	
2	3	4	
1	2	3	
1	2	3	
2	6	7	
0	1	
1	2	3	
2	3	4	
2	6	7	
1	3	
2	6	7	
0	1	
2	3	4	
0	1	
0	1	
2	6	7	
1	2	3	
1	3	
1	3	
0	1	
0	1	
2	6	7	
1	3	
2	3	4	
1	3	
1	2	3	
0	1	
1	2	3	
2	6	7	
1	2	3	
1	2	3	
1	2	3	
1	2	3	
1	2	3	
2	6	7	
1	2	3	
1	2	3	
2	6	7	
0	1	
2	6	7	
2	3	4	
1	2	3	
1	2	3	
0	1	
2	6	7	
2	6	7	
1	3	
1	2	3	
1	2	3	
1	2	3	
1	2	3	
1	3	
1	2	3	
2	6	7	
2	3	4	
2	6	7	
2	6	7	
2	6	7	
1	2	3	
42.00	20.00	16.00	
42.00	20.00	16.00	
32.00	16.00	
42.00	20.00	16.00	
48.00	36.00	32.00	
42.00	32.00	
42.00	32.00	
48.00	36.00	32.00	
48.00	36.00	32.00	
42.00	28.00	28.00	
42.00	20.00	16.00	
42.00	28.00	28.00	
42.00	28.00	28.00	
42.00	20.00	16.00	
32.00	16.00	
48.00	36.00	32.00	
42.00	28.00	28.00	
42.00	20.00	16.00	
32.00	16.00	
42.00	28.00	28.00	
42.00	24.00	20.00	
48.00	36.00	32.00	
48.00	36.00	32.00	
32.00	16.00	
42.00	28.00	28.00	
48.00	36.00	32.00	
42.00	32.00	
48.00	36.00	32.00	
42.00	24.00	20.00	
48.00	36.00	32.00	
42.00	24.00	20.00	
42.00	32.00	
42.00	28.00	28.00	
32.00	16.00	
42.00	28.00	28.00	
48.00	36.00	32.00	
42.00	24.00	20.00	
32.00	16.00	
48.00	36.00	32.00	
42.00	32.00	
48.00	36.00	32.00	
42.00	32.00	
32.00	16.00	
42.00	28.00	28.00	
32.00	16.00	
32.00	16.00	
32.00	16.00	
42.00	28.00	28.00	
48.00	36.00	32.00	
42.00	28.00	28.00	
48.00	36.00	32.00	
42.00	20.00	16.00	
42.00	32.00	
42.00	32.00	
42.00	24.00	20.00	
42.00	24.00	20.00	
42.00	28.00	28.00	
42.00	28.00	28.00	
42.00	24.00	20.00	
48.00	36.00	32.00	
42.00	24.00	20.00	
42.00	24.00	20.00	
48.00	36.00	32.00	
42.00	24.00	20.00	
32.00	16.00	
42.00	32.00	
42.00	28.00	28.00	
42.00	28.00	28.00	
32.00	16.00	
48.00	36.00	32.00	
42.00	28.00	28.00	
42.00	24.00	20.00	
42.00	32.00	
42.00	32.00	
42.00	28.00	28.00	
48.00	36.00	32.00	
42.00	32.00	
42.00	20.00	16.00	
42.00	20.00	16.00	
42.00	32.00	
48.00	36.00	32.00	
42.00	32.00	
42.00	20.00	16.00	
42.00	20.00	16.00	
48.00	36.00	32.00	
32.00	16.00	
42.00	24.00	20.00	
42.00	28.00	28.00	
32.00	16.00	
48.00	36.00	32.00	
42.00	24.00	20.00	
42.00	24.00	20.00	
48.00	36.00	32.00	
42.00	20.00	16.00	
42.00	28.00	28.00	
42.00	20.00	16.00	
42.00	28.00	28.00	
42.00	32.00	
32.00	16.00	
42.00	20.00	16.00	
42.00	32.00	
48.00	36.00	32.00	
42.00	20.00	16.00	
42.00	28.00	28.00	
42.00	28.00	28.00	
42.00	32.00	
42.00	28.00	28.00	
32.00	16.00	
32.00	16.00	
32.00	16.00	
42.00	32.00	
42.00	24.00	20.00	
32.00	16.00	
42.00	24.00	20.00	
42.00	20.00	16.00	
42.00	32.00	
42.00	28.00	28.00	
42.00	20.00	16.00	
42.00	28.00	28.00	
42.00	20.00	16.00	
42.00	24.00	20.00	
42.00	28.00	28.00	
42.00	24.00	20.00	
42.00	24.00	20.00	
42.00	32.00	
48.00	36.00	32.00	
42.00	20.00	16.00	
42.00	24.00	20.00	
42.00	32.00	
42.00	32.00	
42.00	20.00	16.00	
48.00	36.00	32.00	
32.00	16.00	
42.00	20.00	16.00	
42.00	24.00	20.00	
42.00	32.00	
42.00	28.00	28.00	
42.00	20.00	16.00	
42.00	28.00	28.00	
42.00	28.00	28.00	
42.00	24.00	20.00	
42.00	24.00	20.00	
42.00	24.00	20.00	
32.00	16.00	
42.00	20.00	16.00	
42.00	20.00	16.00	
42.00	20.00	16.00	
42.00	28.00	28.00	
42.00	24.00	20.00	
42.00	20.00	16.00	
42.00	32.00	
42.00	28.00	28.00	
42.00	32.00	
48.00	36.00	32.00	
42.00	24.00	20.00	
42.00	20.00	16.00	
32.00	16.00	
48.00	36.00	32.00	
42.00	24.00	20.00	
42.00	24.00	20.00	
42.00	28.00	28.00	
32.00	16.00	
48.00	36.00	32.00	
42.00	20.00	16.00	
42.00	32.00	
42.00	24.00	20.00	
32.00	16.00	
42.00	32.00	
42.00	20.00	16.00	
32.00	16.00	
42.00	20.00	16.00	
42.00	32.00	
48.00	36.00	32.00	
48.00	36.00	32.00	
42.00	24.00	20.00	
42.00	24.00	20.00	
42.00	24.00	20.00	
42.00	28.00	28.00	
48.00	36.00	32.00	
42.00	20.00	16.00	
48.00	36.00	32.00	
48.00	36.00	32.00	
42.00	24.00	20.00	
32.00	16.00	
48.00	36.00	32.00	
42.00	32.00	
42.00	28.00	28.00	
42.00	32.00	
42.00	28.00	28.00	
42.00	28.00	28.00	
48.00	36.00	32.00	
42.00	28.00	28.00	
32.00	16.00	
42.00	32.00	
48.00	36.00	32.00	
48.00	36.00	32.00	
42.00	32.00	
42.00	24.00	20.00	
42.00	32.00	
42.00	28.00	28.00	
32.00	16.00	
32.00	16.00	
42.00	24.00	20.00	
42.00	20.00	16.00	
48.00	36.00	32.00	
42.00	20.00	16.00	
42.00	24.00	20.00	
42.00	20.00	16.00	
42.00	28.00	28.00	
48.00	36.00	32.00	
42.00	20.00	16.00	
42.00	32.00	
48.00	36.00	32.00	
48.00	36.00	32.00	
48.00	36.00	32.00	
48.00	36.00	32.00	
42.00	24.00	20.00	
32.00	16.00	
42.00	28.00	28.00	
42.00	32.00	
42.00	28.00	28.00	
48.00	36.00	32.00	
48.00	36.00	32.00	
42.00	20.00	16.00	
42.00	24.00	20.00	
42.00	24.00	20.00	
32.00	16.00	
32.00	16.00	
42.00	24.00	20.00	
42.00	20.00	16.00	
32.00	16.00	
32.00	16.00	
42.00	28.00	28.00	
32.00	16.00	
42.00	28.00	28.00	
48.00	36.00	32.00	
32.00	16.00	
48.00	36.00	32.00	
42.00	28.00	28.00	
42.00	24.00	20.00	
42.00	32.00	
42.00	24.00	20.00	
42.00	28.00	28.00	
42.00	20.00	16.00	
42.00	20.00	16.00	
48.00	36.00	32.00	
32.00	16.00	
42.00	24.00	20.00	
42.00	28.00	28.00	
48.00	36.00	32.00	
42.00	32.00	
48.00	36.00	32.00	
32.00	16.00	
42.00	28.00	28.00	
32.00	16.00	
32.00	16.00	
48.00	36.00	32.00	
42.00	24.00	20.00	
42.00	32.00	
42.00	32.00	
32.00	16.00	
32.00	16.00	
48.00	36.00	32.00	
42.00	32.00	
42.00	28.00	28.00	
42.00	32.00	
42.00	20.00	16.00	
32.00	16.00	
42.00	20.00	16.00	
48.00	36.00	32.00	
42.00	24.00	20.00	
42.00	24.00	20.00	
42.00	24.00	20.00	
42.00	20.00	16.00	
42.00	20.00	16.00	
48.00	36.00	32.00	
42.00	20.00	16.00	
42.00	24.00	20.00	
48.00	36.00	32.00	
32.00	16.00	
48.00	36.00	32.00	
42.00	28.00	28.00	
42.00	24.00	20.00	
42.00	24.00	20.00	
32.00	16.00	
48.00	36.00	32.00	
48.00	36.00	32.00	
42.00	32.00	
42.00	24.00	20.00	
42.00	24.00	20.00	
42.00	24.00	20.00	
42.00	20.00	16.00	
42.00	32.00	
42.00	20.00	16.00	
48.00	36.00	32.00	
42.00	28.00	28.00	
48.00	36.00	32.00	
48.00	36.00	32.00	
48.00	36.00	32.00	
42.00	20.00	16.00	
3.00	3.00	3.00	3.00	3.00	3.00	3.00	3.00	3.00	3.00	3.00	3.00	3.00	3.00	3.00	3.00	3.00	3.00	3.00	3.00	3.00	3.00	3.00	3.00	3.00	3.00	3.00	3.00	3.00	3.00	3.00	3.00	3.00	3.00	3.00	3.00	3.00	3.00	3.00	3.00	3.00	3.00	3.00	3.00	3.00	3.00	3.00	3.00	3.00	3.00	3.00	3.00	3.00	3.00	3.00	3.00	3.00	3.00	3.00	3.00	3.00	3.00	3.00	3.00	3.00	3.00	3.00	3.00	3.00	3.00	3.00	3.00	3.00	3.00	3.00	3.00	3.00	3.00	3.00	3.00	3.00	3.00	3.00	3.00	3.00	3.00	3.00	3.00	3.00	3.00	3.00	3.00	3.00	3.00	3.00	3.00	3.00	3.00	3.00	3.00	3.00	3.00	3.00	3.00	3.00	3.00	3.00	3.00	3.00	3.00	3.00	3.00	3.00	3.00	3.00	3.00	3.00	3.00	3.00	3.00	3.00	3.00	3.00	3.00	3.00	3.00	3.00	3.00	3.00	3.00	3.00	3.00	3.00	3.00	3.00	3.00	3.00	3.00	3.00	3.00	3.00	3.00	3.00	3.00	3.00	3.00	3.00	3.00	3.00	3.00	3.00	3.00	3.00	3.00	3.00	3.00	3.00	3.00	3.00	3.00	3.00	3.00	3.00	3.00	3.00	3.00	3.00	3.00	3.00	3.00	3.00	3.00	3.00	3.00	3.00	3.00	3.00	3.00	3.00	3.00	3.00	3.00	3.00	3.00	3.00	3.00	3.00	3.00	3.00	3.00	3.00	3.00	3.00	3.00	3.00	3.00	3.00	3.00	3.00	3.00	3.00	3.00	3.00	3.00	3.00	3.00	3.00	3.00	3.00	3.00	3.00	3.00	3.00	3.00	3.00	3.00	3.00	3.00	3.00	3.00	3.00	3.00	3.00	3.00	3.00	3.00	3.00	3.00	3.00	3.00	3.00	3.00	3.00	3.00	3.00	3.00	3.00	3.00	3.00	3.00	3.00	3.00	3.00	3.00	3.00	3.00	3.00	3.00	3.00	3.00	3.00	3.00	3.00	3.00	3.00	3.00	3.00	3.00	3.00	3.00	3.00	3.00	3.00	3.00	3.00	3.00	3.00	3.00	3.00	3.00	3.00	3.00	3.00	3.00	3.00	3.00	3.00	3.00	3.00	3.00	3.00	3.00	3.00	3.00	3.00	3.00	3.00	3.00	3.00	3.00	3.00	3.00	3.00	3.00	3.00	3.00	3.00	3.00	3.00	3.00	
5.00	5.00	5.00	5.00	5.00	5.00	5.00	5.00	5.00	5.00	5.00	5.00	5.00	5.00	5.00	5.00	5.00	5.00	5.00	5.00	5.00	5.00	5.00	5.00	5.00	5.00	5.00	5.00	5.00	5.00	5.00	5.00	5.00	5.00	5.00	5.00	5.00	5.00	5.00	5.00	5.00	5.00	5.00	5.00	5.00	5.00	5.00	5.00	5.00	5.00	5.00	5.00	5.00	5.00	5.00	5.00	5.00	5.00	5.00	5.00	5.00	5.00	5.00	5.00	5.00	5.00	5.00	5.00	5.00	5.00	5.00	5.00	5.00	5.00	5.00	5.00	5.00	5.00	5.00	5.00	5.00	5.00	5.00	5.00	5.00	5.00	5.00	5.00	5.00	5.00	5.00	5.00	5.00	5.00	5.00	5.00	5.00	5.00	5.00	5.00	5.00	5.00	5.00	5.00	5.00	5.00	5.00	5.00	5.00	5.00	5.00	5.00	5.00	5.00	5.00	5.00	5.00	5.00	5.00	5.00	5.00	5.00	5.00	5.00	5.00	5.00	5.00	5.00	5.00	5.00	5.00	5.00	5.00	5.00	5.00	5.00	5.00	5.00	5.00	5.00	5.00	5.00	5.00	5.00	5.00	5.00	5.00	5.00	5.00	5.00	5.00	5.00	5.00	5.00	5.00	5.00	5.00	5.00	5.00	5.00	5.00	5.00	5.00	5.00	5.00	5.00	5.00	5.00	5.00	5.00	5.00	5.00	5.00	5.00	5.00	5.00	5.00	5.00	5.00	5.00	5.00	5.00	5.00	5.00	5.00	5.00	5.00	5.00	5.00	5.00	5.00	5.00	5.00	5.00	5.00	5.00	5.00	5.00	5.00	5.00	5.00	5.00	5.00	5.00	5.00	5.00	5.00	5.00	5.00	5.00	5.00	5.00	5.00	5.00	5.00	5.00	5.00	5.00	5.00	5.00	5.00	5.00	5.00	5.00	5.00	5.00	5.00	5.00	5.00	5.00	5.00	5.00	5.00	5.00	5.00	5.00	5.00	5.00	5.00	5.00	5.00	5.00	5.00	5.00	5.00	5.00	5.00	5.00	5.00	5.00	5.00	5.00	5.00	5.00	5.00	5.00	5.00	5.00	5.00	5.00	5.00	5.00	5.00	5.00	5.00	5.00	5.00	5.00	5.00	5.00	5.00	5.00	5.00	5.00	5.00	5.00	5.00	5.00	5.00	5.00	5.00	5.00	5.00	5.00	5.00	5.00	5.00	5.00	5.00	5.00	5.00	5.00	5.00	5.00	5.00	5.00	5.00	5.00	5.00	5.00	
1.00	1.00	1.00	1.00	1.00	1.00	1.00	1.00	1.00	1.00	1.00	1.00	1.00	1.00	
2	1	2	2	1	2	1	1	2	1	2	1	1	2	1	2	1	2	2	1	2	1	1	2	1	2	2	1	2	2	1	1	2	2	1	1	2	1	1	1	1	2	1	2	1	1	2	2	2	2	1	2	2	1	2	2	2	2	2	2	2	1	1	2	1	1	2	2	1	2	2	1	1	2	1	2	1	1	2	1	1	2	2	1	1	1	1	1	2	1	2	1	1	1	1	1	1	2	2	2	2	2	1	1	1	1	2	1	1	2	1	2	1	2	2	2	2	1	2	2	1	1	1	2	2	1	2	2	1	2	1	3	1	5	4	3	4	1	4	3	5	2	4	1	2	5	2	2	2	1	5	4	4	3	1	4	4	2	1	2	1	2	2	2	3	1	2	3	3	5	5	3	4	5	4	5	4	3	4	3	5	4	3	3	5	5	3	3	3	3	5	3	4	5	3	3	4	4	4	3	5	3	5	3	4	5	4	5	5	5	3	5	3	5	5	4	4	5	4	3	3	4	4	4	4	3	3	5	4	44	82	61	32	4	3	45	3	4	3	5	3	36	4	5	3	3	50	5	3	4	47	4	68	4	93	46	4	54	4	5	5	60	3	51	30	54	98	98	35	35	67	66	43	41	36	43	82	78	99	60	65	96	53	33	75	36	82	93	71	99	64	38	35	89	54	61	38	93	54	37	
1	1	1	1	1	1	1	1	1	1	1	1	1	1	1	1	1	1	1	1	1	1	1	1	1	1	1	1	1	1	1	1	1	1	1	1	1	1	1	1	2	2	2	2	2	2	2	2	2	2	2	2	2	2	2	2	2	2	2	2	2	2	2	2	2	2	2	2	2	2	2	2	3	3	3	3	3	3	3	3	3	3	3	3	3	3	3	3	3	3	3	3	3	3	3	3	4	4	4	4	4	4	4	4	4	4	4	4	4	4	4	4	4	4	4	4	4	4	4	4	4	4	4	4	4	5	5	5	5	5	5	5	5	5	5	5	5	5	5	5	5	5	5	5	5	5	5	5	5	5	5	5	5	5	5	5	5	5	5	5	5	5	5	5	5	5	5	6	6	6	6	6	6	6	6	6	6	6	6	6	6	6	6	6	6	6	7	7	7	7	7	7	7	7	8	8	8	8	8	8	8	8	8	8	8	8	8	8	8	8	8	8	9	9	9	9	9	9	9	9	9	9	9	9	9	9	9	9	9	10	10	10	10	10	10	10	10	10	10	10	10	10	10	10	10	10	10	10	10	10	10	10	10	10	10	10	10	10	10	10	10	10	10	11	11	11	11	11	11	11	11	12	12	12	12	12	12	12	12	12	12	13	13	13	13	13	13	13	13	13	14	14	14	14	14	14	14	14	14	14	
