300
14	3
350	1.00
3	3	3	2	3	2	3	2	2	3	3	2	3	3	3	3	3	3	3	3	3	3	3	2	2	3	3	3	3	3	2	3	3	3	3	2	2	2	3	3	2	2	3	3	3	3	3	3	3	3	3	2	3	3	3	3	3	2	3	2	3	3	3	3	2	3	3	3	3	2	2	3	3	3	2	2	3	2	3	2	3	3	3	3	3	3	3	3	3	2	3	3	3	3	3	3	3	2	3	3	3	3	3	3	3	3	3	3	3	3	3	3	3	2	2	2	2	3	3	3	3	2	3	3	3	3	2	2	3	2	3	3	3	3	2	2	3	2	2	2	3	3	2	2	3	3	3	3	3	2	3	3	2	3	3	3	3	2	3	3	3	2	3	3	3	2	3	3	3	3	3	3	2	3	3	3	3	3	2	3	3	3	3	2	2	3	3	3	2	2	2	2	2	3	3	3	3	2	3	2	2	2	3	2	3	3	3	3	2	3	3	3	3	2	3	3	3	3	3	2	2	3	2	3	3	3	3	3	3	3	2	2	2	3	3	3	2	2	3	3	2	2	2	2	3	2	2	3	3	2	2	3	2	2	3	3	3	2	2	3	3	3	3	3	2	3	3	3	2	3	3	2	2	2	3	3	3	3	3	2	3	2	3	2	3	2	3	3	3	3	3	3	2	3	3	2	3	3	3	3	
2	6	7	
1	2	3	
1	2	3	
1	3	
1	2	3	
1	3	
1	2	3	
1	3	
0	1	
2	6	7	
1	2	3	
0	1	
1	2	3	
1	2	3	
2	3	4	
1	2	3	
2	6	7	
1	2	3	
2	6	7	
1	2	3	
1	2	3	
1	2	3	
2	3	4	
1	3	
0	1	
1	2	3	
2	6	7	
1	2	3	
1	2	3	
1	2	3	
0	1	
2	6	7	
1	2	3	
1	2	3	
1	2	3	
1	3	
0	1	
1	3	
2	3	4	
2	3	4	
1	3	
1	3	
2	6	7	
2	3	4	
1	2	3	
1	2	3	
2	3	4	
1	2	3	
1	2	3	
2	3	4	
2	6	7	
1	3	
2	3	4	
1	2	3	
2	6	7	
2	6	7	
1	2	3	
0	1	
2	6	7	
1	3	
1	2	3	
2	3	4	
2	3	4	
2	6	7	
1	3	
1	2	3	
1	2	3	
2	3	4	
1	2	3	
0	1	
1	3	
2	6	7	
2	6	7	
1	2	3	
0	1	
1	3	
1	2	3	
0	1	
1	2	3	
0	1	
1	2	3	
2	3	4	
1	2	3	
1	2	3	
2	6	7	
2	3	4	
1	2	3	
2	6	7	
2	3	4	
1	3	
1	2	3	
2	6	7	
2	3	4	
2	3	4	
1	2	3	
2	6	7	
1	2	3	
1	3	
1	2	3	
2	6	7	
1	2	3	
2	6	7	
1	2	3	
1	2	3	
1	2	3	
2	3	4	
1	2	3	
1	2	3	
1	2	3	
1	2	3	
1	2	3	
2	6	7	
2	6	7	
0	1	
0	1	
0	1	
0	1	
1	2	3	
2	6	7	
2	6	7	
1	2	3	
0	1	
1	2	3	
1	2	3	
1	2	3	
2	6	7	
0	1	
1	3	
2	3	4	
0	1	
1	2	3	
2	3	4	
2	6	7	
1	2	3	
1	3	
1	3	
1	2	3	
1	3	
1	3	
1	3	
2	6	7	
2	3	4	
1	3	
1	3	
1	2	3	
1	2	3	
1	2	3	
1	2	3	
1	2	3	
1	3	
2	6	7	
1	2	3	
1	3	
2	3	4	
1	2	3	
1	2	3	
1	2	3	
1	3	
1	2	3	
1	2	3	
1	2	3	
1	3	
1	2	3	
1	2	3	
1	2	3	
0	1	
2	6	7	
2	3	4	
1	2	3	
1	2	3	
1	2	3	
1	2	3	
1	3	
2	3	4	
2	3	4	
1	2	3	
1	2	3	
1	2	3	
1	3	
1	2	3	
1	2	3	
2	6	7	
1	2	3	
1	3	
0	1	
2	6	7	
1	2	3	
2	3	4	
0	1	
1	3	
0	1	
1	3	
0	1	
1	2	3	
1	2	3	
1	2	3	
2	3	4	
1	3	
2	6	7	
1	3	
0	1	
1	3	
1	2	3	
0	1	
1	2	3	
1	2	3	
2	3	4	
2	3	4	
0	1	
2	3	4	
2	3	4	
2	3	4	
2	6	7	
1	3	
2	6	7	
2	6	7	
2	3	4	
2	6	7	
1	2	3	
0	1	
0	1	
2	6	7	
1	3	
2	6	7	
1	2	3	
2	3	4	
2	6	7	
1	2	3	
2	3	4	
2	6	7	
0	1	
0	1	
0	1	
1	2	3	
2	3	4	
1	2	3	
0	1	
1	3	
2	3	4	
2	6	7	
1	3	
1	3	
1	3	
1	3	
2	3	4	
1	3	
0	1	
2	3	4	
2	6	7	
0	1	
1	3	
1	2	3	
0	1	
0	1	
2	3	4	
2	3	4	
1	2	3	
0	1	
0	1	
1	2	3	
2	3	4	
1	2	3	
1	2	3	
2	6	7	
0	1	
1	2	3	
2	3	4	
2	3	4	
1	3	
2	6	7	
2	3	4	
1	3	
1	3	
0	1	
1	2	3	
1	2	3	
1	2	3	
1	2	3	
2	3	4	
0	1	
1	2	3	
0	1	
2	6	7	
1	3	
1	2	3	
1	3	
1	2	3	
1	2	3	
2	6	7	
2	6	7	
2	6	7	
1	2	3	
0	1	
2	6	7	
2	6	7	
0	1	
2	6	7	
2	6	7	
2	6	7	
1	2	3	
48.00	36.00	32.00	
42.00	24.00	20.00	
42.00	24.00	20.00	
42.00	32.00	
42.00	20.00	16.00	
42.00	32.00	
42.00	20.00	16.00	
42.00	32.00	
32.00	16.00	
48.00	36.00	32.00	
42.00	20.00	16.00	
32.00	16.00	
42.00	24.00	20.00	
42.00	24.00	20.00	
42.00	28.00	28.00	
42.00	20.00	16.00	
48.00	36.00	32.00	
42.00	24.00	20.00	
48.00	36.00	32.00	
42.00	20.00	16.00	
42.00	24.00	20.00	
42.00	20.00	16.00	
42.00	28.00	28.00	
42.00	32.00	
32.00	16.00	
42.00	20.00	16.00	
48.00	36.00	32.00	
42.00	24.00	20.00	
42.00	20.00	16.00	
42.00	24.00	20.00	
32.00	16.00	
48.00	36.00	32.00	
42.00	20.00	16.00	
42.00	20.00	16.00	
42.00	20.00	16.00	
42.00	32.00	
32.00	16.00	
42.00	32.00	
42.00	28.00	28.00	
42.00	28.00	28.00	
42.00	32.00	
42.00	32.00	
48.00	36.00	32.00	
42.00	28.00	28.00	
42.00	24.00	20.00	
42.00	24.00	20.00	
42.00	28.00	28.00	
42.00	24.00	20.00	
42.00	24.00	20.00	
42.00	28.00	28.00	
48.00	36.00	32.00	
42.00	32.00	
42.00	28.00	28.00	
42.00	20.00	16.00	
48.00	36.00	32.00	
48.00	36.00	32.00	
42.00	24.00	20.00	
32.00	16.00	
48.00	36.00	32.00	
42.00	32.00	
42.00	24.00	20.00	
42.00	28.00	28.00	
42.00	28.00	28.00	
48.00	36.00	32.00	
42.00	32.00	
42.00	24.00	20.00	
42.00	20.00	16.00	
42.00	28.00	28.00	
42.00	20.00	16.00	
32.00	16.00	
42.00	32.00	
48.00	36.00	32.00	
48.00	36.00	32.00	
42.00	20.00	16.00	
32.00	16.00	
42.00	32.00	
42.00	20.00	16.00	
32.00	16.00	
42.00	24.00	20.00	
32.00	16.00	
42.00	20.00	16.00	
42.00	28.00	28.00	
42.00	20.00	16.00	
42.00	24.00	20.00	
48.00	36.00	32.00	
42.00	28.00	28.00	
42.00	20.00	16.00	
48.00	36.00	32.00	
42.00	28.00	28.00	
42.00	32.00	
42.00	20.00	16.00	
48.00	36.00	32.00	
42.00	28.00	28.00	
42.00	28.00	28.00	
42.00	24.00	20.00	
48.00	36.00	32.00	
42.00	20.00	16.00	
42.00	32.00	
42.00	20.00	16.00	
48.00	36.00	32.00	
42.00	20.00	16.00	
48.00	36.00	32.00	
42.00	24.00	20.00	
42.00	20.00	16.00	
42.00	20.00	16.00	
42.00	28.00	28.00	
42.00	20.00	16.00	
42.00	24.00	20.00	
42.00	20.00	16.00	
42.00	20.00	16.00	
42.00	24.00	20.00	
48.00	36.00	32.00	
48.00	36.00	32.00	
32.00	16.00	
32.00	16.00	
32.00	16.00	
32.00	16.00	
42.00	20.00	16.00	
48.00	36.00	32.00	
48.00	36.00	32.00	
42.00	20.00	16.00	
32.00	16.00	
42.00	20.00	16.00	
42.00	24.00	20.00	
42.00	20.00	16.00	
48.00	36.00	32.00	
32.00	16.00	
42.00	32.00	
42.00	28.00	28.00	
32.00	16.00	
42.00	20.00	16.00	
42.00	28.00	28.00	
48.00	36.00	32.00	
42.00	20.00	16.00	
42.00	32.00	
42.00	32.00	
42.00	20.00	16.00	
42.00	32.00	
42.00	32.00	
42.00	32.00	
48.00	36.00	32.00	
42.00	28.00	28.00	
42.00	32.00	
42.00	32.00	
42.00	24.00	20.00	
42.00	20.00	16.00	
42.00	20.00	16.00	
42.00	24.00	20.00	
42.00	24.00	20.00	
42.00	32.00	
48.00	36.00	32.00	
42.00	20.00	16.00	
42.00	32.00	
42.00	28.00	28.00	
42.00	20.00	16.00	
42.00	24.00	20.00	
42.00	24.00	20.00	
42.00	32.00	
42.00	24.00	20.00	
42.00	20.00	16.00	
42.00	24.00	20.00	
42.00	32.00	
42.00	24.00	20.00	
42.00	24.00	20.00	
42.00	24.00	20.00	
32.00	16.00	
48.00	36.00	32.00	
42.00	28.00	28.00	
42.00	20.00	16.00	
42.00	20.00	16.00	
42.00	24.00	20.00	
42.00	24.00	20.00	
42.00	32.00	
42.00	28.00	28.00	
42.00	28.00	28.00	
42.00	24.00	20.00	
42.00	20.00	16.00	
42.00	24.00	20.00	
42.00	32.00	
42.00	20.00	16.00	
42.00	24.00	20.00	
48.00	36.00	32.00	
42.00	24.00	20.00	
42.00	32.00	
32.00	16.00	
48.00	36.00	32.00	
42.00	24.00	20.00	
42.00	28.00	28.00	
32.00	16.00	
42.00	32.00	
32.00	16.00	
42.00	32.00	
32.00	16.00	
42.00	20.00	16.00	
42.00	20.00	16.00	
42.00	20.00	16.00	
42.00	28.00	28.00	
42.00	32.00	
48.00	36.00	32.00	
42.00	32.00	
32.00	16.00	
42.00	32.00	
42.00	24.00	20.00	
32.00	16.00	
42.00	20.00	16.00	
42.00	20.00	16.00	
42.00	28.00	28.00	
42.00	28.00	28.00	
32.00	16.00	
42.00	28.00	28.00	
42.00	28.00	28.00	
42.00	28.00	28.00	
48.00	36.00	32.00	
42.00	32.00	
48.00	36.00	32.00	
48.00	36.00	32.00	
42.00	28.00	28.00	
48.00	36.00	32.00	
42.00	24.00	20.00	
32.00	16.00	
32.00	16.00	
48.00	36.00	32.00	
42.00	32.00	
48.00	36.00	32.00	
42.00	20.00	16.00	
42.00	28.00	28.00	
48.00	36.00	32.00	
42.00	20.00	16.00	
42.00	28.00	28.00	
48.00	36.00	32.00	
32.00	16.00	
32.00	16.00	
32.00	16.00	
42.00	20.00	16.00	
42.00	28.00	28.00	
42.00	24.00	20.00	
32.00	16.00	
42.00	32.00	
42.00	28.00	28.00	
48.00	36.00	32.00	
42.00	32.00	
42.00	32.00	
42.00	32.00	
42.00	32.00	
42.00	28.00	28.00	
42.00	32.00	
32.00	16.00	
42.00	28.00	28.00	
48.00	36.00	32.00	
32.00	16.00	
42.00	32.00	
42.00	20.00	16.00	
32.00	16.00	
32.00	16.00	
42.00	28.00	28.00	
42.00	28.00	28.00	
42.00	20.00	16.00	
32.00	16.00	
32.00	16.00	
42.00	20.00	16.00	
42.00	28.00	28.00	
42.00	24.00	20.00	
42.00	20.00	16.00	
48.00	36.00	32.00	
32.00	16.00	
42.00	24.00	20.00	
42.00	28.00	28.00	
42.00	28.00	28.00	
42.00	32.00	
48.00	36.00	32.00	
42.00	28.00	28.00	
42.00	32.00	
42.00	32.00	
32.00	16.00	
42.00	24.00	20.00	
42.00	24.00	20.00	
42.00	20.00	16.00	
42.00	20.00	16.00	
42.00	28.00	28.00	
32.00	16.00	
42.00	24.00	20.00	
32.00	16.00	
48.00	36.00	32.00	
42.00	32.00	
42.00	24.00	20.00	
42.00	32.00	
42.00	24.00	20.00	
42.00	20.00	16.00	
48.00	36.00	32.00	
48.00	36.00	32.00	
48.00	36.00	32.00	
42.00	24.00	20.00	
32.00	16.00	
48.00	36.00	32.00	
48.00	36.00	32.00	
32.00	16.00	
48.00	36.00	32.00	
48.00	36.00	32.00	
48.00	36.00	32.00	
42.00	24.00	20.00	
3.00	3.00	3.00	3.00	3.00	3.00	3.00	3.00	3.00	3.00	3.00	3.00	3.00	3.00	3.00	3.00	3.00	3.00	3.00	3.00	3.00	3.00	3.00	3.00	3.00	3.00	3.00	3.00	3.00	3.00	3.00	3.00	3.00	3.00	3.00	3.00	3.00	3.00	3.00	3.00	3.00	3.00	3.00	3.00	3.00	3.00	3.00	3.00	3.00	3.00	3.00	3.00	3.00	3.00	3.00	3.00	3.00	3.00	3.00	3.00	3.00	3.00	3.00	3.00	3.00	3.00	3.00	3.00	3.00	3.00	3.00	3.00	3.00	3.00	3.00	3.00	3.00	3.00	3.00	3.00	3.00	3.00	3.00	3.00	3.00	3.00	3.00	3.00	3.00	3.00	3.00	3.00	3.00	3.00	3.00	3.00	3.00	3.00	3.00	3.00	3.00	3.00	3.00	3.00	3.00	3.00	3.00	3.00	3.00	3.00	3.00	3.00	3.00	3.00	3.00	3.00	3.00	3.00	3.00	3.00	3.00	3.00	3.00	3.00	3.00	3.00	3.00	3.00	3.00	3.00	3.00	3.00	3.00	3.00	3.00	3.00	3.00	3.00	3.00	3.00	3.00	3.00	3.00	3.00	3.00	3.00	3.00	3.00	3.00	3.00	3.00	3.00	3.00	3.00	3.00	3.00	3.00	3.00	3.00	3.00	3.00	3.00	3.00	3.00	3.00	3.00	3.00	3.00	3.00	3.00	3.00	3.00	3.00	3.00	3.00	3.00	3.00	3.00	3.00	3.00	3.00	3.00	3.00	3.00	3.00	3.00	3.00	3.00	3.00	3.00	3.00	3.00	3.00	3.00	3.00	3.00	3.00	3.00	3.00	3.00	3.00	3.00	3.00	3.00	3.00	3.00	3.00	3.00	3.00	3.00	3.00	3.00	3.00	3.00	3.00	3.00	3.00	3.00	3.00	3.00	3.00	3.00	3.00	3.00	3.00	3.00	3.00	3.00	3.00	3.00	3.00	3.00	3.00	3.00	3.00	3.00	3.00	3.00	3.00	3.00	3.00	3.00	3.00	3.00	3.00	3.00	3.00	3.00	3.00	3.00	3.00	3.00	3.00	3.00	3.00	3.00	3.00	3.00	3.00	3.00	3.00	3.00	3.00	3.00	3.00	3.00	3.00	3.00	3.00	3.00	3.00	3.00	3.00	3.00	3.00	3.00	3.00	3.00	3.00	3.00	3.00	3.00	3.00	3.00	3.00	3.00	3.00	3.00	3.00	3.00	3.00	3.00	3.00	3.00	3.00	3.00	3.00	3.00	3.00	3.00	
5.00	5.00	5.00	5.00	5.00	5.00	5.00	5.00	5.00	5.00	5.00	5.00	5.00	5.00	5.00	5.00	5.00	5.00	5.00	5.00	5.00	5.00	5.00	5.00	5.00	5.00	5.00	5.00	5.00	5.00	5.00	5.00	5.00	5.00	5.00	5.00	5.00	5.00	5.00	5.00	5.00	5.00	5.00	5.00	5.00	5.00	5.00	5.00	5.00	5.00	5.00	5.00	5.00	5.00	5.00	5.00	5.00	5.00	5.00	5.00	5.00	5.00	5.00	5.00	5.00	5.00	5.00	5.00	5.00	5.00	5.00	5.00	5.00	5.00	5.00	5.00	5.00	5.00	5.00	5.00	5.00	5.00	5.00	5.00	5.00	5.00	5.00	5.00	5.00	5.00	5.00	5.00	5.00	5.00	5.00	5.00	5.00	5.00	5.00	5.00	5.00	5.00	5.00	5.00	5.00	5.00	5.00	5.00	5.00	5.00	5.00	5.00	5.00	5.00	5.00	5.00	5.00	5.00	5.00	5.00	5.00	5.00	5.00	5.00	5.00	5.00	5.00	5.00	5.00	5.00	5.00	5.00	5.00	5.00	5.00	5.00	5.00	5.00	5.00	5.00	5.00	5.00	5.00	5.00	5.00	5.00	5.00	5.00	5.00	5.00	5.00	5.00	5.00	5.00	5.00	5.00	5.00	5.00	5.00	5.00	5.00	5.00	5.00	5.00	5.00	5.00	5.00	5.00	5.00	5.00	5.00	5.00	5.00	5.00	5.00	5.00	5.00	5.00	5.00	5.00	5.00	5.00	5.00	5.00	5.00	5.00	5.00	5.00	5.00	5.00	5.00	5.00	5.00	5.00	5.00	5.00	5.00	5.00	5.00	5.00	5.00	5.00	5.00	5.00	5.00	5.00	5.00	5.00	5.00	5.00	5.00	5.00	5.00	5.00	5.00	5.00	5.00	5.00	5.00	5.00	5.00	5.00	5.00	5.00	5.00	5.00	5.00	5.00	5.00	5.00	5.00	5.00	5.00	5.00	5.00	5.00	5.00	5.00	5.00	5.00	5.00	5.00	5.00	5.00	5.00	5.00	5.00	5.00	5.00	5.00	5.00	5.00	5.00	5.00	5.00	5.00	5.00	5.00	5.00	5.00	5.00	5.00	5.00	5.00	5.00	5.00	5.00	5.00	5.00	5.00	5.00	5.00	5.00	5.00	5.00	5.00	5.00	5.00	5.00	5.00	5.00	5.00	5.00	5.00	5.00	5.00	5.00	5.00	5.00	5.00	5.00	5.00	5.00	5.00	5.00	5.00	5.00	5.00	5.00	5.00	
1.00	1.00	1.00	1.00	1.00	1.00	1.00	1.00	1.00	1.00	1.00	1.00	1.00	1.00	
2	1	2	1	2	1	2	1	2	2	1	2	1	2	2	1	1	1	1	1	1	1	1	2	2	2	1	1	1	1	2	2	1	2	1	2	1	2	2	1	1	2	1	1	2	2	2	1	1	2	2	1	1	2	1	1	2	2	2	1	2	1	1	2	2	1	2	1	1	2	2	2	2	2	2	1	1	1	2	2	2	2	2	2	2	2	1	1	2	1	1	2	1	1	2	2	2	1	2	2	1	1	2	1	2	1	2	1	2	1	2	2	1	1	1	1	2	2	3	2	4	2	2	4	2	2	2	1	4	2	1	2	1	2	2	2	1	1	1	2	2	4	4	5	1	1	2	4	2	1	1	1	3	2	2	2	1	4	2	2	3	5	5	4	3	4	5	3	5	4	3	4	3	5	5	3	5	3	3	5	3	4	3	5	5	4	4	5	4	5	3	5	4	3	4	5	3	3	4	5	4	5	5	4	5	5	5	3	5	4	5	5	4	4	3	4	4	5	5	4	4	4	3	3	4	3	4	3	5	3	5	5	4	76	3	3	38	3	5	76	4	4	4	4	3	5	86	32	4	4	3	94	36	62	4	5	3	52	3	67	50	84	45	56	46	85	84	45	66	87	35	67	63	70	62	91	54	31	68	68	88	59	80	99	71	71	49	59	76	70	92	62	51	50	55	34	89	38	39	85	
1	1	1	1	1	1	1	1	1	1	1	1	1	1	1	1	1	1	1	1	1	1	1	1	1	1	1	1	1	1	1	1	1	1	2	2	2	2	2	2	2	2	2	2	2	2	2	2	2	2	2	2	2	2	2	2	2	2	2	2	2	2	2	2	2	2	2	2	3	3	3	3	3	3	3	3	3	3	3	3	3	3	3	3	3	3	3	3	3	3	3	4	4	4	4	4	4	4	4	4	4	4	4	4	4	4	4	4	4	4	4	4	4	4	4	4	5	5	5	5	5	5	5	5	5	5	5	5	5	5	5	5	5	5	5	5	5	5	5	5	5	5	5	5	5	5	5	5	5	5	5	5	5	5	5	5	5	5	5	5	6	6	6	6	6	6	6	6	6	6	6	6	6	6	6	6	6	6	7	7	7	7	7	7	7	7	7	7	7	7	7	7	7	7	7	7	7	7	8	8	8	8	8	8	8	8	8	8	8	8	9	9	9	9	9	9	9	9	9	9	9	9	9	9	9	9	9	9	10	10	10	10	10	10	10	10	10	10	10	10	10	10	10	10	10	10	10	10	10	10	10	10	10	10	10	10	10	10	10	11	11	11	11	11	11	11	11	11	11	12	12	12	12	12	12	12	12	12	12	13	13	13	13	13	13	13	13	13	13	13	14	14	14	14	14	14	14	14	14	14	
