300
14	2
361	1.00
2	3	2	2	3	3	3	3	3	3	3	3	3	3	3	3	2	3	3	2	2	3	2	2	3	3	3	3	3	2	2	3	3	2	2	3	3	3	2	3	3	2	3	3	3	3	2	3	2	2	3	2	3	2	2	3	3	2	3	2	3	3	3	3	3	3	3	2	3	2	2	3	2	3	2	3	3	3	3	3	3	3	2	2	3	2	3	3	3	3	2	2	3	3	3	2	3	3	3	3	3	3	3	3	2	3	3	2	2	3	3	3	3	3	2	3	3	2	2	3	3	3	3	3	3	3	3	3	2	2	2	2	2	3	3	3	3	3	3	3	2	3	3	3	3	3	2	2	3	3	2	3	3	2	3	2	2	2	3	3	3	2	3	3	3	3	2	2	2	2	3	2	3	3	2	2	3	2	2	3	3	3	2	3	3	3	3	3	2	3	3	3	2	3	3	3	3	2	3	2	2	3	3	3	3	3	2	3	2	3	2	3	2	3	3	3	3	3	3	3	2	2	3	3	3	3	3	3	3	3	2	3	2	3	2	3	3	3	3	3	2	2	3	3	3	2	3	3	3	2	3	2	2	3	3	3	3	2	3	2	3	3	3	3	3	2	2	3	3	3	3	2	3	3	3	3	3	3	3	2	3	2	3	3	2	2	2	3	3	3	3	3	3	3	3	2	2	3	3	3	
0	1	
1	2	3	
1	3	
0	1	
1	2	3	
2	3	4	
2	3	4	
2	6	7	
1	2	3	
2	3	4	
1	2	3	
1	2	3	
2	6	7	
1	2	3	
1	2	3	
2	3	4	
1	3	
1	2	3	
2	3	4	
1	3	
0	1	
1	2	3	
0	1	
1	3	
1	2	3	
1	2	3	
1	2	3	
2	3	4	
1	2	3	
0	1	
1	3	
1	2	3	
2	3	4	
1	3	
1	3	
1	2	3	
1	2	3	
1	2	3	
1	3	
1	2	3	
1	2	3	
1	3	
2	3	4	
2	6	7	
2	6	7	
1	2	3	
1	3	
1	2	3	
0	1	
0	1	
1	2	3	
0	1	
1	2	3	
0	1	
0	1	
2	3	4	
2	6	7	
0	1	
1	2	3	
1	3	
1	2	3	
1	2	3	
2	3	4	
1	2	3	
1	2	3	
2	6	7	
1	2	3	
0	1	
2	6	7	
1	3	
0	1	
2	3	4	
0	1	
2	6	7	
0	1	
2	3	4	
2	3	4	
1	2	3	
2	3	4	
2	6	7	
1	2	3	
1	2	3	
0	1	
0	1	
2	6	7	
0	1	
2	6	7	
2	3	4	
2	6	7	
1	2	3	
0	1	
1	3	
1	2	3	
1	2	3	
2	6	7	
1	3	
2	6	7	
1	2	3	
2	6	7	
1	2	3	
1	2	3	
1	2	3	
2	3	4	
2	3	4	
1	3	
2	6	7	
1	2	3	
1	3	
0	1	
1	2	3	
1	2	3	
1	2	3	
1	2	3	
2	6	7	
1	3	
1	2	3	
2	6	7	
1	3	
0	1	
1	2	3	
1	2	3	
2	3	4	
2	3	4	
1	2	3	
1	2	3	
1	2	3	
2	6	7	
2	6	7	
0	1	
0	1	
0	1	
0	1	
0	1	
1	2	3	
2	3	4	
2	6	7	
1	2	3	
2	6	7	
1	2	3	
1	2	3	
0	1	
2	3	4	
1	2	3	
1	2	3	
2	3	4	
1	2	3	
1	3	
0	1	
2	6	7	
2	3	4	
1	3	
2	6	7	
1	2	3	
1	3	
1	2	3	
1	3	
0	1	
1	3	
2	3	4	
1	2	3	
2	3	4	
1	3	
1	2	3	
1	2	3	
1	2	3	
2	3	4	
0	1	
1	3	
1	3	
1	3	
2	3	4	
1	3	
1	2	3	
1	2	3	
0	1	
0	1	
2	6	7	
1	3	
0	1	
2	3	4	
1	2	3	
2	3	4	
1	3	
1	2	3	
1	2	3	
2	6	7	
1	2	3	
1	2	3	
1	3	
1	2	3	
1	2	3	
1	2	3	
0	1	
2	3	4	
2	3	4	
2	3	4	
1	2	3	
0	1	
2	6	7	
1	3	
1	3	
2	6	7	
1	2	3	
1	2	3	
2	6	7	
1	2	3	
0	1	
2	6	7	
1	3	
2	6	7	
1	3	
1	2	3	
1	3	
2	3	4	
2	6	7	
2	3	4	
1	2	3	
1	2	3	
1	2	3	
1	2	3	
1	3	
1	3	
1	2	3	
2	6	7	
1	2	3	
2	3	4	
2	6	7	
1	2	3	
1	2	3	
2	3	4	
0	1	
1	2	3	
0	1	
1	2	3	
1	3	
2	6	7	
2	3	4	
2	3	4	
2	3	4	
2	3	4	
1	3	
1	3	
1	2	3	
2	6	7	
1	2	3	
0	1	
2	3	4	
1	2	3	
2	3	4	
1	3	
1	2	3	
0	1	
1	3	
1	2	3	
2	3	4	
1	2	3	
1	2	3	
1	3	
1	2	3	
0	1	
2	6	7	
1	2	3	
2	6	7	
1	2	3	
2	6	7	
1	3	
1	3	
2	3	4	
1	2	3	
1	2	3	
1	2	3	
0	1	
2	3	4	
2	6	7	
1	2	3	
2	3	4	
1	2	3	
2	6	7	
1	2	3	
0	1	
1	2	3	
0	1	
2	3	4	
1	2	3	
1	3	
1	3	
0	1	
2	3	4	
2	3	4	
1	2	3	
2	3	4	
2	6	7	
1	2	3	
1	2	3	
1	2	3	
1	3	
1	3	
2	6	7	
1	2	3	
1	2	3	
32.00	16.00	
42.00	20.00	16.00	
42.00	32.00	
32.00	16.00	
42.00	20.00	16.00	
42.00	28.00	28.00	
42.00	28.00	28.00	
48.00	36.00	32.00	
42.00	20.00	16.00	
42.00	28.00	28.00	
42.00	24.00	20.00	
42.00	20.00	16.00	
48.00	36.00	32.00	
42.00	20.00	16.00	
42.00	20.00	16.00	
42.00	28.00	28.00	
42.00	32.00	
42.00	20.00	16.00	
42.00	28.00	28.00	
42.00	32.00	
32.00	16.00	
42.00	20.00	16.00	
32.00	16.00	
42.00	32.00	
42.00	24.00	20.00	
42.00	20.00	16.00	
42.00	20.00	16.00	
42.00	28.00	28.00	
42.00	24.00	20.00	
32.00	16.00	
42.00	32.00	
42.00	20.00	16.00	
42.00	28.00	28.00	
42.00	32.00	
42.00	32.00	
42.00	24.00	20.00	
42.00	24.00	20.00	
42.00	20.00	16.00	
42.00	32.00	
42.00	24.00	20.00	
42.00	24.00	20.00	
42.00	32.00	
42.00	28.00	28.00	
48.00	36.00	32.00	
48.00	36.00	32.00	
42.00	20.00	16.00	
42.00	32.00	
42.00	20.00	16.00	
32.00	16.00	
32.00	16.00	
42.00	20.00	16.00	
32.00	16.00	
42.00	24.00	20.00	
32.00	16.00	
32.00	16.00	
42.00	28.00	28.00	
48.00	36.00	32.00	
32.00	16.00	
42.00	20.00	16.00	
42.00	32.00	
42.00	20.00	16.00	
42.00	20.00	16.00	
42.00	28.00	28.00	
42.00	20.00	16.00	
42.00	20.00	16.00	
48.00	36.00	32.00	
42.00	20.00	16.00	
32.00	16.00	
48.00	36.00	32.00	
42.00	32.00	
32.00	16.00	
42.00	28.00	28.00	
32.00	16.00	
48.00	36.00	32.00	
32.00	16.00	
42.00	28.00	28.00	
42.00	28.00	28.00	
42.00	20.00	16.00	
42.00	28.00	28.00	
48.00	36.00	32.00	
42.00	24.00	20.00	
42.00	20.00	16.00	
32.00	16.00	
32.00	16.00	
48.00	36.00	32.00	
32.00	16.00	
48.00	36.00	32.00	
42.00	28.00	28.00	
48.00	36.00	32.00	
42.00	20.00	16.00	
32.00	16.00	
42.00	32.00	
42.00	24.00	20.00	
42.00	20.00	16.00	
48.00	36.00	32.00	
42.00	32.00	
48.00	36.00	32.00	
42.00	24.00	20.00	
48.00	36.00	32.00	
42.00	24.00	20.00	
42.00	20.00	16.00	
42.00	24.00	20.00	
42.00	28.00	28.00	
42.00	28.00	28.00	
42.00	32.00	
48.00	36.00	32.00	
42.00	20.00	16.00	
42.00	32.00	
32.00	16.00	
42.00	20.00	16.00	
42.00	24.00	20.00	
42.00	24.00	20.00	
42.00	20.00	16.00	
48.00	36.00	32.00	
42.00	32.00	
42.00	24.00	20.00	
48.00	36.00	32.00	
42.00	32.00	
32.00	16.00	
42.00	24.00	20.00	
42.00	20.00	16.00	
42.00	28.00	28.00	
42.00	28.00	28.00	
42.00	24.00	20.00	
42.00	20.00	16.00	
42.00	20.00	16.00	
48.00	36.00	32.00	
48.00	36.00	32.00	
32.00	16.00	
32.00	16.00	
32.00	16.00	
32.00	16.00	
32.00	16.00	
42.00	24.00	20.00	
42.00	28.00	28.00	
48.00	36.00	32.00	
42.00	24.00	20.00	
48.00	36.00	32.00	
42.00	20.00	16.00	
42.00	20.00	16.00	
32.00	16.00	
42.00	28.00	28.00	
42.00	24.00	20.00	
42.00	24.00	20.00	
42.00	28.00	28.00	
42.00	20.00	16.00	
42.00	32.00	
32.00	16.00	
48.00	36.00	32.00	
42.00	28.00	28.00	
42.00	32.00	
48.00	36.00	32.00	
42.00	24.00	20.00	
42.00	32.00	
42.00	24.00	20.00	
42.00	32.00	
32.00	16.00	
42.00	32.00	
42.00	28.00	28.00	
42.00	24.00	20.00	
42.00	28.00	28.00	
42.00	32.00	
42.00	20.00	16.00	
42.00	20.00	16.00	
42.00	24.00	20.00	
42.00	28.00	28.00	
32.00	16.00	
42.00	32.00	
42.00	32.00	
42.00	32.00	
42.00	28.00	28.00	
42.00	32.00	
42.00	20.00	16.00	
42.00	20.00	16.00	
32.00	16.00	
32.00	16.00	
48.00	36.00	32.00	
42.00	32.00	
32.00	16.00	
42.00	28.00	28.00	
42.00	20.00	16.00	
42.00	28.00	28.00	
42.00	32.00	
42.00	24.00	20.00	
42.00	24.00	20.00	
48.00	36.00	32.00	
42.00	20.00	16.00	
42.00	24.00	20.00	
42.00	32.00	
42.00	24.00	20.00	
42.00	24.00	20.00	
42.00	20.00	16.00	
32.00	16.00	
42.00	28.00	28.00	
42.00	28.00	28.00	
42.00	28.00	28.00	
42.00	20.00	16.00	
32.00	16.00	
48.00	36.00	32.00	
42.00	32.00	
42.00	32.00	
48.00	36.00	32.00	
42.00	24.00	20.00	
42.00	24.00	20.00	
48.00	36.00	32.00	
42.00	20.00	16.00	
32.00	16.00	
48.00	36.00	32.00	
42.00	32.00	
48.00	36.00	32.00	
42.00	32.00	
42.00	24.00	20.00	
42.00	32.00	
42.00	28.00	28.00	
48.00	36.00	32.00	
42.00	28.00	28.00	
42.00	20.00	16.00	
42.00	24.00	20.00	
42.00	20.00	16.00	
42.00	24.00	20.00	
42.00	32.00	
42.00	32.00	
42.00	20.00	16.00	
48.00	36.00	32.00	
42.00	24.00	20.00	
42.00	28.00	28.00	
48.00	36.00	32.00	
42.00	24.00	20.00	
42.00	20.00	16.00	
42.00	28.00	28.00	
32.00	16.00	
42.00	20.00	16.00	
32.00	16.00	
42.00	24.00	20.00	
42.00	32.00	
48.00	36.00	32.00	
42.00	28.00	28.00	
42.00	28.00	28.00	
42.00	28.00	28.00	
42.00	28.00	28.00	
42.00	32.00	
42.00	32.00	
42.00	24.00	20.00	
48.00	36.00	32.00	
42.00	24.00	20.00	
32.00	16.00	
42.00	28.00	28.00	
42.00	20.00	16.00	
42.00	28.00	28.00	
42.00	32.00	
42.00	24.00	20.00	
32.00	16.00	
42.00	32.00	
42.00	20.00	16.00	
42.00	28.00	28.00	
42.00	20.00	16.00	
42.00	20.00	16.00	
42.00	32.00	
42.00	24.00	20.00	
32.00	16.00	
48.00	36.00	32.00	
42.00	20.00	16.00	
48.00	36.00	32.00	
42.00	20.00	16.00	
48.00	36.00	32.00	
42.00	32.00	
42.00	32.00	
42.00	28.00	28.00	
42.00	24.00	20.00	
42.00	20.00	16.00	
42.00	24.00	20.00	
32.00	16.00	
42.00	28.00	28.00	
48.00	36.00	32.00	
42.00	24.00	20.00	
42.00	28.00	28.00	
42.00	24.00	20.00	
48.00	36.00	32.00	
42.00	24.00	20.00	
32.00	16.00	
42.00	24.00	20.00	
32.00	16.00	
42.00	28.00	28.00	
42.00	24.00	20.00	
42.00	32.00	
42.00	32.00	
32.00	16.00	
42.00	28.00	28.00	
42.00	28.00	28.00	
42.00	20.00	16.00	
42.00	28.00	28.00	
48.00	36.00	32.00	
42.00	24.00	20.00	
42.00	24.00	20.00	
42.00	20.00	16.00	
42.00	32.00	
42.00	32.00	
48.00	36.00	32.00	
42.00	20.00	16.00	
42.00	24.00	20.00	
3.00	3.00	3.00	3.00	3.00	3.00	3.00	3.00	3.00	3.00	3.00	3.00	3.00	3.00	3.00	3.00	3.00	3.00	3.00	3.00	3.00	3.00	3.00	3.00	3.00	3.00	3.00	3.00	3.00	3.00	3.00	3.00	3.00	3.00	3.00	3.00	3.00	3.00	3.00	3.00	3.00	3.00	3.00	3.00	3.00	3.00	3.00	3.00	3.00	3.00	3.00	3.00	3.00	3.00	3.00	3.00	3.00	3.00	3.00	3.00	3.00	3.00	3.00	3.00	3.00	3.00	3.00	3.00	3.00	3.00	3.00	3.00	3.00	3.00	3.00	3.00	3.00	3.00	3.00	3.00	3.00	3.00	3.00	3.00	3.00	3.00	3.00	3.00	3.00	3.00	3.00	3.00	3.00	3.00	3.00	3.00	3.00	3.00	3.00	3.00	3.00	3.00	3.00	3.00	3.00	3.00	3.00	3.00	3.00	3.00	3.00	3.00	3.00	3.00	3.00	3.00	3.00	3.00	3.00	3.00	3.00	3.00	3.00	3.00	3.00	3.00	3.00	3.00	3.00	3.00	3.00	3.00	3.00	3.00	3.00	3.00	3.00	3.00	3.00	3.00	3.00	3.00	3.00	3.00	3.00	3.00	3.00	3.00	3.00	3.00	3.00	3.00	3.00	3.00	3.00	3.00	3.00	3.00	3.00	3.00	3.00	3.00	3.00	3.00	3.00	3.00	3.00	3.00	3.00	3.00	3.00	3.00	3.00	3.00	3.00	3.00	3.00	3.00	3.00	3.00	3.00	3.00	3.00	3.00	3.00	3.00	3.00	3.00	3.00	3.00	3.00	3.00	3.00	3.00	3.00	3.00	3.00	3.00	3.00	3.00	3.00	3.00	3.00	3.00	3.00	3.00	3.00	3.00	3.00	3.00	3.00	3.00	3.00	3.00	3.00	3.00	3.00	3.00	3.00	3.00	3.00	3.00	3.00	3.00	3.00	3.00	3.00	3.00	3.00	3.00	3.00	3.00	3.00	3.00	3.00	3.00	3.00	3.00	3.00	3.00	3.00	3.00	3.00	3.00	3.00	3.00	3.00	3.00	3.00	3.00	3.00	3.00	3.00	3.00	3.00	3.00	3.00	3.00	3.00	3.00	3.00	3.00	3.00	3.00	3.00	3.00	3.00	3.00	3.00	3.00	3.00	3.00	3.00	3.00	3.00	3.00	3.00	3.00	3.00	3.00	3.00	3.00	3.00	3.00	3.00	3.00	3.00	3.00	3.00	3.00	3.00	3.00	3.00	3.00	3.00	3.00	3.00	3.00	3.00	3.00	
5.00	5.00	5.00	5.00	5.00	5.00	5.00	5.00	5.00	5.00	5.00	5.00	5.00	5.00	5.00	5.00	5.00	5.00	5.00	5.00	5.00	5.00	5.00	5.00	5.00	5.00	5.00	5.00	5.00	5.00	5.00	5.00	5.00	5.00	5.00	5.00	5.00	5.00	5.00	5.00	5.00	5.00	5.00	5.00	5.00	5.00	5.00	5.00	5.00	5.00	5.00	5.00	5.00	5.00	5.00	5.00	5.00	5.00	5.00	5.00	5.00	5.00	5.00	5.00	5.00	5.00	5.00	5.00	5.00	5.00	5.00	5.00	5.00	5.00	5.00	5.00	5.00	5.00	5.00	5.00	5.00	5.00	5.00	5.00	5.00	5.00	5.00	5.00	5.00	5.00	5.00	5.00	5.00	5.00	5.00	5.00	5.00	5.00	5.00	5.00	5.00	5.00	5.00	5.00	5.00	5.00	5.00	5.00	5.00	5.00	5.00	5.00	5.00	5.00	5.00	5.00	5.00	5.00	5.00	5.00	5.00	5.00	5.00	5.00	5.00	5.00	5.00	5.00	5.00	5.00	5.00	5.00	5.00	5.00	5.00	5.00	5.00	5.00	5.00	5.00	5.00	5.00	5.00	5.00	5.00	5.00	5.00	5.00	5.00	5.00	5.00	5.00	5.00	5.00	5.00	5.00	5.00	5.00	5.00	5.00	5.00	5.00	5.00	5.00	5.00	5.00	5.00	5.00	5.00	5.00	5.00	5.00	5.00	5.00	5.00	5.00	5.00	5.00	5.00	5.00	5.00	5.00	5.00	5.00	5.00	5.00	5.00	5.00	5.00	5.00	5.00	5.00	5.00	5.00	5.00	5.00	5.00	5.00	5.00	5.00	5.00	5.00	5.00	5.00	5.00	5.00	5.00	5.00	5.00	5.00	5.00	5.00	5.00	5.00	5.00	5.00	5.00	5.00	5.00	5.00	5.00	5.00	5.00	5.00	5.00	5.00	5.00	5.00	5.00	5.00	5.00	5.00	5.00	5.00	5.00	5.00	5.00	5.00	5.00	5.00	5.00	5.00	5.00	5.00	5.00	5.00	5.00	5.00	5.00	5.00	5.00	5.00	5.00	5.00	5.00	5.00	5.00	5.00	5.00	5.00	5.00	5.00	5.00	5.00	5.00	5.00	5.00	5.00	5.00	5.00	5.00	5.00	5.00	5.00	5.00	5.00	5.00	5.00	5.00	5.00	5.00	5.00	5.00	5.00	5.00	5.00	5.00	5.00	5.00	5.00	5.00	5.00	5.00	5.00	5.00	5.00	5.00	5.00	5.00	5.00	
1.00	1.00	1.00	1.00	1.00	1.00	1.00	1.00	1.00	1.00	1.00	1.00	1.00	1.00	
2	2	1	1	2	2	2	2	1	1	2	2	1	2	1	2	2	1	1	2	1	1	1	2	1	2	1	1	2	2	1	2	1	1	2	2	1	1	2	1	1	1	1	1	1	2	2	1	2	2	1	1	2	1	1	1	1	2	2	1	1	2	1	2	2	2	1	2	1	2	1	2	2	1	2	1	1	2	2	1	1	1	2	2	1	2	2	2	2	1	2	2	2	2	1	2	1	2	1	1	1	2	2	1	2	2	2	2	1	2	1	1	2	2	2	1	1	2	1	2	1	1	4	2	2	2	1	1	1	4	4	1	1	2	5	3	1	2	1	1	5	5	1	4	2	1	4	2	3	1	2	1	4	3	1	4	1	2	2	5	1	3	4	5	2	5	1	4	1	4	3	5	3	4	5	5	5	5	4	5	5	5	5	5	3	4	4	4	5	4	3	3	4	3	3	5	4	4	3	4	4	4	4	3	3	5	4	3	3	4	3	3	5	5	3	3	4	3	5	5	3	5	5	3	3	5	3	4	5	3	5	5	4	3	4	3	5	4	4	3	5	4	3	31	96	3	51	3	5	57	82	39	4	3	61	83	100	44	3	3	36	95	53	79	46	66	50	37	78	88	70	57	55	34	37	86	66	39	44	78	83	71	51	79	35	95	81	94	82	70	68	34	71	38	71	41	37	37	30	93	
1	1	1	1	1	1	1	1	1	1	1	1	1	1	1	1	1	1	1	1	1	1	1	1	1	1	1	1	1	2	2	2	2	2	2	2	2	2	2	2	2	2	2	2	2	2	2	2	2	2	2	2	2	2	2	2	2	2	2	3	3	3	3	3	3	3	3	3	3	3	3	3	3	3	3	3	3	3	3	3	3	3	3	3	3	3	3	3	3	3	4	4	4	4	4	4	4	4	4	4	4	4	4	4	4	4	4	4	4	4	4	4	4	4	4	4	4	4	4	4	4	4	5	5	5	5	5	5	5	5	5	5	5	5	5	5	5	5	5	5	5	5	5	5	5	5	5	5	5	5	5	5	5	5	5	5	5	5	5	5	5	5	5	5	5	5	5	5	5	6	6	6	6	6	6	6	6	6	6	6	6	7	7	7	7	7	7	7	7	7	7	7	7	7	7	7	7	7	7	7	7	7	7	7	7	8	8	8	8	8	8	8	8	8	8	8	8	8	8	8	8	8	8	8	8	8	8	8	9	9	9	9	9	9	9	9	9	9	9	9	9	10	10	10	10	10	10	10	10	10	10	10	10	10	10	10	10	10	10	10	11	11	11	11	11	11	11	11	11	12	12	12	12	12	12	12	12	12	12	12	12	13	13	13	13	13	13	13	14	14	14	14	14	14	14	14	14	14	14	14	
