300
14	3
338	1.00
3	3	3	2	2	3	2	3	3	3	3	3	3	3	2	3	3	3	3	3	2	2	3	2	3	2	3	2	3	2	3	3	3	2	3	2	3	3	2	3	3	3	3	3	2	2	3	2	3	3	3	3	3	2	3	2	2	3	3	3	3	3	2	2	3	2	3	2	2	3	3	3	3	3	3	2	2	3	3	2	3	3	2	3	3	3	2	3	2	2	3	3	3	2	3	3	2	3	2	2	3	3	2	3	3	2	3	2	3	3	3	3	2	2	3	3	3	2	3	3	3	2	3	3	2	2	2	3	2	2	2	3	2	3	2	3	3	3	3	2	2	2	3	2	3	2	3	3	3	3	3	3	3	3	3	3	2	3	3	3	2	3	2	2	3	2	2	3	3	3	3	3	3	3	3	2	3	3	3	3	3	3	3	2	2	3	2	2	3	3	3	3	3	2	2	2	3	3	3	2	3	2	3	2	3	3	3	2	2	3	3	3	3	2	3	3	3	3	2	3	3	3	2	3	2	3	3	3	3	3	3	3	3	3	3	2	3	3	3	3	3	3	3	2	3	2	3	3	3	2	2	3	2	2	3	3	2	3	3	3	2	2	3	2	3	3	3	2	3	2	3	3	2	3	3	2	2	3	3	3	3	2	3	3	3	3	3	2	2	3	3	3	3	2	2	3	2	3	3	3	
1	2	3	
2	6	7	
1	2	3	
1	3	
0	1	
1	2	3	
1	3	
1	2	3	
2	3	4	
2	6	7	
1	2	3	
1	2	3	
1	2	3	
1	2	3	
0	1	
1	2	3	
1	2	3	
1	2	3	
2	6	7	
2	3	4	
0	1	
0	1	
2	3	4	
0	1	
2	6	7	
1	3	
2	3	4	
1	3	
1	2	3	
1	3	
2	3	4	
1	2	3	
2	3	4	
1	3	
1	2	3	
0	1	
1	2	3	
2	6	7	
0	1	
2	3	4	
1	2	3	
2	6	7	
2	3	4	
1	2	3	
0	1	
0	1	
2	6	7	
0	1	
1	2	3	
1	2	3	
2	3	4	
1	2	3	
1	2	3	
0	1	
2	6	7	
1	3	
1	3	
2	3	4	
2	3	4	
1	2	3	
1	2	3	
2	3	4	
1	3	
1	3	
1	2	3	
0	1	
1	2	3	
0	1	
1	3	
2	6	7	
2	6	7	
1	2	3	
1	2	3	
1	2	3	
2	3	4	
1	3	
1	3	
1	2	3	
1	2	3	
0	1	
1	2	3	
1	2	3	
0	1	
1	2	3	
2	6	7	
1	2	3	
1	3	
1	2	3	
1	3	
1	3	
2	3	4	
2	6	7	
1	2	3	
0	1	
1	2	3	
2	6	7	
0	1	
1	2	3	
0	1	
1	3	
1	2	3	
2	3	4	
1	3	
2	6	7	
1	2	3	
1	3	
1	2	3	
1	3	
2	6	7	
1	2	3	
2	3	4	
1	2	3	
1	3	
1	3	
1	2	3	
1	2	3	
2	3	4	
0	1	
1	2	3	
1	2	3	
1	2	3	
0	1	
1	2	3	
1	2	3	
0	1	
1	3	
1	3	
1	2	3	
1	3	
1	3	
1	3	
1	2	3	
1	3	
1	2	3	
1	3	
1	2	3	
2	3	4	
1	2	3	
1	2	3	
1	3	
1	3	
0	1	
2	3	4	
0	1	
2	3	4	
0	1	
1	2	3	
1	2	3	
1	2	3	
2	6	7	
2	3	4	
2	6	7	
1	2	3	
1	2	3	
2	6	7	
1	2	3	
0	1	
1	2	3	
2	6	7	
2	6	7	
0	1	
2	3	4	
1	3	
0	1	
2	3	4	
1	3	
1	3	
1	2	3	
1	2	3	
1	2	3	
1	2	3	
2	6	7	
1	2	3	
2	6	7	
1	2	3	
1	3	
2	3	4	
1	2	3	
2	6	7	
2	3	4	
2	3	4	
1	2	3	
2	6	7	
1	3	
1	3	
2	3	4	
0	1	
0	1	
2	3	4	
2	3	4	
2	6	7	
2	3	4	
2	6	7	
1	3	
1	3	
0	1	
1	2	3	
1	2	3	
1	2	3	
1	3	
2	6	7	
1	3	
1	2	3	
0	1	
2	3	4	
1	2	3	
1	2	3	
1	3	
0	1	
2	3	4	
1	2	3	
2	6	7	
1	2	3	
0	1	
2	3	4	
2	6	7	
2	6	7	
1	2	3	
1	3	
1	2	3	
1	2	3	
2	6	7	
1	3	
2	3	4	
0	1	
2	3	4	
1	2	3	
1	2	3	
1	2	3	
2	3	4	
2	3	4	
1	2	3	
2	3	4	
1	2	3	
2	3	4	
1	3	
2	3	4	
1	2	3	
2	3	4	
2	3	4	
1	2	3	
1	2	3	
1	2	3	
0	1	
1	2	3	
1	3	
1	2	3	
1	2	3	
2	3	4	
1	3	
0	1	
2	3	4	
0	1	
0	1	
1	2	3	
2	3	4	
0	1	
2	3	4	
1	2	3	
2	3	4	
0	1	
0	1	
1	2	3	
0	1	
1	2	3	
2	3	4	
2	6	7	
0	1	
1	2	3	
1	3	
1	2	3	
2	6	7	
0	1	
1	2	3	
1	2	3	
0	1	
1	3	
2	3	4	
2	6	7	
1	2	3	
1	2	3	
1	3	
1	2	3	
1	2	3	
2	6	7	
2	6	7	
2	3	4	
0	1	
1	3	
1	2	3	
1	2	3	
2	6	7	
1	2	3	
1	3	
1	3	
1	2	3	
1	3	
2	6	7	
2	3	4	
2	6	7	
42.00	24.00	20.00	
48.00	36.00	32.00	
42.00	20.00	16.00	
42.00	32.00	
32.00	16.00	
42.00	24.00	20.00	
42.00	32.00	
42.00	20.00	16.00	
42.00	28.00	28.00	
48.00	36.00	32.00	
42.00	20.00	16.00	
42.00	20.00	16.00	
42.00	24.00	20.00	
42.00	24.00	20.00	
32.00	16.00	
42.00	20.00	16.00	
42.00	24.00	20.00	
42.00	20.00	16.00	
48.00	36.00	32.00	
42.00	28.00	28.00	
32.00	16.00	
32.00	16.00	
42.00	28.00	28.00	
32.00	16.00	
48.00	36.00	32.00	
42.00	32.00	
42.00	28.00	28.00	
42.00	32.00	
42.00	20.00	16.00	
42.00	32.00	
42.00	28.00	28.00	
42.00	24.00	20.00	
42.00	28.00	28.00	
42.00	32.00	
42.00	24.00	20.00	
32.00	16.00	
42.00	20.00	16.00	
48.00	36.00	32.00	
32.00	16.00	
42.00	28.00	28.00	
42.00	20.00	16.00	
48.00	36.00	32.00	
42.00	28.00	28.00	
42.00	20.00	16.00	
32.00	16.00	
32.00	16.00	
48.00	36.00	32.00	
32.00	16.00	
42.00	24.00	20.00	
42.00	20.00	16.00	
42.00	28.00	28.00	
42.00	24.00	20.00	
42.00	24.00	20.00	
32.00	16.00	
48.00	36.00	32.00	
42.00	32.00	
42.00	32.00	
42.00	28.00	28.00	
42.00	28.00	28.00	
42.00	24.00	20.00	
42.00	20.00	16.00	
42.00	28.00	28.00	
42.00	32.00	
42.00	32.00	
42.00	20.00	16.00	
32.00	16.00	
42.00	24.00	20.00	
32.00	16.00	
42.00	32.00	
48.00	36.00	32.00	
48.00	36.00	32.00	
42.00	24.00	20.00	
42.00	20.00	16.00	
42.00	24.00	20.00	
42.00	28.00	28.00	
42.00	32.00	
42.00	32.00	
42.00	20.00	16.00	
42.00	24.00	20.00	
32.00	16.00	
42.00	20.00	16.00	
42.00	24.00	20.00	
32.00	16.00	
42.00	20.00	16.00	
48.00	36.00	32.00	
42.00	24.00	20.00	
42.00	32.00	
42.00	20.00	16.00	
42.00	32.00	
42.00	32.00	
42.00	28.00	28.00	
48.00	36.00	32.00	
42.00	20.00	16.00	
32.00	16.00	
42.00	20.00	16.00	
48.00	36.00	32.00	
32.00	16.00	
42.00	20.00	16.00	
32.00	16.00	
42.00	32.00	
42.00	20.00	16.00	
42.00	28.00	28.00	
42.00	32.00	
48.00	36.00	32.00	
42.00	20.00	16.00	
42.00	32.00	
42.00	24.00	20.00	
42.00	32.00	
48.00	36.00	32.00	
42.00	24.00	20.00	
42.00	28.00	28.00	
42.00	20.00	16.00	
42.00	32.00	
42.00	32.00	
42.00	20.00	16.00	
42.00	20.00	16.00	
42.00	28.00	28.00	
32.00	16.00	
42.00	24.00	20.00	
42.00	24.00	20.00	
42.00	24.00	20.00	
32.00	16.00	
42.00	20.00	16.00	
42.00	20.00	16.00	
32.00	16.00	
42.00	32.00	
42.00	32.00	
42.00	20.00	16.00	
42.00	32.00	
42.00	32.00	
42.00	32.00	
42.00	24.00	20.00	
42.00	32.00	
42.00	24.00	20.00	
42.00	32.00	
42.00	24.00	20.00	
42.00	28.00	28.00	
42.00	24.00	20.00	
42.00	20.00	16.00	
42.00	32.00	
42.00	32.00	
32.00	16.00	
42.00	28.00	28.00	
32.00	16.00	
42.00	28.00	28.00	
32.00	16.00	
42.00	20.00	16.00	
42.00	20.00	16.00	
42.00	20.00	16.00	
48.00	36.00	32.00	
42.00	28.00	28.00	
48.00	36.00	32.00	
42.00	24.00	20.00	
42.00	24.00	20.00	
48.00	36.00	32.00	
42.00	24.00	20.00	
32.00	16.00	
42.00	20.00	16.00	
48.00	36.00	32.00	
48.00	36.00	32.00	
32.00	16.00	
42.00	28.00	28.00	
42.00	32.00	
32.00	16.00	
42.00	28.00	28.00	
42.00	32.00	
42.00	32.00	
42.00	20.00	16.00	
42.00	20.00	16.00	
42.00	24.00	20.00	
42.00	20.00	16.00	
48.00	36.00	32.00	
42.00	24.00	20.00	
48.00	36.00	32.00	
42.00	24.00	20.00	
42.00	32.00	
42.00	28.00	28.00	
42.00	24.00	20.00	
48.00	36.00	32.00	
42.00	28.00	28.00	
42.00	28.00	28.00	
42.00	20.00	16.00	
48.00	36.00	32.00	
42.00	32.00	
42.00	32.00	
42.00	28.00	28.00	
32.00	16.00	
32.00	16.00	
42.00	28.00	28.00	
42.00	28.00	28.00	
48.00	36.00	32.00	
42.00	28.00	28.00	
48.00	36.00	32.00	
42.00	32.00	
42.00	32.00	
32.00	16.00	
42.00	20.00	16.00	
42.00	20.00	16.00	
42.00	20.00	16.00	
42.00	32.00	
48.00	36.00	32.00	
42.00	32.00	
42.00	24.00	20.00	
32.00	16.00	
42.00	28.00	28.00	
42.00	24.00	20.00	
42.00	24.00	20.00	
42.00	32.00	
32.00	16.00	
42.00	28.00	28.00	
42.00	20.00	16.00	
48.00	36.00	32.00	
42.00	20.00	16.00	
32.00	16.00	
42.00	28.00	28.00	
48.00	36.00	32.00	
48.00	36.00	32.00	
42.00	24.00	20.00	
42.00	32.00	
42.00	24.00	20.00	
42.00	20.00	16.00	
48.00	36.00	32.00	
42.00	32.00	
42.00	28.00	28.00	
32.00	16.00	
42.00	28.00	28.00	
42.00	24.00	20.00	
42.00	24.00	20.00	
42.00	20.00	16.00	
42.00	28.00	28.00	
42.00	28.00	28.00	
42.00	20.00	16.00	
42.00	28.00	28.00	
42.00	20.00	16.00	
42.00	28.00	28.00	
42.00	32.00	
42.00	28.00	28.00	
42.00	24.00	20.00	
42.00	28.00	28.00	
42.00	28.00	28.00	
42.00	20.00	16.00	
42.00	20.00	16.00	
42.00	24.00	20.00	
32.00	16.00	
42.00	24.00	20.00	
42.00	32.00	
42.00	24.00	20.00	
42.00	20.00	16.00	
42.00	28.00	28.00	
42.00	32.00	
32.00	16.00	
42.00	28.00	28.00	
32.00	16.00	
32.00	16.00	
42.00	20.00	16.00	
42.00	28.00	28.00	
32.00	16.00	
42.00	28.00	28.00	
42.00	20.00	16.00	
42.00	28.00	28.00	
32.00	16.00	
32.00	16.00	
42.00	20.00	16.00	
32.00	16.00	
42.00	24.00	20.00	
42.00	28.00	28.00	
48.00	36.00	32.00	
32.00	16.00	
42.00	24.00	20.00	
42.00	32.00	
42.00	20.00	16.00	
48.00	36.00	32.00	
32.00	16.00	
42.00	20.00	16.00	
42.00	20.00	16.00	
32.00	16.00	
42.00	32.00	
42.00	28.00	28.00	
48.00	36.00	32.00	
42.00	24.00	20.00	
42.00	20.00	16.00	
42.00	32.00	
42.00	20.00	16.00	
42.00	24.00	20.00	
48.00	36.00	32.00	
48.00	36.00	32.00	
42.00	28.00	28.00	
32.00	16.00	
42.00	32.00	
42.00	20.00	16.00	
42.00	24.00	20.00	
48.00	36.00	32.00	
42.00	24.00	20.00	
42.00	32.00	
42.00	32.00	
42.00	24.00	20.00	
42.00	32.00	
48.00	36.00	32.00	
42.00	28.00	28.00	
48.00	36.00	32.00	
3.00	3.00	3.00	3.00	3.00	3.00	3.00	3.00	3.00	3.00	3.00	3.00	3.00	3.00	3.00	3.00	3.00	3.00	3.00	3.00	3.00	3.00	3.00	3.00	3.00	3.00	3.00	3.00	3.00	3.00	3.00	3.00	3.00	3.00	3.00	3.00	3.00	3.00	3.00	3.00	3.00	3.00	3.00	3.00	3.00	3.00	3.00	3.00	3.00	3.00	3.00	3.00	3.00	3.00	3.00	3.00	3.00	3.00	3.00	3.00	3.00	3.00	3.00	3.00	3.00	3.00	3.00	3.00	3.00	3.00	3.00	3.00	3.00	3.00	3.00	3.00	3.00	3.00	3.00	3.00	3.00	3.00	3.00	3.00	3.00	3.00	3.00	3.00	3.00	3.00	3.00	3.00	3.00	3.00	3.00	3.00	3.00	3.00	3.00	3.00	3.00	3.00	3.00	3.00	3.00	3.00	3.00	3.00	3.00	3.00	3.00	3.00	3.00	3.00	3.00	3.00	3.00	3.00	3.00	3.00	3.00	3.00	3.00	3.00	3.00	3.00	3.00	3.00	3.00	3.00	3.00	3.00	3.00	3.00	3.00	3.00	3.00	3.00	3.00	3.00	3.00	3.00	3.00	3.00	3.00	3.00	3.00	3.00	3.00	3.00	3.00	3.00	3.00	3.00	3.00	3.00	3.00	3.00	3.00	3.00	3.00	3.00	3.00	3.00	3.00	3.00	3.00	3.00	3.00	3.00	3.00	3.00	3.00	3.00	3.00	3.00	3.00	3.00	3.00	3.00	3.00	3.00	3.00	3.00	3.00	3.00	3.00	3.00	3.00	3.00	3.00	3.00	3.00	3.00	3.00	3.00	3.00	3.00	3.00	3.00	3.00	3.00	3.00	3.00	3.00	3.00	3.00	3.00	3.00	3.00	3.00	3.00	3.00	3.00	3.00	3.00	3.00	3.00	3.00	3.00	3.00	3.00	3.00	3.00	3.00	3.00	3.00	3.00	3.00	3.00	3.00	3.00	3.00	3.00	3.00	3.00	3.00	3.00	3.00	3.00	3.00	3.00	3.00	3.00	3.00	3.00	3.00	3.00	3.00	3.00	3.00	3.00	3.00	3.00	3.00	3.00	3.00	3.00	3.00	3.00	3.00	3.00	3.00	3.00	3.00	3.00	3.00	3.00	3.00	3.00	3.00	3.00	3.00	3.00	3.00	3.00	3.00	3.00	3.00	3.00	3.00	3.00	3.00	3.00	3.00	3.00	3.00	3.00	3.00	3.00	3.00	3.00	3.00	3.00	3.00	3.00	3.00	3.00	3.00	3.00	
5.00	5.00	5.00	5.00	5.00	5.00	5.00	5.00	5.00	5.00	5.00	5.00	5.00	5.00	5.00	5.00	5.00	5.00	5.00	5.00	5.00	5.00	5.00	5.00	5.00	5.00	5.00	5.00	5.00	5.00	5.00	5.00	5.00	5.00	5.00	5.00	5.00	5.00	5.00	5.00	5.00	5.00	5.00	5.00	5.00	5.00	5.00	5.00	5.00	5.00	5.00	5.00	5.00	5.00	5.00	5.00	5.00	5.00	5.00	5.00	5.00	5.00	5.00	5.00	5.00	5.00	5.00	5.00	5.00	5.00	5.00	5.00	5.00	5.00	5.00	5.00	5.00	5.00	5.00	5.00	5.00	5.00	5.00	5.00	5.00	5.00	5.00	5.00	5.00	5.00	5.00	5.00	5.00	5.00	5.00	5.00	5.00	5.00	5.00	5.00	5.00	5.00	5.00	5.00	5.00	5.00	5.00	5.00	5.00	5.00	5.00	5.00	5.00	5.00	5.00	5.00	5.00	5.00	5.00	5.00	5.00	5.00	5.00	5.00	5.00	5.00	5.00	5.00	5.00	5.00	5.00	5.00	5.00	5.00	5.00	5.00	5.00	5.00	5.00	5.00	5.00	5.00	5.00	5.00	5.00	5.00	5.00	5.00	5.00	5.00	5.00	5.00	5.00	5.00	5.00	5.00	5.00	5.00	5.00	5.00	5.00	5.00	5.00	5.00	5.00	5.00	5.00	5.00	5.00	5.00	5.00	5.00	5.00	5.00	5.00	5.00	5.00	5.00	5.00	5.00	5.00	5.00	5.00	5.00	5.00	5.00	5.00	5.00	5.00	5.00	5.00	5.00	5.00	5.00	5.00	5.00	5.00	5.00	5.00	5.00	5.00	5.00	5.00	5.00	5.00	5.00	5.00	5.00	5.00	5.00	5.00	5.00	5.00	5.00	5.00	5.00	5.00	5.00	5.00	5.00	5.00	5.00	5.00	5.00	5.00	5.00	5.00	5.00	5.00	5.00	5.00	5.00	5.00	5.00	5.00	5.00	5.00	5.00	5.00	5.00	5.00	5.00	5.00	5.00	5.00	5.00	5.00	5.00	5.00	5.00	5.00	5.00	5.00	5.00	5.00	5.00	5.00	5.00	5.00	5.00	5.00	5.00	5.00	5.00	5.00	5.00	5.00	5.00	5.00	5.00	5.00	5.00	5.00	5.00	5.00	5.00	5.00	5.00	5.00	5.00	5.00	5.00	5.00	5.00	5.00	5.00	5.00	5.00	5.00	5.00	5.00	5.00	5.00	5.00	5.00	5.00	5.00	5.00	5.00	5.00	
1.00	1.00	1.00	1.00	1.00	1.00	1.00	1.00	1.00	1.00	1.00	1.00	1.00	1.00	
1	2	2	1	1	2	2	1	2	2	1	2	2	1	2	1	2	1	2	2	1	1	1	1	1	2	1	1	1	1	1	2	2	1	1	1	2	2	2	1	1	1	2	1	1	1	1	1	2	1	1	1	2	1	1	2	2	2	2	2	2	2	2	1	1	2	2	2	2	1	2	1	1	1	1	2	2	2	2	2	1	2	1	2	2	1	1	2	2	2	2	2	1	2	1	2	1	2	1	2	2	2	2	1	2	2	1	2	1	2	1	1	2	2	2	1	2	2	1	1	4	2	5	2	4	1	4	2	3	1	2	2	5	2	2	4	1	1	2	2	4	1	2	2	2	4	2	4	1	3	1	3	5	4	1	4	5	5	2	2	2	1	2	2	1	5	1	1	3	4	5	4	3	5	5	5	3	3	5	3	3	5	4	5	4	3	4	4	3	5	5	4	5	4	4	4	5	3	5	5	3	5	3	4	3	4	5	4	5	5	3	5	5	3	5	3	5	5	3	3	3	4	3	5	4	3	4	3	4	5	5	3	5	5	5	4	4	4	3	4	3	92	96	5	4	3	71	4	5	4	55	67	39	40	5	3	4	49	94	39	87	58	61	58	56	65	38	68	100	79	45	70	94	44	95	38	96	31	58	55	39	85	49	78	62	48	52	58	38	100	66	79	90	50	49	77	32	51	64	99	
1	1	1	1	1	1	1	1	1	1	1	1	1	1	1	1	1	1	1	1	1	1	1	1	1	1	1	1	1	1	1	1	1	2	2	2	2	2	2	2	2	2	2	2	2	2	2	2	2	2	2	2	2	2	2	2	2	2	2	2	2	2	2	2	2	2	2	2	3	3	3	3	3	3	3	3	3	3	3	3	3	3	3	3	3	3	3	3	3	3	3	3	4	4	4	4	4	4	4	4	4	4	4	4	4	4	4	4	4	4	4	4	4	4	4	4	4	4	4	5	5	5	5	5	5	5	5	5	5	5	5	5	5	5	5	5	5	5	5	5	5	5	5	5	5	5	5	5	5	5	5	5	5	5	5	5	5	5	5	5	5	5	5	5	5	5	5	5	5	6	6	6	6	6	6	6	6	6	6	6	6	6	6	6	6	6	6	6	6	6	7	7	7	7	7	7	7	7	7	7	7	7	7	7	7	7	7	7	7	7	7	8	8	8	8	8	8	8	8	8	8	8	9	9	9	9	9	9	9	9	9	9	9	9	9	9	9	10	10	10	10	10	10	10	10	10	10	10	10	10	10	10	10	10	10	10	10	11	11	11	11	11	11	11	11	11	11	11	11	11	11	12	12	12	12	12	12	12	13	13	13	13	13	13	13	13	13	13	13	13	13	13	14	14	14	14	14	14	14	14	
