300
14	2
384	1.00
2	3	2	3	3	3	3	3	3	3	3	2	3	2	3	2	3	3	3	2	3	2	3	3	3	3	3	3	3	3	2	2	3	3	3	2	3	2	2	3	3	3	2	3	3	2	2	3	3	2	2	3	2	3	3	3	2	3	2	2	2	3	3	3	3	3	3	3	3	3	3	3	2	2	3	3	2	2	2	3	3	2	2	3	3	3	3	3	2	2	3	3	3	3	3	2	2	2	2	2	2	2	2	2	3	3	3	3	2	3	3	3	3	3	3	3	3	3	3	3	3	3	3	2	3	3	3	3	2	3	2	3	3	3	2	2	3	3	3	2	2	3	3	2	3	3	3	3	2	3	3	3	2	3	2	3	2	3	2	2	3	2	2	3	3	3	2	2	3	3	2	2	2	3	3	3	2	2	3	3	3	2	3	3	3	2	3	2	2	3	2	3	2	2	2	2	3	3	3	3	3	3	2	3	3	3	3	3	2	3	2	3	2	3	2	2	3	3	2	2	3	3	3	3	2	3	2	3	2	3	3	2	3	3	3	3	2	2	2	3	3	3	3	3	3	3	3	3	3	3	3	3	3	3	3	2	2	3	2	2	3	2	2	2	3	2	3	2	3	3	3	3	3	3	2	2	2	3	3	3	2	3	3	3	3	2	3	2	3	2	3	3	3	3	3	3	3	3	3	3	
1	3	
1	2	3	
0	1	
1	2	3	
2	3	4	
1	2	3	
2	3	4	
2	6	7	
1	2	3	
1	2	3	
2	6	7	
1	3	
1	2	3	
0	1	
2	3	4	
1	3	
1	2	3	
2	6	7	
2	3	4	
1	3	
1	2	3	
0	1	
2	3	4	
1	2	3	
2	6	7	
2	3	4	
1	2	3	
1	2	3	
1	2	3	
1	2	3	
1	3	
1	3	
1	2	3	
1	2	3	
2	3	4	
0	1	
2	3	4	
1	3	
1	3	
2	3	4	
2	3	4	
1	2	3	
0	1	
1	2	3	
1	2	3	
0	1	
0	1	
1	2	3	
1	2	3	
0	1	
0	1	
2	3	4	
0	1	
2	3	4	
1	2	3	
2	6	7	
1	3	
2	3	4	
0	1	
0	1	
0	1	
1	2	3	
1	2	3	
2	6	7	
2	3	4	
1	2	3	
2	3	4	
1	2	3	
1	2	3	
1	2	3	
2	3	4	
2	6	7	
1	3	
1	3	
2	3	4	
1	2	3	
1	3	
1	3	
0	1	
2	3	4	
2	6	7	
0	1	
1	3	
1	2	3	
2	3	4	
1	2	3	
2	3	4	
2	3	4	
0	1	
1	3	
2	6	7	
1	2	3	
2	6	7	
2	3	4	
2	3	4	
0	1	
0	1	
0	1	
0	1	
0	1	
1	3	
0	1	
1	3	
1	3	
1	2	3	
1	2	3	
2	6	7	
1	2	3	
0	1	
1	2	3	
1	2	3	
2	6	7	
1	2	3	
2	3	4	
1	2	3	
2	3	4	
2	3	4	
1	2	3	
2	3	4	
2	3	4	
2	6	7	
2	3	4	
1	2	3	
1	3	
1	2	3	
1	2	3	
2	6	7	
1	2	3	
0	1	
2	3	4	
1	3	
2	6	7	
2	6	7	
1	2	3	
1	3	
0	1	
1	2	3	
1	2	3	
2	6	7	
0	1	
0	1	
2	6	7	
2	6	7	
1	3	
1	2	3	
1	2	3	
1	2	3	
1	2	3	
0	1	
1	2	3	
2	3	4	
2	6	7	
1	3	
1	2	3	
1	3	
1	2	3	
0	1	
2	3	4	
1	3	
0	1	
2	6	7	
1	3	
1	3	
2	6	7	
1	2	3	
1	2	3	
1	3	
0	1	
1	2	3	
2	3	4	
0	1	
0	1	
0	1	
1	2	3	
1	2	3	
2	6	7	
0	1	
1	3	
2	3	4	
2	6	7	
1	2	3	
0	1	
1	2	3	
2	6	7	
2	6	7	
0	1	
1	2	3	
0	1	
0	1	
1	2	3	
0	1	
2	6	7	
0	1	
0	1	
0	1	
1	3	
2	3	4	
1	2	3	
1	2	3	
2	6	7	
2	3	4	
2	6	7	
1	3	
1	2	3	
2	6	7	
2	3	4	
2	6	7	
1	2	3	
1	3	
2	3	4	
0	1	
1	2	3	
1	3	
1	2	3	
1	3	
1	3	
1	2	3	
2	6	7	
1	3	
1	3	
1	2	3	
1	2	3	
1	2	3	
1	2	3	
0	1	
2	6	7	
1	3	
1	2	3	
1	3	
2	3	4	
2	3	4	
1	3	
1	2	3	
1	2	3	
2	6	7	
2	3	4	
0	1	
0	1	
0	1	
1	2	3	
2	3	4	
2	6	7	
1	2	3	
1	2	3	
1	2	3	
2	3	4	
2	6	7	
2	6	7	
1	2	3	
1	2	3	
2	3	4	
2	6	7	
1	2	3	
1	2	3	
1	2	3	
0	1	
0	1	
1	2	3	
1	3	
1	3	
2	3	4	
0	1	
0	1	
1	3	
2	3	4	
1	3	
2	6	7	
1	3	
2	3	4	
2	6	7	
1	2	3	
1	2	3	
1	2	3	
1	2	3	
0	1	
1	3	
1	3	
1	2	3	
2	6	7	
1	2	3	
1	3	
2	6	7	
1	2	3	
1	2	3	
2	3	4	
0	1	
2	6	7	
0	1	
1	2	3	
0	1	
2	3	4	
1	2	3	
2	3	4	
1	2	3	
2	6	7	
2	6	7	
2	3	4	
1	2	3	
2	6	7	
1	2	3	
42.00	32.00	
42.00	20.00	16.00	
32.00	16.00	
42.00	20.00	16.00	
42.00	28.00	28.00	
42.00	20.00	16.00	
42.00	28.00	28.00	
48.00	36.00	32.00	
42.00	20.00	16.00	
42.00	24.00	20.00	
48.00	36.00	32.00	
42.00	32.00	
42.00	24.00	20.00	
32.00	16.00	
42.00	28.00	28.00	
42.00	32.00	
42.00	24.00	20.00	
48.00	36.00	32.00	
42.00	28.00	28.00	
42.00	32.00	
42.00	24.00	20.00	
32.00	16.00	
42.00	28.00	28.00	
42.00	20.00	16.00	
48.00	36.00	32.00	
42.00	28.00	28.00	
42.00	20.00	16.00	
42.00	24.00	20.00	
42.00	20.00	16.00	
42.00	24.00	20.00	
42.00	32.00	
42.00	32.00	
42.00	24.00	20.00	
42.00	20.00	16.00	
42.00	28.00	28.00	
32.00	16.00	
42.00	28.00	28.00	
42.00	32.00	
42.00	32.00	
42.00	28.00	28.00	
42.00	28.00	28.00	
42.00	24.00	20.00	
32.00	16.00	
42.00	24.00	20.00	
42.00	24.00	20.00	
32.00	16.00	
32.00	16.00	
42.00	20.00	16.00	
42.00	20.00	16.00	
32.00	16.00	
32.00	16.00	
42.00	28.00	28.00	
32.00	16.00	
42.00	28.00	28.00	
42.00	24.00	20.00	
48.00	36.00	32.00	
42.00	32.00	
42.00	28.00	28.00	
32.00	16.00	
32.00	16.00	
32.00	16.00	
42.00	20.00	16.00	
42.00	20.00	16.00	
48.00	36.00	32.00	
42.00	28.00	28.00	
42.00	20.00	16.00	
42.00	28.00	28.00	
42.00	24.00	20.00	
42.00	24.00	20.00	
42.00	24.00	20.00	
42.00	28.00	28.00	
48.00	36.00	32.00	
42.00	32.00	
42.00	32.00	
42.00	28.00	28.00	
42.00	20.00	16.00	
42.00	32.00	
42.00	32.00	
32.00	16.00	
42.00	28.00	28.00	
48.00	36.00	32.00	
32.00	16.00	
42.00	32.00	
42.00	24.00	20.00	
42.00	28.00	28.00	
42.00	24.00	20.00	
42.00	28.00	28.00	
42.00	28.00	28.00	
32.00	16.00	
42.00	32.00	
48.00	36.00	32.00	
42.00	24.00	20.00	
48.00	36.00	32.00	
42.00	28.00	28.00	
42.00	28.00	28.00	
32.00	16.00	
32.00	16.00	
32.00	16.00	
32.00	16.00	
32.00	16.00	
42.00	32.00	
32.00	16.00	
42.00	32.00	
42.00	32.00	
42.00	24.00	20.00	
42.00	24.00	20.00	
48.00	36.00	32.00	
42.00	20.00	16.00	
32.00	16.00	
42.00	20.00	16.00	
42.00	20.00	16.00	
48.00	36.00	32.00	
42.00	20.00	16.00	
42.00	28.00	28.00	
42.00	24.00	20.00	
42.00	28.00	28.00	
42.00	28.00	28.00	
42.00	20.00	16.00	
42.00	28.00	28.00	
42.00	28.00	28.00	
48.00	36.00	32.00	
42.00	28.00	28.00	
42.00	20.00	16.00	
42.00	32.00	
42.00	20.00	16.00	
42.00	24.00	20.00	
48.00	36.00	32.00	
42.00	20.00	16.00	
32.00	16.00	
42.00	28.00	28.00	
42.00	32.00	
48.00	36.00	32.00	
48.00	36.00	32.00	
42.00	24.00	20.00	
42.00	32.00	
32.00	16.00	
42.00	24.00	20.00	
42.00	24.00	20.00	
48.00	36.00	32.00	
32.00	16.00	
32.00	16.00	
48.00	36.00	32.00	
48.00	36.00	32.00	
42.00	32.00	
42.00	20.00	16.00	
42.00	20.00	16.00	
42.00	24.00	20.00	
42.00	24.00	20.00	
32.00	16.00	
42.00	24.00	20.00	
42.00	28.00	28.00	
48.00	36.00	32.00	
42.00	32.00	
42.00	20.00	16.00	
42.00	32.00	
42.00	20.00	16.00	
32.00	16.00	
42.00	28.00	28.00	
42.00	32.00	
32.00	16.00	
48.00	36.00	32.00	
42.00	32.00	
42.00	32.00	
48.00	36.00	32.00	
42.00	20.00	16.00	
42.00	24.00	20.00	
42.00	32.00	
32.00	16.00	
42.00	24.00	20.00	
42.00	28.00	28.00	
32.00	16.00	
32.00	16.00	
32.00	16.00	
42.00	24.00	20.00	
42.00	20.00	16.00	
48.00	36.00	32.00	
32.00	16.00	
42.00	32.00	
42.00	28.00	28.00	
48.00	36.00	32.00	
42.00	24.00	20.00	
32.00	16.00	
42.00	24.00	20.00	
48.00	36.00	32.00	
48.00	36.00	32.00	
32.00	16.00	
42.00	24.00	20.00	
32.00	16.00	
32.00	16.00	
42.00	20.00	16.00	
32.00	16.00	
48.00	36.00	32.00	
32.00	16.00	
32.00	16.00	
32.00	16.00	
42.00	32.00	
42.00	28.00	28.00	
42.00	20.00	16.00	
42.00	24.00	20.00	
48.00	36.00	32.00	
42.00	28.00	28.00	
48.00	36.00	32.00	
42.00	32.00	
42.00	24.00	20.00	
48.00	36.00	32.00	
42.00	28.00	28.00	
48.00	36.00	32.00	
42.00	20.00	16.00	
42.00	32.00	
42.00	28.00	28.00	
32.00	16.00	
42.00	24.00	20.00	
42.00	32.00	
42.00	20.00	16.00	
42.00	32.00	
42.00	32.00	
42.00	20.00	16.00	
48.00	36.00	32.00	
42.00	32.00	
42.00	32.00	
42.00	24.00	20.00	
42.00	20.00	16.00	
42.00	24.00	20.00	
42.00	20.00	16.00	
32.00	16.00	
48.00	36.00	32.00	
42.00	32.00	
42.00	24.00	20.00	
42.00	32.00	
42.00	28.00	28.00	
42.00	28.00	28.00	
42.00	32.00	
42.00	20.00	16.00	
42.00	20.00	16.00	
48.00	36.00	32.00	
42.00	28.00	28.00	
32.00	16.00	
32.00	16.00	
32.00	16.00	
42.00	20.00	16.00	
42.00	28.00	28.00	
48.00	36.00	32.00	
42.00	20.00	16.00	
42.00	20.00	16.00	
42.00	20.00	16.00	
42.00	28.00	28.00	
48.00	36.00	32.00	
48.00	36.00	32.00	
42.00	20.00	16.00	
42.00	20.00	16.00	
42.00	28.00	28.00	
48.00	36.00	32.00	
42.00	24.00	20.00	
42.00	24.00	20.00	
42.00	20.00	16.00	
32.00	16.00	
32.00	16.00	
42.00	24.00	20.00	
42.00	32.00	
42.00	32.00	
42.00	28.00	28.00	
32.00	16.00	
32.00	16.00	
42.00	32.00	
42.00	28.00	28.00	
42.00	32.00	
48.00	36.00	32.00	
42.00	32.00	
42.00	28.00	28.00	
48.00	36.00	32.00	
42.00	20.00	16.00	
42.00	24.00	20.00	
42.00	24.00	20.00	
42.00	20.00	16.00	
32.00	16.00	
42.00	32.00	
42.00	32.00	
42.00	24.00	20.00	
48.00	36.00	32.00	
42.00	20.00	16.00	
42.00	32.00	
48.00	36.00	32.00	
42.00	24.00	20.00	
42.00	20.00	16.00	
42.00	28.00	28.00	
32.00	16.00	
48.00	36.00	32.00	
32.00	16.00	
42.00	24.00	20.00	
32.00	16.00	
42.00	28.00	28.00	
42.00	24.00	20.00	
42.00	28.00	28.00	
42.00	20.00	16.00	
48.00	36.00	32.00	
48.00	36.00	32.00	
42.00	28.00	28.00	
42.00	24.00	20.00	
48.00	36.00	32.00	
42.00	20.00	16.00	
3.00	3.00	3.00	3.00	3.00	3.00	3.00	3.00	3.00	3.00	3.00	3.00	3.00	3.00	3.00	3.00	3.00	3.00	3.00	3.00	3.00	3.00	3.00	3.00	3.00	3.00	3.00	3.00	3.00	3.00	3.00	3.00	3.00	3.00	3.00	3.00	3.00	3.00	3.00	3.00	3.00	3.00	3.00	3.00	3.00	3.00	3.00	3.00	3.00	3.00	3.00	3.00	3.00	3.00	3.00	3.00	3.00	3.00	3.00	3.00	3.00	3.00	3.00	3.00	3.00	3.00	3.00	3.00	3.00	3.00	3.00	3.00	3.00	3.00	3.00	3.00	3.00	3.00	3.00	3.00	3.00	3.00	3.00	3.00	3.00	3.00	3.00	3.00	3.00	3.00	3.00	3.00	3.00	3.00	3.00	3.00	3.00	3.00	3.00	3.00	3.00	3.00	3.00	3.00	3.00	3.00	3.00	3.00	3.00	3.00	3.00	3.00	3.00	3.00	3.00	3.00	3.00	3.00	3.00	3.00	3.00	3.00	3.00	3.00	3.00	3.00	3.00	3.00	3.00	3.00	3.00	3.00	3.00	3.00	3.00	3.00	3.00	3.00	3.00	3.00	3.00	3.00	3.00	3.00	3.00	3.00	3.00	3.00	3.00	3.00	3.00	3.00	3.00	3.00	3.00	3.00	3.00	3.00	3.00	3.00	3.00	3.00	3.00	3.00	3.00	3.00	3.00	3.00	3.00	3.00	3.00	3.00	3.00	3.00	3.00	3.00	3.00	3.00	3.00	3.00	3.00	3.00	3.00	3.00	3.00	3.00	3.00	3.00	3.00	3.00	3.00	3.00	3.00	3.00	3.00	3.00	3.00	3.00	3.00	3.00	3.00	3.00	3.00	3.00	3.00	3.00	3.00	3.00	3.00	3.00	3.00	3.00	3.00	3.00	3.00	3.00	3.00	3.00	3.00	3.00	3.00	3.00	3.00	3.00	3.00	3.00	3.00	3.00	3.00	3.00	3.00	3.00	3.00	3.00	3.00	3.00	3.00	3.00	3.00	3.00	3.00	3.00	3.00	3.00	3.00	3.00	3.00	3.00	3.00	3.00	3.00	3.00	3.00	3.00	3.00	3.00	3.00	3.00	3.00	3.00	3.00	3.00	3.00	3.00	3.00	3.00	3.00	3.00	3.00	3.00	3.00	3.00	3.00	3.00	3.00	3.00	3.00	3.00	3.00	3.00	3.00	3.00	3.00	3.00	3.00	3.00	3.00	3.00	3.00	3.00	3.00	3.00	3.00	3.00	3.00	3.00	3.00	3.00	3.00	3.00	
5.00	5.00	5.00	5.00	5.00	5.00	5.00	5.00	5.00	5.00	5.00	5.00	5.00	5.00	5.00	5.00	5.00	5.00	5.00	5.00	5.00	5.00	5.00	5.00	5.00	5.00	5.00	5.00	5.00	5.00	5.00	5.00	5.00	5.00	5.00	5.00	5.00	5.00	5.00	5.00	5.00	5.00	5.00	5.00	5.00	5.00	5.00	5.00	5.00	5.00	5.00	5.00	5.00	5.00	5.00	5.00	5.00	5.00	5.00	5.00	5.00	5.00	5.00	5.00	5.00	5.00	5.00	5.00	5.00	5.00	5.00	5.00	5.00	5.00	5.00	5.00	5.00	5.00	5.00	5.00	5.00	5.00	5.00	5.00	5.00	5.00	5.00	5.00	5.00	5.00	5.00	5.00	5.00	5.00	5.00	5.00	5.00	5.00	5.00	5.00	5.00	5.00	5.00	5.00	5.00	5.00	5.00	5.00	5.00	5.00	5.00	5.00	5.00	5.00	5.00	5.00	5.00	5.00	5.00	5.00	5.00	5.00	5.00	5.00	5.00	5.00	5.00	5.00	5.00	5.00	5.00	5.00	5.00	5.00	5.00	5.00	5.00	5.00	5.00	5.00	5.00	5.00	5.00	5.00	5.00	5.00	5.00	5.00	5.00	5.00	5.00	5.00	5.00	5.00	5.00	5.00	5.00	5.00	5.00	5.00	5.00	5.00	5.00	5.00	5.00	5.00	5.00	5.00	5.00	5.00	5.00	5.00	5.00	5.00	5.00	5.00	5.00	5.00	5.00	5.00	5.00	5.00	5.00	5.00	5.00	5.00	5.00	5.00	5.00	5.00	5.00	5.00	5.00	5.00	5.00	5.00	5.00	5.00	5.00	5.00	5.00	5.00	5.00	5.00	5.00	5.00	5.00	5.00	5.00	5.00	5.00	5.00	5.00	5.00	5.00	5.00	5.00	5.00	5.00	5.00	5.00	5.00	5.00	5.00	5.00	5.00	5.00	5.00	5.00	5.00	5.00	5.00	5.00	5.00	5.00	5.00	5.00	5.00	5.00	5.00	5.00	5.00	5.00	5.00	5.00	5.00	5.00	5.00	5.00	5.00	5.00	5.00	5.00	5.00	5.00	5.00	5.00	5.00	5.00	5.00	5.00	5.00	5.00	5.00	5.00	5.00	5.00	5.00	5.00	5.00	5.00	5.00	5.00	5.00	5.00	5.00	5.00	5.00	5.00	5.00	5.00	5.00	5.00	5.00	5.00	5.00	5.00	5.00	5.00	5.00	5.00	5.00	5.00	5.00	5.00	5.00	5.00	5.00	5.00	5.00	
1.00	1.00	1.00	1.00	1.00	1.00	1.00	1.00	1.00	1.00	1.00	1.00	1.00	1.00	
1	1	1	2	2	2	1	1	1	2	2	2	1	2	2	1	1	1	1	1	1	2	1	2	2	1	1	1	1	2	2	2	2	2	2	2	1	1	2	2	2	2	2	2	1	1	1	1	1	2	1	2	1	2	2	1	1	2	2	1	2	1	2	2	1	1	2	2	2	2	2	2	1	1	1	2	1	1	2	2	2	1	1	1	1	2	2	2	2	1	2	2	1	1	1	1	2	2	2	1	1	2	1	2	1	2	2	2	1	1	2	1	2	1	2	1	1	1	2	1	1	5	1	3	1	4	3	2	2	3	1	2	2	2	3	1	2	1	5	2	1	2	1	2	1	1	1	2	3	5	2	2	4	2	1	1	2	5	1	3	2	5	5	4	1	5	3	4	5	3	4	4	4	4	4	3	3	5	4	5	4	3	3	3	5	4	3	3	3	5	4	5	3	3	5	4	5	5	4	3	3	3	5	5	3	4	3	3	4	4	3	3	4	4	4	5	3	5	4	3	3	4	3	4	5	5	3	4	5	4	4	3	5	4	4	88	5	4	5	4	4	59	4	33	5	3	5	71	3	4	3	52	3	5	5	40	98	100	50	38	88	51	65	32	72	34	71	46	30	44	98	62	49	41	52	64	56	80	92	89	36	66	46	52	96	47	38	90	81	41	43	54	48	97	75	31	82	39	60	65	
1	1	1	1	1	1	1	1	1	1	1	1	1	1	1	1	1	1	1	1	1	1	1	1	1	1	1	1	1	1	2	2	2	2	2	2	2	2	2	2	2	2	2	2	2	2	2	2	2	2	2	2	3	3	3	3	3	3	3	3	3	3	3	3	3	3	3	3	3	3	3	3	3	3	3	3	3	3	3	3	3	3	3	3	3	4	4	4	4	4	4	4	4	4	4	4	4	4	4	4	4	4	4	4	4	4	4	4	4	4	4	4	4	4	4	4	4	5	5	5	5	5	5	5	5	5	5	5	5	5	5	5	5	5	5	5	5	5	5	5	5	5	5	5	5	5	5	5	5	5	5	5	5	5	5	5	5	5	5	5	5	5	5	5	5	6	6	6	6	6	6	6	6	6	6	6	6	6	6	6	6	6	7	7	7	7	7	7	7	7	7	7	7	7	7	7	7	7	7	8	8	8	8	8	8	8	8	8	8	8	8	8	8	8	8	8	8	8	8	8	8	9	9	9	9	9	9	9	9	9	9	9	9	9	9	10	10	10	10	10	10	10	10	10	10	10	10	10	10	10	10	10	10	10	10	10	10	11	11	11	11	11	11	11	11	11	11	11	12	12	12	12	12	12	12	13	13	13	13	13	13	13	13	13	13	13	13	13	14	14	14	14	14	14	14	14	14	14	14	14	
