200
20	4
161	26.4
31	28	31	30	29	29	26	27	26	27	27	28	31	30	31	27	30	26	27	30	27	27	27	30	31	30	26	26	28	26	28	28	30	31	27	31	26	29	26	28	28	30	28	28	31	28	27	27	28	29	30	31	29	31	29	31	29	31	29	31	31	29	31	26	29	30	31	31	30	30	28	29	31	28	29	31	27	27	27	27	27	28	27	30	29	28	29	28	27	31	28	28	26	30	28	31	29	29	29	26	26	31	30	31	30	26	28	28	29	26	30	26	30	28	27	29	26	26	26	27	30	30	29	29	26	28	28	31	26	30	30	29	31	27	29	26	26	30	26	31	30	30	30	27	30	31	31	27	30	29	28	30	28	29	26	30	31	28	30	27	29	27	31	29	31	28	26	30	27	31	31	26	26	27	26	28	28	31	26	26	31	28	27	28	26	28	27	31	29	28	30	27	29	28	26	26	30	31	29	26	
82	94	90	76	93	83	87	88	84	89	87	93	93	87	94	76	88	92	77	84	78	85	82	93	86	88	77	86	91	82	80	91	92	88	92	93	87	82	88	77	85	81	85	85	81	91	84	78	90	85	86	86	88	84	92	91	80	78	80	85	91	87	77	81	80	84	87	80	88	87	89	80	93	90	93	93	89	90	90	83	79	93	83	94	83	85	93	84	77	94	77	80	82	92	88	87	89	83	94	83	81	76	78	92	93	82	91	88	87	90	81	87	79	85	83	92	86	87	78	76	93	78	78	90	85	81	86	86	76	88	77	83	92	78	79	90	89	83	93	80	82	78	78	76	94	79	79	76	83	79	83	89	87	85	83	76	91	88	94	90	91	76	89	83	92	80	87	77	81	94	82	83	93	86	90	87	78	79	84	93	80	86	86	83	77	94	83	83	90	88	82	86	91	93	90	85	77	90	76	80	
12.1	20.9	15.4	23.1	18.7	13.2	11	15.4	20.9	17.6	18.7	23.1	26.4	15.4	11	30.8	26.4	22	31.9	16.5	18.7	13.2	23.1	17.6	23.1	23.1	15.4	29.7	11	29.7	31.9	11	12.1	19.8	22	20.9	26.4	28.6	14.3	30.8	23.1	26.4	20.9	25.3	31.9	11	15.4	13.2	16.5	14.3	24.2	29.7	28.6	24.2	30.8	19.8	17.6	33	30.8	30.8	26.4	31.9	17.6	12.1	28.6	13.2	11	11	22	28.6	16.5	14.3	17.6	31.9	19.8	15.4	26.4	30.8	13.2	17.6	11	29.7	23.1	20.9	29.7	14.3	20.9	25.3	27.5	13.2	16.5	18.7	25.3	17.6	12.1	27.5	19.8	17.6	22	20.9	33	14.3	19.8	11	13.2	30.8	23.1	17.6	17.6	11	13.2	20.9	28.6	19.8	14.3	14.3	30.8	33	24.2	23.1	19.8	12.1	28.6	13.2	31.9	23.1	16.5	11	33	18.7	14.3	20.9	15.4	12.1	22	26.4	20.9	26.4	31.9	19.8	19.8	13.2	20.9	30.8	19.8	14.3	13.2	19.8	16.5	25.3	20.9	13.2	33	30.8	22	16.5	24.2	23.1	31.9	20.9	11	31.9	18.7	29.7	23.1	25.3	30.8	13.2	31.9	15.4	29.7	11	14.3	24.2	20.9	20.9	33	17.6	16.5	24.2	20.9	18.7	14.3	17.6	16.5	14.3	26.4	15.4	31.9	33	17.6	25.3	19.8	28.6	16.5	33	27.5	11	15.4	12.1	
22	17.6	17.6	11	12.1	31.9	23.1	23.1	24.2	29.7	26.4	28.6	31.9	20.9	29.7	31.9	14.3	18.7	33	33	24.2	11	33	24.2	33	25.3	14.3	11	15.4	19.8	33	29.7	24.2	29.7	31.9	15.4	25.3	28.6	14.3	13.2	18.7	11	17.6	30.8	33	12.1	29.7	11	15.4	33	27.5	27.5	11	17.6	11	22	22	24.2	25.3	33	24.2	19.8	26.4	28.6	19.8	30.8	18.7	33	11	30.8	24.2	16.5	17.6	28.6	11	15.4	30.8	15.4	13.2	19.8	13.2	18.7	12.1	27.5	11	19.8	19.8	30.8	13.2	33	27.5	27.5	29.7	20.9	12.1	20.9	22	26.4	25.3	13.2	31.9	28.6	28.6	16.5	25.3	19.8	16.5	30.8	14.3	28.6	27.5	26.4	25.3	12.1	23.1	27.5	12.1	18.7	29.7	14.3	25.3	18.7	30.8	15.4	13.2	28.6	15.4	16.5	12.1	11	18.7	18.7	15.4	15.4	30.8	13.2	20.9	14.3	29.7	30.8	28.6	29.7	14.3	18.7	33	18.7	15.4	17.6	20.9	24.2	19.8	29.7	22	11	22	33	18.7	24.2	30.8	18.7	29.7	26.4	26.4	14.3	26.4	16.5	13.2	15.4	30.8	17.6	12.1	17.6	13.2	29.7	22	24.2	15.4	31.9	13.2	25.3	19.8	33	22	17.6	20.9	25.3	12.1	23.1	29.7	12.1	31.9	28.6	25.3	27.5	19.8	27.5	22	11	25.3	27.5	
27.5	27.5	31.9	19.8	17.6	27.5	20.9	30.8	29.7	18.7	17.6	28.6	19.8	18.7	25.3	20.9	28.6	17.6	29.7	24.2	
13	14	18	14	11	14	18	20	20	12	20	13	16	18	11	17	14	15	15	13	16	11	17	17	16	14	10	19	12	17	16	18	12	16	14	12	13	14	14	17	20	18	11	20	18	12	16	19	18	19	16	10	13	11	11	17	14	13	14	14	11	16	10	13	16	17	13	19	13	20	14	12	13	18	12	14	20	13	17	13	20	12	14	11	15	11	14	14	10	13	11	12	17	19	19	15	12	16	12	19	11	14	11	18	19	18	10	14	16	10	17	10	19	17	16	18	13	20	20	14	17	13	10	12	12	20	17	13	15	11	13	18	16	16	11	12	20	18	12	12	11	19	20	19	16	12	14	19	16	17	14	16	12	17	15	20	13	16	19	19	11	12	13	15	18	18	20	11	13	14	13	12	11	12	15	15	10	13	17	17	11	19	12	14	13	20	20	12	14	17	14	14	17	15	11	18	15	14	19	11	
1	1	1	1	1	2	2	2	2	2	2	3	3	3	3	3	3	3	3	3	3	3	4	4	4	4	5	5	5	5	5	5	5	5	5	5	5	5	5	6	6	6	6	6	6	6	6	6	6	7	7	7	7	7	7	7	7	7	7	8	8	8	8	8	8	8	8	8	9	9	9	9	9	9	9	9	9	9	9	9	9	10	10	10	10	10	10	10	10	10	11	11	11	11	11	12	12	12	12	12	12	12	12	12	12	12	12	13	13	13	13	13	13	13	13	13	13	13	14	14	14	14	14	14	14	14	14	14	14	14	14	14	14	14	14	14	15	15	15	15	15	15	16	16	16	16	16	16	16	16	16	16	16	16	16	17	17	17	17	17	17	17	17	17	17	18	18	18	18	18	18	18	19	19	19	19	19	19	19	19	19	19	19	19	19	19	19	19	19	19	19	20	20	20	20	20	20	20	20	20	
