400
10	2
639	12.1
31	27	29	26	29	31	30	28	27	31	27	30	30	31	26	29	27	30	30	26	27	29	26	31	31	26	31	31	27	31	27	31	28	27	26	29	31	29	28	29	28	30	26	31	28	31	29	29	28	29	29	29	30	31	28	27	30	27	27	30	31	28	28	30	28	30	31	26	29	27	27	31	31	27	26	28	30	31	28	28	30	29	29	27	31	29	27	31	28	29	31	31	31	31	26	27	28	29	30	31	28	30	30	26	31	26	29	29	26	31	29	29	26	31	29	27	28	30	30	30	26	28	26	27	29	26	28	28	29	26	26	31	28	28	31	31	31	28	28	30	31	29	26	30	27	26	29	29	30	27	26	29	26	28	26	27	27	30	30	29	27	29	31	28	29	29	27	29	27	29	26	26	30	26	29	30	27	27	26	26	26	31	31	26	29	28	27	30	27	26	30	26	30	31	29	26	31	29	29	31	31	29	29	30	29	27	30	26	31	26	29	27	26	26	30	28	28	28	30	31	31	27	30	28	28	30	30	31	29	26	31	26	30	30	31	29	28	27	29	30	28	27	29	27	31	29	31	31	26	30	30	26	26	29	28	31	28	27	31	28	28	27	31	28	26	31	29	26	30	26	30	28	29	31	29	26	27	29	30	28	28	31	29	30	27	29	29	29	28	26	31	28	30	28	30	29	28	26	30	28	31	26	26	26	28	26	30	28	27	28	30	31	27	27	27	31	31	28	28	26	27	28	26	31	29	27	27	27	30	30	28	31	26	31	28	28	29	27	28	30	26	28	30	29	29	26	30	27	28	31	28	27	26	29	28	26	30	28	27	30	28	26	27	30	28	27	29	27	29	30	29	29	26	26	29	28	26	29	29	31	30	31	30	26	26	29	26	28	31	30	30	27	26	31	30	28	27	31	29	29	
88	84	78	81	91	88	81	87	82	83	76	81	90	78	80	82	87	91	87	88	86	83	83	86	85	91	76	90	88	80	85	80	76	84	89	81	94	86	91	89	76	90	94	84	82	78	79	76	85	82	84	81	80	82	85	78	85	87	86	84	79	89	80	78	86	77	77	80	79	92	86	77	76	89	92	93	92	92	90	77	78	80	93	82	82	85	83	82	77	93	85	83	84	93	83	90	83	83	87	79	83	92	85	92	86	79	80	84	82	91	77	78	94	81	91	84	87	90	84	89	79	76	94	79	86	85	83	79	80	79	92	80	78	81	76	88	76	77	85	81	87	87	87	85	85	83	81	94	82	85	91	93	82	85	82	94	77	78	90	84	87	84	87	94	76	76	93	84	84	88	90	84	88	80	82	94	90	90	85	83	87	86	76	87	81	79	81	81	86	83	91	78	89	90	85	80	76	77	77	84	83	86	91	94	85	83	93	94	76	85	87	93	90	77	92	80	76	93	92	76	77	94	78	83	90	91	77	89	80	84	93	94	77	83	76	76	88	91	87	82	76	94	86	78	81	78	86	79	87	92	86	85	78	79	87	88	82	91	92	78	89	90	93	82	92	91	80	83	93	85	89	87	85	83	93	90	91	87	79	81	94	84	84	93	81	77	92	89	85	77	90	85	93	81	81	93	88	84	83	92	88	92	85	81	79	78	85	92	88	83	82	76	84	89	85	85	89	79	82	77	92	88	94	83	80	77	92	81	90	80	82	84	79	82	88	89	88	84	90	89	77	83	86	77	90	83	87	80	87	94	84	82	82	79	79	90	85	90	88	89	94	85	82	92	76	91	92	84	90	85	91	78	78	82	83	91	76	76	87	93	79	94	79	76	81	88	92	88	77	78	86	86	77	90	78	88	79	81	91	79	
12.1	20.9	30.8	27.5	25.3	33	31.9	14.3	15.4	30.8	30.8	30.8	18.7	24.2	19.8	15.4	18.7	25.3	27.5	28.6	30.8	12.1	25.3	11	12.1	19.8	25.3	14.3	19.8	11	16.5	33	25.3	27.5	19.8	23.1	30.8	24.2	13.2	30.8	29.7	28.6	29.7	18.7	24.2	13.2	27.5	23.1	29.7	30.8	29.7	25.3	11	31.9	22	13.2	22	24.2	33	15.4	24.2	18.7	23.1	18.7	15.4	29.7	33	12.1	31.9	12.1	14.3	31.9	22	22	22	25.3	23.1	17.6	12.1	31.9	28.6	23.1	28.6	20.9	11	12.1	30.8	28.6	29.7	11	24.2	19.8	12.1	27.5	15.4	15.4	13.2	22	17.6	24.2	28.6	28.6	26.4	33	30.8	27.5	12.1	19.8	31.9	29.7	27.5	29.7	33	29.7	18.7	19.8	24.2	16.5	27.5	31.9	29.7	19.8	30.8	11	13.2	23.1	30.8	16.5	12.1	29.7	15.4	12.1	25.3	13.2	25.3	24.2	11	13.2	22	33	17.6	12.1	27.5	33	26.4	30.8	27.5	24.2	25.3	23.1	22	13.2	30.8	18.7	16.5	30.8	14.3	13.2	24.2	26.4	22	12.1	19.8	33	27.5	11	28.6	27.5	33	29.7	13.2	22	18.7	13.2	28.6	31.9	25.3	26.4	11	20.9	11	33	22	33	23.1	17.6	22	24.2	30.8	17.6	29.7	20.9	29.7	23.1	19.8	11	22	28.6	29.7	30.8	26.4	19.8	28.6	22	17.6	29.7	29.7	25.3	13.2	16.5	29.7	25.3	14.3	31.9	13.2	11	18.7	17.6	23.1	31.9	16.5	30.8	20.9	20.9	19.8	27.5	17.6	33	18.7	28.6	20.9	30.8	27.5	33	11	33	11	19.8	19.8	16.5	31.9	14.3	28.6	25.3	11	31.9	15.4	18.7	29.7	19.8	26.4	11	15.4	18.7	31.9	31.9	23.1	30.8	30.8	15.4	18.7	22	22	29.7	24.2	25.3	27.5	31.9	20.9	23.1	16.5	13.2	28.6	30.8	12.1	18.7	11	17.6	30.8	24.2	31.9	33	33	28.6	11	23.1	17.6	30.8	31.9	15.4	19.8	16.5	30.8	30.8	25.3	19.8	18.7	26.4	13.2	27.5	13.2	33	12.1	11	27.5	23.1	33	24.2	26.4	33	16.5	13.2	33	14.3	33	25.3	33	27.5	22	28.6	13.2	33	16.5	27.5	22	16.5	14.3	31.9	25.3	19.8	14.3	31.9	15.4	29.7	16.5	28.6	13.2	29.7	18.7	15.4	29.7	30.8	19.8	19.8	20.9	13.2	24.2	17.6	16.5	22	24.2	31.9	18.7	13.2	17.6	11	12.1	25.3	17.6	26.4	26.4	18.7	14.3	33	13.2	16.5	28.6	16.5	19.8	31.9	25.3	14.3	17.6	19.8	24.2	12.1	24.2	18.7	27.5	33	22	30.8	20.9	17.6	18.7	26.4	27.5	17.6	17.6	19.8	26.4	23.1	30.8	11	25.3	26.4	28.6	18.7	31.9	23.1	
26.4	28.6	31.9	14.3	15.4	23.1	20.9	19.8	33	14.3	16.5	16.5	14.3	28.6	26.4	16.5	14.3	24.2	24.2	29.7	31.9	14.3	18.7	26.4	30.8	17.6	28.6	27.5	24.2	30.8	24.2	22	26.4	12.1	29.7	18.7	31.9	27.5	12.1	23.1	18.7	16.5	28.6	25.3	24.2	30.8	27.5	22	20.9	29.7	19.8	15.4	33	20.9	13.2	20.9	33	14.3	22	16.5	12.1	33	11	31.9	26.4	11	24.2	17.6	33	12.1	28.6	29.7	25.3	24.2	14.3	30.8	17.6	25.3	33	18.7	23.1	16.5	14.3	13.2	17.6	30.8	16.5	20.9	30.8	17.6	31.9	12.1	33	26.4	27.5	15.4	22	22	26.4	11	26.4	22	33	15.4	27.5	13.2	16.5	18.7	13.2	24.2	26.4	31.9	25.3	28.6	26.4	12.1	17.6	29.7	23.1	17.6	11	14.3	25.3	33	24.2	33	20.9	30.8	16.5	33	17.6	12.1	28.6	30.8	33	14.3	27.5	20.9	23.1	14.3	29.7	11	25.3	12.1	22	22	26.4	25.3	30.8	11	24.2	31.9	14.3	20.9	18.7	29.7	24.2	13.2	13.2	16.5	25.3	14.3	16.5	14.3	24.2	24.2	16.5	30.8	31.9	12.1	11	17.6	27.5	25.3	22	18.7	23.1	18.7	18.7	16.5	27.5	27.5	20.9	15.4	28.6	20.9	11	17.6	29.7	29.7	28.6	23.1	33	11	31.9	33	20.9	15.4	22	29.7	15.4	28.6	17.6	11	33	31.9	15.4	14.3	31.9	33	31.9	30.8	30.8	26.4	12.1	30.8	13.2	17.6	13.2	33	13.2	33	11	15.4	29.7	24.2	12.1	15.4	18.7	18.7	23.1	11	17.6	24.2	19.8	31.9	30.8	26.4	30.8	12.1	14.3	19.8	24.2	28.6	14.3	25.3	15.4	13.2	12.1	20.9	25.3	11	33	33	24.2	20.9	15.4	26.4	26.4	11	24.2	16.5	23.1	18.7	16.5	24.2	30.8	33	27.5	14.3	33	27.5	16.5	26.4	17.6	25.3	18.7	23.1	26.4	11	20.9	14.3	23.1	22	13.2	27.5	20.9	22	16.5	14.3	14.3	13.2	28.6	20.9	18.7	33	30.8	31.9	15.4	16.5	19.8	13.2	30.8	19.8	14.3	29.7	23.1	11	15.4	16.5	30.8	17.6	14.3	17.6	12.1	29.7	15.4	26.4	33	18.7	12.1	30.8	23.1	16.5	13.2	29.7	12.1	17.6	22	11	22	29.7	28.6	33	30.8	14.3	27.5	25.3	15.4	13.2	11	23.1	14.3	16.5	26.4	30.8	11	26.4	17.6	33	16.5	31.9	13.2	12.1	14.3	16.5	17.6	27.5	19.8	18.7	14.3	28.6	22	13.2	33	31.9	16.5	33	12.1	31.9	23.1	24.2	15.4	12.1	26.4	22	33	33	15.4	24.2	25.3	27.5	18.7	27.5	26.4	33	18.7	33	25.3	20.9	12.1	33	28.6	13.2	28.6	16.5	11	29.7	15.4	16.5	
30.8	18.7	16.5	25.3	28.6	12.1	31.9	28.6	13.2	13.2	
16	17	12	20	17	13	20	18	16	13	20	19	16	11	19	18	20	20	19	15	18	20	17	12	17	19	18	20	18	18	14	19	19	18	14	20	11	18	19	16	19	17	19	13	18	14	18	14	12	20	14	14	13	10	15	11	14	17	19	18	10	10	18	19	10	15	13	16	11	12	16	18	19	19	10	13	10	20	14	12	18	19	18	15	10	15	19	16	20	18	18	19	19	19	10	18	13	15	16	11	18	11	12	11	11	11	13	15	20	18	20	18	20	17	17	10	13	11	10	13	16	13	18	20	20	15	19	11	14	19	16	14	20	15	16	12	12	19	14	14	17	12	16	12	19	12	16	11	14	15	16	10	10	12	19	16	13	20	17	20	12	19	15	19	11	15	15	13	10	18	10	17	15	11	16	13	11	15	10	12	16	14	19	10	16	18	14	20	12	18	13	13	18	14	13	11	13	19	19	16	13	13	11	18	19	15	15	14	11	16	20	10	14	18	19	11	17	18	15	17	14	19	14	11	20	17	13	13	13	14	15	15	15	15	15	19	20	16	14	17	19	17	12	12	17	12	10	11	13	16	18	20	15	16	19	11	16	10	12	19	12	20	19	11	14	10	11	10	19	17	18	12	10	11	14	16	13	15	13	20	11	14	17	16	12	20	14	16	17	15	13	20	13	12	10	18	19	17	20	19	11	18	11	13	17	16	13	14	12	14	14	19	19	18	10	12	12	12	10	15	12	17	16	14	19	19	16	15	19	19	16	14	13	15	12	13	12	11	19	14	13	19	20	15	20	16	14	13	17	14	10	12	18	12	20	13	14	14	17	16	13	15	17	19	14	20	13	20	20	17	13	18	16	15	19	12	13	14	20	16	17	19	10	17	18	10	11	13	17	19	14	14	16	20	15	15	20	13	12	11	
1	1	1	1	1	1	1	1	1	1	1	1	1	1	1	1	1	1	1	1	1	1	1	1	1	1	1	1	1	1	1	1	1	1	1	1	1	1	1	1	2	2	2	2	2	2	2	2	2	2	2	2	2	2	2	2	2	2	2	2	2	2	2	2	2	2	2	2	2	2	2	2	2	2	2	2	2	2	2	2	2	2	2	2	2	2	2	2	3	3	3	3	3	3	3	3	3	3	3	3	3	3	3	3	3	3	3	3	3	3	3	3	3	3	3	3	3	3	3	3	3	3	3	3	3	3	3	3	3	3	3	3	3	3	4	4	4	4	4	4	4	4	4	4	4	4	4	4	4	4	4	4	4	4	4	4	4	4	4	4	4	4	4	4	4	4	4	4	4	4	4	4	4	4	4	4	5	5	5	5	5	5	5	5	5	5	5	5	5	5	5	5	5	5	5	5	5	5	5	5	5	5	5	5	5	5	6	6	6	6	6	6	6	6	6	6	6	6	6	6	6	6	6	6	6	6	6	6	6	6	6	6	6	6	6	6	6	6	6	6	6	6	6	6	6	6	6	6	7	7	7	7	7	7	7	7	7	7	7	7	7	7	7	7	7	7	7	7	7	7	7	7	7	7	7	7	7	7	7	7	7	7	7	7	8	8	8	8	8	8	8	8	8	8	8	8	8	8	8	8	8	8	8	8	8	8	8	8	8	8	8	8	8	8	8	8	9	9	9	9	9	9	9	9	9	9	9	9	9	9	9	9	9	9	9	9	9	9	9	9	9	9	9	9	9	9	9	9	9	9	9	9	9	9	9	9	9	9	9	9	9	9	9	9	9	9	9	9	9	10	10	10	10	10	10	10	10	10	10	10	10	10	10	10	10	10	10	10	10	10	10	10	10	10	10	10	10	10	10	10	
