100
20	3
80	17.6
29	30	27	28	31	29	31	29	28	27	28	26	31	27	26	27	28	31	26	26	30	26	29	27	29	31	26	29	31	31	26	30	26	26	27	27	30	29	28	28	26	30	28	30	26	31	30	29	28	29	26	28	30	30	26	28	27	29	27	28	30	26	30	28	29	29	27	31	29	30	31	31	31	26	26	29	27	26	29	26	26	30	29	27	28	27	29	31	26	31	30	27	28	27	27	29	29	31	27	28	
83	76	85	91	94	93	76	94	83	77	79	86	92	88	76	80	79	85	78	81	93	87	78	90	88	87	90	88	79	82	77	92	92	82	76	82	92	79	77	77	82	77	89	91	94	83	85	80	87	93	83	87	76	93	86	89	90	79	89	80	89	80	84	82	90	90	92	77	90	89	77	82	77	77	82	91	85	90	85	76	82	90	82	91	84	76	94	92	85	91	78	78	81	89	87	92	79	76	77	77	
16.5	27.5	29.7	23.1	25.3	16.5	33	19.8	13.2	26.4	17.6	14.3	18.7	22	28.6	15.4	22	24.2	19.8	12.1	18.7	19.8	27.5	27.5	25.3	28.6	24.2	24.2	33	33	15.4	15.4	29.7	30.8	28.6	15.4	25.3	28.6	33	27.5	19.8	26.4	16.5	13.2	17.6	33	25.3	18.7	16.5	18.7	20.9	24.2	26.4	26.4	22	11	15.4	30.8	16.5	22	17.6	22	22	12.1	16.5	27.5	23.1	20.9	27.5	30.8	11	29.7	17.6	31.9	18.7	20.9	25.3	16.5	18.7	22	17.6	20.9	16.5	33	23.1	24.2	27.5	24.2	25.3	16.5	31.9	24.2	33	17.6	17.6	20.9	20.9	26.4	14.3	11	
24.2	16.5	20.9	28.6	19.8	14.3	20.9	12.1	15.4	30.8	13.2	24.2	26.4	29.7	33	19.8	26.4	13.2	14.3	14.3	20.9	24.2	20.9	30.8	33	30.8	22	26.4	17.6	19.8	27.5	22	19.8	19.8	31.9	13.2	22	27.5	11	23.1	16.5	29.7	15.4	26.4	28.6	11	31.9	14.3	23.1	28.6	18.7	33	22	28.6	11	17.6	15.4	33	24.2	25.3	15.4	31.9	14.3	22	16.5	14.3	23.1	20.9	31.9	14.3	28.6	30.8	27.5	33	17.6	26.4	25.3	11	19.8	15.4	23.1	24.2	20.9	28.6	13.2	12.1	15.4	17.6	23.1	24.2	23.1	28.6	30.8	25.3	20.9	22	15.4	25.3	24.2	27.5	
25.3	11	33	22	17.6	12.1	14.3	11	18.7	15.4	26.4	27.5	13.2	15.4	26.4	23.1	23.1	24.2	33	17.6	
14	12	10	20	12	10	20	13	14	10	19	15	17	19	11	20	18	19	17	17	13	10	11	13	11	20	19	11	14	14	16	20	14	18	11	19	14	11	19	17	11	19	10	20	16	16	18	12	20	18	18	15	14	15	13	16	19	20	18	16	17	14	19	18	12	11	11	11	20	14	19	15	20	13	19	11	12	13	18	14	12	17	13	19	16	14	11	12	15	12	13	18	13	16	10	12	17	10	18	19	
1	2	2	2	3	3	4	4	4	4	4	4	4	4	5	5	5	5	5	6	6	6	6	6	6	6	6	6	6	6	7	7	7	7	7	7	7	8	8	8	8	8	8	9	9	9	9	9	10	10	10	10	11	11	11	11	11	11	12	13	13	13	13	13	14	14	14	14	14	15	15	15	15	15	15	15	16	16	16	16	16	17	17	17	17	17	17	17	18	18	18	18	19	19	20	20	20	20	20	20	
