400
30	6
206	16.5
29	26	28	28	27	28	29	29	29	31	26	27	31	27	31	28	30	26	26	27	31	31	31	28	28	31	26	26	29	27	28	26	30	28	31	30	30	27	28	28	26	26	28	31	29	29	31	28	28	27	29	29	30	31	28	31	30	29	26	30	28	26	26	30	29	27	27	28	29	31	29	26	31	26	29	28	30	29	27	28	28	28	30	27	30	26	31	27	26	26	27	31	30	29	30	31	26	28	27	26	28	31	30	26	26	30	29	27	29	28	31	30	31	29	31	29	31	26	27	30	26	28	30	29	26	27	28	27	27	30	29	27	29	27	26	31	29	29	29	27	29	31	27	28	31	31	30	29	26	28	30	28	27	30	27	31	30	30	29	29	30	29	26	30	29	29	27	30	30	26	26	29	26	27	30	26	28	30	29	27	26	26	31	29	31	30	26	28	31	30	28	26	26	27	31	31	26	27	27	27	29	28	29	26	26	28	28	26	29	27	27	29	30	29	27	27	27	27	26	26	28	30	31	28	31	28	31	31	27	31	26	31	31	31	28	26	28	27	29	30	28	28	28	26	26	28	27	30	29	28	28	28	27	30	28	28	28	30	31	30	31	31	27	26	29	27	29	30	31	27	31	29	30	31	30	26	31	28	26	30	28	31	27	26	27	30	30	31	31	28	27	27	30	26	30	26	26	31	29	30	27	29	31	31	28	29	28	28	26	27	28	31	31	28	27	30	27	30	31	30	27	30	26	29	31	31	26	30	28	31	29	30	26	28	29	29	29	26	31	28	27	27	27	31	28	30	31	27	31	27	27	29	26	27	31	30	27	26	29	27	26	28	31	27	28	27	26	30	30	30	27	29	28	30	29	30	27	30	31	27	27	30	26	26	30	28	31	29	30	29	31	26	31	29	27	28	28	30	29	30	
81	89	79	87	85	80	93	79	79	85	93	82	94	90	91	94	77	94	83	90	87	86	76	92	85	86	92	83	93	94	80	81	84	77	94	77	82	82	90	89	88	76	83	93	86	90	80	83	82	92	93	88	83	80	89	79	94	77	91	87	93	86	84	94	85	83	77	77	89	90	93	82	87	86	92	93	93	86	90	78	76	94	77	82	91	82	93	88	94	84	77	80	93	82	76	78	78	86	89	94	91	93	93	88	91	85	80	87	86	86	86	83	91	82	79	83	88	94	85	91	84	79	88	84	78	84	94	91	90	79	78	94	91	83	81	92	87	85	85	92	85	94	85	77	82	90	85	80	76	88	90	94	85	76	82	77	90	92	88	84	77	81	90	84	80	81	78	82	93	81	93	92	86	82	79	82	88	85	82	92	87	94	84	77	87	80	76	91	94	81	84	90	82	92	90	81	86	92	90	89	90	92	89	91	79	84	84	90	93	79	82	81	80	85	94	86	83	79	77	76	90	89	91	90	82	83	84	76	89	86	80	88	76	91	82	94	92	80	83	77	82	77	82	89	87	79	90	86	83	82	91	80	94	80	89	91	76	89	78	92	76	79	78	77	89	90	84	76	91	81	91	83	83	84	78	94	79	82	94	90	94	88	90	81	87	78	87	87	92	88	83	80	92	82	89	78	84	93	93	79	93	80	76	94	91	89	81	82	93	88	77	80	94	80	94	77	91	93	81	78	76	89	84	76	76	94	85	81	77	89	87	77	78	77	91	89	83	82	83	84	90	77	77	93	87	88	92	87	83	79	84	80	93	88	79	94	83	83	88	82	77	93	79	85	83	80	90	76	79	77	90	92	81	86	90	82	90	86	81	91	93	91	78	93	94	93	86	76	86	86	87	92	87	91	89	80	85	85	87	86	
11	27.5	17.6	12.1	14.3	12.1	28.6	16.5	13.2	19.8	12.1	15.4	27.5	33	31.9	28.6	26.4	20.9	29.7	25.3	17.6	12.1	25.3	27.5	31.9	24.2	26.4	27.5	28.6	22	14.3	28.6	25.3	14.3	25.3	16.5	30.8	33	16.5	25.3	20.9	28.6	33	11	19.8	18.7	12.1	33	33	14.3	11	16.5	11	11	15.4	14.3	29.7	28.6	18.7	28.6	33	15.4	20.9	16.5	11	12.1	33	14.3	12.1	18.7	26.4	29.7	25.3	23.1	25.3	30.8	12.1	22	24.2	28.6	12.1	33	17.6	20.9	13.2	33	28.6	26.4	33	33	15.4	19.8	17.6	30.8	33	28.6	24.2	25.3	17.6	17.6	15.4	15.4	28.6	30.8	25.3	18.7	25.3	26.4	28.6	30.8	23.1	14.3	31.9	11	16.5	25.3	33	20.9	23.1	13.2	19.8	27.5	31.9	17.6	18.7	27.5	19.8	12.1	33	14.3	25.3	13.2	29.7	11	29.7	11	27.5	24.2	19.8	17.6	23.1	19.8	13.2	14.3	24.2	11	28.6	23.1	19.8	27.5	15.4	27.5	12.1	22	22	27.5	25.3	30.8	20.9	20.9	28.6	15.4	16.5	31.9	33	16.5	19.8	13.2	23.1	20.9	11	11	19.8	29.7	22	23.1	23.1	22	26.4	11	24.2	15.4	25.3	28.6	18.7	18.7	23.1	25.3	13.2	14.3	31.9	18.7	14.3	22	19.8	30.8	19.8	11	30.8	15.4	15.4	11	14.3	25.3	20.9	31.9	16.5	14.3	29.7	11	11	18.7	17.6	33	31.9	27.5	28.6	29.7	17.6	11	25.3	17.6	28.6	17.6	28.6	16.5	29.7	15.4	12.1	11	30.8	25.3	30.8	27.5	15.4	19.8	19.8	27.5	24.2	16.5	27.5	29.7	13.2	25.3	26.4	18.7	31.9	12.1	11	15.4	31.9	17.6	25.3	15.4	20.9	26.4	29.7	25.3	16.5	22	31.9	23.1	17.6	14.3	17.6	25.3	25.3	20.9	26.4	12.1	29.7	12.1	12.1	22	26.4	19.8	29.7	14.3	15.4	30.8	13.2	33	33	12.1	33	18.7	11	17.6	19.8	17.6	19.8	33	24.2	13.2	25.3	20.9	29.7	18.7	22	15.4	28.6	20.9	12.1	11	26.4	29.7	22	12.1	17.6	30.8	23.1	28.6	24.2	25.3	20.9	31.9	16.5	15.4	24.2	17.6	24.2	17.6	27.5	13.2	27.5	26.4	15.4	30.8	13.2	18.7	22	11	12.1	30.8	16.5	23.1	19.8	27.5	12.1	14.3	13.2	16.5	23.1	17.6	26.4	15.4	30.8	26.4	29.7	15.4	16.5	26.4	25.3	22	24.2	20.9	31.9	19.8	15.4	24.2	19.8	24.2	20.9	24.2	28.6	33	14.3	15.4	17.6	29.7	33	33	26.4	13.2	17.6	27.5	13.2	23.1	19.8	11	11	15.4	30.8	29.7	12.1	33	11	18.7	18.7	27.5	29.7	24.2	15.4	15.4	12.1	19.8	20.9	29.7	28.6	30.8	
11	31.9	24.2	19.8	22	23.1	24.2	18.7	27.5	18.7	27.5	27.5	13.2	33	27.5	17.6	14.3	23.1	28.6	29.7	27.5	12.1	24.2	33	11	13.2	25.3	19.8	12.1	31.9	20.9	29.7	29.7	26.4	28.6	19.8	20.9	25.3	24.2	24.2	27.5	25.3	20.9	28.6	30.8	17.6	33	17.6	12.1	12.1	13.2	13.2	25.3	29.7	14.3	33	14.3	25.3	16.5	22	11	33	17.6	18.7	30.8	33	18.7	29.7	29.7	24.2	16.5	25.3	31.9	17.6	23.1	23.1	15.4	26.4	25.3	24.2	16.5	27.5	23.1	29.7	18.7	31.9	27.5	28.6	19.8	20.9	13.2	24.2	16.5	14.3	29.7	30.8	23.1	24.2	22	11	20.9	20.9	11	20.9	15.4	29.7	22	18.7	12.1	16.5	15.4	29.7	17.6	22	28.6	27.5	25.3	25.3	11	15.4	30.8	20.9	20.9	29.7	19.8	25.3	15.4	25.3	28.6	16.5	14.3	31.9	13.2	30.8	30.8	15.4	24.2	16.5	29.7	14.3	25.3	30.8	14.3	22	33	12.1	24.2	11	30.8	16.5	16.5	28.6	22	28.6	15.4	15.4	16.5	30.8	30.8	24.2	22	23.1	14.3	17.6	15.4	31.9	14.3	12.1	15.4	23.1	26.4	13.2	14.3	29.7	11	14.3	22	25.3	12.1	31.9	22	23.1	27.5	30.8	24.2	15.4	12.1	11	29.7	30.8	18.7	12.1	29.7	27.5	24.2	15.4	30.8	22	20.9	22	15.4	15.4	26.4	29.7	15.4	14.3	33	14.3	16.5	11	13.2	15.4	25.3	27.5	25.3	23.1	24.2	17.6	14.3	11	14.3	12.1	17.6	23.1	14.3	27.5	12.1	22	26.4	31.9	11	12.1	26.4	30.8	25.3	31.9	25.3	33	24.2	14.3	20.9	14.3	33	26.4	18.7	28.6	23.1	11	23.1	16.5	30.8	16.5	20.9	16.5	18.7	11	18.7	20.9	28.6	22	18.7	15.4	14.3	27.5	26.4	20.9	19.8	12.1	27.5	31.9	26.4	15.4	12.1	15.4	29.7	24.2	25.3	23.1	12.1	28.6	15.4	18.7	28.6	29.7	31.9	24.2	26.4	31.9	11	28.6	17.6	31.9	31.9	20.9	11	33	23.1	13.2	26.4	22	31.9	11	20.9	29.7	23.1	17.6	18.7	19.8	23.1	33	19.8	12.1	17.6	33	16.5	14.3	13.2	11	12.1	19.8	16.5	22	17.6	16.5	24.2	33	28.6	30.8	14.3	14.3	33	11	18.7	20.9	16.5	27.5	30.8	24.2	20.9	13.2	22	24.2	16.5	25.3	24.2	26.4	31.9	26.4	31.9	15.4	29.7	16.5	12.1	14.3	24.2	17.6	27.5	18.7	30.8	26.4	30.8	14.3	11	16.5	13.2	29.7	14.3	18.7	26.4	14.3	15.4	24.2	24.2	16.5	24.2	33	13.2	15.4	27.5	11	13.2	29.7	17.6	11	29.7	11	26.4	18.7	17.6	30.8	15.4	19.8	26.4	11	16.5	14.3	26.4	14.3	23.1	16.5	
30.8	17.6	13.2	27.5	30.8	27.5	27.5	19.8	22	24.2	30.8	19.8	24.2	29.7	14.3	22	27.5	14.3	19.8	25.3	25.3	13.2	14.3	12.1	11	29.7	31.9	15.4	29.7	23.1	
11	16	18	15	20	14	10	17	12	13	13	15	15	17	12	14	13	19	12	12	20	10	19	16	13	17	19	15	10	11	19	15	10	18	17	17	16	18	12	20	12	17	18	13	17	20	15	19	16	13	12	17	18	15	16	18	14	15	10	20	11	19	14	20	13	15	15	19	16	17	19	11	19	14	12	10	16	17	13	10	14	15	19	19	14	20	11	20	15	13	11	15	10	14	13	17	15	12	12	20	13	11	14	10	11	15	11	13	20	17	12	14	12	20	12	11	16	12	12	11	18	14	19	19	11	19	12	11	19	10	10	10	12	10	12	10	15	15	15	15	14	19	13	15	12	12	20	20	15	13	20	20	16	16	16	17	10	12	13	15	14	18	17	15	19	11	10	10	11	14	10	17	13	14	12	12	12	10	15	18	16	13	19	18	18	13	20	15	11	12	10	14	20	12	11	12	14	18	12	11	15	17	15	20	19	11	12	19	17	13	18	10	18	17	13	18	13	15	13	13	16	15	13	17	12	16	17	18	10	17	17	15	17	13	12	16	17	17	16	17	16	10	19	12	13	18	11	19	14	18	16	15	16	10	15	18	17	18	14	19	19	20	12	15	12	18	12	17	19	15	13	17	12	18	18	20	16	11	13	16	19	12	16	17	15	13	16	14	15	19	12	15	19	12	19	15	12	11	10	13	11	19	20	12	20	11	20	11	14	10	11	14	15	19	10	10	15	13	10	10	19	18	10	16	17	12	20	15	17	16	13	15	11	13	18	14	18	13	17	19	16	12	19	16	18	17	17	13	15	20	16	17	11	20	20	20	17	12	18	12	10	13	11	15	11	11	19	12	20	13	12	16	18	19	10	19	15	10	15	16	17	12	10	13	17	17	20	11	12	16	17	20	15	19	20	10	17	14	16	11	
1	1	1	1	1	1	1	1	1	1	1	1	1	1	1	1	2	2	2	2	2	2	2	2	2	2	2	2	2	2	2	2	2	3	3	3	3	3	3	3	3	4	4	4	4	4	4	4	4	4	4	4	4	4	4	4	4	4	5	5	5	5	5	5	5	5	5	5	5	5	5	5	5	6	6	6	6	6	6	6	6	6	6	6	6	6	6	6	6	6	6	6	6	7	7	7	7	7	7	7	7	7	8	8	8	8	8	8	8	8	8	8	8	8	9	9	9	9	9	9	9	9	9	9	9	9	9	9	9	9	9	9	9	9	9	10	10	10	10	10	10	10	10	10	10	10	10	10	10	10	10	11	11	11	11	11	11	11	11	11	11	11	11	11	12	12	12	12	12	12	12	12	12	12	12	12	12	12	12	12	13	13	13	13	13	13	13	13	13	13	13	13	13	13	14	14	14	14	14	14	14	14	15	15	15	15	15	15	15	15	15	15	16	16	16	16	16	16	16	16	16	16	16	17	17	17	17	17	17	17	17	17	17	18	18	18	18	18	18	18	18	18	18	18	19	19	19	19	19	19	19	19	19	19	19	19	19	19	19	19	20	20	20	20	20	20	20	20	20	20	20	21	21	21	21	21	21	21	21	21	21	21	21	21	21	21	22	22	22	22	22	22	22	22	22	22	22	22	22	22	22	23	23	23	23	23	23	23	23	23	24	24	24	24	24	24	24	24	24	24	24	25	25	25	25	25	25	25	25	25	25	25	25	25	26	26	26	26	26	26	26	26	26	26	26	26	26	26	27	27	27	27	27	27	27	27	27	27	28	28	28	28	28	28	28	28	28	28	28	28	28	28	28	28	28	28	29	29	29	29	29	29	29	29	29	29	29	29	29	29	30	30	30	30	30	30	30	30	30	30	
