200
30	5
104	33
31	27	30	30	27	30	28	31	29	28	27	30	30	27	30	27	31	29	28	29	27	28	27	27	26	28	28	30	29	30	29	30	26	30	26	26	29	31	26	26	26	31	28	30	28	30	28	26	26	28	31	29	30	28	27	27	27	27	28	31	30	29	26	31	29	27	28	30	30	31	29	28	26	31	31	31	26	31	26	30	31	30	28	26	28	26	30	28	28	26	29	30	31	30	26	29	29	31	28	27	29	28	29	31	30	29	27	31	28	26	31	28	30	28	26	30	31	27	30	29	30	31	27	31	31	27	26	30	27	28	31	29	26	30	27	28	31	27	26	26	29	29	27	31	30	31	30	27	31	29	31	31	26	28	26	27	26	28	28	29	31	26	27	28	29	29	26	28	28	29	30	27	30	29	26	30	31	27	26	30	29	31	26	29	31	27	28	28	26	29	28	27	26	30	28	26	27	28	31	29	
84	80	94	86	84	89	83	76	81	90	92	88	81	79	89	89	84	87	76	86	92	87	78	89	80	84	76	81	76	78	93	81	90	79	88	76	77	85	80	77	91	90	77	87	78	82	87	91	77	88	88	86	81	83	88	89	76	82	80	92	77	84	78	88	91	86	92	89	83	92	86	80	77	87	76	93	81	93	92	89	76	78	91	92	87	87	87	80	89	81	84	83	93	81	76	90	86	79	80	86	90	77	90	89	77	85	83	87	81	83	89	87	90	81	89	78	80	91	82	84	78	78	90	80	83	86	87	85	86	88	94	86	86	76	93	83	76	79	80	93	90	91	79	85	93	82	83	86	79	78	94	85	94	79	93	81	79	94	77	78	77	87	90	89	92	81	76	81	81	82	91	80	78	78	79	81	88	83	81	81	85	84	79	81	90	81	90	76	79	91	78	91	92	81	92	80	80	89	77	87	
22	29.7	18.7	11	25.3	27.5	33	23.1	15.4	14.3	16.5	24.2	26.4	25.3	11	26.4	16.5	22	15.4	33	30.8	13.2	30.8	33	13.2	23.1	19.8	16.5	28.6	23.1	19.8	16.5	19.8	29.7	22	13.2	14.3	13.2	13.2	12.1	31.9	23.1	24.2	17.6	13.2	12.1	24.2	13.2	11	18.7	19.8	13.2	27.5	17.6	15.4	25.3	22	13.2	30.8	22	18.7	33	11	19.8	17.6	17.6	31.9	33	31.9	31.9	29.7	17.6	13.2	26.4	28.6	12.1	24.2	11	20.9	27.5	14.3	25.3	19.8	11	33	23.1	24.2	30.8	26.4	29.7	24.2	13.2	23.1	22	16.5	25.3	13.2	30.8	17.6	22	19.8	12.1	24.2	13.2	28.6	16.5	27.5	28.6	16.5	13.2	24.2	31.9	11	12.1	19.8	17.6	16.5	19.8	16.5	18.7	12.1	26.4	22	17.6	26.4	18.7	20.9	27.5	24.2	26.4	20.9	14.3	26.4	18.7	20.9	20.9	29.7	18.7	23.1	16.5	33	17.6	16.5	16.5	17.6	22	14.3	30.8	13.2	26.4	12.1	15.4	20.9	18.7	20.9	13.2	24.2	18.7	11	18.7	19.8	12.1	19.8	11	25.3	30.8	28.6	11	19.8	14.3	18.7	22	25.3	19.8	26.4	30.8	16.5	25.3	14.3	28.6	27.5	16.5	31.9	13.2	18.7	30.8	16.5	24.2	19.8	14.3	33	11	12.1	17.6	18.7	30.8	24.2	14.3	27.5	33	
24.2	13.2	11	33	17.6	11	18.7	11	23.1	17.6	31.9	22	13.2	11	26.4	22	22	22	15.4	30.8	17.6	14.3	22	33	19.8	27.5	28.6	25.3	22	24.2	23.1	18.7	13.2	23.1	27.5	31.9	11	14.3	14.3	16.5	22	24.2	33	23.1	29.7	22	29.7	11	25.3	11	27.5	12.1	11	30.8	29.7	22	12.1	30.8	25.3	28.6	14.3	24.2	28.6	24.2	19.8	25.3	22	26.4	20.9	12.1	22	26.4	17.6	23.1	20.9	11	14.3	26.4	18.7	11	16.5	27.5	12.1	28.6	29.7	29.7	13.2	33	18.7	11	23.1	19.8	29.7	22	14.3	11	22	11	15.4	11	29.7	17.6	15.4	11	19.8	26.4	23.1	24.2	22	24.2	12.1	26.4	17.6	17.6	13.2	16.5	23.1	24.2	18.7	12.1	16.5	29.7	31.9	17.6	33	28.6	26.4	28.6	30.8	31.9	11	18.7	24.2	13.2	22	26.4	24.2	17.6	12.1	17.6	13.2	31.9	28.6	13.2	12.1	26.4	12.1	18.7	29.7	19.8	19.8	33	23.1	17.6	22	16.5	16.5	16.5	20.9	22	33	18.7	24.2	14.3	19.8	28.6	33	19.8	27.5	18.7	18.7	16.5	24.2	28.6	26.4	19.8	26.4	25.3	11	18.7	11	22	14.3	31.9	29.7	28.6	12.1	19.8	16.5	11	28.6	26.4	31.9	12.1	25.3	24.2	26.4	16.5	29.7	24.2	
22	26.4	17.6	18.7	22	27.5	13.2	31.9	29.7	25.3	12.1	20.9	23.1	20.9	29.7	20.9	27.5	30.8	29.7	13.2	29.7	13.2	25.3	23.1	15.4	17.6	12.1	19.8	19.8	22	
13	10	13	15	19	18	17	17	14	12	16	20	15	12	16	20	11	13	18	19	15	16	19	10	16	18	11	16	13	17	10	18	13	19	10	10	14	11	17	17	16	16	17	19	20	11	12	12	11	17	19	19	12	12	13	16	17	15	17	10	13	10	18	20	11	17	13	10	10	17	20	11	10	20	10	18	15	13	20	20	11	17	15	13	18	12	19	10	11	18	15	17	10	13	14	14	18	16	17	11	15	12	15	12	19	13	15	17	12	11	17	19	20	10	20	17	13	19	13	11	13	16	15	12	16	15	12	16	16	17	13	20	18	12	20	11	11	15	10	17	12	18	17	18	15	12	18	13	20	16	14	19	17	13	19	11	17	13	19	11	20	17	20	17	19	15	10	15	14	18	10	15	16	11	16	11	17	19	13	14	14	18	10	10	18	12	19	15	14	16	17	13	10	13	15	19	20	14	18	16	
1	1	1	2	2	2	2	2	2	2	2	2	2	2	2	3	3	3	3	3	3	3	3	3	4	4	4	4	4	5	5	5	5	5	5	5	5	5	5	5	6	6	6	6	6	6	6	6	7	7	7	8	8	8	8	8	8	8	8	8	8	9	9	9	9	10	10	10	10	10	10	10	10	10	10	10	11	11	11	12	12	12	12	13	13	13	13	13	13	14	14	14	14	14	15	15	15	15	15	15	15	15	15	16	16	16	16	16	17	17	17	17	17	17	18	18	18	18	19	19	19	19	19	19	19	19	19	19	20	20	20	20	20	20	20	20	21	21	21	21	21	21	22	22	22	22	22	22	22	22	22	23	23	23	23	23	24	24	24	24	25	25	25	25	25	25	26	26	26	26	26	26	26	26	27	27	27	27	27	27	27	27	27	28	28	28	28	28	29	29	29	29	29	29	30	30	30	30	30	30	
