400
30	2
202	19.8
29	29	31	28	27	31	30	30	26	31	29	31	27	28	31	28	29	30	31	29	31	27	27	28	28	27	26	28	28	26	28	27	28	26	31	29	27	26	29	29	29	28	31	27	27	28	26	28	31	29	30	26	26	27	27	27	26	26	30	27	30	31	28	27	26	31	27	28	26	28	26	26	31	29	28	27	29	26	31	28	28	29	27	30	28	30	28	27	31	30	29	26	29	28	26	28	26	31	27	26	29	29	27	30	27	28	29	28	30	29	31	30	31	26	26	30	27	29	30	30	30	27	27	29	26	29	27	28	28	27	26	31	30	29	30	28	29	29	31	26	30	30	29	28	26	31	30	27	30	27	26	26	30	30	31	29	27	27	28	31	29	30	29	26	29	29	28	30	29	27	31	28	29	29	26	26	29	27	31	29	31	26	31	27	26	26	31	26	31	26	27	27	30	28	26	28	28	31	30	30	26	27	27	30	29	28	30	28	31	31	30	29	28	30	29	31	28	27	30	28	26	27	29	29	27	29	27	26	29	31	28	27	29	28	30	30	30	30	27	31	26	31	28	30	26	28	28	28	29	31	26	26	31	26	28	28	27	26	29	27	29	30	31	28	27	28	27	30	29	30	26	26	28	30	28	30	28	27	26	30	26	29	30	28	26	30	27	31	28	26	31	28	27	27	30	31	29	27	28	31	29	26	30	26	30	28	31	30	30	29	31	30	29	26	29	30	29	26	28	29	27	27	26	26	26	27	26	26	27	27	31	31	26	30	31	30	29	31	31	30	30	29	31	29	31	26	27	28	30	31	27	31	31	31	27	27	30	30	29	29	26	29	31	26	28	26	31	29	27	27	28	31	28	27	27	29	28	31	31	26	27	26	30	27	30	29	27	28	28	29	31	26	27	28	30	29	27	26	28	28	
91	92	81	92	90	83	78	77	76	86	91	80	76	79	85	92	77	91	79	77	89	84	88	93	79	90	78	82	90	81	93	94	90	92	79	88	76	94	83	76	93	86	76	83	80	94	77	85	76	90	92	91	90	83	91	87	83	81	79	80	93	85	87	85	81	93	87	84	80	80	88	83	85	94	88	79	86	90	86	85	93	80	78	87	92	81	93	84	88	76	92	92	84	76	80	83	78	79	78	94	85	78	80	92	91	94	88	80	93	81	84	76	78	79	90	91	82	80	86	84	94	83	82	83	86	83	81	81	91	88	85	84	83	87	89	81	84	81	93	81	80	94	80	91	91	76	78	88	84	84	91	79	80	77	82	78	77	81	80	89	82	87	89	88	92	94	87	91	89	79	88	89	87	91	79	84	90	84	91	80	82	79	90	80	85	93	93	87	92	82	85	92	78	89	87	83	81	80	79	83	78	84	83	93	84	91	92	85	80	83	90	84	89	79	92	91	82	80	88	85	77	81	80	83	92	79	83	89	84	84	90	77	77	90	81	79	91	78	78	79	92	87	94	77	77	94	82	84	91	84	82	87	90	81	79	77	94	84	93	88	92	93	94	81	93	91	90	78	86	83	93	92	94	86	94	84	88	92	77	81	81	94	79	93	83	91	76	94	86	81	88	86	91	76	89	90	90	92	84	93	91	86	89	79	83	87	84	81	80	78	80	80	84	91	91	77	78	82	76	81	90	83	85	81	85	93	81	89	83	76	93	88	83	81	94	88	76	88	94	84	85	90	78	86	80	93	88	90	87	91	91	87	82	84	93	90	86	85	92	80	91	91	86	90	80	88	94	88	88	81	87	85	90	93	93	93	91	81	76	91	79	80	89	82	80	76	94	83	86	85	83	94	87	83	87	94	80	84	89	80	
22	13.2	18.7	14.3	20.9	16.5	31.9	12.1	13.2	33	33	17.6	11	29.7	20.9	12.1	20.9	16.5	26.4	26.4	14.3	12.1	17.6	29.7	27.5	12.1	22	11	15.4	24.2	22	15.4	12.1	28.6	17.6	27.5	24.2	22	33	12.1	15.4	29.7	31.9	16.5	24.2	24.2	11	23.1	27.5	26.4	22	17.6	13.2	16.5	27.5	19.8	28.6	11	22	33	16.5	17.6	13.2	24.2	20.9	26.4	16.5	33	22	12.1	22	31.9	15.4	14.3	18.7	25.3	24.2	13.2	16.5	23.1	30.8	17.6	18.7	25.3	14.3	23.1	29.7	25.3	31.9	26.4	27.5	19.8	25.3	12.1	24.2	14.3	14.3	31.9	19.8	27.5	18.7	23.1	20.9	30.8	18.7	17.6	15.4	30.8	19.8	33	20.9	29.7	16.5	31.9	16.5	17.6	24.2	11	12.1	20.9	26.4	14.3	20.9	27.5	24.2	31.9	27.5	25.3	22	30.8	15.4	22	29.7	12.1	27.5	30.8	30.8	11	27.5	15.4	30.8	17.6	28.6	30.8	30.8	14.3	19.8	30.8	15.4	24.2	15.4	28.6	26.4	30.8	22	22	25.3	29.7	31.9	33	15.4	29.7	18.7	29.7	13.2	33	15.4	14.3	18.7	17.6	18.7	31.9	14.3	20.9	31.9	13.2	16.5	16.5	15.4	16.5	19.8	33	30.8	14.3	24.2	19.8	16.5	17.6	13.2	25.3	24.2	27.5	23.1	12.1	11	33	30.8	20.9	25.3	29.7	13.2	28.6	16.5	33	29.7	22	26.4	15.4	13.2	24.2	14.3	15.4	26.4	25.3	24.2	20.9	15.4	26.4	23.1	27.5	15.4	22	25.3	11	27.5	28.6	14.3	29.7	19.8	30.8	15.4	31.9	11	28.6	23.1	18.7	16.5	24.2	17.6	19.8	26.4	20.9	30.8	30.8	11	29.7	12.1	18.7	13.2	14.3	30.8	29.7	16.5	27.5	33	12.1	30.8	30.8	18.7	12.1	30.8	26.4	19.8	31.9	26.4	30.8	20.9	15.4	31.9	11	15.4	26.4	20.9	16.5	22	31.9	14.3	23.1	19.8	17.6	25.3	22	24.2	15.4	26.4	24.2	33	30.8	24.2	31.9	24.2	33	12.1	28.6	20.9	17.6	14.3	26.4	33	24.2	33	16.5	22	31.9	11	15.4	14.3	11	24.2	12.1	19.8	29.7	30.8	27.5	11	31.9	23.1	22	16.5	31.9	30.8	13.2	25.3	20.9	13.2	24.2	24.2	15.4	22	17.6	22	12.1	17.6	12.1	25.3	23.1	27.5	25.3	24.2	18.7	25.3	28.6	33	20.9	11	20.9	14.3	16.5	13.2	31.9	30.8	11	23.1	22	11	27.5	33	19.8	17.6	17.6	22	17.6	13.2	24.2	27.5	22	25.3	14.3	29.7	30.8	15.4	22	18.7	29.7	11	26.4	16.5	12.1	14.3	25.3	18.7	13.2	25.3	25.3	25.3	29.7	16.5	13.2	24.2	26.4	27.5	14.3	16.5	15.4	22	16.5	11	16.5	30.8	29.7	
25.3	14.3	27.5	17.6	31.9	13.2	33	25.3	33	22	31.9	15.4	17.6	26.4	11	30.8	24.2	25.3	11	16.5	24.2	29.7	15.4	29.7	15.4	19.8	14.3	31.9	13.2	13.2	33	17.6	26.4	22	20.9	33	16.5	31.9	24.2	25.3	25.3	28.6	19.8	27.5	27.5	22	20.9	23.1	11	30.8	31.9	14.3	28.6	14.3	33	30.8	19.8	19.8	24.2	22	19.8	22	18.7	16.5	20.9	16.5	18.7	28.6	33	17.6	18.7	31.9	12.1	25.3	25.3	26.4	14.3	31.9	17.6	14.3	31.9	22	28.6	19.8	33	24.2	31.9	15.4	16.5	11	13.2	15.4	26.4	18.7	17.6	17.6	27.5	16.5	28.6	16.5	12.1	13.2	29.7	27.5	15.4	15.4	16.5	18.7	26.4	30.8	17.6	15.4	20.9	20.9	11	12.1	25.3	31.9	33	11	30.8	19.8	16.5	20.9	30.8	27.5	13.2	16.5	22	25.3	16.5	19.8	22	20.9	12.1	25.3	20.9	13.2	14.3	13.2	24.2	20.9	29.7	20.9	12.1	29.7	12.1	23.1	18.7	16.5	27.5	25.3	33	14.3	20.9	20.9	11	18.7	27.5	18.7	23.1	28.6	22	16.5	13.2	25.3	23.1	23.1	24.2	23.1	22	25.3	28.6	12.1	25.3	16.5	17.6	12.1	22	25.3	14.3	19.8	26.4	19.8	27.5	24.2	27.5	18.7	15.4	26.4	13.2	18.7	24.2	18.7	15.4	19.8	24.2	22	24.2	25.3	14.3	29.7	27.5	30.8	28.6	26.4	18.7	30.8	25.3	11	13.2	15.4	19.8	29.7	28.6	20.9	13.2	18.7	26.4	17.6	20.9	31.9	18.7	24.2	19.8	33	33	31.9	26.4	17.6	31.9	20.9	15.4	11	16.5	17.6	20.9	29.7	24.2	11	23.1	22	28.6	20.9	23.1	16.5	28.6	28.6	27.5	16.5	19.8	20.9	17.6	28.6	33	31.9	27.5	20.9	30.8	13.2	33	12.1	26.4	17.6	17.6	25.3	30.8	12.1	19.8	28.6	27.5	31.9	13.2	24.2	23.1	30.8	15.4	24.2	28.6	17.6	11	23.1	30.8	19.8	23.1	29.7	11	19.8	26.4	29.7	28.6	26.4	28.6	18.7	22	23.1	23.1	27.5	22	29.7	19.8	29.7	22	13.2	18.7	14.3	31.9	18.7	15.4	19.8	11	23.1	31.9	22	15.4	11	26.4	11	12.1	33	23.1	12.1	20.9	23.1	30.8	28.6	18.7	23.1	20.9	23.1	16.5	11	28.6	29.7	14.3	22	23.1	16.5	17.6	29.7	20.9	29.7	30.8	29.7	30.8	29.7	22	15.4	23.1	25.3	13.2	12.1	23.1	27.5	33	16.5	22	11	31.9	25.3	14.3	19.8	25.3	27.5	18.7	26.4	14.3	17.6	18.7	13.2	23.1	33	11	18.7	18.7	23.1	28.6	15.4	15.4	24.2	33	16.5	29.7	24.2	27.5	29.7	25.3	15.4	25.3	12.1	23.1	26.4	22	13.2	25.3	29.7	33	27.5	28.6	25.3	
14.3	30.8	14.3	23.1	13.2	24.2	25.3	13.2	14.3	11	20.9	33	17.6	31.9	26.4	13.2	25.3	13.2	24.2	23.1	30.8	27.5	18.7	15.4	13.2	28.6	23.1	12.1	26.4	28.6	
10	20	12	11	14	13	16	19	11	20	20	16	10	18	16	15	14	20	10	14	17	11	16	18	10	17	13	12	14	11	11	15	17	17	11	10	11	20	19	11	10	19	11	18	17	17	15	16	19	11	16	14	15	20	15	18	16	16	15	11	20	11	13	17	15	12	12	13	10	19	11	18	12	17	11	15	13	18	18	11	10	11	10	11	12	11	12	20	15	16	11	14	10	16	11	11	18	20	10	17	12	16	16	12	11	10	10	20	10	19	12	10	16	11	17	11	13	11	14	16	10	10	18	13	20	14	20	11	12	11	18	18	13	10	10	12	19	16	15	19	20	18	10	20	17	18	16	20	18	18	10	11	12	13	11	17	15	17	18	15	15	10	20	10	19	15	15	17	12	19	20	12	10	16	17	14	17	14	11	11	11	17	15	14	11	18	12	16	19	18	12	14	20	11	11	18	20	20	12	13	17	18	10	11	10	19	13	13	12	17	13	16	12	16	18	18	19	17	19	12	17	13	13	13	11	19	10	16	20	20	12	17	13	15	15	13	16	14	17	12	11	19	12	15	16	20	17	20	16	18	15	11	13	17	13	11	11	11	12	18	13	11	14	20	12	18	12	16	12	13	11	11	13	11	16	17	19	15	19	20	20	12	14	20	19	14	13	20	18	15	12	17	19	16	17	11	15	11	10	16	11	15	19	15	11	15	20	14	10	13	19	15	15	14	20	16	19	13	13	10	15	16	20	12	11	15	11	13	14	17	20	18	11	11	11	15	12	13	20	19	10	14	20	10	18	10	17	10	14	14	15	20	10	19	17	12	12	11	18	11	20	14	12	17	11	14	16	16	20	19	19	10	17	10	15	18	20	19	10	19	14	11	18	10	17	15	11	10	15	13	12	17	17	13	13	19	14	18	12	18	
1	1	1	1	1	1	1	1	1	1	1	1	1	2	2	2	2	2	2	2	2	2	2	2	2	2	2	2	2	2	2	3	3	3	3	3	3	3	3	3	3	3	3	3	4	4	4	4	4	4	4	4	4	4	4	4	4	5	5	5	5	5	5	5	5	5	5	5	5	5	5	5	5	5	5	5	6	6	6	6	6	6	7	7	7	7	7	7	7	7	7	7	7	7	7	7	7	7	7	7	7	7	7	7	7	8	8	8	8	8	8	8	8	9	9	9	9	9	9	9	9	9	9	9	9	9	9	9	9	10	10	10	10	10	10	10	10	10	10	10	10	10	10	10	11	11	11	11	11	11	11	11	11	11	11	11	11	11	12	12	12	12	12	12	12	12	12	12	12	12	12	12	12	12	12	12	12	12	12	12	12	13	13	13	13	13	13	13	13	13	14	14	14	14	14	14	14	14	15	15	15	15	15	15	15	15	15	15	15	15	15	15	16	16	16	16	16	16	16	16	16	16	16	16	17	17	17	17	17	17	17	17	17	17	17	18	18	18	18	18	18	18	18	18	19	19	19	19	19	19	19	19	19	20	20	20	20	20	20	20	20	20	20	20	21	21	21	21	21	21	21	21	21	21	21	21	21	21	21	21	22	22	22	22	22	22	22	22	23	23	23	23	23	23	23	23	23	23	23	23	23	23	24	24	24	24	24	24	24	24	24	24	24	24	24	24	24	24	24	24	24	24	24	25	25	25	25	25	25	25	25	25	25	25	25	25	25	25	25	25	25	25	25	26	26	26	26	26	26	26	26	26	26	26	27	27	27	27	27	27	27	28	28	28	28	28	28	28	29	29	29	29	29	29	29	29	29	29	29	29	29	29	29	29	30	30	30	30	30	30	30	30	30	30	30	30	30	30	30	30	
