200
10	2
308	20.9
26	27	31	31	28	28	26	26	29	31	27	28	28	30	26	26	27	29	28	29	26	26	28	28	26	31	27	29	26	27	28	31	29	26	31	28	30	30	26	31	28	28	29	26	28	29	28	26	28	26	26	31	31	30	30	29	27	26	30	31	29	27	31	29	29	28	31	26	29	31	27	28	31	30	29	31	26	28	28	26	26	27	31	30	27	26	30	28	31	28	27	28	27	27	28	28	28	29	30	29	27	28	28	29	27	30	30	27	27	31	27	27	30	31	27	26	28	27	30	29	27	29	26	30	30	26	26	28	27	29	31	29	27	31	26	27	27	26	28	29	31	31	29	31	26	30	30	26	28	28	28	26	27	27	27	30	29	26	31	27	28	31	27	31	31	26	28	30	26	26	26	26	28	28	29	26	29	28	30	28	30	27	26	26	30	27	31	28	29	28	30	26	26	28	27	30	28	30	28	27	
94	77	89	77	91	89	79	86	79	88	76	76	88	92	83	89	92	92	83	81	78	85	76	84	89	77	82	77	78	86	84	83	94	81	81	78	92	92	86	83	91	76	80	78	81	92	90	84	82	78	89	90	82	85	86	89	90	89	91	92	80	87	83	81	81	83	77	85	93	90	76	80	92	87	83	76	88	86	76	79	86	92	78	83	94	88	89	88	90	86	84	83	84	79	90	77	88	81	93	83	93	76	91	89	89	79	87	94	86	83	85	80	91	84	88	81	90	81	77	79	83	92	81	81	91	76	78	87	92	91	91	85	94	84	84	93	79	87	93	91	81	83	93	94	79	91	79	94	93	82	76	88	93	76	76	77	88	90	86	79	76	89	81	87	85	83	77	83	80	79	87	91	90	86	85	78	87	89	94	89	78	89	90	82	78	83	79	82	81	76	83	91	83	90	85	80	77	77	88	82	
15.4	24.2	27.5	26.4	22	26.4	13.2	23.1	33	33	26.4	18.7	31.9	17.6	20.9	28.6	12.1	15.4	12.1	24.2	23.1	25.3	24.2	12.1	25.3	14.3	22	16.5	22	24.2	33	17.6	17.6	14.3	26.4	25.3	30.8	14.3	11	12.1	13.2	12.1	20.9	16.5	22	13.2	14.3	12.1	12.1	11	17.6	26.4	13.2	27.5	14.3	23.1	17.6	11	16.5	17.6	22	12.1	11	12.1	19.8	22	20.9	19.8	26.4	13.2	28.6	11	17.6	14.3	16.5	22	16.5	33	11	17.6	14.3	23.1	28.6	12.1	15.4	25.3	27.5	17.6	11	11	30.8	17.6	33	23.1	14.3	11	25.3	12.1	28.6	18.7	23.1	20.9	26.4	31.9	23.1	25.3	11	13.2	17.6	29.7	25.3	26.4	19.8	19.8	27.5	11	14.3	23.1	31.9	20.9	24.2	15.4	30.8	17.6	28.6	13.2	16.5	13.2	15.4	22	18.7	16.5	27.5	16.5	14.3	29.7	12.1	18.7	20.9	16.5	28.6	19.8	14.3	12.1	22	16.5	19.8	31.9	24.2	17.6	23.1	17.6	29.7	17.6	11	20.9	29.7	27.5	19.8	30.8	17.6	19.8	11	17.6	17.6	13.2	29.7	14.3	19.8	18.7	23.1	26.4	27.5	26.4	16.5	13.2	23.1	15.4	20.9	29.7	26.4	14.3	22	30.8	25.3	29.7	28.6	14.3	25.3	26.4	25.3	19.8	28.6	25.3	24.2	22	24.2	23.1	24.2	22	
16.5	24.2	22	15.4	20.9	28.6	17.6	13.2	27.5	29.7	27.5	16.5	30.8	15.4	11	22	26.4	17.6	27.5	15.4	27.5	30.8	18.7	26.4	30.8	14.3	11	26.4	14.3	31.9	17.6	15.4	30.8	14.3	11	24.2	30.8	13.2	28.6	31.9	25.3	12.1	23.1	28.6	12.1	17.6	14.3	16.5	24.2	23.1	17.6	18.7	27.5	24.2	20.9	31.9	33	16.5	19.8	15.4	23.1	31.9	30.8	33	19.8	13.2	24.2	30.8	12.1	29.7	20.9	23.1	15.4	25.3	17.6	15.4	11	20.9	20.9	15.4	15.4	12.1	14.3	25.3	12.1	11	20.9	29.7	14.3	15.4	13.2	28.6	22	15.4	30.8	11	12.1	19.8	14.3	23.1	28.6	16.5	29.7	25.3	24.2	12.1	15.4	26.4	18.7	12.1	12.1	15.4	24.2	15.4	23.1	16.5	13.2	18.7	23.1	23.1	33	18.7	18.7	31.9	22	27.5	30.8	19.8	31.9	11	31.9	16.5	25.3	14.3	26.4	30.8	12.1	19.8	14.3	12.1	11	23.1	15.4	11	22	11	23.1	24.2	22	27.5	28.6	29.7	26.4	27.5	18.7	19.8	12.1	11	12.1	16.5	17.6	17.6	17.6	27.5	24.2	11	16.5	28.6	24.2	14.3	18.7	20.9	22	30.8	22	19.8	29.7	15.4	23.1	14.3	23.1	33	14.3	16.5	25.3	13.2	22	12.1	31.9	12.1	19.8	11	23.1	16.5	13.2	12.1	25.3	30.8	28.6	16.5	
29.7	27.5	20.9	18.7	33	18.7	24.2	19.8	26.4	12.1	
12	16	11	10	12	18	14	10	14	10	20	10	11	13	15	11	20	18	20	18	14	15	15	12	19	17	14	11	12	18	10	15	13	15	11	11	20	10	13	19	11	10	12	18	11	18	15	11	10	19	15	14	13	20	19	14	11	18	18	13	16	18	19	18	11	17	12	10	16	11	19	16	10	20	18	18	15	14	12	18	15	15	15	19	14	16	20	11	11	19	18	15	20	19	17	18	12	11	11	12	11	12	13	20	15	19	13	13	20	20	16	14	16	10	13	14	11	15	18	13	18	18	16	13	20	19	20	20	16	11	17	11	10	11	19	11	16	18	12	18	11	14	14	13	15	19	12	16	20	15	16	19	13	10	20	19	18	20	16	15	11	10	19	17	15	13	17	18	17	16	20	15	14	11	19	20	12	16	12	17	17	16	12	12	10	13	19	12	19	11	16	19	19	11	20	10	14	15	12	16	
1	1	1	1	1	1	1	1	1	1	1	1	1	1	1	1	1	1	1	1	2	2	2	2	2	2	2	2	2	2	2	2	2	2	2	2	2	2	3	3	3	3	3	3	3	3	3	3	3	3	3	3	3	3	3	3	3	3	3	3	3	3	3	3	4	4	4	4	4	4	4	4	4	4	4	4	4	4	5	5	5	5	5	5	5	5	5	5	5	5	5	5	5	5	5	6	6	6	6	6	6	6	6	6	6	6	6	6	6	6	6	6	6	6	6	6	6	6	6	6	6	7	7	7	7	7	7	7	7	7	7	7	7	7	7	7	7	7	7	7	7	8	8	8	8	8	8	8	8	8	8	8	8	8	8	8	8	8	8	8	9	9	9	9	9	9	9	9	9	9	9	9	9	9	9	9	9	9	9	9	9	9	10	10	10	10	10	10	10	10	10	10	10	10	10	10	10	10	10	10	
