200
30	2
109	24.2
27	30	29	31	26	30	30	28	30	31	29	28	31	31	31	31	30	29	29	29	28	26	30	31	27	27	31	26	27	27	31	26	28	27	27	27	29	31	29	28	28	26	31	27	28	28	29	28	31	30	31	31	27	29	31	30	30	31	27	26	26	29	26	30	28	31	30	27	28	31	31	31	29	30	28	27	27	30	29	30	29	31	27	27	26	27	28	29	26	31	26	29	30	27	31	30	31	26	29	28	26	31	30	26	30	30	30	26	30	27	31	27	29	30	29	30	30	28	28	28	28	28	27	26	28	28	28	26	29	30	28	26	31	31	27	28	27	29	29	26	27	30	26	26	30	28	28	28	29	31	31	27	30	30	29	30	29	30	27	26	29	28	30	26	27	28	30	27	28	28	29	31	29	26	26	27	28	26	27	26	29	31	28	31	31	27	27	29	30	28	31	31	27	27	31	26	28	30	27	30	
87	91	77	76	77	80	78	81	79	80	89	76	90	91	90	79	90	82	81	89	86	93	84	92	84	81	93	87	90	88	84	87	94	76	86	88	82	79	86	93	91	85	94	91	86	80	94	88	83	91	84	86	80	92	92	84	87	94	76	81	85	91	84	89	76	83	81	82	82	89	90	92	94	91	80	91	79	76	90	92	76	80	83	93	76	77	77	86	84	93	81	94	76	87	79	86	76	89	84	77	76	80	84	76	83	89	85	94	91	94	80	79	83	88	87	94	85	91	85	93	76	80	83	78	82	79	79	91	76	76	87	82	89	85	83	77	80	83	79	94	78	88	82	82	92	91	79	89	78	80	78	80	85	83	93	92	80	92	88	81	87	93	85	94	85	80	90	94	89	81	90	89	87	88	85	89	86	91	87	93	86	90	80	93	77	79	76	80	91	80	81	92	79	79	77	81	78	80	78	94	
24.2	24.2	29.7	22	26.4	11	19.8	30.8	14.3	19.8	25.3	16.5	23.1	28.6	23.1	17.6	23.1	26.4	17.6	33	25.3	27.5	15.4	14.3	11	12.1	18.7	26.4	25.3	30.8	18.7	26.4	31.9	17.6	22	12.1	23.1	18.7	15.4	16.5	14.3	29.7	25.3	18.7	25.3	27.5	16.5	18.7	31.9	16.5	12.1	31.9	15.4	12.1	28.6	30.8	18.7	26.4	12.1	17.6	26.4	28.6	29.7	12.1	11	27.5	28.6	26.4	28.6	26.4	11	12.1	12.1	13.2	25.3	15.4	26.4	19.8	28.6	18.7	11	14.3	18.7	19.8	16.5	23.1	29.7	25.3	12.1	18.7	24.2	30.8	27.5	16.5	18.7	33	25.3	17.6	31.9	19.8	26.4	23.1	33	19.8	12.1	29.7	16.5	28.6	33	24.2	18.7	31.9	19.8	20.9	13.2	29.7	24.2	16.5	29.7	20.9	24.2	25.3	18.7	12.1	29.7	31.9	28.6	14.3	25.3	14.3	23.1	31.9	14.3	23.1	33	14.3	15.4	24.2	17.6	17.6	20.9	15.4	16.5	31.9	18.7	15.4	30.8	28.6	24.2	14.3	22	12.1	19.8	24.2	31.9	25.3	18.7	24.2	18.7	22	12.1	29.7	13.2	19.8	19.8	14.3	29.7	18.7	14.3	30.8	13.2	16.5	27.5	17.6	26.4	12.1	25.3	23.1	26.4	31.9	16.5	20.9	18.7	31.9	27.5	29.7	28.6	13.2	30.8	31.9	12.1	17.6	23.1	23.1	23.1	12.1	11	26.4	27.5	14.3	
31.9	13.2	23.1	27.5	16.5	15.4	11	15.4	28.6	30.8	13.2	15.4	26.4	18.7	15.4	20.9	18.7	31.9	26.4	16.5	15.4	30.8	24.2	17.6	26.4	22	33	29.7	13.2	11	13.2	24.2	29.7	22	26.4	29.7	18.7	24.2	24.2	26.4	12.1	16.5	14.3	27.5	18.7	24.2	13.2	12.1	19.8	27.5	13.2	11	14.3	25.3	27.5	28.6	15.4	20.9	31.9	14.3	22	20.9	24.2	18.7	31.9	31.9	29.7	18.7	28.6	20.9	29.7	17.6	14.3	25.3	29.7	15.4	25.3	12.1	25.3	16.5	15.4	17.6	26.4	25.3	11	12.1	22	18.7	23.1	15.4	17.6	14.3	22	16.5	29.7	30.8	22	13.2	25.3	29.7	13.2	31.9	26.4	20.9	30.8	27.5	11	23.1	23.1	15.4	33	20.9	19.8	12.1	33	24.2	11	11	24.2	17.6	20.9	31.9	24.2	33	20.9	30.8	27.5	28.6	11	22	15.4	33	23.1	28.6	27.5	31.9	17.6	30.8	12.1	14.3	27.5	14.3	12.1	27.5	31.9	33	28.6	28.6	27.5	14.3	27.5	14.3	17.6	30.8	18.7	20.9	22	19.8	20.9	24.2	30.8	16.5	19.8	23.1	24.2	24.2	12.1	14.3	20.9	18.7	22	33	24.2	28.6	13.2	15.4	28.6	33	23.1	18.7	31.9	20.9	23.1	26.4	26.4	33	12.1	12.1	12.1	23.1	12.1	19.8	22	25.3	18.7	31.9	17.6	33	26.4	28.6	
14.3	33	11	14.3	31.9	19.8	28.6	23.1	28.6	12.1	30.8	25.3	19.8	26.4	26.4	14.3	20.9	18.7	14.3	14.3	27.5	19.8	23.1	31.9	19.8	11	19.8	23.1	13.2	18.7	
13	11	14	10	14	18	12	16	14	18	18	19	17	20	18	16	16	15	11	11	15	20	16	20	15	17	15	14	19	13	17	14	19	20	20	18	20	17	11	20	19	11	16	15	20	16	19	20	18	13	15	13	13	19	20	14	16	19	16	20	19	20	19	18	20	11	12	15	20	18	14	15	20	12	12	15	19	14	19	15	16	12	12	18	19	15	20	17	15	12	19	10	16	12	11	20	12	10	16	18	12	20	12	16	17	13	16	16	19	16	16	18	11	12	13	15	18	10	14	12	18	13	11	13	15	13	10	13	19	17	12	18	15	12	14	10	15	19	18	12	12	18	16	14	15	19	12	13	15	16	15	20	15	10	20	10	17	17	20	12	20	13	13	12	16	20	15	14	20	20	15	14	11	14	10	20	13	10	17	11	18	16	10	12	19	14	19	16	17	14	20	18	19	13	16	17	15	19	10	17	
1	1	1	1	1	1	1	2	2	2	2	3	3	3	3	3	3	3	3	3	4	4	4	4	4	4	4	4	5	5	5	5	5	5	5	5	6	6	6	6	6	6	6	6	6	7	7	7	8	8	8	8	8	8	8	9	9	9	9	9	9	9	10	10	10	11	11	11	11	11	11	12	12	12	12	12	12	13	13	13	13	13	13	13	14	14	14	14	14	14	15	15	15	15	15	15	15	15	15	16	16	16	16	16	16	16	16	16	17	17	17	17	17	17	17	17	17	17	18	18	18	18	18	18	18	18	19	19	19	19	19	19	19	19	19	19	20	20	20	20	20	20	20	21	21	21	21	22	22	22	22	22	22	22	22	22	22	23	23	23	23	23	24	24	24	24	24	24	24	25	25	25	25	25	25	25	26	26	26	26	26	26	26	27	27	27	28	28	28	29	29	29	29	30	30	30	30	30	30	30	
