100
10	2
165	17.6
26	28	27	27	29	26	28	27	27	26	27	30	27	30	28	29	30	29	27	26	28	30	28	27	29	30	30	31	27	30	28	27	26	26	28	26	29	31	29	31	29	29	27	27	29	27	30	30	30	27	31	30	27	30	26	27	28	27	29	26	26	27	31	31	29	31	26	27	28	28	31	26	29	30	26	28	30	30	27	31	26	31	28	26	28	26	28	28	28	31	31	26	30	29	29	27	29	29	31	27	
80	80	87	83	87	76	76	85	79	94	83	81	83	80	86	92	76	88	84	76	76	80	81	79	87	85	88	87	86	88	89	81	86	89	81	94	79	83	94	94	93	82	83	77	92	80	78	82	87	81	88	83	91	92	93	92	87	84	87	85	90	92	87	93	79	94	89	82	94	77	76	79	76	86	89	93	91	92	88	76	83	93	86	84	76	92	93	78	90	90	90	91	94	79	76	82	90	77	85	83	
15.4	17.6	12.1	25.3	27.5	22	12.1	25.3	11	31.9	27.5	23.1	20.9	28.6	30.8	16.5	12.1	12.1	19.8	18.7	24.2	28.6	28.6	33	16.5	14.3	12.1	19.8	20.9	26.4	20.9	22	19.8	16.5	17.6	18.7	28.6	23.1	28.6	11	17.6	22	19.8	17.6	17.6	20.9	23.1	27.5	12.1	30.8	25.3	30.8	30.8	31.9	15.4	11	11	31.9	29.7	30.8	11	11	17.6	30.8	14.3	23.1	18.7	13.2	22	24.2	23.1	31.9	28.6	24.2	26.4	11	24.2	14.3	28.6	18.7	11	18.7	28.6	27.5	29.7	15.4	17.6	25.3	12.1	19.8	25.3	31.9	30.8	28.6	23.1	13.2	15.4	11	23.1	24.2	
11	19.8	27.5	17.6	27.5	33	27.5	20.9	13.2	25.3	12.1	19.8	18.7	24.2	12.1	23.1	28.6	20.9	14.3	13.2	13.2	18.7	26.4	29.7	27.5	26.4	27.5	27.5	18.7	29.7	28.6	17.6	24.2	14.3	27.5	24.2	33	18.7	18.7	12.1	27.5	25.3	20.9	19.8	13.2	11	33	26.4	19.8	13.2	24.2	15.4	14.3	11	20.9	30.8	14.3	30.8	29.7	29.7	22	33	29.7	14.3	26.4	30.8	30.8	26.4	15.4	11	22	24.2	28.6	25.3	33	19.8	27.5	31.9	23.1	31.9	18.7	23.1	12.1	26.4	27.5	15.4	15.4	13.2	20.9	31.9	17.6	16.5	15.4	14.3	12.1	11	23.1	15.4	22	17.6	
28.6	23.1	11	13.2	19.8	11	11	20.9	31.9	17.6	
10	14	12	12	16	14	10	11	18	20	13	11	14	14	19	12	13	15	20	11	20	17	10	19	18	18	15	15	15	11	17	20	18	19	10	10	18	12	16	15	10	16	11	13	17	19	20	13	10	19	20	16	16	15	17	19	10	10	11	20	17	17	15	19	14	14	15	19	20	19	15	13	19	12	11	10	18	10	12	13	14	18	17	18	20	18	20	17	10	16	15	20	13	14	18	20	18	17	16	12	
1	1	1	1	1	1	1	1	1	1	1	1	1	2	2	2	2	2	2	2	2	2	2	2	2	2	3	3	3	3	3	3	3	4	4	4	4	4	4	5	5	5	5	5	5	5	5	5	5	6	6	6	6	6	6	6	6	6	6	6	6	7	7	7	7	7	7	7	7	7	7	7	7	8	8	8	8	8	8	8	8	8	9	9	9	9	9	9	9	9	9	9	9	9	9	10	10	10	10	10	
