500
30	6
274	12.1
26	31	30	30	27	27	31	28	29	29	31	28	26	26	30	29	30	30	30	27	28	30	27	31	30	28	31	30	26	29	29	28	30	26	26	30	26	29	27	30	31	29	29	28	30	27	29	31	26	28	26	30	29	26	28	29	29	29	31	29	26	31	31	30	26	26	28	26	26	26	31	28	31	31	30	29	28	30	31	28	30	29	26	29	29	28	31	28	28	29	28	27	26	29	31	31	29	30	30	30	31	28	26	28	30	29	26	28	28	30	28	27	27	27	30	26	29	31	31	31	31	31	31	28	31	27	29	27	29	28	26	30	27	30	30	27	31	27	29	27	27	26	27	27	26	30	29	31	29	27	28	31	28	29	28	30	26	27	30	30	30	26	27	29	28	30	31	28	28	28	28	29	26	29	31	27	31	31	30	27	30	31	27	29	30	30	31	27	29	29	30	29	30	28	29	30	30	31	29	27	28	26	28	27	30	28	28	29	30	29	29	26	27	26	30	27	30	31	27	29	28	26	26	27	30	26	30	28	27	28	31	31	31	27	29	27	28	29	27	31	26	26	30	31	27	29	29	29	30	26	28	31	26	30	27	30	26	26	30	29	31	28	29	30	30	30	28	26	28	29	28	26	28	28	27	26	29	26	31	26	27	28	30	28	27	27	27	28	27	31	31	31	27	29	26	28	26	30	31	28	27	31	27	26	29	27	28	29	26	27	26	30	26	30	29	28	30	27	31	26	27	30	31	26	30	26	31	29	31	27	30	31	27	28	26	31	28	26	26	28	26	28	29	30	29	27	31	30	27	29	27	31	26	26	30	31	27	28	30	26	30	31	26	30	30	29	28	26	29	29	26	29	30	29	26	29	28	28	26	31	27	27	27	27	27	26	31	27	29	26	29	27	28	29	28	27	29	29	29	29	28	30	29	31	28	30	29	28	31	31	30	26	31	30	26	26	29	26	26	27	30	29	26	29	26	29	28	27	27	27	27	26	31	30	28	31	27	26	29	26	30	28	31	26	27	28	28	28	30	27	26	29	28	27	28	29	28	26	28	27	26	26	31	29	30	29	26	26	30	27	28	31	30	29	27	30	31	29	28	30	27	28	27	30	29	27	30	26	28	27	30	26	31	28	27	29	31	31	29	27	
82	88	85	93	89	76	91	83	91	89	82	84	88	83	85	93	92	87	87	92	84	87	94	93	78	87	86	92	93	76	78	92	87	81	81	92	76	83	81	92	79	79	84	91	84	91	90	77	86	89	93	89	84	93	84	91	77	79	80	86	91	94	81	92	89	87	83	80	82	84	92	80	81	94	77	85	94	77	78	89	77	80	87	88	79	86	90	84	83	87	90	88	87	82	86	90	84	76	80	78	82	89	88	91	91	86	86	77	91	89	82	83	79	86	89	89	91	85	78	76	77	94	89	94	94	77	89	94	79	76	82	93	81	91	76	87	92	78	80	82	93	82	93	86	90	80	85	89	89	79	89	85	90	85	83	82	89	87	92	76	79	78	87	92	77	78	87	85	94	89	82	89	94	90	76	80	90	91	86	89	84	93	83	85	88	90	89	76	88	80	79	85	85	86	76	86	94	90	81	76	91	83	94	84	76	94	83	81	90	93	76	92	90	84	90	91	85	88	90	86	89	81	78	77	85	90	76	85	90	91	94	89	79	88	94	85	80	89	76	81	84	78	91	94	83	91	84	86	90	79	86	85	90	86	92	79	80	89	87	94	87	81	87	79	92	87	79	80	93	90	80	80	84	89	82	85	81	80	83	81	86	94	91	89	85	77	82	78	84	80	85	76	90	94	76	76	87	90	76	84	87	85	92	77	80	85	81	88	77	85	81	80	94	86	85	79	89	82	87	93	76	76	90	76	83	88	88	85	85	77	76	89	80	89	80	84	93	82	84	78	84	81	87	84	85	91	83	81	92	81	84	79	88	77	85	86	93	92	82	79	86	92	82	94	89	90	82	83	84	81	80	76	82	94	84	92	88	94	85	84	81	85	94	83	85	83	85	90	92	84	91	79	82	86	80	84	82	92	76	81	79	76	84	83	81	83	87	89	91	91	78	77	79	79	94	76	87	84	92	76	82	80	92	83	92	84	94	94	92	79	86	79	83	92	77	87	90	88	77	88	81	94	81	94	94	86	81	91	83	92	89	84	79	76	80	91	76	87	89	90	91	86	92	76	85	80	90	81	91	76	81	79	87	92	77	89	85	88	80	91	85	93	89	79	90	81	83	77	93	77	92	89	80	78	89	94	82	94	90	76	
19.8	23.1	13.2	14.3	14.3	14.3	27.5	18.7	31.9	33	11	23.1	25.3	16.5	26.4	28.6	11	27.5	25.3	16.5	14.3	16.5	12.1	31.9	28.6	18.7	26.4	30.8	33	12.1	26.4	23.1	15.4	14.3	25.3	30.8	16.5	30.8	29.7	31.9	33	22	19.8	24.2	19.8	17.6	28.6	14.3	25.3	25.3	25.3	24.2	14.3	33	15.4	15.4	27.5	33	17.6	27.5	20.9	16.5	16.5	27.5	15.4	19.8	33	28.6	24.2	12.1	11	12.1	27.5	31.9	27.5	22	17.6	18.7	24.2	33	12.1	12.1	12.1	12.1	18.7	27.5	15.4	13.2	11	20.9	30.8	26.4	27.5	17.6	11	14.3	17.6	25.3	30.8	25.3	14.3	17.6	15.4	24.2	29.7	29.7	17.6	12.1	23.1	24.2	20.9	23.1	30.8	24.2	12.1	11	33	25.3	24.2	23.1	14.3	12.1	28.6	13.2	28.6	12.1	19.8	14.3	30.8	31.9	20.9	14.3	23.1	14.3	27.5	11	33	22	12.1	20.9	16.5	12.1	17.6	14.3	30.8	19.8	25.3	19.8	23.1	22	29.7	18.7	25.3	22	15.4	24.2	23.1	29.7	14.3	33	16.5	24.2	28.6	33	18.7	14.3	14.3	28.6	26.4	22	20.9	31.9	13.2	20.9	33	12.1	20.9	27.5	20.9	16.5	12.1	28.6	16.5	33	13.2	22	18.7	29.7	16.5	28.6	18.7	28.6	28.6	31.9	12.1	25.3	16.5	12.1	14.3	19.8	31.9	14.3	27.5	12.1	19.8	31.9	25.3	22	13.2	25.3	12.1	14.3	23.1	20.9	12.1	19.8	28.6	11	29.7	12.1	23.1	27.5	16.5	19.8	20.9	29.7	33	24.2	29.7	11	20.9	31.9	15.4	15.4	28.6	26.4	18.7	20.9	33	13.2	17.6	26.4	22	26.4	19.8	26.4	30.8	29.7	30.8	24.2	22	20.9	27.5	17.6	31.9	20.9	26.4	27.5	33	13.2	13.2	30.8	24.2	14.3	14.3	12.1	23.1	31.9	18.7	27.5	29.7	17.6	28.6	30.8	19.8	14.3	24.2	18.7	24.2	24.2	25.3	22	25.3	33	17.6	13.2	33	24.2	28.6	25.3	24.2	18.7	27.5	31.9	29.7	14.3	30.8	17.6	26.4	25.3	27.5	24.2	22	22	11	12.1	27.5	31.9	23.1	24.2	33	20.9	20.9	14.3	14.3	25.3	26.4	30.8	12.1	25.3	13.2	15.4	25.3	23.1	11	19.8	26.4	18.7	18.7	20.9	12.1	13.2	14.3	11	19.8	27.5	13.2	30.8	16.5	24.2	14.3	28.6	19.8	26.4	26.4	28.6	15.4	25.3	20.9	15.4	15.4	23.1	24.2	12.1	13.2	14.3	19.8	18.7	20.9	13.2	12.1	26.4	14.3	30.8	16.5	15.4	28.6	16.5	20.9	31.9	15.4	30.8	13.2	30.8	14.3	33	31.9	17.6	28.6	12.1	18.7	19.8	19.8	12.1	15.4	25.3	31.9	23.1	33	27.5	22	24.2	16.5	28.6	22	19.8	26.4	31.9	23.1	29.7	29.7	17.6	16.5	29.7	24.2	11	27.5	25.3	25.3	31.9	12.1	28.6	15.4	17.6	19.8	25.3	29.7	31.9	23.1	12.1	23.1	30.8	24.2	28.6	23.1	14.3	27.5	29.7	19.8	29.7	25.3	14.3	29.7	15.4	26.4	14.3	12.1	28.6	20.9	15.4	27.5	15.4	30.8	22	15.4	31.9	29.7	11	30.8	17.6	19.8	26.4	28.6	13.2	15.4	25.3	16.5	12.1	16.5	23.1	31.9	13.2	15.4	27.5	13.2	27.5	23.1	18.7	29.7	30.8	25.3	22	15.4	23.1	25.3	11	13.2	20.9	13.2	22	23.1	11	15.4	13.2	28.6	17.6	20.9	14.3	12.1	16.5	23.1	33	28.6	15.4	29.7	28.6	30.8	29.7	17.6	27.5	
19.8	12.1	24.2	31.9	13.2	29.7	17.6	18.7	26.4	25.3	24.2	15.4	13.2	24.2	19.8	18.7	30.8	17.6	14.3	25.3	19.8	12.1	28.6	29.7	17.6	23.1	26.4	14.3	23.1	33	20.9	17.6	20.9	18.7	19.8	31.9	31.9	12.1	17.6	22	14.3	26.4	15.4	13.2	22	17.6	22	23.1	20.9	18.7	16.5	31.9	24.2	11	13.2	18.7	12.1	22	20.9	25.3	30.8	22	30.8	15.4	19.8	12.1	24.2	27.5	28.6	11	25.3	31.9	23.1	15.4	26.4	29.7	26.4	29.7	23.1	11	15.4	15.4	31.9	29.7	20.9	11	28.6	19.8	24.2	19.8	23.1	23.1	28.6	14.3	31.9	23.1	14.3	19.8	30.8	11	22	17.6	18.7	26.4	28.6	12.1	12.1	31.9	29.7	11	13.2	28.6	30.8	27.5	14.3	19.8	12.1	20.9	15.4	11	12.1	25.3	20.9	22	14.3	18.7	25.3	29.7	29.7	33	29.7	31.9	15.4	16.5	11	27.5	17.6	17.6	11	24.2	23.1	13.2	22	12.1	20.9	24.2	26.4	29.7	11	27.5	19.8	27.5	29.7	18.7	19.8	12.1	19.8	17.6	19.8	13.2	11	13.2	16.5	14.3	33	24.2	30.8	31.9	16.5	25.3	18.7	20.9	13.2	22	19.8	17.6	33	30.8	12.1	17.6	16.5	20.9	26.4	16.5	30.8	31.9	24.2	15.4	19.8	16.5	33	14.3	11	15.4	13.2	20.9	31.9	11	12.1	31.9	23.1	31.9	30.8	20.9	18.7	29.7	28.6	25.3	18.7	14.3	12.1	20.9	26.4	24.2	14.3	13.2	33	28.6	13.2	23.1	11	11	12.1	11	11	20.9	25.3	33	16.5	24.2	17.6	16.5	29.7	14.3	16.5	25.3	27.5	25.3	25.3	33	19.8	27.5	33	29.7	15.4	30.8	24.2	13.2	18.7	28.6	29.7	29.7	23.1	24.2	27.5	19.8	31.9	18.7	23.1	30.8	19.8	13.2	20.9	14.3	29.7	17.6	18.7	18.7	17.6	18.7	14.3	15.4	30.8	28.6	25.3	11	26.4	13.2	17.6	17.6	28.6	27.5	18.7	27.5	16.5	28.6	24.2	25.3	33	12.1	18.7	12.1	23.1	27.5	15.4	27.5	19.8	15.4	29.7	19.8	20.9	28.6	11	11	31.9	11	28.6	18.7	31.9	15.4	15.4	27.5	17.6	12.1	30.8	25.3	11	16.5	17.6	11	17.6	27.5	30.8	24.2	29.7	33	27.5	14.3	30.8	18.7	13.2	33	28.6	11	13.2	12.1	31.9	33	12.1	26.4	17.6	13.2	25.3	23.1	13.2	26.4	23.1	27.5	24.2	28.6	31.9	16.5	15.4	33	28.6	15.4	27.5	27.5	25.3	16.5	19.8	19.8	20.9	15.4	15.4	18.7	20.9	33	12.1	13.2	29.7	19.8	33	27.5	11	24.2	19.8	30.8	25.3	12.1	20.9	24.2	16.5	18.7	20.9	31.9	25.3	16.5	20.9	11	12.1	19.8	18.7	24.2	19.8	27.5	18.7	33	27.5	20.9	31.9	20.9	33	22	23.1	28.6	26.4	13.2	24.2	24.2	11	33	27.5	17.6	13.2	18.7	14.3	20.9	31.9	19.8	18.7	25.3	29.7	28.6	15.4	33	30.8	18.7	20.9	11	27.5	12.1	19.8	29.7	29.7	17.6	11	15.4	27.5	14.3	27.5	28.6	20.9	25.3	27.5	33	28.6	23.1	15.4	20.9	20.9	13.2	25.3	27.5	13.2	23.1	19.8	28.6	13.2	12.1	26.4	26.4	13.2	19.8	17.6	31.9	31.9	26.4	29.7	17.6	29.7	13.2	19.8	23.1	28.6	15.4	27.5	19.8	16.5	27.5	24.2	13.2	19.8	27.5	24.2	16.5	23.1	29.7	26.4	16.5	24.2	33	11	14.3	22	28.6	16.5	31.9	14.3	30.8	
27.5	29.7	20.9	15.4	15.4	13.2	27.5	27.5	19.8	31.9	27.5	27.5	27.5	31.9	23.1	20.9	18.7	11	27.5	17.6	28.6	20.9	11	26.4	16.5	13.2	28.6	24.2	31.9	24.2	
14	20	16	19	12	13	17	20	19	16	20	11	11	10	11	13	11	17	18	16	11	16	13	16	20	17	12	12	12	16	18	20	11	12	17	15	12	20	13	16	14	17	11	11	14	16	14	19	15	19	12	18	15	14	14	12	16	13	11	20	17	20	20	16	20	11	12	20	15	10	15	18	19	19	14	10	12	19	16	15	13	16	17	15	20	16	15	19	11	17	12	13	19	11	18	12	10	14	11	13	18	14	20	11	19	12	14	10	14	12	16	13	19	17	14	16	14	13	17	17	20	18	18	14	19	14	20	17	18	10	11	13	12	18	14	17	19	16	12	11	18	20	15	12	12	16	15	17	14	18	15	10	15	19	11	11	16	11	16	18	10	19	15	10	19	12	11	10	12	12	20	12	18	17	19	19	20	16	10	16	17	19	15	13	18	12	13	17	20	12	20	11	19	20	19	16	14	16	13	15	16	17	12	18	15	17	18	18	14	15	10	16	15	13	13	10	12	10	20	19	13	18	15	20	17	19	20	14	14	14	20	14	19	13	10	17	17	14	12	16	11	10	12	16	15	11	15	11	13	13	13	10	13	17	16	12	18	10	10	14	17	10	14	13	14	15	20	10	20	15	16	16	14	16	16	20	20	10	13	14	11	15	17	10	12	11	10	16	19	13	14	11	12	17	13	15	10	19	13	20	10	17	15	13	14	19	11	10	13	20	16	12	10	14	12	14	15	12	17	20	11	11	18	11	20	18	15	10	10	16	16	14	12	16	17	19	16	20	19	16	19	10	10	12	19	12	14	20	17	11	15	11	15	17	18	11	16	20	18	15	14	14	17	14	15	18	20	16	11	15	10	17	13	18	16	14	19	16	20	10	19	17	13	14	16	19	13	14	17	16	20	10	17	20	17	10	20	14	19	13	19	18	10	13	16	16	17	18	12	10	11	12	15	19	16	11	13	15	19	16	15	12	19	15	17	16	12	20	11	17	14	13	16	13	16	13	17	20	13	15	12	12	13	20	10	14	15	11	14	10	14	19	18	14	15	19	12	11	16	12	20	20	16	15	19	16	15	16	20	17	20	15	19	12	16	11	16	15	11	20	16	15	16	17	19	17	12	14	20	17	10	20	13	14	18	16	12	15	16	10	
1	1	1	1	1	1	1	1	1	1	1	1	1	2	2	2	2	2	2	2	2	2	2	2	3	3	3	3	3	3	3	3	3	3	3	3	3	3	3	3	3	3	4	4	4	4	4	4	4	4	4	4	4	4	4	4	4	4	4	4	4	4	4	4	4	5	5	5	5	5	5	5	5	5	5	5	5	5	5	5	5	5	6	6	6	6	6	6	6	6	6	6	6	6	6	7	7	7	7	7	7	7	7	7	7	7	7	7	7	7	7	7	7	8	8	8	8	8	8	8	8	8	8	8	8	8	8	8	8	9	9	9	9	9	9	9	9	9	9	9	9	9	9	9	9	10	10	10	10	10	10	10	10	10	10	10	10	10	10	11	11	11	11	11	11	11	11	11	11	11	11	12	12	12	12	12	12	12	12	12	12	12	12	12	12	12	12	12	12	12	12	13	13	13	13	13	13	13	13	13	13	13	13	13	13	13	13	13	13	13	13	13	13	14	14	14	14	14	14	14	14	14	14	14	14	14	14	14	14	14	14	14	14	14	15	15	15	15	15	15	15	15	15	15	15	15	15	15	15	15	15	15	16	16	16	16	16	16	16	16	16	16	16	16	16	16	16	16	16	16	16	17	17	17	17	17	17	17	17	17	17	17	17	17	17	17	17	17	17	17	17	17	18	18	18	18	18	18	18	18	18	18	18	18	18	18	18	18	19	19	19	19	19	19	19	19	19	19	19	19	19	19	19	20	20	20	20	20	20	20	20	20	20	20	21	21	21	21	21	21	21	21	21	21	21	21	21	21	21	21	21	21	22	22	22	22	22	22	22	22	22	22	22	22	22	22	22	22	22	22	22	22	22	22	23	23	23	23	23	23	23	23	23	23	23	23	23	23	23	24	24	24	24	24	24	24	24	24	24	24	24	24	24	24	24	25	25	25	25	25	25	25	25	25	25	25	25	25	25	25	25	25	25	25	25	25	25	26	26	26	26	26	26	26	26	26	26	26	26	26	26	26	26	26	26	27	27	27	27	27	27	27	27	27	27	27	27	27	27	27	27	27	27	27	27	27	27	27	28	28	28	28	29	29	29	29	29	29	29	29	29	29	29	29	29	29	29	30	30	30	30	30	30	30	30	30	30	30	30	30	
