100
10	2
153	23.1
27	28	27	31	26	26	31	28	29	27	29	26	27	26	29	31	27	28	26	31	26	29	28	26	31	29	28	26	29	26	30	28	29	29	31	26	27	30	30	27	28	30	26	26	29	30	27	29	29	28	31	26	26	29	29	30	31	29	31	30	31	26	27	26	27	29	28	28	31	30	28	31	26	28	27	30	30	26	31	30	31	29	26	26	28	31	28	26	27	28	26	31	31	30	28	31	26	30	27	27	
78	85	93	91	92	82	78	86	94	80	86	80	81	92	85	88	94	83	84	81	77	84	84	84	87	94	85	81	93	80	87	94	92	89	84	77	78	93	92	82	86	76	87	79	78	87	93	83	91	86	79	92	87	80	81	83	77	87	83	76	86	83	85	82	93	81	78	84	84	77	87	89	89	85	88	85	85	89	77	84	94	83	90	85	82	92	90	92	85	83	89	77	78	79	85	83	80	78	87	79	
28.6	22	24.2	25.3	31.9	12.1	16.5	24.2	26.4	15.4	25.3	31.9	25.3	20.9	29.7	22	19.8	22	31.9	11	16.5	23.1	26.4	31.9	27.5	27.5	27.5	11	31.9	23.1	29.7	18.7	31.9	31.9	26.4	20.9	17.6	24.2	29.7	17.6	20.9	28.6	25.3	26.4	15.4	11	18.7	29.7	12.1	11	14.3	31.9	22	24.2	22	23.1	24.2	24.2	24.2	14.3	20.9	16.5	18.7	31.9	18.7	13.2	26.4	23.1	27.5	16.5	14.3	13.2	29.7	33	25.3	33	12.1	16.5	22	33	23.1	15.4	24.2	15.4	29.7	22	29.7	28.6	27.5	14.3	11	31.9	31.9	13.2	23.1	14.3	31.9	29.7	26.4	24.2	
15.4	17.6	24.2	26.4	13.2	26.4	20.9	28.6	24.2	26.4	20.9	14.3	33	11	24.2	14.3	25.3	11	28.6	33	27.5	15.4	22	27.5	30.8	29.7	15.4	16.5	14.3	24.2	17.6	28.6	24.2	16.5	27.5	13.2	22	23.1	25.3	23.1	14.3	25.3	12.1	29.7	26.4	29.7	29.7	22	17.6	30.8	11	17.6	22	16.5	18.7	26.4	12.1	12.1	33	31.9	13.2	14.3	29.7	24.2	25.3	12.1	14.3	23.1	11	29.7	15.4	26.4	23.1	18.7	31.9	33	16.5	27.5	17.6	16.5	27.5	25.3	23.1	18.7	31.9	11	14.3	16.5	22	18.7	20.9	18.7	31.9	13.2	16.5	14.3	12.1	24.2	18.7	26.4	
20.9	33	24.2	31.9	25.3	26.4	17.6	28.6	14.3	30.8	
15	10	11	16	17	14	19	11	12	10	13	19	12	13	18	16	12	10	13	19	12	17	13	17	14	10	15	16	19	11	17	11	13	13	11	19	20	10	16	18	19	13	17	10	11	15	16	11	11	15	18	14	15	19	11	14	15	13	18	10	11	10	19	17	10	16	12	18	12	11	13	17	18	20	17	18	13	15	18	14	15	10	12	14	18	13	18	12	13	19	17	15	10	20	14	14	18	10	16	15	
1	1	1	1	1	1	1	1	1	1	1	2	2	2	2	2	2	2	2	2	2	2	3	3	3	3	3	3	3	4	4	4	4	4	4	4	4	4	4	4	4	4	4	4	5	5	5	5	5	5	5	5	5	5	6	6	6	6	6	6	7	7	7	7	7	7	7	7	7	7	7	8	8	8	8	8	8	8	8	9	9	9	9	9	9	9	9	9	10	10	10	10	10	10	10	10	10	10	10	10	
