400
30	6
207	19.8
26	31	30	31	31	30	28	31	28	27	27	30	28	26	27	30	26	28	28	29	26	31	28	29	31	29	26	27	30	26	30	27	28	30	31	26	28	31	30	29	29	31	31	28	29	27	28	27	27	29	26	26	29	27	30	29	29	29	26	31	27	28	29	28	28	27	26	28	31	27	30	28	29	27	31	28	31	27	26	31	26	29	29	31	29	30	31	29	27	30	26	29	30	27	28	27	29	28	30	31	27	29	28	28	29	26	31	28	30	30	28	30	28	29	29	31	27	31	30	29	29	31	29	30	31	26	29	26	29	29	29	27	30	29	30	31	28	30	30	27	28	31	29	28	26	29	31	26	26	31	29	30	26	31	28	27	26	29	26	29	29	26	27	27	28	27	28	31	26	28	27	28	31	30	26	30	28	30	26	29	27	28	26	26	31	27	27	27	26	27	30	27	28	28	31	30	26	27	29	30	31	28	29	27	28	28	27	30	26	28	28	31	29	30	27	31	28	29	26	26	28	27	30	26	31	27	28	29	31	27	26	28	27	27	30	31	30	26	27	27	29	27	26	27	27	30	30	30	30	27	30	28	29	28	26	27	29	26	27	26	29	30	29	30	31	30	29	28	27	28	30	29	27	29	28	30	28	31	30	29	30	27	26	27	29	28	30	30	31	30	26	28	28	30	28	26	31	31	29	29	30	26	31	29	26	26	28	30	27	26	28	30	30	29	27	31	30	31	26	31	26	29	27	30	30	30	29	29	26	30	30	31	28	28	29	26	26	28	31	29	26	30	30	30	30	31	31	31	31	29	27	28	28	28	28	30	27	29	26	31	30	27	31	28	28	27	26	26	27	30	26	28	31	30	29	31	28	30	28	28	29	30	27	28	28	30	31	26	30	28	28	30	28	29	27	31	28	31	29	30	
93	85	89	92	94	80	87	85	88	89	94	84	77	92	85	76	90	91	88	77	82	78	85	92	77	86	80	79	92	88	83	79	82	76	89	90	82	89	93	82	86	77	93	82	88	88	90	84	87	82	89	88	84	92	89	92	83	88	83	91	94	78	87	94	93	89	77	88	88	77	89	80	90	88	86	80	90	92	82	89	86	90	77	80	87	87	93	87	92	81	89	94	87	79	91	90	92	82	94	78	92	78	93	84	92	90	87	89	77	78	93	94	89	81	76	92	93	90	94	83	87	92	92	93	88	85	84	90	77	91	91	77	91	84	91	84	77	91	94	90	89	78	86	79	83	85	79	79	86	93	82	88	84	85	85	81	80	81	93	84	88	79	86	86	90	78	92	91	94	77	84	88	89	82	83	76	90	83	92	80	86	87	83	80	76	88	76	85	89	89	84	87	91	76	78	79	77	86	78	87	81	86	90	85	80	94	87	94	93	93	78	93	79	86	82	87	81	82	84	93	90	87	94	79	84	88	87	81	83	91	92	84	82	86	94	90	77	91	91	90	89	79	77	87	82	81	92	76	78	79	93	79	87	76	87	91	76	91	81	79	89	80	84	78	87	76	90	85	83	80	85	77	86	79	83	82	84	93	87	82	80	92	78	78	77	93	76	83	86	77	76	90	83	91	92	93	86	89	83	88	85	78	94	77	82	78	90	94	92	78	92	91	93	78	80	82	83	85	87	92	94	83	88	81	77	78	78	80	94	82	87	94	92	90	88	85	87	92	80	88	88	76	89	92	82	90	78	86	83	94	87	93	81	93	94	77	83	78	84	76	88	85	78	77	83	82	93	84	79	88	76	77	81	87	92	82	82	90	94	77	93	86	81	94	94	91	92	77	84	76	89	77	77	85	82	83	87	82	94	82	
13.2	23.1	31.9	30.8	14.3	23.1	22	27.5	24.2	19.8	22	31.9	17.6	22	11	18.7	26.4	30.8	19.8	12.1	18.7	28.6	31.9	15.4	27.5	29.7	14.3	13.2	17.6	28.6	13.2	25.3	33	18.7	13.2	31.9	13.2	12.1	20.9	15.4	31.9	30.8	16.5	25.3	24.2	29.7	26.4	20.9	20.9	18.7	11	26.4	24.2	20.9	27.5	20.9	15.4	18.7	12.1	18.7	31.9	30.8	20.9	29.7	28.6	29.7	22	17.6	23.1	12.1	20.9	31.9	23.1	14.3	33	27.5	19.8	14.3	26.4	29.7	20.9	12.1	24.2	16.5	11	27.5	28.6	18.7	23.1	27.5	12.1	30.8	15.4	30.8	12.1	24.2	23.1	14.3	22	16.5	12.1	31.9	13.2	11	26.4	14.3	20.9	22	30.8	23.1	16.5	11	27.5	23.1	16.5	13.2	11	30.8	19.8	29.7	16.5	19.8	20.9	22	11	16.5	24.2	18.7	28.6	13.2	11	25.3	12.1	22	15.4	17.6	28.6	30.8	20.9	24.2	22	30.8	18.7	31.9	12.1	13.2	31.9	20.9	16.5	23.1	25.3	31.9	33	17.6	25.3	19.8	13.2	18.7	24.2	23.1	12.1	24.2	20.9	12.1	13.2	15.4	27.5	12.1	15.4	30.8	26.4	25.3	19.8	13.2	20.9	27.5	27.5	20.9	16.5	26.4	29.7	22	17.6	22	13.2	27.5	15.4	17.6	25.3	25.3	12.1	24.2	14.3	20.9	14.3	11	11	22	28.6	24.2	25.3	20.9	27.5	19.8	18.7	20.9	29.7	27.5	19.8	23.1	17.6	12.1	29.7	23.1	33	23.1	23.1	26.4	27.5	33	26.4	18.7	27.5	24.2	29.7	30.8	22	15.4	20.9	25.3	11	28.6	18.7	23.1	26.4	33	28.6	13.2	19.8	14.3	25.3	22	25.3	29.7	15.4	12.1	14.3	30.8	30.8	15.4	24.2	13.2	29.7	15.4	13.2	16.5	18.7	31.9	15.4	12.1	16.5	29.7	24.2	18.7	29.7	26.4	12.1	16.5	19.8	23.1	12.1	23.1	22	31.9	24.2	30.8	28.6	29.7	14.3	13.2	22	13.2	23.1	24.2	14.3	33	24.2	25.3	26.4	27.5	20.9	20.9	14.3	17.6	13.2	16.5	24.2	25.3	27.5	13.2	24.2	31.9	12.1	12.1	15.4	13.2	30.8	30.8	22	25.3	19.8	20.9	28.6	19.8	20.9	23.1	25.3	16.5	18.7	30.8	17.6	29.7	15.4	24.2	16.5	17.6	20.9	27.5	28.6	31.9	17.6	19.8	18.7	19.8	26.4	13.2	30.8	17.6	17.6	15.4	29.7	27.5	23.1	16.5	22	30.8	11	13.2	14.3	18.7	12.1	24.2	24.2	25.3	17.6	30.8	26.4	30.8	30.8	28.6	17.6	12.1	28.6	17.6	15.4	17.6	11	28.6	26.4	22	29.7	12.1	17.6	11	11	19.8	17.6	26.4	22	16.5	33	33	29.7	16.5	24.2	22	22	22	30.8	16.5	24.2	33	15.4	22	27.5	28.6	28.6	16.5	25.3	14.3	
17.6	20.9	26.4	14.3	11	18.7	22	24.2	30.8	29.7	27.5	23.1	15.4	22	20.9	13.2	22	18.7	18.7	27.5	25.3	14.3	20.9	11	30.8	27.5	15.4	22	30.8	27.5	30.8	33	24.2	18.7	20.9	23.1	23.1	20.9	27.5	25.3	18.7	30.8	25.3	19.8	33	12.1	14.3	23.1	30.8	25.3	23.1	25.3	23.1	17.6	29.7	25.3	26.4	27.5	26.4	16.5	11	13.2	14.3	16.5	17.6	15.4	27.5	30.8	26.4	31.9	26.4	23.1	19.8	33	16.5	12.1	23.1	12.1	31.9	29.7	30.8	25.3	17.6	25.3	28.6	18.7	13.2	24.2	13.2	31.9	17.6	11	33	18.7	22	30.8	23.1	13.2	33	13.2	30.8	11	22	31.9	22	12.1	28.6	22	17.6	29.7	27.5	12.1	26.4	13.2	26.4	25.3	25.3	12.1	33	24.2	11	15.4	12.1	18.7	18.7	11	29.7	12.1	12.1	12.1	18.7	11	15.4	25.3	31.9	12.1	11	17.6	13.2	23.1	31.9	33	12.1	31.9	22	25.3	19.8	27.5	18.7	15.4	31.9	19.8	28.6	23.1	26.4	18.7	30.8	18.7	26.4	19.8	26.4	26.4	18.7	30.8	13.2	31.9	27.5	23.1	16.5	31.9	11	16.5	33	23.1	24.2	20.9	33	26.4	18.7	23.1	33	13.2	11	12.1	15.4	16.5	29.7	28.6	18.7	19.8	20.9	18.7	30.8	33	27.5	25.3	23.1	11	18.7	25.3	12.1	27.5	33	20.9	11	15.4	20.9	13.2	13.2	15.4	12.1	30.8	15.4	17.6	18.7	16.5	12.1	30.8	15.4	33	28.6	28.6	31.9	29.7	23.1	27.5	27.5	31.9	31.9	12.1	17.6	26.4	16.5	22	31.9	29.7	26.4	31.9	33	17.6	13.2	13.2	20.9	12.1	28.6	30.8	18.7	16.5	30.8	18.7	31.9	14.3	22	23.1	26.4	18.7	14.3	11	25.3	16.5	33	22	25.3	14.3	16.5	23.1	12.1	26.4	14.3	30.8	13.2	24.2	17.6	27.5	33	24.2	29.7	19.8	30.8	33	15.4	22	22	29.7	28.6	14.3	25.3	19.8	11	28.6	24.2	12.1	16.5	16.5	26.4	19.8	13.2	11	29.7	19.8	20.9	31.9	22	23.1	12.1	12.1	19.8	16.5	31.9	18.7	25.3	33	12.1	11	15.4	12.1	26.4	16.5	17.6	11	18.7	29.7	17.6	14.3	12.1	15.4	16.5	11	19.8	33	12.1	31.9	19.8	26.4	17.6	25.3	17.6	18.7	11	29.7	28.6	27.5	33	23.1	27.5	12.1	26.4	11	11	15.4	26.4	16.5	31.9	24.2	30.8	14.3	22	26.4	25.3	14.3	19.8	18.7	18.7	24.2	25.3	29.7	23.1	30.8	19.8	18.7	19.8	29.7	30.8	13.2	11	16.5	12.1	12.1	20.9	24.2	18.7	29.7	27.5	31.9	18.7	16.5	22	19.8	14.3	23.1	26.4	14.3	23.1	31.9	22	17.6	17.6	11	27.5	20.9	
23.1	24.2	29.7	23.1	17.6	26.4	18.7	23.1	25.3	14.3	20.9	24.2	14.3	15.4	23.1	16.5	25.3	19.8	14.3	19.8	18.7	22	15.4	31.9	24.2	22	15.4	14.3	12.1	26.4	
14	13	11	10	12	15	20	10	17	20	19	16	12	17	17	11	10	12	19	14	17	14	10	18	17	19	20	12	20	16	19	13	12	14	10	14	16	17	17	18	11	20	10	15	13	20	20	17	17	13	20	19	15	14	16	18	13	10	18	17	18	15	13	15	11	18	18	16	14	16	18	13	13	15	15	11	18	10	16	20	13	19	13	11	17	14	12	17	14	19	14	12	19	12	19	12	14	12	12	18	10	15	11	11	16	16	12	11	20	13	19	16	13	16	11	10	16	17	14	13	20	18	10	19	17	16	20	15	18	10	14	20	18	16	20	14	17	20	17	18	15	12	19	12	11	11	14	16	12	19	17	11	11	15	12	20	10	10	18	11	11	12	20	19	18	14	20	16	12	18	11	19	14	19	12	14	16	19	20	12	12	11	17	16	12	12	14	11	10	12	11	19	18	11	17	19	11	18	15	18	10	11	14	18	18	12	13	18	18	12	15	11	18	10	20	11	18	17	14	15	19	13	19	13	14	20	15	13	10	13	16	15	17	10	10	10	11	13	16	18	19	20	18	16	14	10	18	17	15	14	18	16	14	14	16	19	14	20	15	15	17	11	17	15	14	11	16	20	11	11	19	13	10	15	14	17	20	14	17	13	16	16	10	12	10	11	12	20	13	17	10	17	20	15	12	14	12	18	16	20	12	10	20	17	16	18	18	16	15	15	18	12	11	14	11	11	14	17	17	13	11	10	11	17	11	14	16	20	19	17	18	19	17	14	17	10	18	20	11	12	18	20	12	17	11	10	17	15	13	18	10	15	17	11	10	12	13	13	14	18	10	12	15	14	18	16	14	17	20	13	10	16	12	14	10	14	14	19	12	16	17	15	12	18	18	13	13	15	20	17	13	11	12	18	18	15	12	18	13	15	
1	1	1	1	1	1	1	1	1	1	1	1	1	1	1	1	1	1	2	2	2	2	2	2	2	2	2	2	2	2	2	2	3	3	3	3	3	3	3	3	3	3	4	4	4	4	4	4	4	4	4	5	5	5	5	5	5	5	5	5	5	5	5	5	5	5	5	5	5	6	6	6	6	6	6	6	6	6	6	6	6	6	6	7	7	7	7	7	7	7	7	7	7	8	8	8	8	8	8	8	8	8	8	8	8	9	9	9	9	9	9	9	9	9	9	9	9	9	9	9	9	9	9	10	10	10	10	10	10	10	10	10	10	10	10	10	11	11	11	11	11	11	11	11	11	11	11	11	11	11	11	11	12	12	12	12	12	12	12	12	12	12	12	12	13	13	13	13	13	13	13	13	13	13	13	13	13	13	14	14	14	14	14	14	14	15	15	15	15	15	15	15	15	15	15	15	15	16	16	16	16	16	16	16	16	16	16	16	16	16	16	17	17	17	17	17	17	17	17	17	17	17	17	17	17	18	18	18	18	18	18	18	18	18	18	18	18	19	19	19	19	19	19	19	19	19	19	19	19	20	20	20	20	20	20	20	20	20	20	20	20	20	20	20	20	20	21	21	21	21	21	21	21	21	21	21	21	21	21	21	21	21	22	22	22	22	22	22	22	22	22	22	22	22	22	22	22	22	22	23	23	23	23	23	23	23	23	23	23	23	24	24	24	24	24	24	24	24	24	24	24	24	24	24	25	25	25	25	25	25	25	25	25	25	25	25	25	25	25	26	26	26	26	26	26	26	26	26	26	26	26	27	27	27	27	27	27	27	27	27	27	27	27	27	27	27	27	27	28	28	28	28	28	28	28	28	29	29	29	29	29	29	29	29	29	29	29	29	29	30	30	30	30	30	30	30	30	30	30	30	
