500
10	2
793	11
28	31	28	29	29	31	27	27	26	30	26	27	30	26	31	30	30	31	29	28	27	26	30	27	31	27	31	26	27	30	27	31	29	27	29	26	26	27	31	26	31	29	26	26	27	30	27	28	29	30	31	26	29	28	30	31	31	29	27	27	27	26	29	26	29	29	31	27	28	31	26	29	26	30	30	29	30	29	28	31	26	28	30	29	30	31	30	30	29	29	29	26	26	30	28	30	28	27	31	29	29	26	27	26	29	27	27	26	27	28	26	28	31	31	26	31	28	28	26	27	30	29	30	26	28	31	31	28	28	26	27	26	26	31	27	29	29	28	31	28	27	26	31	27	31	31	26	30	29	27	31	28	26	26	30	27	28	29	30	31	27	30	27	28	30	27	28	29	27	30	31	28	26	26	27	30	27	26	26	30	30	31	29	26	29	26	26	30	27	26	30	28	30	26	29	29	28	31	31	26	26	28	29	28	26	27	27	28	26	27	29	31	28	31	26	30	31	31	26	28	27	29	30	27	29	29	29	30	27	31	31	26	29	28	27	29	26	29	31	29	29	27	28	28	26	29	28	28	30	31	31	31	26	29	27	27	27	28	30	26	26	30	30	30	26	31	26	31	27	28	26	30	31	27	28	31	31	30	31	26	26	28	30	30	29	26	29	29	31	30	26	27	28	26	27	31	31	29	30	26	31	29	27	27	27	31	29	27	31	31	26	31	31	26	28	30	27	29	28	29	30	26	29	31	28	31	31	30	31	27	31	30	27	30	29	28	31	29	29	27	27	28	26	30	28	28	27	31	30	31	29	26	26	26	26	26	26	26	30	26	28	28	29	27	28	27	26	30	28	28	30	27	26	30	28	29	29	27	29	27	26	28	26	27	30	26	31	31	31	27	26	27	26	31	28	29	31	26	30	27	27	26	30	27	26	26	28	30	30	29	31	29	27	26	27	30	29	30	27	27	27	27	26	28	28	31	30	26	31	30	30	27	30	27	30	30	31	27	29	31	27	29	28	30	26	29	26	28	29	26	31	27	28	26	30	31	27	27	30	29	28	29	28	26	26	31	27	31	31	27	31	29	27	30	26	26	30	27	28	29	29	28	28	29	30	26	27	31	26	26	30	29	30	27	30	26	31	29	26	29	
80	92	80	94	93	90	78	78	81	89	88	90	81	89	92	94	88	84	89	82	88	87	83	80	86	88	84	90	94	76	93	81	78	84	90	90	94	91	86	85	78	90	93	87	76	79	77	91	89	78	85	76	78	90	89	76	76	83	80	78	84	85	93	81	91	79	76	80	87	92	86	90	88	80	82	89	83	84	92	77	92	79	76	94	81	85	85	89	86	76	84	91	89	93	84	79	83	76	86	81	84	80	94	82	87	86	78	85	78	81	85	84	77	77	83	86	85	84	85	86	85	87	80	92	80	83	78	90	85	91	91	77	78	86	94	79	85	87	82	84	90	76	76	88	81	78	89	79	78	76	87	92	92	83	85	91	78	83	76	78	87	81	88	81	88	94	88	76	77	83	85	88	90	85	85	89	82	80	85	87	92	92	91	90	89	79	77	93	91	81	91	89	85	80	84	79	92	78	90	76	81	88	92	78	92	77	93	85	88	87	78	90	94	82	90	86	94	88	86	86	93	92	86	92	80	94	80	90	83	84	83	79	85	85	77	83	76	81	81	90	85	92	81	87	92	84	85	76	86	79	87	78	77	89	81	78	82	89	91	79	89	90	77	79	87	82	85	77	90	82	77	76	93	92	76	84	93	85	88	94	93	77	80	81	89	77	93	78	80	81	82	85	78	86	88	89	84	88	78	87	76	80	84	84	77	89	87	80	94	90	94	92	93	94	83	86	87	86	91	78	81	93	86	80	89	84	85	85	88	83	83	83	83	82	83	92	91	86	90	94	76	81	83	89	89	94	76	94	83	88	83	83	82	88	77	93	76	80	81	76	78	81	83	82	92	79	78	85	84	79	79	82	93	85	94	94	76	78	85	93	90	78	84	83	83	80	93	94	80	92	76	78	82	87	94	87	87	89	92	89	84	91	89	83	89	84	94	82	78	92	91	85	90	88	78	78	85	81	88	91	88	85	88	80	77	94	78	79	80	81	83	85	88	89	93	83	90	89	90	80	87	94	90	81	86	87	82	76	86	88	85	78	91	83	86	90	94	94	87	80	87	85	84	88	85	91	90	83	86	80	80	86	78	94	81	83	77	76	92	79	94	79	83	92	83	88	94	87	77	86	91	90	87	80	80	93	76	88	88	94	
22	13.2	25.3	28.6	16.5	14.3	28.6	20.9	23.1	11	24.2	14.3	11	22	29.7	33	19.8	20.9	28.6	19.8	19.8	23.1	16.5	29.7	20.9	22	29.7	26.4	13.2	11	17.6	12.1	26.4	13.2	16.5	26.4	15.4	28.6	30.8	19.8	30.8	25.3	26.4	24.2	20.9	18.7	31.9	30.8	33	14.3	14.3	23.1	19.8	28.6	19.8	13.2	14.3	25.3	24.2	13.2	20.9	33	31.9	17.6	11	19.8	13.2	24.2	20.9	27.5	23.1	16.5	15.4	33	15.4	28.6	27.5	12.1	15.4	22	26.4	15.4	31.9	33	11	14.3	27.5	22	23.1	28.6	14.3	27.5	22	20.9	33	12.1	29.7	30.8	30.8	19.8	26.4	26.4	24.2	23.1	28.6	33	18.7	14.3	25.3	20.9	28.6	18.7	33	33	31.9	27.5	18.7	14.3	12.1	25.3	11	14.3	19.8	29.7	24.2	25.3	24.2	31.9	22	19.8	20.9	28.6	31.9	16.5	11	28.6	19.8	25.3	28.6	22	25.3	31.9	16.5	30.8	28.6	17.6	30.8	20.9	19.8	26.4	30.8	18.7	20.9	18.7	18.7	12.1	20.9	23.1	11	20.9	27.5	29.7	16.5	11	27.5	33	13.2	24.2	22	12.1	12.1	15.4	31.9	26.4	12.1	11	18.7	20.9	18.7	28.6	12.1	13.2	26.4	24.2	24.2	33	20.9	14.3	20.9	16.5	19.8	14.3	11	26.4	13.2	27.5	22	31.9	31.9	22	12.1	33	33	23.1	30.8	26.4	30.8	11	33	24.2	31.9	14.3	26.4	20.9	14.3	26.4	15.4	31.9	11	30.8	33	20.9	13.2	28.6	24.2	20.9	22	27.5	15.4	11	20.9	15.4	15.4	20.9	22	27.5	26.4	17.6	29.7	14.3	23.1	33	23.1	18.7	26.4	19.8	26.4	25.3	18.7	19.8	22	29.7	30.8	28.6	19.8	15.4	13.2	13.2	31.9	18.7	11	30.8	27.5	18.7	27.5	24.2	17.6	18.7	19.8	16.5	22	33	12.1	13.2	16.5	25.3	33	30.8	30.8	31.9	27.5	23.1	15.4	25.3	19.8	20.9	31.9	12.1	15.4	19.8	16.5	18.7	23.1	16.5	19.8	22	17.6	23.1	11	29.7	29.7	22	27.5	30.8	24.2	25.3	12.1	31.9	26.4	24.2	16.5	25.3	22	16.5	31.9	30.8	33	13.2	22	33	13.2	29.7	18.7	31.9	19.8	24.2	20.9	23.1	30.8	33	33	29.7	28.6	24.2	25.3	11	17.6	16.5	14.3	18.7	23.1	15.4	33	19.8	19.8	29.7	27.5	33	24.2	24.2	25.3	19.8	13.2	29.7	15.4	11	25.3	18.7	29.7	25.3	30.8	18.7	13.2	20.9	20.9	24.2	20.9	24.2	25.3	13.2	28.6	25.3	19.8	19.8	12.1	25.3	30.8	18.7	11	18.7	31.9	31.9	25.3	33	31.9	20.9	23.1	17.6	24.2	15.4	14.3	15.4	16.5	26.4	12.1	11	28.6	29.7	31.9	11	27.5	27.5	18.7	24.2	11	24.2	20.9	17.6	33	19.8	15.4	16.5	33	33	12.1	13.2	33	18.7	33	12.1	31.9	26.4	29.7	29.7	23.1	18.7	12.1	12.1	23.1	26.4	12.1	13.2	29.7	30.8	23.1	26.4	15.4	14.3	24.2	14.3	11	26.4	18.7	28.6	12.1	27.5	26.4	31.9	18.7	17.6	27.5	30.8	28.6	26.4	23.1	25.3	13.2	22	24.2	22	19.8	22	20.9	29.7	33	17.6	24.2	11	26.4	25.3	12.1	24.2	31.9	28.6	20.9	27.5	13.2	16.5	33	27.5	11	27.5	31.9	33	20.9	24.2	23.1	30.8	31.9	30.8	22	15.4	22	20.9	12.1	19.8	14.3	13.2	24.2	24.2	
29.7	30.8	23.1	22	25.3	12.1	13.2	27.5	16.5	23.1	27.5	20.9	30.8	11	24.2	29.7	30.8	18.7	28.6	13.2	16.5	33	26.4	16.5	29.7	27.5	20.9	33	22	26.4	13.2	20.9	24.2	26.4	18.7	28.6	13.2	18.7	27.5	23.1	33	20.9	25.3	11	16.5	22	30.8	27.5	26.4	19.8	27.5	27.5	22	13.2	15.4	19.8	16.5	17.6	33	15.4	30.8	33	12.1	18.7	13.2	20.9	13.2	30.8	22	29.7	27.5	31.9	24.2	19.8	12.1	20.9	19.8	20.9	18.7	22	30.8	23.1	29.7	22	30.8	28.6	28.6	24.2	30.8	17.6	27.5	11	12.1	26.4	15.4	11	13.2	14.3	26.4	15.4	12.1	22	22	31.9	27.5	22	19.8	13.2	11	33	14.3	11	22	31.9	30.8	33	12.1	19.8	15.4	20.9	18.7	12.1	26.4	22	11	22	22	18.7	25.3	31.9	18.7	19.8	20.9	23.1	12.1	11	26.4	12.1	11	29.7	25.3	12.1	23.1	23.1	18.7	30.8	22	13.2	18.7	30.8	28.6	17.6	16.5	15.4	25.3	28.6	29.7	11	16.5	23.1	23.1	26.4	33	20.9	17.6	23.1	30.8	19.8	15.4	13.2	12.1	20.9	33	16.5	26.4	26.4	26.4	16.5	16.5	31.9	25.3	15.4	18.7	18.7	18.7	25.3	13.2	31.9	33	27.5	14.3	17.6	27.5	13.2	31.9	18.7	11	20.9	15.4	26.4	17.6	24.2	13.2	31.9	27.5	30.8	20.9	22	24.2	17.6	13.2	27.5	27.5	33	13.2	20.9	28.6	18.7	22	12.1	16.5	31.9	22	26.4	24.2	30.8	31.9	19.8	29.7	24.2	15.4	30.8	18.7	23.1	11	27.5	28.6	14.3	15.4	16.5	22	18.7	24.2	25.3	16.5	20.9	12.1	29.7	33	20.9	14.3	16.5	13.2	19.8	29.7	13.2	18.7	14.3	15.4	29.7	33	28.6	22	22	20.9	13.2	25.3	27.5	20.9	30.8	27.5	31.9	13.2	23.1	16.5	19.8	20.9	11	20.9	27.5	16.5	16.5	15.4	19.8	14.3	18.7	26.4	28.6	19.8	22	22	27.5	29.7	29.7	13.2	33	11	27.5	28.6	25.3	33	33	16.5	33	15.4	13.2	14.3	29.7	27.5	26.4	24.2	27.5	11	15.4	24.2	17.6	20.9	13.2	26.4	24.2	14.3	19.8	14.3	22	18.7	14.3	12.1	26.4	27.5	19.8	29.7	12.1	33	20.9	12.1	33	15.4	24.2	20.9	16.5	14.3	25.3	11	13.2	24.2	20.9	28.6	26.4	27.5	15.4	16.5	13.2	23.1	20.9	16.5	22	17.6	29.7	27.5	11	11	15.4	33	29.7	11	15.4	14.3	17.6	19.8	33	24.2	25.3	25.3	13.2	13.2	15.4	24.2	27.5	19.8	22	25.3	25.3	13.2	18.7	11	11	18.7	29.7	20.9	24.2	16.5	19.8	20.9	33	22	17.6	18.7	22	14.3	30.8	23.1	23.1	17.6	26.4	27.5	33	15.4	14.3	30.8	30.8	13.2	31.9	13.2	25.3	28.6	29.7	33	11	25.3	26.4	20.9	15.4	20.9	30.8	26.4	12.1	33	26.4	15.4	16.5	31.9	22	15.4	22	33	28.6	26.4	20.9	27.5	27.5	16.5	11	12.1	30.8	26.4	13.2	13.2	30.8	19.8	30.8	20.9	11	25.3	31.9	31.9	15.4	30.8	17.6	14.3	16.5	18.7	16.5	11	30.8	18.7	19.8	20.9	24.2	20.9	33	26.4	13.2	15.4	16.5	28.6	18.7	19.8	16.5	11	26.4	33	23.1	25.3	25.3	20.9	22	12.1	11	23.1	24.2	26.4	26.4	16.5	28.6	22	19.8	29.7	33	14.3	19.8	
23.1	25.3	14.3	23.1	28.6	24.2	31.9	27.5	22	28.6	
19	12	16	17	19	15	18	11	20	13	20	14	16	18	14	16	20	12	10	11	17	11	17	17	11	17	20	15	12	20	14	14	19	11	17	14	13	10	10	10	12	17	13	12	20	10	15	19	19	11	10	11	19	18	16	19	12	20	19	10	20	18	15	14	18	13	17	14	12	18	15	15	16	17	20	18	19	20	10	14	11	15	16	20	11	14	19	17	19	13	11	12	19	13	15	13	14	17	10	17	13	16	14	16	14	15	16	12	19	10	14	19	13	15	15	11	12	18	16	19	20	12	13	16	11	10	11	12	15	10	19	12	14	17	16	18	17	11	15	17	11	15	13	10	11	10	10	17	17	14	12	20	16	18	19	17	18	19	11	10	16	19	17	12	13	12	19	14	18	18	15	19	19	17	19	18	19	17	18	15	16	14	17	14	14	13	20	13	13	11	17	15	14	13	19	19	13	14	14	15	12	19	17	12	12	11	11	16	14	14	19	20	14	17	14	17	19	11	15	13	13	11	11	15	12	15	17	11	13	10	15	19	10	10	17	10	16	10	17	14	15	16	11	12	12	19	17	11	11	14	18	16	15	16	15	19	15	13	20	14	16	17	13	11	17	14	18	14	10	12	16	11	11	17	13	10	19	18	18	16	13	20	16	17	10	14	15	16	10	15	10	19	17	20	16	20	14	18	17	20	17	18	15	17	13	20	18	18	15	18	13	12	13	17	10	10	11	14	14	13	13	16	18	14	13	18	15	17	12	15	14	14	13	17	20	18	16	13	15	15	17	14	12	19	17	17	13	20	13	20	19	15	17	18	14	12	10	20	18	15	14	13	16	20	15	14	16	16	17	10	16	10	15	16	14	18	11	18	16	14	15	11	12	17	12	15	20	20	10	14	12	10	12	13	15	16	20	11	17	14	13	11	10	11	18	18	15	16	13	17	11	20	15	19	11	15	13	17	15	19	17	16	12	12	12	12	19	17	11	17	17	16	20	18	20	14	10	17	15	18	13	14	20	17	18	20	12	14	15	14	16	17	16	12	13	11	15	10	15	20	17	14	17	14	16	16	16	16	15	19	15	17	20	10	14	19	12	18	12	11	19	12	20	18	19	10	11	15	13	14	15	20	13	14	15	12	11	10	16	12	
1	1	1	1	1	1	1	1	1	1	1	1	1	1	1	1	1	1	1	1	1	1	1	1	1	1	1	1	1	1	1	1	1	1	1	1	1	1	1	1	1	1	1	1	1	1	1	1	1	1	1	1	1	1	1	1	1	1	1	1	2	2	2	2	2	2	2	2	2	2	2	2	2	2	2	2	2	2	2	2	2	2	2	2	2	2	2	2	2	2	2	2	2	2	2	2	2	2	2	2	2	2	2	2	2	2	2	2	3	3	3	3	3	3	3	3	3	3	3	3	3	3	3	3	3	3	3	3	3	3	3	3	3	3	3	3	3	3	3	3	3	3	3	3	3	3	3	3	3	3	3	3	3	4	4	4	4	4	4	4	4	4	4	4	4	4	4	4	4	4	4	4	4	4	4	4	4	4	4	4	4	4	4	4	4	4	4	4	4	4	4	4	4	4	4	4	4	4	4	4	4	4	4	5	5	5	5	5	5	5	5	5	5	5	5	5	5	5	5	5	5	5	5	5	5	5	5	5	5	5	5	5	5	5	5	5	5	5	5	5	5	5	5	5	5	5	5	5	5	5	5	5	5	5	5	5	5	5	5	5	5	5	5	6	6	6	6	6	6	6	6	6	6	6	6	6	6	6	6	6	6	6	6	6	6	6	6	6	6	6	6	6	6	6	6	6	6	6	6	6	6	6	6	6	6	6	6	6	6	6	6	6	6	6	6	6	6	6	6	6	7	7	7	7	7	7	7	7	7	7	7	7	7	7	7	7	7	7	7	7	7	7	7	7	7	7	7	7	7	7	7	7	7	7	7	7	7	7	7	7	8	8	8	8	8	8	8	8	8	8	8	8	8	8	8	8	8	8	8	8	8	8	8	8	8	8	8	8	8	8	8	8	8	8	8	8	8	8	8	8	8	8	8	8	8	8	8	8	8	8	9	9	9	9	9	9	9	9	9	9	9	9	9	9	9	9	9	9	9	9	9	9	9	9	9	9	9	9	9	9	9	9	9	9	9	9	9	9	9	9	9	9	9	9	9	9	9	9	9	9	9	10	10	10	10	10	10	10	10	10	10	10	10	10	10	10	10	10	10	10	10	10	10	10	10	10	10	10	10	10	10	10	10	10	10	10	10	10	10	10	
