100
20	3
74	17.6
30	31	28	27	29	29	29	30	29	28	28	28	26	28	28	30	28	29	30	26	31	27	30	28	27	27	31	27	26	29	27	27	30	28	31	27	28	30	26	31	30	27	30	31	30	27	28	29	27	29	26	30	26	26	31	31	31	27	27	26	27	27	31	29	29	31	29	26	26	30	31	26	26	29	28	31	30	26	28	30	26	31	28	29	28	30	30	28	30	30	27	27	30	29	29	28	26	31	26	28	
92	77	81	89	79	84	88	77	94	87	94	84	80	80	85	91	77	91	80	89	81	92	83	81	90	79	87	89	94	94	89	87	92	88	83	76	84	78	94	86	86	79	81	86	77	85	79	93	91	83	89	91	91	83	80	86	92	76	77	87	78	93	77	93	84	76	78	86	82	87	80	81	94	93	77	86	91	92	92	85	79	82	89	94	78	94	94	92	90	92	92	81	77	87	77	89	82	78	76	83	
17.6	23.1	11	30.8	30.8	18.7	23.1	22	19.8	33	31.9	27.5	29.7	31.9	26.4	33	30.8	22	14.3	28.6	13.2	14.3	13.2	22	17.6	18.7	17.6	19.8	16.5	16.5	20.9	17.6	25.3	18.7	13.2	30.8	27.5	29.7	33	14.3	16.5	19.8	23.1	14.3	25.3	11	28.6	24.2	27.5	17.6	14.3	14.3	30.8	27.5	23.1	27.5	19.8	22	12.1	18.7	29.7	24.2	18.7	27.5	18.7	33	30.8	11	24.2	13.2	17.6	23.1	33	22	15.4	26.4	25.3	14.3	24.2	19.8	22	28.6	31.9	19.8	20.9	24.2	12.1	14.3	16.5	23.1	30.8	15.4	25.3	12.1	27.5	15.4	23.1	15.4	30.8	29.7	
12.1	13.2	13.2	24.2	16.5	12.1	12.1	26.4	19.8	19.8	16.5	28.6	23.1	20.9	33	31.9	33	26.4	33	25.3	18.7	12.1	13.2	28.6	20.9	25.3	22	30.8	19.8	24.2	18.7	23.1	29.7	22	12.1	31.9	11	25.3	13.2	17.6	28.6	25.3	12.1	31.9	11	24.2	29.7	31.9	23.1	30.8	24.2	13.2	17.6	24.2	17.6	20.9	18.7	16.5	14.3	15.4	18.7	28.6	16.5	26.4	33	20.9	25.3	30.8	33	33	20.9	19.8	18.7	24.2	30.8	28.6	31.9	24.2	17.6	22	26.4	17.6	25.3	22	14.3	18.7	11	25.3	13.2	22	18.7	20.9	24.2	15.4	30.8	23.1	12.1	12.1	26.4	28.6	
16.5	33	22	20.9	20.9	31.9	18.7	18.7	23.1	23.1	20.9	17.6	24.2	27.5	33	29.7	23.1	12.1	28.6	31.9	
17	12	14	11	11	18	14	14	20	16	17	10	16	12	14	15	10	11	18	10	16	11	15	17	10	12	12	19	13	12	10	13	10	18	11	11	20	20	18	12	11	13	11	20	14	11	14	16	20	20	10	15	12	18	16	12	10	14	19	13	19	11	20	17	16	20	20	11	10	13	13	11	15	15	12	19	18	11	10	19	14	14	11	17	18	12	20	15	15	13	11	10	12	12	11	13	12	14	16	11	
1	1	1	1	1	1	2	2	2	2	3	3	3	3	3	3	3	4	4	4	4	4	4	4	4	5	5	5	5	5	6	6	6	6	6	6	6	7	8	8	8	8	8	8	9	9	9	9	9	9	10	10	10	10	11	11	11	11	11	12	12	12	12	12	13	13	13	13	13	13	13	14	14	14	15	15	15	15	15	15	16	16	16	16	16	16	16	16	17	18	18	18	19	19	19	19	19	19	20	20	
