400
10	3
651	30.8
28	29	30	26	28	31	27	27	28	26	31	28	28	28	29	31	28	28	29	30	27	31	31	31	26	29	29	26	26	26	26	28	31	28	30	27	27	28	31	30	28	28	29	31	31	27	27	26	29	28	31	29	29	26	27	27	31	30	31	30	26	26	30	28	31	28	31	30	29	26	27	29	30	28	31	30	28	26	26	26	31	26	29	29	30	27	28	29	29	29	29	29	28	28	30	28	27	30	27	26	28	31	26	26	31	29	26	31	31	26	31	29	27	31	30	30	29	27	27	29	30	26	26	31	27	29	26	26	26	30	30	27	30	30	30	28	26	26	30	31	28	28	26	31	31	26	29	29	29	28	27	31	28	29	30	31	26	30	27	27	26	31	30	28	27	28	27	28	30	29	31	26	26	30	27	27	31	30	30	30	30	30	31	30	28	30	27	27	28	28	28	26	30	26	27	30	26	27	28	30	29	30	31	31	31	31	30	29	28	26	30	31	28	26	26	31	30	30	28	31	29	28	28	28	30	30	31	29	29	30	28	27	31	28	30	28	30	29	31	28	27	29	26	26	27	30	29	28	26	29	30	30	30	28	29	28	31	28	28	30	27	30	28	26	30	29	29	28	26	30	28	26	30	31	31	29	26	31	31	30	28	31	27	31	30	31	30	29	27	30	30	26	30	31	26	30	28	31	31	29	27	26	26	31	27	26	30	31	28	27	27	28	31	28	27	26	29	27	26	30	27	26	30	28	30	27	30	27	28	28	28	29	26	30	29	31	28	30	27	29	26	30	26	30	30	29	29	26	31	29	29	26	27	29	30	27	27	27	29	29	27	31	29	30	26	26	26	31	30	28	31	31	30	31	28	28	28	31	28	27	28	27	29	30	28	29	27	30	27	29	27	27	26	30	27	31	26	29	31	31	
77	78	79	93	84	91	88	79	93	78	87	81	92	78	91	90	93	78	94	79	79	78	85	81	91	90	87	78	83	91	83	90	92	80	81	82	88	88	94	82	85	76	79	81	81	92	88	90	84	81	94	89	82	76	83	83	89	84	83	88	82	79	79	83	81	93	79	90	91	76	77	79	77	86	79	79	76	77	77	94	90	76	87	90	91	93	93	76	85	87	85	89	92	85	93	94	94	81	87	90	77	88	80	82	91	88	78	81	92	93	77	86	93	87	93	91	79	83	91	92	83	81	81	89	86	77	87	77	79	78	81	77	91	89	90	82	76	86	90	81	90	76	76	90	87	86	92	77	88	82	92	90	88	76	87	77	83	88	76	85	94	94	92	76	91	87	89	83	87	82	78	90	82	84	82	92	79	83	94	83	88	85	84	91	88	78	80	83	87	87	76	91	84	76	94	91	92	80	78	85	78	77	80	89	78	85	91	83	79	91	79	92	93	92	80	81	89	91	92	91	92	79	88	85	92	80	94	85	90	81	79	78	76	76	88	81	90	92	91	90	83	81	76	86	76	90	94	94	89	77	89	86	79	89	76	81	76	82	90	78	85	89	90	78	89	76	91	92	91	91	85	76	90	84	91	78	94	90	92	87	78	85	91	94	77	81	77	80	79	85	84	88	79	82	87	92	93	82	89	78	77	93	81	91	84	78	94	91	84	79	82	90	94	92	85	89	84	77	87	80	87	79	81	91	92	86	77	85	79	88	89	90	82	90	80	84	76	87	82	77	94	82	85	90	92	78	87	90	80	85	78	83	94	82	90	85	94	76	81	89	91	84	76	78	85	86	80	92	79	92	78	86	82	78	85	91	86	83	84	76	82	79	84	79	76	81	92	78	76	93	79	81	76	91	89	83	87	90	76	89	
14.3	17.6	29.7	18.7	30.8	30.8	26.4	22	16.5	16.5	25.3	30.8	18.7	16.5	30.8	13.2	15.4	28.6	17.6	24.2	17.6	22	20.9	31.9	33	29.7	30.8	19.8	17.6	22	30.8	19.8	24.2	31.9	20.9	11	17.6	20.9	18.7	29.7	27.5	26.4	17.6	15.4	13.2	16.5	23.1	18.7	13.2	30.8	15.4	33	13.2	11	13.2	23.1	26.4	11	16.5	30.8	18.7	23.1	26.4	33	11	16.5	12.1	33	33	12.1	31.9	26.4	25.3	27.5	28.6	30.8	24.2	27.5	11	13.2	30.8	17.6	12.1	16.5	13.2	23.1	15.4	13.2	14.3	26.4	30.8	25.3	12.1	23.1	17.6	25.3	18.7	11	19.8	24.2	18.7	29.7	25.3	24.2	15.4	12.1	25.3	24.2	15.4	25.3	29.7	13.2	26.4	33	25.3	27.5	23.1	12.1	27.5	33	22	14.3	26.4	23.1	31.9	25.3	28.6	15.4	33	23.1	22	28.6	31.9	24.2	28.6	20.9	15.4	11	16.5	31.9	12.1	15.4	12.1	14.3	14.3	16.5	14.3	24.2	14.3	30.8	27.5	15.4	25.3	17.6	17.6	14.3	33	31.9	14.3	19.8	25.3	19.8	30.8	11	24.2	22	33	33	29.7	13.2	24.2	19.8	27.5	12.1	28.6	13.2	25.3	31.9	18.7	28.6	18.7	23.1	31.9	22	27.5	17.6	33	13.2	23.1	33	15.4	31.9	26.4	26.4	29.7	33	20.9	33	17.6	13.2	28.6	13.2	29.7	16.5	11	24.2	18.7	14.3	18.7	11	27.5	19.8	11	23.1	24.2	16.5	19.8	17.6	29.7	22	31.9	29.7	11	18.7	24.2	20.9	33	18.7	12.1	31.9	31.9	15.4	27.5	25.3	16.5	11	23.1	29.7	22	24.2	20.9	23.1	22	16.5	22	11	29.7	26.4	15.4	19.8	22	33	15.4	24.2	27.5	13.2	23.1	11	13.2	30.8	33	22	14.3	27.5	30.8	17.6	26.4	11	14.3	18.7	29.7	19.8	14.3	29.7	29.7	20.9	31.9	27.5	24.2	27.5	22	14.3	17.6	22	12.1	15.4	30.8	15.4	25.3	19.8	28.6	26.4	17.6	26.4	19.8	22	12.1	15.4	22	13.2	30.8	14.3	33	19.8	26.4	25.3	17.6	27.5	16.5	31.9	24.2	13.2	22	22	26.4	17.6	18.7	26.4	23.1	30.8	24.2	19.8	31.9	17.6	16.5	11	31.9	25.3	24.2	25.3	26.4	18.7	25.3	11	17.6	20.9	20.9	25.3	13.2	26.4	31.9	14.3	18.7	30.8	14.3	33	22	11	14.3	29.7	15.4	15.4	18.7	26.4	29.7	15.4	25.3	11	25.3	27.5	31.9	27.5	22	24.2	29.7	13.2	13.2	20.9	33	14.3	27.5	27.5	12.1	22	33	22	15.4	13.2	30.8	24.2	17.6	16.5	25.3	14.3	24.2	23.1	14.3	27.5	29.7	11	12.1	23.1	30.8	30.8	22	30.8	25.3	15.4	24.2	12.1	
19.8	30.8	13.2	15.4	26.4	33	13.2	27.5	16.5	14.3	28.6	33	33	14.3	19.8	15.4	16.5	17.6	30.8	16.5	20.9	18.7	12.1	16.5	11	14.3	26.4	13.2	15.4	11	23.1	28.6	17.6	20.9	29.7	18.7	30.8	16.5	22	12.1	12.1	25.3	23.1	16.5	18.7	30.8	27.5	18.7	12.1	24.2	15.4	15.4	29.7	22	29.7	15.4	13.2	30.8	25.3	30.8	17.6	33	22	15.4	11	14.3	22	28.6	20.9	13.2	29.7	17.6	25.3	20.9	23.1	33	28.6	30.8	20.9	15.4	30.8	17.6	31.9	30.8	12.1	27.5	19.8	30.8	30.8	29.7	15.4	15.4	30.8	31.9	31.9	26.4	12.1	12.1	16.5	22	18.7	16.5	16.5	33	27.5	24.2	23.1	29.7	29.7	30.8	19.8	15.4	24.2	15.4	20.9	15.4	20.9	31.9	27.5	27.5	18.7	33	14.3	23.1	18.7	24.2	31.9	17.6	24.2	30.8	28.6	25.3	23.1	13.2	22	16.5	29.7	19.8	22	23.1	25.3	25.3	29.7	11	18.7	23.1	13.2	14.3	12.1	25.3	26.4	29.7	30.8	16.5	24.2	17.6	16.5	31.9	30.8	31.9	30.8	20.9	25.3	24.2	28.6	12.1	22	20.9	29.7	28.6	14.3	31.9	20.9	16.5	11	11	19.8	20.9	26.4	20.9	17.6	33	17.6	22	30.8	15.4	31.9	31.9	11	14.3	15.4	18.7	33	17.6	29.7	13.2	16.5	25.3	16.5	33	26.4	29.7	26.4	20.9	13.2	25.3	19.8	28.6	18.7	20.9	31.9	27.5	27.5	11	30.8	15.4	15.4	29.7	33	18.7	24.2	28.6	19.8	14.3	22	33	20.9	30.8	16.5	23.1	26.4	11	25.3	11	26.4	17.6	13.2	13.2	30.8	27.5	22	19.8	24.2	12.1	23.1	26.4	18.7	25.3	15.4	12.1	26.4	26.4	23.1	33	30.8	28.6	13.2	19.8	23.1	30.8	19.8	16.5	29.7	14.3	20.9	15.4	22	26.4	26.4	25.3	30.8	23.1	22	27.5	33	14.3	14.3	18.7	23.1	26.4	14.3	19.8	31.9	12.1	26.4	30.8	24.2	31.9	33	15.4	19.8	29.7	28.6	16.5	33	12.1	18.7	27.5	33	12.1	12.1	29.7	13.2	22	19.8	26.4	30.8	18.7	11	16.5	20.9	13.2	20.9	24.2	30.8	12.1	15.4	31.9	28.6	20.9	12.1	30.8	12.1	13.2	28.6	27.5	13.2	22	26.4	33	16.5	29.7	31.9	29.7	30.8	33	23.1	33	28.6	33	14.3	18.7	23.1	33	25.3	29.7	27.5	24.2	15.4	29.7	16.5	30.8	31.9	18.7	22	24.2	15.4	28.6	17.6	20.9	29.7	14.3	17.6	12.1	19.8	23.1	14.3	33	29.7	33	16.5	14.3	15.4	25.3	25.3	18.7	14.3	23.1	13.2	31.9	27.5	29.7	30.8	16.5	11	16.5	12.1	24.2	20.9	29.7	25.3	12.1	12.1	33	28.6	24.2	13.2	27.5	20.9	29.7	
11	19.8	12.1	20.9	27.5	15.4	30.8	24.2	22	26.4	
11	14	20	17	10	14	11	13	13	17	15	15	10	11	10	18	16	15	20	16	13	14	12	11	19	20	14	14	20	14	18	18	15	13	13	19	17	12	11	11	16	15	14	17	12	11	15	17	15	18	16	14	16	10	19	16	17	14	13	10	11	13	16	15	17	16	17	17	20	15	14	17	18	18	16	17	18	20	15	11	20	15	19	14	20	10	14	20	11	14	14	15	17	15	13	11	10	11	12	16	13	14	14	11	18	13	20	16	16	20	11	19	17	17	10	18	13	12	17	18	18	10	18	11	14	16	18	17	17	10	12	12	14	17	12	15	15	13	19	15	17	14	18	12	11	12	13	17	20	20	10	10	14	10	19	15	20	10	12	15	17	11	20	18	20	19	10	12	11	10	20	12	10	10	13	16	10	12	19	16	10	16	13	16	17	18	20	17	10	17	15	13	17	18	18	19	15	11	12	19	10	18	11	10	11	14	10	18	19	15	19	10	12	13	19	10	17	12	16	11	15	12	10	19	10	19	17	11	12	19	12	14	10	18	12	14	18	19	18	12	15	16	11	14	20	11	15	20	20	11	12	14	16	11	16	17	18	17	13	18	10	13	17	18	13	15	11	11	17	19	12	17	15	17	10	18	17	12	10	18	15	17	10	18	10	14	17	17	16	13	15	10	13	13	17	16	18	10	12	12	18	19	12	20	13	15	18	17	12	15	12	13	13	19	17	10	14	19	20	11	13	17	18	11	11	10	13	14	10	18	18	12	14	14	11	18	18	12	12	14	11	17	15	19	12	18	18	20	10	14	20	17	10	12	19	12	19	13	16	17	15	19	19	17	15	14	12	15	18	15	11	17	12	17	11	16	10	13	17	17	20	12	12	19	17	12	17	13	19	19	13	19	12	10	19	11	20	18	20	18	
1	1	1	1	1	1	1	1	1	1	1	1	1	1	1	1	1	1	1	1	1	1	1	1	1	1	1	1	1	1	1	1	1	1	1	1	1	1	1	1	1	1	1	1	1	1	1	1	1	1	1	2	2	2	2	2	2	2	2	2	2	2	2	2	2	2	2	2	2	2	2	2	2	2	2	2	2	2	2	2	2	2	2	2	2	2	2	2	2	2	2	2	2	2	2	2	2	2	2	2	3	3	3	3	3	3	3	3	3	3	3	3	3	3	3	3	3	3	3	3	3	3	3	3	3	3	3	3	3	3	3	3	3	3	4	4	4	4	4	4	4	4	4	4	4	4	4	4	4	4	4	4	4	4	4	4	4	4	4	4	4	4	4	4	4	4	4	4	4	5	5	5	5	5	5	5	5	5	5	5	5	5	5	5	5	5	5	5	5	5	5	5	5	5	5	5	5	5	5	5	5	5	5	5	5	6	6	6	6	6	6	6	6	6	6	6	6	6	6	6	6	6	6	6	6	6	6	6	6	6	6	6	6	6	6	6	6	6	6	6	6	6	6	7	7	7	7	7	7	7	7	7	7	7	7	7	7	7	7	7	7	7	7	7	7	7	7	7	7	7	7	7	7	7	7	7	8	8	8	8	8	8	8	8	8	8	8	8	8	8	8	8	8	8	8	8	8	8	8	8	8	8	8	8	8	8	8	8	8	8	8	8	8	8	8	8	8	8	8	8	8	8	8	9	9	9	9	9	9	9	9	9	9	9	9	9	9	9	9	9	9	9	9	9	9	9	9	9	9	9	9	9	9	9	9	9	10	10	10	10	10	10	10	10	10	10	10	10	10	10	10	10	10	10	10	10	10	10	10	10	10	10	10	10	10	10	10	10	10	10	10	10	10	10	10	10	10	10	10	10	
