100
10	2
151	14.3
30	30	29	29	27	28	28	31	31	27	30	27	30	29	28	29	29	27	30	31	26	26	26	30	26	31	29	28	31	28	31	29	30	28	29	30	30	30	31	31	26	31	27	29	26	31	31	31	30	28	30	28	30	28	28	28	26	31	30	26	29	30	26	29	30	31	29	29	31	31	28	30	27	28	27	30	26	29	26	29	30	29	31	30	28	31	30	28	27	30	26	30	28	28	26	26	29	27	30	30	
77	92	85	79	91	84	89	90	79	88	79	94	93	83	82	87	84	93	88	94	87	81	92	94	91	94	83	80	91	76	78	78	84	89	94	78	86	91	80	92	89	94	81	86	85	77	78	94	90	93	83	90	87	91	76	85	81	93	81	83	81	81	90	83	82	93	76	88	78	82	76	91	94	85	90	77	83	79	77	84	79	80	88	88	80	76	94	86	87	81	90	85	86	83	92	77	81	82	76	80	
12.1	20.9	33	25.3	23.1	29.7	19.8	20.9	26.4	26.4	28.6	18.7	19.8	19.8	14.3	15.4	30.8	29.7	19.8	16.5	25.3	30.8	22	28.6	23.1	24.2	11	26.4	18.7	28.6	27.5	20.9	30.8	25.3	14.3	25.3	17.6	26.4	26.4	22	30.8	27.5	26.4	13.2	11	16.5	12.1	19.8	28.6	13.2	30.8	19.8	27.5	22	18.7	26.4	25.3	12.1	11	28.6	27.5	12.1	14.3	18.7	19.8	23.1	26.4	27.5	20.9	15.4	27.5	14.3	18.7	12.1	22	16.5	30.8	12.1	28.6	16.5	30.8	31.9	33	33	30.8	26.4	13.2	23.1	33	12.1	23.1	12.1	24.2	27.5	31.9	31.9	20.9	23.1	12.1	19.8	
27.5	13.2	15.4	16.5	29.7	23.1	25.3	31.9	25.3	12.1	24.2	33	27.5	16.5	20.9	17.6	25.3	14.3	27.5	29.7	14.3	14.3	11	23.1	17.6	29.7	19.8	27.5	30.8	11	33	26.4	22	15.4	19.8	18.7	16.5	16.5	15.4	22	11	31.9	24.2	28.6	22	27.5	29.7	17.6	23.1	14.3	13.2	29.7	19.8	12.1	31.9	29.7	20.9	25.3	33	20.9	14.3	14.3	23.1	25.3	14.3	14.3	23.1	29.7	17.6	24.2	31.9	28.6	27.5	22	27.5	33	13.2	31.9	26.4	25.3	18.7	19.8	31.9	29.7	28.6	26.4	28.6	28.6	13.2	13.2	12.1	29.7	17.6	25.3	22	29.7	33	29.7	19.8	15.4	
33	16.5	23.1	19.8	33	24.2	25.3	25.3	28.6	26.4	
17	13	20	17	10	11	15	16	19	16	13	17	12	14	18	20	19	17	13	14	20	13	15	20	16	14	19	13	13	10	20	11	16	20	14	12	10	11	16	11	15	13	15	16	17	13	10	14	19	20	14	13	10	10	18	15	18	14	11	15	11	11	18	15	12	20	15	13	15	19	18	15	18	10	15	11	11	14	14	10	16	16	15	18	11	15	18	18	12	19	14	19	15	19	18	10	20	18	20	12	
1	1	1	1	1	1	1	1	2	2	2	2	2	2	3	3	3	3	3	3	3	3	3	3	3	3	4	4	4	4	4	4	4	4	4	4	5	5	5	5	5	5	5	5	5	5	5	6	6	6	6	6	6	6	6	6	6	6	7	7	7	7	7	7	7	7	7	7	8	8	8	8	8	8	8	8	8	8	8	8	8	8	9	9	9	9	9	10	10	10	10	10	10	10	10	10	10	10	10	10	
