400
20	5
322	16.5
31	30	30	26	27	31	29	26	29	27	27	26	31	31	29	26	29	29	28	29	27	30	31	26	27	29	27	30	30	26	27	26	27	28	26	31	30	27	26	31	28	27	30	29	30	28	26	31	28	26	29	29	27	28	26	31	30	27	26	29	28	30	26	28	26	29	29	30	31	30	26	27	29	30	31	29	30	30	29	27	29	26	29	26	26	26	31	31	31	27	26	30	28	28	29	28	27	28	31	29	31	28	30	27	28	28	31	29	29	28	28	31	27	27	29	28	29	30	26	26	31	29	27	31	28	29	27	26	27	30	27	31	30	31	27	26	31	29	30	31	31	26	26	29	26	27	26	28	26	31	28	26	28	29	30	26	31	28	26	26	26	27	30	26	29	27	28	27	28	30	30	28	31	28	28	27	31	28	28	28	29	28	27	28	31	29	26	27	29	29	30	26	27	29	29	26	27	27	28	29	27	28	31	26	29	31	26	31	28	30	27	28	27	29	31	30	28	27	27	28	28	27	26	27	28	30	27	28	31	30	27	28	28	27	27	30	31	26	27	30	28	28	29	26	30	31	28	29	30	26	29	29	26	30	27	30	26	30	26	28	30	29	26	26	27	26	26	29	27	29	27	30	27	31	26	31	28	28	28	28	28	27	27	29	31	29	28	28	28	27	31	30	31	28	31	28	26	30	28	28	31	28	26	30	30	26	31	26	31	28	28	30	28	27	27	27	31	27	29	30	27	28	29	30	27	27	28	31	28	31	27	26	28	27	31	27	26	31	26	28	27	31	28	28	30	29	30	28	26	28	26	29	27	31	26	30	27	31	26	29	26	31	26	31	28	31	29	27	29	28	29	31	29	31	31	28	28	31	27	29	26	26	26	29	30	31	28	29	29	28	31	31	30	26	27	26	28	26	27	26	
82	84	88	91	79	82	88	84	94	89	88	83	83	94	78	87	89	91	86	89	87	89	78	84	89	85	92	78	82	81	86	79	77	94	90	81	83	86	91	85	80	82	88	79	83	87	77	78	94	84	85	76	84	77	79	87	77	79	80	79	84	87	83	88	80	87	86	93	91	85	85	87	78	82	76	80	83	90	84	87	93	84	84	88	84	85	90	83	85	76	90	90	83	92	85	82	86	92	87	90	86	92	94	77	81	77	92	89	87	92	77	85	87	83	88	94	91	86	82	86	80	80	93	80	81	81	89	76	94	89	85	94	92	85	86	76	76	85	89	79	86	90	92	90	93	88	85	81	84	88	87	81	78	89	88	90	80	93	89	88	91	87	77	91	83	76	76	82	80	77	94	87	79	94	78	81	89	90	89	78	83	87	92	94	80	86	89	93	80	94	92	93	86	90	89	82	90	91	80	91	80	88	76	93	83	78	85	77	90	78	89	83	77	93	92	77	94	77	85	92	85	90	88	91	93	81	82	90	88	87	90	86	93	87	93	88	93	88	79	82	93	86	82	84	86	84	76	77	77	89	84	84	86	84	79	84	94	80	88	86	85	89	81	92	76	83	77	85	90	89	80	90	93	80	86	81	82	92	94	77	92	90	92	83	90	79	88	90	94	85	83	87	78	88	88	86	90	92	89	93	82	92	77	82	81	80	87	79	85	82	76	94	84	79	89	88	88	76	79	92	78	81	85	91	84	81	81	85	84	83	90	81	93	91	94	83	88	94	82	92	94	87	92	86	89	81	93	76	83	86	93	90	94	85	89	81	86	84	82	90	79	90	92	94	94	85	85	80	84	78	80	78	87	82	93	90	85	77	78	85	88	88	77	90	83	91	76	82	85	90	82	92	83	86	82	81	84	80	87	92	
23.1	22	28.6	31.9	16.5	16.5	13.2	28.6	31.9	30.8	27.5	16.5	13.2	30.8	16.5	15.4	31.9	17.6	30.8	22	19.8	15.4	16.5	29.7	25.3	25.3	20.9	33	23.1	26.4	18.7	12.1	25.3	25.3	30.8	15.4	24.2	15.4	24.2	14.3	23.1	24.2	26.4	13.2	30.8	28.6	15.4	19.8	27.5	30.8	28.6	28.6	17.6	17.6	25.3	13.2	22	14.3	13.2	12.1	29.7	25.3	15.4	25.3	12.1	31.9	30.8	18.7	28.6	33	29.7	26.4	18.7	12.1	29.7	13.2	12.1	29.7	29.7	20.9	13.2	13.2	17.6	26.4	27.5	27.5	31.9	16.5	18.7	14.3	12.1	25.3	31.9	11	17.6	29.7	24.2	33	20.9	24.2	19.8	13.2	24.2	27.5	22	28.6	31.9	29.7	19.8	31.9	30.8	29.7	26.4	28.6	23.1	18.7	26.4	26.4	25.3	27.5	11	30.8	30.8	33	16.5	29.7	12.1	13.2	23.1	27.5	14.3	18.7	17.6	25.3	23.1	11	19.8	30.8	13.2	23.1	19.8	27.5	31.9	23.1	30.8	16.5	33	15.4	31.9	12.1	12.1	30.8	28.6	12.1	11	13.2	18.7	22	15.4	20.9	31.9	20.9	20.9	33	33	28.6	29.7	11	22	27.5	17.6	18.7	22	23.1	20.9	12.1	30.8	13.2	23.1	23.1	23.1	13.2	23.1	23.1	17.6	13.2	16.5	28.6	24.2	20.9	20.9	12.1	26.4	28.6	23.1	15.4	12.1	18.7	33	14.3	18.7	13.2	11	26.4	26.4	13.2	30.8	31.9	26.4	14.3	18.7	19.8	30.8	17.6	11	16.5	25.3	12.1	20.9	18.7	25.3	13.2	18.7	14.3	30.8	25.3	16.5	19.8	11	24.2	14.3	31.9	31.9	24.2	18.7	13.2	11	20.9	20.9	20.9	25.3	12.1	20.9	14.3	12.1	24.2	16.5	16.5	31.9	16.5	13.2	33	25.3	23.1	28.6	17.6	15.4	20.9	19.8	27.5	20.9	29.7	11	29.7	17.6	15.4	33	30.8	16.5	24.2	23.1	30.8	18.7	28.6	13.2	23.1	25.3	33	27.5	14.3	13.2	26.4	24.2	16.5	22	30.8	18.7	33	25.3	22	16.5	20.9	25.3	19.8	33	11	19.8	33	28.6	26.4	22	27.5	17.6	29.7	15.4	16.5	28.6	29.7	18.7	24.2	19.8	29.7	29.7	17.6	28.6	22	33	11	24.2	12.1	20.9	12.1	20.9	13.2	16.5	22	25.3	15.4	23.1	12.1	27.5	31.9	29.7	14.3	28.6	12.1	12.1	22	20.9	27.5	20.9	19.8	13.2	18.7	30.8	33	15.4	27.5	11	15.4	11	30.8	12.1	23.1	22	16.5	14.3	17.6	11	26.4	31.9	11	18.7	17.6	16.5	18.7	19.8	22	15.4	28.6	18.7	30.8	17.6	11	20.9	26.4	18.7	33	12.1	16.5	11	22	16.5	11	18.7	18.7	20.9	19.8	33	28.6	26.4	18.7	14.3	33	30.8	30.8	29.7	31.9	18.7	30.8	
23.1	12.1	23.1	12.1	25.3	12.1	11	26.4	27.5	33	12.1	29.7	26.4	26.4	17.6	24.2	15.4	14.3	30.8	27.5	22	16.5	23.1	28.6	20.9	20.9	24.2	16.5	17.6	15.4	31.9	29.7	18.7	13.2	29.7	22	15.4	24.2	26.4	22	19.8	17.6	14.3	24.2	29.7	33	11	23.1	17.6	17.6	12.1	20.9	12.1	33	29.7	18.7	25.3	11	30.8	29.7	20.9	14.3	18.7	29.7	20.9	23.1	33	29.7	28.6	19.8	26.4	19.8	17.6	15.4	14.3	18.7	26.4	23.1	14.3	19.8	20.9	31.9	27.5	12.1	25.3	29.7	26.4	24.2	14.3	28.6	19.8	27.5	27.5	11	18.7	31.9	11	11	26.4	26.4	19.8	15.4	27.5	23.1	14.3	30.8	20.9	30.8	19.8	16.5	14.3	17.6	29.7	17.6	11	18.7	11	18.7	24.2	22	30.8	20.9	27.5	31.9	16.5	24.2	33	30.8	20.9	25.3	30.8	33	17.6	14.3	19.8	11	27.5	31.9	27.5	25.3	31.9	19.8	14.3	19.8	31.9	13.2	26.4	33	13.2	16.5	17.6	33	24.2	13.2	27.5	14.3	14.3	22	33	18.7	27.5	29.7	33	31.9	12.1	12.1	18.7	13.2	28.6	31.9	18.7	23.1	11	24.2	33	30.8	20.9	29.7	33	14.3	15.4	33	27.5	19.8	25.3	17.6	29.7	31.9	31.9	14.3	12.1	29.7	12.1	20.9	30.8	20.9	20.9	31.9	29.7	11	15.4	14.3	33	29.7	24.2	14.3	15.4	23.1	29.7	26.4	19.8	28.6	31.9	16.5	15.4	13.2	13.2	27.5	13.2	13.2	19.8	30.8	22	26.4	12.1	11	31.9	12.1	26.4	22	20.9	20.9	30.8	29.7	14.3	31.9	31.9	20.9	25.3	20.9	28.6	23.1	23.1	17.6	19.8	15.4	23.1	33	24.2	16.5	22	24.2	27.5	28.6	22	25.3	27.5	11	22	12.1	11	12.1	17.6	33	27.5	19.8	28.6	16.5	24.2	22	20.9	16.5	19.8	22	13.2	22	25.3	12.1	22	11	17.6	23.1	12.1	26.4	33	16.5	28.6	13.2	22	33	17.6	20.9	27.5	16.5	31.9	13.2	13.2	22	12.1	29.7	18.7	19.8	11	30.8	25.3	20.9	20.9	25.3	13.2	24.2	29.7	28.6	22	25.3	14.3	33	14.3	31.9	20.9	28.6	19.8	12.1	12.1	24.2	12.1	12.1	22	16.5	14.3	28.6	30.8	29.7	18.7	22	24.2	20.9	18.7	26.4	11	18.7	33	17.6	13.2	15.4	11	29.7	18.7	26.4	27.5	18.7	26.4	19.8	33	12.1	25.3	19.8	18.7	12.1	30.8	22	23.1	17.6	12.1	11	13.2	14.3	29.7	12.1	20.9	19.8	33	17.6	29.7	33	31.9	16.5	33	14.3	30.8	17.6	16.5	33	24.2	16.5	25.3	33	12.1	17.6	12.1	30.8	11	20.9	16.5	17.6	12.1	20.9	19.8	17.6	26.4	23.1	
14.3	28.6	22	17.6	11	24.2	30.8	28.6	23.1	29.7	33	28.6	17.6	27.5	29.7	29.7	18.7	19.8	13.2	23.1	
14	14	18	19	10	18	11	10	20	10	12	15	18	11	12	17	18	15	10	12	14	20	20	17	15	11	13	14	19	10	12	13	17	10	20	20	19	19	14	19	10	16	10	15	13	18	13	10	11	16	18	17	11	18	17	20	18	20	17	19	14	17	12	10	13	10	11	19	17	17	15	13	10	17	16	18	16	20	17	19	12	15	15	20	12	12	11	19	17	15	13	20	11	15	14	11	15	10	13	13	18	11	10	16	15	11	19	15	14	20	10	14	12	13	20	11	15	15	10	17	18	10	18	20	17	15	15	19	14	19	11	10	10	14	10	11	13	14	20	15	17	13	15	11	19	19	15	19	20	10	16	20	15	16	15	10	18	14	10	11	19	19	17	12	15	20	18	17	10	14	10	16	11	17	10	17	14	20	10	17	11	18	12	14	10	18	12	17	11	20	16	11	17	10	11	10	15	15	18	19	10	16	18	20	10	13	13	15	10	20	20	10	15	18	10	13	20	20	12	12	10	16	20	19	15	20	11	16	12	14	19	13	11	10	14	18	11	12	18	15	11	14	18	11	12	18	10	13	17	12	13	17	12	20	19	11	15	16	19	16	19	16	13	11	10	13	18	16	14	17	18	16	19	19	16	18	17	14	20	17	13	15	10	11	14	11	13	20	16	16	17	13	19	19	12	10	12	11	17	17	20	11	19	10	15	13	18	11	14	15	16	11	19	18	12	19	14	10	19	17	10	19	11	11	16	14	18	17	20	16	18	15	10	15	18	12	14	18	13	15	20	15	14	11	16	12	10	14	13	14	18	20	16	19	19	15	13	13	14	16	10	14	18	16	13	17	15	13	15	11	17	10	16	12	13	16	14	10	20	19	16	15	12	13	10	16	18	10	17	11	20	20	16	13	10	16	11	15	14	18	
1	1	1	1	1	1	1	1	1	1	1	1	1	1	1	1	1	2	2	2	2	2	2	2	2	2	2	2	2	2	2	2	2	2	2	2	2	2	2	2	2	2	3	3	3	3	3	3	3	3	3	3	3	3	3	3	4	4	4	4	4	4	4	4	4	4	4	4	4	4	4	4	4	4	5	5	5	5	5	5	5	5	5	5	5	5	5	5	5	5	5	5	5	5	5	6	6	6	6	6	6	6	6	6	6	6	6	6	6	6	6	6	6	6	6	6	6	6	6	6	6	7	7	7	7	7	7	7	7	7	7	7	7	7	7	7	7	7	7	7	7	7	8	8	8	8	8	8	8	8	8	8	8	8	8	8	8	8	8	8	8	8	8	8	8	9	9	9	9	9	9	9	9	9	9	9	9	9	9	9	9	9	9	9	10	10	10	10	10	10	10	10	10	10	10	10	10	10	10	10	10	10	10	10	10	10	11	11	11	11	11	11	11	11	11	11	11	11	11	11	11	11	11	11	11	11	11	11	11	11	11	11	11	12	12	12	12	12	12	12	12	12	12	12	13	13	13	13	13	13	13	13	13	13	13	13	13	13	13	13	13	14	14	14	14	14	14	14	14	14	14	14	14	14	14	14	14	14	14	14	14	15	15	15	15	15	15	15	15	15	15	15	15	15	15	15	15	15	15	15	15	15	15	16	16	16	16	16	16	16	16	16	16	16	16	17	17	17	17	17	17	17	17	17	17	17	17	17	17	17	17	17	17	17	17	17	18	18	18	18	18	18	18	18	18	18	18	18	18	18	18	18	18	18	18	18	18	18	18	18	18	19	19	19	19	19	19	19	19	19	19	19	19	19	19	19	19	19	19	20	20	20	20	20	20	20	20	20	20	20	20	20	20	20	20	20	20	20	20	20	
