300
10	2
483	33
29	27	31	31	28	30	30	31	26	26	26	30	29	29	28	29	29	30	29	30	27	26	29	28	29	31	31	27	29	26	31	30	27	31	26	27	28	31	28	28	30	27	31	28	30	26	28	31	28	31	26	26	31	31	27	26	27	30	31	29	26	27	29	29	31	26	30	28	26	30	28	31	28	30	30	27	29	27	31	26	27	30	28	28	27	27	26	28	28	29	29	30	26	29	31	29	26	29	28	26	28	29	28	26	31	28	29	30	27	29	29	28	26	30	27	29	30	27	29	29	31	30	28	29	30	28	30	29	28	30	27	29	31	28	28	26	26	30	28	30	27	31	27	30	27	31	27	27	26	30	29	28	30	29	26	26	29	28	31	29	30	27	30	26	27	26	28	30	29	31	31	26	28	30	28	29	31	29	26	29	27	29	30	29	26	30	30	28	26	27	29	26	31	30	26	26	30	30	26	31	30	29	30	29	26	28	26	29	28	27	26	30	31	26	30	30	27	26	30	27	28	28	30	26	31	26	26	30	31	27	31	31	31	31	31	30	30	28	28	30	31	31	31	27	28	26	31	31	27	28	31	26	29	30	31	28	30	26	31	28	30	30	27	26	27	29	31	28	27	31	27	31	30	29	31	30	30	27	29	26	31	30	29	26	26	30	28	31	31	26	28	29	29	29	29	29	26	31	31	28	
91	76	76	83	89	76	92	80	79	81	93	90	78	88	81	92	77	79	81	89	86	78	90	92	94	80	85	83	92	91	89	77	93	76	88	90	76	85	93	89	91	84	93	93	83	79	82	78	87	76	89	79	86	90	85	89	79	76	80	81	92	90	84	80	80	92	90	82	86	81	79	85	76	83	86	91	76	78	94	81	81	82	94	94	80	82	77	78	91	77	92	87	82	78	93	83	81	91	81	84	87	84	85	93	80	84	90	94	84	81	94	88	87	77	87	79	93	80	79	86	79	92	90	76	81	81	83	90	76	93	89	82	81	76	87	87	77	90	77	84	87	81	85	87	92	92	89	88	81	79	79	76	76	79	84	94	78	80	78	87	93	86	88	78	85	77	91	89	83	90	76	76	76	87	88	79	86	87	85	91	76	82	82	85	86	78	91	87	85	80	91	79	83	90	82	85	86	84	91	93	76	82	83	92	87	79	92	84	93	90	86	80	89	88	92	84	89	76	92	88	76	90	83	78	93	88	85	93	76	91	91	76	88	87	81	92	87	92	84	85	84	86	78	89	88	87	77	79	82	93	88	86	76	81	89	79	88	85	93	84	91	94	79	92	77	91	94	92	89	94	83	81	89	92	92	89	90	76	91	89	83	80	83	80	93	85	87	92	90	78	85	94	76	80	86	85	91	83	85	82	
24.2	20.9	16.5	28.6	25.3	12.1	15.4	12.1	33	16.5	18.7	26.4	25.3	27.5	25.3	17.6	17.6	30.8	30.8	28.6	19.8	14.3	16.5	22	17.6	19.8	25.3	15.4	18.7	27.5	19.8	14.3	30.8	19.8	29.7	29.7	24.2	12.1	15.4	17.6	19.8	18.7	23.1	20.9	15.4	16.5	22	12.1	27.5	33	18.7	11	33	23.1	14.3	27.5	20.9	12.1	26.4	18.7	14.3	29.7	13.2	26.4	15.4	22	15.4	24.2	20.9	22	13.2	14.3	27.5	31.9	33	22	17.6	29.7	30.8	25.3	31.9	15.4	18.7	19.8	19.8	30.8	20.9	19.8	16.5	26.4	27.5	25.3	16.5	16.5	31.9	24.2	22	24.2	24.2	23.1	15.4	22	18.7	14.3	12.1	11	20.9	33	23.1	19.8	31.9	14.3	14.3	11	18.7	25.3	27.5	33	11	23.1	23.1	33	11	24.2	14.3	17.6	16.5	23.1	17.6	12.1	26.4	11	27.5	27.5	31.9	30.8	11	31.9	27.5	20.9	17.6	27.5	30.8	24.2	20.9	22	27.5	25.3	14.3	23.1	20.9	25.3	14.3	15.4	17.6	25.3	27.5	27.5	24.2	12.1	19.8	28.6	27.5	11	28.6	18.7	17.6	11	30.8	33	27.5	12.1	28.6	33	20.9	11	11	27.5	17.6	18.7	27.5	22	17.6	25.3	33	27.5	13.2	30.8	14.3	27.5	30.8	12.1	13.2	22	22	33	20.9	28.6	28.6	31.9	17.6	30.8	24.2	14.3	20.9	22	22	17.6	16.5	13.2	22	24.2	31.9	26.4	16.5	20.9	28.6	22	27.5	33	25.3	29.7	26.4	19.8	20.9	33	19.8	11	25.3	17.6	20.9	27.5	16.5	12.1	22	29.7	30.8	13.2	27.5	29.7	15.4	25.3	24.2	19.8	29.7	23.1	11	18.7	14.3	13.2	33	13.2	29.7	14.3	20.9	14.3	29.7	22	20.9	18.7	16.5	29.7	29.7	24.2	20.9	31.9	15.4	19.8	14.3	19.8	14.3	11	29.7	26.4	13.2	14.3	26.4	14.3	26.4	20.9	25.3	25.3	14.3	14.3	16.5	23.1	17.6	12.1	30.8	33	25.3	33	20.9	27.5	25.3	13.2	23.1	28.6	26.4	31.9	
27.5	28.6	12.1	14.3	22	27.5	20.9	16.5	17.6	15.4	24.2	15.4	15.4	15.4	11	11	27.5	16.5	25.3	16.5	27.5	22	25.3	25.3	24.2	30.8	27.5	29.7	25.3	20.9	14.3	13.2	25.3	22	30.8	12.1	31.9	23.1	30.8	33	12.1	20.9	20.9	20.9	15.4	24.2	20.9	31.9	31.9	30.8	15.4	28.6	26.4	33	11	12.1	18.7	12.1	28.6	13.2	18.7	23.1	13.2	31.9	33	24.2	15.4	19.8	30.8	11	12.1	33	31.9	13.2	23.1	26.4	28.6	14.3	26.4	22	12.1	13.2	17.6	31.9	13.2	25.3	16.5	33	31.9	14.3	26.4	20.9	20.9	24.2	31.9	26.4	27.5	31.9	29.7	30.8	25.3	26.4	24.2	23.1	16.5	17.6	15.4	15.4	29.7	12.1	20.9	23.1	11	13.2	15.4	15.4	20.9	11	30.8	25.3	28.6	14.3	31.9	16.5	17.6	27.5	22	29.7	19.8	14.3	28.6	28.6	30.8	13.2	33	20.9	18.7	30.8	15.4	26.4	28.6	25.3	17.6	25.3	16.5	18.7	20.9	11	16.5	25.3	30.8	29.7	25.3	16.5	27.5	16.5	26.4	22	17.6	16.5	33	15.4	33	11	33	23.1	20.9	16.5	28.6	33	19.8	25.3	31.9	11	22	28.6	29.7	12.1	33	17.6	16.5	17.6	22	28.6	25.3	31.9	27.5	13.2	14.3	26.4	23.1	18.7	15.4	27.5	14.3	24.2	13.2	12.1	29.7	14.3	27.5	14.3	14.3	14.3	26.4	19.8	25.3	28.6	27.5	14.3	33	20.9	13.2	26.4	12.1	14.3	16.5	23.1	26.4	18.7	29.7	11	13.2	25.3	26.4	13.2	22	33	33	18.7	31.9	17.6	25.3	16.5	19.8	18.7	22	12.1	23.1	13.2	25.3	29.7	19.8	25.3	30.8	18.7	30.8	19.8	14.3	15.4	29.7	20.9	14.3	29.7	20.9	25.3	17.6	13.2	29.7	15.4	14.3	15.4	23.1	33	20.9	30.8	15.4	28.6	11	17.6	11	14.3	22	17.6	12.1	22	14.3	12.1	17.6	24.2	14.3	13.2	17.6	19.8	25.3	25.3	20.9	22	25.3	28.6	33	17.6	26.4	12.1	31.9	14.3	17.6	27.5	16.5	26.4	
26.4	14.3	25.3	17.6	15.4	30.8	22	29.7	23.1	30.8	
18	10	16	14	11	20	14	18	19	13	11	16	16	14	20	20	10	19	15	18	10	14	12	15	11	12	15	19	20	18	15	16	16	17	13	20	16	16	18	14	11	19	12	15	18	20	11	11	17	14	19	10	19	10	11	18	16	12	17	14	12	19	18	18	14	17	17	20	11	13	10	18	14	19	15	18	10	16	19	12	14	12	10	10	20	10	16	20	14	16	15	14	20	15	19	20	15	12	10	19	14	17	18	17	19	13	13	19	14	13	20	12	15	16	11	14	15	17	12	11	19	15	19	10	20	19	17	15	10	10	10	16	15	17	19	19	12	18	18	12	14	10	17	15	16	19	17	14	10	11	12	19	14	20	13	14	16	18	18	14	16	16	18	14	11	11	13	18	13	10	17	19	16	11	19	18	10	13	12	15	16	14	12	17	12	15	20	15	15	19	14	12	11	13	10	15	11	10	12	17	12	10	10	13	18	19	10	14	17	15	15	19	13	17	19	16	16	15	11	18	12	16	13	12	18	11	19	16	13	16	14	13	18	12	11	17	18	17	13	18	13	11	17	10	20	20	14	13	12	10	15	14	10	11	19	13	12	20	15	12	13	12	12	16	16	15	16	10	10	19	20	18	13	11	18	10	11	14	20	13	15	19	20	17	19	10	19	12	13	18	14	19	11	18	17	16	19	18	10	12	
1	1	1	1	1	1	1	1	1	1	1	1	1	1	1	1	1	1	1	1	1	1	1	1	1	1	1	1	1	1	1	1	1	1	1	2	2	2	2	2	2	2	2	2	2	2	2	2	2	2	2	2	2	2	2	2	2	2	2	2	2	2	2	2	2	2	3	3	3	3	3	3	3	3	3	3	3	3	3	3	3	3	3	3	3	3	3	3	3	3	3	3	3	3	4	4	4	4	4	4	4	4	4	4	4	4	4	4	4	4	4	4	4	4	4	4	4	4	4	4	4	4	4	4	4	5	5	5	5	5	5	5	5	5	5	5	5	5	5	5	5	5	5	5	5	5	5	5	5	5	5	6	6	6	6	6	6	6	6	6	6	6	6	6	6	6	6	6	6	6	6	6	6	6	6	7	7	7	7	7	7	7	7	7	7	7	7	7	7	7	7	7	7	7	7	7	7	7	7	7	7	7	7	7	7	7	7	7	7	7	7	7	7	8	8	8	8	8	8	8	8	8	8	8	8	8	8	8	8	8	8	8	8	8	8	8	8	8	8	8	8	8	8	8	9	9	9	9	9	9	9	9	9	9	9	9	9	9	9	9	9	9	9	9	9	9	9	9	9	9	9	9	9	9	9	10	10	10	10	10	10	10	10	10	10	10	10	10	10	10	10	10	10	10	10	10	10	10	10	10	
