100
20	2
79	14.3
26	28	26	31	26	31	29	28	26	28	27	27	30	27	30	30	26	28	27	31	29	31	27	30	27	31	29	31	29	31	28	29	29	29	29	30	30	31	30	29	29	31	27	29	31	30	28	26	26	29	31	28	31	28	30	29	27	29	31	26	30	29	28	30	27	30	30	30	30	29	27	29	29	26	29	26	29	30	29	29	28	28	28	26	28	31	30	29	28	30	30	26	29	30	30	26	30	26	26	26	
90	92	79	78	78	76	78	76	83	78	87	80	78	84	78	80	89	91	92	90	87	82	78	77	94	91	81	91	78	94	85	93	91	81	89	91	93	82	91	85	85	84	86	77	83	83	80	77	90	82	79	76	90	87	89	77	80	93	90	82	92	76	86	76	86	85	86	79	94	86	77	94	86	77	92	89	91	82	92	83	89	79	94	80	80	93	82	76	84	88	91	94	79	77	88	79	77	85	77	88	
20.9	28.6	17.6	22	24.2	13.2	30.8	27.5	26.4	17.6	30.8	22	19.8	26.4	27.5	11	26.4	25.3	25.3	25.3	20.9	29.7	33	30.8	16.5	14.3	16.5	12.1	22	24.2	13.2	16.5	18.7	15.4	16.5	29.7	13.2	30.8	29.7	11	20.9	24.2	17.6	11	25.3	31.9	22	13.2	16.5	11	22	14.3	30.8	28.6	31.9	11	25.3	18.7	15.4	27.5	18.7	25.3	23.1	22	19.8	14.3	27.5	24.2	23.1	23.1	13.2	31.9	26.4	14.3	12.1	31.9	33	15.4	18.7	22	12.1	20.9	29.7	22	17.6	19.8	19.8	22	29.7	18.7	16.5	11	11	15.4	31.9	26.4	33	29.7	20.9	23.1	
33	14.3	30.8	28.6	16.5	31.9	16.5	30.8	14.3	17.6	27.5	11	14.3	29.7	14.3	20.9	24.2	28.6	19.8	23.1	29.7	14.3	19.8	20.9	13.2	17.6	31.9	11	27.5	27.5	14.3	26.4	27.5	17.6	33	28.6	33	12.1	25.3	17.6	17.6	25.3	28.6	15.4	24.2	22	17.6	26.4	17.6	18.7	30.8	22	26.4	19.8	20.9	22	27.5	26.4	27.5	30.8	28.6	11	16.5	30.8	13.2	23.1	18.7	14.3	11	17.6	24.2	23.1	17.6	23.1	27.5	31.9	13.2	24.2	15.4	31.9	24.2	25.3	20.9	24.2	14.3	14.3	28.6	33	26.4	14.3	16.5	22	19.8	19.8	22	23.1	14.3	27.5	25.3	14.3	
28.6	27.5	29.7	19.8	18.7	31.9	16.5	14.3	29.7	19.8	30.8	20.9	17.6	23.1	29.7	28.6	14.3	18.7	25.3	26.4	
11	15	18	15	17	20	18	13	15	14	20	15	20	20	14	10	12	10	12	17	20	14	17	20	11	12	19	11	13	19	10	15	10	14	17	13	20	16	16	12	19	11	16	20	16	20	15	19	11	11	17	10	18	19	11	17	13	15	11	15	10	12	16	12	18	12	18	17	12	16	15	16	17	15	15	17	14	18	18	20	14	19	18	19	17	15	18	18	14	19	17	18	11	17	20	17	12	20	14	17	
1	1	1	1	2	2	2	3	3	3	3	3	4	4	4	4	4	4	5	5	5	5	5	5	5	5	5	6	6	6	6	6	7	8	8	8	8	8	9	9	9	9	9	9	9	10	10	10	10	11	11	11	11	11	11	12	12	13	13	13	13	13	13	13	13	14	14	15	15	15	16	16	16	16	16	16	17	17	17	18	18	18	18	18	19	19	19	19	19	19	19	19	20	20	20	20	20	20	20	20	
