200
20	5
167	13.2
29	28	31	26	31	27	27	29	28	30	28	27	27	30	30	27	31	26	27	26	27	31	29	26	26	29	29	27	29	27	27	30	29	29	31	26	27	30	28	27	29	26	30	31	27	26	29	29	31	29	30	29	30	31	28	27	31	30	31	26	26	30	30	28	26	26	29	28	28	26	28	27	27	27	31	31	30	27	29	26	31	29	29	26	29	28	31	31	30	30	29	31	26	26	28	29	27	26	26	28	29	29	28	31	28	31	31	27	28	29	26	26	26	29	29	31	31	27	31	27	27	27	31	31	31	28	30	28	26	30	29	30	26	29	29	27	29	29	26	26	26	30	30	26	28	28	27	30	30	31	28	31	29	28	27	29	30	26	28	30	29	29	31	26	28	27	30	27	26	31	28	29	26	28	29	28	29	26	28	29	26	31	31	28	28	28	29	28	29	26	29	30	27	26	30	27	26	26	30	30	
93	80	88	81	83	84	77	81	77	90	79	84	88	90	77	86	79	90	93	84	92	83	93	92	89	81	81	83	84	93	78	77	86	92	92	80	80	76	77	88	87	90	90	90	84	76	85	82	88	94	93	85	91	89	92	76	92	91	81	90	80	81	84	87	81	89	85	91	85	93	89	79	87	90	79	86	86	92	83	89	76	81	85	88	79	93	78	88	85	85	76	90	80	79	91	83	92	86	78	83	89	91	76	87	78	86	78	91	93	90	92	89	85	81	86	80	85	79	79	82	77	92	87	83	91	85	79	79	81	82	87	91	87	92	81	88	78	82	88	78	85	92	83	80	91	93	93	90	80	87	94	90	88	78	81	94	78	79	84	83	90	84	76	76	84	82	88	93	91	77	85	94	89	83	78	84	89	87	80	88	87	76	86	92	83	93	80	93	80	90	92	92	81	82	76	76	91	93	94	80	
16.5	23.1	24.2	30.8	20.9	31.9	30.8	11	16.5	14.3	30.8	30.8	29.7	26.4	33	18.7	23.1	14.3	29.7	20.9	14.3	13.2	27.5	26.4	31.9	20.9	27.5	31.9	11	22	27.5	26.4	22	18.7	13.2	26.4	24.2	14.3	11	19.8	12.1	12.1	23.1	19.8	26.4	16.5	16.5	31.9	29.7	16.5	13.2	25.3	26.4	26.4	15.4	15.4	14.3	24.2	14.3	11	27.5	20.9	14.3	31.9	25.3	29.7	29.7	28.6	28.6	23.1	29.7	33	28.6	19.8	15.4	24.2	27.5	14.3	24.2	27.5	27.5	27.5	29.7	25.3	22	25.3	22	24.2	30.8	23.1	18.7	16.5	13.2	23.1	31.9	25.3	22	11	19.8	14.3	24.2	15.4	13.2	14.3	18.7	17.6	11	19.8	25.3	18.7	23.1	33	20.9	30.8	22	18.7	31.9	16.5	20.9	20.9	17.6	27.5	18.7	13.2	16.5	33	28.6	11	24.2	31.9	27.5	31.9	30.8	26.4	30.8	23.1	27.5	16.5	24.2	31.9	24.2	15.4	29.7	20.9	27.5	18.7	33	25.3	14.3	22	23.1	33	25.3	20.9	25.3	23.1	17.6	23.1	28.6	24.2	13.2	13.2	14.3	29.7	29.7	29.7	11	18.7	12.1	28.6	30.8	20.9	23.1	24.2	29.7	26.4	15.4	29.7	31.9	24.2	27.5	28.6	29.7	22	15.4	25.3	33	25.3	16.5	16.5	13.2	13.2	30.8	29.7	12.1	33	33	16.5	22	30.8	
30.8	29.7	15.4	29.7	27.5	30.8	19.8	33	30.8	17.6	23.1	13.2	29.7	23.1	11	29.7	25.3	17.6	33	19.8	11	33	31.9	27.5	15.4	25.3	28.6	13.2	27.5	28.6	15.4	12.1	19.8	25.3	31.9	25.3	29.7	11	31.9	17.6	23.1	29.7	11	29.7	25.3	17.6	31.9	19.8	11	19.8	11	18.7	28.6	31.9	29.7	25.3	14.3	13.2	31.9	13.2	27.5	31.9	22	23.1	19.8	33	14.3	30.8	31.9	18.7	33	31.9	22	12.1	22	31.9	13.2	24.2	25.3	28.6	30.8	14.3	28.6	18.7	13.2	20.9	27.5	31.9	22	16.5	22	27.5	26.4	25.3	22	29.7	13.2	29.7	18.7	13.2	13.2	33	22	25.3	29.7	31.9	12.1	25.3	27.5	19.8	31.9	20.9	20.9	17.6	28.6	23.1	28.6	25.3	23.1	33	28.6	33	27.5	22	14.3	25.3	20.9	25.3	25.3	28.6	15.4	19.8	14.3	16.5	19.8	33	33	27.5	15.4	22	16.5	18.7	27.5	24.2	11	16.5	26.4	20.9	17.6	23.1	12.1	25.3	25.3	17.6	29.7	17.6	17.6	18.7	19.8	30.8	27.5	19.8	25.3	15.4	14.3	14.3	17.6	12.1	33	25.3	25.3	19.8	25.3	27.5	13.2	12.1	16.5	14.3	19.8	18.7	22	30.8	17.6	27.5	30.8	18.7	17.6	17.6	15.4	17.6	11	29.7	18.7	15.4	25.3	28.6	12.1	13.2	30.8	22	
22	26.4	31.9	28.6	14.3	12.1	28.6	14.3	24.2	20.9	31.9	24.2	13.2	16.5	24.2	30.8	20.9	11	12.1	26.4	
10	14	13	13	15	12	17	14	15	18	17	11	15	12	20	19	11	17	18	16	10	10	18	17	19	14	16	11	20	11	13	18	10	15	12	17	10	11	15	20	13	15	16	18	15	14	11	17	19	17	12	17	17	17	13	15	16	20	16	10	10	14	10	13	15	13	17	20	11	10	12	11	13	15	14	20	13	16	15	11	15	12	17	10	11	18	17	11	12	19	11	18	20	20	11	16	19	19	13	16	16	18	16	17	14	20	12	17	20	15	18	19	12	18	11	13	14	20	10	15	10	16	16	19	14	14	20	15	11	14	10	16	14	16	19	19	20	20	17	19	15	14	10	16	13	16	17	16	16	16	17	12	17	16	19	15	19	14	18	11	20	18	19	16	18	17	20	19	17	12	20	14	14	15	19	14	12	14	14	18	12	15	14	14	15	16	12	15	10	15	12	14	13	10	11	16	10	11	12	15	
1	1	1	1	1	1	1	1	1	2	2	2	2	2	2	2	2	2	2	2	2	2	2	2	2	2	2	3	3	3	3	4	4	4	4	4	4	4	4	4	4	4	4	4	5	5	5	5	5	5	5	5	5	5	6	6	6	6	6	6	6	6	6	6	6	6	6	7	7	7	7	7	7	7	7	8	8	8	8	8	8	8	8	8	8	8	8	9	9	9	9	9	9	9	9	10	10	10	10	10	10	11	11	11	11	11	11	11	11	12	12	12	12	12	12	12	12	12	13	13	13	13	13	14	14	14	14	14	14	14	14	14	14	14	14	15	15	15	15	15	15	15	15	15	16	16	16	16	16	16	16	16	16	16	16	16	16	17	17	17	17	17	17	17	17	17	17	17	17	17	18	18	18	18	18	18	18	18	18	19	19	19	19	19	19	19	19	19	19	19	19	19	20	20	20	20	20	20	20	20	
