400
20	4
327	16.5
29	27	30	29	30	31	28	28	27	30	29	31	31	30	26	29	28	26	28	27	27	29	31	29	26	31	29	29	28	26	29	29	31	29	31	27	26	30	28	28	29	30	30	30	31	28	29	26	27	29	28	27	27	31	26	30	30	30	29	31	30	27	28	31	26	28	29	27	29	29	31	30	28	29	26	26	28	30	27	29	31	26	29	30	26	29	28	30	28	29	26	31	26	29	29	27	27	31	27	31	27	26	27	30	28	27	26	26	29	29	28	31	30	26	31	29	31	28	28	30	30	31	28	26	30	29	27	31	26	30	28	26	29	31	28	31	29	29	31	26	29	26	30	27	26	29	27	29	27	29	30	26	27	31	29	29	26	27	26	30	27	26	28	31	29	30	26	28	29	26	30	27	27	28	26	31	26	30	31	31	31	27	28	31	31	26	31	29	29	31	30	26	27	31	28	30	27	26	31	28	27	31	28	27	27	29	29	27	27	31	26	26	31	26	28	27	31	31	26	29	27	29	28	27	27	28	27	27	27	28	30	26	31	26	27	28	26	26	26	27	26	29	28	29	30	26	26	26	29	30	30	31	28	26	30	29	30	26	29	27	28	31	29	27	28	29	29	26	27	27	29	27	29	31	26	31	28	29	27	28	26	31	30	28	28	29	27	27	31	28	26	26	28	31	30	28	27	29	28	29	29	31	30	26	30	30	26	26	26	27	26	27	31	28	30	27	26	31	27	26	31	28	26	31	29	28	26	29	31	31	29	29	28	29	31	29	31	30	30	28	29	31	30	28	27	26	27	29	29	27	28	31	29	26	29	28	30	30	31	29	28	30	31	28	31	28	29	29	31	29	26	27	30	26	30	26	27	28	26	29	29	30	30	28	29	28	31	28	28	31	29	28	26	29	27	30	29	30	28	29	
76	88	87	76	88	80	85	93	80	81	78	79	85	78	89	78	87	93	90	77	87	82	78	78	81	81	89	77	87	78	84	88	84	86	85	82	87	80	76	94	80	88	76	84	94	85	90	90	76	89	92	83	87	86	86	88	83	88	83	93	85	82	89	88	86	90	85	84	82	86	83	86	82	88	90	93	76	84	82	79	92	88	89	76	90	81	91	80	87	78	80	83	78	82	91	86	76	94	77	90	77	76	93	85	79	87	85	80	89	79	91	80	89	85	82	90	94	78	82	91	83	80	93	83	76	84	87	79	93	87	89	93	94	84	81	86	87	84	82	89	90	89	88	91	87	81	81	88	82	83	85	77	85	85	78	89	89	90	85	90	91	86	83	83	91	93	94	87	89	93	88	82	79	94	87	90	82	81	82	92	89	81	83	77	79	77	81	83	88	82	92	94	84	86	89	81	83	84	84	88	76	78	88	90	87	93	90	77	86	76	93	81	81	92	87	78	93	77	93	82	79	93	86	84	86	80	84	79	94	92	89	84	79	88	88	84	83	80	79	91	91	81	78	77	86	88	88	81	83	78	76	90	82	90	83	76	79	92	92	89	76	77	87	89	93	78	91	90	91	78	81	93	87	87	81	78	94	78	92	83	86	94	76	81	83	81	89	85	91	94	77	90	77	93	83	76	80	76	86	77	86	88	76	80	82	91	79	82	93	93	83	91	78	77	90	87	82	91	83	90	93	86	94	88	77	82	81	76	94	82	76	84	89	88	82	92	84	89	90	79	76	80	90	85	81	78	88	80	80	92	82	78	93	80	83	91	92	78	78	85	83	93	88	86	88	81	89	79	87	89	78	84	89	86	80	85	78	93	79	87	83	84	88	91	83	87	76	91	79	85	78	76	76	77	89	91	84	85	87	90	
13.2	23.1	11	13.2	14.3	30.8	14.3	30.8	12.1	12.1	31.9	23.1	31.9	20.9	25.3	12.1	18.7	24.2	11	11	26.4	29.7	24.2	14.3	26.4	25.3	26.4	18.7	15.4	25.3	33	29.7	14.3	16.5	33	23.1	22	33	19.8	31.9	14.3	15.4	30.8	26.4	20.9	25.3	14.3	24.2	29.7	18.7	18.7	11	12.1	14.3	17.6	20.9	27.5	16.5	11	27.5	26.4	17.6	24.2	20.9	13.2	30.8	28.6	22	30.8	28.6	26.4	28.6	29.7	17.6	22	16.5	20.9	12.1	29.7	26.4	15.4	29.7	28.6	29.7	25.3	30.8	24.2	22	18.7	30.8	27.5	11	33	31.9	30.8	29.7	16.5	22	27.5	17.6	11	13.2	33	14.3	29.7	25.3	30.8	12.1	33	27.5	33	31.9	27.5	14.3	23.1	23.1	31.9	19.8	13.2	15.4	20.9	13.2	11	12.1	31.9	14.3	26.4	23.1	11	22	33	20.9	30.8	13.2	22	29.7	28.6	31.9	24.2	23.1	12.1	15.4	22	20.9	28.6	17.6	11	28.6	15.4	18.7	28.6	14.3	31.9	14.3	16.5	13.2	24.2	13.2	22	28.6	11	17.6	24.2	19.8	19.8	20.9	17.6	15.4	18.7	25.3	28.6	18.7	30.8	22	24.2	25.3	30.8	26.4	22	17.6	17.6	13.2	28.6	17.6	18.7	31.9	13.2	23.1	16.5	29.7	28.6	27.5	23.1	28.6	19.8	16.5	28.6	23.1	18.7	26.4	22	17.6	33	22	13.2	24.2	25.3	14.3	22	19.8	12.1	29.7	11	14.3	15.4	29.7	11	26.4	25.3	33	16.5	27.5	13.2	30.8	11	19.8	30.8	24.2	24.2	26.4	25.3	27.5	27.5	26.4	23.1	27.5	12.1	22	18.7	19.8	33	25.3	14.3	22	27.5	23.1	20.9	24.2	18.7	22	22	29.7	11	15.4	23.1	25.3	20.9	20.9	23.1	11	23.1	28.6	19.8	17.6	18.7	33	22	12.1	20.9	14.3	19.8	14.3	17.6	12.1	26.4	30.8	33	18.7	24.2	25.3	27.5	15.4	29.7	30.8	31.9	30.8	16.5	17.6	29.7	18.7	31.9	27.5	18.7	15.4	11	22	24.2	19.8	33	20.9	18.7	11	25.3	19.8	31.9	28.6	15.4	26.4	26.4	24.2	30.8	20.9	14.3	20.9	25.3	27.5	16.5	17.6	12.1	12.1	13.2	11	19.8	25.3	20.9	26.4	28.6	31.9	16.5	19.8	24.2	14.3	23.1	25.3	25.3	16.5	31.9	12.1	25.3	25.3	13.2	14.3	29.7	14.3	16.5	24.2	23.1	29.7	29.7	30.8	22	23.1	31.9	30.8	11	29.7	15.4	20.9	28.6	24.2	25.3	18.7	30.8	20.9	20.9	15.4	29.7	26.4	23.1	20.9	30.8	22	16.5	11	31.9	18.7	14.3	29.7	31.9	18.7	25.3	22	31.9	33	25.3	23.1	20.9	24.2	33	30.8	24.2	13.2	22	13.2	20.9	16.5	24.2	19.8	30.8	11	
13.2	18.7	17.6	13.2	19.8	30.8	25.3	29.7	19.8	27.5	14.3	11	20.9	12.1	23.1	20.9	22	11	31.9	24.2	20.9	17.6	23.1	28.6	18.7	16.5	24.2	15.4	20.9	26.4	26.4	22	33	14.3	31.9	17.6	27.5	23.1	19.8	24.2	15.4	25.3	29.7	29.7	20.9	19.8	25.3	17.6	14.3	18.7	25.3	23.1	17.6	29.7	22	20.9	28.6	17.6	11	28.6	26.4	29.7	19.8	27.5	30.8	12.1	12.1	19.8	19.8	31.9	30.8	20.9	12.1	16.5	29.7	12.1	28.6	13.2	23.1	27.5	28.6	12.1	28.6	22	23.1	31.9	11	12.1	16.5	18.7	23.1	16.5	31.9	15.4	28.6	25.3	23.1	23.1	17.6	28.6	28.6	23.1	25.3	27.5	13.2	31.9	15.4	26.4	29.7	28.6	19.8	15.4	19.8	30.8	22	24.2	22	20.9	20.9	23.1	12.1	30.8	11	18.7	27.5	17.6	15.4	12.1	11	30.8	17.6	31.9	27.5	27.5	33	17.6	30.8	19.8	16.5	12.1	18.7	28.6	23.1	22	23.1	33	30.8	24.2	12.1	20.9	14.3	16.5	16.5	16.5	25.3	11	17.6	26.4	13.2	22	20.9	20.9	31.9	18.7	17.6	25.3	33	16.5	13.2	12.1	30.8	15.4	22	19.8	27.5	25.3	25.3	23.1	13.2	24.2	25.3	16.5	26.4	18.7	30.8	28.6	14.3	25.3	27.5	18.7	14.3	13.2	17.6	30.8	14.3	26.4	16.5	11	17.6	25.3	14.3	33	19.8	28.6	26.4	22	29.7	23.1	22	18.7	24.2	33	24.2	24.2	29.7	20.9	11	16.5	22	22	15.4	29.7	33	19.8	22	18.7	28.6	24.2	14.3	13.2	20.9	20.9	30.8	15.4	29.7	17.6	28.6	22	24.2	24.2	20.9	25.3	28.6	14.3	24.2	24.2	15.4	28.6	18.7	27.5	14.3	23.1	25.3	11	19.8	33	25.3	12.1	29.7	12.1	33	29.7	20.9	25.3	16.5	27.5	33	14.3	20.9	30.8	33	16.5	16.5	22	16.5	20.9	22	20.9	29.7	13.2	12.1	18.7	16.5	11	13.2	33	14.3	17.6	11	19.8	28.6	20.9	27.5	22	15.4	15.4	20.9	25.3	28.6	20.9	20.9	18.7	20.9	29.7	28.6	11	15.4	22	25.3	28.6	24.2	16.5	30.8	20.9	16.5	20.9	18.7	23.1	16.5	23.1	25.3	17.6	14.3	17.6	19.8	20.9	30.8	22	15.4	33	29.7	23.1	13.2	28.6	18.7	22	24.2	24.2	17.6	27.5	25.3	12.1	17.6	20.9	11	23.1	11	15.4	15.4	12.1	11	18.7	15.4	30.8	20.9	22	33	24.2	19.8	25.3	33	27.5	20.9	27.5	27.5	14.3	25.3	27.5	29.7	14.3	11	25.3	23.1	24.2	14.3	31.9	25.3	19.8	17.6	25.3	27.5	25.3	23.1	15.4	17.6	12.1	25.3	26.4	23.1	20.9	20.9	12.1	25.3	15.4	14.3	28.6	18.7	22	31.9	30.8	
31.9	23.1	13.2	30.8	30.8	25.3	14.3	28.6	26.4	24.2	26.4	14.3	11	12.1	29.7	30.8	23.1	13.2	31.9	22	
13	17	16	16	19	13	12	19	17	15	16	15	15	18	15	15	16	20	14	18	17	12	14	17	17	17	16	11	20	11	20	19	10	13	18	17	10	16	18	11	13	15	18	17	15	12	13	13	20	10	20	20	17	20	20	19	19	16	16	12	19	10	15	18	18	20	13	16	12	18	10	12	13	13	12	17	13	14	14	19	14	15	15	12	14	13	11	15	10	16	15	20	11	16	19	11	13	12	15	12	20	19	11	14	19	19	11	14	10	14	14	16	15	18	19	18	20	13	16	20	12	11	10	10	11	18	17	19	17	20	20	11	13	15	14	12	10	11	15	13	20	11	19	10	16	16	18	17	20	18	17	12	10	15	20	13	20	12	20	10	20	18	13	14	18	16	13	16	12	11	20	13	12	15	18	12	18	17	11	19	19	11	11	15	18	19	13	13	15	10	14	13	13	20	10	12	19	16	12	15	13	13	14	13	13	16	16	13	17	20	19	18	10	15	12	16	18	13	16	15	17	12	18	20	19	14	18	18	10	17	17	19	19	15	17	14	15	11	18	11	15	19	13	16	11	19	14	19	14	20	12	20	18	16	19	14	20	17	16	14	17	12	13	19	16	18	16	13	14	13	11	17	15	14	16	15	20	13	12	10	18	20	20	20	18	10	15	15	12	16	17	12	14	19	18	10	19	10	18	10	12	16	19	15	18	11	10	12	16	11	20	12	19	17	20	19	13	12	18	17	16	14	16	20	10	17	18	14	12	14	20	20	15	17	18	10	20	14	10	13	12	10	12	18	10	13	18	12	10	19	19	12	13	19	19	18	13	19	14	14	15	18	17	18	16	19	15	15	10	17	11	20	11	10	10	12	12	14	10	17	12	11	15	10	15	18	19	19	18	17	13	16	12	18	11	10	14	10	14	11	
1	1	1	1	1	1	1	1	1	1	1	1	1	1	1	1	1	1	1	1	1	1	1	2	2	2	2	2	2	2	2	2	2	2	2	2	2	2	2	2	2	3	3	3	3	3	3	3	3	3	3	3	3	3	3	3	3	3	4	4	4	4	4	4	4	4	4	4	4	4	4	4	4	4	4	4	4	4	5	5	5	5	5	5	5	5	5	5	5	5	5	5	5	5	5	5	5	5	5	5	5	6	6	6	6	6	6	6	6	6	6	6	6	6	6	6	6	6	7	7	7	7	7	7	7	7	7	7	7	7	7	7	7	7	7	7	7	7	7	7	7	7	7	8	8	8	8	8	8	8	8	8	8	8	8	8	8	8	8	8	8	8	8	8	8	8	8	8	9	9	9	9	9	9	9	9	9	9	9	9	9	9	9	9	9	9	9	9	9	9	9	10	10	10	10	10	10	10	10	10	10	10	10	10	10	10	10	10	10	11	11	11	11	11	11	11	11	11	11	11	11	11	11	11	11	11	11	11	11	12	12	12	12	12	12	12	12	12	12	12	12	12	12	12	12	12	12	12	12	13	13	13	13	13	13	13	13	13	13	13	13	13	13	13	14	14	14	14	14	14	14	14	14	14	14	14	14	14	14	14	14	14	14	14	14	15	15	15	15	15	15	15	15	15	15	15	15	15	15	15	16	16	16	16	16	16	16	16	16	16	16	16	16	16	16	16	16	16	17	17	17	17	17	17	17	17	17	17	17	17	17	17	17	17	17	17	17	17	18	18	18	18	18	18	18	18	18	18	18	18	18	18	18	18	18	18	18	18	18	19	19	19	19	19	19	19	19	19	19	19	19	19	19	19	19	19	20	20	20	20	20	20	20	20	20	20	20	20	20	20	20	20	20	20	20	20	20	20	20	20	
