400
30	7
217	26.4
28	26	29	27	27	26	28	30	27	26	30	31	27	30	29	27	29	27	27	30	31	28	28	31	29	30	27	31	30	29	29	30	26	28	27	28	28	28	29	30	27	28	27	26	31	26	26	26	27	30	28	29	26	28	29	31	31	30	27	31	26	27	29	27	29	26	28	31	28	28	26	26	26	27	29	30	30	28	26	28	26	29	30	30	29	28	29	31	31	31	27	27	26	31	30	28	27	26	26	28	26	27	28	27	31	30	28	29	31	28	26	27	31	29	31	30	27	31	26	26	26	30	26	26	29	30	28	29	28	30	29	31	27	31	30	26	29	27	27	26	27	30	28	31	26	27	29	27	26	30	28	31	31	28	31	31	30	31	31	29	30	29	29	28	27	29	26	26	29	27	26	27	29	26	26	26	29	27	28	26	30	30	27	26	29	31	30	31	28	31	27	27	29	29	27	29	30	30	29	30	27	28	27	31	29	28	30	26	28	31	29	29	26	26	29	28	28	29	28	29	26	29	26	27	28	27	28	26	30	30	26	27	31	30	30	28	31	29	28	30	29	27	27	29	26	29	30	28	30	28	30	28	26	31	28	28	26	30	28	27	31	30	26	28	28	28	31	26	30	26	29	28	29	30	30	31	30	27	30	27	31	27	28	27	29	31	29	26	27	28	28	26	26	30	26	27	28	30	31	29	28	28	28	28	29	30	28	31	30	31	31	27	28	30	30	28	27	30	28	29	29	27	30	30	31	30	29	31	31	26	31	28	31	27	29	30	27	26	29	31	27	29	30	31	29	30	31	27	28	30	28	27	29	27	26	27	26	31	31	26	31	29	28	30	30	26	31	26	27	26	30	27	31	27	30	30	27	29	30	29	30	29	27	31	28	30	27	30	27	28	26	29	26	31	29	29	30	31	30	30	
82	87	92	86	94	84	86	79	82	79	76	83	83	77	78	83	85	92	81	87	85	94	94	91	79	94	91	92	87	93	85	93	90	79	94	87	77	85	90	80	77	87	82	82	78	81	81	92	80	85	92	87	93	86	87	85	86	92	78	90	88	94	91	86	86	80	76	78	80	93	76	76	84	85	94	82	84	91	92	76	89	87	85	89	91	86	94	92	77	93	81	83	91	82	83	93	77	78	87	78	83	76	89	81	76	76	88	85	90	90	93	93	84	78	79	91	91	84	93	93	90	76	77	77	80	82	89	94	86	83	78	93	92	77	94	90	93	77	87	83	89	91	90	85	81	92	76	79	92	92	87	82	83	77	82	79	84	94	87	79	81	92	80	85	76	88	80	90	86	82	87	89	93	90	90	76	85	85	84	86	88	80	77	89	91	85	80	79	86	87	93	76	77	89	86	79	77	77	78	83	88	94	92	78	88	93	88	80	83	82	94	86	84	87	78	91	81	76	93	77	76	91	83	78	90	81	81	79	83	85	87	81	86	94	86	90	86	85	82	92	82	83	82	89	94	81	83	81	85	78	93	91	83	77	88	85	87	79	83	80	89	82	89	89	87	93	78	86	82	79	90	84	82	87	77	83	84	94	77	93	88	87	78	94	83	84	77	88	80	90	91	82	89	89	94	93	76	80	78	83	76	76	93	84	87	78	85	84	93	88	77	76	80	80	83	82	92	91	84	84	85	81	84	94	88	91	78	79	85	85	84	91	88	77	83	83	77	76	83	83	87	82	82	94	83	77	82	89	86	88	77	91	92	88	85	76	84	80	77	92	88	79	76	77	76	90	92	93	82	88	86	86	93	88	92	76	79	91	76	81	84	81	77	79	85	79	93	93	79	76	79	92	81	85	85	87	91	89	80	93	
27.5	24.2	22	18.7	26.4	33	15.4	15.4	12.1	17.6	22	16.5	15.4	16.5	16.5	17.6	12.1	31.9	23.1	27.5	14.3	22	33	31.9	25.3	33	20.9	11	33	26.4	24.2	29.7	31.9	25.3	22	22	15.4	25.3	23.1	15.4	18.7	31.9	33	22	27.5	23.1	14.3	31.9	28.6	16.5	28.6	24.2	17.6	16.5	27.5	27.5	16.5	30.8	26.4	28.6	28.6	30.8	17.6	28.6	26.4	11	22	13.2	16.5	29.7	29.7	20.9	27.5	18.7	11	26.4	14.3	14.3	15.4	11	25.3	14.3	15.4	26.4	27.5	26.4	15.4	22	29.7	15.4	31.9	27.5	19.8	18.7	31.9	22	30.8	17.6	24.2	20.9	11	30.8	22	27.5	26.4	27.5	26.4	28.6	14.3	29.7	20.9	19.8	26.4	24.2	11	13.2	30.8	24.2	16.5	22	24.2	14.3	18.7	20.9	23.1	29.7	11	25.3	29.7	28.6	29.7	27.5	30.8	25.3	13.2	15.4	14.3	33	17.6	13.2	18.7	25.3	31.9	11	17.6	31.9	24.2	33	30.8	30.8	27.5	16.5	27.5	27.5	27.5	28.6	31.9	13.2	28.6	33	30.8	23.1	22	16.5	26.4	20.9	30.8	15.4	33	16.5	22	29.7	23.1	14.3	22	20.9	26.4	31.9	13.2	11	28.6	23.1	22	25.3	24.2	23.1	30.8	27.5	15.4	14.3	23.1	15.4	17.6	26.4	12.1	15.4	18.7	30.8	29.7	25.3	24.2	17.6	12.1	15.4	23.1	20.9	30.8	16.5	31.9	18.7	16.5	24.2	29.7	25.3	22	24.2	15.4	11	22	24.2	26.4	20.9	19.8	28.6	11	31.9	19.8	18.7	16.5	19.8	23.1	22	25.3	22	22	12.1	11	23.1	25.3	14.3	24.2	12.1	14.3	17.6	14.3	28.6	16.5	30.8	23.1	29.7	20.9	33	26.4	30.8	15.4	22	22	30.8	13.2	23.1	29.7	20.9	23.1	29.7	17.6	14.3	12.1	30.8	29.7	15.4	29.7	18.7	18.7	15.4	33	26.4	31.9	22	29.7	15.4	13.2	33	27.5	14.3	19.8	16.5	22	16.5	33	28.6	31.9	12.1	33	30.8	19.8	18.7	27.5	16.5	19.8	27.5	28.6	22	15.4	31.9	23.1	25.3	24.2	30.8	33	13.2	15.4	11	31.9	13.2	18.7	16.5	18.7	11	14.3	22	14.3	31.9	17.6	23.1	27.5	16.5	22	30.8	18.7	24.2	30.8	14.3	11	28.6	19.8	14.3	18.7	22	12.1	23.1	33	13.2	11	31.9	22	14.3	15.4	28.6	19.8	25.3	31.9	30.8	31.9	24.2	22	26.4	26.4	33	13.2	14.3	24.2	27.5	25.3	15.4	25.3	14.3	27.5	16.5	30.8	12.1	15.4	28.6	14.3	16.5	19.8	25.3	22	15.4	17.6	31.9	18.7	14.3	27.5	27.5	18.7	25.3	22	12.1	28.6	20.9	17.6	20.9	14.3	19.8	19.8	24.2	31.9	18.7	29.7	19.8	
12.1	17.6	17.6	29.7	11	28.6	14.3	30.8	28.6	12.1	12.1	31.9	23.1	11	26.4	24.2	19.8	20.9	20.9	28.6	24.2	15.4	33	33	18.7	11	19.8	31.9	27.5	30.8	28.6	17.6	17.6	30.8	12.1	22	29.7	26.4	14.3	16.5	29.7	22	27.5	19.8	28.6	13.2	22	33	15.4	22	20.9	18.7	12.1	24.2	22	12.1	31.9	11	15.4	30.8	13.2	29.7	18.7	28.6	22	12.1	31.9	26.4	14.3	14.3	18.7	15.4	30.8	22	19.8	11	13.2	17.6	28.6	12.1	26.4	14.3	26.4	24.2	12.1	16.5	20.9	16.5	26.4	29.7	12.1	22	14.3	29.7	14.3	26.4	30.8	27.5	23.1	11	29.7	33	19.8	12.1	16.5	14.3	25.3	20.9	14.3	24.2	12.1	16.5	18.7	14.3	23.1	18.7	11	23.1	29.7	29.7	17.6	20.9	15.4	29.7	19.8	18.7	13.2	13.2	29.7	31.9	11	26.4	25.3	26.4	14.3	14.3	29.7	25.3	29.7	31.9	19.8	33	30.8	15.4	25.3	23.1	20.9	20.9	20.9	30.8	33	26.4	16.5	26.4	23.1	19.8	28.6	26.4	20.9	13.2	28.6	29.7	16.5	23.1	22	30.8	13.2	18.7	28.6	24.2	12.1	30.8	19.8	12.1	12.1	11	15.4	12.1	22	16.5	23.1	16.5	29.7	25.3	33	19.8	13.2	27.5	13.2	33	29.7	24.2	14.3	22	25.3	17.6	19.8	29.7	31.9	11	28.6	22	29.7	30.8	33	13.2	12.1	26.4	14.3	26.4	26.4	19.8	28.6	22	16.5	18.7	25.3	13.2	26.4	23.1	18.7	25.3	22	24.2	12.1	15.4	17.6	18.7	18.7	25.3	19.8	17.6	30.8	11	14.3	20.9	25.3	33	30.8	25.3	15.4	14.3	29.7	20.9	29.7	26.4	29.7	13.2	27.5	11	19.8	28.6	13.2	18.7	22	30.8	29.7	33	25.3	30.8	30.8	20.9	12.1	30.8	31.9	25.3	25.3	12.1	27.5	12.1	15.4	31.9	33	31.9	22	30.8	11	28.6	30.8	28.6	17.6	30.8	28.6	22	17.6	14.3	23.1	27.5	23.1	28.6	13.2	18.7	14.3	15.4	19.8	30.8	33	24.2	23.1	24.2	26.4	24.2	28.6	25.3	23.1	23.1	30.8	18.7	28.6	33	30.8	19.8	13.2	17.6	29.7	23.1	24.2	25.3	22	17.6	33	13.2	24.2	11	14.3	18.7	12.1	17.6	22	25.3	15.4	28.6	15.4	26.4	19.8	14.3	17.6	29.7	30.8	22	16.5	13.2	19.8	12.1	30.8	16.5	12.1	16.5	27.5	28.6	24.2	14.3	15.4	24.2	15.4	16.5	15.4	24.2	26.4	22	30.8	19.8	31.9	33	28.6	33	33	22	26.4	25.3	17.6	11	31.9	20.9	24.2	18.7	33	30.8	24.2	29.7	14.3	25.3	23.1	17.6	11	11	22	14.3	23.1	16.5	22	14.3	23.1	25.3	14.3	12.1	15.4	24.2	15.4	14.3	
17.6	16.5	27.5	33	18.7	19.8	23.1	15.4	22	24.2	15.4	15.4	14.3	30.8	29.7	19.8	29.7	25.3	12.1	17.6	11	12.1	23.1	28.6	30.8	15.4	29.7	12.1	15.4	16.5	
13	13	18	16	17	15	10	17	14	18	18	15	14	13	16	16	13	10	15	10	15	10	15	12	19	12	19	17	14	16	12	11	13	19	14	19	11	10	10	12	16	16	15	16	18	15	20	13	20	20	14	18	20	17	15	10	13	14	12	17	18	11	19	19	11	16	17	17	20	20	12	12	13	14	11	18	11	14	19	13	15	13	12	15	19	13	14	10	20	20	20	19	13	15	13	19	15	20	15	20	11	14	11	20	16	11	16	13	10	13	15	15	20	15	15	10	17	18	17	20	16	19	13	14	12	15	18	11	11	12	16	19	16	10	17	11	16	20	13	18	13	18	18	14	14	18	11	20	13	11	14	10	13	13	10	13	11	12	15	13	11	11	13	17	17	18	18	11	12	18	14	16	13	14	15	19	17	18	19	20	12	13	11	15	16	12	13	11	14	16	13	12	10	13	10	10	19	11	19	16	18	14	10	16	16	17	17	14	10	12	17	13	17	12	11	14	16	13	11	11	15	19	14	16	19	19	19	15	14	20	15	13	20	19	17	17	13	13	20	13	15	14	14	10	16	18	18	14	16	16	11	17	12	17	11	16	20	15	19	16	15	17	14	13	13	13	19	19	13	18	11	12	10	16	15	11	12	18	13	11	17	17	18	12	14	15	12	11	18	20	20	10	15	18	10	11	19	17	19	18	14	13	12	15	19	12	19	19	16	13	16	15	16	15	14	18	12	14	19	10	14	20	15	13	17	19	11	11	16	14	18	19	19	15	20	20	16	11	12	13	18	12	17	12	11	18	13	10	17	11	10	19	17	13	10	11	18	18	20	13	17	10	17	14	12	12	12	19	16	10	17	12	15	20	17	20	18	10	19	17	15	12	20	12	11	18	20	15	13	20	12	13	16	17	15	16	17	13	11	12	
1	1	1	1	1	1	1	1	1	1	1	1	1	2	2	2	2	2	2	2	2	2	2	2	2	3	3	3	3	3	3	3	3	3	3	3	3	3	4	4	4	4	4	4	4	4	4	4	4	4	4	4	4	4	4	4	4	5	5	5	5	5	5	5	5	5	5	6	6	6	6	6	6	6	6	6	6	7	7	7	7	7	7	7	7	7	7	8	8	8	8	8	8	8	8	8	9	9	9	9	9	9	9	9	9	9	9	9	10	10	10	10	10	10	10	11	11	11	11	11	11	11	11	11	11	11	11	11	11	11	11	11	11	12	12	12	12	12	12	12	12	12	12	12	12	12	12	13	13	13	13	13	13	13	13	13	13	14	14	14	14	14	14	14	14	14	14	14	14	14	14	15	15	15	15	15	15	15	15	15	15	15	15	15	15	15	16	16	16	16	16	16	16	16	16	16	16	16	16	16	16	16	16	17	17	17	17	17	17	17	17	18	18	18	18	18	18	18	18	18	18	18	19	19	19	19	19	19	19	19	19	19	19	19	19	19	20	20	20	20	20	20	20	20	20	20	20	20	20	20	20	20	20	21	21	21	21	21	21	21	21	21	21	21	21	21	21	21	21	21	21	21	21	22	22	22	22	22	22	22	22	22	22	23	23	23	23	23	23	23	23	23	23	23	24	24	24	24	24	24	24	24	24	24	24	24	24	24	24	24	24	24	25	25	25	25	25	25	25	25	25	25	25	25	25	26	26	26	26	26	26	26	26	26	26	26	26	26	26	27	27	27	27	27	27	27	27	27	27	27	27	27	27	27	27	27	27	28	28	28	28	28	28	28	28	28	28	28	28	28	28	28	29	29	29	29	29	29	29	29	29	29	29	29	30	30	30	30	30	30	30	30	30	30	30	30	30	30	30	30	
