200
10	2
317	33
31	27	27	28	27	29	28	29	29	29	28	30	28	30	31	30	27	29	28	27	27	30	26	26	28	30	26	27	29	31	31	28	28	29	26	29	28	31	31	28	30	29	27	29	27	31	26	30	30	27	26	28	29	28	28	28	30	28	30	26	27	29	28	28	29	29	26	29	30	28	29	26	26	26	29	31	28	30	28	29	26	28	30	30	29	26	29	28	31	28	29	27	29	29	26	30	28	29	27	30	28	28	29	30	27	30	26	29	31	30	28	30	31	30	27	31	26	27	30	31	28	28	27	27	29	26	27	29	30	30	28	27	26	30	27	26	30	30	27	31	27	26	29	31	29	31	30	30	28	29	28	29	26	27	30	27	30	31	28	28	28	27	30	29	27	28	27	31	27	31	26	30	28	27	29	29	26	28	30	30	30	30	31	27	26	29	31	30	27	28	26	29	26	29	29	27	30	29	29	28	
91	92	90	80	83	85	77	81	93	91	93	89	78	78	83	89	92	87	91	94	88	79	83	88	80	81	89	78	93	93	86	78	78	85	80	88	91	93	90	84	90	85	86	76	80	85	87	79	91	78	77	82	85	80	91	77	88	84	86	81	93	77	78	89	86	85	94	87	82	80	76	83	93	92	90	85	88	85	88	87	89	84	85	92	93	80	88	88	86	85	87	77	85	87	80	88	86	91	89	81	92	94	93	82	81	79	90	79	89	81	82	80	92	89	78	87	82	77	90	79	81	86	80	84	86	81	93	76	88	81	88	90	81	92	77	77	89	85	86	83	92	84	81	84	89	77	89	81	82	82	82	92	91	91	88	93	76	76	90	93	91	76	76	87	89	88	82	84	76	79	77	87	93	79	84	83	78	91	78	93	94	77	92	76	81	83	88	79	76	90	87	77	79	93	86	93	88	79	93	82	
28.6	23.1	16.5	20.9	22	30.8	18.7	20.9	30.8	20.9	28.6	20.9	18.7	23.1	19.8	11	17.6	22	22	24.2	25.3	18.7	15.4	19.8	11	30.8	12.1	29.7	11	23.1	20.9	33	30.8	27.5	33	11	17.6	15.4	20.9	27.5	20.9	24.2	25.3	17.6	15.4	25.3	25.3	26.4	17.6	24.2	22	12.1	29.7	28.6	17.6	29.7	29.7	33	20.9	16.5	24.2	13.2	13.2	16.5	16.5	29.7	25.3	12.1	13.2	19.8	33	28.6	25.3	15.4	26.4	33	30.8	28.6	11	25.3	23.1	29.7	18.7	24.2	26.4	17.6	24.2	29.7	27.5	12.1	14.3	17.6	31.9	16.5	30.8	19.8	31.9	29.7	25.3	18.7	19.8	20.9	18.7	24.2	24.2	23.1	11	25.3	30.8	22	25.3	16.5	16.5	18.7	20.9	14.3	24.2	33	28.6	30.8	25.3	14.3	12.1	13.2	24.2	19.8	13.2	17.6	17.6	17.6	27.5	30.8	28.6	29.7	25.3	27.5	26.4	23.1	11	29.7	19.8	26.4	31.9	24.2	17.6	19.8	27.5	12.1	26.4	23.1	26.4	28.6	29.7	11	28.6	22	28.6	27.5	24.2	31.9	19.8	33	13.2	11	14.3	15.4	17.6	31.9	26.4	15.4	11	18.7	24.2	13.2	20.9	15.4	15.4	18.7	23.1	31.9	23.1	18.7	12.1	13.2	29.7	19.8	27.5	12.1	15.4	12.1	18.7	14.3	29.7	31.9	25.3	12.1	26.4	23.1	26.4	29.7	
22	28.6	26.4	33	22	22	28.6	24.2	17.6	26.4	24.2	16.5	19.8	29.7	27.5	15.4	16.5	33	28.6	28.6	16.5	22	27.5	31.9	22	28.6	23.1	19.8	26.4	29.7	33	11	18.7	26.4	16.5	13.2	33	29.7	19.8	31.9	25.3	23.1	20.9	25.3	11	23.1	31.9	28.6	27.5	17.6	22	22	18.7	31.9	16.5	29.7	20.9	31.9	20.9	17.6	23.1	27.5	13.2	11	19.8	23.1	22	14.3	24.2	28.6	31.9	26.4	29.7	19.8	28.6	18.7	12.1	13.2	23.1	23.1	13.2	23.1	15.4	17.6	29.7	23.1	27.5	31.9	30.8	25.3	15.4	14.3	25.3	13.2	19.8	22	26.4	33	19.8	16.5	16.5	18.7	31.9	16.5	29.7	16.5	14.3	14.3	23.1	22	28.6	30.8	27.5	31.9	13.2	12.1	13.2	29.7	28.6	11	11	24.2	12.1	23.1	31.9	24.2	13.2	33	12.1	19.8	33	12.1	30.8	19.8	20.9	28.6	12.1	23.1	11	12.1	16.5	16.5	14.3	22	28.6	17.6	23.1	28.6	26.4	14.3	16.5	28.6	13.2	17.6	33	19.8	25.3	28.6	29.7	33	25.3	33	15.4	19.8	30.8	20.9	15.4	27.5	30.8	16.5	18.7	19.8	19.8	26.4	19.8	33	24.2	20.9	17.6	18.7	18.7	23.1	18.7	29.7	17.6	30.8	23.1	18.7	33	29.7	23.1	30.8	29.7	20.9	15.4	13.2	30.8	33	23.1	15.4	
24.2	14.3	26.4	29.7	13.2	31.9	33	30.8	15.4	13.2	
17	16	13	10	10	12	13	19	19	17	10	16	11	19	16	10	12	11	17	19	17	10	15	12	15	10	20	20	16	20	18	11	11	11	16	20	11	19	17	17	17	18	16	16	20	15	18	15	15	20	17	16	14	10	16	12	10	12	20	17	20	14	20	15	11	13	14	11	14	13	14	13	12	17	15	20	15	18	13	15	12	15	14	11	13	17	19	14	20	13	16	10	19	20	10	20	20	20	20	12	15	20	20	12	13	16	15	10	20	11	19	13	14	15	12	13	16	16	11	19	16	19	16	20	14	17	17	19	15	10	14	20	13	11	10	15	11	12	18	16	17	20	18	14	12	19	17	18	18	19	17	12	16	17	20	12	14	16	14	10	15	17	12	19	16	15	15	19	16	10	17	16	14	18	20	10	18	19	10	15	20	10	14	19	14	15	10	12	18	18	19	16	12	16	13	19	17	11	10	15	
1	1	1	1	1	1	1	1	1	1	1	1	1	1	1	1	1	1	1	1	2	2	2	2	2	2	2	2	2	2	2	2	2	2	2	2	3	3	3	3	3	3	3	3	3	3	3	3	3	3	3	3	3	3	3	3	3	4	4	4	4	4	4	4	4	4	4	4	4	4	4	4	4	4	4	4	4	4	4	4	4	5	5	5	5	5	5	5	5	5	5	5	5	5	5	5	5	5	5	5	5	5	5	5	5	5	5	5	6	6	6	6	6	6	6	6	6	6	6	6	6	6	6	6	7	7	7	7	7	7	7	7	7	7	7	7	7	7	7	7	7	7	7	7	7	8	8	8	8	8	8	8	8	8	8	8	8	8	8	8	8	8	8	8	8	9	9	9	9	9	9	9	9	9	9	9	9	9	9	10	10	10	10	10	10	10	10	10	10	10	10	10	10	10	10	10	10	10	10	10	
