200
10	2
308	23.1
31	30	27	31	31	30	31	29	28	27	28	28	29	29	31	31	28	30	27	28	28	27	28	26	29	31	29	31	26	28	26	30	31	29	28	28	29	29	26	29	26	29	28	26	30	28	29	28	28	31	29	26	28	27	26	29	27	30	28	30	31	29	27	27	26	30	31	28	31	30	31	29	30	28	30	29	31	30	29	27	27	30	26	30	29	31	31	28	31	27	31	27	27	31	27	31	29	26	30	28	31	30	29	28	31	30	28	29	29	29	28	28	29	27	26	30	28	29	31	28	26	28	27	28	28	27	27	31	30	27	31	26	30	30	27	27	28	29	29	27	29	31	30	27	29	27	30	30	26	30	31	27	27	26	30	28	27	28	29	31	28	30	30	31	29	29	27	30	30	27	29	26	26	31	30	26	30	28	28	26	30	26	29	31	28	27	28	27	31	27	27	31	29	31	26	27	30	28	31	30	
88	81	93	85	79	77	84	77	85	92	86	84	92	92	89	77	87	83	92	80	76	87	86	91	81	81	79	83	77	90	93	81	88	84	91	93	77	78	82	94	80	94	86	77	80	87	76	91	77	90	86	77	84	84	92	78	84	84	89	78	91	80	84	91	77	84	92	92	88	87	83	79	80	84	80	93	84	94	85	82	76	79	83	93	77	79	88	90	86	77	83	91	90	84	86	86	76	92	79	79	80	93	76	84	90	90	79	77	82	83	86	78	93	88	80	85	83	78	78	94	88	89	94	91	81	79	81	81	89	79	86	87	78	81	92	93	78	80	85	81	79	77	77	84	91	79	88	82	90	86	91	84	87	91	88	76	83	89	84	83	79	80	80	85	91	94	83	84	79	80	79	93	91	79	80	76	88	89	88	91	78	94	86	76	91	93	86	78	83	80	80	77	77	94	86	80	86	77	90	85	
33	16.5	15.4	13.2	18.7	30.8	13.2	13.2	27.5	15.4	17.6	22	12.1	18.7	18.7	16.5	22	19.8	13.2	15.4	31.9	13.2	17.6	12.1	18.7	13.2	24.2	29.7	29.7	23.1	25.3	22	17.6	20.9	31.9	15.4	24.2	14.3	26.4	16.5	31.9	33	20.9	12.1	29.7	33	23.1	27.5	29.7	29.7	24.2	19.8	27.5	28.6	18.7	31.9	29.7	28.6	14.3	22	24.2	30.8	29.7	18.7	31.9	27.5	20.9	14.3	18.7	27.5	17.6	13.2	13.2	15.4	27.5	18.7	24.2	29.7	15.4	28.6	28.6	29.7	30.8	28.6	12.1	26.4	33	17.6	27.5	12.1	25.3	18.7	12.1	16.5	17.6	12.1	29.7	20.9	11	26.4	12.1	22	22	11	15.4	23.1	12.1	13.2	27.5	25.3	11	26.4	26.4	23.1	14.3	17.6	15.4	26.4	24.2	14.3	29.7	11	30.8	13.2	18.7	27.5	26.4	18.7	17.6	33	11	24.2	12.1	14.3	28.6	23.1	22	12.1	26.4	13.2	30.8	25.3	27.5	23.1	13.2	14.3	22	24.2	11	16.5	20.9	24.2	24.2	25.3	12.1	16.5	24.2	13.2	19.8	30.8	15.4	13.2	26.4	16.5	28.6	26.4	18.7	12.1	30.8	20.9	18.7	20.9	30.8	33	20.9	31.9	25.3	24.2	19.8	22	31.9	11	25.3	16.5	25.3	29.7	28.6	29.7	29.7	14.3	24.2	26.4	19.8	13.2	14.3	24.2	12.1	20.9	26.4	20.9	
11	23.1	24.2	16.5	28.6	19.8	15.4	11	24.2	22	31.9	29.7	14.3	26.4	17.6	29.7	29.7	17.6	31.9	11	22	17.6	26.4	16.5	33	20.9	33	20.9	22	19.8	13.2	20.9	28.6	15.4	25.3	20.9	17.6	15.4	25.3	19.8	16.5	25.3	23.1	15.4	19.8	24.2	13.2	17.6	16.5	19.8	18.7	23.1	15.4	19.8	11	17.6	16.5	24.2	13.2	20.9	19.8	15.4	33	20.9	26.4	15.4	26.4	31.9	29.7	27.5	12.1	18.7	19.8	23.1	20.9	31.9	22	20.9	17.6	28.6	13.2	20.9	20.9	11	23.1	33	17.6	18.7	11	11	33	14.3	23.1	23.1	30.8	18.7	30.8	25.3	13.2	23.1	30.8	12.1	15.4	27.5	16.5	31.9	23.1	31.9	28.6	18.7	25.3	15.4	16.5	14.3	29.7	15.4	13.2	23.1	20.9	28.6	18.7	15.4	20.9	29.7	19.8	22	16.5	11	15.4	11	12.1	20.9	25.3	17.6	28.6	25.3	20.9	29.7	31.9	11	15.4	30.8	29.7	19.8	12.1	16.5	19.8	33	17.6	15.4	11	23.1	31.9	24.2	33	15.4	28.6	28.6	24.2	12.1	31.9	24.2	11	18.7	22	25.3	15.4	12.1	29.7	12.1	30.8	18.7	14.3	33	28.6	31.9	11	29.7	31.9	19.8	24.2	15.4	11	16.5	19.8	28.6	22	28.6	25.3	13.2	22	18.7	12.1	12.1	14.3	17.6	22	18.7	17.6	12.1	
12.1	13.2	22	28.6	28.6	29.7	30.8	26.4	19.8	27.5	
16	11	19	20	13	13	18	14	19	19	12	20	16	13	20	18	17	20	18	17	10	18	11	17	20	18	17	19	14	14	15	11	19	13	19	19	11	11	19	10	13	11	16	12	15	10	20	18	14	10	18	14	11	18	18	13	17	17	20	10	13	12	12	20	15	18	20	20	15	17	11	16	18	20	12	16	17	11	13	10	12	17	14	11	10	13	10	16	19	20	14	20	12	12	20	20	20	15	19	20	17	14	19	14	11	15	20	19	11	16	16	15	17	14	17	17	18	10	16	16	20	12	15	18	15	10	13	13	14	17	16	16	14	14	18	10	11	16	20	18	17	20	16	11	16	12	16	13	10	15	15	13	15	12	17	19	14	18	18	11	14	11	15	16	13	15	15	15	13	10	10	14	19	15	13	20	17	18	20	15	17	11	10	16	11	10	13	14	13	11	11	12	11	12	17	11	14	17	15	13	
1	1	1	1	1	1	1	1	1	1	1	1	1	1	1	1	1	1	1	1	2	2	2	2	2	2	2	2	2	2	2	2	2	2	2	2	2	2	3	3	3	3	3	3	3	3	3	3	3	3	3	3	3	3	3	3	3	4	4	4	4	4	4	4	4	4	4	4	4	4	4	4	4	4	4	4	4	4	4	4	4	4	4	4	5	5	5	5	5	5	5	5	5	5	5	5	5	5	5	6	6	6	6	6	6	6	6	6	6	6	6	6	6	6	6	6	6	6	6	6	6	7	7	7	7	7	7	7	7	7	7	7	7	7	7	7	7	7	7	7	7	7	7	7	8	8	8	8	8	8	8	8	8	8	8	8	8	8	8	8	8	8	8	8	8	8	9	9	9	9	9	9	9	9	9	9	9	9	9	9	9	9	9	9	9	9	9	9	10	10	10	10	10	10	10	10	10	10	10	10	
