400
10	2
639	25.3
30	31	31	30	30	31	30	30	26	26	28	26	29	29	30	30	31	30	26	30	30	28	29	27	29	31	31	26	29	31	27	28	26	27	27	26	31	29	29	26	29	27	28	31	29	28	30	29	29	26	27	30	31	30	27	26	26	28	28	27	28	26	30	28	28	28	29	29	26	27	28	28	26	27	31	26	26	27	28	28	28	31	26	30	26	28	31	30	28	26	27	31	29	31	27	27	28	26	27	27	27	26	31	29	30	28	26	29	31	30	31	27	28	26	26	29	31	26	31	29	26	30	31	30	30	31	27	31	29	27	29	28	27	31	31	31	26	29	29	27	28	30	29	31	30	31	27	27	26	29	26	27	31	29	29	26	27	27	28	29	31	27	27	30	28	27	29	29	26	31	31	28	30	27	26	29	30	26	27	29	28	27	27	28	27	28	29	27	30	28	27	29	29	30	30	27	29	29	30	31	28	30	30	26	26	28	31	29	28	27	26	27	28	29	28	27	28	27	27	29	29	28	27	26	28	30	29	29	29	30	27	29	27	27	29	28	29	30	30	27	31	28	27	26	31	31	28	27	30	27	26	28	30	29	31	27	29	30	28	30	27	28	26	26	28	28	31	29	29	26	27	26	28	28	31	27	29	30	31	26	30	29	28	29	31	29	28	26	31	26	27	28	31	29	26	30	27	26	29	26	30	29	26	28	27	29	28	28	28	27	30	28	28	29	26	28	26	30	30	29	29	29	29	31	31	30	31	27	30	28	31	31	31	27	26	31	30	30	26	29	26	28	26	31	30	31	26	27	26	26	29	27	29	30	30	28	27	27	26	27	28	31	26	30	28	27	28	26	30	26	30	26	27	28	30	27	31	27	29	31	26	30	27	27	30	28	27	31	31	31	26	27	30	29	28	30	28	29	26	28	
86	91	90	93	80	88	90	79	83	80	76	83	91	87	81	92	93	92	77	89	93	77	80	85	82	89	84	89	87	80	84	92	76	85	82	84	90	94	85	77	84	89	88	90	79	80	88	82	82	88	79	80	91	76	81	90	91	92	77	94	84	76	91	85	82	76	76	81	81	92	86	88	91	85	88	80	76	77	83	76	85	87	89	94	78	88	87	85	76	81	77	78	80	88	76	80	94	88	78	84	76	81	85	83	88	79	85	93	93	87	80	78	81	87	84	81	94	81	87	77	91	81	88	93	82	80	85	87	80	82	87	85	84	86	82	86	80	92	94	76	76	90	84	88	85	87	76	82	93	87	93	81	79	79	83	83	91	87	87	85	76	94	92	91	86	94	78	87	79	92	85	81	83	85	85	87	92	88	86	94	83	89	86	92	90	91	94	93	93	92	81	92	76	94	88	94	79	88	83	78	85	84	85	84	80	82	92	85	89	93	90	88	78	94	89	83	80	88	90	79	82	92	88	88	92	88	76	77	81	94	89	80	92	92	82	94	78	82	81	87	94	83	86	84	84	89	86	77	94	94	79	80	79	92	93	81	87	82	76	86	91	91	87	81	94	84	81	78	94	79	85	84	87	77	76	77	90	91	78	87	89	85	91	82	82	89	89	87	94	92	76	80	88	93	81	86	81	93	86	83	83	82	83	78	86	90	87	81	79	78	91	80	78	80	87	93	86	91	78	84	77	90	79	79	92	93	79	93	92	87	94	86	91	78	76	87	76	88	79	80	87	81	81	77	84	76	83	78	93	89	90	92	83	86	77	88	91	88	90	83	81	87	76	78	91	88	76	94	85	78	89	82	87	88	79	76	94	94	89	89	83	82	81	91	82	93	77	91	92	81	78	86	78	76	89	90	79	77	87	81	
23.1	15.4	27.5	28.6	12.1	25.3	19.8	26.4	11	22	24.2	22	22	19.8	17.6	16.5	31.9	13.2	14.3	24.2	24.2	17.6	30.8	16.5	33	31.9	27.5	31.9	18.7	25.3	31.9	29.7	31.9	25.3	27.5	19.8	13.2	33	24.2	16.5	12.1	30.8	16.5	15.4	22	20.9	25.3	23.1	25.3	29.7	16.5	26.4	11	11	20.9	28.6	17.6	28.6	16.5	14.3	27.5	18.7	31.9	14.3	22	30.8	13.2	23.1	11	30.8	14.3	17.6	14.3	25.3	19.8	12.1	20.9	28.6	14.3	11	22	20.9	23.1	25.3	28.6	11	18.7	26.4	20.9	28.6	20.9	24.2	30.8	12.1	28.6	25.3	26.4	29.7	27.5	30.8	23.1	16.5	29.7	30.8	16.5	15.4	19.8	29.7	18.7	30.8	12.1	30.8	29.7	14.3	27.5	26.4	17.6	30.8	15.4	16.5	23.1	28.6	25.3	33	15.4	16.5	29.7	12.1	16.5	30.8	13.2	28.6	28.6	22	15.4	14.3	25.3	18.7	20.9	15.4	15.4	27.5	27.5	25.3	28.6	18.7	29.7	15.4	16.5	28.6	18.7	19.8	18.7	27.5	16.5	26.4	26.4	25.3	20.9	27.5	14.3	23.1	16.5	28.6	26.4	29.7	23.1	15.4	16.5	28.6	23.1	13.2	16.5	17.6	18.7	16.5	26.4	16.5	17.6	30.8	11	24.2	20.9	23.1	24.2	25.3	20.9	27.5	31.9	27.5	27.5	23.1	19.8	25.3	28.6	24.2	15.4	26.4	27.5	19.8	19.8	26.4	13.2	27.5	19.8	33	19.8	17.6	26.4	30.8	31.9	27.5	20.9	23.1	11	16.5	14.3	25.3	29.7	33	25.3	31.9	19.8	33	28.6	12.1	26.4	26.4	25.3	29.7	28.6	26.4	28.6	26.4	30.8	29.7	20.9	23.1	33	11	31.9	17.6	26.4	24.2	14.3	25.3	18.7	28.6	16.5	16.5	30.8	31.9	26.4	19.8	26.4	15.4	13.2	18.7	25.3	19.8	22	33	18.7	19.8	25.3	33	14.3	12.1	12.1	17.6	22	28.6	15.4	29.7	11	11	29.7	26.4	23.1	11	33	30.8	20.9	29.7	12.1	28.6	31.9	12.1	23.1	33	31.9	20.9	20.9	27.5	19.8	14.3	15.4	23.1	13.2	20.9	26.4	28.6	13.2	13.2	18.7	30.8	22	18.7	31.9	33	15.4	17.6	28.6	17.6	33	20.9	17.6	16.5	18.7	12.1	27.5	12.1	23.1	14.3	30.8	23.1	28.6	13.2	20.9	33	30.8	24.2	24.2	29.7	24.2	14.3	31.9	26.4	13.2	24.2	25.3	11	11	28.6	27.5	23.1	13.2	29.7	33	15.4	30.8	20.9	17.6	23.1	33	14.3	20.9	20.9	27.5	23.1	25.3	18.7	22	30.8	12.1	19.8	22	25.3	15.4	23.1	15.4	33	12.1	33	11	26.4	14.3	11	13.2	19.8	19.8	28.6	18.7	18.7	26.4	16.5	12.1	13.2	31.9	26.4	18.7	29.7	24.2	22	27.5	27.5	22	20.9	11	12.1	
19.8	29.7	13.2	14.3	18.7	28.6	25.3	13.2	23.1	14.3	26.4	20.9	16.5	30.8	16.5	24.2	24.2	15.4	18.7	15.4	27.5	31.9	26.4	20.9	18.7	26.4	31.9	25.3	19.8	28.6	16.5	11	13.2	20.9	24.2	14.3	30.8	31.9	20.9	30.8	13.2	17.6	23.1	20.9	13.2	33	16.5	22	23.1	33	28.6	25.3	13.2	27.5	16.5	13.2	20.9	20.9	13.2	12.1	16.5	20.9	24.2	12.1	19.8	18.7	17.6	11	16.5	20.9	13.2	15.4	12.1	26.4	16.5	25.3	11	17.6	27.5	24.2	16.5	26.4	12.1	18.7	27.5	30.8	15.4	24.2	22	27.5	22	29.7	17.6	17.6	18.7	14.3	26.4	18.7	33	15.4	13.2	29.7	29.7	25.3	27.5	25.3	16.5	19.8	12.1	31.9	24.2	17.6	14.3	30.8	28.6	26.4	13.2	16.5	16.5	12.1	30.8	11	29.7	22	28.6	19.8	15.4	20.9	18.7	13.2	16.5	14.3	23.1	19.8	14.3	24.2	25.3	16.5	13.2	31.9	29.7	27.5	30.8	23.1	22	22	14.3	27.5	15.4	17.6	30.8	12.1	22	20.9	26.4	22	22	12.1	19.8	31.9	19.8	12.1	30.8	30.8	12.1	18.7	31.9	28.6	28.6	33	20.9	24.2	23.1	31.9	22	18.7	27.5	22	25.3	15.4	33	22	30.8	12.1	16.5	29.7	11	14.3	19.8	29.7	13.2	28.6	26.4	14.3	13.2	19.8	25.3	20.9	31.9	18.7	18.7	23.1	13.2	30.8	24.2	33	18.7	19.8	31.9	27.5	29.7	23.1	14.3	27.5	16.5	18.7	19.8	17.6	23.1	11	30.8	16.5	23.1	11	22	20.9	28.6	11	22	28.6	20.9	13.2	18.7	14.3	17.6	13.2	22	20.9	16.5	12.1	17.6	26.4	26.4	16.5	19.8	27.5	11	13.2	15.4	16.5	29.7	31.9	17.6	28.6	15.4	14.3	12.1	15.4	20.9	23.1	22	29.7	26.4	13.2	23.1	25.3	11	27.5	26.4	28.6	30.8	27.5	25.3	15.4	25.3	13.2	28.6	14.3	17.6	16.5	33	17.6	17.6	20.9	15.4	13.2	15.4	19.8	22	18.7	11	25.3	12.1	24.2	19.8	12.1	31.9	14.3	31.9	19.8	14.3	24.2	33	18.7	22	11	29.7	15.4	24.2	12.1	11	18.7	22	22	13.2	17.6	30.8	30.8	19.8	13.2	20.9	20.9	26.4	17.6	20.9	18.7	17.6	17.6	13.2	30.8	27.5	16.5	27.5	17.6	26.4	25.3	22	22	26.4	14.3	20.9	23.1	23.1	25.3	26.4	28.6	30.8	28.6	22	25.3	26.4	33	14.3	30.8	12.1	23.1	17.6	14.3	31.9	20.9	19.8	26.4	31.9	16.5	29.7	23.1	25.3	30.8	23.1	26.4	26.4	13.2	14.3	29.7	18.7	14.3	16.5	22	22	19.8	20.9	23.1	23.1	28.6	26.4	27.5	18.7	25.3	29.7	25.3	11	26.4	23.1	27.5	20.9	33	16.5	14.3	19.8	26.4	
31.9	26.4	27.5	19.8	28.6	13.2	25.3	17.6	30.8	18.7	
17	20	19	17	16	20	13	10	16	14	18	19	20	11	11	19	19	19	12	19	16	15	14	14	12	15	14	15	19	13	12	12	16	10	18	15	15	11	17	16	10	11	17	12	19	15	10	10	14	15	10	14	14	14	12	20	13	19	10	10	14	15	16	11	13	13	20	18	15	12	13	20	10	14	12	16	14	13	10	16	19	20	13	17	15	15	10	11	17	13	14	10	17	13	19	17	10	10	17	16	20	15	11	19	19	19	19	10	18	19	11	13	16	11	12	16	14	17	17	15	16	14	15	19	10	10	15	15	10	20	14	10	15	18	19	13	16	11	12	15	18	14	11	14	18	10	13	14	15	14	16	11	12	19	14	19	15	13	14	11	11	16	13	11	16	19	13	14	18	13	13	15	17	11	14	18	11	15	19	13	12	10	14	17	20	11	11	14	10	17	11	20	18	20	10	20	16	10	10	17	15	12	11	15	10	14	16	19	16	20	18	20	18	20	18	11	18	13	10	15	10	20	11	18	11	10	13	14	11	19	11	18	13	18	11	18	17	13	18	13	19	10	20	18	15	16	10	19	20	11	10	11	19	13	12	15	17	12	12	20	13	20	19	19	18	13	15	20	13	11	17	20	17	18	17	20	15	20	11	17	18	15	14	18	18	12	13	10	10	19	15	19	15	15	13	12	15	12	11	10	13	19	13	10	19	20	13	10	10	14	14	12	19	19	17	12	17	19	13	19	18	18	19	11	12	16	18	16	17	18	12	13	13	15	17	14	19	16	15	15	15	12	10	20	20	18	11	19	15	19	11	20	20	15	18	10	19	20	10	11	16	20	19	15	15	18	20	15	20	12	17	17	19	17	15	19	14	10	19	10	18	20	15	12	14	10	14	16	12	14	10	13	18	14	19	17	15	18	15	10	
1	1	1	1	1	1	1	1	1	1	1	1	1	1	1	1	1	1	1	1	1	1	1	1	1	1	1	1	1	1	1	1	1	1	1	1	2	2	2	2	2	2	2	2	2	2	2	2	2	2	2	2	2	2	2	2	2	2	2	2	2	2	2	2	2	2	2	2	2	2	2	2	2	2	2	2	2	2	2	3	3	3	3	3	3	3	3	3	3	3	3	3	3	3	3	3	3	3	3	3	3	3	3	3	3	3	3	3	3	3	3	3	3	3	3	3	3	3	3	3	3	3	3	3	3	4	4	4	4	4	4	4	4	4	4	4	4	4	4	4	4	4	4	4	4	4	4	4	4	4	4	4	4	4	4	4	4	4	5	5	5	5	5	5	5	5	5	5	5	5	5	5	5	5	5	5	5	5	5	5	5	5	5	5	5	5	5	5	5	5	5	5	5	5	5	6	6	6	6	6	6	6	6	6	6	6	6	6	6	6	6	6	6	6	6	6	6	6	6	6	6	6	6	6	6	6	6	6	6	6	6	6	6	6	6	6	6	6	6	7	7	7	7	7	7	7	7	7	7	7	7	7	7	7	7	7	7	7	7	7	7	7	7	7	7	7	7	7	7	7	7	7	7	7	7	7	7	7	7	7	7	7	7	7	7	7	7	7	7	8	8	8	8	8	8	8	8	8	8	8	8	8	8	8	8	8	8	8	8	8	8	8	8	8	8	8	8	8	8	8	8	9	9	9	9	9	9	9	9	9	9	9	9	9	9	9	9	9	9	9	9	9	9	9	9	9	9	9	9	9	9	9	9	9	9	9	9	9	9	9	9	9	9	10	10	10	10	10	10	10	10	10	10	10	10	10	10	10	10	10	10	10	10	10	10	10	10	10	10	10	10	10	10	10	10	10	10	10	10	10	
