100
30	5
56	22
27	29	29	29	30	30	28	31	26	26	27	31	28	26	26	27	30	26	28	31	31	30	26	30	30	31	28	31	28	27	26	30	31	31	31	29	27	31	27	28	29	30	28	31	28	31	26	28	27	29	31	26	26	30	31	30	29	30	30	29	26	28	28	28	31	30	29	31	29	31	27	31	31	31	26	27	27	28	27	29	29	29	29	27	28	31	29	28	27	28	27	29	26	29	31	30	28	27	29	26	
76	78	76	79	77	94	85	84	86	83	93	89	93	87	77	84	80	91	88	86	78	88	76	91	84	85	91	78	81	76	87	84	92	88	83	86	87	81	87	91	90	85	92	92	90	79	78	92	80	91	87	79	92	94	88	90	81	77	76	77	85	88	86	85	90	78	87	76	88	78	77	79	78	86	76	91	93	94	88	94	83	93	91	93	76	92	84	79	82	81	84	88	77	80	84	79	89	88	91	85	
30.8	19.8	19.8	27.5	27.5	25.3	13.2	13.2	30.8	26.4	18.7	24.2	20.9	26.4	25.3	31.9	13.2	26.4	33	33	20.9	16.5	27.5	20.9	23.1	31.9	18.7	23.1	18.7	19.8	19.8	17.6	33	20.9	27.5	24.2	15.4	25.3	14.3	19.8	28.6	11	25.3	16.5	31.9	15.4	17.6	31.9	22	25.3	16.5	22	15.4	24.2	13.2	30.8	20.9	28.6	26.4	26.4	23.1	24.2	28.6	23.1	13.2	13.2	11	24.2	22	30.8	19.8	31.9	11	27.5	20.9	14.3	13.2	16.5	16.5	22	17.6	26.4	18.7	17.6	20.9	14.3	12.1	33	13.2	17.6	25.3	20.9	13.2	26.4	25.3	11	13.2	25.3	24.2	14.3	
24.2	23.1	29.7	18.7	15.4	23.1	12.1	22	16.5	26.4	22	12.1	22	22	18.7	13.2	17.6	18.7	23.1	29.7	22	22	11	19.8	20.9	22	11	12.1	30.8	31.9	27.5	16.5	20.9	14.3	11	13.2	22	31.9	30.8	11	31.9	33	13.2	12.1	11	22	25.3	22	31.9	26.4	28.6	33	20.9	17.6	28.6	31.9	30.8	19.8	11	17.6	24.2	28.6	25.3	20.9	28.6	15.4	26.4	28.6	30.8	20.9	18.7	31.9	11	19.8	31.9	30.8	15.4	31.9	28.6	27.5	14.3	23.1	33	33	29.7	30.8	22	31.9	18.7	23.1	18.7	19.8	23.1	23.1	33	29.7	15.4	31.9	25.3	13.2	
23.1	33	19.8	20.9	33	15.4	22	28.6	30.8	33	29.7	31.9	16.5	31.9	17.6	11	30.8	18.7	19.8	14.3	17.6	12.1	30.8	20.9	28.6	24.2	14.3	13.2	16.5	29.7	
17	20	17	17	13	12	10	10	13	14	10	18	15	10	18	14	20	10	12	10	15	19	10	20	17	17	14	16	11	15	10	20	12	19	15	16	18	20	17	17	19	14	19	12	10	17	20	20	12	16	17	20	17	15	10	12	10	18	19	20	11	19	19	19	16	18	15	15	12	18	10	10	19	20	16	18	12	17	11	20	19	10	18	19	10	13	12	15	18	16	19	19	17	12	15	14	19	14	20	19	
1	1	1	1	1	1	1	1	1	1	2	2	2	2	4	4	4	5	5	5	6	6	6	6	7	7	7	7	7	8	8	8	9	9	9	9	9	9	9	10	10	11	11	11	11	11	11	11	11	11	12	12	12	12	12	12	13	13	13	15	15	15	16	16	16	16	17	17	18	18	19	19	19	19	19	20	20	20	20	21	22	22	22	23	24	24	24	25	25	25	26	26	26	27	27	28	28	28	29	30	
