400
10	3
609	29.7
27	27	27	31	28	29	28	26	27	31	30	31	26	27	28	28	30	28	26	27	28	28	31	29	29	27	26	26	31	31	26	31	27	26	30	30	28	27	26	30	29	31	30	30	31	26	29	27	29	30	30	28	26	26	30	26	26	26	31	26	27	29	26	28	26	26	31	29	28	28	27	28	29	27	26	31	26	31	29	28	27	27	31	28	27	31	26	27	31	28	28	30	28	30	31	29	27	29	31	26	27	31	27	28	29	27	30	31	31	28	26	28	26	31	30	31	30	31	31	31	27	31	29	27	30	28	31	28	26	27	30	27	28	31	26	28	26	27	28	31	30	29	26	28	28	31	28	31	28	28	30	26	27	28	27	30	30	28	31	31	27	27	31	26	29	30	27	31	27	30	27	27	27	27	31	29	27	26	29	30	26	28	31	29	29	31	30	26	26	31	27	28	27	30	29	31	31	30	27	29	29	30	29	30	31	28	29	26	27	30	31	28	31	31	28	28	28	27	30	26	30	29	26	31	27	26	30	27	29	28	27	26	29	26	28	26	26	27	29	28	28	26	27	29	27	27	27	31	30	28	30	27	31	29	26	31	28	29	26	31	26	30	27	27	31	28	27	31	29	31	28	26	27	27	31	26	29	27	30	26	28	30	27	26	26	31	26	31	30	27	27	28	30	26	29	30	30	31	31	31	26	30	26	29	28	26	26	27	31	27	28	30	26	30	29	29	27	29	26	31	26	28	28	29	28	29	28	31	31	27	26	29	28	27	27	26	27	29	29	26	26	28	27	31	27	29	28	29	27	31	26	28	28	26	31	26	31	27	31	27	28	29	26	28	31	29	31	30	26	27	29	29	26	29	27	29	27	27	30	30	29	30	26	29	28	26	30	27	26	30	28	30	31	27	31	30	31	30	31	29	
81	91	88	94	79	78	83	92	90	81	83	80	90	89	81	92	93	84	90	78	84	82	90	79	84	81	79	83	80	93	91	87	92	89	79	90	81	89	82	93	94	86	93	88	87	89	83	93	80	94	80	79	84	80	77	84	87	82	76	88	90	88	80	78	89	77	87	90	82	82	89	88	93	76	93	80	84	79	76	93	85	76	86	83	87	79	80	84	84	94	83	90	78	77	87	91	91	92	94	82	83	88	85	87	94	79	84	87	82	80	91	84	85	94	78	81	81	84	86	81	77	87	89	80	90	83	93	88	93	83	83	84	81	83	78	77	85	92	76	83	85	81	91	92	86	80	79	87	90	93	86	85	76	86	84	83	76	85	89	88	81	93	87	93	79	79	77	81	88	87	94	77	91	90	90	94	84	86	76	81	89	84	89	82	87	87	77	79	85	85	80	90	83	85	79	82	81	92	90	94	94	91	91	77	81	77	93	79	88	81	89	76	76	78	89	83	89	92	80	78	80	77	88	80	87	77	84	87	89	87	78	93	89	79	92	81	93	81	88	80	84	80	77	79	89	82	94	77	94	89	76	93	86	86	91	82	84	88	77	76	81	94	78	90	85	80	91	77	80	87	92	90	92	76	92	88	94	77	84	77	83	92	89	80	93	89	88	93	93	76	89	92	82	80	79	92	77	88	89	83	81	86	81	85	86	89	85	80	91	77	78	77	79	84	87	79	89	90	76	86	91	84	87	92	80	88	93	85	94	86	92	83	79	78	82	87	80	77	82	80	85	82	87	92	90	85	80	79	89	85	78	87	77	81	90	80	94	89	79	92	84	92	79	76	81	77	83	89	91	78	81	89	94	82	91	89	91	86	89	81	89	81	85	87	94	81	88	92	94	92	89	81	88	94	84	81	86	79	76	84	
28.6	29.7	15.4	13.2	31.9	33	16.5	29.7	24.2	33	31.9	33	24.2	25.3	33	25.3	14.3	27.5	31.9	15.4	22	22	18.7	11	28.6	11	17.6	15.4	20.9	25.3	31.9	31.9	12.1	20.9	17.6	19.8	17.6	27.5	33	31.9	16.5	27.5	14.3	14.3	30.8	18.7	18.7	25.3	16.5	18.7	31.9	25.3	30.8	17.6	26.4	19.8	26.4	20.9	19.8	11	29.7	23.1	19.8	25.3	13.2	31.9	20.9	31.9	11	16.5	20.9	20.9	25.3	30.8	11	26.4	23.1	23.1	23.1	22	27.5	19.8	19.8	26.4	26.4	33	31.9	20.9	31.9	16.5	27.5	13.2	25.3	18.7	20.9	28.6	17.6	12.1	19.8	26.4	28.6	20.9	12.1	19.8	12.1	20.9	33	27.5	11	29.7	11	33	17.6	13.2	28.6	16.5	25.3	28.6	27.5	30.8	11	22	26.4	23.1	20.9	22	19.8	30.8	29.7	19.8	25.3	23.1	12.1	22	27.5	11	25.3	22	22	22	12.1	19.8	33	24.2	14.3	20.9	16.5	12.1	12.1	23.1	15.4	25.3	13.2	27.5	30.8	27.5	30.8	23.1	33	30.8	18.7	25.3	23.1	18.7	14.3	18.7	11	24.2	16.5	20.9	17.6	13.2	18.7	19.8	11	17.6	11	31.9	27.5	33	27.5	15.4	28.6	24.2	11	31.9	28.6	13.2	16.5	20.9	22	30.8	26.4	28.6	24.2	19.8	27.5	29.7	26.4	25.3	33	16.5	18.7	25.3	23.1	15.4	20.9	14.3	18.7	30.8	23.1	27.5	11	19.8	29.7	11	25.3	18.7	15.4	17.6	20.9	31.9	23.1	26.4	30.8	12.1	23.1	18.7	23.1	13.2	33	17.6	11	17.6	14.3	31.9	19.8	12.1	14.3	22	29.7	14.3	25.3	14.3	16.5	20.9	28.6	30.8	25.3	17.6	18.7	23.1	27.5	17.6	23.1	25.3	30.8	17.6	25.3	17.6	30.8	25.3	29.7	23.1	29.7	11	26.4	24.2	15.4	31.9	22	27.5	26.4	25.3	26.4	12.1	14.3	18.7	28.6	18.7	26.4	14.3	23.1	15.4	12.1	22	13.2	26.4	27.5	23.1	12.1	16.5	23.1	27.5	24.2	30.8	14.3	18.7	25.3	14.3	30.8	12.1	22	23.1	25.3	19.8	11	27.5	27.5	27.5	29.7	27.5	24.2	18.7	18.7	25.3	15.4	13.2	27.5	14.3	16.5	25.3	27.5	12.1	16.5	23.1	26.4	19.8	14.3	15.4	30.8	14.3	15.4	33	19.8	26.4	23.1	17.6	30.8	12.1	26.4	18.7	16.5	25.3	29.7	26.4	16.5	23.1	23.1	12.1	12.1	17.6	29.7	27.5	13.2	18.7	25.3	30.8	18.7	15.4	25.3	20.9	27.5	33	22	28.6	27.5	26.4	26.4	27.5	13.2	29.7	28.6	20.9	27.5	11	22	30.8	22	28.6	31.9	15.4	13.2	23.1	25.3	26.4	15.4	18.7	31.9	33	26.4	30.8	12.1	26.4	12.1	14.3	29.7	31.9	22	29.7	
28.6	31.9	17.6	26.4	22	23.1	12.1	14.3	12.1	22	27.5	30.8	19.8	14.3	11	25.3	14.3	29.7	18.7	23.1	19.8	27.5	29.7	16.5	27.5	28.6	20.9	13.2	17.6	29.7	28.6	26.4	27.5	33	30.8	31.9	18.7	16.5	20.9	26.4	29.7	13.2	28.6	27.5	20.9	27.5	12.1	13.2	12.1	26.4	33	15.4	12.1	15.4	25.3	19.8	30.8	22	24.2	19.8	12.1	16.5	24.2	30.8	26.4	25.3	31.9	17.6	16.5	13.2	25.3	30.8	26.4	16.5	28.6	11	30.8	18.7	33	23.1	20.9	11	23.1	22	17.6	23.1	24.2	23.1	23.1	15.4	24.2	16.5	19.8	16.5	23.1	19.8	16.5	26.4	20.9	12.1	20.9	23.1	23.1	13.2	12.1	24.2	24.2	31.9	12.1	26.4	31.9	29.7	26.4	33	25.3	31.9	14.3	27.5	14.3	19.8	18.7	12.1	17.6	31.9	11	28.6	28.6	18.7	20.9	14.3	12.1	25.3	16.5	30.8	19.8	11	14.3	14.3	29.7	27.5	17.6	15.4	27.5	20.9	12.1	14.3	26.4	14.3	30.8	27.5	24.2	23.1	29.7	26.4	15.4	11	31.9	31.9	22	19.8	31.9	18.7	14.3	19.8	18.7	13.2	17.6	11	29.7	16.5	31.9	27.5	27.5	19.8	25.3	13.2	30.8	23.1	30.8	28.6	25.3	20.9	11	23.1	11	20.9	20.9	29.7	22	16.5	33	33	23.1	27.5	26.4	26.4	24.2	11	22	17.6	13.2	31.9	13.2	12.1	15.4	19.8	12.1	20.9	15.4	26.4	16.5	24.2	30.8	13.2	16.5	23.1	29.7	23.1	22	11	26.4	20.9	30.8	25.3	19.8	13.2	17.6	26.4	16.5	22	23.1	12.1	16.5	33	18.7	27.5	18.7	30.8	15.4	12.1	20.9	12.1	15.4	12.1	30.8	11	20.9	17.6	23.1	23.1	31.9	24.2	16.5	15.4	23.1	17.6	14.3	17.6	26.4	20.9	14.3	14.3	26.4	23.1	18.7	16.5	11	19.8	22	33	24.2	29.7	16.5	14.3	18.7	28.6	12.1	23.1	14.3	33	12.1	27.5	31.9	12.1	30.8	26.4	28.6	24.2	16.5	26.4	29.7	19.8	26.4	25.3	27.5	31.9	24.2	33	31.9	17.6	18.7	22	27.5	13.2	28.6	33	23.1	27.5	20.9	17.6	25.3	23.1	18.7	14.3	15.4	33	22	13.2	33	31.9	12.1	20.9	16.5	25.3	33	24.2	16.5	18.7	22	18.7	15.4	18.7	29.7	12.1	23.1	33	22	18.7	30.8	23.1	18.7	22	12.1	25.3	19.8	24.2	11	24.2	13.2	29.7	16.5	30.8	23.1	13.2	24.2	26.4	29.7	17.6	29.7	29.7	25.3	18.7	19.8	28.6	19.8	31.9	17.6	23.1	11	19.8	31.9	22	22	22	33	18.7	29.7	12.1	12.1	24.2	27.5	26.4	15.4	13.2	16.5	17.6	30.8	33	30.8	15.4	16.5	17.6	23.1	11	27.5	19.8	12.1	17.6	23.1	26.4	
23.1	14.3	28.6	24.2	16.5	31.9	14.3	28.6	14.3	33	
19	14	10	16	20	19	15	11	20	14	18	13	13	11	15	12	20	13	14	15	10	13	12	20	11	17	16	14	12	15	18	16	19	16	18	19	10	11	18	11	14	15	10	20	11	11	16	14	10	13	11	17	19	17	17	20	10	17	10	16	19	14	18	16	12	11	11	16	15	15	20	15	10	11	15	14	20	18	17	10	15	15	20	12	17	13	20	14	18	13	10	19	11	13	11	14	19	11	14	12	10	19	15	18	18	14	18	15	11	13	13	17	18	20	16	18	13	11	20	13	16	16	10	14	11	20	13	12	19	12	10	12	16	12	14	10	17	10	10	16	19	17	15	12	12	12	10	13	12	17	13	16	12	14	20	13	14	17	11	11	13	17	16	20	19	13	13	20	15	10	16	20	10	17	11	19	10	13	15	15	18	10	11	11	13	14	17	15	10	12	20	16	11	14	19	11	10	19	14	10	16	16	12	20	11	19	16	18	10	16	11	17	13	10	11	17	11	11	11	12	15	15	15	16	19	19	13	17	19	18	19	11	14	11	12	13	10	14	16	11	11	17	20	13	12	12	13	14	18	19	12	19	10	18	13	20	10	13	17	11	14	12	19	15	11	11	13	12	11	18	11	10	12	11	10	19	16	12	17	17	17	10	11	13	20	10	18	15	13	20	18	10	16	20	13	14	19	17	15	12	16	13	16	20	19	12	12	20	19	17	20	14	15	10	14	14	14	14	20	11	18	19	14	19	16	20	13	12	19	15	20	18	17	12	18	19	18	12	16	20	10	13	18	11	20	14	10	12	20	13	11	16	14	19	20	18	16	10	15	13	17	10	17	19	14	16	20	13	18	19	15	18	13	15	10	20	18	10	17	13	14	18	13	12	17	17	12	16	17	20	15	14	20	18	10	19	16	13	14	17	
1	1	1	1	1	1	1	1	1	1	1	1	1	1	1	1	1	1	1	1	1	1	1	1	1	1	1	1	1	1	1	1	1	1	1	1	1	1	1	1	1	1	1	1	1	2	2	2	2	2	2	2	2	2	2	2	2	2	2	2	2	2	2	2	2	2	2	2	2	2	2	2	2	2	2	2	2	2	2	3	3	3	3	3	3	3	3	3	3	3	3	3	3	3	3	3	3	3	3	3	3	3	3	3	3	3	3	3	3	3	3	3	3	3	3	3	3	4	4	4	4	4	4	4	4	4	4	4	4	4	4	4	4	4	4	4	4	4	4	4	4	4	4	4	4	4	5	5	5	5	5	5	5	5	5	5	5	5	5	5	5	5	5	5	5	5	5	5	5	5	5	5	5	5	5	5	5	5	5	5	5	5	5	5	5	5	5	5	5	5	5	5	5	5	5	6	6	6	6	6	6	6	6	6	6	6	6	6	6	6	6	6	6	6	6	6	6	6	6	6	6	6	6	6	6	6	6	6	6	6	6	6	6	6	7	7	7	7	7	7	7	7	7	7	7	7	7	7	7	7	7	7	7	7	7	7	7	7	7	7	7	7	7	7	7	7	7	7	7	7	7	7	7	7	8	8	8	8	8	8	8	8	8	8	8	8	8	8	8	8	8	8	8	8	8	8	8	8	8	8	8	8	8	8	8	8	8	8	8	8	9	9	9	9	9	9	9	9	9	9	9	9	9	9	9	9	9	9	9	9	9	9	9	9	9	9	9	9	9	9	9	9	9	9	9	9	9	9	9	9	9	9	9	9	9	9	9	9	9	9	10	10	10	10	10	10	10	10	10	10	10	10	10	10	10	10	10	10	10	10	10	10	10	10	10	10	10	10	10	10	10	10	10	10	10	10	10	10	10	10	
