500
30	6
263	27.5
26	31	31	29	30	27	26	26	30	26	29	31	26	31	26	30	28	30	26	31	30	28	29	27	31	29	26	28	30	28	26	27	26	28	29	29	29	30	30	29	26	27	29	30	27	30	28	30	26	27	27	27	29	28	29	28	27	31	30	27	31	30	26	28	30	30	30	29	27	31	29	31	28	30	26	26	28	28	28	30	29	30	29	30	30	28	30	28	28	26	26	26	26	31	31	31	26	27	27	26	31	27	30	26	31	26	31	31	27	27	31	31	31	28	29	30	31	29	27	28	30	27	29	29	27	31	26	30	27	30	26	29	28	26	27	28	26	27	29	26	30	27	27	28	29	30	30	30	29	26	31	28	30	29	28	31	29	30	31	26	27	26	28	26	27	30	27	30	27	31	30	26	27	26	31	28	29	31	26	28	31	29	30	28	26	30	30	26	26	31	28	29	28	28	31	28	30	30	27	28	29	27	31	28	29	29	30	29	27	27	28	31	27	29	27	30	30	26	27	26	28	29	29	31	28	30	31	28	31	26	27	29	28	28	30	29	30	28	31	28	31	27	27	31	28	31	26	26	31	30	26	28	31	27	29	27	27	31	30	27	26	29	30	31	31	30	28	30	28	30	27	31	29	30	27	29	29	26	26	26	28	30	29	30	26	27	29	30	28	27	27	31	31	29	28	27	28	31	31	26	26	28	26	26	28	31	28	27	26	27	29	29	31	28	30	29	28	27	26	30	29	29	29	27	30	30	31	30	26	29	28	31	31	30	30	28	27	31	31	28	28	26	29	27	28	28	28	28	27	27	26	30	26	27	30	27	30	27	30	31	29	31	29	28	28	26	27	26	29	30	29	29	27	31	26	30	29	27	31	30	28	29	26	29	27	28	26	27	31	26	29	26	29	30	30	31	27	29	29	27	30	29	26	27	29	29	28	30	27	26	30	28	30	31	30	27	26	29	31	31	26	30	27	26	28	26	28	27	31	29	27	28	27	26	31	29	28	31	30	29	28	29	30	27	26	30	28	30	26	27	31	29	29	28	27	28	31	29	26	28	30	29	27	28	28	30	30	30	27	27	27	27	31	30	28	28	28	26	27	31	30	27	30	28	29	26	31	30	30	29	27	27	28	27	29	31	30	28	28	29	
89	89	93	93	83	78	76	76	87	79	84	92	92	89	77	79	80	82	82	86	79	93	84	79	93	78	93	82	76	82	77	86	91	93	80	83	76	80	93	87	88	91	84	88	94	82	83	78	82	85	79	82	80	80	78	88	79	86	87	94	91	87	92	84	85	86	78	85	82	88	78	90	89	79	91	92	80	80	86	90	77	93	90	94	82	85	90	88	89	94	80	86	79	79	92	80	82	89	85	88	89	85	88	89	77	93	78	87	93	78	84	83	80	81	93	81	87	77	89	78	85	87	88	78	78	82	91	77	78	94	77	94	84	77	88	77	76	87	91	87	90	78	87	85	78	89	90	82	87	94	90	86	81	81	92	92	81	83	90	91	84	86	86	92	80	82	86	79	94	79	81	79	94	78	86	82	78	84	79	85	80	84	88	88	94	76	94	77	81	76	86	79	76	82	78	77	79	80	83	76	88	89	92	90	77	86	78	77	80	86	83	80	79	81	91	92	76	85	77	85	81	88	87	81	90	89	80	92	93	91	79	91	84	82	90	92	84	92	92	77	93	92	94	90	90	84	84	82	84	81	91	76	89	92	79	88	78	89	78	86	88	82	91	80	92	82	82	85	94	84	87	93	79	89	91	80	82	85	84	76	89	90	79	77	84	88	81	86	87	93	82	86	87	93	94	79	85	88	85	79	78	79	77	86	79	77	88	88	89	91	86	84	90	81	83	78	85	79	79	86	90	79	83	77	94	93	94	81	86	94	78	87	77	92	89	81	88	78	77	85	92	85	85	83	83	87	82	90	87	80	91	85	83	94	87	92	82	88	81	87	78	80	81	82	77	76	91	84	89	87	88	88	78	90	84	87	92	80	84	83	84	77	94	86	89	92	91	92	83	94	94	86	83	79	79	85	91	85	79	78	94	88	89	85	92	76	88	86	80	94	81	88	86	84	83	88	81	91	82	88	91	76	94	78	92	90	94	87	84	89	92	86	78	89	80	84	87	85	93	79	79	85	76	88	94	86	80	81	90	87	91	82	82	88	79	78	81	85	80	89	93	84	80	90	81	88	89	84	92	77	76	81	85	88	77	78	90	91	86	85	83	81	81	90	80	78	91	78	91	81	82	81	80	90	82	80	94	94	90	80	
27.5	27.5	25.3	25.3	29.7	19.8	28.6	14.3	30.8	23.1	17.6	16.5	16.5	33	31.9	24.2	29.7	28.6	14.3	22	14.3	13.2	18.7	25.3	22	28.6	23.1	30.8	30.8	26.4	29.7	27.5	29.7	33	29.7	12.1	33	16.5	17.6	33	27.5	17.6	26.4	14.3	25.3	26.4	13.2	28.6	27.5	22	27.5	19.8	17.6	17.6	15.4	14.3	17.6	29.7	12.1	18.7	12.1	28.6	22	28.6	12.1	18.7	16.5	24.2	29.7	14.3	25.3	14.3	14.3	20.9	30.8	33	27.5	33	19.8	12.1	13.2	11	30.8	28.6	33	25.3	27.5	24.2	20.9	18.7	15.4	23.1	26.4	27.5	13.2	30.8	16.5	12.1	29.7	31.9	23.1	27.5	31.9	23.1	22	15.4	11	33	26.4	29.7	29.7	17.6	22	12.1	20.9	33	16.5	29.7	19.8	15.4	28.6	13.2	15.4	11	19.8	31.9	23.1	14.3	17.6	20.9	25.3	22	13.2	29.7	24.2	17.6	12.1	27.5	16.5	30.8	29.7	14.3	33	30.8	17.6	13.2	29.7	12.1	28.6	25.3	20.9	27.5	26.4	24.2	18.7	15.4	30.8	13.2	26.4	31.9	23.1	16.5	18.7	20.9	19.8	33	15.4	17.6	12.1	20.9	18.7	30.8	28.6	26.4	13.2	12.1	23.1	13.2	19.8	22	15.4	12.1	25.3	14.3	24.2	18.7	28.6	13.2	26.4	16.5	25.3	15.4	28.6	19.8	12.1	24.2	12.1	30.8	16.5	11	25.3	33	16.5	13.2	25.3	24.2	20.9	11	20.9	33	29.7	14.3	31.9	22	16.5	28.6	23.1	18.7	26.4	29.7	16.5	28.6	13.2	30.8	12.1	11	17.6	25.3	13.2	29.7	12.1	17.6	25.3	30.8	27.5	17.6	16.5	16.5	15.4	15.4	24.2	31.9	11	31.9	18.7	33	33	27.5	23.1	22	28.6	27.5	25.3	30.8	16.5	26.4	33	18.7	27.5	29.7	24.2	23.1	13.2	17.6	27.5	29.7	15.4	12.1	18.7	23.1	25.3	29.7	14.3	20.9	24.2	17.6	14.3	11	25.3	27.5	23.1	12.1	13.2	33	18.7	20.9	11	28.6	26.4	27.5	13.2	18.7	15.4	15.4	13.2	18.7	29.7	19.8	11	18.7	27.5	33	18.7	28.6	24.2	13.2	20.9	29.7	16.5	12.1	14.3	26.4	31.9	17.6	11	30.8	23.1	25.3	16.5	28.6	13.2	28.6	29.7	24.2	24.2	25.3	25.3	33	31.9	19.8	19.8	33	28.6	28.6	22	33	28.6	25.3	16.5	30.8	19.8	18.7	18.7	31.9	25.3	16.5	31.9	18.7	23.1	15.4	26.4	11	13.2	19.8	15.4	31.9	27.5	30.8	31.9	15.4	18.7	28.6	17.6	18.7	22	14.3	20.9	16.5	28.6	26.4	33	14.3	16.5	12.1	15.4	26.4	19.8	33	18.7	18.7	22	15.4	11	12.1	30.8	13.2	13.2	31.9	11	18.7	23.1	13.2	22	25.3	16.5	31.9	17.6	28.6	16.5	27.5	18.7	29.7	26.4	27.5	28.6	19.8	20.9	17.6	27.5	24.2	16.5	18.7	33	26.4	30.8	19.8	17.6	14.3	15.4	19.8	22	23.1	16.5	12.1	16.5	33	13.2	15.4	15.4	18.7	25.3	33	11	29.7	14.3	15.4	24.2	25.3	26.4	31.9	18.7	12.1	11	16.5	25.3	28.6	33	31.9	23.1	19.8	25.3	18.7	11	24.2	22	22	22	33	31.9	11	23.1	31.9	28.6	29.7	11	22	28.6	11	20.9	29.7	19.8	28.6	20.9	11	14.3	30.8	33	13.2	26.4	12.1	15.4	19.8	14.3	24.2	18.7	22	30.8	19.8	11	19.8	16.5	17.6	23.1	28.6	13.2	24.2	17.6	11	11	25.3	
29.7	31.9	18.7	33	31.9	19.8	19.8	14.3	24.2	25.3	14.3	17.6	24.2	20.9	30.8	27.5	31.9	24.2	30.8	15.4	18.7	13.2	23.1	23.1	24.2	31.9	26.4	25.3	23.1	12.1	27.5	11	26.4	15.4	28.6	26.4	30.8	17.6	31.9	23.1	16.5	24.2	28.6	11	23.1	27.5	20.9	28.6	28.6	14.3	22	31.9	22	28.6	25.3	31.9	22	30.8	14.3	27.5	31.9	20.9	26.4	28.6	24.2	17.6	22	18.7	26.4	26.4	19.8	22	26.4	28.6	26.4	16.5	28.6	12.1	28.6	27.5	23.1	20.9	26.4	16.5	18.7	27.5	25.3	16.5	26.4	11	18.7	18.7	31.9	11	30.8	31.9	22	13.2	30.8	30.8	13.2	17.6	22	20.9	13.2	33	14.3	18.7	11	17.6	24.2	12.1	14.3	17.6	15.4	13.2	26.4	15.4	22	15.4	13.2	20.9	13.2	25.3	14.3	19.8	26.4	23.1	13.2	16.5	15.4	11	27.5	22	14.3	13.2	19.8	11	29.7	31.9	22	27.5	19.8	30.8	19.8	33	31.9	24.2	16.5	22	19.8	16.5	19.8	23.1	23.1	29.7	19.8	20.9	25.3	11	23.1	14.3	11	24.2	33	25.3	20.9	27.5	15.4	26.4	14.3	27.5	24.2	22	19.8	33	13.2	27.5	15.4	18.7	31.9	16.5	25.3	24.2	14.3	11	17.6	29.7	22	20.9	25.3	16.5	25.3	20.9	20.9	31.9	33	24.2	18.7	19.8	26.4	18.7	17.6	24.2	24.2	20.9	20.9	13.2	20.9	27.5	12.1	22	16.5	18.7	20.9	18.7	19.8	24.2	15.4	22	23.1	29.7	20.9	33	27.5	19.8	14.3	17.6	11	20.9	12.1	27.5	11	13.2	20.9	16.5	16.5	13.2	29.7	22	26.4	23.1	16.5	11	23.1	15.4	30.8	12.1	29.7	16.5	33	20.9	33	16.5	30.8	17.6	17.6	30.8	17.6	27.5	30.8	17.6	11	26.4	31.9	26.4	16.5	23.1	27.5	16.5	16.5	15.4	14.3	20.9	14.3	18.7	18.7	30.8	28.6	25.3	12.1	23.1	17.6	28.6	25.3	19.8	12.1	16.5	29.7	27.5	23.1	12.1	19.8	13.2	15.4	27.5	27.5	17.6	26.4	16.5	31.9	14.3	25.3	12.1	30.8	26.4	13.2	16.5	13.2	12.1	26.4	22	25.3	27.5	24.2	24.2	22	18.7	12.1	26.4	26.4	12.1	28.6	25.3	12.1	33	14.3	19.8	26.4	11	24.2	19.8	31.9	23.1	12.1	13.2	31.9	14.3	20.9	26.4	11	18.7	20.9	17.6	14.3	22	17.6	25.3	18.7	19.8	29.7	29.7	15.4	13.2	16.5	27.5	14.3	25.3	23.1	12.1	31.9	31.9	16.5	18.7	31.9	23.1	30.8	19.8	20.9	31.9	15.4	30.8	23.1	27.5	11	27.5	16.5	27.5	29.7	15.4	30.8	12.1	12.1	17.6	28.6	14.3	18.7	12.1	13.2	15.4	26.4	28.6	31.9	29.7	27.5	15.4	12.1	29.7	12.1	24.2	17.6	26.4	33	15.4	33	20.9	31.9	24.2	19.8	14.3	29.7	19.8	28.6	13.2	15.4	15.4	24.2	19.8	13.2	20.9	17.6	28.6	18.7	17.6	14.3	22	16.5	14.3	19.8	15.4	13.2	14.3	13.2	27.5	29.7	25.3	15.4	33	29.7	30.8	19.8	22	11	13.2	18.7	28.6	30.8	26.4	24.2	28.6	29.7	22	11	29.7	25.3	17.6	15.4	22	20.9	14.3	12.1	14.3	13.2	24.2	23.1	25.3	19.8	22	33	25.3	11	12.1	12.1	11	19.8	24.2	29.7	24.2	20.9	16.5	28.6	15.4	29.7	15.4	15.4	13.2	24.2	20.9	19.8	16.5	30.8	33	12.1	13.2	11	30.8	25.3	14.3	30.8	16.5	
16.5	33	33	26.4	28.6	11	28.6	28.6	31.9	26.4	14.3	30.8	23.1	11	20.9	31.9	16.5	15.4	14.3	17.6	22	17.6	27.5	13.2	13.2	33	29.7	29.7	15.4	15.4	
16	17	17	10	13	11	16	18	17	17	17	20	11	11	16	16	20	11	13	14	20	20	15	12	15	12	20	16	10	16	19	16	14	19	19	10	12	10	17	14	14	16	19	15	14	10	18	12	12	12	17	18	15	17	12	11	19	16	10	11	10	16	17	19	20	18	15	16	12	10	16	17	17	12	12	11	14	16	14	20	20	13	17	12	15	20	16	19	11	13	19	17	11	10	20	11	10	17	19	12	14	20	19	15	12	15	19	15	13	11	14	11	20	18	20	15	18	11	18	14	20	11	15	10	11	19	17	19	15	14	17	19	19	12	19	11	18	19	14	13	10	17	13	14	11	11	11	10	14	14	17	14	16	14	11	17	14	18	12	15	19	15	11	10	12	17	20	13	18	20	19	16	16	14	12	18	14	18	14	19	18	11	12	11	14	11	19	20	11	20	15	14	11	14	10	10	12	10	15	20	10	18	10	15	19	16	12	15	14	11	20	19	16	14	11	16	20	10	19	13	17	15	18	16	17	19	18	15	10	17	15	10	10	16	18	10	14	17	13	15	19	18	13	14	16	14	19	12	18	15	19	18	17	13	19	16	17	19	17	13	11	19	20	14	17	15	17	18	10	18	12	20	18	12	10	17	20	13	12	12	17	18	13	18	15	20	10	14	20	13	20	13	14	14	10	18	17	11	16	11	16	10	11	18	13	20	18	11	19	12	11	20	18	12	15	20	10	13	13	19	15	18	17	13	14	16	18	16	20	19	18	13	14	11	11	17	20	11	13	10	15	12	19	14	15	10	12	16	19	19	18	17	10	15	16	13	13	17	19	12	13	15	12	10	19	14	11	17	10	11	16	16	17	16	12	16	16	11	15	10	10	15	10	14	12	15	20	16	16	16	16	15	14	12	20	10	13	11	18	18	17	11	13	16	14	10	14	14	20	18	15	20	11	16	15	15	15	14	18	13	16	16	16	14	10	17	14	14	12	13	19	14	16	16	15	16	14	10	19	16	11	20	13	19	18	15	12	14	11	14	14	18	18	19	13	11	15	10	18	17	18	16	10	18	17	10	10	11	20	18	20	17	11	14	11	11	17	15	14	18	16	18	13	10	17	16	13	19	11	14	16	14	18	16	18	10	12	10	19	14	
1	1	1	1	1	1	1	1	1	1	1	1	1	1	1	2	2	2	2	2	2	2	2	2	2	2	2	2	2	3	3	3	3	3	3	3	3	3	3	3	3	3	3	3	3	4	4	4	4	4	4	4	4	4	4	4	4	5	5	5	5	5	5	5	5	5	5	5	5	5	5	5	5	5	5	5	5	6	6	6	6	6	6	6	6	6	6	6	6	6	6	6	7	7	7	7	7	7	7	7	7	7	7	7	7	7	7	7	7	7	7	7	7	7	7	8	8	8	8	8	8	8	8	8	8	8	8	8	8	8	8	8	9	9	9	9	9	9	9	9	9	9	9	9	9	9	9	9	9	9	9	9	9	10	10	10	10	10	10	10	10	10	10	10	10	10	10	10	10	11	11	11	11	11	11	11	11	11	11	11	11	11	12	12	12	12	12	12	12	12	12	12	12	12	12	12	12	12	12	12	13	13	13	13	13	13	13	13	13	13	13	13	13	13	13	13	13	14	14	14	14	14	14	14	14	14	14	15	15	15	15	15	15	15	15	15	15	15	15	15	15	15	15	16	16	16	16	16	16	16	16	16	16	16	16	16	16	16	16	16	16	17	17	17	17	17	17	17	17	17	17	17	17	17	18	18	18	18	18	18	18	18	18	18	18	18	18	18	18	18	18	18	18	18	18	18	18	19	19	19	19	19	19	19	19	19	19	19	19	19	19	20	20	20	20	20	20	20	20	20	20	20	20	20	20	20	20	20	20	20	20	20	20	20	21	21	21	21	21	21	21	21	21	21	21	21	21	22	22	22	22	22	22	22	22	22	22	22	22	22	22	22	22	23	23	23	23	23	23	23	23	23	23	23	23	23	23	23	23	23	24	24	24	24	24	24	24	24	24	24	24	24	24	24	24	24	24	24	24	24	25	25	25	25	25	25	25	25	25	25	25	25	25	25	25	25	25	25	25	25	26	26	26	26	26	26	26	26	26	26	26	26	26	26	27	27	27	27	27	27	27	27	27	27	27	27	27	27	27	27	27	27	27	27	27	28	28	28	28	28	28	28	28	28	28	28	28	28	28	28	28	28	28	28	28	28	29	29	29	29	29	29	29	29	29	29	29	29	29	29	29	29	30	30	30	30	30	30	30	30	
