400
20	5
325	20.9
28	30	31	26	27	30	30	29	28	28	30	28	28	29	29	29	29	30	26	30	28	28	29	28	27	26	29	28	27	29	30	27	29	29	26	27	30	26	28	31	26	27	26	29	31	27	28	29	30	29	29	30	27	30	28	30	31	28	30	29	26	31	29	29	31	31	26	28	28	29	26	28	27	31	28	29	27	29	31	30	31	31	27	27	26	26	31	29	30	31	29	26	31	27	29	28	27	31	31	31	30	27	31	29	30	31	27	31	28	30	31	28	28	29	27	26	26	27	26	28	27	29	27	29	29	28	28	28	29	29	29	27	27	28	30	31	27	30	26	31	28	31	27	29	27	28	26	26	27	27	26	27	31	31	27	27	30	27	27	31	30	29	28	27	26	31	29	29	29	29	27	31	31	28	26	26	26	28	28	28	27	29	27	29	30	28	30	30	29	30	26	28	28	30	27	28	29	27	30	28	26	29	28	31	28	31	26	31	26	27	31	29	27	31	28	27	26	30	26	29	27	29	26	27	26	30	29	29	29	29	29	27	30	27	28	28	28	27	30	27	30	31	27	27	31	30	30	30	26	26	26	30	30	31	31	28	29	31	27	27	29	30	27	31	31	28	29	29	27	28	26	26	30	26	28	27	28	26	29	30	29	30	27	27	30	26	27	29	29	27	29	28	29	27	30	29	28	28	30	29	29	31	30	26	28	27	27	31	26	30	31	30	27	31	29	27	26	30	30	31	31	31	30	30	26	30	31	28	26	30	27	28	26	28	28	31	28	28	29	27	31	27	27	28	30	26	26	31	26	29	29	28	30	31	31	28	28	29	30	29	29	26	29	30	30	29	29	31	30	30	30	31	27	30	27	27	26	29	31	29	28	26	28	29	31	31	27	27	28	29	28	30	27	29	29	28	31	30	29	29	
89	93	78	86	89	86	79	85	79	86	88	83	90	92	92	90	81	90	92	88	94	88	90	91	89	89	80	80	93	92	87	85	92	92	84	76	86	82	92	82	92	80	76	89	84	86	78	90	90	89	81	90	76	88	90	79	77	91	93	82	87	82	76	89	92	89	81	94	78	77	85	89	91	90	94	79	78	86	84	82	84	91	79	87	91	76	80	82	78	79	79	81	78	82	81	80	84	84	90	78	77	85	94	90	87	94	94	81	93	76	86	77	86	90	81	87	93	93	88	87	78	87	78	85	88	84	93	91	90	78	82	89	79	76	78	81	79	94	81	90	79	80	82	88	94	91	83	91	93	78	82	80	88	80	85	78	77	81	94	90	91	87	92	83	90	92	94	86	80	87	81	82	82	77	84	85	89	91	88	86	83	83	92	77	81	93	92	80	81	88	78	88	76	89	90	88	80	76	84	91	81	81	80	91	93	91	82	91	89	83	83	78	89	77	90	83	78	89	84	94	79	89	89	79	89	86	83	84	87	76	78	92	91	90	76	86	90	79	78	94	85	88	84	80	87	90	87	80	84	81	76	78	82	84	87	85	86	81	83	81	78	92	77	77	88	86	80	90	82	81	90	86	82	93	80	80	91	83	79	89	89	94	77	84	90	78	81	83	89	77	81	93	87	90	84	78	88	81	86	77	92	91	94	81	91	88	81	90	76	89	84	84	83	82	80	85	94	84	78	88	82	87	78	83	91	93	91	80	84	82	78	78	80	79	93	87	92	77	87	87	92	94	87	89	81	84	81	83	89	82	89	81	77	79	87	93	79	86	83	82	93	82	90	82	92	90	76	76	91	76	88	78	94	82	76	84	86	80	87	91	92	85	80	79	89	84	80	76	84	76	92	81	87	89	91	89	81	92	89	83	
27.5	23.1	18.7	24.2	13.2	26.4	31.9	20.9	25.3	17.6	30.8	13.2	24.2	23.1	12.1	31.9	24.2	29.7	23.1	29.7	20.9	24.2	26.4	25.3	22	16.5	13.2	11	30.8	30.8	26.4	29.7	25.3	23.1	17.6	20.9	19.8	14.3	14.3	26.4	22	22	13.2	20.9	28.6	16.5	11	30.8	27.5	20.9	14.3	17.6	24.2	18.7	31.9	19.8	20.9	18.7	18.7	26.4	33	31.9	30.8	20.9	15.4	19.8	31.9	28.6	30.8	17.6	13.2	28.6	12.1	23.1	30.8	29.7	26.4	13.2	25.3	22	29.7	28.6	11	20.9	27.5	17.6	27.5	15.4	17.6	28.6	29.7	25.3	25.3	16.5	23.1	14.3	20.9	16.5	15.4	25.3	11	14.3	33	12.1	15.4	14.3	18.7	26.4	15.4	22	30.8	12.1	11	31.9	25.3	11	22	13.2	22	33	15.4	12.1	12.1	13.2	23.1	29.7	14.3	23.1	19.8	27.5	22	25.3	19.8	26.4	22	20.9	17.6	15.4	16.5	25.3	18.7	27.5	24.2	31.9	29.7	23.1	33	11	27.5	19.8	22	24.2	23.1	29.7	33	19.8	23.1	30.8	11	29.7	19.8	27.5	13.2	30.8	18.7	13.2	28.6	33	12.1	19.8	23.1	33	26.4	15.4	20.9	20.9	22	27.5	15.4	20.9	23.1	18.7	29.7	29.7	25.3	18.7	13.2	12.1	20.9	33	22	20.9	14.3	25.3	18.7	19.8	31.9	23.1	14.3	20.9	18.7	29.7	28.6	11	20.9	12.1	15.4	28.6	23.1	31.9	30.8	26.4	11	11	26.4	26.4	12.1	23.1	26.4	23.1	22	24.2	17.6	11	23.1	23.1	22	15.4	29.7	17.6	27.5	17.6	19.8	12.1	19.8	20.9	16.5	30.8	24.2	29.7	18.7	16.5	14.3	20.9	27.5	14.3	27.5	19.8	26.4	13.2	14.3	29.7	15.4	24.2	16.5	14.3	18.7	13.2	22	14.3	15.4	14.3	28.6	18.7	24.2	17.6	16.5	27.5	33	33	31.9	18.7	17.6	13.2	19.8	12.1	29.7	16.5	27.5	12.1	29.7	24.2	23.1	25.3	26.4	12.1	25.3	22	31.9	23.1	15.4	11	11	25.3	17.6	12.1	14.3	23.1	18.7	30.8	30.8	18.7	14.3	25.3	18.7	25.3	33	17.6	25.3	23.1	22	31.9	20.9	16.5	15.4	23.1	17.6	28.6	24.2	22	24.2	15.4	11	12.1	30.8	19.8	24.2	30.8	29.7	23.1	11	31.9	33	22	22	19.8	24.2	14.3	18.7	15.4	25.3	31.9	33	33	17.6	12.1	25.3	22	11	30.8	28.6	15.4	29.7	27.5	30.8	28.6	28.6	12.1	24.2	14.3	13.2	25.3	22	29.7	29.7	17.6	24.2	14.3	18.7	14.3	23.1	23.1	17.6	14.3	33	29.7	22	27.5	30.8	12.1	24.2	14.3	24.2	16.5	24.2	19.8	25.3	28.6	16.5	30.8	30.8	20.9	23.1	13.2	16.5	26.4	25.3	30.8	27.5	20.9	
26.4	17.6	18.7	28.6	12.1	16.5	16.5	15.4	12.1	28.6	16.5	24.2	16.5	16.5	17.6	27.5	23.1	18.7	25.3	26.4	31.9	24.2	12.1	20.9	11	29.7	24.2	22	28.6	11	23.1	14.3	29.7	33	16.5	15.4	28.6	22	12.1	29.7	14.3	25.3	22	20.9	20.9	29.7	11	14.3	15.4	17.6	20.9	16.5	19.8	22	29.7	17.6	30.8	17.6	12.1	24.2	30.8	27.5	18.7	33	13.2	18.7	17.6	18.7	13.2	26.4	31.9	16.5	27.5	22	16.5	24.2	11	28.6	28.6	29.7	31.9	19.8	16.5	29.7	31.9	22	26.4	13.2	26.4	20.9	22	15.4	30.8	29.7	22	14.3	23.1	22	26.4	22	15.4	12.1	16.5	23.1	12.1	16.5	18.7	13.2	12.1	24.2	15.4	16.5	12.1	26.4	16.5	12.1	13.2	17.6	23.1	13.2	18.7	20.9	30.8	16.5	16.5	16.5	26.4	31.9	22	11	17.6	28.6	26.4	25.3	19.8	29.7	19.8	25.3	22	24.2	25.3	22	12.1	18.7	30.8	13.2	14.3	23.1	18.7	28.6	22	15.4	13.2	19.8	33	22	16.5	19.8	26.4	25.3	24.2	16.5	33	27.5	19.8	18.7	26.4	27.5	20.9	24.2	13.2	23.1	12.1	15.4	15.4	12.1	13.2	26.4	29.7	22	17.6	14.3	12.1	18.7	30.8	27.5	15.4	22	18.7	16.5	12.1	31.9	24.2	17.6	27.5	12.1	13.2	31.9	15.4	30.8	33	22	24.2	25.3	22	29.7	12.1	24.2	15.4	27.5	17.6	24.2	31.9	28.6	26.4	19.8	12.1	26.4	31.9	24.2	23.1	25.3	26.4	24.2	28.6	20.9	28.6	33	18.7	15.4	16.5	14.3	27.5	19.8	27.5	24.2	27.5	28.6	30.8	19.8	22	22	11	23.1	19.8	23.1	11	30.8	22	13.2	29.7	17.6	17.6	18.7	26.4	33	27.5	12.1	23.1	22	33	12.1	14.3	19.8	20.9	23.1	28.6	33	27.5	12.1	25.3	24.2	31.9	20.9	31.9	24.2	23.1	30.8	17.6	33	23.1	15.4	23.1	17.6	27.5	19.8	14.3	28.6	11	20.9	15.4	19.8	17.6	19.8	12.1	11	18.7	27.5	18.7	14.3	30.8	15.4	24.2	25.3	30.8	24.2	11	23.1	28.6	25.3	22	14.3	31.9	20.9	17.6	24.2	13.2	30.8	19.8	15.4	13.2	30.8	16.5	16.5	19.8	24.2	14.3	29.7	33	11	30.8	19.8	12.1	11	22	25.3	26.4	16.5	18.7	19.8	33	15.4	16.5	18.7	14.3	12.1	30.8	14.3	17.6	17.6	27.5	29.7	18.7	19.8	20.9	31.9	31.9	12.1	27.5	12.1	28.6	13.2	25.3	30.8	25.3	18.7	33	11	27.5	28.6	22	16.5	28.6	14.3	31.9	17.6	26.4	31.9	26.4	13.2	28.6	20.9	15.4	26.4	30.8	27.5	22	19.8	23.1	14.3	30.8	18.7	12.1	33	22	22	33	15.4	20.9	11	
14.3	20.9	27.5	13.2	14.3	14.3	11	14.3	17.6	14.3	24.2	12.1	30.8	23.1	26.4	28.6	24.2	26.4	13.2	13.2	
13	10	12	12	16	18	20	19	19	10	14	16	13	15	15	20	10	15	14	16	19	16	12	12	13	18	20	14	19	16	11	18	14	16	13	12	11	14	20	15	10	17	13	12	14	13	12	18	20	11	16	15	16	10	12	18	12	17	20	16	16	20	16	17	13	12	15	18	10	16	13	18	13	20	10	14	19	11	19	14	15	18	10	12	13	15	18	12	18	11	15	12	18	18	14	15	19	14	14	17	19	10	20	19	10	15	17	14	17	18	11	16	17	19	13	20	14	11	15	11	17	11	14	17	14	15	14	11	13	18	12	15	14	11	17	13	10	19	17	10	18	16	17	15	17	14	12	14	20	20	13	15	14	14	11	18	18	12	16	11	12	14	17	19	20	14	14	17	20	14	15	12	19	11	12	15	11	20	18	20	16	17	17	15	16	11	18	20	20	10	17	16	14	10	19	11	12	17	13	19	12	15	19	15	12	19	18	10	12	16	13	17	14	10	12	17	13	17	20	13	14	18	15	17	14	10	15	17	16	20	17	10	19	17	19	11	15	14	14	11	19	13	19	16	20	19	18	13	19	10	17	17	16	16	13	20	13	14	19	20	10	20	10	15	11	10	13	17	20	14	20	20	16	15	18	12	20	20	18	18	14	12	17	15	17	12	17	11	20	18	17	20	18	12	19	19	19	14	12	12	19	10	18	11	13	18	10	14	16	11	12	11	13	11	16	13	11	11	17	18	20	12	18	18	12	15	16	10	15	15	10	16	18	14	20	11	18	19	11	11	15	17	14	11	11	15	14	13	20	19	16	19	17	16	15	11	17	15	20	16	14	10	17	13	11	20	16	11	14	10	19	12	20	18	10	11	16	19	15	14	19	11	13	13	20	14	10	12	20	15	11	18	19	16	18	20	15	15	17	10	
1	1	1	1	1	1	1	1	1	1	1	1	1	1	1	1	1	1	1	2	2	2	2	2	2	2	2	2	2	2	2	2	2	2	2	2	2	2	2	2	2	2	2	2	2	3	3	3	3	3	3	3	3	3	3	3	3	3	3	3	3	4	4	4	4	4	4	4	4	4	4	4	4	4	4	4	4	4	4	4	4	5	5	5	5	5	5	5	5	5	5	5	5	5	5	5	5	5	5	5	5	5	5	5	5	5	6	6	6	6	6	6	6	6	6	6	6	6	6	6	6	6	6	7	7	7	7	7	7	7	7	7	7	7	7	7	7	7	7	7	7	7	7	7	7	7	8	8	8	8	8	8	8	8	8	9	9	9	9	9	9	9	9	9	9	9	9	9	10	10	10	10	10	10	10	10	10	10	10	10	10	10	10	10	10	10	10	10	10	10	10	10	10	10	10	10	10	11	11	11	11	11	11	11	11	11	11	11	11	11	11	12	12	12	12	12	12	12	12	12	12	12	12	12	12	12	12	12	13	13	13	13	13	13	13	13	13	13	13	13	13	13	13	13	13	13	13	14	14	14	14	14	14	14	14	14	14	14	14	14	14	14	14	14	14	14	14	14	15	15	15	15	15	15	15	15	15	15	15	15	15	15	15	15	15	15	15	15	15	15	15	15	15	15	15	16	16	16	16	16	16	16	16	16	16	16	16	16	16	16	16	16	16	17	17	17	17	17	17	17	17	17	17	17	17	17	17	17	17	17	17	17	17	17	17	17	17	17	18	18	18	18	18	18	18	18	18	18	18	18	18	18	18	18	18	18	18	18	19	19	19	19	19	19	19	19	19	19	19	19	19	19	20	20	20	20	20	20	20	20	20	20	20	20	20	20	20	20	20	20	20	20	20	20	20	20	20	20	20	20	
