300
20	2
246	24.2
27	28	26	30	31	27	28	29	28	29	27	28	26	30	31	27	28	26	27	30	28	29	30	30	30	28	29	26	26	27	31	31	29	28	29	29	28	31	28	31	30	27	28	27	27	30	27	30	26	26	29	31	29	30	28	28	29	26	30	26	26	31	27	28	30	26	30	31	29	29	31	29	29	28	31	26	27	30	31	31	30	28	26	26	30	29	26	28	28	30	31	27	28	28	31	26	31	27	26	31	26	29	26	29	31	28	30	28	27	27	27	29	27	26	30	31	28	28	31	27	29	26	30	26	28	28	28	29	26	31	30	30	29	27	30	27	29	28	28	29	29	26	26	26	31	28	30	26	26	27	30	30	27	28	31	26	28	27	31	31	31	31	30	29	31	28	30	30	30	27	26	26	30	27	27	27	30	29	27	26	31	31	27	29	27	29	30	28	27	30	28	28	26	27	31	27	27	27	30	27	29	27	30	27	26	27	31	31	31	29	30	28	30	29	27	26	28	28	30	27	26	31	28	26	28	27	28	30	29	30	27	26	28	30	30	27	28	31	30	30	31	30	28	29	29	26	27	26	31	29	28	26	31	28	29	28	29	29	26	27	27	28	27	31	31	26	30	27	26	29	28	31	30	28	31	27	30	31	29	29	30	28	30	29	29	30	26	30	31	29	31	30	28	31	26	28	30	28	26	29	
84	78	93	79	77	82	86	86	80	88	86	90	88	90	83	85	87	78	89	88	85	85	86	77	77	86	93	80	93	90	79	80	86	89	81	91	90	79	87	81	78	93	94	88	76	82	86	77	88	94	82	92	89	76	92	92	85	80	92	93	81	91	76	90	87	77	81	93	79	90	91	76	94	82	93	82	76	89	85	92	76	89	84	86	91	81	89	90	91	92	76	78	94	91	78	83	92	77	92	78	94	81	86	79	76	89	88	86	91	92	86	94	91	86	92	80	77	79	91	76	80	91	94	76	83	80	88	89	87	86	91	81	93	79	83	91	76	77	82	83	83	80	81	93	77	91	78	88	94	83	89	88	76	93	90	77	91	83	81	94	78	83	89	79	80	92	77	85	90	77	80	77	90	86	77	90	84	76	80	82	85	78	76	81	89	84	92	76	77	87	90	78	92	79	83	87	93	79	90	87	81	94	82	80	87	83	90	89	83	88	88	80	79	86	87	90	93	84	80	92	90	93	78	93	92	79	77	84	79	87	93	90	83	92	80	86	80	86	76	94	85	83	86	94	83	84	94	85	83	86	79	85	85	77	76	87	76	89	88	81	94	91	93	83	87	93	89	89	89	79	91	82	83	93	79	80	79	82	76	80	85	87	88	94	86	82	88	78	92	93	87	81	88	88	90	80	84	77	78	94	
28.6	29.7	22	25.3	26.4	24.2	26.4	22	22	29.7	31.9	24.2	17.6	22	14.3	26.4	11	27.5	28.6	19.8	18.7	31.9	23.1	15.4	33	25.3	11	18.7	25.3	17.6	17.6	20.9	22	29.7	17.6	24.2	20.9	28.6	13.2	11	24.2	12.1	26.4	23.1	27.5	33	26.4	16.5	23.1	26.4	26.4	24.2	16.5	19.8	27.5	29.7	15.4	13.2	16.5	29.7	33	13.2	33	13.2	16.5	25.3	20.9	26.4	14.3	12.1	27.5	20.9	19.8	27.5	25.3	13.2	14.3	17.6	27.5	18.7	13.2	16.5	19.8	26.4	15.4	11	27.5	26.4	11	29.7	13.2	17.6	26.4	13.2	12.1	27.5	13.2	33	23.1	15.4	15.4	20.9	18.7	16.5	11	27.5	28.6	22	33	30.8	29.7	30.8	33	19.8	24.2	27.5	16.5	19.8	24.2	15.4	27.5	24.2	12.1	24.2	16.5	30.8	16.5	13.2	11	30.8	15.4	15.4	29.7	12.1	24.2	19.8	20.9	27.5	31.9	12.1	14.3	28.6	20.9	15.4	25.3	15.4	13.2	19.8	13.2	26.4	23.1	31.9	15.4	29.7	30.8	12.1	17.6	14.3	11	16.5	18.7	23.1	33	27.5	22	30.8	11	20.9	11	15.4	14.3	14.3	12.1	19.8	13.2	24.2	26.4	13.2	12.1	12.1	20.9	23.1	25.3	19.8	13.2	20.9	30.8	31.9	33	33	16.5	15.4	15.4	25.3	11	33	12.1	12.1	17.6	33	29.7	14.3	30.8	17.6	33	33	28.6	26.4	19.8	18.7	29.7	14.3	17.6	26.4	18.7	29.7	29.7	17.6	11	22	26.4	16.5	31.9	22	24.2	14.3	31.9	25.3	26.4	13.2	24.2	26.4	30.8	33	12.1	11	29.7	16.5	16.5	13.2	25.3	19.8	15.4	33	12.1	12.1	25.3	31.9	13.2	12.1	16.5	30.8	30.8	16.5	29.7	19.8	14.3	31.9	31.9	33	30.8	31.9	17.6	28.6	31.9	23.1	14.3	26.4	16.5	19.8	13.2	22	12.1	22	26.4	28.6	29.7	22	20.9	30.8	13.2	17.6	25.3	16.5	27.5	24.2	20.9	27.5	22	14.3	30.8	19.8	18.7	31.9	18.7	31.9	17.6	28.6	18.7	20.9	
30.8	15.4	30.8	23.1	27.5	12.1	14.3	24.2	31.9	26.4	19.8	17.6	18.7	28.6	30.8	18.7	26.4	13.2	16.5	27.5	12.1	25.3	14.3	33	16.5	27.5	24.2	30.8	29.7	17.6	12.1	16.5	28.6	13.2	11	12.1	31.9	29.7	13.2	15.4	27.5	26.4	33	31.9	26.4	14.3	27.5	14.3	20.9	24.2	28.6	25.3	27.5	20.9	12.1	15.4	25.3	19.8	25.3	22	20.9	22	27.5	33	27.5	33	17.6	16.5	28.6	18.7	25.3	22	13.2	14.3	31.9	17.6	26.4	31.9	20.9	17.6	20.9	27.5	17.6	31.9	20.9	18.7	18.7	19.8	17.6	17.6	16.5	26.4	12.1	26.4	30.8	13.2	28.6	22	29.7	25.3	16.5	15.4	12.1	31.9	14.3	22	20.9	19.8	14.3	31.9	31.9	24.2	15.4	14.3	28.6	27.5	12.1	30.8	18.7	13.2	24.2	19.8	23.1	29.7	19.8	24.2	24.2	33	18.7	22	20.9	17.6	14.3	27.5	19.8	11	16.5	29.7	16.5	27.5	33	31.9	24.2	20.9	25.3	28.6	28.6	25.3	12.1	13.2	28.6	17.6	13.2	17.6	20.9	33	30.8	19.8	18.7	18.7	28.6	11	27.5	22	20.9	13.2	11	33	15.4	20.9	16.5	26.4	15.4	13.2	30.8	15.4	26.4	13.2	33	24.2	33	12.1	24.2	28.6	18.7	25.3	20.9	28.6	16.5	30.8	29.7	18.7	20.9	17.6	12.1	33	19.8	22	11	23.1	28.6	13.2	20.9	30.8	27.5	12.1	29.7	15.4	16.5	18.7	31.9	30.8	11	28.6	24.2	24.2	30.8	16.5	12.1	31.9	26.4	25.3	15.4	24.2	15.4	17.6	12.1	22	16.5	27.5	26.4	15.4	23.1	23.1	16.5	30.8	27.5	14.3	28.6	20.9	27.5	33	31.9	30.8	29.7	25.3	33	14.3	23.1	22	17.6	25.3	11	19.8	24.2	23.1	20.9	12.1	22	31.9	18.7	23.1	13.2	25.3	29.7	14.3	17.6	18.7	27.5	23.1	27.5	26.4	18.7	17.6	13.2	18.7	31.9	15.4	17.6	31.9	13.2	13.2	20.9	12.1	18.7	29.7	25.3	26.4	16.5	28.6	28.6	16.5	24.2	19.8	19.8	16.5	19.8	22	25.3	33	
15.4	11	12.1	30.8	27.5	12.1	25.3	29.7	18.7	12.1	11	20.9	23.1	23.1	33	31.9	30.8	12.1	23.1	23.1	
19	15	19	17	12	17	15	13	12	19	16	11	10	14	13	17	15	12	20	14	14	15	19	18	15	18	20	16	16	14	16	18	12	12	12	16	17	19	18	20	19	20	15	20	20	16	15	13	16	14	12	18	20	11	16	14	14	20	14	15	12	11	17	14	12	13	14	20	20	18	16	19	16	15	18	10	12	19	16	16	12	20	16	20	11	12	20	14	18	10	12	19	10	16	12	17	20	18	16	16	20	19	19	11	20	11	19	11	16	16	18	20	12	10	14	17	15	17	17	20	11	12	19	15	16	20	12	16	11	20	19	18	17	14	19	20	15	19	15	13	18	11	17	16	19	19	15	15	17	18	15	18	13	20	11	14	20	13	20	14	18	19	18	20	14	12	11	16	19	20	17	17	10	17	16	17	14	13	15	18	17	20	15	20	14	10	12	16	19	17	14	13	12	15	14	11	13	14	19	18	16	10	20	10	19	17	14	16	15	14	13	19	17	13	13	18	14	12	19	20	14	14	20	18	10	18	16	12	15	16	19	17	12	20	11	12	17	18	16	17	12	19	17	20	20	18	10	10	15	16	11	17	10	20	20	13	17	12	20	10	10	14	12	16	11	15	19	15	10	10	18	12	14	10	18	13	11	11	13	20	12	11	10	11	13	14	12	19	18	16	10	12	19	17	13	12	16	16	10	15	
1	1	1	1	1	1	1	1	1	1	1	1	1	1	1	2	2	2	2	2	2	2	2	2	2	2	2	2	2	2	2	2	2	2	2	3	3	3	3	3	3	3	3	3	3	4	4	4	4	4	4	4	4	4	4	5	5	5	5	5	5	5	5	5	5	5	5	5	6	6	6	6	6	6	6	6	6	6	6	6	6	6	6	7	7	7	7	7	7	7	7	7	7	7	7	7	7	7	7	8	8	8	8	8	8	8	8	8	8	8	8	8	8	8	8	8	8	8	8	8	8	8	8	8	9	9	9	9	9	9	9	9	9	9	9	9	10	10	10	10	10	10	10	10	10	10	10	10	10	10	10	10	11	11	11	11	11	11	11	11	11	11	11	12	12	12	12	12	12	12	12	12	12	12	12	13	13	13	13	13	13	13	13	13	13	13	13	13	13	13	13	13	14	14	14	14	14	14	14	14	14	14	14	14	14	14	14	14	14	14	14	14	15	15	15	15	15	15	15	15	16	16	16	16	16	16	16	16	16	16	16	16	16	17	17	17	17	17	17	17	17	17	17	17	17	17	17	17	17	18	18	18	18	18	18	18	18	18	18	18	18	18	18	18	18	19	19	19	19	19	19	19	19	19	19	19	19	19	19	19	20	20	20	20	20	20	20	20	20	20	20	20	20	20	20	20	20	20	20	20	
