300
20	2
234	13.2
30	28	29	26	30	27	29	26	28	31	28	26	28	31	28	26	26	29	28	30	27	26	28	31	30	26	29	31	27	28	28	31	29	27	26	26	31	30	30	26	29	31	30	27	28	29	27	30	31	30	28	30	31	29	28	27	26	26	29	30	29	29	27	30	27	31	28	31	28	27	28	27	26	27	29	26	29	30	31	31	30	31	31	30	26	31	30	27	31	29	31	28	28	26	27	27	30	29	31	27	27	26	30	30	26	28	26	26	27	26	29	31	28	31	26	28	26	30	30	30	29	30	29	31	27	27	26	31	28	29	26	30	30	31	29	27	29	27	29	28	31	27	29	31	27	29	26	29	28	26	30	31	30	28	28	27	30	28	29	31	31	28	28	30	30	30	30	30	31	27	27	29	28	31	28	27	31	28	26	27	29	31	26	28	29	28	26	27	29	28	31	27	26	31	29	30	28	30	28	31	30	31	28	26	30	26	31	31	28	31	31	31	30	31	26	29	28	29	27	30	28	26	30	28	31	26	30	28	27	27	30	29	30	26	31	30	28	27	31	29	28	29	27	29	27	26	30	27	28	26	31	26	30	31	30	30	30	31	27	29	26	30	26	28	31	26	28	30	29	27	31	29	29	26	26	28	27	26	28	27	31	28	31	28	29	29	29	31	27	29	30	30	30	29	27	31	31	29	28	30	
86	78	87	86	78	79	88	85	83	77	91	76	83	83	93	84	79	78	91	81	79	94	93	84	88	91	80	83	78	84	86	90	83	91	85	80	92	78	81	83	79	85	78	80	90	76	83	91	91	93	92	94	89	87	90	89	81	80	78	89	78	85	76	81	90	80	77	77	81	91	91	76	87	83	82	82	84	78	88	87	78	92	93	77	94	76	76	89	79	77	81	76	82	82	86	77	86	78	85	83	76	77	76	90	91	87	78	77	80	78	77	80	87	84	86	85	90	87	92	88	89	90	81	82	78	85	84	88	88	80	93	89	86	94	78	94	82	94	90	78	83	93	80	78	83	85	80	83	90	81	94	86	83	87	93	94	81	79	79	90	86	94	91	84	78	77	93	92	89	91	83	76	85	78	80	94	84	87	76	76	83	76	86	84	81	79	81	80	79	79	85	93	79	85	88	93	88	85	79	77	85	85	83	85	76	80	79	83	83	89	86	86	86	84	78	77	81	81	78	83	80	94	81	89	88	86	77	92	89	84	89	87	80	77	83	77	89	76	84	76	94	88	91	92	94	89	89	79	86	78	91	81	86	92	82	89	86	78	91	91	92	76	83	89	78	93	82	84	91	78	94	81	79	78	90	77	81	93	77	89	77	90	89	88	94	84	84	81	78	92	87	81	93	80	88	78	84	77	85	77	
18.7	22	27.5	22	11	28.6	19.8	28.6	26.4	15.4	26.4	15.4	20.9	26.4	15.4	29.7	16.5	20.9	29.7	11	16.5	18.7	26.4	17.6	24.2	15.4	23.1	31.9	23.1	30.8	23.1	27.5	18.7	19.8	16.5	28.6	24.2	29.7	17.6	19.8	23.1	28.6	20.9	28.6	24.2	13.2	30.8	20.9	22	17.6	15.4	14.3	15.4	11	24.2	24.2	26.4	23.1	17.6	13.2	28.6	26.4	11	14.3	17.6	25.3	29.7	25.3	31.9	19.8	19.8	24.2	15.4	15.4	23.1	33	13.2	31.9	27.5	11	16.5	11	28.6	13.2	23.1	14.3	22	31.9	14.3	20.9	11	18.7	26.4	14.3	11	28.6	18.7	24.2	15.4	19.8	23.1	22	13.2	20.9	30.8	16.5	26.4	18.7	16.5	16.5	17.6	16.5	31.9	11	12.1	17.6	29.7	15.4	15.4	19.8	11	19.8	30.8	15.4	27.5	23.1	19.8	19.8	31.9	20.9	11	33	27.5	13.2	16.5	13.2	26.4	12.1	12.1	26.4	24.2	20.9	16.5	20.9	19.8	23.1	24.2	33	26.4	19.8	24.2	33	11	19.8	31.9	13.2	33	17.6	15.4	17.6	30.8	20.9	13.2	27.5	11	22	22	29.7	33	12.1	11	29.7	18.7	25.3	29.7	12.1	33	15.4	26.4	17.6	16.5	22	15.4	25.3	22	22	11	31.9	19.8	20.9	17.6	13.2	24.2	12.1	17.6	17.6	13.2	20.9	15.4	23.1	27.5	12.1	25.3	14.3	24.2	25.3	23.1	12.1	23.1	17.6	19.8	27.5	33	23.1	28.6	28.6	30.8	20.9	30.8	23.1	31.9	24.2	31.9	26.4	28.6	16.5	19.8	31.9	30.8	29.7	14.3	15.4	12.1	11	12.1	29.7	15.4	29.7	24.2	18.7	17.6	29.7	14.3	23.1	22	19.8	29.7	30.8	16.5	15.4	31.9	28.6	31.9	31.9	20.9	12.1	30.8	20.9	22	31.9	18.7	30.8	25.3	31.9	19.8	26.4	18.7	19.8	31.9	27.5	12.1	11	23.1	26.4	14.3	14.3	28.6	11	28.6	20.9	29.7	19.8	16.5	14.3	25.3	19.8	16.5	18.7	30.8	13.2	23.1	28.6	25.3	17.6	11	31.9	33	19.8	13.2	26.4	
13.2	12.1	24.2	17.6	18.7	13.2	23.1	33	12.1	31.9	28.6	29.7	25.3	16.5	12.1	12.1	22	24.2	11	22	22	25.3	17.6	15.4	31.9	30.8	27.5	27.5	19.8	13.2	28.6	26.4	14.3	26.4	28.6	30.8	24.2	22	29.7	17.6	11	25.3	18.7	19.8	23.1	19.8	33	25.3	17.6	20.9	33	27.5	27.5	26.4	15.4	14.3	15.4	12.1	30.8	25.3	17.6	28.6	15.4	18.7	27.5	24.2	12.1	28.6	15.4	12.1	11	15.4	31.9	19.8	24.2	31.9	17.6	18.7	29.7	15.4	28.6	12.1	11	18.7	26.4	19.8	13.2	17.6	11	17.6	30.8	11	12.1	22	29.7	11	23.1	23.1	11	13.2	26.4	23.1	29.7	16.5	24.2	24.2	17.6	14.3	26.4	22	30.8	17.6	29.7	20.9	14.3	26.4	22	24.2	15.4	27.5	33	11	14.3	18.7	12.1	30.8	31.9	12.1	31.9	17.6	15.4	12.1	13.2	27.5	15.4	17.6	29.7	20.9	22	12.1	26.4	16.5	14.3	14.3	23.1	16.5	27.5	29.7	17.6	23.1	11	28.6	22	18.7	28.6	29.7	24.2	33	14.3	12.1	25.3	29.7	24.2	25.3	20.9	31.9	31.9	22	19.8	22	28.6	22	14.3	23.1	24.2	13.2	15.4	28.6	13.2	17.6	26.4	20.9	23.1	17.6	26.4	23.1	33	27.5	19.8	16.5	27.5	28.6	16.5	16.5	12.1	18.7	16.5	27.5	11	29.7	27.5	24.2	18.7	12.1	23.1	27.5	12.1	17.6	17.6	33	27.5	28.6	31.9	14.3	25.3	30.8	18.7	19.8	12.1	12.1	27.5	18.7	14.3	23.1	24.2	23.1	16.5	20.9	16.5	17.6	23.1	33	13.2	30.8	19.8	14.3	31.9	25.3	31.9	18.7	14.3	25.3	12.1	15.4	28.6	19.8	12.1	19.8	24.2	30.8	12.1	29.7	13.2	28.6	27.5	30.8	15.4	30.8	30.8	11	28.6	31.9	29.7	33	25.3	16.5	15.4	22	22	27.5	11	17.6	19.8	27.5	24.2	26.4	24.2	24.2	33	23.1	28.6	13.2	18.7	22	31.9	26.4	30.8	28.6	13.2	23.1	28.6	24.2	31.9	12.1	31.9	26.4	15.4	33	13.2	33	
29.7	13.2	31.9	26.4	23.1	16.5	12.1	25.3	11	15.4	22	16.5	14.3	15.4	16.5	15.4	12.1	30.8	23.1	33	
13	20	15	13	18	12	19	20	17	13	15	15	10	14	20	17	11	13	15	17	16	17	10	18	16	20	11	16	10	11	20	18	11	17	18	20	11	13	20	18	11	18	11	12	19	14	15	12	13	19	15	12	15	11	20	19	15	18	15	20	15	18	10	10	15	12	17	18	12	14	15	18	15	19	12	19	14	10	19	19	16	17	17	13	12	13	14	18	16	11	12	11	19	10	10	13	10	15	18	19	10	10	10	18	18	13	15	19	12	18	14	11	11	20	15	20	19	12	14	16	17	10	20	11	19	15	18	19	18	10	14	12	17	15	20	20	17	16	11	11	18	15	12	15	11	14	17	13	12	11	20	15	17	20	16	19	19	19	10	16	13	11	14	19	14	13	16	14	19	14	18	11	11	19	15	10	12	15	18	10	19	12	19	11	18	13	13	19	12	19	13	15	15	13	12	12	19	20	11	13	16	11	16	18	20	14	20	13	11	15	20	10	11	14	17	20	20	17	13	11	11	10	14	14	20	16	14	10	17	11	18	19	17	16	11	15	14	17	19	12	15	18	16	17	11	12	18	15	15	12	15	19	10	15	20	17	13	14	12	16	18	11	16	17	10	17	16	13	13	18	14	20	18	13	15	12	15	20	13	20	12	20	20	16	14	18	15	15	14	10	12	13	19	11	11	17	12	13	12	14	
1	1	1	1	1	1	1	1	1	1	1	2	2	2	2	2	2	2	2	2	2	2	2	2	2	2	2	2	2	3	3	3	3	3	3	3	3	3	3	3	3	3	3	3	3	3	3	3	4	4	4	4	4	4	4	4	4	4	4	4	4	5	5	5	5	5	5	5	5	5	5	5	5	5	6	6	6	6	6	6	6	6	6	6	6	6	6	7	7	7	7	7	7	7	7	7	7	7	8	8	8	8	8	8	8	8	8	8	8	8	8	9	9	9	9	9	9	9	9	9	9	9	9	9	9	9	9	9	9	9	9	9	10	10	10	10	10	10	10	10	10	10	10	10	10	10	10	10	10	11	11	11	11	11	11	11	11	11	12	12	12	12	12	12	12	12	12	12	12	12	12	12	12	12	12	13	13	13	13	13	13	13	13	13	13	13	13	13	14	14	14	14	14	14	14	14	14	14	14	14	14	14	14	14	14	14	14	14	15	15	15	15	15	15	15	15	15	15	15	15	15	15	15	15	16	16	16	16	16	16	16	16	16	16	16	16	16	16	16	16	16	16	16	16	16	16	17	17	17	17	17	17	17	17	17	17	17	17	17	17	17	17	17	17	17	17	18	18	18	18	18	18	18	18	18	18	18	18	19	19	19	19	19	19	19	19	20	20	20	20	20	20	20	20	20	20	20	20	20	20	
