300
10	2
482	19.8
29	31	29	27	29	31	26	31	29	28	31	27	31	29	31	28	27	29	31	26	28	29	30	28	31	29	29	27	31	28	27	29	28	31	29	27	31	29	27	28	28	27	28	27	26	29	31	29	31	31	31	28	31	29	27	28	27	26	31	28	31	31	29	31	29	26	27	27	29	29	29	31	31	28	28	29	31	30	29	26	29	28	27	31	26	30	29	29	26	29	26	26	29	29	30	26	31	30	28	31	29	29	29	26	30	30	31	29	30	31	26	29	26	31	27	29	30	26	26	29	31	31	30	29	26	29	30	28	29	31	30	31	29	27	30	30	27	26	30	30	30	27	27	31	31	26	28	27	28	26	27	31	31	29	26	30	29	30	29	27	27	31	27	28	31	29	30	30	27	26	30	30	28	27	31	27	31	31	29	28	30	29	26	27	30	28	26	31	31	30	28	26	26	30	31	26	31	28	30	30	26	29	30	26	29	29	27	30	29	31	27	27	29	28	28	26	27	27	29	31	29	28	29	30	29	26	29	29	30	27	30	31	28	27	31	31	27	26	29	31	30	31	30	27	28	31	27	29	26	29	27	30	27	30	29	31	28	29	31	26	28	31	28	27	27	26	28	30	27	30	26	27	27	28	29	31	28	31	31	31	31	27	30	27	26	26	30	27	30	28	27	28	28	26	27	29	31	31	28	28	
79	80	94	82	89	83	85	93	92	93	89	94	80	78	85	85	86	88	77	89	86	85	78	76	85	90	88	88	82	79	91	83	81	92	93	87	91	93	87	94	92	92	81	94	78	77	82	92	78	79	91	92	82	87	92	92	83	85	80	88	87	81	92	93	91	91	91	81	93	78	79	82	86	79	90	90	82	89	79	81	92	90	77	87	79	87	94	89	94	80	90	87	80	87	94	94	81	83	80	79	86	91	94	90	91	86	84	83	89	80	81	80	91	90	77	78	81	81	76	89	94	89	90	81	83	81	85	81	90	76	81	91	91	89	84	77	94	90	80	90	89	87	85	85	82	83	83	85	91	82	79	77	84	90	92	80	85	81	83	80	80	93	76	92	78	88	84	91	84	81	88	94	83	83	82	88	85	77	82	80	93	88	90	86	88	88	86	81	87	88	83	84	86	91	82	78	82	91	85	93	80	92	86	81	87	77	90	90	86	92	84	87	89	84	94	76	76	83	84	80	82	94	88	93	77	90	81	76	82	91	82	84	78	79	87	78	78	82	76	78	87	92	94	80	87	86	83	83	91	87	87	81	93	79	92	81	82	80	84	78	93	94	90	91	81	88	87	79	84	89	79	77	91	82	86	83	76	90	76	93	76	92	94	94	90	78	76	87	85	83	79	89	89	91	80	78	94	90	76	85	
24.2	20.9	28.6	17.6	18.7	23.1	26.4	18.7	30.8	18.7	27.5	11	29.7	24.2	12.1	23.1	14.3	11	16.5	29.7	27.5	27.5	13.2	28.6	17.6	33	26.4	19.8	26.4	28.6	27.5	33	20.9	31.9	33	30.8	31.9	17.6	29.7	13.2	30.8	15.4	22	11	24.2	11	28.6	26.4	31.9	31.9	30.8	26.4	26.4	12.1	15.4	16.5	11	22	12.1	11	15.4	12.1	26.4	27.5	19.8	19.8	28.6	20.9	19.8	20.9	16.5	17.6	24.2	25.3	14.3	16.5	19.8	23.1	19.8	22	13.2	14.3	29.7	29.7	28.6	13.2	22	30.8	17.6	13.2	22	17.6	29.7	13.2	27.5	28.6	25.3	25.3	24.2	17.6	18.7	28.6	23.1	29.7	29.7	25.3	13.2	11	15.4	12.1	17.6	28.6	31.9	30.8	26.4	20.9	29.7	15.4	31.9	28.6	25.3	22	18.7	26.4	29.7	27.5	14.3	15.4	19.8	15.4	13.2	14.3	23.1	24.2	15.4	12.1	19.8	22	13.2	24.2	28.6	19.8	19.8	14.3	11	23.1	27.5	17.6	29.7	15.4	29.7	26.4	12.1	15.4	13.2	16.5	23.1	28.6	11	14.3	28.6	23.1	18.7	23.1	33	19.8	25.3	15.4	18.7	28.6	30.8	29.7	29.7	31.9	14.3	31.9	13.2	17.6	24.2	16.5	31.9	20.9	24.2	23.1	33	18.7	15.4	33	24.2	16.5	20.9	18.7	19.8	26.4	25.3	19.8	25.3	17.6	27.5	23.1	27.5	19.8	17.6	31.9	19.8	23.1	19.8	25.3	23.1	20.9	18.7	16.5	16.5	14.3	14.3	27.5	31.9	25.3	16.5	23.1	27.5	18.7	15.4	22	24.2	25.3	11	24.2	13.2	17.6	28.6	13.2	18.7	29.7	14.3	31.9	14.3	28.6	17.6	12.1	25.3	22	18.7	29.7	11	16.5	22	33	28.6	31.9	30.8	19.8	20.9	13.2	18.7	14.3	13.2	27.5	27.5	20.9	22	17.6	24.2	17.6	31.9	33	18.7	22	22	11	26.4	25.3	31.9	28.6	28.6	33	25.3	28.6	26.4	18.7	31.9	23.1	16.5	26.4	15.4	19.8	12.1	28.6	19.8	16.5	12.1	31.9	15.4	17.6	18.7	19.8	13.2	17.6	30.8	17.6	
30.8	19.8	24.2	23.1	22	22	23.1	31.9	17.6	23.1	12.1	33	19.8	17.6	18.7	19.8	23.1	22	31.9	24.2	20.9	12.1	11	28.6	26.4	23.1	12.1	33	22	24.2	15.4	23.1	29.7	28.6	33	14.3	14.3	19.8	26.4	19.8	23.1	16.5	24.2	18.7	14.3	12.1	29.7	16.5	19.8	33	18.7	26.4	16.5	25.3	22	26.4	16.5	26.4	30.8	29.7	16.5	19.8	15.4	12.1	20.9	19.8	17.6	20.9	14.3	16.5	12.1	29.7	17.6	22	11	17.6	25.3	27.5	28.6	24.2	27.5	15.4	11	18.7	23.1	23.1	14.3	26.4	15.4	19.8	11	17.6	31.9	20.9	15.4	13.2	17.6	22	31.9	23.1	16.5	18.7	25.3	33	22	30.8	24.2	22	17.6	27.5	29.7	11	33	24.2	20.9	24.2	26.4	30.8	33	12.1	17.6	15.4	26.4	18.7	15.4	17.6	24.2	33	19.8	33	12.1	24.2	12.1	24.2	23.1	17.6	30.8	33	11	33	13.2	16.5	25.3	29.7	24.2	22	24.2	26.4	24.2	23.1	14.3	16.5	26.4	27.5	30.8	14.3	24.2	15.4	12.1	20.9	12.1	19.8	12.1	23.1	23.1	25.3	29.7	11	16.5	18.7	15.4	33	23.1	12.1	19.8	28.6	30.8	15.4	29.7	24.2	29.7	29.7	12.1	25.3	15.4	23.1	26.4	25.3	11	17.6	25.3	27.5	28.6	15.4	13.2	24.2	29.7	29.7	27.5	11	15.4	33	25.3	14.3	12.1	16.5	17.6	15.4	28.6	22	26.4	24.2	11	20.9	22	30.8	20.9	23.1	16.5	27.5	13.2	29.7	33	33	30.8	12.1	17.6	11	22	23.1	28.6	20.9	33	27.5	20.9	15.4	16.5	16.5	17.6	19.8	20.9	20.9	17.6	30.8	19.8	26.4	29.7	31.9	28.6	12.1	11	17.6	25.3	11	28.6	23.1	11	29.7	26.4	29.7	14.3	19.8	26.4	28.6	13.2	28.6	12.1	13.2	26.4	28.6	16.5	16.5	15.4	11	24.2	31.9	27.5	30.8	26.4	16.5	13.2	13.2	14.3	25.3	15.4	30.8	26.4	15.4	20.9	27.5	24.2	17.6	22	14.3	31.9	17.6	12.1	27.5	15.4	20.9	
28.6	19.8	31.9	14.3	14.3	17.6	13.2	19.8	11	30.8	
14	18	19	19	10	17	12	12	19	20	19	19	14	12	12	16	19	18	17	14	13	16	20	16	10	16	18	10	17	17	20	10	16	16	17	13	15	12	19	18	17	14	15	15	12	10	17	11	17	13	11	11	14	19	14	19	18	14	17	17	19	10	20	15	12	15	20	17	20	11	17	18	18	14	20	12	13	11	14	10	20	13	14	18	20	11	18	11	11	20	13	14	11	10	18	15	20	16	16	12	18	15	10	12	14	13	17	20	18	18	17	19	16	15	16	16	12	19	19	16	10	16	12	13	12	15	19	18	12	15	12	12	11	13	10	19	15	15	18	17	20	12	16	20	20	16	13	19	16	12	10	17	14	11	15	16	15	16	18	18	17	17	13	20	11	14	15	14	16	10	15	19	17	16	12	18	15	13	17	11	20	19	15	14	16	15	11	11	10	12	20	17	18	11	17	18	20	19	16	18	11	20	12	10	13	12	17	16	15	16	16	19	13	20	16	20	16	15	16	12	10	20	13	19	12	17	13	17	17	10	17	14	14	13	10	18	11	13	10	10	19	11	17	18	11	19	11	13	12	10	17	10	17	11	12	16	18	12	20	13	17	18	11	11	11	15	13	16	20	19	15	13	16	18	12	10	17	19	16	16	18	20	14	20	14	19	11	16	18	13	19	19	16	19	19	14	16	10	19	16	
1	1	1	1	1	1	1	1	1	1	1	1	1	1	1	1	1	1	1	1	1	1	1	1	1	1	1	1	2	2	2	2	2	2	2	2	2	2	2	2	2	2	2	2	2	2	2	2	2	2	2	2	2	2	2	3	3	3	3	3	3	3	3	3	3	3	3	3	3	3	3	3	3	3	3	3	3	3	3	3	3	3	3	4	4	4	4	4	4	4	4	4	4	4	4	4	4	4	4	4	4	4	4	4	4	4	4	4	4	4	4	4	4	5	5	5	5	5	5	5	5	5	5	5	5	5	5	5	5	5	5	5	5	5	5	5	5	5	5	5	5	5	5	5	5	6	6	6	6	6	6	6	6	6	6	6	6	6	6	6	6	6	6	6	6	6	6	6	6	6	6	6	6	6	6	6	6	6	6	6	7	7	7	7	7	7	7	7	7	7	7	7	7	7	7	7	7	7	7	7	7	7	7	7	7	7	7	7	8	8	8	8	8	8	8	8	8	8	8	8	8	8	8	8	8	8	8	8	8	8	8	8	8	8	8	8	8	8	8	9	9	9	9	9	9	9	9	9	9	9	9	9	9	9	9	9	9	9	9	9	9	9	9	9	9	9	9	9	9	9	9	9	9	9	10	10	10	10	10	10	10	10	10	10	10	10	10	10	10	10	10	10	10	10	10	10	10	10	10	10	
