200
10	2
321	25.3
27	30	30	31	27	30	31	31	31	31	26	29	29	27	30	26	28	30	30	31	28	31	26	28	31	28	26	30	30	26	31	31	26	28	31	28	27	28	28	29	28	28	27	27	26	29	26	26	31	28	31	31	30	31	27	28	31	30	30	27	26	31	26	28	27	30	27	27	26	29	31	28	26	27	28	29	31	29	30	27	27	29	28	26	27	27	26	31	28	28	27	29	30	28	31	26	28	28	27	31	27	27	28	27	29	29	27	27	26	27	31	27	27	29	26	29	31	31	29	29	26	31	27	29	30	26	26	26	30	26	30	30	27	29	26	26	30	27	27	27	26	30	29	26	27	26	30	27	29	29	29	30	29	30	27	28	28	30	29	28	26	27	30	26	27	26	29	29	30	30	29	27	31	27	31	27	28	30	31	31	31	29	31	30	26	26	27	31	31	28	29	28	29	28	27	26	26	26	30	31	
82	85	93	87	85	79	81	87	79	88	83	94	76	78	83	91	77	88	93	78	78	79	88	83	83	85	78	82	87	91	83	82	78	80	83	94	82	94	85	93	87	93	83	76	93	78	82	91	76	82	77	81	87	91	90	82	80	83	94	90	82	78	84	82	78	78	79	91	81	82	92	79	80	93	78	89	90	84	86	84	84	92	86	92	79	83	84	77	84	92	78	93	77	87	92	81	81	89	92	83	88	94	86	87	79	76	92	77	88	81	80	77	77	92	92	78	88	86	88	76	86	93	88	91	92	80	87	76	85	89	83	85	82	86	87	87	86	89	77	82	92	94	80	87	76	79	78	80	78	76	86	90	80	86	86	94	94	82	93	90	92	77	91	79	79	89	84	90	86	91	90	88	92	84	93	83	87	76	78	86	84	93	84	82	86	82	79	78	89	92	81	92	78	81	87	81	77	83	90	90	
33	14.3	31.9	27.5	31.9	27.5	25.3	17.6	28.6	12.1	17.6	14.3	17.6	31.9	20.9	29.7	24.2	31.9	20.9	18.7	31.9	19.8	22	28.6	33	12.1	22	28.6	29.7	14.3	30.8	22	28.6	26.4	30.8	17.6	27.5	11	13.2	18.7	27.5	33	16.5	31.9	31.9	31.9	31.9	31.9	19.8	22	31.9	29.7	20.9	15.4	24.2	23.1	16.5	19.8	30.8	27.5	15.4	11	26.4	30.8	26.4	33	31.9	19.8	23.1	23.1	22	20.9	11	19.8	31.9	20.9	14.3	14.3	16.5	27.5	30.8	22	28.6	16.5	33	20.9	24.2	18.7	17.6	13.2	12.1	28.6	20.9	27.5	20.9	12.1	26.4	33	11	11	33	12.1	12.1	11	27.5	12.1	20.9	19.8	16.5	19.8	33	26.4	22	20.9	28.6	29.7	22	11	26.4	16.5	29.7	13.2	20.9	14.3	19.8	18.7	12.1	18.7	30.8	14.3	31.9	18.7	17.6	13.2	13.2	13.2	23.1	29.7	11	20.9	13.2	28.6	20.9	20.9	28.6	30.8	30.8	22	20.9	12.1	25.3	20.9	26.4	25.3	31.9	28.6	25.3	28.6	14.3	26.4	27.5	29.7	16.5	31.9	33	29.7	29.7	26.4	29.7	27.5	25.3	27.5	26.4	33	11	14.3	25.3	28.6	13.2	13.2	26.4	12.1	16.5	15.4	14.3	11	27.5	27.5	26.4	24.2	20.9	11	14.3	33	27.5	33	26.4	27.5	33	26.4	
19.8	31.9	11	16.5	14.3	17.6	31.9	31.9	33	31.9	11	24.2	23.1	24.2	28.6	25.3	27.5	13.2	31.9	16.5	16.5	31.9	16.5	26.4	29.7	19.8	27.5	18.7	16.5	25.3	31.9	17.6	11	26.4	26.4	30.8	15.4	28.6	27.5	25.3	17.6	24.2	27.5	14.3	15.4	16.5	17.6	26.4	17.6	25.3	24.2	29.7	30.8	25.3	22	16.5	19.8	22	26.4	20.9	33	16.5	24.2	33	30.8	28.6	26.4	14.3	33	26.4	24.2	25.3	23.1	11	30.8	23.1	33	15.4	24.2	27.5	30.8	19.8	33	24.2	17.6	26.4	23.1	31.9	24.2	27.5	20.9	23.1	29.7	18.7	18.7	29.7	24.2	12.1	13.2	15.4	13.2	19.8	22	31.9	17.6	28.6	15.4	33	18.7	18.7	16.5	22	24.2	14.3	25.3	13.2	31.9	16.5	22	18.7	19.8	27.5	24.2	13.2	17.6	23.1	22	26.4	25.3	22	13.2	15.4	28.6	15.4	29.7	15.4	26.4	23.1	25.3	15.4	33	20.9	11	14.3	18.7	30.8	26.4	31.9	30.8	15.4	31.9	25.3	20.9	25.3	19.8	31.9	14.3	33	14.3	13.2	18.7	22	22	31.9	33	29.7	29.7	15.4	33	33	19.8	15.4	15.4	28.6	25.3	19.8	22	24.2	26.4	13.2	24.2	29.7	29.7	13.2	20.9	22	25.3	25.3	14.3	30.8	25.3	12.1	13.2	31.9	33	31.9	19.8	23.1	25.3	33	
33	29.7	16.5	16.5	29.7	15.4	23.1	22	26.4	31.9	
12	16	19	19	12	20	17	11	16	20	20	12	10	17	20	18	12	10	11	14	15	11	13	20	11	18	18	18	20	14	10	13	19	16	15	10	12	11	12	14	20	12	11	17	12	18	18	13	20	13	13	13	15	14	14	10	15	12	11	11	15	16	19	11	20	16	13	15	20	12	20	20	12	12	19	14	20	20	17	13	16	19	11	20	11	20	11	13	11	14	14	18	13	14	13	15	12	14	18	13	11	14	13	15	18	17	19	12	15	17	12	11	15	10	13	16	17	12	13	16	13	13	16	10	20	11	17	14	16	16	12	20	20	18	14	13	20	11	13	20	17	14	20	10	13	13	19	20	13	16	13	15	20	15	12	12	15	16	18	11	13	14	19	10	20	15	13	13	16	19	20	18	17	10	18	12	19	15	17	13	10	14	20	19	13	19	16	10	14	15	17	11	16	14	13	16	19	12	11	13	
1	1	1	1	1	1	1	1	1	1	1	1	1	2	2	2	2	2	2	2	2	2	2	2	2	2	2	2	2	2	2	2	2	2	3	3	3	3	3	3	3	3	3	3	3	3	3	3	3	3	3	3	3	3	3	3	3	3	3	4	4	4	4	4	4	4	4	4	4	4	4	4	4	4	4	4	4	4	4	4	4	5	5	5	5	5	5	5	5	5	5	5	5	5	5	5	5	5	6	6	6	6	6	6	6	6	6	6	6	6	6	6	6	6	6	7	7	7	7	7	7	7	7	7	7	7	7	7	7	7	7	7	7	7	7	7	7	7	7	7	7	7	7	7	8	8	8	8	8	8	8	8	8	8	8	8	8	8	8	8	8	8	8	8	8	8	8	8	9	9	9	9	9	9	9	9	9	9	9	9	9	9	9	10	10	10	10	10	10	10	10	10	10	10	10	10	10	10	10	10	
