400
20	5
309	28.6
26	28	27	26	30	31	31	29	30	27	27	26	31	30	28	29	31	27	28	30	27	28	29	28	26	28	28	28	27	29	31	26	27	31	28	29	26	29	30	30	26	29	26	26	31	31	27	31	28	27	29	26	28	27	26	27	26	26	29	29	29	31	29	31	27	26	26	29	30	30	28	29	31	29	28	28	29	27	26	31	30	26	29	29	29	26	27	29	26	31	31	31	28	28	30	27	28	29	27	31	27	29	30	31	27	29	30	27	28	30	26	27	27	31	29	28	27	31	30	30	27	31	26	29	26	31	26	27	28	27	26	27	26	31	29	27	27	26	29	26	29	26	26	31	31	26	28	31	29	28	28	26	30	28	29	27	26	27	30	31	27	28	29	29	27	27	29	28	29	29	26	30	27	26	29	28	26	30	29	30	29	27	28	26	27	26	30	30	29	26	30	29	30	28	28	30	27	30	30	27	30	28	26	28	26	28	26	29	29	29	26	28	29	27	27	26	31	31	29	26	27	31	30	29	31	27	30	31	31	27	27	31	30	29	30	31	29	26	27	28	30	31	27	28	29	30	28	30	28	29	28	28	27	26	28	31	27	26	31	27	31	27	29	29	31	28	27	26	26	27	27	27	29	27	27	31	31	26	26	28	27	29	26	29	30	28	26	29	26	27	27	31	26	30	31	27	31	31	28	29	29	28	31	27	27	30	26	31	31	27	28	27	26	28	30	27	30	27	29	28	26	26	30	28	30	27	30	29	27	30	28	29	29	29	31	26	31	30	31	29	26	26	26	27	26	29	26	30	29	28	30	29	29	29	26	29	27	27	28	27	26	29	27	26	26	26	27	28	31	26	31	31	31	31	27	30	27	29	28	31	30	26	31	31	29	28	29	28	30	30	26	29	26	31	31	30	30	28	30	31	
78	93	76	89	77	90	82	92	80	76	83	80	76	86	79	89	88	88	76	94	77	82	77	81	83	88	85	77	91	93	80	86	87	85	82	81	81	81	80	89	94	89	80	91	86	89	85	89	90	84	93	85	79	78	92	83	92	83	88	88	81	83	81	92	80	87	89	85	85	88	93	90	85	77	80	87	81	90	81	82	91	94	81	90	76	81	76	92	90	86	80	83	86	87	88	86	76	78	76	94	84	89	79	81	87	91	79	79	85	88	77	87	81	92	81	82	90	78	90	84	92	77	88	80	83	76	92	88	88	83	86	93	78	84	76	76	82	80	94	87	92	85	83	84	94	83	80	92	80	92	81	94	87	79	88	78	83	84	78	92	87	92	94	84	80	93	88	90	93	77	83	84	87	85	86	83	88	86	88	84	89	78	88	94	78	92	81	91	92	82	88	79	93	77	87	94	77	83	90	92	92	90	89	90	79	79	76	79	93	84	82	81	92	86	76	88	93	76	79	88	87	87	86	91	94	79	78	94	91	82	86	81	88	76	89	81	90	91	85	83	94	84	83	84	92	83	85	90	85	86	88	82	91	78	83	92	82	91	90	77	84	86	84	88	87	82	91	83	94	77	80	80	85	83	84	86	80	85	78	79	90	77	88	85	90	86	89	92	88	88	78	80	84	82	85	83	79	90	79	89	93	90	90	86	85	93	77	79	83	94	89	86	91	90	93	89	81	90	94	81	77	91	77	79	76	91	78	83	86	84	78	87	94	79	76	78	86	76	80	79	83	90	92	94	76	80	80	86	88	88	89	94	84	92	85	88	78	89	94	88	78	83	82	77	77	92	84	81	77	90	85	80	86	82	91	84	94	85	94	81	84	81	92	92	90	80	79	85	90	86	78	87	76	76	92	84	92	92	84	83	
30.8	12.1	14.3	15.4	12.1	23.1	24.2	25.3	15.4	30.8	18.7	26.4	11	28.6	20.9	14.3	30.8	22	31.9	30.8	33	31.9	25.3	15.4	19.8	19.8	20.9	15.4	18.7	13.2	17.6	11	30.8	17.6	12.1	18.7	30.8	14.3	23.1	25.3	14.3	24.2	20.9	18.7	27.5	31.9	15.4	14.3	31.9	19.8	19.8	15.4	27.5	28.6	18.7	29.7	22	23.1	29.7	28.6	19.8	33	25.3	18.7	11	17.6	19.8	16.5	11	13.2	22	27.5	26.4	20.9	11	11	13.2	31.9	17.6	28.6	13.2	12.1	16.5	16.5	25.3	22	16.5	13.2	30.8	11	26.4	30.8	25.3	20.9	14.3	15.4	11	12.1	18.7	22	27.5	23.1	26.4	28.6	22	17.6	15.4	16.5	22	11	26.4	15.4	31.9	17.6	29.7	18.7	19.8	22	30.8	22	17.6	27.5	18.7	14.3	24.2	26.4	31.9	33	29.7	11	31.9	25.3	14.3	18.7	12.1	22	16.5	12.1	33	12.1	19.8	27.5	33	22	22	27.5	14.3	15.4	18.7	31.9	25.3	14.3	23.1	25.3	27.5	15.4	20.9	30.8	12.1	16.5	27.5	29.7	27.5	29.7	13.2	17.6	27.5	26.4	25.3	22	23.1	29.7	29.7	17.6	22	25.3	31.9	11	27.5	33	13.2	20.9	25.3	24.2	16.5	33	27.5	24.2	15.4	15.4	20.9	31.9	31.9	27.5	13.2	17.6	25.3	29.7	28.6	31.9	30.8	27.5	27.5	12.1	29.7	33	11	25.3	19.8	16.5	22	14.3	11	28.6	11	18.7	19.8	30.8	24.2	19.8	16.5	26.4	29.7	17.6	17.6	15.4	16.5	31.9	11	18.7	18.7	12.1	15.4	14.3	15.4	28.6	22	28.6	31.9	14.3	15.4	24.2	26.4	11	23.1	19.8	15.4	29.7	19.8	26.4	11	12.1	19.8	31.9	29.7	16.5	15.4	28.6	24.2	17.6	23.1	25.3	24.2	17.6	15.4	23.1	14.3	33	22	23.1	19.8	19.8	15.4	28.6	30.8	18.7	19.8	14.3	11	13.2	24.2	25.3	14.3	28.6	11	15.4	20.9	24.2	33	23.1	27.5	16.5	30.8	24.2	27.5	15.4	19.8	17.6	18.7	27.5	29.7	12.1	12.1	28.6	14.3	26.4	20.9	12.1	22	22	30.8	30.8	15.4	33	13.2	30.8	22	23.1	17.6	31.9	19.8	22	27.5	27.5	29.7	26.4	20.9	14.3	30.8	31.9	17.6	14.3	16.5	28.6	31.9	15.4	26.4	25.3	33	26.4	30.8	26.4	18.7	14.3	28.6	25.3	26.4	14.3	14.3	22	15.4	19.8	28.6	16.5	23.1	28.6	27.5	11	19.8	16.5	19.8	24.2	14.3	11	17.6	27.5	28.6	31.9	15.4	22	31.9	16.5	26.4	31.9	12.1	22	23.1	26.4	25.3	29.7	14.3	13.2	33	14.3	11	33	20.9	25.3	33	17.6	15.4	24.2	27.5	20.9	15.4	24.2	28.6	22	20.9	17.6	
27.5	31.9	12.1	14.3	33	26.4	26.4	19.8	29.7	15.4	12.1	23.1	11	11	27.5	11	33	26.4	24.2	15.4	13.2	26.4	11	14.3	13.2	24.2	29.7	13.2	18.7	28.6	23.1	31.9	29.7	15.4	11	31.9	27.5	26.4	26.4	24.2	17.6	14.3	31.9	15.4	15.4	25.3	20.9	18.7	16.5	11	28.6	25.3	13.2	14.3	20.9	33	25.3	28.6	28.6	33	12.1	19.8	29.7	26.4	26.4	13.2	20.9	28.6	30.8	29.7	14.3	26.4	12.1	14.3	31.9	18.7	13.2	16.5	20.9	11	26.4	17.6	26.4	25.3	11	11	23.1	12.1	31.9	11	16.5	17.6	15.4	31.9	26.4	15.4	33	19.8	27.5	11	16.5	13.2	23.1	18.7	20.9	23.1	19.8	30.8	24.2	18.7	12.1	23.1	16.5	11	11	14.3	19.8	23.1	15.4	25.3	13.2	31.9	26.4	23.1	23.1	30.8	11	17.6	25.3	15.4	23.1	23.1	20.9	13.2	17.6	23.1	24.2	31.9	29.7	27.5	17.6	18.7	31.9	18.7	30.8	23.1	15.4	15.4	20.9	25.3	11	16.5	27.5	30.8	18.7	19.8	26.4	23.1	25.3	26.4	27.5	26.4	16.5	22	13.2	18.7	25.3	19.8	28.6	27.5	17.6	18.7	12.1	25.3	13.2	17.6	24.2	13.2	20.9	19.8	18.7	30.8	26.4	33	22	13.2	28.6	16.5	13.2	15.4	23.1	11	33	24.2	26.4	12.1	11	29.7	18.7	22	14.3	33	23.1	28.6	28.6	24.2	13.2	19.8	31.9	17.6	24.2	13.2	13.2	18.7	24.2	31.9	23.1	12.1	11	12.1	18.7	26.4	28.6	18.7	30.8	24.2	33	17.6	23.1	16.5	27.5	27.5	20.9	25.3	22	20.9	19.8	17.6	30.8	14.3	12.1	18.7	22	25.3	22	11	26.4	18.7	28.6	12.1	16.5	17.6	23.1	16.5	18.7	29.7	20.9	16.5	29.7	23.1	23.1	29.7	33	12.1	31.9	29.7	22	15.4	26.4	17.6	12.1	14.3	13.2	27.5	18.7	22	17.6	22	28.6	12.1	24.2	31.9	27.5	25.3	30.8	30.8	14.3	29.7	23.1	14.3	33	23.1	25.3	31.9	22	15.4	22	24.2	27.5	20.9	33	11	11	19.8	15.4	22	12.1	20.9	24.2	22	17.6	28.6	33	23.1	12.1	24.2	25.3	13.2	22	29.7	15.4	17.6	20.9	26.4	27.5	31.9	14.3	11	22	26.4	17.6	12.1	31.9	23.1	31.9	12.1	17.6	26.4	16.5	33	14.3	17.6	17.6	31.9	16.5	16.5	15.4	17.6	12.1	19.8	20.9	11	30.8	19.8	28.6	30.8	27.5	26.4	11	20.9	23.1	19.8	14.3	28.6	12.1	18.7	15.4	31.9	16.5	19.8	25.3	29.7	22	31.9	27.5	20.9	29.7	16.5	16.5	29.7	33	27.5	23.1	19.8	16.5	29.7	13.2	12.1	13.2	22	14.3	15.4	14.3	23.1	25.3	20.9	33	22	29.7	15.4	
31.9	19.8	17.6	18.7	20.9	15.4	28.6	23.1	23.1	20.9	22	18.7	27.5	22	15.4	18.7	18.7	13.2	33	25.3	
16	11	11	20	20	19	18	18	16	11	12	13	11	19	10	11	20	15	16	19	15	18	11	15	18	13	13	10	14	15	16	15	15	19	11	14	18	16	19	15	12	15	18	10	18	15	18	15	12	20	16	14	16	10	13	16	11	18	17	11	12	18	18	13	11	14	20	18	12	19	17	15	10	20	10	11	15	10	14	15	20	19	14	10	19	12	18	13	15	13	14	18	16	10	15	20	16	10	14	10	18	17	11	11	15	12	13	11	16	16	11	11	10	18	15	12	11	19	17	14	12	15	14	12	14	20	13	16	18	20	11	16	12	14	15	13	19	20	15	16	20	13	14	12	12	11	17	11	18	14	17	16	15	14	13	14	10	15	12	19	18	12	12	15	15	18	16	12	17	11	13	15	18	11	17	20	11	17	11	16	11	17	18	17	16	11	12	14	18	12	19	12	11	16	12	19	10	10	12	11	17	18	11	14	13	11	16	19	14	17	19	13	18	14	12	16	14	14	17	17	12	14	10	20	16	12	17	14	18	10	20	11	10	16	13	13	20	17	11	12	13	19	11	17	20	17	13	20	17	12	18	13	11	13	17	11	19	10	12	13	11	18	20	20	11	12	12	20	12	12	14	10	20	16	14	18	18	15	18	13	12	15	15	15	12	14	17	17	16	12	12	13	19	20	13	17	15	17	20	12	17	15	10	15	10	18	16	17	15	20	10	20	19	13	20	19	20	12	14	12	10	10	14	12	20	14	15	17	15	18	13	13	11	20	16	17	13	17	19	16	20	16	15	15	12	19	18	11	19	13	12	12	16	16	17	14	12	20	13	12	16	18	20	10	10	17	12	15	17	14	13	10	14	12	16	16	14	19	17	16	11	17	14	10	15	16	14	11	14	17	12	18	18	14	12	16	12	20	14	14	
1	1	1	1	1	1	1	1	1	1	1	1	1	1	1	1	1	1	1	1	1	2	2	2	2	2	2	2	2	2	2	2	2	2	2	2	2	2	2	2	3	3	3	3	3	3	3	3	3	3	3	3	3	3	3	3	3	3	4	4	4	4	4	4	4	4	4	4	4	4	4	4	4	4	4	4	4	4	4	4	4	4	4	5	5	5	5	5	5	5	5	5	5	5	5	5	5	5	5	5	5	5	5	5	6	6	6	6	6	6	6	6	6	6	6	6	6	6	6	6	6	6	6	6	6	6	7	7	7	7	7	7	7	7	7	7	7	7	7	7	7	7	7	7	8	8	8	8	8	8	8	8	8	8	8	8	8	8	8	8	8	8	8	8	8	9	9	9	9	9	9	9	9	9	9	9	9	9	9	9	9	9	9	9	9	10	10	10	10	10	10	10	10	10	10	10	10	10	10	10	10	10	10	10	10	11	11	11	11	11	11	11	11	11	11	11	11	11	11	12	12	12	12	12	12	12	12	12	12	12	12	12	12	12	12	12	12	12	12	12	12	12	13	13	13	13	13	13	13	13	13	13	13	13	13	13	13	13	13	13	13	13	13	13	13	14	14	14	14	14	14	14	14	14	14	14	14	14	14	14	14	14	14	14	14	14	14	14	14	15	15	15	15	15	15	15	15	15	15	15	15	15	16	16	16	16	16	16	16	16	16	16	16	16	16	16	16	16	16	16	16	16	17	17	17	17	17	17	17	17	17	17	17	17	17	17	17	17	18	18	18	18	18	18	18	18	18	18	18	18	18	18	18	18	18	18	19	19	19	19	19	19	19	19	19	19	19	19	19	19	19	19	19	19	19	19	19	19	19	19	19	20	20	20	20	20	20	20	20	20	20	20	20	20	20	20	20	20	20	20	
