200
30	7
103	17.6
31	31	31	26	28	30	29	31	31	27	28	29	30	27	26	31	31	31	31	29	30	28	27	31	30	31	28	30	29	31	31	28	30	28	27	30	28	28	26	30	27	29	30	27	26	30	27	31	27	26	26	28	28	27	31	26	31	29	26	29	26	31	27	27	31	30	28	31	26	26	31	28	30	31	26	29	28	27	28	27	27	30	31	30	27	28	31	27	26	26	26	26	30	31	28	27	31	29	27	28	30	31	31	30	30	29	29	27	30	27	31	31	28	31	26	31	28	30	28	27	29	26	31	29	31	29	26	28	28	31	27	31	28	26	30	30	27	29	30	27	30	27	26	27	29	28	28	26	31	30	26	31	31	26	31	31	29	31	26	27	27	31	26	28	30	27	31	31	31	30	30	28	30	27	26	27	27	26	29	31	27	29	26	27	28	29	28	29	26	29	31	26	31	30	26	31	31	27	29	30	
90	93	77	84	86	82	85	82	86	89	78	89	89	85	92	85	79	85	94	89	88	85	79	90	77	76	93	77	84	83	86	87	87	83	87	89	83	86	86	86	83	87	90	80	90	86	85	78	91	83	88	86	81	84	87	76	78	87	80	84	89	76	86	80	89	88	79	94	77	76	87	87	90	78	88	88	94	76	77	94	76	88	85	93	79	79	84	76	94	91	93	82	90	88	93	94	83	83	84	78	84	91	93	77	88	85	80	76	84	91	92	85	84	94	81	78	84	92	86	81	81	94	76	91	83	90	89	92	86	90	84	82	82	80	87	92	87	93	79	88	81	84	85	84	81	80	87	77	81	92	84	89	82	88	77	80	86	76	85	88	91	85	89	80	81	86	83	91	82	78	86	83	78	86	93	85	79	84	76	87	88	94	89	78	91	85	87	84	77	80	83	82	83	87	85	77	88	84	82	93	
14.3	11	18.7	13.2	19.8	28.6	25.3	31.9	22	17.6	28.6	20.9	26.4	19.8	24.2	24.2	28.6	26.4	13.2	22	20.9	11	29.7	15.4	22	26.4	11	13.2	33	14.3	19.8	23.1	25.3	33	17.6	29.7	15.4	12.1	31.9	14.3	27.5	13.2	31.9	19.8	30.8	20.9	28.6	26.4	31.9	18.7	22	24.2	25.3	12.1	11	26.4	11	28.6	17.6	31.9	26.4	23.1	30.8	11	22	29.7	13.2	25.3	26.4	11	18.7	17.6	30.8	14.3	15.4	29.7	30.8	11	23.1	17.6	24.2	17.6	23.1	27.5	16.5	30.8	15.4	19.8	27.5	27.5	25.3	12.1	31.9	12.1	18.7	16.5	13.2	27.5	17.6	31.9	30.8	13.2	16.5	12.1	24.2	33	30.8	15.4	15.4	24.2	26.4	23.1	31.9	17.6	29.7	30.8	26.4	19.8	31.9	13.2	22	20.9	15.4	17.6	31.9	20.9	16.5	24.2	26.4	24.2	24.2	19.8	14.3	26.4	12.1	25.3	19.8	15.4	33	13.2	22	19.8	30.8	16.5	14.3	22	29.7	17.6	11	16.5	25.3	27.5	33	23.1	20.9	16.5	15.4	29.7	26.4	11	30.8	28.6	20.9	14.3	23.1	16.5	20.9	12.1	24.2	29.7	30.8	11	29.7	17.6	26.4	12.1	33	29.7	15.4	17.6	12.1	26.4	22	30.8	31.9	11	14.3	22	19.8	29.7	11	20.9	33	20.9	24.2	24.2	17.6	28.6	33	28.6	
11	16.5	14.3	30.8	24.2	28.6	25.3	18.7	13.2	15.4	20.9	11	12.1	16.5	12.1	17.6	12.1	28.6	24.2	22	13.2	12.1	12.1	33	27.5	16.5	28.6	28.6	33	23.1	17.6	24.2	27.5	11	28.6	11	20.9	28.6	24.2	28.6	17.6	27.5	22	20.9	12.1	20.9	15.4	17.6	12.1	18.7	13.2	19.8	17.6	12.1	22	11	20.9	33	12.1	28.6	18.7	14.3	22	28.6	19.8	33	27.5	12.1	12.1	17.6	15.4	31.9	26.4	16.5	23.1	29.7	18.7	14.3	28.6	33	18.7	33	33	30.8	30.8	18.7	16.5	13.2	17.6	28.6	24.2	23.1	18.7	31.9	29.7	11	18.7	23.1	24.2	12.1	28.6	11	23.1	22	28.6	33	19.8	15.4	23.1	20.9	29.7	25.3	17.6	27.5	29.7	29.7	23.1	30.8	18.7	22	33	31.9	13.2	13.2	13.2	24.2	15.4	29.7	26.4	11	28.6	24.2	26.4	28.6	11	12.1	11	23.1	26.4	28.6	17.6	16.5	12.1	12.1	11	33	29.7	19.8	12.1	29.7	29.7	26.4	12.1	13.2	26.4	27.5	13.2	33	33	19.8	26.4	25.3	16.5	27.5	25.3	24.2	20.9	18.7	23.1	29.7	22	33	25.3	29.7	33	29.7	30.8	27.5	12.1	31.9	13.2	16.5	29.7	18.7	15.4	13.2	25.3	30.8	19.8	18.7	33	11	33	22	16.5	25.3	19.8	17.6	20.9	29.7	
19.8	26.4	18.7	11	24.2	29.7	12.1	30.8	18.7	12.1	18.7	27.5	28.6	29.7	14.3	16.5	19.8	31.9	17.6	31.9	30.8	27.5	14.3	18.7	22	16.5	24.2	28.6	22	12.1	
16	14	19	15	10	14	20	16	11	10	10	18	20	10	19	18	19	14	12	12	10	11	20	12	18	15	14	10	17	10	15	18	10	12	10	18	14	18	20	12	18	17	13	12	18	19	10	10	16	19	13	16	11	20	16	16	19	15	13	16	13	12	16	13	18	16	16	12	16	17	19	14	15	20	12	13	12	19	10	13	10	12	14	19	15	15	17	18	18	16	13	11	10	17	14	11	10	12	18	17	12	10	15	15	12	15	16	14	10	15	18	15	18	19	11	15	14	17	12	19	16	15	15	12	11	16	15	18	14	13	10	14	19	14	20	19	19	14	11	10	15	17	17	19	16	20	14	12	10	18	17	20	16	17	12	10	15	18	19	14	12	16	12	12	18	10	16	14	19	19	20	14	12	13	18	14	15	13	16	12	11	14	12	14	11	11	13	19	12	13	12	16	19	16	18	16	19	17	19	20	
1	1	1	1	1	1	1	2	2	2	2	2	2	3	3	3	3	4	4	4	4	4	4	4	5	5	5	5	5	5	5	5	6	6	6	7	7	7	7	7	7	7	8	8	8	8	8	9	9	9	9	9	9	9	9	9	9	9	9	9	10	10	10	10	10	10	10	10	10	11	11	11	11	11	12	12	12	12	12	12	13	13	13	14	14	14	14	14	14	14	15	15	15	15	15	15	16	16	16	16	16	17	17	17	17	17	17	18	18	19	19	19	20	20	20	20	20	20	21	21	21	21	21	21	21	21	21	21	21	21	21	21	21	22	22	22	22	22	22	22	22	22	23	23	23	23	23	24	24	24	24	24	24	24	24	25	25	25	25	25	25	25	25	26	26	26	26	26	26	26	26	27	27	27	27	27	27	27	27	27	28	29	29	29	29	29	29	29	29	29	29	29	29	30	30	30	30	30	30	30	
