100
10	2
159	25.3
29	27	28	26	26	31	29	27	27	26	31	30	30	31	27	28	27	31	31	26	31	28	30	28	28	26	28	29	26	26	31	30	27	27	26	31	31	29	30	28	27	28	27	26	29	27	28	31	30	30	27	26	28	31	27	29	27	29	27	29	28	30	31	27	26	27	29	29	30	29	30	27	27	29	31	31	28	31	29	29	28	31	26	30	26	27	31	31	31	29	27	28	30	31	27	27	27	29	26	26	
78	83	77	82	94	86	91	82	78	79	85	93	91	83	78	76	92	88	90	89	82	91	78	94	77	88	78	93	78	80	79	93	86	81	76	83	92	79	80	90	93	88	84	94	80	89	86	84	91	90	94	85	94	85	87	86	94	86	77	91	91	92	80	93	86	81	93	80	94	82	87	78	90	91	85	76	94	77	89	78	88	91	76	85	92	89	77	93	87	77	89	80	93	78	94	77	85	82	86	80	
14.3	13.2	12.1	25.3	27.5	29.7	24.2	22	18.7	22	27.5	27.5	19.8	15.4	28.6	28.6	14.3	14.3	12.1	13.2	17.6	20.9	33	12.1	12.1	18.7	19.8	12.1	13.2	31.9	33	25.3	13.2	25.3	11	12.1	11	11	20.9	22	14.3	14.3	28.6	26.4	25.3	19.8	17.6	18.7	25.3	16.5	17.6	18.7	30.8	15.4	17.6	11	23.1	30.8	16.5	25.3	18.7	25.3	33	18.7	11	24.2	14.3	22	29.7	11	20.9	31.9	17.6	17.6	16.5	18.7	18.7	33	18.7	11	30.8	20.9	25.3	14.3	17.6	25.3	22	29.7	17.6	13.2	19.8	24.2	29.7	29.7	28.6	29.7	15.4	29.7	33	11	
26.4	25.3	11	16.5	13.2	27.5	27.5	16.5	20.9	14.3	11	15.4	20.9	20.9	11	33	29.7	12.1	29.7	13.2	29.7	19.8	25.3	28.6	13.2	16.5	29.7	20.9	15.4	20.9	33	13.2	14.3	11	30.8	18.7	13.2	12.1	13.2	27.5	17.6	29.7	28.6	20.9	30.8	13.2	28.6	28.6	18.7	18.7	19.8	17.6	27.5	24.2	26.4	26.4	13.2	14.3	12.1	13.2	31.9	15.4	29.7	11	13.2	26.4	20.9	26.4	22	14.3	26.4	15.4	29.7	12.1	23.1	33	28.6	16.5	14.3	26.4	14.3	13.2	17.6	31.9	20.9	16.5	33	27.5	27.5	14.3	24.2	14.3	14.3	12.1	25.3	16.5	19.8	18.7	30.8	19.8	
27.5	19.8	12.1	12.1	27.5	27.5	15.4	19.8	12.1	15.4	
17	11	15	16	16	12	18	18	13	13	10	20	14	10	19	15	14	15	15	19	10	10	10	20	15	19	11	14	10	20	10	14	17	10	12	20	15	19	11	10	14	16	14	13	11	15	12	13	10	14	14	12	14	14	14	18	18	11	10	18	18	13	18	13	10	20	20	17	11	10	14	10	17	14	17	14	13	16	18	13	16	14	10	17	18	15	14	13	16	14	13	15	15	12	10	20	19	13	20	10	
1	1	1	1	1	1	1	1	1	1	1	1	2	2	2	2	2	2	2	2	2	2	2	2	2	3	3	3	3	3	3	3	3	3	3	3	3	4	4	4	4	4	4	5	5	5	5	5	5	5	5	5	6	6	6	6	6	6	6	6	6	7	7	7	7	7	7	7	7	7	8	8	8	8	8	8	8	8	8	8	8	9	9	9	9	9	9	9	9	9	9	9	9	10	10	10	10	10	10	10	
